0 0.811930
5 0.805656
10 0.800034
15 0.795102
20 0.790879
25 0.787364
30 0.784538
35 0.782359
40 0.780768
45 0.779688
50 0.779027
55 0.778677
60 0.778520
65 0.778428
70 0.778269
75 0.777903
80 0.777193
85 0.776004
90 0.774207
95 0.771679
100 0.768311
105 0.764005
110 0.758682
115 0.752278
120 0.744749
125 0.736072
130 0.726244
135 0.715285
140 0.703233
145 0.690152
150 0.676119
155 0.661234
160 0.645612
165 0.629380
170 0.612681
175 0.595663
180 0.578481
185 0.561295
190 0.544263
195 0.527541
200 0.511280
205 0.495618
210 0.480687
215 0.466601
220 0.453460
225 0.441343
230 0.430314
235 0.420413
240 0.411659
245 0.404053
250 0.397571
255 0.392171
260 0.387792
265 0.384354
270 0.381761
275 0.379906
280 0.378669
285 0.377921
290 0.377529
295 0.377357
300 0.377269
305 0.377132
310 0.376822
315 0.376221
320 0.375225
325 0.373742
330 0.371697
335 0.369033
340 0.365710
345 0.361710
350 0.357034
355 0.351703
360 0.345756
365 0.339253
370 0.332271
375 0.324901
380 0.317249
385 0.309432
390 0.301575
395 0.293811
400 0.286274
405 0.279098
410 0.272415
415 0.266351
420 0.261022
425 0.256536
430 0.252983
435 0.250439
440 0.248963
445 0.248593
450 0.249349
455 0.251228
460 0.254208
465 0.258245
470 0.263275
475 0.269215
480 0.275965
485 0.283410
490 0.291420
495 0.299857
500 0.308572
505 0.317412
510 0.326223
515 0.334851
520 0.343144
525 0.350961
530 0.358167
535 0.364642
540 0.370280
545 0.374991
550 0.378705
555 0.381371
560 0.382959
565 0.383462
570 0.382891
575 0.381281
580 0.378687
585 0.375182
590 0.370857
595 0.365819
600 0.360187
605 0.354090
610 0.347668
615 0.341064
620 0.334421
625 0.327883
630 0.321591
635 0.315678
640 0.310265
645 0.305463
650 0.301369
655 0.298062
660 0.295603
665 0.294035
670 0.293380
675 0.293640
680 0.294796
685 0.296811
690 0.299628
695 0.303173
700 0.307355
705 0.312072
710 0.317209
715 0.322643
720 0.328244
725 0.333882
730 0.339423
735 0.344740
740 0.349711
745 0.354220
750 0.358165
755 0.361459
760 0.364027
765 0.365814
770 0.366784
775 0.366921
780 0.366227
785 0.364728
790 0.362467
795 0.359509
800 0.355935
805 0.351844
810 0.347349
815 0.342575
820 0.337658
825 0.332740
830 0.327968
835 0.323489
840 0.319450
845 0.315991
850 0.313245
855 0.311335
860 0.310369
865 0.310443
870 0.311631
875 0.313991
880 0.317561
885 0.322354
890 0.328366
895 0.335568
900 0.343912
905 0.353330
910 0.363734
915 0.375020
920 0.387067
925 0.399744
930 0.412909
935 0.426412
940 0.440100
945 0.453819
950 0.467414
955 0.480739
960 0.493653
965 0.506028
970 0.517745
975 0.528705
980 0.538823
985 0.548033
990 0.556290
995 0.563568
1000 0.569863
1005 0.575191
1010 0.579588
1015 0.583108
1020 0.585825
1025 0.587825
1030 0.589210
1035 0.590094
1040 0.590597
1045 0.590845
1050 0.590970
1055 0.591098
1060 0.591358
1065 0.591868
1070 0.592739
1075 0.594072
1080 0.595951
1085 0.598447
1090 0.601612
1095 0.605480
1100 0.610065
1105 0.615361
1110 0.621342
1115 0.627962
1120 0.635156
1125 0.642842
1130 0.650922
1135 0.659283
1140 0.667802
1145 0.676345
1150 0.684774
1155 0.692945
1160 0.700716
1165 0.707946
1170 0.714499
1175 0.720251
1180 0.725085
1185 0.728899
1190 0.731609
1195 0.733147
1200 0.733463
1205 0.732531
1210 0.730343
1215 0.726914
1220 0.722281
1225 0.716499
1230 0.709645
1235 0.701815
1240 0.693119
1245 0.683683
1250 0.673644
1255 0.663148
1260 0.652349
1265 0.641402
1270 0.630464
1275 0.619689
1280 0.609224
1285 0.599207
1290 0.589767
1295 0.581018
1300 0.573056
1305 0.565962
1310 0.559797
1315 0.554601
1320 0.550393
1325 0.547171
1330 0.544913
1335 0.543577
1340 0.543100
1345 0.543404
1350 0.544394
1355 0.545961
1360 0.547987
1365 0.550345
1370 0.552901
1375 0.555522
1380 0.558071
1385 0.560419
1390 0.562441
1395 0.564022
1400 0.565058
1405 0.565461
1410 0.565157
1415 0.564090
1420 0.562223
1425 0.559540
1430 0.556043
1435 0.551756
1440 0.546720
1445 0.540998
1450 0.534668
1455 0.527824
1460 0.520574
1465 0.513038
1470 0.505343
1475 0.497623
1480 0.490016
1485 0.482657
1490 0.475681
1495 0.469216
1500 0.463381
1505 0.458284
1510 0.454018
1515 0.450663
1520 0.448277
1525 0.446903
1530 0.446560
1535 0.447249
1540 0.448949
1545 0.451616
1550 0.455190
1555 0.459588
1560 0.464714
1565 0.470451
1570 0.476673
1575 0.483241
1580 0.490010
1585 0.496826
1590 0.503537
1595 0.509988
1600 0.516032
1605 0.521525
1610 0.526336
1615 0.530343
1620 0.533442
1625 0.535544
1630 0.536579
1635 0.536497
1640 0.535269
1645 0.532886
1650 0.529363
1655 0.524735
1660 0.519055
1665 0.512399
1670 0.504857
1675 0.496537
1680 0.487558
1685 0.478052
1690 0.468156
1695 0.458014
1700 0.447772
1705 0.437574
1710 0.427560
1715 0.417864
1720 0.408609
1725 0.399907
1730 0.391854
1735 0.384532
1740 0.378003
1745 0.372309
1750 0.367475
1755 0.363504
1760 0.360379
1765 0.358063
1770 0.356502
1775 0.355622
1780 0.355335
1785 0.355542
1790 0.356127
1795 0.356972
1800 0.357949
1805 0.358928
1810 0.359781
1815 0.360381
1820 0.360608
1825 0.360351
1830 0.359511
1835 0.358002
1840 0.355754
1845 0.352715
1850 0.348852
1855 0.344152
1860 0.338622
1865 0.332289
1870 0.325203
1875 0.317431
1880 0.309058
1885 0.300187
1890 0.290936
1895 0.281433
1900 0.271819
1905 0.262240
1910 0.252846
1915 0.243791
1920 0.235224
1925 0.227291
1930 0.220128
1935 0.213864
1940 0.208610
1945 0.204466
1950 0.201512
1955 0.199810
1960 0.199400
1965 0.200303
1970 0.202516
1975 0.206017
1980 0.210760
1985 0.216682
1990 0.223697
1995 0.231707
2000 0.240595
2005 0.250233
2010 0.260481
2015 0.271195
2020 0.282224
2025 0.293416
2030 0.304621
2035 0.315695
2040 0.326501
2045 0.336910
2050 0.346810
2055 0.356101
2060 0.364701
2065 0.372547
2070 0.379594
2075 0.385818
2080 0.391217
2085 0.395808
2090 0.399627
2095 0.402731
2100 0.405191
2105 0.407097
2110 0.408550
2115 0.409663
2120 0.410556
2125 0.411357
2130 0.412194
2135 0.413196
2140 0.414488
2145 0.416188
2150 0.418406
2155 0.421241
2160 0.424777
2165 0.429081
2170 0.434205
2175 0.440180
2180 0.447017
2185 0.454710
2190 0.463228
2195 0.472523
2200 0.482529
2205 0.493160
2210 0.504314
2215 0.515876
2220 0.527721
2225 0.539710
2230 0.551702
2235 0.563550
2240 0.575108
2245 0.586233
2250 0.596784
2255 0.606634
2260 0.615661
2265 0.623763
2270 0.630849
2275 0.636847
2280 0.641707
2285 0.645396
2290 0.647903
2295 0.649241
2300 0.649441
2305 0.648557
2310 0.646661
2315 0.643845
2320 0.640217
2325 0.635899
2330 0.631025
2335 0.625738
2340 0.620187
2345 0.614527
2350 0.608910
2355 0.603487
2360 0.598403
2365 0.593793
2370 0.589784
2375 0.586486
2380 0.583994
2385 0.582386
2390 0.581720
2395 0.582035
2400 0.583348
2405 0.585654
2410 0.588930
2415 0.593132
2420 0.598196
2425 0.604040
2430 0.610570
2435 0.617676
2440 0.625236
2445 0.633123
2450 0.641202
2455 0.649338
2460 0.657395
2465 0.665242
2470 0.672751
2475 0.679809
2480 0.686310
2485 0.692165
2490 0.697298
2495 0.701655
2500 0.705197
2505 0.707906
2510 0.709786
2515 0.710857
2520 0.711163
2525 0.710763
2530 0.709735
2535 0.708174
2540 0.706187
2545 0.703891
2550 0.701414
2555 0.698888
2560 0.696451
2565 0.694238
2570 0.692381
2575 0.691008
2580 0.690236
2585 0.690174
2590 0.690912
2595 0.692528
2600 0.695081
2605 0.698610
2610 0.703134
2615 0.708651
2620 0.715139
2625 0.722554
2630 0.730832
2635 0.739889
2640 0.749624
2645 0.759923
2650 0.770654
2655 0.781677
2660 0.792844
2665 0.803999
2670 0.814987
2675 0.825652
2680 0.835842
2685 0.845412
2690 0.854226
2695 0.862161
2700 0.869110
2705 0.874980
2710 0.879698
2715 0.883212
2720 0.885489
2725 0.886518
2730 0.886309
2735 0.884894
2740 0.882324
2745 0.878671
2750 0.874022
2755 0.868482
2760 0.862166
2765 0.855203
2770 0.847729
2775 0.839882
2780 0.831806
2785 0.823643
2790 0.815529
2795 0.807595
2800 0.799962
2805 0.792738
2810 0.786019
2815 0.779881
2820 0.774386
2825 0.769574
2830 0.765466
2835 0.762065
2840 0.759350
2845 0.757284
2850 0.755810
2855 0.754854
2860 0.754327
2865 0.754126
2870 0.754137
2875 0.754240
2880 0.754306
2885 0.754206
2890 0.753809
2895 0.752991
2900 0.751631
2905 0.749617
2910 0.746852
2915 0.743250
2920 0.738743
2925 0.733278
2930 0.726824
2935 0.719370
2940 0.710924
2945 0.701515
2950 0.691195
2955 0.680033
2960 0.668116
2965 0.655551
2970 0.642456
2975 0.628964
2980 0.615217
2985 0.601366
2990 0.587565
2995 0.573968
3000 0.560730
3005 0.548000
3010 0.535919
3015 0.524616
3020 0.514211
3025 0.504806
3030 0.496484
3035 0.489312
3040 0.483336
3045 0.478578
3050 0.475043
3055 0.472712
3060 0.471544
3065 0.471479
3070 0.472438
3075 0.474326
3080 0.477031
3085 0.480430
3090 0.484388
3095 0.488764
3100 0.493413
3105 0.498188
3110 0.502943
3115 0.507538
3120 0.511840
3125 0.515727
3130 0.519089
3135 0.521830
3140 0.523874
3145 0.525160
3150 0.525649
3155 0.525320
3160 0.524175
3165 0.522234
3170 0.519537
3175 0.516145
3180 0.512132
3185 0.507591
3190 0.502627
3195 0.497354
3200 0.491898
3205 0.486387
3210 0.480953
3215 0.475727
3220 0.470837
3225 0.466402
3230 0.462537
3235 0.459339
3240 0.456896
3245 0.455278
3250 0.454536
3255 0.454704
3260 0.455795
3265 0.457802
3270 0.460698
3275 0.464436
3280 0.468948
3285 0.474151
3290 0.479945
3295 0.486214
3300 0.492833
3305 0.499666
3310 0.506571
3315 0.513402
3320 0.520013
3325 0.526261
3330 0.532007
3335 0.537121
3340 0.541486
3345 0.544996
3350 0.547562
3355 0.549114
3360 0.549598
3365 0.548984
3370 0.547262
3375 0.544442
3380 0.540559
3385 0.535664
3390 0.529831
3395 0.523153
3400 0.515736
3405 0.507704
3410 0.499191
3415 0.490341
3420 0.481304
3425 0.472233
3430 0.463283
3435 0.454605
3440 0.446344
3445 0.438638
3450 0.431612
3455 0.425379
3460 0.420034
3465 0.415657
3470 0.412306
3475 0.410022
3480 0.408822
3485 0.408704
3490 0.409647
3495 0.411605
3500 0.414518
3505 0.418306
3510 0.422876
3515 0.428118
3520 0.433914
3525 0.440137
3530 0.446656
3535 0.453336
3540 0.460043
3545 0.466647
3550 0.473025
3555 0.479062
3560 0.484656
3565 0.489719
3570 0.494179
3575 0.497981
3580 0.501089
3585 0.503487
3590 0.505180
3595 0.506191
3600 0.506564
3605 0.506361
3610 0.505661
3615 0.504560
3620 0.503166
3625 0.501599
3630 0.499987
3635 0.498464
3640 0.497168
3645 0.496234
3650 0.495797
3655 0.495984
3660 0.496914
3665 0.498694
3670 0.501417
3675 0.505159
3680 0.509979
3685 0.515917
3690 0.522992
3695 0.531200
3700 0.540519
3705 0.550903
3710 0.562288
3715 0.574589
3720 0.587705
3725 0.601517
3730 0.615893
3735 0.630692
3740 0.645763
3745 0.660948
3750 0.676089
3755 0.691028
3760 0.705610
3765 0.719687
3770 0.733120
3775 0.745784
3780 0.757566
3785 0.768372
3790 0.778124
3795 0.786767
3800 0.794262
3805 0.800596
3810 0.805774
3815 0.809824
3820 0.812792
3825 0.814746
3830 0.815768
3835 0.815957
3840 0.815426
3845 0.814297
3850 0.812700
3855 0.810771
3860 0.808647
3865 0.806464
3870 0.804355
3875 0.802445
3880 0.800849
3885 0.799671
3890 0.798999
3895 0.798908
3900 0.799451
3905 0.800665
3910 0.802566
3915 0.805150
3920 0.808393
3925 0.812251
3930 0.816664
3935 0.821552
3940 0.826821
3945 0.832364
3950 0.838062
3955 0.843791
3960 0.849417
3965 0.854806
3970 0.859826
3975 0.864345
3980 0.868240
3985 0.871397
3990 0.873712
3995 0.875097
4000 0.875479
4005 0.874806
4010 0.873040
4015 0.870169
4020 0.866197
4025 0.861153
4030 0.855083
4035 0.848056
4040 0.840157
4045 0.831489
4050 0.822170
4055 0.812331
4060 0.802114
4065 0.791665
4070 0.781139
4075 0.770690
4080 0.760470
4085 0.750628
4090 0.741304
4095 0.732628
4100 0.724719
4105 0.717676
4110 0.711586
4115 0.706514
4120 0.702505
4125 0.699583
4130 0.697753
4135 0.696994
4140 0.697268
4145 0.698515
4150 0.700657
4155 0.703598
4160 0.707228
4165 0.711424
4170 0.716053
4175 0.720973
4180 0.726041
4185 0.731110
4190 0.736036
4195 0.740680
4200 0.744909
4205 0.748601
4210 0.751648
4215 0.753956
4220 0.755448
4225 0.756065
4230 0.755768
4235 0.754538
4240 0.752376
4245 0.749304
4250 0.745363
4255 0.740612
4260 0.735129
4265 0.729006
4270 0.722348
4275 0.715271
4280 0.707899
4285 0.700363
4290 0.692793
4295 0.685321
4300 0.678075
4305 0.671175
4310 0.664735
4315 0.658853
4320 0.653616
4325 0.649094
4330 0.645338
4335 0.642382
4340 0.640239
4345 0.638901
4350 0.638342
4355 0.638512
4360 0.639345
4365 0.640758
4370 0.642648
4375 0.644901
4380 0.647391
4385 0.649980
4390 0.652528
4395 0.654887
4400 0.656912
4405 0.658458
4410 0.659387
4415 0.659568
4420 0.658884
4425 0.657229
4430 0.654514
4435 0.650667
4440 0.645637
4445 0.639392
4450 0.631923
4455 0.623241
4460 0.613379
4465 0.602390
4470 0.590350
4475 0.577349
4480 0.563497
4485 0.548918
4490 0.533746
4495 0.518127
4500 0.502212
4505 0.486156
4510 0.470115
4515 0.454241
4520 0.438682
4525 0.423578
4530 0.409056
4535 0.395230
4540 0.382199
4545 0.370044
4550 0.358829
4555 0.348594
4560 0.339361
4565 0.331132
4570 0.323886
4575 0.317585
4580 0.312169
4585 0.307565
4590 0.303680
4595 0.300411
4600 0.297644
4605 0.295256
4610 0.293120
4615 0.291105
4620 0.289082
4625 0.286927
4630 0.284521
4635 0.281755
4640 0.278531
4645 0.274766
4650 0.270393
4655 0.265363
4660 0.259646
4665 0.253230
4670 0.246126
4675 0.238363
4680 0.229989
4685 0.221074
4690 0.211701
4695 0.201971
4700 0.191999
4705 0.181909
4710 0.171835
4715 0.161918
4720 0.152298
4725 0.143119
4730 0.134519
4735 0.126632
4740 0.119580
4745 0.113477
4750 0.108419
4755 0.104489
4760 0.101750
4765 0.100246
4770 0.100000
4775 0.101015
4780 0.103270
4785 0.106726
4790 0.111322
4795 0.116976
4800 0.123591
4805 0.131052
4810 0.139231
4815 0.147989
4820 0.157178
4825 0.166644
4830 0.176230
4835 0.185782
4840 0.195147
4845 0.204178
4850 0.212740
4855 0.220708
4860 0.227972
4865 0.234438
4870 0.240031
4875 0.244695
4880 0.248394
4885 0.251113
4890 0.252861
4895 0.253664
4900 0.253569
4905 0.252644
4910 0.250971
4915 0.248650
4920 0.245791
4925 0.242517
4930 0.238957
4935 0.235247
4940 0.231523
4945 0.227920
4950 0.224569
4955 0.221594
4960 0.219110
4965 0.217218
4970 0.216006
4975 0.215546
4980 0.215891
4985 0.217074
4990 0.219112
4995 0.221997
5000 0.225704
5005 0.230189
5010 0.235387
5015 0.241217
5020 0.247585
5025 0.254380
5030 0.261483
5035 0.268765
5040 0.276093
5045 0.283331
5050 0.290343
5055 0.296997
5060 0.303168
5065 0.308739
5070 0.313606
5075 0.317678
5080 0.320882
5085 0.323162
5090 0.324480
5095 0.324822
5100 0.324192
5105 0.322616
5110 0.320139
5115 0.316829
5120 0.312769
5125 0.308062
5130 0.302826
5135 0.297188
5140 0.291291
5145 0.285280
5150 0.279309
5155 0.273531
5160 0.268097
5165 0.263156
5170 0.258847
5175 0.255300
5180 0.252631
5185 0.250943
5190 0.250318
5195 0.250823
5200 0.252502
5205 0.255379
5210 0.259457
5215 0.264716
5220 0.271117
5225 0.278601
5230 0.287087
5235 0.296480
5240 0.306669
5245 0.317531
5250 0.328931
5255 0.340730
5260 0.352780
5265 0.364936
5270 0.377052
5275 0.388988
5280 0.400611
5285 0.411798
5290 0.422440
5295 0.432440
5300 0.441722
5305 0.450224
5310 0.457907
5315 0.464749
5320 0.470750
5325 0.475931
5330 0.480329
5335 0.484004
5340 0.487029
5345 0.489495
5350 0.491504
5355 0.493170
5360 0.494615
5365 0.495966
5370 0.497350
5375 0.498897
5380 0.500731
5385 0.502970
5390 0.505723
5395 0.509085
5400 0.513139
5405 0.517952
5410 0.523571
5415 0.530026
5420 0.537324
5425 0.545456
5430 0.554388
5435 0.564069
5440 0.574427
5445 0.585374
5450 0.596803
5455 0.608595
5460 0.620618
5465 0.632732
5470 0.644789
5475 0.656639
5480 0.668129
5485 0.679110
5490 0.689440
5495 0.698983
5500 0.707615
5505 0.715226
5510 0.721722
5515 0.727027
5520 0.731083
5525 0.733855
5530 0.735327
5535 0.735506
5540 0.734421
5545 0.732120
5550 0.728673
5555 0.724167
5560 0.718707
5565 0.712411
5570 0.705412
5575 0.697849
5580 0.689870
5585 0.681627
5590 0.673270
5595 0.664950
5600 0.656811
5605 0.648987
5610 0.641604
5615 0.634773
5620 0.628591
5625 0.623135
5630 0.618465
5635 0.614622
5640 0.611625
5645 0.609472
5650 0.608143
5655 0.607596
5660 0.607771
5665 0.608593
5670 0.609969
5675 0.611795
5680 0.613955
5685 0.616328
5690 0.618784
5695 0.621193
5700 0.623428
5705 0.625363
5710 0.626879
5715 0.627869
5720 0.628235
5725 0.627896
5730 0.626786
5735 0.624856
5740 0.622077
5745 0.618441
5750 0.613959
5755 0.608662
5760 0.602600
5765 0.595844
5770 0.588481
5775 0.580613
5780 0.572357
5785 0.563840
5790 0.555200
5795 0.546577
5800 0.538116
5805 0.529964
5810 0.522260
5815 0.515142
5820 0.508735
5825 0.503154
5830 0.498501
5835 0.494858
5840 0.492294
5845 0.490854
5850 0.490565
5855 0.491431
5860 0.493437
5865 0.496543
5870 0.500693
5875 0.505807
5880 0.511790
5885 0.518531
5890 0.525904
5895 0.533772
5900 0.541989
5905 0.550405
5910 0.558864
5915 0.567214
5920 0.575305
5925 0.582991
5930 0.590140
5935 0.596628
5940 0.602348
5945 0.607206
5950 0.611129
5955 0.614063
5960 0.615973
5965 0.616848
5970 0.616694
5975 0.615541
5980 0.613436
5985 0.610449
5990 0.606662
5995 0.602176
6000 0.597103
6005 0.591566
6010 0.585695
6015 0.579626
6020 0.573496
6025 0.567441
6030 0.561592
6035 0.556073
6040 0.551001
6045 0.546477
6050 0.542590
6055 0.539411
6060 0.536993
6065 0.535373
6070 0.534564
6075 0.534561
6080 0.535339
6085 0.536855
6090 0.539043
6095 0.541825
6100 0.545105
6105 0.548775
6110 0.552715
6115 0.556798
6120 0.560891
6125 0.564859
6130 0.568567
6135 0.571884
6140 0.574686
6145 0.576858
6150 0.578296
6155 0.578912
6160 0.578633
6165 0.577406
6170 0.575194
6175 0.571984
6180 0.567782
6185 0.562616
6190 0.556535
6195 0.549606
6200 0.541917
6205 0.533573
6210 0.524691
6215 0.515406
6220 0.505859
6225 0.496201
6230 0.486586
6235 0.477172
6240 0.468112
6245 0.459559
6250 0.451654
6255 0.444531
6260 0.438310
6265 0.433095
6270 0.428973
6275 0.426014
6280 0.424266
6285 0.423757
6290 0.424492
6295 0.426456
6300 0.429613
6305 0.433906
6310 0.439261
6315 0.445584
6320 0.452769
6325 0.460695
6330 0.469233
6335 0.478244
6340 0.487587
6345 0.497118
6350 0.506696
6355 0.516183
6360 0.525449
6365 0.534376
6370 0.542856
6375 0.550796
6380 0.558122
6385 0.564777
6390 0.570721
6395 0.575937
6400 0.580427
6405 0.584213
6410 0.587335
6415 0.589855
6420 0.591848
6425 0.593405
6430 0.594632
6435 0.595642
6440 0.596559
6445 0.597509
6450 0.598624
6455 0.600031
6460 0.601856
6465 0.604216
6470 0.607219
6475 0.610963
6480 0.615529
6485 0.620983
6490 0.627372
6495 0.634724
6500 0.643047
6505 0.652328
6510 0.662533
6515 0.673609
6520 0.685483
6525 0.698063
6530 0.711242
6535 0.724898
6540 0.738897
6545 0.753095
6550 0.767342
6555 0.781485
6560 0.795368
6565 0.808839
6570 0.821752
6575 0.833968
6580 0.845360
6585 0.855814
6590 0.865233
6595 0.873535
6600 0.880661
6605 0.886569
6610 0.891242
6615 0.894682
6620 0.896912
6625 0.897978
6630 0.897946
6635 0.896898
6640 0.894934
6645 0.892170
6650 0.888732
6655 0.884758
6660 0.880389
6665 0.875774
6670 0.871061
6675 0.866393
6680 0.861912
6685 0.857749
6690 0.854025
6695 0.850848
6700 0.848310
6705 0.846485
6710 0.845430
6715 0.845181
6720 0.845754
6725 0.847146
6730 0.849331
6735 0.852265
6740 0.855886
6745 0.860115
6750 0.864856
6755 0.870003
6760 0.875437
6765 0.881034
6770 0.886664
6775 0.892194
6780 0.897493
6785 0.902435
6790 0.906899
6795 0.910775
6800 0.913965
6805 0.916386
6810 0.917970
6815 0.918667
6820 0.918448
6825 0.917302
6830 0.915240
6835 0.912291
6840 0.908507
6845 0.903956
6850 0.898724
6855 0.892914
6860 0.886641
6865 0.880033
6870 0.873226
6875 0.866361
6880 0.859583
6885 0.853036
6890 0.846862
6895 0.841197
6900 0.836166
6905 0.831884
6910 0.828452
6915 0.825954
6920 0.824456
6925 0.824005
6930 0.824627
6935 0.826325
6940 0.829085
6945 0.832866
6950 0.837611
6955 0.843242
6960 0.849662
6965 0.856758
6970 0.864406
6975 0.872467
6980 0.880796
6985 0.889240
6990 0.897644
6995 0.905854
7000 0.913719
7005 0.921095
7010 0.927845
7015 0.933847
7020 0.938989
7025 0.943180
7030 0.946344
7035 0.948425
7040 0.949388
7045 0.949219
7050 0.947923
7055 0.945529
7060 0.942082
7065 0.937648
7070 0.932311
7075 0.926168
7080 0.919330
7085 0.911917
7090 0.904058
7095 0.895886
7100 0.887537
7105 0.879145
7110 0.870839
7115 0.862741
7120 0.854964
7125 0.847610
7130 0.840763
7135 0.834494
7140 0.828855
7145 0.823879
7150 0.819577
7155 0.815945
7160 0.812953
7165 0.810557
7170 0.808691
7175 0.807275
7180 0.806210
7185 0.805387
7190 0.804686
7195 0.803978
7200 0.803129
7205 0.802003
7210 0.800464
7215 0.798382
7220 0.795630
7225 0.792094
7230 0.787670
7235 0.782270
7240 0.775819
7245 0.768266
7250 0.759574
7255 0.749731
7260 0.738744
7265 0.726641
7270 0.713472
7275 0.699306
7280 0.684232
7285 0.668356
7290 0.651799
7295 0.634695
7300 0.617189
7305 0.599435
7310 0.581588
7315 0.563809
7320 0.546255
7325 0.529079
7330 0.512430
7335 0.496441
7340 0.481238
7345 0.466927
7350 0.453602
7355 0.441334
7360 0.430176
7365 0.420159
7370 0.411295
7375 0.403573
7380 0.396960
7385 0.391405
7390 0.386839
7395 0.383173
7400 0.380305
7405 0.378120
7410 0.376494
7415 0.375294
7420 0.374384
7425 0.373625
7430 0.372881
7435 0.372020
7440 0.370919
7445 0.369463
7450 0.367550
7455 0.365095
7460 0.362027
7465 0.358294
7470 0.353864
7475 0.348724
7480 0.342881
7485 0.336362
7490 0.329215
7495 0.321504
7500 0.313310
7505 0.304730
7510 0.295874
7515 0.286860
7520 0.277817
7525 0.268877
7530 0.260174
7535 0.251841
7540 0.244007
7545 0.236795
7550 0.230317
7555 0.224673
7560 0.219949
7565 0.216214
7570 0.213519
7575 0.211896
7580 0.211355
7585 0.211887
7590 0.213461
7595 0.216026
7600 0.219511
7605 0.223829
7610 0.228873
7615 0.234523
7620 0.240649
7625 0.247107
7630 0.253751
7635 0.260427
7640 0.266982
7645 0.273266
7650 0.279134
7655 0.284447
7660 0.289079
7665 0.292918
7670 0.295867
7675 0.297845
7680 0.298794
7685 0.298673
7690 0.297463
7695 0.295169
7700 0.291813
7705 0.287442
7710 0.282121
7715 0.275933
7720 0.268979
7725 0.261373
7730 0.253242
7735 0.244724
7740 0.235960
7745 0.227099
7750 0.218287
7755 0.209671
7760 0.201389
7765 0.193574
7770 0.186346
7775 0.179813
7780 0.174068
7785 0.169184
7790 0.165218
7795 0.162207
7800 0.160166
7805 0.159093
7810 0.158961
7815 0.159728
7820 0.161330
7825 0.163690
7830 0.166712
7835 0.170291
7840 0.174307
7845 0.178638
7850 0.183153
7855 0.187721
7860 0.192211
7865 0.196498
7870 0.200462
7875 0.203993
7880 0.206995
7885 0.209385
7890 0.211096
7895 0.212080
7900 0.212307
7905 0.211770
7910 0.210478
7915 0.208464
7920 0.205778
7925 0.202491
7930 0.198691
7935 0.194480
7940 0.189975
7945 0.185306
7950 0.180608
7955 0.176025
7960 0.171702
7965 0.167785
7970 0.164417
7975 0.161732
7980 0.159859
7985 0.158913
7990 0.158995
7995 0.160190
8000 0.162565
8005 0.166167
8010 0.171022
8015 0.177135
8020 0.184488
8025 0.193045
8030 0.202746
8035 0.213513
8040 0.225250
8045 0.237843
8050 0.251165
8055 0.265080
8060 0.279439
8065 0.294089
8070 0.308874
8075 0.323640
8080 0.338232
8085 0.352504
8090 0.366320
8095 0.379553
8100 0.392091
8105 0.403839
8110 0.414720
8115 0.424674
8120 0.433663
8125 0.441670
8130 0.448698
8135 0.454770
8140 0.459931
8145 0.464242
8150 0.467781
8155 0.470643
8160 0.472934
8165 0.474771
8170 0.476277
8175 0.477582
8180 0.478816
8185 0.480108
8190 0.481582
8195 0.483357
8200 0.485539
8205 0.488225
8210 0.491494
8215 0.495411
8220 0.500023
8225 0.505357
8230 0.511420
8235 0.518200
8240 0.525663
8245 0.533759
8250 0.542415
8255 0.551546
8260 0.561048
8265 0.570807
8270 0.580695
8275 0.590578
8280 0.600317
8285 0.609769
8290 0.618795
8295 0.627257
8300 0.635024
8305 0.641976
8310 0.648003
8315 0.653012
8320 0.656925
8325 0.659682
8330 0.661246
8335 0.661596
8340 0.660736
8345 0.658690
8350 0.655502
8355 0.651238
8360 0.645983
8365 0.639838
8370 0.632921
8375 0.625362
8380 0.617302
8385 0.608892
8390 0.600284
8395 0.591636
8400 0.583102
8405 0.574833
8410 0.566972
8415 0.559655
8420 0.553001
8425 0.547118
8430 0.542094
8435 0.538002
8440 0.534891
8445 0.532792
8450 0.531714
8455 0.531646
8460 0.532555
8465 0.534389
8470 0.537075
8475 0.540527
8480 0.544642
8485 0.549305
8490 0.554390
8495 0.559765
8500 0.565294
8505 0.570839
8510 0.576263
8515 0.581436
8520 0.586233
8525 0.590541
8530 0.594259
8535 0.597301
8540 0.599598
8545 0.601099
8550 0.601771
8555 0.601604
8560 0.600605
8565 0.598802
8570 0.596243
8575 0.592994
8580 0.589137
8585 0.584769
8590 0.580001
8595 0.574954
8600 0.569755
8605 0.564538
8610 0.559437
8615 0.554588
8620 0.550119
8625 0.546154
8630 0.542806
8635 0.540175
8640 0.538349
8645 0.537397
8650 0.537369
8655 0.538299
8660 0.540197
8665 0.543055
8670 0.546840
8675 0.551504
8680 0.556975
8685 0.563166
8690 0.569969
8695 0.577267
8700 0.584926
8705 0.592806
8710 0.600757
8715 0.608627
8720 0.616263
8725 0.623513
8730 0.630232
8735 0.636282
8740 0.641536
8745 0.645882
8750 0.649221
8755 0.651473
8760 0.652579
8765 0.652497
8770 0.651210
8775 0.648719
8780 0.645048
8785 0.640243
8790 0.634368
8795 0.627506
8800 0.619758
8805 0.611238
8810 0.602072
8815 0.592398
8820 0.582358
8825 0.572099
8830 0.561769
8835 0.551513
8840 0.541471
8845 0.531776
8850 0.522548
8855 0.513896
8860 0.505912
8865 0.498672
8870 0.492233
8875 0.486632
8880 0.481887
8885 0.477994
8890 0.474931
8895 0.472655
8900 0.471106
8905 0.470206
8910 0.469862
8915 0.469971
8920 0.470417
8925 0.471077
8930 0.471825
8935 0.472531
8940 0.473068
8945 0.473313
8950 0.473149
8955 0.472470
8960 0.471183
8965 0.469207
8970 0.466480
8975 0.462958
8980 0.458615
8985 0.453445
8990 0.447465
8995 0.440709
9000 0.433234
9005 0.425113
9010 0.416438
9015 0.407318
9020 0.397873
9025 0.388237
9030 0.378552
9035 0.368964
9040 0.359625
9045 0.350684
9050 0.342289
9055 0.334581
9060 0.327692
9065 0.321743
9070 0.316838
9075 0.313069
9080 0.310507
9085 0.309203
9090 0.309189
9095 0.310474
9100 0.313046
9105 0.316872
9110 0.321897
9115 0.328048
9120 0.335232
9125 0.343341
9130 0.352252
9135 0.361831
9140 0.371935
9145 0.382415
9150 0.393118
9155 0.403893
9160 0.414589
9165 0.425064
9170 0.435183
9175 0.444824
9180 0.453878
9185 0.462252
9190 0.469869
9195 0.476675
9200 0.482634
9205 0.487728
9210 0.491964
9215 0.495367
9220 0.497981
9225 0.499870
9230 0.501114
9235 0.501807
9240 0.502056
9245 0.501979
9250 0.501700
9255 0.501348
9260 0.501054
9265 0.500946
9270 0.501148
9275 0.501778
9280 0.502942
9285 0.504736
9290 0.507239
9295 0.510514
9300 0.514607
9305 0.519542
9310 0.525327
9315 0.531948
9320 0.539368
9325 0.547536
9330 0.556378
9335 0.565805
9340 0.575713
9345 0.585983
9350 0.596488
9355 0.607090
9360 0.617648
9365 0.628017
9370 0.638055
9375 0.647621
9380 0.656582
9385 0.664816
9390 0.672210
9395 0.678668
9400 0.684111
9405 0.688476
9410 0.691721
9415 0.693826
9420 0.694791
9425 0.694636
9430 0.693406
9435 0.691162
9440 0.687988
9445 0.683981
9450 0.679259
9455 0.673949
9460 0.668190
9465 0.662130
9470 0.655921
9475 0.649717
9480 0.643671
9485 0.637933
9490 0.632645
9495 0.627939
9500 0.623934
9505 0.620736
9510 0.618433
9515 0.617095
9520 0.616771
9525 0.617491
9530 0.619262
9535 0.622073
9540 0.625889
9545 0.630657
9550 0.636306
9555 0.642747
9560 0.649876
9565 0.657578
9570 0.665727
9575 0.674191
9580 0.682831
9585 0.691511
9590 0.700093
9595 0.708445
9600 0.716444
9605 0.723976
9610 0.730939
9615 0.737247
9620 0.742831
9625 0.747638
9630 0.751637
9635 0.754816
9640 0.757182
9645 0.758762
9650 0.759605
9655 0.759774
9660 0.759352
9665 0.758436
9670 0.757135
9675 0.755569
9680 0.753865
9685 0.752156
9690 0.750575
9695 0.749255
9700 0.748326
9705 0.747908
9710 0.748114
9715 0.749042
9720 0.750779
9725 0.753390
9730 0.756928
9735 0.761420
9740 0.766877
9745 0.773286
9750 0.780616
9755 0.788814
9760 0.797805
9765 0.807501
9770 0.817791
9775 0.828554
9780 0.839655
9785 0.850950
9790 0.862286
9795 0.873508
9800 0.884459
9805 0.894986
9810 0.904938
9815 0.914175
9820 0.922566
9825 0.929995
9830 0.936360
9835 0.941578
9840 0.945584
9845 0.948335
9850 0.949807
9855 0.950000
9860 0.948934
9865 0.946649
9870 0.943207
9875 0.938686
9880 0.933184
9885 0.926811
9890 0.919689
9895 0.911952
9900 0.903739
9905 0.895193
9910 0.886458
9915 0.877677
9920 0.868985
9925 0.860512
9930 0.852375
9935 0.844679
9940 0.837515
9945 0.830954
9950 0.825051
9955 0.819840
9960 0.815338
9965 0.811537
9970 0.808413
9975 0.805921
9980 0.803999
9985 0.802567
9990 0.801532
9995 0.800787
10000 0.800217
10005 0.799696
10010 0.799099
10015 0.798294
10020 0.797154
10025 0.795556
10030 0.793382
10035 0.790527
10040 0.786897
10045 0.782413
10050 0.777012
10055 0.770652
10060 0.763307
10065 0.754973
10070 0.745668
10075 0.735428
