0 2911.791777
5 3004.942986
10 3094.904432
15 3178.397533
20 3252.423370
25 3314.386496
30 3362.200282
35 3394.369037
40 3410.043198
45 3409.045179
50 3391.864807
55 3359.624742
60 3314.017645
65 3257.218190
70 3191.774195
75 3120.482094
80 3046.252710
85 2971.973712
90 2900.375272
95 2833.905261
100 2774.619861
105 2724.094683
110 2683.360522
115 2652.866661
120 2632.473331
125 2621.473514
130 2618.642879
135 2622.315303
140 2630.480163
145 2640.896609
150 2651.219132
155 2659.128293
160 2662.460146
165 2659.328007
170 2648.230573
175 2628.141034
180 2598.572746
185 2559.618151
190 2511.958911
195 2456.846605
200 2396.054743
205 2331.804251
210 2266.665831
215 2203.443749
220 2145.046481
225 2094.350312
230 2054.062344
235 2026.589399
240 2013.919080
245 2017.518676
250 2038.256795
255 2076.351525
260 2131.347740
265 2202.124732
270 2286.934007
275 2383.465617
280 2488.940081
285 2600.221751
290 2713.948459
295 2826.671530
300 2934.999745
305 3035.740669
310 3126.032867
315 3203.462961
320 3266.162216
325 3312.878262
330 3343.018771
335 3356.665188
340 3354.556049
345 3338.040808
350 3309.006508
355 3269.780877
360 3223.016522
365 3171.561788
370 3118.324420
375 3066.134532
380 3017.613341
385 2975.053870
390 2940.319200
395 2914.763022
400 2899.176133
405 2893.761298
410 2898.137503
415 2911.373241
420 2932.047069
425 2958.332355
430 2988.101999
435 3019.047943
440 3048.809573
445 3075.104699
450 3095.856675
455 3109.311405
460 3114.138452
465 3109.511260
470 3095.162455
475 3071.411425
480 3039.162680
485 2999.874915
490 2955.502080
495 2908.409147
500 2861.266439
505 2816.927476
510 2778.296044
515 2748.188779
520 2729.199767
525 2723.573582
530 2733.092854
535 2758.985731
540 2801.857739
545 2861.651365
550 2937.635432
555 3028.424901
560 3132.030360
565 3245.935015
570 3367.195751
575 3492.563685
580 3618.618706
585 3741.911854
590 3859.109026
595 3967.129421
600 4063.272386
605 4145.326876
610 4211.658564
615 4261.270657
620 4293.835748
625 4309.697360
630 4309.841281
635 4295.838175
640 4269.760329
645 4234.076579
650 4191.530457
655 4145.007416
660 4097.397430
665 4051.459500
670 4009.694464
675 3974.232091
680 3946.737740
685 3928.342924
690 3919.602931
695 3920.483404
700 3930.376327
705 3948.144509
710 3972.192256
715 4000.558670
720 4031.028958
725 4061.258233
730 4088.901719
735 4111.744961
740 4127.827623
745 4135.554794
750 4133.790292
755 4121.927336
760 4099.933021
765 4068.364314
770 4028.354624
775 3981.571430
780 3930.146838
785 3876.584241
790 3823.645413
795 3774.223318
800 3731.206608
805 3697.342234
810 3675.102654
815 3666.563993
820 3673.300959
825 3696.303586
830 3735.919849
835 3791.826997
840 3863.033088
845 3947.908843
850 4044.248465
855 4149.356734
860 4260.158475
865 4373.325398
870 4485.414540
875 4593.011966
880 4692.875148
885 4782.067503
890 4858.078940
895 4918.926918
900 4963.233435
905 4990.274514
910 5000.000000
915 4993.022933
920 4970.579127
925 4934.459024
930 4886.915158
935 4830.549711
940 4768.187556
945 4702.740848
950 4637.071601
955 4573.858763
960 4515.476047
965 4463.886262
970 4420.557074
975 4386.402072
980 4361.749830
985 4346.342255
990 4339.362167
995 4339.488599
1000 4344.977008
1005 4353.760385
1010 4363.566251
1015 4372.043777
1020 4376.894756
1025 4376.002006
1030 4367.548868
1035 4350.123923
1040 4322.805742
1045 4285.223430
1050 4237.589909
1055 4180.706171
1060 4115.936127
1065 4045.153107
1070 3970.660398
1075 3895.089500
1080 3821.280816
1085 3752.152389
1090 3690.562859
1095 3639.175125
1100 3600.327195
1105 3575.916381
1110 3567.302384
1115 3575.233962
1120 3599.802755
1125 3640.426595
1130 3695.863234
1135 3764.254012
1140 3843.195583
1145 3929.836484
1150 4020.994200
1155 4113.287367
1160 4203.277097
1165 4287.610937
1170 4363.162878
1175 4427.162997
1180 4477.310816
1185 4511.867225
1190 4529.720803
1195 4530.425607
1200 4514.208814
1205 4481.948005
1210 4435.119333
1215 4375.719150
1220 4306.162904
1225 4229.166199
1230 4147.613695
1235 4064.422108
1240 3982.403808
1245 3904.137463
1250 3831.851818
1255 3767.328055
1260 3711.825273
1265 3666.032499
1270 3630.049383
1275 3603.396325
1280 3585.053394
1285 3573.525998
1290 3566.933991
1295 3563.119792
1300 3559.770145
1305 3554.545550
1310 3545.210974
1315 3529.761431
1320 3506.536241
1325 3474.316329
1330 3432.399734
1335 3380.651550
1340 3319.525724
1345 3250.057512
1350 3173.826786
1355 3092.893778
1360 3009.710208
1365 2927.009883
1370 2847.683899
1375 2774.646293
1380 2710.696499
1385 2658.385118
1390 2619.889392
1395 2596.904332
1400 2590.554728
1405 2601.332318
1410 2629.061205
1415 2672.893293
1420 2731.334138
1425 2802.298133
1430 2883.190628
1435 2971.013279
1440 3062.487855
1445 3154.192843
1450 3242.706620
1455 3324.750615
1460 3397.325926
1465 3457.837117
1470 3504.197575
1475 3534.911622
1480 3549.129711
1485 3546.674268
1490 3528.035135
1495 3494.334987
1500 3447.266499
1505 3389.004358
1510 3322.096397
1515 3249.339063
1520 3173.643196
1525 3097.896477
1530 3024.829092
1535 2956.888929
1540 2896.132181
1545 2844.134476
1550 2801.926620
1555 2769.957914
1560 2748.088601
1565 2735.611677
1570 2731.302828
1575 2733.495942
1580 2740.180414
1585 2749.115404
1590 2757.955422
1595 2764.381040
1600 2766.228328
1605 2761.610616
1610 2749.026615
1615 2727.449531
1620 2696.392732
1625 2655.948677
1630 2606.799041
1635 2550.195418
1640 2487.911332
1645 2422.167723
1650 2355.535309
1655 2290.818370
1660 2230.925395
1665 2178.732686
1670 2136.947358
1675 2107.976248
1680 2093.806973
1685 2095.906838
1690 2115.144463
1695 2151.737954
1700 2205.232197
1705 2274.506499
1710 2357.812381
1715 2452.839909
1720 2556.809618
1725 2666.585874
1730 2778.806523
1735 2890.022904
1740 2996.843815
1745 3096.076834
1750 3184.860540
1755 3260.781572
1760 3321.971208
1765 3367.177092
1770 3395.806911
1775 3407.942127
1780 3404.321288
1785 3386.293863
1790 3355.746911
1795 3315.008174
1800 3266.730274
1805 3213.761570
1810 3159.009822
1815 3105.305159
1820 3055.268813
1825 3011.193820
1830 2974.943278
1835 2947.870891
1840 2930.767472
1845 2923.835800
1850 2926.694875
1855 2938.413207
1860 2957.569366
1865 2982.336734
1870 3010.588227
1875 3040.015803
1880 3068.258860
1885 3093.035225
1890 3112.268265
1895 3124.203900
1900 3127.511708
1905 3121.365146
1910 3105.496856
1915 3080.226241
1920 3046.457826
1925 3005.650319
1930 2959.757687
1935 2911.144914
1940 2862.482341
1945 2816.623501
1950 2776.472194
1955 2744.845072
1960 2724.336235
1965 2717.190274
1970 2725.189831
1975 2749.563070
1980 2790.915531
1985 2849.189716
1990 2923.654464
1995 3012.924750
2000 3115.011176
2005 3227.396962
2010 3347.139011
2015 3470.988453
2020 3595.525190
2025 3717.300279
2030 3832.979631
2035 3939.482461
2040 4034.108128
2045 4114.645604
2050 4179.460576
2055 4227.556265
2060 4258.605280
2065 4272.951159
2070 4271.579703
2075 4256.061591
2080 4228.469127
2085 4191.271159
2090 4147.211235
2095 4099.174823
2100 4050.051910
2105 4002.601514
2110 3959.324486
2115 3922.350611
2120 3893.345262
2125 3873.439965
2130 3863.190026
2135 3862.561100
2140 3870.945187
2145 3887.205111
2150 3909.745191
2155 3936.604545
2160 3965.568394
2165 3994.291866
2170 4020.430200
2175 4041.768954
2180 4056.347808
2185 4062.571866
2190 4059.304960
2195 4045.940322
2200 4022.445064
2205 3989.376167
2210 3947.867054
2215 3899.585219
2220 3846.662782
2225 3791.603152
2230 3737.168116
2235 3686.250652
2240 3641.739428
2245 3606.381409
2250 3582.649068
2255 3572.618544
2260 3577.864559
2265 3599.377162
2270 3637.504344
2275 3691.923365
2280 3761.642301
2285 3845.031885
2290 3939.886335
2295 4043.510447
2300 4152.829058
2305 4264.513894
2310 4375.122006
2315 4481.239473
2320 4579.623781
2325 4667.338364
2330 4741.873142
2335 4801.245590
2340 4844.077720
2345 4869.645569
2350 4877.898998
2355 4869.451060
2360 4845.537583
2365 4807.949023
2370 4758.937929
2375 4701.106497
2380 4637.279615
2385 4570.369451
2390 4503.238035
2395 4438.564327
2400 4378.722054
2405 4325.674042
2410 4280.887969
2415 4245.277440
2420 4219.171040
2425 4202.310692
2430 4193.879231
2435 4192.555703
2440 4196.595579
2445 4203.931864
2450 4212.292094
2455 4219.325453
2460 4222.733749
2465 4220.399814
2470 4210.507000
2475 4191.643906
2480 4162.889116
2485 4123.871747
2490 4074.804737
2495 4016.489092
2500 3950.288736
2505 3878.077012
2510 3802.157222
2515 3725.160880
2520 3649.928402
2525 3579.377847
2530 3516.367866
2535 3463.561373
2540 3423.296391
2545 3397.470243
2550 3387.442646
2555 3393.962371
2560 3417.121073
2565 3456.336596
2570 3510.366705
2575 3577.352756
2580 3654.891414
2585 3740.131233
2590 3829.889709
2595 3920.785492
2600 4009.379708
2605 4092.319917
2610 4166.480124
2615 4229.090420
2620 4277.850341
2625 4311.020788
2630 4327.490355
2635 4326.813113
2640 4309.216251
2645 4275.577365
2650 4227.372621
2655 4166.598383
2660 4095.670114
2665 4017.303429
2670 3934.383004
2675 3849.825568
2680 3766.443503
2685 3686.815490
2690 3613.170289
2695 3547.289093
2700 3490.431016
2705 3443.285099
2710 3405.951002
2715 3377.949140
2720 3358.259595
2725 3345.387787
2730 3337.453586
2735 3332.299421
2740 3327.612050
2745 3321.051986
2750 3310.384209
2755 3293.603747
2760 3269.049931
2765 3235.503700
2770 3192.263106
2775 3139.193255
2780 3076.748108
2785 3005.962933
2790 2928.417615
2795 2846.172399
2800 2761.679017
2805 2677.671290
2810 2597.040325
2815 2522.700174
2820 2457.450281
2825 2403.841262
2830 2364.050370
2835 2339.772629
2840 2332.132841
2845 2341.622759
2850 2368.066495
2855 2410.615968
2860 2467.776746
2865 2537.463233
2870 2617.080793
2875 2703.631094
2880 2793.835917
2885 2884.273762
2890 2971.523017
2895 3052.305125
2900 3123.621195
2905 3182.875804
2910 3227.982351
2915 3257.445170
2920 3270.414725
2925 3266.713457
2930 3246.831218
2935 3211.890695
2940 3163.584575
2945 3104.087559
2950 3035.947489
2955 2961.960827
2960 2885.038422
2965 2808.067969
2970 2733.779666
2975 2664.621411
2980 2602.649411
2985 2549.439304
2990 2506.021909
2995 2472.846538
3000 2449.773446
3005 2436.095641
3010 2430.588820
3015 2431.586883
3020 2437.079237
3025 2444.825053
3030 2452.478852
3035 2457.721220
3040 2458.388235
3045 2452.593241
3050 2438.834960
3055 2416.086608
3060 2383.861567
3065 2342.252304
3070 2291.940509
3075 2234.177784
3080 2170.737666
3085 2103.841106
3090 2036.058833
3095 1970.195138
3100 1909.158522
3105 1855.825297
3110 1812.902590
3115 1782.797248
3120 1767.496901
3125 1768.468862
3130 1786.581765
3135 1822.053724
3140 1874.429638
3145 1942.588825
3150 2024.782815
3155 2118.701687
3160 2221.565985
3165 2330.240086
3170 2441.361848
3175 2551.482619
3180 2657.211209
3185 2755.355206
3190 2843.053200
3195 2917.891839
3200 2978.002413
3205 3022.132577
3210 3049.690028
3215 3060.756236
3220 3056.069763
3225 3036.980087
3230 3005.374276
3235 2963.580084
3240 2914.250142
3245 2860.232820
3250 2804.435888
3255 2749.689485
3260 2698.614854
3265 2653.505041
3270 2616.223152
3275 2588.122903
3280 2569.995117
3285 2562.042581
3290 2563.884308
3295 2574.588815
3300 2592.734683
3305 2616.495304
3310 2643.743604
3315 2672.171550
3320 2699.418550
3325 2723.202441
3330 2741.446600
3335 2752.396955
3340 2754.723095
3345 2747.598486
3350 2730.755780
3355 2704.514388
3360 2669.778846
3365 2628.007871
3370 2581.155439
3375 2531.586545
3380 2481.971537
3385 2435.163957
3390 2394.067616
3395 2361.499176
3400 2340.052743
3405 2331.972919
3410 2339.042355
3415 2362.489223
3420 2402.919074
3425 2460.274418
3430 2533.824102
3435 2622.183111
3440 2723.362055
3445 2834.844164
3450 2953.686349
3455 3076.639748
3460 3200.284274
3465 3321.170990
3470 3435.965818
3475 3541.587978
3480 3635.336842
3485 3715.001388
3490 3778.947312
3495 3826.177844
3500 3856.365600
3505 3869.854127
3510 3867.629235
3515 3851.261611
3520 3822.823567
3525 3784.783959
3530 3739.886343
3535 3691.016196
3540 3641.063513
3545 3592.787320
3550 3548.688475
3555 3510.896771
3560 3481.077591
3565 3460.362468
3570 3449.306714
3575 3447.875994
3580 3455.462315
3585 3470.928509
3590 3492.678903
3595 3518.752621
3600 3546.934894
3605 3574.880855
3610 3600.245753
3615 3620.815152
3620 3634.628741
3625 3640.091629
3630 3636.067657
3635 3621.950065
3640 3597.705971
3645 3563.892364
3650 3521.642673
3655 3472.624401
3660 3418.969674
3665 3363.181908
3670 3308.022898
3675 3256.385629
3680 3211.158776
3685 3175.089309
3690 3150.649710
3695 3139.916124
3700 3144.463281
3705 3165.281235
3710 3202.717984
3715 3256.450797
3720 3325.487753
3725 3408.199595
3730 3502.380546
3735 3605.335408
3740 3713.989027
3745 3825.013132
3750 3934.964783
3755 4040.430064
3760 4138.166468
3765 4225.237434
3770 4299.132892
3775 4357.870318
3780 4400.071735
3785 4425.013182
3790 4432.644529
3795 4423.578833
3800 4399.051930
3805 4360.854280
3810 4311.238440
3815 4252.806611
3820 4188.383686
3825 4120.881839
3830 4053.163106
3835 3987.906453
3840 3927.485613
3845 3873.863417
3850 3828.507548
3855 3792.331618
3860 3765.664216
3865 3748.247272
3870 3739.263625
3875 3737.392327
3880 3740.888855
3885 3747.686217
3890 3755.511957
3895 3762.015263
3900 3764.897948
3905 3762.042848
3910 3751.633323
3915 3732.257974
3920 3702.995391
3925 3663.474698
3930 3613.908835
3935 3555.098813
3940 3488.408563
3945 3415.711431
3950 3339.310725
3955 3261.837962
3960 3186.133565
3965 3115.115594
3970 3051.642708
3975 2998.377824
3980 2957.658969
3985 2931.383472
3990 2920.911052
3995 2926.990487
4000 2949.713434
4005 2988.497742
4010 3042.101181
4015 3108.665111
4020 3185.786200
4025 3270.613006
4030 3359.963031
4035 3450.454927
4040 3538.649824
4045 3621.195288
4050 3694.965325
4055 3757.190032
4060 3805.568947
4065 3838.362976
4070 3854.460716
4075 3853.416242
4080 3835.456746
4085 3801.459828
4090 3752.901657
4095 3691.778602
4100 3620.506127
4105 3541.799853
4110 3458.544456
4115 3373.656671
4120 3289.948882
4125 3209.999774
4130 3136.038109
4135 3069.845084
4140 3012.679816
4145 2965.231347
4150 2927.599344
4155 2899.304221
4160 2879.326065
4165 2866.170298
4170 2857.956792
4175 2852.527981
4180 2847.570624
4185 2840.745236
4190 2829.816801
4195 2812.780349
4200 2787.975213
4205 2754.182336
4210 2710.699771
4215 2657.392627
4220 2594.714866
4225 2523.701760
4230 2445.933195
4235 2363.469419
4240 2278.762166
4245 2194.545258
4250 2113.709806
4255 2039.169862
4260 1973.724873
4265 1919.925456
4270 1879.948868
4275 1855.490133
4280 1847.674055
4285 1856.992388
4290 1883.269247
4295 1925.656553
4300 1982.659873
4305 2052.193615
4310 2131.663144
4315 2218.070129
4320 2308.136353
4325 2398.440316
4330 2485.560408
4335 2566.218074
4340 2637.414423
4345 2696.554035
4350 2741.550308
4355 2770.907578
4360 2783.776311
4365 2779.978946
4370 2760.005339
4375 2724.978178
4380 2676.590148
4385 2617.015953
4390 2548.803436
4395 2474.749058
4400 2397.763669
4405 2320.734967
4410 2246.393147
4415 2177.186110
4420 2115.170063
4425 2061.920643
4430 2018.468672
4435 1985.263459
4440 1962.165263
4445 1948.467090
4450 1942.944637
4455 1943.931805
4460 1949.418001
4465 1957.162396
4470 1964.819511
4475 1970.069932
4480 1970.749736
4485 1964.972268
4490 1951.236251
4495 1928.514898
4500 1896.321592
4505 1854.748800
4510 1804.478211
4515 1746.761427
4520 1683.371985
4525 1616.530835
4530 1548.808706
4535 1483.009887
4540 1422.042880
4545 1368.783995
4550 1325.940359
4555 1295.918819
4560 1280.707002
4565 1281.772223
4570 1299.983112
4575 1335.557785
4580 1388.041138
4585 1456.312488
4590 1538.623365
4595 1632.663846
4600 1735.654474
4605 1844.459626
4610 1955.717157
4615 2065.978415
4620 2171.852206
4625 2270.146121
4630 2357.998744
4635 2432.996725
4640 2493.271351
4645 2537.570275
4650 2565.301193
4655 2576.545573
4660 2572.041976
4665 2553.139876
4670 2521.726343
4675 2480.129125
4680 2431.000855
4685 2377.189897
4690 2321.604023
4695 2267.073367
4700 2216.219171
4705 2171.334478
4710 2134.282394
4715 2106.416631
4720 2088.528009
4725 2080.819315
4730 2082.909557
4735 2093.867252
4740 2112.270978
4745 2136.294123
4750 2163.809613
4755 2192.509409
4760 2220.032920
4765 2244.097976
4770 2262.627956
4775 2273.868782
4780 2276.490042
4785 2269.665198
4790 2253.126899
4795 2227.194554
4800 2192.772695
4805 2151.320038
4810 2104.790553
4815 2055.549232
4820 2006.266423
4825 1959.795662
4830 1919.040758
4835 1886.818368
4840 1865.722597
4845 1857.998042
4850 1865.427351
4855 1889.238693
4860 1930.037614
4865 1987.766622
4870 2061.694559
4875 2150.436408
4880 2252.002775
4885 2363.876884
4890 2483.115644
4895 2606.470190
4900 2730.520429
4905 2851.817421
4910 2967.027084
4915 3073.068635
4920 3167.241440
4925 3247.334475
4930 3311.713430
4935 3359.381531
4940 3390.011391
4945 3403.946552
4950 3402.172820
4955 3386.260876
4960 3358.283029
4965 3320.708131
4970 3276.279733
4975 3227.883307
4980 3178.408844
4985 3130.615364
4990 3087.003722
4995 3049.703706
5000 3020.380693
5005 3000.166212
5010 2989.615571
5015 2988.694429
5020 2996.794788
5025 3012.779475
5030 3035.052812
5035 3061.653919
5040 3090.368020
5045 3118.850246
5050 3144.755837
5055 3165.870354
5060 3180.233479
5065 3186.250318
5070 3182.784705
5075 3169.229876
5080 3145.552941
5085 3112.310886
5090 3070.637133
5095 3022.199180
5100 2969.129148
5105 2913.930445
5110 2859.364863
5115 2808.325379
5120 2763.700664
5125 2728.237682
5130 2704.408908
5135 2694.290481
5140 2699.457126
5145 2720.898890
5150 2758.963767
5155 2813.329017
5160 2883.002715
5165 2966.355598
5170 3061.181880
5175 3164.786360
5180 3274.093875
5185 3385.776150
5190 3496.390237
5195 3602.522215
5200 3700.929569
5205 3788.675733
5210 3863.250628
5215 3922.671726
5220 3965.561041
5225 3991.194609
5230 3999.522289
5235 3991.157134
5240 3967.334972
5245 3929.846257
5250 3880.943538
5255 3823.229010
5260 3759.527558
5265 3692.751351
5270 3625.762416
5275 3561.239713
5280 3501.556967
5285 3448.677002
5290 3404.067495
5295 3368.642048
5300 3342.729247
5305 3326.071010
5310 3317.850172
5315 3316.745777
5320 3321.013293
5325 3328.585722
5330 3337.190599
5335 3344.477106
5340 3348.147048
5345 3346.083253
5350 3336.469073
5355 3317.893103
5360 3289.433923
5365 3250.720650
5370 3201.966217
5375 3143.971626
5380 3078.100800
5385 3006.227079
5390 2930.653760
5395 2854.012354
5400 2779.143275
5405 2708.964577
5410 2646.334908
5415 2593.917177
5420 2554.049405
5425 2528.628911
5430 2519.015408
5435 2525.957661
5440 2549.547323
5445 2589.202233
5450 2643.680153
5455 2711.122432
5460 2789.125734
5465 2874.838605
5470 2965.078539
5475 3056.464180
5480 3145.556649
5485 3229.003504
5490 3303.678741
5495 3366.812448
5500 3416.104156
5505 3449.814762
5510 3466.832851
5515 3466.712493
5520 3449.680869
5525 3416.615569
5530 3368.992756
5535 3308.808786
5540 3238.479117
5545 3160.719360
5550 3078.414183
5555 2994.480308
5560 2911.730114
5565 2832.742274
5570 2759.745541
5575 2694.521105
5580 2638.328070
5585 2591.855471
5590 2555.202964
5595 2527.890955
5600 2508.899520
5605 2496.734073
5610 2489.514476
5615 2485.083151
5620 2481.126851
5625 2475.306079
5630 2465.385810
5635 2449.361063
5640 2425.571163
5645 2392.797041
5650 2350.336742
5655 2298.055365
5660 2236.406861
5665 2166.426493
5670 2089.694135
5675 2008.270028
5680 1924.605893
5685 1841.435544
5690 1761.650080
5695 1688.163544
5700 1623.775373
5705 1571.036174
5710 1532.123192
5715 1508.731441
5720 1501.985716
5725 1512.377759
5730 1539.731677
5735 1583.199378
5740 1641.286420
5745 1711.907200
5750 1792.467071
5755 1879.967694
5760 1971.130840
5765 2062.534998
5770 2150.758549
5775 2232.522925
5780 2304.829227
5785 2365.082021
5790 2411.194696
5795 2441.671577
5800 2455.663119
5805 2452.991751
5810 2434.147316
5815 2400.252492
5820 2352.999955
5825 2294.564395
5830 2227.493645
5835 2154.584155
5840 2078.746765
5845 2002.869160
5850 1929.681525
5855 1861.631749
5860 1800.776028
5865 1748.689988
5870 1706.404440
5875 1674.368682
5880 1652.442959
5885 1639.920268
5890 1635.576295
5895 1637.744928
5900 1644.415563
5905 1653.347361
5910 1662.194829
5915 1668.638542
5920 1670.514567
5925 1665.936236
5930 1653.402260
5935 1631.885842
5940 1600.900352
5945 1560.538246
5950 1511.481200
5955 1454.980806
5960 1392.810588
5965 1327.191484
5970 1260.694211
5975 1196.123048
5980 1136.386482
5985 1084.360815
5990 1042.753158
5995 1013.970348
6000 1000.000000
6005 1002.309416
6010 1021.767216
6015 1058.591501
6020 1112.327157
6025 1181.853488
6030 1265.422012
6035 1360.722794
6040 1464.976365
6045 1575.047088
6050 1687.572807
6055 1799.104859
6060 1906.252036
6065 2005.821916
6070 2094.953072
6075 2171.232141
6080 2232.790398
6085 2278.375483
6090 2307.395079
6095 2319.930644
6100 2316.720722
6105 2299.114779
6110 2268.999870
6115 2228.703731
6120 2180.878982
6125 2128.373975
6130 2074.096468
6135 2020.876584
6140 1971.335551
6145 1927.766400
6150 1892.032224
6155 1865.486722
6160 1848.920701
6165 1842.536936
6170 1845.954421
6175 1858.241661
6180 1877.977220
6185 1903.334476
6190 1932.186337
6195 1962.224756
6200 1991.089125
6205 2016.497265
6210 2036.372539
6215 2048.960857
6220 2052.931792
6225 2047.458796
6230 2032.274504
6235 2007.698310
6240 1974.634735
6245 1934.542479
6250 1889.375502
6255 1841.498783
6260 1793.582653
6265 1748.480638
6270 1709.096532
6275 1678.246980
6280 1658.526072
6285 1652.178393
6290 1660.986577
6295 1686.178781
6300 1728.360536
6305 1787.474337
6310 1862.789012
6315 1952.919531
6320 2055.876486
6325 2169.143090
6330 2289.776235
6335 2414.527045
6340 2539.975411
6345 2662.672383
6350 2779.283862
6355 2886.729053
6360 2982.307308
6365 3063.807589
6370 3129.595572
6375 3178.674472
6380 3210.716885
6385 3226.066341
6390 3225.708631
6395 3211.214424
6400 3184.656014
6405 3148.502240
6410 3105.496638
6415 3058.524667
6420 3010.476304
6425 2964.110556
6430 2921.928263
6435 2886.059199
6440 2858.168728
6445 2839.388365
6450 2830.273403
6455 2830.789488
6460 2840.328608
6465 2857.753576
6470 2881.468700
6475 2909.513085
6480 2939.671943
6485 2969.600388
6490 2996.953649
6495 3019.517272
6500 3035.330924
6505 3042.799697
6510 3040.787413
6515 3028.687291
6520 3006.466429
6525 2974.681796
6530 2934.466805
6535 2887.488935
6540 2835.880294
6545 2782.144277
6550 2729.042661
6555 2679.468409
6560 2636.310178
6565 2602.314916
6570 2579.955087
6575 2571.306813
6580 2577.944806
6585 2600.859098
6590 2640.397669
6595 2696.237765
6600 2767.387446
6605 2852.217435
6610 2948.521932
6615 3053.605721
6620 3164.393625
6625 3277.557355
6630 3389.653948
6635 3497.269468
6640 3597.161387
6645 3686.393124
6650 3762.454585
6655 3823.363229
6660 3867.741055
6665 3894.864083
6670 3904.682159
6675 3897.808322
6680 3875.478383
6685 3839.482785
6690 3792.074060
6695 3735.854389
6700 3673.648644
6705 3608.368977
6710 3542.877402
6715 3479.852863
6720 3421.669073
6725 3370.288840
6730 3327.179826
6735 3293.255619
6740 3268.844790
6745 3253.689243
6750 3246.971798
6755 3247.371484
6760 3253.143755
6765 3262.221599
6770 3272.332536
6775 3281.125731
6780 3286.302978
6785 3285.747088
6790 3277.641400
6795 3260.574492
6800 3233.624932
6805 3196.421820
6810 3149.178076
6815 3092.694687
6820 3028.335562
6825 2957.974023
6830 2883.913357
6835 2808.785057
6840 2735.429523
6845 2666.764795
6850 2605.649505
6855 2554.746550
6860 2516.393933
6865 2492.488961
6870 2484.391330
6875 2492.849792
6880 2517.955984
6885 2559.127731
6890 2615.122780
6895 2684.082467
6900 2763.603437
6905 2850.834226
6910 2942.592310
6915 3035.496320
6920 3126.107362
6925 3211.072978
6930 3287.267151
6935 3351.919953
6940 3402.730901
6945 3437.960875
6950 3456.498450
6955 3457.897676
6960 3442.385723
6965 3410.840165
6970 3364.737149
6975 3306.073019
6980 3237.263216
6985 3161.023336
6990 3080.238033
6995 2997.824015
7000 2916.593645
7005 2839.125582
7010 2767.648564
7015 2703.943766
7020 2649.270278
7025 2604.317119
7030 2569.183932
7035 2543.391107
7040 2525.918705
7045 2515.272125
7050 2509.571216
7055 2506.658384
7060 2504.220367
7065 2499.917654
7070 2491.515204
7075 2477.008023
7080 2454.735421
7085 2423.478313
7090 2382.534731
7095 2331.769757
7100 2271.637329
7105 2203.172695
7110 2127.955714
7115 2048.046611
7120 1965.897095
7125 1884.240964
7130 1805.969302
7135 1733.996137
7140 1671.120893
7145 1619.894160
7150 1582.493169
7155 1560.612921
7160 1555.378194
7165 1567.280718
7170 1596.144582
7175 1641.121681
7180 1700.717559
7185 1772.846598
7190 1854.914136
7195 1943.921819
7200 2036.591403
7205 2129.501365
7210 2219.230068
7215 2302.498932
7220 2376.309041
7225 2438.064949
7230 2485.680028
7235 2517.658590
7240 2533.151075
7245 2531.979897
7250 2514.634886
7255 2482.238703
7260 2436.484010
7265 2379.545484
7270 2313.970942
7275 2242.556821
7280 2168.213945
7285 2093.829984
7290 2022.135111
7295 1955.577198
7300 1896.212428
7305 1845.616411
7310 1804.819945
7315 1774.272313
7320 1753.833746
7325 1742.797226
7330 1739.938425
7335 1743.591216
7340 1751.744980
7345 1762.158865
7350 1772.487363
7355 1780.411035
7360 1783.765934
7365 1780.665376
7370 1769.608058
7375 1749.567170
7380 1720.056067
7385 1681.167190
7390 1633.582202
7395 1578.552679
7400 1517.852132
7405 1453.701485
7410 1388.671440
7415 1325.566261
7420 1267.294423
7425 1216.732211
7430 1176.586725
7435 1149.264785
7440 1136.753992
7445 1140.521636
7450 1161.436320
7455 1199.716134
7460 1254.905947
7465 1325.885050
7470 1410.904948
7475 1507.655690
7480 1613.357794
7485 1724.875609
7490 1838.846964
7495 1951.823182
7500 2060.413043
7505 2161.424108
7510 2251.994940
7515 2329.712158
7520 2392.707024
7525 2439.727165
7530 2470.180250
7535 2484.147723
7540 2482.368114
7545 2466.190875
7550 2437.503046
7555 2398.632351
7560 2352.231395
7565 2301.148518
7570 2248.291461
7575 2196.490336
7580 2148.366355
7585 2106.212538
7590 2071.891961
7595 2046.758312
7600 2031.602383
7605 2026.626935
7610 2031.450950
7615 2045.142918
7620 2066.281389
7625 2093.039727
7630 2123.290828
7635 2154.726631
7640 2184.986515
7645 2211.788285
7650 2233.055292
7655 2247.033433
7660 2252.392268
7665 2248.305233
7670 2234.504951
7675 2211.310804
7680 2179.627297
7685 2140.913119
7690 2097.122215
7695 2050.619550
7700 2004.075443
7705 1960.343407
7710 1922.327222
7715 1892.843520
7720 1874.486378
7725 1869.500366
7730 1879.668107
7735 1906.217742
7740 1949.754792
7745 2010.221737
7750 2086.887393
7755 2178.366716
7760 2282.670286
7765 2397.281300
7770 2519.256640
7775 2645.347416
7780 2772.133507
7785 2896.165947
7790 3014.110627
7795 3122.886737
7800 3219.793618
7805 3302.620218
7810 3369.732201
7815 3420.132767
7820 3453.494501
7825 3470.160920
7830 3471.117802
7835 3457.935803
7840 3432.687205
7845 3397.840833
7850 3356.140212
7855 3310.470787
7860 3263.722522
7865 3218.654412
7870 3177.767285
7875 3143.190902
7880 3116.590615
7885 3099.097925
7890 3091.268113
7895 3093.066813
7900 3103.886000
7905 3122.588476
7910 3147.578534
7915 3176.895270
7920 3208.323881
7925 3239.519469
7930 3268.137251
7935 3291.962761
7940 3309.035655
7945 3317.761010
7950 3317.002637
7955 3306.153743
7960 3285.181414
7965 3254.642608
7970 3215.670722
7975 3169.933227
7980 3119.562217
7985 3067.061077
7990 3015.191569
7995 2966.846646
8000 2924.914951
8005 2892.143424
8010 2871.004513
8015 2863.574331
8020 2871.427576
8025 2895.554270
8030 2936.302380
8035 2993.349141
8040 3065.702601
8045 3151.733471
8050 3249.235940
8055 3355.514780
8060 3467.494802
8065 3581.847706
8070 3695.130517
8075 3803.929288
8080 3905.001480
8085 3995.410499
8090 4072.646240
8095 4134.726152
8100 4180.272220
8105 4208.560455
8110 4219.540692
8115 4213.825956
8120 4192.652049
8125 4157.809402
8130 4111.550536
8135 4056.477621
8140 3995.415517
8145 3931.276366
8150 3866.922170
8155 3805.031863
8160 3747.979146
8165 3697.726816
8170 3655.742524
8175 3622.939849
8180 3599.647349
8185 3585.606918
8190 3580.001364
8195 3581.509707
8200 3588.387389
8205 3598.567387
8210 3609.777211
8215 3619.666016
8220 3625.935584
8225 3626.468716
8230 3619.448740
8235 3603.464225
8240 3577.593726
8245 3541.466335
8250 3495.294960
8255 3439.880578
8260 3376.587087
8265 3307.287800
8270 3234.285992
8275 3160.213147
8280 3087.909655
8285 3020.293545
8290 2960.223439
8295 2910.362223
8300 2873.047892
8305 2850.177740
8310 2843.111456
8315 2852.597780
8320 2878.728339
8325 2920.920950
8330 2977.933348
8335 3047.906859
8340 3128.438120
8345 3216.675656
8350 3309.436933
8355 3403.340573
8360 3494.947672
8365 3580.905762
8370 3658.088817
8375 3723.726898
8380 3775.519514
8385 3811.727536
8390 3831.239527
8395 3833.609529
8400 3819.064703
8405 3788.482613
8410 3743.339397
8415 3685.631388
8420 3617.774020
8425 3542.482880
8430 3462.642610
8435 3381.169912
8440 3300.877137
8445 3224.342938
8450 3153.796041
8455 3091.017612
8460 3037.266735
8465 2993.232418
8470 2959.014294
8475 2934.132746
8480 2917.567825
8485 2907.824923
8490 2903.023878
8495 2901.007088
8500 2899.461283
8505 2896.046943
8510 2888.529018
8515 2874.902506
8520 2853.506707
8525 2823.122529
8530 2783.047994
8535 2733.148178
8540 2673.877009
8545 2606.269726
8550 2531.906181
8555 2452.846591
8560 2371.542655
8565 2290.728164
8570 2213.294194
8575 2142.154764
8580 2080.109290
8585 2029.708354
8590 1993.129180
8595 1972.066760
8600 1967.645865
8605 1980.358215
8610 2010.027893
8615 2055.806787
8620 2116.200431
8625 2189.123200
8630 2271.980424
8635 2361.773743
8640 2455.224904
8645 2548.912376
8650 2639.414516
8655 2723.452734
8660 2798.028109
8665 2860.545186
8670 2908.917331
8675 2941.648847
8680 2957.890169
8685 2957.463701
8690 2940.859267
8695 2909.199521
8700 2864.177118
8705 2807.966727
8710 2743.116160
8715 2672.421844
8720 2598.794598
8725 2525.122084
8730 2454.134469
8735 2388.279618
8740 2329.613706
8745 2279.712339
8750 2239.606305
8755 2209.744882
8760 2189.988294
8765 2179.629516
8770 2177.444214
8775 2181.766254
8780 2190.585012
8785 2201.659627
8790 2212.644587
8795 2221.220444
8800 2225.223247
8805 2222.766305
8810 2212.348309
8815 2192.942442
8820 2164.062053
8825 2125.799577
8830 2078.836671
8835 2024.424906
8840 1964.337785
8845 1900.796228
8850 1836.370929
8855 1773.866148
8860 1716.190353
8865 1666.219824
8870 1626.661654
8875 1599.922659
8880 1587.990433
8885 1592.332261
8890 1613.816741
8895 1652.661956
8900 1708.412771
8905 1779.948471
8910 1865.520554
8915 1962.819066
8920 2069.064519
8925 2181.121255
8930 2295.627101
8935 2409.133373
8940 2518.248845
8945 2619.781074
8950 2710.868617
8955 2789.098090
8960 2852.600748
8965 2900.124215
8970 2931.076153
8975 2945.538001
8980 2944.248287
8985 2928.556455
8990 2900.349543
8995 2861.955269
9000 2816.026233
9005 2765.410770
9010 2713.016619
9015 2661.673885
9020 2614.003778
9025 2572.299310
9030 2538.423555
9035 2513.730196
9040 2499.010022
9045 2494.465789
9050 2499.716474
9055 2513.830563
9060 2535.386603
9065 2562.557954
9070 2593.217507
9075 2625.057196
9080 2655.716398
9085 2682.912914
9090 2704.570091
9095 2718.933822
9100 2724.673662
9105 2720.963046
9110 2707.534591
9115 2684.707676
9120 2653.386803
9125 2615.030656
9130 2571.593179
9135 2525.439331
9140 2479.239430
9145 2435.846984
9150 2398.165770
9155 2369.012417
9160 2350.980998
9165 2346.316082
9170 2356.800287
9175 2383.661751
9180 2427.505992
9185 2488.275488
9190 2565.239052
9195 2657.011635
9200 2761.603816
9205 2876.498790
9210 2998.753434
9215 3125.118856
9220 3252.174933
9225 3376.472697
9230 3494.678035
9235 3603.710135
9240 3700.868335
9245 3783.941582
9250 3851.295536
9255 3901.933395
9260 3935.527743
9265 3952.422093
9270 3953.602222
9275 3940.638783
9280 3915.604056
9285 3880.966864
9290 3839.470731
9295 3794.001099
9300 3747.447930
9305 3702.570217
9310 3661.868787
9315 3627.473399
9320 3601.049401
9325 3583.728295
9330 3576.065361
9335 3578.026229
9340 3589.002873
9345 3607.858094
9350 3632.996183
9355 3662.456235
9360 3694.023445
9365 3725.352915
9370 3754.099860
9375 3778.049813
9380 3795.242426
9385 3804.082779
9390 3803.434680
9395 3792.691335
9400 3771.819829
9405 3741.377118
9410 3702.496601
9415 3656.845744
9420 3606.556644
9425 3554.132683
9430 3502.335623
9435 3454.058415
9440 3412.189704
9445 3379.476427
9450 3358.391032
9455 3351.009632
9460 3358.906924
9465 3383.072931
9470 3423.855617
9475 3480.932219
9480 3553.310784
9485 3639.362022
9490 3736.880123
9495 3843.169857
9500 3955.156038
9505 4069.510363
9510 4182.789858
9515 4291.580576
9520 4392.639979
9525 4483.031471
9530 4560.244950
9535 4622.297862
9540 4667.812195
9545 4696.063959
9550 4707.002989
9555 4701.242312
9560 4680.017730
9565 4645.119673
9570 4598.800663
9575 4543.662872
9580 4482.531159
9585 4418.317667
9590 4353.884400
9595 4291.910292
9600 4234.769045
9605 4184.423455
9610 4142.341177
9615 4109.435789
9620 4086.035849
9625 4071.883255
9630 4066.160814
9635 4067.547547
9640 4074.298899
9645 4084.347847
9650 4095.421902
9655 4105.170221
9660 4111.294586
9665 4111.677801
9670 4104.503196
9675 4088.359339
9680 4062.324788
9685 4026.028637
9690 3979.683795
9695 3924.091241
9700 3860.614874
9705 3791.128010
9710 3717.933926
9715 3643.664106
9720 3571.158943
9725 3503.336467
9730 3443.055304
9735 3392.978342
9740 3355.443575
9745 3332.348303
9750 3325.052214
9755 3334.304053
9760 3360.195447
9765 3402.144216
9770 3458.908098
9775 3528.628421
9780 3608.901825
9785 3696.876837
9790 3789.370925
9795 3883.002714
9800 3974.333303
9805 4060.010226
9810 4136.907460
9815 4202.255071
9820 4253.752567
9825 4289.660824
9830 4308.868407
9835 4310.929363
9840 4296.070853
9845 4265.170447
9850 4219.704283
9855 4161.668701
9860 4093.479134
9865 4017.851175
9870 3937.669469
9875 3855.850719
9880 3775.207283
9885 3698.317814
9890 3627.411044
9895 3564.268143
9900 3510.148194
9905 3465.740214
9910 3431.143836
9915 3405.879448
9920 3388.927106
9925 3378.792203
9930 3373.594583
9935 3371.176647
9940 3369.225128
9945 3365.400512
9950 3357.467752
9955 3343.421849
9960 3321.602108
9965 3290.789442
9970 3250.281876
9975 3199.944490
9980 3140.231218
9985 3072.177301
9990 2997.362597
9995 2917.847326
10000 2836.083193
10005 2754.803992
10010 2676.900804
10015 2605.287653
10020 2542.763959
10025 2491.880310
10030 2454.813933
10035 2433.259825
10040 2428.342763
10045 2440.554471
10050 2469.719037
10055 2514.988352
10060 2574.867958
10065 2647.272234
10070 2729.606515
10075 2818.872445
