0 0.000000
30 35.440000
60 34.930000
90 35.030000
120 33.900000
150 31.110000
180 29.080000
210 26.790000
240 22.330000
270 25.500000
300 25.400000
330 26.470000
360 25.450000
390 25.730000
420 27.690000
450 32.280000
480 35.520000
510 36.030000
540 35.930000
570 36.570000
600 35.380000
630 35.190000
660 35.010000
690 34.970000
720 34.960000
750 34.670000
780 34.890000
810 34.930000
840 34.790000
870 34.340000
900 31.750000
930 33.820000
960 34.990000
990 35.170000
1020 35.440000
1050 35.260000
1080 36.270000
1110 36.690000
1140 35.520000
1170 35.020000
1200 35.020000
1230 35.370000
1260 35.020000
1290 35.020000
1320 35.340000
1350 35.840000
1380 35.170000
1410 35.330000
1440 35.000000
1470 37.060000
1500 35.590000
1530 34.110000
1560 32.490000
1590 31.720000
1620 29.460000
1650 26.350000
1680 24.900000
1710 24.890000
1740 25.430000
1770 26.000000
1800 25.340000
1830 25.770000
1860 25.460000
1890 26.910000
1920 29.680000
1950 31.270000
1980 32.650000
2010 31.400000
2040 30.730000
2070 29.100000
2100 25.470000
2130 25.420000
2160 25.460000
2190 25.850000
2220 25.460000
2250 25.460000
2280 25.450000
2310 25.460000
2340 25.460000
2370 25.460000
2400 25.970000
2430 28.790000
2460 30.060000
2490 33.210000
2520 37.010000
2550 36.480000
2580 35.500000
2610 33.250000
2640 31.870000
2670 32.040000
2700 31.520000
2730 29.630000
2760 28.560000
2790 31.310000
2820 25.850000
2850 31.180000
2880 29.300000
2910 30.760000
2940 30.160000
2970 26.030000
3000 23.140000
3030 20.900000
3060 15.820000
3090 18.960000
3120 18.190000
3150 19.920000
3180 20.240000
3210 27.770000
3240 27.650000
3270 26.870000
3300 39.810000
3330 40.500000
3360 50.380000
3390 46.670000
3420 35.340000
3450 35.520000
3480 35.540000
3510 34.730000
3540 32.730000
3570 31.500000
3600 31.620000
3630 32.770000
3660 32.610000
3690 32.930000
3720 34.440000
3750 34.910000
3780 34.970000
3810 34.910000
3840 34.900000
3870 32.930000
3900 35.250000
3930 37.130000
3960 73.320000
3990 87.520000
4020 64.740000
4050 47.230000
4080 44.410000
4110 37.770000
4140 35.850000
4170 35.260000
4200 31.660000
4230 35.580000
4260 32.620000
4290 34.530000
4320 34.710000
4350 35.350000
4380 35.790000
4410 35.160000
4440 35.100000
4470 36.060000
4500 35.340000
4530 35.060000
4560 34.770000
4590 34.300000
4620 35.230000
4650 38.540000
4680 36.280000
4710 31.470000
4740 36.690000
4770 53.110000
4800 67.230000
4830 41.450000
4860 36.650000
4890 40.630000
4920 42.120000
4950 35.480000
4980 35.760000
5010 36.580000
5040 36.010000
5070 35.960000
5100 35.920000
5130 34.100000
5160 34.350000
5190 35.120000
5220 35.210000
5250 34.130000
5280 37.000000
5310 38.460000
5340 37.830000
5370 42.950000
5400 60.000000
5430 65.980000
5460 61.150000
5490 55.950000
5520 46.820000
5550 43.950000
5580 46.840000
5610 37.510000
5640 33.380000
5670 36.590000
5700 31.240000
5730 34.830000
5760 33.480000
5790 36.030000
5820 37.300000
5850 36.230000
5880 34.240000
5910 34.080000
5940 29.450000
5970 27.580000
6000 26.180000
6030 26.210000
6060 29.170000
6090 32.100000
6120 39.220000
6150 27.270000
6180 41.870000
6210 45.320000
6240 63.410000
6270 50.350000
6300 45.220000
6330 46.870000
6360 43.840000
6390 44.420000
6420 38.510000
6450 37.050000
6480 38.600000
6510 38.330000
6540 41.780000
6570 41.090000
6600 41.110000
6630 41.960000
6660 37.110000
6690 38.490000
6720 42.230000
6750 40.370000
6780 45.130000
6810 70.440000
6840 97.060000
6870 103.810000
6900 111.640000
6930 66.680000
6960 66.320000
6990 63.830000
7020 52.430000
7050 45.480000
7080 36.340000
7110 43.290000
7140 39.720000
7170 35.190000
7200 35.260000
7230 35.780000
7260 36.030000
7290 36.250000
7320 35.510000
7350 36.020000
7380 35.910000
7410 35.520000
7440 35.140000
7470 35.830000
7500 35.590000
7530 40.240000
7560 39.780000
7590 32.900000
7620 96.190000
7650 77.070000
7680 111.500000
7710 75.290000
7740 53.440000
7770 53.150000
7800 41.960000
7830 37.990000
7860 37.960000
7890 35.020000
7920 35.350000
7950 36.000000
7980 33.040000
8010 34.580000
8040 34.900000
8070 34.230000
8100 34.310000
8130 35.110000
8160 35.780000
8190 37.550000
8220 39.190000
8250 55.280000
8280 99.900000
8310 65.530000
8340 97.860000
8370 81.630000
8400 53.510000
8430 69.800000
8460 52.750000
8490 40.280000
8520 35.030000
8550 39.340000
8580 35.490000
8610 37.980000
8640 34.150000
8670 36.030000
8700 36.030000
8730 35.850000
8760 35.460000
8790 36.030000
8820 36.010000
8850 35.140000
8880 35.310000
8910 36.300000
8940 37.420000
8970 43.560000
9000 32.760000
9030 32.560000
9060 89.520000
9090 46.290000
9120 82.470000
9150 60.930000
9180 43.150000
9210 41.820000
9240 35.500000
9270 35.140000
9300 34.780000
9330 34.980000
9360 35.000000
9390 34.970000
9420 33.680000
9450 33.700000
9480 32.850000
9510 34.270000
9540 34.140000
9570 34.740000
9600 34.980000
9630 35.310000
9660 36.460000
9690 36.660000
9720 66.320000
9750 48.100000
9780 48.710000
9810 48.330000
9840 43.630000
9870 41.680000
9900 40.630000
9930 35.800000
9960 35.770000
9990 44.600000
10020 38.300000
10050 40.040000
10080 41.420000
10110 39.000000
10140 38.030000
10170 38.350000
10200 35.080000
10230 35.110000
10260 35.350000
10290 35.190000
10320 33.080000
10350 34.950000
10380 35.300000
10410 34.950000
10440 35.730000
10470 35.980000
10500 35.520000
10530 35.880000
10560 39.100000
10590 42.050000
10620 40.980000
10650 41.150000
10680 38.830000
10710 36.440000
10740 36.550000
10770 36.020000
10800 35.950000
10830 35.640000
10860 35.150000
10890 35.160000
10920 35.000000
10950 35.000000
10980 34.980000
11010 35.900000
11040 36.310000
11070 36.170000
11100 35.800000
11130 38.310000
11160 66.370000
11190 93.180000
11220 72.290000
11250 45.220000
11280 38.710000
11310 35.950000
11340 36.010000
11370 36.070000
11400 36.030000
11430 36.060000
11460 36.230000
11490 35.830000
11520 35.750000
11550 36.030000
11580 36.030000
11610 34.560000
11640 35.920000
11670 35.970000
11700 34.460000
11730 31.570000
11760 32.680000
11790 31.670000
11820 31.030000
11850 33.100000
11880 35.090000
11910 36.880000
11940 35.070000
11970 34.240000
12000 36.260000
12030 35.770000
12060 36.350000
12090 37.190000
12120 36.010000
12150 35.710000
12180 32.970000
12210 32.010000
12240 32.490000
12270 32.010000
12300 32.180000
12330 32.010000
12360 31.960000
12390 33.480000
12420 32.520000
12450 32.520000
12480 34.860000
12510 35.460000
12540 37.010000
12570 39.760000
12600 98.210000
12630 74.750000
12660 46.780000
12690 36.350000
12720 34.960000
12750 35.710000
12780 35.300000
12810 34.690000
12840 35.140000
12870 37.130000
12900 33.540000
12930 35.470000
12960 36.190000
12990 34.850000
13020 34.580000
13050 32.920000
13080 31.910000
13110 32.010000
13140 31.690000
13170 31.560000
13200 30.780000
13230 27.280000
13260 28.910000
13290 33.600000
13320 25.370000
13350 23.650000
13380 42.880000
13410 42.330000
13440 52.050000
13470 42.680000
13500 36.800000
13530 35.850000
13560 33.150000
13590 31.200000
13620 29.480000
13650 28.540000
13680 28.600000
13710 29.620000
13740 29.070000
13770 30.080000
13800 31.270000
13830 30.350000
13860 29.890000
13890 30.340000
13920 32.630000
13950 31.880000
13980 34.010000
14010 34.050000
14040 57.450000
14070 52.890000
14100 43.660000
14130 35.340000
14160 35.490000
14190 37.340000
14220 35.780000
14250 33.570000
14280 29.440000
14310 29.750000
14340 29.290000
14370 30.530000
14400 30.420000
14430 30.070000
14460 33.380000
14490 35.240000
14520 32.110000
14550 30.760000
14580 30.190000
14610 29.860000
14640 28.890000
14670 29.640000
14700 30.460000
14730 33.650000
14760 28.080000
14790 24.550000
14820 35.960000
14850 37.110000
14880 36.790000
14910 35.900000
14940 34.990000
14970 35.040000
15000 31.920000
15030 31.380000
15060 31.410000
15090 28.060000
15120 26.610000
15150 32.470000
15180 30.120000
15210 30.150000
15240 33.910000
15270 34.930000
15300 34.290000
15330 34.560000
15360 32.060000
15390 34.150000
15420 34.490000
15450 37.560000
15480 67.610000
15510 62.710000
15540 44.920000
15570 39.460000
15600 35.760000
15630 35.450000
15660 34.970000
15690 34.860000
15720 34.900000
15750 39.940000
15780 34.650000
15810 35.390000
15840 35.360000
15870 36.220000
15900 36.020000
15930 39.510000
15960 35.030000
15990 34.820000
16020 34.310000
16050 36.600000
16080 34.860000
16110 30.610000
16140 34.880000
16170 39.510000
16200 28.650000
16230 35.560000
16260 41.650000
16290 47.690000
16320 72.240000
16350 54.030000
16380 42.730000
16410 41.160000
16440 35.700000
16470 35.330000
16500 35.940000
16530 35.150000
16560 36.030000
16590 36.200000
16620 35.870000
16650 35.970000
16680 35.490000
16710 31.230000
16740 28.840000
16770 29.230000
16800 35.270000
16830 34.380000
16860 36.910000
16890 44.500000
16920 68.040000
16950 45.930000
16980 49.220000
17010 43.770000
17040 47.350000
17070 43.680000
17100 40.920000
17130 38.360000
17160 33.860000
17190 38.280000
17220 32.990000
17250 33.620000
17280 35.100000
17310 39.350000
17340 36.030000
17370 37.640000
17400 35.680000
17430 35.090000
17460 34.280000
17490 34.150000
17520 30.950000
17550 32.710000
17580 35.520000
17610 35.570000
17640 35.350000
17670 33.720000
17700 43.240000
17730 42.550000
17760 46.090000
17790 39.990000
17820 35.000000
17850 35.850000
17880 36.090000
17910 36.010000
17940 35.470000
17970 34.280000
18000 33.610000
18030 31.250000
18060 30.260000
18090 31.240000
18120 31.840000
18150 31.890000
18180 34.910000
18210 34.640000
18240 35.180000
18270 34.300000
18300 39.750000
18330 35.850000
18360 40.560000
18390 48.070000
18420 46.230000
18450 39.530000
18480 36.030000
18510 36.880000
18540 36.180000
18570 35.270000
18600 34.910000
18630 37.010000
18660 33.430000
18690 35.560000
18720 34.630000
18750 36.020000
18780 35.350000
18810 37.070000
18840 38.020000
18870 35.840000
18900 34.940000
18930 34.910000
18960 34.830000
18990 34.930000
19020 36.430000
19050 41.090000
19080 30.610000
19110 35.180000
19140 50.600000
19170 52.860000
19200 52.300000
19230 42.920000
19260 36.190000
19290 36.250000
19320 36.030000
19350 33.590000
19380 34.530000
19410 32.360000
19440 29.690000
19470 31.370000
19500 29.710000
19530 32.740000
19560 32.200000
19590 31.320000
19620 32.370000
19650 31.700000
19680 33.570000
19710 31.910000
19740 36.280000
19770 34.090000
19800 39.750000
19830 35.950000
19860 34.380000
19890 34.530000
19920 36.510000
19950 38.010000
19980 36.000000
20010 36.040000
20040 35.460000
20070 42.560000
20100 36.500000
20130 36.620000
20160 36.010000
20190 35.900000
20220 35.900000
20250 35.920000
20280 35.630000
20310 35.180000
20340 34.820000
20370 34.910000
20400 34.750000
20430 32.130000
20460 32.930000
20490 33.730000
20520 36.830000
20550 35.210000
20580 35.270000
20610 35.580000
20640 37.040000
20670 37.040000
20700 36.980000
20730 38.080000
20760 36.900000
20790 35.980000
20820 34.560000
20850 32.940000
20880 32.960000
20910 33.020000
20940 33.030000
20970 34.150000
21000 34.950000
21030 34.860000
21060 34.880000
21090 35.340000
21120 35.260000
21150 35.490000
21180 36.190000
21210 36.220000
21240 42.900000
21270 43.440000
21300 42.040000
21330 36.210000
21360 38.620000
21390 41.790000
21420 36.080000
21450 35.990000
21480 35.850000
21510 36.290000
21540 35.520000
21570 35.120000
21600 33.970000
21630 33.130000
21660 33.970000
21690 34.300000
21720 36.500000
21750 34.490000
21780 34.340000
21810 32.330000
21840 31.710000
21870 30.720000
21900 30.060000
21930 31.980000
21960 30.880000
21990 29.960000
22020 28.900000
22050 26.190000
22080 28.780000
22110 32.170000
22140 32.540000
22170 32.010000
22200 32.820000
22230 30.310000
22260 26.740000
22290 25.750000
22320 25.490000
22350 26.500000
22380 25.950000
22410 25.490000
22440 25.470000
22470 26.110000
22500 26.030000
22530 29.910000
22560 31.470000
22590 29.730000
22620 30.940000
22650 32.600000
22680 36.160000
22710 36.020000
22740 35.850000
22770 34.380000
22800 34.570000
22830 33.600000
22860 32.100000
22890 31.190000
22920 30.310000
22950 28.880000
22980 27.240000
23010 26.780000
23040 25.850000
23070 28.490000
23100 31.430000
23130 29.900000
23160 27.250000
23190 28.830000
23220 23.290000
23250 21.130000
23280 19.370000
23310 19.110000
23340 26.440000
23370 27.880000
23400 31.290000
23430 28.610000
23460 37.160000
23490 34.640000
23520 36.020000
23550 34.810000
23580 34.320000
23610 33.150000
23640 32.860000
23670 34.240000
23700 34.930000
23730 32.680000
23760 31.240000
23790 30.800000
23820 31.650000
23850 32.000000
23880 32.200000
23910 33.000000
23940 32.110000
23970 32.210000
24000 33.850000
24030 31.950000
24060 32.010000
24090 35.020000
24120 43.350000
24150 40.560000
24180 40.070000
24210 35.730000
24240 35.820000
24270 33.430000
24300 34.780000
24330 33.440000
24360 31.240000
24390 34.900000
24420 35.180000
24450 33.820000
24480 34.170000
24510 35.980000
24540 36.030000
24570 37.660000
24600 36.020000
24630 33.340000
24660 32.470000
24690 31.910000
24720 30.900000
24750 30.330000
24780 32.540000
24810 39.280000
24840 36.590000
24870 36.560000
24900 47.070000
24930 38.940000
24960 40.660000
24990 38.340000
25020 35.830000
25050 35.880000
25080 36.110000
25110 33.520000
25140 35.830000
25170 36.210000
25200 36.050000
25230 36.040000
25260 36.000000
25290 36.280000
25320 36.110000
25350 35.820000
25380 35.980000
25410 35.160000
25440 35.870000
25470 35.440000
25500 38.890000
25530 36.150000
25560 49.580000
25590 62.010000
25620 67.230000
25650 40.890000
25680 37.140000
25710 53.360000
25740 54.910000
25770 40.770000
25800 35.320000
25830 43.790000
25860 39.900000
25890 35.170000
25920 36.210000
25950 38.420000
25980 36.540000
26010 36.040000
26040 37.150000
26070 36.470000
26100 34.440000
26130 34.730000
26160 33.840000
26190 34.190000
26220 36.080000
26250 39.010000
26280 40.390000
26310 36.350000
26340 159.140000
26370 38.760000
26400 43.330000
26430 39.350000
26460 36.620000
26490 38.750000
26520 35.170000
26550 35.620000
26580 35.800000
26610 36.040000
26640 36.020000
26670 36.050000
26700 35.820000
26730 35.640000
26760 35.930000
26790 35.150000
26820 35.700000
26850 35.990000
26880 35.910000
26910 35.680000
26940 35.260000
26970 35.420000
27000 42.920000
27030 69.900000
27060 55.100000
27090 43.210000
27120 42.660000
27150 41.460000
27180 36.280000
27210 35.070000
27240 33.120000
27270 35.950000
27300 35.610000
27330 35.710000
27360 34.670000
27390 35.910000
27420 35.010000
27450 35.100000
27480 33.940000
27510 32.580000
27540 31.680000
27570 29.920000
27600 28.610000
27630 29.110000
27660 30.550000
27690 33.770000
27720 32.870000
27750 24.660000
27780 41.390000
27810 38.140000
27840 38.430000
27870 38.730000
27900 36.730000
27930 35.810000
27960 35.800000
27990 36.420000
28020 35.830000
28050 35.370000
28080 33.370000
28110 32.420000
28140 32.660000
28170 33.380000
28200 32.700000
28230 32.050000
28260 31.840000
28290 31.820000
28320 32.780000
28350 31.740000
28380 32.960000
28410 35.410000
28440 37.750000
28470 39.300000
28500 40.160000
28530 37.270000
28560 37.850000
28590 37.150000
28620 36.240000
28650 35.720000
28680 35.600000
28710 38.390000
28740 36.040000
28770 35.850000
28800 36.330000
28830 36.410000
28860 36.230000
28890 34.890000
28920 35.460000
28950 32.840000
28980 32.500000
29010 31.670000
29040 32.700000
29070 33.910000
29100 33.700000
29130 36.030000
29160 36.790000
29190 34.720000
29220 37.440000
29250 78.970000
29280 84.950000
29310 44.110000
29340 43.130000
29370 49.450000
29400 44.810000
29430 43.940000
29460 42.040000
29490 36.850000
29520 36.290000
29550 36.190000
29580 35.970000
29610 36.060000
29640 36.050000
29670 36.070000
29700 36.600000
29730 36.080000
29760 39.570000
29790 39.560000
29820 38.320000
29850 40.810000
29880 48.020000
29910 42.190000
29940 39.260000
29970 37.110000
30000 36.630000
30030 37.140000
30060 37.330000
30090 36.050000
30120 36.060000
30150 43.010000
30180 45.580000
30210 40.520000
30240 48.290000
30270 45.450000
30300 39.110000
30330 36.690000
30360 38.130000
30390 32.210000
30420 31.950000
30450 32.530000
30480 30.210000
30510 29.890000
30540 30.080000
30570 31.730000
30600 33.850000
30630 33.150000
30660 33.610000
30690 34.440000
30720 35.650000
30750 38.040000
30780 36.430000
30810 36.630000
30840 35.400000
30870 35.000000
30900 32.720000
30930 31.800000
30960 31.490000
30990 31.870000
31020 31.530000
31050 31.730000
31080 30.250000
31110 28.230000
31140 26.720000
31170 30.580000
31200 32.210000
31230 33.570000
31260 35.290000
31290 35.560000
31320 37.800000
31350 43.930000
31380 41.770000
31410 34.770000
31440 34.480000
31470 35.080000
31500 35.280000
31530 36.050000
31560 35.490000
31590 35.960000
31620 34.960000
31650 35.300000
31680 34.940000
31710 35.130000
31740 32.870000
31770 31.900000
31800 31.110000
31830 28.190000
31860 25.230000
31890 25.630000
31920 24.950000
31950 20.510000
31980 21.280000
32010 24.370000
32040 24.780000
32070 26.980000
32100 24.570000
32130 26.140000
32160 30.500000
32190 33.500000
32220 34.910000
32250 35.350000
32280 35.860000
32310 36.480000
32340 36.010000
32370 36.050000
32400 35.280000
32430 34.950000
32460 34.950000
32490 34.170000
32520 34.910000
32550 32.970000
32580 34.210000
32610 33.150000
32640 32.140000
32670 33.130000
32700 36.730000
32730 35.590000
32760 36.170000
32790 40.430000
32820 38.320000
32850 34.770000
32880 35.270000
32910 35.970000
32940 36.030000
32970 35.170000
33000 32.990000
33030 32.970000
33060 30.600000
33090 31.580000
33120 30.730000
33150 27.550000
33180 25.630000
33210 25.450000
33240 22.220000
33270 22.630000
33300 20.490000
33330 18.900000
33360 20.580000
33390 22.240000
33420 25.650000
33450 24.590000
33480 18.980000
33510 16.120000
33540 25.410000
33570 31.290000
33600 35.570000
33630 36.050000
33660 36.010000
33690 36.060000
33720 34.090000
33750 34.150000
33780 34.990000
33810 34.870000
33840 34.930000
33870 35.170000
33900 34.990000
33930 35.690000
33960 34.560000
33990 33.990000
34020 32.150000
34050 31.720000
34080 32.140000
34110 35.010000
34140 36.030000
34170 36.930000
34200 37.460000
34230 36.350000
34260 36.050000
34290 35.570000
34320 35.920000
34350 33.870000
34380 31.680000
34410 31.080000
34440 30.610000
34470 32.830000
34500 32.100000
34530 32.360000
34560 32.640000
34590 30.480000
34620 28.400000
34650 29.070000
34680 24.470000
34710 19.010000
34740 18.990000
34770 18.830000
34800 16.870000
34830 18.390000
34860 18.400000
34890 18.890000
34920 19.370000
34950 21.160000
34980 28.500000
35010 30.850000
35040 34.650000
35070 34.190000
35100 34.670000
35130 35.090000
35160 33.630000
35190 34.000000
35220 35.120000
35250 31.780000
35280 31.970000
35310 31.970000
35340 32.220000
35370 31.950000
35400 32.030000
35430 32.330000
35460 32.510000
35490 32.120000
35520 32.670000
35550 33.610000
35580 36.400000
35610 38.030000
35640 45.210000
35670 44.680000
35700 41.300000
35730 37.090000
35760 37.520000
35790 37.520000
35820 36.510000
35850 34.050000
35880 32.200000
35910 34.700000
35940 31.650000
35970 31.400000
36000 32.040000
36030 32.220000
36060 33.420000
36090 30.790000
36120 32.030000
36150 32.540000
36180 31.910000
36210 29.120000
36240 28.500000
36270 28.880000
36300 30.190000
36330 29.360000
36360 22.540000
36390 27.120000
36420 35.560000
36450 36.680000
36480 37.660000
36510 37.420000
36540 37.300000
36570 37.030000
36600 34.870000
36630 36.590000
36660 35.730000
36690 36.050000
36720 35.770000
36750 35.780000
36780 35.800000
36810 36.110000
36840 37.650000
36870 36.090000
36900 33.050000
36930 35.180000
36960 36.130000
36990 36.250000
37020 38.570000
37050 40.350000
37080 44.180000
37110 59.640000
37140 49.560000
37170 40.030000
37200 41.790000
37230 40.640000
37260 36.870000
37290 36.970000
37320 35.940000
37350 48.030000
37380 36.350000
37410 36.220000
37440 36.720000
37470 38.970000
37500 38.390000
37530 37.580000
37560 36.650000
37590 36.190000
37620 32.690000
37650 31.870000
37680 31.650000
37710 31.960000
37740 32.040000
37770 34.580000
37800 31.330000
37830 38.030000
37860 38.660000
37890 39.680000
37920 40.430000
37950 43.100000
37980 40.040000
38010 40.640000
38040 39.230000
38070 39.300000
38100 40.430000
38130 39.120000
38160 41.050000
38190 38.530000
38220 37.550000
38250 37.500000
38280 40.920000
38310 39.040000
38340 37.120000
38370 36.960000
38400 38.660000
38430 38.170000
38460 38.230000
38490 40.800000
38520 50.070000
38550 55.620000
38580 52.320000
38610 43.210000
38640 41.780000
38670 39.100000
38700 41.890000
38730 37.610000
38760 35.990000
38790 38.640000
38820 37.150000
38850 35.700000
38880 36.340000
38910 36.600000
38940 37.900000
38970 35.140000
39000 33.780000
39030 33.070000
39060 31.650000
39090 31.450000
39120 28.780000
39150 26.520000
39180 30.060000
39210 32.140000
39240 30.250000
39270 35.360000
39300 38.750000
39330 42.070000
39360 43.710000
39390 44.450000
39420 42.810000
39450 39.260000
39480 39.930000
39510 38.590000
39540 36.200000
39570 37.370000
39600 37.450000
39630 35.770000
39660 37.500000
39690 37.520000
39720 37.510000
39750 37.470000
39780 37.430000
39810 37.370000
39840 37.460000
39870 37.390000
39900 40.300000
39930 39.420000
39960 41.310000
39990 44.560000
40020 43.170000
40050 41.330000
40080 43.060000
40110 43.470000
40140 40.410000
40170 40.290000
40200 38.170000
40230 42.980000
40260 39.010000
40290 38.580000
40320 39.100000
40350 41.170000
40380 39.220000
40410 37.450000
40440 35.920000
40470 33.500000
40500 34.100000
40530 33.010000
40560 30.200000
40590 32.640000
40620 33.120000
40650 32.970000
40680 28.960000
40710 25.030000
40740 27.520000
40770 34.660000
40800 36.770000
40830 42.410000
40860 42.380000
40890 41.200000
40920 40.980000
40950 36.040000
40980 36.030000
41010 35.960000
41040 35.800000
41070 35.820000
41100 33.530000
41130 33.480000
41160 34.420000
41190 34.860000
41220 34.070000
41250 33.750000
41280 35.690000
41310 36.680000
41340 37.120000
41370 36.780000
41400 45.440000
41430 46.930000
41460 43.140000
41490 38.720000
41520 37.570000
41550 39.220000
41580 42.370000
41610 38.570000
41640 37.420000
41670 37.860000
41700 37.860000
41730 37.970000
41760 38.240000
41790 41.620000
41820 37.400000
41850 36.880000
41880 35.460000
41910 32.430000
41940 32.220000
41970 32.290000
42000 31.820000
42030 29.890000
42060 31.200000
42090 33.400000
42120 31.230000
42150 25.780000
42180 26.760000
42210 31.440000
42240 36.840000
42270 37.380000
42300 37.520000
42330 37.370000
42360 37.490000
42390 37.230000
42420 36.360000
42450 34.920000
42480 32.570000
42510 32.080000
42540 31.900000
42570 31.690000
42600 31.950000
42630 35.180000
42660 36.700000
42690 37.410000
42720 36.400000
42750 37.260000
42780 38.230000
42810 39.790000
42840 49.740000
42870 144.220000
42900 99.680000
42930 43.150000
42960 41.360000
42990 40.880000
43020 38.180000
43050 37.510000
43080 37.250000
43110 40.310000
43140 37.010000
43170 37.490000
43200 39.200000
43230 38.250000
43260 37.510000
43290 34.300000
43320 35.170000
43350 37.350000
43380 38.390000
43410 31.450000
43440 34.920000
43470 30.170000
43500 35.270000
43530 37.840000
43560 38.880000
43590 35.620000
43620 46.940000
43650 59.640000
43680 78.990000
43710 46.980000
43740 40.390000
43770 37.510000
43800 37.500000
43830 38.250000
43860 38.450000
43890 37.520000
43920 37.520000
43950 37.520000
43980 37.510000
44010 37.260000
44040 37.520000
44070 37.680000
44100 37.520000
44130 37.710000
44160 37.930000
44190 37.240000
44220 37.800000
44250 36.000000
44280 42.440000
44310 130.290000
44340 64.760000
44370 42.300000
44400 46.650000
44430 44.060000
44460 38.690000
44490 37.660000
44520 37.490000
44550 37.520000
44580 37.440000
44610 37.570000
44640 36.900000
