0 0.570367
5 0.573340
10 0.571114
15 0.563327
20 0.550435
25 0.533642
30 0.514726
35 0.495788
40 0.478996
45 0.466363
50 0.459591
55 0.459981
60 0.468377
65 0.485120
70 0.509982
75 0.542074
80 0.579771
85 0.620685
90 0.661752
95 0.699456
100 0.730193
105 0.750720
110 0.758611
115 0.752627
120 0.732903
125 0.700924
130 0.659276
135 0.611248
140 0.560353
145 0.509877
150 0.462535
155 0.420269
160 0.384193
165 0.354653
170 0.331353
175 0.313495
180 0.299918
185 0.289222
190 0.279887
195 0.270420
200 0.259510
205 0.246193
210 0.229998
215 0.211019
220 0.189898
225 0.167706
230 0.145743
235 0.125312
240 0.107519
245 0.093148
250 0.082652
255 0.076218
260 0.073895
265 0.075702
270 0.081671
275 0.091804
280 0.105945
285 0.123617
290 0.143890
295 0.165353
300 0.186208
305 0.204495
310 0.218403
315 0.226583
320 0.228384
325 0.223956
330 0.214193
335 0.200540
340 0.184718
345 0.168438
350 0.153169
355 0.140005
360 0.129620
365 0.122304
370 0.118029
375 0.116505
380 0.117226
385 0.119492
390 0.122432
395 0.125069
400 0.126417
405 0.125630
410 0.122152
415 0.115837
420 0.106996
425 0.096348
430 0.084879
435 0.073663
440 0.063675
445 0.055675
450 0.050181
455 0.047533
460 0.048009
465 0.051941
470 0.059766
475 0.071975
480 0.088966
485 0.110826
490 0.137133
495 0.166837
500 0.198271
505 0.229335
510 0.257789
515 0.281615
520 0.299347
525 0.310298
530 0.314629
535 0.313269
540 0.307700
545 0.299687
550 0.291003
555 0.283208
560 0.277501
565 0.274647
570 0.274944
575 0.278225
580 0.283870
585 0.290842
590 0.297752
595 0.302994
600 0.304933
605 0.302153
610 0.293702
615 0.279293
620 0.259399
625 0.235207
630 0.208434
635 0.181042
640 0.154934
645 0.131685
650 0.112392
655 0.097645
660 0.087630
665 0.082282
670 0.081442
675 0.084948
680 0.092629
685 0.104212
690 0.119190
695 0.136705
700 0.155521
705 0.174105
710 0.190818
715 0.204171
720 0.213080
725 0.217050
730 0.216243
735 0.211417
740 0.203762
745 0.194676
750 0.185543
755 0.177563
760 0.171646
765 0.168360
770 0.167934
775 0.170259
780 0.174888
785 0.181043
790 0.187637
795 0.193348
800 0.196758
805 0.196559
810 0.191779
815 0.181998
820 0.167467
825 0.149105
830 0.128352
835 0.106919
840 0.086477
845 0.068388
850 0.053527
855 0.042254
860 0.034513
865 0.030018
870 0.028470
875 0.029703
880 0.033735
885 0.040700
890 0.050698
895 0.063618
900 0.079010
905 0.096055
910 0.113647
915 0.130576
920 0.145756
925 0.158434
930 0.168327
935 0.175663
940 0.181119
945 0.185697
950 0.190566
955 0.196917
960 0.205844
965 0.218253
970 0.234776
975 0.255686
980 0.280791
985 0.309349
990 0.340008
995 0.370841
1000 0.399495
1005 0.423454
1010 0.440392
1015 0.448543
1020 0.447017
1025 0.435969
1030 0.416597
1035 0.390950
1040 0.361607
1045 0.331300
1050 0.302560
1055 0.277472
1060 0.257555
1065 0.243775
1070 0.236629
1075 0.236252
1080 0.242487
1085 0.254902
1090 0.272751
1095 0.294925
1100 0.319947
1105 0.346037
1110 0.371277
1115 0.393849
1120 0.412297
1125 0.425752
1130 0.434064
1135 0.437817
1140 0.438221
1145 0.436919
1150 0.435749
1155 0.436526
1160 0.440849
1165 0.449959
1170 0.464630
1175 0.485080
1180 0.510883
1185 0.540909
1190 0.573294
1195 0.605510
1200 0.634548
1205 0.657220
1210 0.670568
1215 0.672295
1220 0.661151
1225 0.637166
1230 0.601682
1235 0.557170
1240 0.506863
1245 0.454286
1250 0.402784
1255 0.355150
1260 0.313394
1265 0.278688
1270 0.251449
1275 0.231493
1280 0.218220
1285 0.210747
1290 0.207997
1295 0.208747
1300 0.211657
1305 0.215332
1310 0.218423
1315 0.219767
1320 0.218545
1325 0.214397
1330 0.207478
1335 0.198420
1340 0.188217
1345 0.178053
1350 0.169141
1355 0.162587
1360 0.159316
1365 0.160052
1370 0.165318
1375 0.175429
1380 0.190433
1385 0.210026
1390 0.233430
1395 0.259321
1400 0.285828
1405 0.310666
1410 0.331388
1415 0.345741
1420 0.352023
1425 0.349391
1430 0.338014
1435 0.319046
1440 0.294423
1445 0.266524
1450 0.237800
1455 0.210436
1460 0.186119
1465 0.165950
1470 0.150471
1475 0.139777
1480 0.133642
1485 0.131624
1490 0.133118
1495 0.137370
1500 0.143475
1505 0.150400
1510 0.157059
1515 0.162434
1520 0.165725
1525 0.166492
1530 0.164734
1535 0.160897
1540 0.155798
1545 0.150495
1550 0.146142
1555 0.143873
1560 0.144734
1565 0.149661
1570 0.159478
1575 0.174874
1580 0.196328
1585 0.223976
1590 0.257438
1595 0.295659
1600 0.336836
1605 0.378479
1610 0.417635
1615 0.451248
1620 0.476597
1625 0.491717
1630 0.495705
1635 0.488846
1640 0.472532
1645 0.448997
1650 0.420943
1655 0.391141
1660 0.362075
1665 0.335713
1670 0.313391
1675 0.295807
1680 0.283087
1685 0.274867
1690 0.270386
1695 0.268561
1700 0.268076
1705 0.267488
1710 0.265383
1715 0.260555
1720 0.252192
1725 0.240011
1730 0.224328
1735 0.206004
1740 0.186297
1745 0.166652
1750 0.148471
1755 0.132941
1760 0.120940
1765 0.113042
1770 0.109581
1775 0.110748
1780 0.116636
1785 0.127222
1790 0.142278
1795 0.161227
1800 0.183030
1805 0.206144
1810 0.228608
1815 0.248259
1820 0.263043
1825 0.271354
1830 0.272314
1835 0.265916
1840 0.253014
1845 0.235139
1850 0.214211
1855 0.192219
1860 0.170929
1865 0.151694
1870 0.135371
1875 0.122343
1880 0.112593
1885 0.105806
1890 0.101448
1895 0.098829
1900 0.097141
1905 0.095520
1910 0.093123
1915 0.089244
1920 0.083432
1925 0.075598
1930 0.066047
1935 0.055434
1940 0.044625
1945 0.034510
1950 0.025823
1955 0.019005
1960 0.014181
1965 0.011241
1970 0.010000
1975 0.010377
1980 0.012532
1985 0.016890
1990 0.024048
1995 0.034572
2000 0.048759
2005 0.066422
2010 0.086795
2015 0.108575
2020 0.130114
2025 0.149710
2030 0.165916
2035 0.177802
2040 0.185090
2045 0.188161
2050 0.187929
2055 0.185640
2060 0.182656
2065 0.180259
2070 0.179525
2075 0.181243
2080 0.185884
2085 0.193575
2090 0.204075
2095 0.216758
2100 0.230608
2105 0.244277
2110 0.256208
2115 0.264837
2120 0.268843
2125 0.267383
2130 0.260271
2135 0.248042
2140 0.231874
2145 0.213397
2150 0.194439
2155 0.176758
2160 0.161861
2165 0.150907
2170 0.144727
2175 0.143904
2180 0.148874
2185 0.159966
2190 0.177369
2195 0.201019
2200 0.230436
2205 0.264594
2210 0.301875
2215 0.340154
2220 0.377029
2225 0.410138
2230 0.437515
2235 0.457887
2240 0.470855
2245 0.476913
2250 0.477324
2255 0.473877
2260 0.468602
2265 0.463484
2270 0.460237
2275 0.460138
2280 0.463923
2285 0.471728
2290 0.483067
2295 0.496835
2300 0.511361
2305 0.524536
2310 0.534022
2315 0.537539
2320 0.533210
2325 0.519872
2330 0.497320
2335 0.466391
2340 0.428875
2345 0.387256
2350 0.344345
2355 0.302883
2360 0.265203
2365 0.233025
2370 0.207390
2375 0.188749
2380 0.177110
2385 0.172211
2390 0.173630
2395 0.180818
2400 0.193056
2405 0.209377
2410 0.228516
2415 0.248928
2420 0.268906
2425 0.286781
2430 0.301166
2435 0.311169
2440 0.316539
2445 0.317687
2450 0.315599
2455 0.311661
2460 0.307445
2465 0.304503
2470 0.304207
2475 0.307631
2480 0.315480
2485 0.328032
2490 0.345080
2495 0.365881
2500 0.389128
2505 0.412978
2510 0.435178
2515 0.453295
2520 0.465029
2525 0.468571
2530 0.462913
2535 0.448051
2540 0.425015
2545 0.395722
2550 0.362678
2555 0.328606
2560 0.296080
2565 0.267245
2570 0.243676
2575 0.226370
2580 0.215842
2585 0.212249
2590 0.215502
2595 0.225306
2600 0.241137
2605 0.262168
2610 0.287225
2615 0.314786
2620 0.343090
2625 0.370325
2630 0.394880
2635 0.415595
2640 0.431945
2645 0.444126
2650 0.453020
2655 0.460052
2660 0.466995
2665 0.475743
2670 0.488111
2675 0.505661
2680 0.529555
2685 0.560423
2690 0.598236
2695 0.642187
2700 0.690614
2705 0.741005
2710 0.790123
2715 0.834287
2720 0.869770
2725 0.893294
2730 0.902500
2735 0.896326
2740 0.875189
2745 0.840936
2750 0.796576
2755 0.745846
2760 0.692714
2765 0.640903
2770 0.593534
2775 0.552922
2780 0.520519
2785 0.496966
2790 0.482204
2795 0.475589
2800 0.475984
2805 0.481840
2810 0.491268
2815 0.502167
2820 0.512386
2825 0.519954
2830 0.523321
2835 0.521566
2840 0.514533
2845 0.502841
2850 0.487781
2855 0.471117
2860 0.454829
2865 0.440877
2870 0.431003
2875 0.426595
2880 0.428610
2885 0.437524
2890 0.453281
2895 0.475229
2900 0.502068
2905 0.531818
2910 0.561885
2915 0.589234
2920 0.610695
2925 0.623357
2930 0.624996
2935 0.614430
2940 0.591735
2945 0.558253
2950 0.516386
2955 0.469230
2960 0.420109
2965 0.372135
2970 0.327858
2975 0.289069
2980 0.256762
2985 0.231221
2990 0.212176
2995 0.198966
3000 0.190673
3005 0.186208
3010 0.184372
3015 0.183905
3020 0.183569
3025 0.182256
3030 0.179118
3035 0.173693
3040 0.165967
3045 0.156375
3050 0.145714
3055 0.135000
3060 0.125309
3065 0.117643
3070 0.112866
3075 0.111690
3080 0.114714
3085 0.122462
3090 0.135368
3095 0.153699
3100 0.177409
3105 0.205964
3110 0.238212
3115 0.272348
3120 0.306025
3125 0.336620
3130 0.361594
3135 0.378895
3140 0.387292
3145 0.386566
3150 0.377520
3155 0.361810
3160 0.341638
3165 0.319403
3170 0.297367
3175 0.277412
3180 0.260914
3185 0.248710
3190 0.241145
3195 0.238129
3200 0.239203
3205 0.243577
3210 0.250171
3215 0.257674
3220 0.264658
3225 0.269735
3230 0.271752
3235 0.269975
3240 0.264229
3245 0.254936
3250 0.243055
3255 0.229926
3260 0.217075
3265 0.206023
3270 0.198143
3275 0.194597
3280 0.196329
3285 0.204092
3290 0.218445
3295 0.239702
3300 0.267807
3305 0.302178
3310 0.341566
3315 0.383998
3320 0.426856
3325 0.467117
3330 0.501720
3335 0.527996
3340 0.544067
3345 0.549130
3350 0.543544
3355 0.528736
3360 0.506927
3365 0.480764
3370 0.452930
3375 0.425822
3380 0.401320
3385 0.380675
3390 0.364497
3395 0.352791
3400 0.345036
3405 0.340264
3410 0.337164
3415 0.334199
3420 0.329774
3425 0.322434
3430 0.311086
3435 0.295185
3440 0.274850
3445 0.250874
3450 0.224597
3455 0.197687
3460 0.171868
3465 0.148667
3470 0.129241
3475 0.114320
3480 0.104263
3485 0.099185
3490 0.099094
3495 0.103974
3500 0.113785
3505 0.128360
3510 0.147258
3515 0.169620
3520 0.194107
3525 0.218957
3530 0.242174
3535 0.261813
3540 0.276293
3545 0.284662
3550 0.286739
3555 0.283116
3560 0.275017
3565 0.264059
3570 0.251985
3575 0.240421
3580 0.230708
3585 0.223804
3590 0.220260
3595 0.220223
3600 0.223458
3605 0.229356
3610 0.236959
3615 0.245007
3620 0.252046
3625 0.256592
3630 0.257345
3635 0.253419
3640 0.244511
3645 0.230995
3650 0.213869
3655 0.194598
3660 0.174875
3665 0.156362
3670 0.140488
3675 0.128351
3680 0.120718
3685 0.118126
3690 0.120998
3695 0.129728
3700 0.144684
3705 0.166100
3710 0.193915
3715 0.227583
3720 0.265952
3725 0.307270
3730 0.349326
3735 0.389731
3740 0.426265
3745 0.457226
3750 0.481678
3755 0.499576
3760 0.511725
3765 0.519609
3770 0.525138
3775 0.530365
3780 0.537226
3785 0.547329
3790 0.561795
3795 0.581143
3800 0.605206
3805 0.633089
3810 0.663170
3815 0.693183
3820 0.720405
3825 0.741945
3830 0.755115
3835 0.757832
3840 0.748961
3845 0.728542
3850 0.697819
3855 0.659096
3860 0.615405
3865 0.570105
3870 0.526465
3875 0.487331
3880 0.454924
3885 0.430776
3890 0.415769
3895 0.410235
3900 0.414031
3905 0.426583
3910 0.446875
3915 0.473413
3920 0.504230
3925 0.536955
3930 0.568992
3935 0.597787
3940 0.621152
3945 0.637556
3950 0.646344
3955 0.647806
3960 0.643102
3965 0.634061
3970 0.622887
3975 0.611863
3980 0.603070
3985 0.598183
3990 0.598321
3995 0.603960
4000 0.614881
4005 0.630145
4010 0.648116
4015 0.666534
4020 0.682692
4025 0.693698
4030 0.696831
4035 0.689939
4040 0.671786
4045 0.642302
4050 0.602646
4055 0.555063
4060 0.502568
4065 0.448514
4070 0.396133
4075 0.348164
4080 0.306614
4085 0.272690
4090 0.246875
4095 0.229095
4100 0.218900
4105 0.215601
4110 0.218336
4115 0.226079
4120 0.237607
4125 0.251503
4130 0.266209
4135 0.280155
4140 0.291950
4145 0.300574
4150 0.305542
4155 0.306970
4160 0.305554
4165 0.302445
4170 0.299076
4175 0.296973
4180 0.297591
4185 0.302193
4190 0.311761
4195 0.326932
4200 0.347914
4205 0.374399
4210 0.405468
4215 0.439534
4220 0.474368
4225 0.507246
4230 0.535222
4235 0.555507
4240 0.565881
4245 0.565056
4250 0.552906
4255 0.530500
4260 0.499939
4265 0.464028
4270 0.425855
4275 0.388388
4280 0.354146
4285 0.325016
4290 0.302206
4295 0.286306
4300 0.277400
4305 0.275177
4310 0.278994
4315 0.287913
4320 0.300699
