   1 -0.700  0.500
   2 -0.700  0.400
   3 -0.700  0.300
   4 -0.700  0.200
   5 -0.700  0.100
   6 -0.700  0.000
   7 -0.700 -0.100
   8 -0.700 -0.200
   9 -0.700 -0.300
  10 -0.700 -0.400
  11 -0.500  0.500
  12 -0.500  0.400
  13 -0.500  0.300
  14 -0.500  0.200
  15 -0.500  0.100
  16 -0.500  0.000
  17 -0.500 -0.100
  18 -0.500 -0.200
  19 -0.500 -0.300
  20 -0.500 -0.400
  21 -0.300  0.500
  22 -0.300  0.400
  23 -0.300  0.300
  24 -0.300  0.200
  25 -0.300  0.100
  26 -0.300  0.000
  27 -0.300 -0.100
  28 -0.300 -0.200
  29 -0.300 -0.300
  30 -0.300 -0.400
  31 -0.100  0.500
  32 -0.100  0.400
  33 -0.100  0.300
  34 -0.100  0.200
  35 -0.100  0.100
  36 -0.100  0.000
  37 -0.100 -0.100
  38 -0.100 -0.200
  39 -0.100 -0.300
  40 -0.100 -0.400
  41  0.100  0.500
  42  0.100  0.400
  43  0.100  0.300
  44  0.100  0.200
  45  0.100  0.100
  46  0.100  0.000
  47  0.100 -0.100
  48  0.100 -0.200
  49  0.100 -0.300
  50  0.100 -0.400
  51  0.300  0.500
  52  0.300  0.400
  53  0.300  0.300
  54  0.300  0.200
  55  0.300  0.100
  56  0.300  0.000
  57  0.300 -0.100
