0 0 0 -0.000260
5 0 0 -0.000205
10 0 0 -0.000190
15 0 0 -0.000200
20 0 0 -0.000224
25 0 0 -0.000248
30 0 0 -0.000260
35 0 0 -0.000252
40 0 0 -0.000233
45 0 0 -0.000220
50 0 0 -0.000223
55 0 0 -0.000234
60 0 0 -0.000240
65 0 0 -0.000235
70 0 0 -0.000229
75 0 0 -0.000240
80 0 0 -0.000276
85 0 0 -0.000316
90 0 0 -0.000330
95 0 0 -0.000299
100 0 0 -0.000250
105 0 0 -0.000220
110 0 0 -0.000235
115 0 0 -0.000275
120 0 0 -0.000310
125 0 0 -0.000319
130 0 0 -0.000315
135 0 0 -0.000320
140 0 0 -0.000348
145 0 0 -0.000379
150 0 0 -0.000380
155 0 0 -0.000335
160 0 0 -0.000274
165 0 0 -0.000240
170 0 0 -0.000261
175 0 0 -0.000304
180 0 0 -0.000320
185 0 0 -0.000276
190 0 0 -0.000207
195 0 0 -0.000160
200 0 0 -0.000171
205 0 0 -0.000212
210 0 0 -0.000240
215 0 0 -0.000225
220 0 0 -0.000188
225 0 0 -0.000160
230 0 0 -0.000166
235 0 0 -0.000190
240 0 0 -0.000210
245 0 0 -0.000206
250 0 0 -0.000186
255 0 0 -0.000160
260 0 0 -0.000140
265 0 0 -0.000129
270 0 0 -0.000130
275 0 0 -0.000143
280 0 0 -0.000157
285 0 0 -0.000160
290 0 0 -0.000145
295 0 0 -0.000122
300 0 0 -0.000110
305 0 0 -0.000119
310 0 0 -0.000138
315 0 0 -0.000150
320 0 0 -0.000145
325 0 0 -0.000130
330 0 0 -0.000120
335 0 0 -0.000124
340 0 0 -0.000137
345 0 0 -0.000150
350 0 0 -0.000155
355 0 0 -0.000151
360 0 0 -0.000140
365 0 0 -0.000123
370 0 0 -0.000109
375 0 0 -0.000110
380 0 0 -0.000131
385 0 0 -0.000160
390 0 0 -0.000180
395 0 0 -0.000180
400 0 0 -0.000166
405 0 0 -0.000150
410 0 0 -0.000140
415 0 0 -0.000137
420 0 0 -0.000140
425 0 0 -0.000148
430 0 0 -0.000153
435 0 0 -0.000150
440 0 0 -0.000134
445 0 0 -0.000119
450 0 0 -0.000120
455 0 0 -0.000147
460 0 0 -0.000182
465 0 0 -0.000200
470 0 0 -0.000184
475 0 0 -0.000153
480 0 0 -0.000130
485 0 0 -0.000135
490 0 0 -0.000160
495 0 0 -0.000190
500 0 0 -0.000211
505 0 0 -0.000219
510 0 0 -0.000210
515 0 0 -0.000185
520 0 0 -0.000160
525 0 0 -0.000150
530 0 0 -0.000167
535 0 0 -0.000193
540 0 0 -0.000200
545 0 0 -0.000174
550 0 0 -0.000141
555 0 0 -0.000140
560 0 0 -0.000194
565 0 0 -0.000267
570 0 0 -0.000310
575 0 0 -0.000289
580 0 0 -0.000231
585 0 0 -0.000180
590 0 0 -0.000168
595 0 0 -0.000182
600 0 0 -0.000200
605 0 0 -0.000204
610 0 0 -0.000198
615 0 0 -0.000190
620 0 0 -0.000187
625 0 0 -0.000186
630 0 0 -0.000180
635 0 0 -0.000165
640 0 0 -0.000146
645 0 0 -0.000130
650 0 0 -0.000124
655 0 0 -0.000128
660 0 0 -0.000140
665 0 0 -0.000157
670 0 0 -0.000171
675 0 0 -0.000170
680 0 0 -0.000149
685 0 0 -0.000122
690 0 0 -0.000110
695 0 0 -0.000128
700 0 0 -0.000176
705 0 0 -0.000250
710 0 0 -0.000340
715 0 0 -0.000416
720 0 0 -0.000440
725 0 0 -0.000389
730 0 0 -0.000294
735 0 0 -0.000200
740 0 0 -0.000144
745 0 0 -0.000134
750 0 0 -0.000170
755 0 0 -0.000247
760 0 0 -0.000331
765 0 0 -0.000380
770 0 0 -0.000369
775 0 0 -0.000330
780 0 0 -0.000310
785 0 0 -0.000343
790 0 0 -0.000405
795 0 0 -0.000460
800 0 0 -0.000479
805 0 0 -0.000466
810 0 0 -0.000430
815 0 0 -0.000383
820 0 0 -0.000334
825 0 0 -0.000290
830 0 0 -0.000259
835 0 0 -0.000237
840 0 0 -0.000220
845 0 0 -0.000205
850 0 0 -0.000196
855 0 0 -0.000200
860 0 0 -0.000220
865 0 0 -0.000246
870 0 0 -0.000260
875 0 0 -0.000254
880 0 0 -0.000238
885 0 0 -0.000230
890 0 0 -0.000240
895 0 0 -0.000256
900 0 0 -0.000260
905 0 0 -0.000241
910 0 0 -0.000214
915 0 0 -0.000200
920 0 0 -0.000213
925 0 0 -0.000240
930 0 0 -0.000260
935 0 0 -0.000260
940 0 0 -0.000248
945 0 0 -0.000240
950 0 0 -0.000246
955 0 0 -0.000257
960 0 0 -0.000260
965 0 0 -0.000247
970 0 0 -0.000226
975 0 0 -0.000210
980 0 0 -0.000209
985 0 0 -0.000219
990 0 0 -0.000230
995 0 0 -0.000236
1000 0 0 -0.000235
1005 0 0 -0.000230
1010 0 0 -0.000221
1015 0 0 -0.000213
1020 0 0 -0.000210
1025 0 0 -0.000215
1030 0 0 -0.000231
1035 0 0 -0.000260
1040 0 0 -0.000300
1045 0 0 -0.000333
1050 0 0 -0.000340
1055 0 0 -0.000309
1060 0 0 -0.000261
1065 0 0 -0.000230
1070 0 0 -0.000237
1075 0 0 -0.000268
1080 0 0 -0.000300
1085 0 0 -0.000315
1090 0 0 -0.000313
1095 0 0 -0.000300
1100 0 0 -0.000280
1105 0 0 -0.000258
1110 0 0 -0.000240
1115 0 0 -0.000230
1120 0 0 -0.000227
1125 0 0 -0.000230
1130 0 0 -0.000236
1135 0 0 -0.000241
1140 0 0 -0.000240
1145 0 0 -0.000231
1150 0 0 -0.000218
1155 0 0 -0.000210
1160 0 0 -0.000212
1165 0 0 -0.000220
1170 0 0 -0.000230
1175 0 0 -0.000237
1180 0 0 -0.000237
1185 0 0 -0.000230
1190 0 0 -0.000216
1195 0 0 -0.000204
1200 0 0 -0.000210
1205 0 0 -0.000239
1210 0 0 -0.000271
1215 0 0 -0.000280
1220 0 0 -0.000250
1225 0 0 -0.000202
1230 0 0 -0.000170
1235 0 0 -0.000176
1240 0 0 -0.000201
1245 0 0 -0.000220
1250 0 0 -0.000212
1255 0 0 -0.000189
1260 0 0 -0.000170
1265 0 0 -0.000170
1270 0 0 -0.000183
1275 0 0 -0.000200
1280 0 0 -0.000212
1285 0 0 -0.000216
1290 0 0 -0.000210
1295 0 0 -0.000193
1300 0 0 -0.000176
1305 0 0 -0.000170
1310 0 0 -0.000183
1315 0 0 -0.000205
1320 0 0 -0.000220
1325 0 0 -0.000218
1330 0 0 -0.000207
1335 0 0 -0.000200
1340 0 0 -0.000205
1345 0 0 -0.000215
1350 0 0 -0.000220
1355 0 0 -0.000211
1360 0 0 -0.000195
1365 0 0 -0.000180
1370 0 0 -0.000175
1375 0 0 -0.000182
1380 0 0 -0.000200
1385 0 0 -0.000227
1390 0 0 -0.000251
1395 0 0 -0.000260
1400 0 0 -0.000245
1405 0 0 -0.000221
1410 0 0 -0.000210
1415 0 0 -0.000224
1420 0 0 -0.000248
1425 0 0 -0.000260
1430 0 0 -0.000244
1435 0 0 -0.000216
1440 0 0 -0.000200
1445 0 0 -0.000212
1450 0 0 -0.000239
1455 0 0 -0.000260
1460 0 0 -0.000259
1465 0 0 -0.000245
1470 0 0 -0.000230
1475 0 0 -0.000225
1480 0 0 -0.000232
1485 0 0 -0.000250
1490 0 0 -0.000276
1495 0 0 -0.000295
1500 0 0 -0.000290
1505 0 0 -0.000253
1510 0 0 -0.000211
1515 0 0 -0.000200
1520 0 0 -0.000243
1525 0 0 -0.000305
1530 0 0 -0.000340
1535 0 0 -0.000315
1540 0 0 -0.000260
1545 0 0 -0.000220
1550 0 0 -0.000228
1555 0 0 -0.000266
1560 0 0 -0.000300
1565 0 0 -0.000307
1570 0 0 -0.000298
1575 0 0 -0.000290
1580 0 0 -0.000297
1585 0 0 -0.000309
1590 0 0 -0.000310
1595 0 0 -0.000291
1600 0 0 -0.000265
1605 0 0 -0.000250
1610 0 0 -0.000259
1615 0 0 -0.000274
1620 0 0 -0.000270
1625 0 0 -0.000233
1630 0 0 -0.000185
1635 0 0 -0.000160
1640 0 0 -0.000178
1645 0 0 -0.000216
1650 0 0 -0.000240
1655 0 0 -0.000225
1660 0 0 -0.000189
1665 0 0 -0.000160
1670 0 0 -0.000158
1675 0 0 -0.000172
1680 0 0 -0.000180
1685 0 0 -0.000168
1690 0 0 -0.000144
1695 0 0 -0.000120
1700 0 0 -0.000108
1705 0 0 -0.000109
1710 0 0 -0.000120
1715 0 0 -0.000139
1720 0 0 -0.000156
1725 0 0 -0.000160
1730 0 0 -0.000144
1735 0 0 -0.000121
1740 0 0 -0.000110
1745 0 0 -0.000123
1750 0 0 -0.000146
1755 0 0 -0.000160
1760 0 0 -0.000153
1765 0 0 -0.000136
1770 0 0 -0.000130
1775 0 0 -0.000146
1780 0 0 -0.000172
1785 0 0 -0.000190
1790 0 0 -0.000186
1795 0 0 -0.000166
1800 0 0 -0.000140
1805 0 0 -0.000119
1810 0 0 -0.000107
1815 0 0 -0.000110
1820 0 0 -0.000128
1825 0 0 -0.000149
1830 0 0 -0.000160
1835 0 0 -0.000150
1840 0 0 -0.000129
1845 0 0 -0.000110
1850 0 0 -0.000103
1855 0 0 -0.000105
1860 0 0 -0.000110
1865 0 0 -0.000114
1870 0 0 -0.000114
1875 0 0 -0.000110
1880 0 0 -0.000101
1885 0 0 -0.000095
1890 0 0 -0.000100
1895 0 0 -0.000121
1900 0 0 -0.000144
1905 0 0 -0.000150
1910 0 0 -0.000128
1915 0 0 -0.000094
1920 0 0 -0.000070
1925 0 0 -0.000072
1930 0 0 -0.000091
1935 0 0 -0.000110
1940 0 0 -0.000117
1945 0 0 -0.000112
1950 0 0 -0.000100
1955 0 0 -0.000085
1960 0 0 -0.000075
1965 0 0 -0.000080
1970 0 0 -0.000104
1975 0 0 -0.000131
1980 0 0 -0.000140
1985 0 0 -0.000119
1990 0 0 -0.000091
1995 0 0 -0.000090
2000 0 0 -0.000136
2005 0 0 -0.000203
2010 0 0 -0.000250
2015 0 0 -0.000250
2020 0 0 -0.000223
2025 0 0 -0.000200
2030 0 0 -0.000205
2035 0 0 -0.000228
2040 0 0 -0.000250
2045 0 0 -0.000257
2050 0 0 -0.000256
2055 0 0 -0.000260
2060 0 0 -0.000276
2065 0 0 -0.000289
2070 0 0 -0.000280
2075 0 0 -0.000238
2080 0 0 -0.000184
2085 0 0 -0.000150
2090 0 0 -0.000157
2095 0 0 -0.000188
2100 0 0 -0.000220
2105 0 0 -0.000233
2110 0 0 -0.000236
2115 0 0 -0.000240
2120 0 0 -0.000256
2125 0 0 -0.000279
2130 0 0 -0.000300
2135 0 0 -0.000311
2140 0 0 -0.000308
2145 0 0 -0.000290
2150 0 0 -0.000256
2155 0 0 -0.000215
2160 0 0 -0.000180
2165 0 0 -0.000160
2170 0 0 -0.000155
2175 0 0 -0.000160
2180 0 0 -0.000172
2185 0 0 -0.000184
2190 0 0 -0.000190
2195 0 0 -0.000184
2200 0 0 -0.000169
2205 0 0 -0.000150
2210 0 0 -0.000132
2215 0 0 -0.000125
2220 0 0 -0.000140
2225 0 0 -0.000181
2230 0 0 -0.000225
2235 0 0 -0.000240
2240 0 0 -0.000208
2245 0 0 -0.000156
2250 0 0 -0.000120
2255 0 0 -0.000127
2260 0 0 -0.000158
2265 0 0 -0.000180
2270 0 0 -0.000172
2275 0 0 -0.000153
2280 0 0 -0.000150
2285 0 0 -0.000183
2290 0 0 -0.000235
2295 0 0 -0.000280
2300 0 0 -0.000298
2305 0 0 -0.000292
2310 0 0 -0.000270
2315 0 0 -0.000240
2320 0 0 -0.000216
2325 0 0 -0.000210
2330 0 0 -0.000229
2335 0 0 -0.000251
2340 0 0 -0.000250
2345 0 0 -0.000208
2350 0 0 -0.000152
2355 0 0 -0.000120
2360 0 0 -0.000136
2365 0 0 -0.000175
2370 0 0 -0.000200
2375 0 0 -0.000184
2380 0 0 -0.000147
2385 0 0 -0.000120
2390 0 0 -0.000124
2395 0 0 -0.000148
2400 0 0 -0.000170
2405 0 0 -0.000175
2410 0 0 -0.000168
2415 0 0 -0.000160
2420 0 0 -0.000160
2425 0 0 -0.000167
2430 0 0 -0.000180
2435 0 0 -0.000195
2440 0 0 -0.000205
2445 0 0 -0.000200
2450 0 0 -0.000176
2455 0 0 -0.000152
2460 0 0 -0.000150
2465 0 0 -0.000184
2470 0 0 -0.000225
2475 0 0 -0.000230
2480 0 0 -0.000185
2485 0 0 -0.000177
2490 0 0 -0.000320
2495 0 0 -0.000671
2500 0 0 -0.001067
2505 0 0 -0.001290
2510 0 0 -0.001190
2515 0 0 -0.000890
2520 0 0 -0.000580
2525 0 0 -0.000409
2530 0 0 -0.000356
2535 0 0 -0.000360
2540 0 0 -0.000369
2545 0 0 -0.000370
2550 0 0 -0.000360
2555 0 0 -0.000342
2560 0 0 -0.000336
2565 0 0 -0.000370
2570 0 0 -0.000456
2575 0 0 -0.000554
2580 0 0 -0.000610
2585 0 0 -0.000587
2590 0 0 -0.000515
2595 0 0 -0.000440
2600 0 0 -0.000416
2605 0 0 -0.000533
2610 0 0 -0.000890
2615 0 0 -0.001522
2620 0 0 -0.002210
2625 0 0 -0.002670
2630 0 0 -0.002700
2635 0 0 -0.002415
2640 0 0 -0.002010
2645 0 0 -0.001644
2650 0 0 -0.001339
2655 0 0 -0.001080
2660 0 0 -0.000855
2665 0 0 -0.000664
2670 0 0 -0.000510
2675 0 0 -0.000394
2680 0 0 -0.000317
2685 0 0 -0.000280
2690 0 0 -0.000280
2695 0 0 -0.000298
2700 0 0 -0.000310
2705 0 0 -0.000300
2710 0 0 -0.000281
2715 0 0 -0.000270
2720 0 0 -0.000280
2725 0 0 -0.000297
2730 0 0 -0.000300
2735 0 0 -0.000277
2740 0 0 -0.000246
2745 0 0 -0.000230
2750 0 0 -0.000247
2755 0 0 -0.000278
2760 0 0 -0.000300
2765 0 0 -0.000294
2770 0 0 -0.000274
2775 0 0 -0.000260
2780 0 0 -0.000267
2785 0 0 -0.000278
2790 0 0 -0.000270
2795 0 0 -0.000248
2800 0 0 -0.000334
2805 0 0 -0.000680
2810 0 0 -0.001361
2815 0 0 -0.002139
2820 0 0 -0.002700
2825 0 0 -0.002809
2830 0 0 -0.002545
2835 0 0 -0.002070
2840 0 0 -0.001529
2845 0 0 -0.001013
2850 0 0 -0.000600
2855 0 0 -0.000346
2860 0 0 -0.000220
2865 0 0 -0.000170
2870 0 0 -0.000150
2875 0 0 -0.000143
2880 0 0 -0.000140
2885 0 0 -0.000134
2890 0 0 -0.000128
2895 0 0 -0.000130
2900 0 0 -0.000143
2905 0 0 -0.000157
2910 0 0 -0.000160
2915 0 0 -0.000144
2920 0 0 -0.000122
2925 0 0 -0.000110
2930 0 0 -0.000121
2935 0 0 -0.000143
2940 0 0 -0.000160
2945 0 0 -0.000160
2950 0 0 -0.000157
2955 0 0 -0.000170
2960 0 0 -0.000211
2965 0 0 -0.000256
2970 0 0 -0.000270
2975 0 0 -0.000234
2980 0 0 -0.000174
2985 0 0 -0.000130
2990 0 0 -0.000131
2995 0 0 -0.000163
3000 0 0 -0.000200
3005 0 0 -0.000221
3010 0 0 -0.000223
3015 0 0 -0.000210
3020 0 0 -0.000184
3025 0 0 -0.000157
3030 0 0 -0.000140
3035 0 0 -0.000141
3040 0 0 -0.000152
3045 0 0 -0.000160
3050 0 0 -0.000157
3055 0 0 -0.000148
3060 0 0 -0.000140
3065 0 0 -0.000139
3070 0 0 -0.000141
3075 0 0 -0.000140
3080 0 0 -0.000133
3085 0 0 -0.000123
3090 0 0 -0.000120
3095 0 0 -0.000126
3100 0 0 -0.000134
3105 0 0 -0.000130
3110 0 0 -0.000109
3115 0 0 -0.000083
3120 0 0 -0.000070
3125 0 0 -0.000082
3130 0 0 -0.000105
3135 0 0 -0.000120
3140 0 0 -0.000113
3145 0 0 -0.000095
3150 0 0 -0.000080
3155 0 0 -0.000081
3160 0 0 -0.000094
3165 0 0 -0.000110
3170 0 0 -0.000122
3175 0 0 -0.000127
3180 0 0 -0.000120
3185 0 0 -0.000101
3190 0 0 -0.000080
3195 0 0 -0.000070
3200 0 0 -0.000080
3205 0 0 -0.000098
3210 0 0 -0.000110
3215 0 0 -0.000105
3220 0 0 -0.000096
3225 0 0 -0.000100
3230 0 0 -0.000128
3235 0 0 -0.000163
3240 0 0 -0.000180
3245 0 0 -0.000171
3250 0 0 -0.000201
3255 0 0 -0.000350
3260 0 0 -0.000661
3265 0 0 -0.001021
3270 0 0 -0.001280
3275 0 0 -0.001324
3280 0 0 -0.001187
3285 0 0 -0.000940
3290 0 0 -0.000653
3295 0 0 -0.000387
3300 0 0 -0.000200
3305 0 0 -0.000132
3310 0 0 -0.000143
3315 0 0 -0.000170
3320 0 0 -0.000168
3325 0 0 -0.000146
3330 0 0 -0.000130
3335 0 0 -0.000138
3340 0 0 -0.000163
3345 0 0 -0.000190
3350 0 0 -0.000209
3355 0 0 -0.000219
3360 0 0 -0.000220
3365 0 0 -0.000215
3370 0 0 -0.000209
3375 0 0 -0.000210
3380 0 0 -0.000220
3385 0 0 -0.000231
3390 0 0 -0.000230
3395 0 0 -0.000210
3400 0 0 -0.000184
3405 0 0 -0.000170
3410 0 0 -0.000180
3415 0 0 -0.000201
3420 0 0 -0.000210
3425 0 0 -0.000196
3430 0 0 -0.000180
3435 0 0 -0.000190
3440 0 0 -0.000244
3445 0 0 -0.000309
3450 0 0 -0.000340
3455 0 0 -0.000307
3460 0 0 -0.000244
3465 0 0 -0.000200
3470 0 0 -0.000210
3475 0 0 -0.000252
3480 0 0 -0.000290
3485 0 0 -0.000296
3490 0 0 -0.000283
3495 0 0 -0.000270
3500 0 0 -0.000273
3505 0 0 -0.000281
3510 0 0 -0.000280
3515 0 0 -0.000259
3520 0 0 -0.000232
3525 0 0 -0.000220
3530 0 0 -0.000235
3535 0 0 -0.000263
3540 0 0 -0.000280
3545 0 0 -0.000270
3550 0 0 -0.000242
3555 0 0 -0.000210
3560 0 0 -0.000187
3565 0 0 -0.000176
3570 0 0 -0.000180
3575 0 0 -0.000197
3580 0 0 -0.000216
3585 0 0 -0.000220
3590 0 0 -0.000201
3595 0 0 -0.000174
3600 0 0 -0.000160
3605 0 0 -0.000173
3610 0 0 -0.000197
3615 0 0 -0.000210
3620 0 0 -0.000196
3625 0 0 -0.000174
3630 0 0 -0.000170
3635 0 0 -0.000200
3640 0 0 -0.000239
3645 0 0 -0.000250
3650 0 0 -0.000210
3655 0 0 -0.000152
3660 0 0 -0.000120
3665 0 0 -0.000145
3670 0 0 -0.000192
3675 0 0 -0.000210
3680 0 0 -0.000165
3685 0 0 -0.000094
3690 0 0 -0.000050
3695 0 0 -0.000069
3700 0 0 -0.000118
3705 0 0 -0.000150
3710 0 0 -0.000130
3715 0 0 -0.000086
3720 0 0 -0.000060
3725 0 0 -0.000082
3730 0 0 -0.000125
3735 0 0 -0.000150
3740 0 0 -0.000130
3745 0 0 -0.000088
3750 0 0 -0.000060
3755 0 0 -0.000071
3760 0 0 -0.000103
3765 0 0 -0.000130
3770 0 0 -0.000131
3775 0 0 -0.000113
3780 0 0 -0.000090
3785 0 0 -0.000074
3790 0 0 -0.000072
3795 0 0 -0.000090
3800 0 0 -0.000130
3805 0 0 -0.000169
3810 0 0 -0.000180
3815 0 0 -0.000147
3820 0 0 -0.000095
3825 0 0 -0.000060
3830 0 0 -0.000068
3835 0 0 -0.000101
3840 0 0 -0.000130
3845 0 0 -0.000134
3850 0 0 -0.000125
3855 0 0 -0.000120
3860 0 0 -0.000135
3865 0 0 -0.000172
3870 0 0 -0.000230
3875 0 0 -0.000305
3880 0 0 -0.000388
3885 0 0 -0.000470
3890 0 0 -0.000546
3895 0 0 -0.000637
3900 0 0 -0.000770
3905 0 0 -0.000958
3910 0 0 -0.001162
3915 0 0 -0.001330
3920 0 0 -0.001417
3925 0 0 -0.001399
3930 0 0 -0.001260
3935 0 0 -0.001002
3940 0 0 -0.000698
3945 0 0 -0.000440
3950 0 0 -0.000313
3955 0 0 -0.000368
3960 0 0 -0.000650
3965 0 0 -0.001153
3970 0 0 -0.001679
3975 0 0 -0.001980
3980 0 0 -0.001885
3985 0 0 -0.001528
3990 0 0 -0.001120
3995 0 0 -0.000832
4000 0 0 -0.000670
4005 0 0 -0.000600
4010 0 0 -0.000585
4015 0 0 -0.000586
4020 0 0 -0.000560
4025 0 0 -0.000482
4030 0 0 -0.000385
4035 0 0 -0.000320
4040 0 0 -0.000322
4045 0 0 -0.000376
4050 0 0 -0.000450
4055 0 0 -0.000517
4060 0 0 -0.000557
4065 0 0 -0.000550
4070 0 0 -0.000487
4075 0 0 -0.000403
4080 0 0 -0.000340
4085 0 0 -0.000330
4090 0 0 -0.000349
4095 0 0 -0.000360
4100 0 0 -0.000340
4105 0 0 -0.000317
4110 0 0 -0.000330
4115 0 0 -0.000403
4120 0 0 -0.000491
4125 0 0 -0.000530
4130 0 0 -0.000478
4135 0 0 -0.000372
4140 0 0 -0.000270
4145 0 0 -0.000216
4150 0 0 -0.000205
4155 0 0 -0.000220
4160 0 0 -0.000244
4165 0 0 -0.000267
4170 0 0 -0.000280
4175 0 0 -0.000277
4180 0 0 -0.000256
4185 0 0 -0.000220
4190 0 0 -0.000191
4195 0 0 -0.000275
4200 0 0 -0.000600
4205 0 0 -0.001230
4210 0 0 -0.001970
4215 0 0 -0.002560
4220 0 0 -0.002793
4225 0 0 -0.002676
4230 0 0 -0.002270
4235 0 0 -0.001654
4240 0 0 -0.000993
4245 0 0 -0.000470
4250 0 0 -0.000218
4255 0 0 -0.000165
4260 0 0 -0.000190
4265 0 0 -0.000193
4270 0 0 -0.000170
4275 0 0 -0.000140
4280 0 0 -0.000120
4285 0 0 -0.000113
4290 0 0 -0.000120
4295 0 0 -0.000139
4300 0 0 -0.000157
4305 0 0 -0.000160
4310 0 0 -0.000139
4315 0 0 -0.000113
4320 0 0 -0.000110
4325 0 0 -0.000144
4330 0 0 -0.000190
4335 0 0 -0.000210
4340 0 0 -0.000180
4345 0 0 -0.000127
4350 0 0 -0.000090
4355 0 0 -0.000098
4360 0 0 -0.000131
4365 0 0 -0.000160
4370 0 0 -0.000162
4375 0 0 -0.000144
4380 0 0 -0.000120
4385 0 0 -0.000104
4390 0 0 -0.000102
4395 0 0 -0.000120
4400 0 0 -0.000158
4405 0 0 -0.000196
4410 0 0 -0.000210
4415 0 0 -0.000185
4420 0 0 -0.000146
4425 0 0 -0.000130
4430 0 0 -0.000160
4435 0 0 -0.000217
4440 0 0 -0.000270
4445 0 0 -0.000295
4450 0 0 -0.000295
4455 0 0 -0.000280
4460 0 0 -0.000257
4465 0 0 -0.000230
4470 0 0 -0.000200
4475 0 0 -0.000171
4480 0 0 -0.000151
4485 0 0 -0.000150
4490 0 0 -0.000171
4495 0 0 -0.000198
4500 0 0 -0.000210
4505 0 0 -0.000192
4510 0 0 -0.000161
4515 0 0 -0.000140
4520 0 0 -0.000147
4525 0 0 -0.000170
4530 0 0 -0.000190
4535 0 0 -0.000193
4540 0 0 -0.000184
4545 0 0 -0.000170
4550 0 0 -0.000160
4555 0 0 -0.000156
4560 0 0 -0.000160
4565 0 0 -0.000171
4570 0 0 -0.000180
4575 0 0 -0.000180
4580 0 0 -0.000164
4585 0 0 -0.000145
4590 0 0 -0.000140
4595 0 0 -0.000158
4600 0 0 -0.000188
4605 0 0 -0.000210
4610 0 0 -0.000211
4615 0 0 -0.000197
4620 0 0 -0.000180
4625 0 0 -0.000170
4630 0 0 -0.000167
4635 0 0 -0.000170
4640 0 0 -0.000176
4645 0 0 -0.000182
4650 0 0 -0.000180
4655 0 0 -0.000169
4660 0 0 -0.000156
4665 0 0 -0.000150
4670 0 0 -0.000158
4675 0 0 -0.000172
4680 0 0 -0.000180
4685 0 0 -0.000176
4690 0 0 -0.000176
4695 0 0 -0.000200
4700 0 0 -0.000258
4705 0 0 -0.000321
4710 0 0 -0.000350
4715 0 0 -0.000320
4720 0 0 -0.000259
4725 0 0 -0.000210
4730 0 0 -0.000204
4735 0 0 -0.000226
4740 0 0 -0.000250
4745 0 0 -0.000254
4750 0 0 -0.000242
4755 0 0 -0.000220
4760 0 0 -0.000197
4765 0 0 -0.000182
4770 0 0 -0.000180
4775 0 0 -0.000196
4780 0 0 -0.000219
4785 0 0 -0.000230
4790 0 0 -0.000220
4795 0 0 -0.000198
4800 0 0 -0.000180
4805 0 0 -0.000177
4810 0 0 -0.000186
4815 0 0 -0.000200
4820 0 0 -0.000212
4825 0 0 -0.000218
4830 0 0 -0.000210
4835 0 0 -0.000187
4840 0 0 -0.000162
4845 0 0 -0.000150
4850 0 0 -0.000160
4855 0 0 -0.000174
4860 0 0 -0.000170
4865 0 0 -0.000134
4870 0 0 -0.000096
4875 0 0 -0.000100
4880 0 0 -0.000170
4885 0 0 -0.000266
4890 0 0 -0.000330
4895 0 0 -0.000321
4900 0 0 -0.000267
4905 0 0 -0.000210
4910 0 0 -0.000184
4915 0 0 -0.000183
4920 0 0 -0.000190
4925 0 0 -0.000193
4930 0 0 -0.000192
4935 0 0 -0.000190
4940 0 0 -0.000188
4945 0 0 -0.000181
4950 0 0 -0.000160
4955 0 0 -0.000122
4960 0 0 -0.000085
4965 0 0 -0.000070
4970 0 0 -0.000092
4975 0 0 -0.000128
4980 0 0 -0.000150
4985 0 0 -0.000137
4990 0 0 -0.000107
4995 0 0 -0.000090
5000 0 0 -0.000105
5005 0 0 -0.000134
5010 0 0 -0.000150
5015 0 0 -0.000134
5020 0 0 -0.000105
5025 0 0 -0.000090
5030 0 0 -0.000108
5035 0 0 -0.000144
5040 0 0 -0.000170
5045 0 0 -0.000169
5050 0 0 -0.000151
5055 0 0 -0.000130
5060 0 0 -0.000120
5065 0 0 -0.000122
5070 0 0 -0.000130
5075 0 0 -0.000142
5080 0 0 -0.000151
5085 0 0 -0.000150
5090 0 0 -0.000137
5095 0 0 -0.000122
5100 0 0 -0.000120
5105 0 0 -0.000139
5110 0 0 -0.000163
5115 0 0 -0.000170
5120 0 0 -0.000145
5125 0 0 -0.000112
5130 0 0 -0.000100
5135 0 0 -0.000130
5140 0 0 -0.000179
5145 0 0 -0.000210
5150 0 0 -0.000199
5155 0 0 -0.000163
5160 0 0 -0.000130
5165 0 0 -0.000120
5170 0 0 -0.000127
5175 0 0 -0.000140
5180 0 0 -0.000148
5185 0 0 -0.000148
5190 0 0 -0.000140
5195 0 0 -0.000126
5200 0 0 -0.000113
5205 0 0 -0.000110
5210 0 0 -0.000123
5215 0 0 -0.000141
5220 0 0 -0.000150
5225 0 0 -0.000140
5230 0 0 -0.000122
5235 0 0 -0.000110
5240 0 0 -0.000116
5245 0 0 -0.000136
5250 0 0 -0.000160
5255 0 0 -0.000180
5260 0 0 -0.000189
5265 0 0 -0.000180
5270 0 0 -0.000152
5275 0 0 -0.000119
5280 0 0 -0.000100
5285 0 0 -0.000107
5290 0 0 -0.000127
5295 0 0 -0.000140
5300 0 0 -0.000132
5305 0 0 -0.000118
5310 0 0 -0.000120
5315 0 0 -0.000149
5320 0 0 -0.000180
5325 0 0 -0.000180
5330 0 0 -0.000137
5335 0 0 -0.000138
5340 0 0 -0.000290
5345 0 0 -0.000657
5350 0 0 -0.001111
5355 0 0 -0.001480
5360 0 0 -0.001629
5365 0 0 -0.001587
5370 0 0 -0.001420
5375 0 0 -0.001192
5380 0 0 -0.000951
5385 0 0 -0.000740
5390 0 0 -0.000597
5395 0 0 -0.000533
5400 0 0 -0.000550
5405 0 0 -0.000641
5410 0 0 -0.000751
5415 0 0 -0.000810
5420 0 0 -0.000773
5425 0 0 -0.000682
5430 0 0 -0.000600
5435 0 0 -0.000574
5440 0 0 -0.000586
5445 0 0 -0.000600
5450 0 0 -0.000587
5455 0 0 -0.000548
5460 0 0 -0.000490
5465 0 0 -0.000420
5470 0 0 -0.000349
5475 0 0 -0.000290
5480 0 0 -0.000251
5485 0 0 -0.000232
5490 0 0 -0.000230
5495 0 0 -0.000242
5500 0 0 -0.000264
5505 0 0 -0.000290
5510 0 0 -0.000317
5515 0 0 -0.000348
5520 0 0 -0.000390
5525 0 0 -0.000442
5530 0 0 -0.000480
5535 0 0 -0.000470
5540 0 0 -0.000396
5545 0 0 -0.000295
5550 0 0 -0.000220
5555 0 0 -0.000207
5560 0 0 -0.000233
5565 0 0 -0.000260
5570 0 0 -0.000259
5575 0 0 -0.000239
5580 0 0 -0.000220
5585 0 0 -0.000216
5590 0 0 -0.000225
5595 0 0 -0.000240
5600 0 0 -0.000254
5605 0 0 -0.000257
5610 0 0 -0.000240
5615 0 0 -0.000203
5620 0 0 -0.000186
5625 0 0 -0.000240
5630 0 0 -0.000390
5635 0 0 -0.000563
5640 0 0 -0.000660
5645 0 0 -0.000614
5650 0 0 -0.000476
5655 0 0 -0.000330
5660 0 0 -0.000241
5665 0 0 -0.000205
5670 0 0 -0.000200
5675 0 0 -0.000208
5680 0 0 -0.000217
5685 0 0 -0.000220
5690 0 0 -0.000212
5695 0 0 -0.000201
5700 0 0 -0.000200
5705 0 0 -0.000215
5710 0 0 -0.000234
5715 0 0 -0.000240
5720 0 0 -0.000222
5725 0 0 -0.000190
5730 0 0 -0.000160
5735 0 0 -0.000145
5740 0 0 -0.000144
5745 0 0 -0.000150
5750 0 0 -0.000159
5755 0 0 -0.000165
5760 0 0 -0.000160
5765 0 0 -0.000142
5770 0 0 -0.000121
5775 0 0 -0.000110
5780 0 0 -0.000119
5785 0 0 -0.000139
5790 0 0 -0.000160
5795 0 0 -0.000171
5800 0 0 -0.000168
5805 0 0 -0.000150
5810 0 0 -0.000120
5815 0 0 -0.000096
5820 0 0 -0.000100
5825 0 0 -0.000146
5830 0 0 -0.000213
5835 0 0 -0.000270
5840 0 0 -0.000294
5845 0 0 -0.000292
5850 0 0 -0.000280
5855 0 0 -0.000271
5860 0 0 -0.000271
5865 0 0 -0.000280
5870 0 0 -0.000300
5875 0 0 -0.000323
5880 0 0 -0.000340
5885 0 0 -0.000343
5890 0 0 -0.000332
5895 0 0 -0.000310
5900 0 0 -0.000282
5905 0 0 -0.000257
5910 0 0 -0.000250
5915 0 0 -0.000266
5920 0 0 -0.000287
5925 0 0 -0.000290
5930 0 0 -0.000259
5935 0 0 -0.000215
5940 0 0 -0.000190
5945 0 0 -0.000204
5950 0 0 -0.000237
5955 0 0 -0.000260
5960 0 0 -0.000251
5965 0 0 -0.000221
5970 0 0 -0.000190
5975 0 0 -0.000173
5980 0 0 -0.000171
5985 0 0 -0.000180
5990 0 0 -0.000197
5995 0 0 -0.000213
6000 0 0 -0.000220
6005 0 0 -0.000211
6010 0 0 -0.000194
6015 0 0 -0.000180
6020 0 0 -0.000178
6025 0 0 -0.000184
6030 0 0 -0.000190
6035 0 0 -0.000191
6040 0 0 -0.000188
6045 0 0 -0.000180
6050 0 0 -0.000170
6055 0 0 -0.000159
6060 0 0 -0.000150
6065 0 0 -0.000144
6070 0 0 -0.000143
6075 0 0 -0.000150
6080 0 0 -0.000167
6085 0 0 -0.000191
6090 0 0 -0.000220
6095 0 0 -0.000245
6100 0 0 -0.000239
6105 0 0 -0.000170
6110 0 0 -0.000037
6115 0 0 0.000030
6120 0 0 -0.000130
6125 0 0 -0.000600
6130 0 0 -0.001145
6135 0 0 -0.001450
6140 0 0 -0.001300
6145 0 0 -0.000872
6150 0 0 -0.000440
6155 0 0 -0.000216
6160 0 0 -0.000160
6165 0 0 -0.000170
6170 0 0 -0.000163
6175 0 0 -0.000137
6180 0 0 -0.000110
6185 0 0 -0.000096
6190 0 0 -0.000095
6195 0 0 -0.000100
6200 0 0 -0.000108
6205 0 0 -0.000117
6210 0 0 -0.000130
6215 0 0 -0.000146
6220 0 0 -0.000163
6225 0 0 -0.000180
6230 0 0 -0.000195
6235 0 0 -0.000200
6240 0 0 -0.000190
6245 0 0 -0.000161
6250 0 0 -0.000128
6255 0 0 -0.000110
6260 0 0 -0.000121
6265 0 0 -0.000147
6270 0 0 -0.000170
6275 0 0 -0.000175
6280 0 0 -0.000166
6285 0 0 -0.000150
6290 0 0 -0.000134
6295 0 0 -0.000120
6300 0 0 -0.000110
6305 0 0 -0.000106
6310 0 0 -0.000114
6315 0 0 -0.000140
6320 0 0 -0.000184
6325 0 0 -0.000226
6330 0 0 -0.000240
6335 0 0 -0.000211
6340 0 0 -0.000163
6345 0 0 -0.000130
6350 0 0 -0.000137
6355 0 0 -0.000171
6360 0 0 -0.000210
6365 0 0 -0.000235
6370 0 0 -0.000245
6375 0 0 -0.000240
6380 0 0 -0.000224
6385 0 0 -0.000202
6390 0 0 -0.000180
6395 0 0 -0.000164
6400 0 0 -0.000155
6405 0 0 -0.000150
6410 0 0 -0.000150
6415 0 0 -0.000153
6420 0 0 -0.000160
6425 0 0 -0.000169
6430 0 0 -0.000175
6435 0 0 -0.000170
6440 0 0 -0.000151
6445 0 0 -0.000129
6450 0 0 -0.000120
6455 0 0 -0.000132
6460 0 0 -0.000155
6465 0 0 -0.000170
6470 0 0 -0.000166
6475 0 0 -0.000149
6480 0 0 -0.000130
6485 0 0 -0.000120
6490 0 0 -0.000123
6495 0 0 -0.000140
6500 0 0 -0.000171
6505 0 0 -0.000200
6510 0 0 -0.000210
6515 0 0 -0.000188
6520 0 0 -0.000153
6525 0 0 -0.000130
6530 0 0 -0.000136
6535 0 0 -0.000156
6540 0 0 -0.000170
6545 0 0 -0.000163
6550 0 0 -0.000154
6555 0 0 -0.000170
6560 0 0 -0.000228
6565 0 0 -0.000303
6570 0 0 -0.000360
6575 0 0 -0.000372
6580 0 0 -0.000344
6585 0 0 -0.000290
6590 0 0 -0.000225
6595 0 0 -0.000166
6600 0 0 -0.000130
6605 0 0 -0.000128
6610 0 0 -0.000147
6615 0 0 -0.000170
6620 0 0 -0.000181
6625 0 0 -0.000179
6630 0 0 -0.000170
6635 0 0 -0.000156
6640 0 0 -0.000144
6645 0 0 -0.000140
6650 0 0 -0.000147
6655 0 0 -0.000157
6660 0 0 -0.000160
6665 0 0 -0.000149
6670 0 0 -0.000130
6675 0 0 -0.000110
6680 0 0 -0.000096
6685 0 0 -0.000092
6690 0 0 -0.000100
6695 0 0 -0.000120
6700 0 0 -0.000141
6705 0 0 -0.000150
6710 0 0 -0.000139
6715 0 0 -0.000117
6720 0 0 -0.000100
6725 0 0 -0.000098
6730 0 0 -0.000107
6735 0 0 -0.000120
6740 0 0 -0.000131
6745 0 0 -0.000136
6750 0 0 -0.000130
6755 0 0 -0.000112
6760 0 0 -0.000091
6765 0 0 -0.000080
6770 0 0 -0.000087
6775 0 0 -0.000106
6780 0 0 -0.000130
6785 0 0 -0.000151
6790 0 0 -0.000169
6795 0 0 -0.000190
6800 0 0 -0.000213
6805 0 0 -0.000230
6810 0 0 -0.000230
6815 0 0 -0.000207
6820 0 0 -0.000177
6825 0 0 -0.000160
6830 0 0 -0.000171
6835 0 0 -0.000200
6840 0 0 -0.000230
6845 0 0 -0.000247
6850 0 0 -0.000247
6855 0 0 -0.000230
6860 0 0 -0.000198
6865 0 0 -0.000166
6870 0 0 -0.000150
6875 0 0 -0.000162
6880 0 0 -0.000183
6885 0 0 -0.000190
6890 0 0 -0.000167
6895 0 0 -0.000131
6900 0 0 -0.000110
6905 0 0 -0.000121
6910 0 0 -0.000151
6915 0 0 -0.000180
6920 0 0 -0.000191
6925 0 0 -0.000188
6930 0 0 -0.000180
6935 0 0 -0.000174
6940 0 0 -0.000171
6945 0 0 -0.000170
6950 0 0 -0.000171
6955 0 0 -0.000171
6960 0 0 -0.000170
6965 0 0 -0.000165
6970 0 0 -0.000158
6975 0 0 -0.000150
6980 0 0 -0.000142
6985 0 0 -0.000138
6990 0 0 -0.000140
6995 0 0 -0.000150
7000 0 0 -0.000163
7005 0 0 -0.000170
7010 0 0 -0.000167
7015 0 0 -0.000155
7020 0 0 -0.000140
7025 0 0 -0.000126
7030 0 0 -0.000123
7035 0 0 -0.000140
7040 0 0 -0.000185
7045 0 0 -0.000246
7050 0 0 -0.000310
7055 0 0 -0.000367
7060 0 0 -0.000426
7065 0 0 -0.000500
7070 0 0 -0.000587
7075 0 0 -0.000621
7080 0 0 -0.000520
7085 0 0 -0.000268
7090 0 0 -0.000110
7095 0 0 -0.000360
7100 0 0 -0.001195
7105 0 0 -0.002261
7110 0 0 -0.003070
7115 0 0 -0.003268
7120 0 0 -0.003028
7125 0 0 -0.002660
7130 0 0 -0.002396
7135 0 0 -0.002172
7140 0 0 -0.001850
7145 0 0 -0.001359
7150 0 0 -0.000887
7155 0 0 -0.000690
7160 0 0 -0.000934
7165 0 0 -0.001427
7170 0 0 -0.001890
7175 0 0 -0.002113
7180 0 0 -0.002166
7185 0 0 -0.002190
7190 0 0 -0.002273
7195 0 0 -0.002292
7200 0 0 -0.002070
7205 0 0 -0.001506
7210 0 0 -0.000800
7215 0 0 -0.000230
7220 0 0 0.000002
7225 0 0 -0.000018
7230 0 0 -0.000130
7235 0 0 -0.000203
7240 0 0 -0.000224
7245 0 0 -0.000210
7250 0 0 -0.000177
7255 0 0 -0.000139
7260 0 0 -0.000110
7265 0 0 -0.000100
7270 0 0 -0.000108
7275 0 0 -0.000130
7280 0 0 -0.000159
7285 0 0 -0.000181
7290 0 0 -0.000180
7295 0 0 -0.000147
7300 0 0 -0.000104
7305 0 0 -0.000080
7310 0 0 -0.000096
7315 0 0 -0.000135
7320 0 0 -0.000170
7325 0 0 -0.000182
7330 0 0 -0.000178
7335 0 0 -0.000170
7340 0 0 -0.000167
7345 0 0 -0.000167
7350 0 0 -0.000160
7355 0 0 -0.000144
7360 0 0 -0.000126
7365 0 0 -0.000120
7370 0 0 -0.000131
7375 0 0 -0.000148
7380 0 0 -0.000150
7385 0 0 -0.000127
7390 0 0 -0.000096
7395 0 0 -0.000080
7400 0 0 -0.000094
7405 0 0 -0.000119
7410 0 0 -0.000130
7415 0 0 -0.000110
7420 0 0 -0.000079
7425 0 0 -0.000070
7430 0 0 -0.000102
7435 0 0 -0.000150
7440 0 0 -0.000180
7445 0 0 -0.000167
7450 0 0 -0.000132
7455 0 0 -0.000110
7460 0 0 -0.000124
7465 0 0 -0.000156
7470 0 0 -0.000180
7475 0 0 -0.000176
7480 0 0 -0.000154
7485 0 0 -0.000130
7490 0 0 -0.000118
7495 0 0 -0.000118
7500 0 0 -0.000130
7505 0 0 -0.000149
7510 0 0 -0.000163
7515 0 0 -0.000160
7520 0 0 -0.000133
7525 0 0 -0.000101
7530 0 0 -0.000090
7535 0 0 -0.000118
7540 0 0 -0.000164
7545 0 0 -0.000200
7550 0 0 -0.000204
7555 0 0 -0.000182
7560 0 0 -0.000150
7565 0 0 -0.000121
7570 0 0 -0.000102
7575 0 0 -0.000100
7580 0 0 -0.000118
7585 0 0 -0.000144
7590 0 0 -0.000160
7595 0 0 -0.000156
7600 0 0 -0.000138
7605 0 0 -0.000120
7610 0 0 -0.000111
7615 0 0 -0.000111
7620 0 0 -0.000120
7625 0 0 -0.000134
7630 0 0 -0.000149
7635 0 0 -0.000160
7640 0 0 -0.000163
7645 0 0 -0.000166
7650 0 0 -0.000180
7655 0 0 -0.000210
7660 0 0 -0.000242
7665 0 0 -0.000260
7670 0 0 -0.000251
7675 0 0 -0.000223
7680 0 0 -0.000190
7685 0 0 -0.000163
7690 0 0 -0.000145
7695 0 0 -0.000140
7700 0 0 -0.000147
7705 0 0 -0.000157
7710 0 0 -0.000160
7715 0 0 -0.000148
7720 0 0 -0.000131
7725 0 0 -0.000120
7730 0 0 -0.000125
7735 0 0 -0.000138
7740 0 0 -0.000150
7745 0 0 -0.000152
7750 0 0 -0.000152
7755 0 0 -0.000160
7760 0 0 -0.000182
7765 0 0 -0.000205
7770 0 0 -0.000210
7775 0 0 -0.000187
7780 0 0 -0.000152
7785 0 0 -0.000130
7790 0 0 -0.000137
7795 0 0 -0.000162
7800 0 0 -0.000190
7805 0 0 -0.000206
7810 0 0 -0.000209
7815 0 0 -0.000200
7820 0 0 -0.000182
7825 0 0 -0.000165
7830 0 0 -0.000160
7835 0 0 -0.000173
7840 0 0 -0.000189
7845 0 0 -0.000190
7850 0 0 -0.000163
7855 0 0 -0.000124
7860 0 0 -0.000100
7865 0 0 -0.000106
7870 0 0 -0.000124
7875 0 0 -0.000130
7880 0 0 -0.000106
7885 0 0 -0.000071
7890 0 0 -0.000050
7895 0 0 -0.000062
7900 0 0 -0.000092
7905 0 0 -0.000120
7910 0 0 -0.000128
7915 0 0 -0.000119
7920 0 0 -0.000100
7925 0 0 -0.000079
7930 0 0 -0.000066
7935 0 0 -0.000070
7940 0 0 -0.000097
7945 0 0 -0.000130
7950 0 0 -0.000150
7955 0 0 -0.000142
7960 0 0 -0.000116
7965 0 0 -0.000090
7970 0 0 -0.000077
7975 0 0 -0.000078
7980 0 0 -0.000090
7985 0 0 -0.000107
7990 0 0 -0.000121
7995 0 0 -0.000120
8000 0 0 -0.000098
8005 0 0 -0.000071
8010 0 0 -0.000060
8015 0 0 -0.000078
8020 0 0 -0.000115
8025 0 0 -0.000150
8030 0 0 -0.000170
8035 0 0 -0.000172
8040 0 0 -0.000160
8045 0 0 -0.000136
8050 0 0 -0.000112
8055 0 0 -0.000100
8060 0 0 -0.000108
8065 0 0 -0.000129
8070 0 0 -0.000150
8075 0 0 -0.000162
8080 0 0 -0.000163
8085 0 0 -0.000150
8090 0 0 -0.000126
8095 0 0 -0.000103
8100 0 0 -0.000100
8105 0 0 -0.000126
8110 0 0 -0.000164
8115 0 0 -0.000190
8120 0 0 -0.000188
8125 0 0 -0.000166
8130 0 0 -0.000140
8135 0 0 -0.000123
8140 0 0 -0.000116
8145 0 0 -0.000120
8150 0 0 -0.000132
8155 0 0 -0.000146
8160 0 0 -0.000150
8165 0 0 -0.000140
8170 0 0 -0.000123
8175 0 0 -0.000110
8180 0 0 -0.000110
8185 0 0 -0.000118
8190 0 0 -0.000130
8195 0 0 -0.000139
8200 0 0 -0.000143
8205 0 0 -0.000140
8210 0 0 -0.000129
8215 0 0 -0.000117
8220 0 0 -0.000110
8225 0 0 -0.000114
8230 0 0 -0.000131
8235 0 0 -0.000160
8240 0 0 -0.000197
8245 0 0 -0.000227
8250 0 0 -0.000230
8255 0 0 -0.000196
8260 0 0 -0.000148
8265 0 0 -0.000120
8270 0 0 -0.000134
8275 0 0 -0.000174
8280 0 0 -0.000210
8285 0 0 -0.000222
8290 0 0 -0.000212
8295 0 0 -0.000190
8300 0 0 -0.000164
8305 0 0 -0.000141
8310 0 0 -0.000130
8315 0 0 -0.000135
8320 0 0 -0.000146
8325 0 0 -0.000150
8330 0 0 -0.000140
8335 0 0 -0.000125
8340 0 0 -0.000120
8345 0 0 -0.000134
8350 0 0 -0.000153
8355 0 0 -0.000160
8360 0 0 -0.000142
8365 0 0 -0.000115
8370 0 0 -0.000100
8375 0 0 -0.000112
8380 0 0 -0.000138
8385 0 0 -0.000160
8390 0 0 -0.000163
8395 0 0 -0.000152
8400 0 0 -0.000140
8405 0 0 -0.000135
8410 0 0 -0.000139
8415 0 0 -0.000150
8420 0 0 -0.000166
8425 0 0 -0.000177
8430 0 0 -0.000170
8435 0 0 -0.000139
8440 0 0 -0.000101
8445 0 0 -0.000080
8450 0 0 -0.000091
8455 0 0 -0.000121
8460 0 0 -0.000150
8465 0 0 -0.000162
8470 0 0 -0.000158
8475 0 0 -0.000140
8480 0 0 -0.000115
8485 0 0 -0.000096
8490 0 0 -0.000100
8495 0 0 -0.000138
8500 0 0 -0.000210
8505 0 0 -0.000310
8510 0 0 -0.000427
8515 0 0 -0.000525
8520 0 0 -0.000560
8525 0 0 -0.000505
8530 0 0 -0.000397
8535 0 0 -0.000290
8540 0 0 -0.000226
8545 0 0 -0.000201
8550 0 0 -0.000200
8555 0 0 -0.000211
8560 0 0 -0.000231
8565 0 0 -0.000260
8570 0 0 -0.000295
8575 0 0 -0.000323
8580 0 0 -0.000330
8585 0 0 -0.000307
8590 0 0 -0.000269
8595 0 0 -0.000240
8600 0 0 -0.000234
8605 0 0 -0.000237
8610 0 0 -0.000230
8615 0 0 -0.000199
8620 0 0 -0.000162
8625 0 0 -0.000140
8630 0 0 -0.000150
8635 0 0 -0.000175
8640 0 0 -0.000190
8645 0 0 -0.000178
8650 0 0 -0.000156
8655 0 0 -0.000150
8660 0 0 -0.000176
8665 0 0 -0.000213
8670 0 0 -0.000230
8675 0 0 -0.000207
8680 0 0 -0.000169
8685 0 0 -0.000150
8690 0 0 -0.000174
8695 0 0 -0.000216
8700 0 0 -0.000240
8705 0 0 -0.000223
8710 0 0 -0.000193
8715 0 0 -0.000190
8720 0 0 -0.000241
8725 0 0 -0.000308
8730 0 0 -0.000340
8735 0 0 -0.000302
8740 0 0 -0.000230
8745 0 0 -0.000180
8750 0 0 -0.000190
8755 0 0 -0.000237
8760 0 0 -0.000280
8765 0 0 -0.000291
8770 0 0 -0.000284
8775 0 0 -0.000280
8780 0 0 -0.000296
8785 0 0 -0.000314
8790 0 0 -0.000310
8795 0 0 -0.000269
8800 0 0 -0.000214
8805 0 0 -0.000180
8810 0 0 -0.000189
8815 0 0 -0.000220
8820 0 0 -0.000240
8825 0 0 -0.000227
8830 0 0 -0.000198
8835 0 0 -0.000180
8840 0 0 -0.000192
8845 0 0 -0.000214
8850 0 0 -0.000220
8855 0 0 -0.000191
8860 0 0 -0.000147
8865 0 0 -0.000120
8870 0 0 -0.000129
8875 0 0 -0.000156
8880 0 0 -0.000170
8885 0 0 -0.000151
8890 0 0 -0.000119
8895 0 0 -0.000100
8900 0 0 -0.000115
8905 0 0 -0.000146
8910 0 0 -0.000170
8915 0 0 -0.000168
8920 0 0 -0.000149
8925 0 0 -0.000130
8930 0 0 -0.000124
8935 0 0 -0.000132
8940 0 0 -0.000150
8945 0 0 -0.000174
8950 0 0 -0.000192
8955 0 0 -0.000190
8960 0 0 -0.000160
8965 0 0 -0.000121
8970 0 0 -0.000100
8975 0 0 -0.000114
8980 0 0 -0.000147
8985 0 0 -0.000170
8990 0 0 -0.000166
8995 0 0 -0.000143
9000 0 0 -0.000120
9005 0 0 -0.000110
9010 0 0 -0.000114
9015 0 0 -0.000130
9020 0 0 -0.000154
9025 0 0 -0.000172
9030 0 0 -0.000170
9035 0 0 -0.000140
9040 0 0 -0.000104
9045 0 0 -0.000090
9050 0 0 -0.000118
9055 0 0 -0.000165
9060 0 0 -0.000200
9065 0 0 -0.000200
9070 0 0 -0.000179
9075 0 0 -0.000160
9080 0 0 -0.000160
9085 0 0 -0.000174
9090 0 0 -0.000190
9095 0 0 -0.000199
9100 0 0 -0.000203
9105 0 0 -0.000210
9110 0 0 -0.000222
9115 0 0 -0.000235
9120 0 0 -0.000240
9125 0 0 -0.000232
9130 0 0 -0.000216
9135 0 0 -0.000200
9140 0 0 -0.000189
9145 0 0 -0.000183
9150 0 0 -0.000180
9155 0 0 -0.000179
9160 0 0 -0.000176
9165 0 0 -0.000170
9170 0 0 -0.000158
9175 0 0 -0.000143
9180 0 0 -0.000130
9185 0 0 -0.000124
9190 0 0 -0.000131
9195 0 0 -0.000160
9200 0 0 -0.000211
9205 0 0 -0.000259
9210 0 0 -0.000270
9215 0 0 -0.000226
9220 0 0 -0.000165
9225 0 0 -0.000140
9230 0 0 -0.000185
9235 0 0 -0.000266
9240 0 0 -0.000330
9245 0 0 -0.000340
9250 0 0 -0.000313
9255 0 0 -0.000280
9260 0 0 -0.000265
9265 0 0 -0.000263
9270 0 0 -0.000260
9275 0 0 -0.000247
9280 0 0 -0.000233
9285 0 0 -0.000230
9290 0 0 -0.000244
9295 0 0 -0.000253
9300 0 0 -0.000230
9305 0 0 -0.000164
9310 0 0 -0.000117
9315 0 0 -0.000170
9320 0 0 -0.000368
9325 0 0 -0.000614
9330 0 0 -0.000780
9335 0 0 -0.000773
9340 0 0 -0.000658
9345 0 0 -0.000540
9350 0 0 -0.000495
9355 0 0 -0.000494
9360 0 0 -0.000480
9365 0 0 -0.000412
9370 0 0 -0.000318
9375 0 0 -0.000240
9380 0 0 -0.000210
9385 0 0 -0.000213
9390 0 0 -0.000220
9395 0 0 -0.000211
9400 0 0 -0.000193
9405 0 0 -0.000180
9410 0 0 -0.000182
9415 0 0 -0.000191
9420 0 0 -0.000190
9425 0 0 -0.000172
9430 0 0 -0.000146
9435 0 0 -0.000130
9440 0 0 -0.000134
9445 0 0 -0.000151
9450 0 0 -0.000170
9455 0 0 -0.000182
9460 0 0 -0.000182
9465 0 0 -0.000170
9470 0 0 -0.000146
9475 0 0 -0.000124
9480 0 0 -0.000120
9485 0 0 -0.000144
9490 0 0 -0.000181
9495 0 0 -0.000210
9500 0 0 -0.000215
9505 0 0 -0.000204
9510 0 0 -0.000190
9515 0 0 -0.000183
9520 0 0 -0.000184
9525 0 0 -0.000190
9530 0 0 -0.000198
9535 0 0 -0.000203
9540 0 0 -0.000200
9545 0 0 -0.000187
9550 0 0 -0.000171
9555 0 0 -0.000160
9560 0 0 -0.000161
9565 0 0 -0.000172
9570 0 0 -0.000190
9575 0 0 -0.000209
9580 0 0 -0.000220
9585 0 0 -0.000210
9590 0 0 -0.000177
9595 0 0 -0.000148
9600 0 0 -0.000160
9605 0 0 -0.000233
9610 0 0 -0.000325
9615 0 0 -0.000380
9620 0 0 -0.000358
9625 0 0 -0.000294
9630 0 0 -0.000240
9635 0 0 -0.000234
9640 0 0 -0.000260
9645 0 0 -0.000290
9650 0 0 -0.000299
9655 0 0 -0.000287
9660 0 0 -0.000260
9665 0 0 -0.000225
9670 0 0 -0.000201
9675 0 0 -0.000210
9680 0 0 -0.000262
9685 0 0 -0.000327
9690 0 0 -0.000360
9695 0 0 -0.000335
9700 0 0 -0.000280
9705 0 0 -0.000240
9710 0 0 -0.000246
9715 0 0 -0.000283
9720 0 0 -0.000320
9725 0 0 -0.000336
9730 0 0 -0.000333
9735 0 0 -0.000320
9740 0 0 -0.000304
9745 0 0 -0.000287
9750 0 0 -0.000270
9755 0 0 -0.000255
9760 0 0 -0.000244
9765 0 0 -0.000240
9770 0 0 -0.000243
9775 0 0 -0.000251
9780 0 0 -0.000260
9785 0 0 -0.000266
9790 0 0 -0.000266
9795 0 0 -0.000260
9800 0 0 -0.000247
9805 0 0 -0.000233
9810 0 0 -0.000230
9815 0 0 -0.000241
9820 0 0 -0.000254
9825 0 0 -0.000250
9830 0 0 -0.000220
9835 0 0 -0.000181
9840 0 0 -0.000160
9845 0 0 -0.000173
9850 0 0 -0.000207
9855 0 0 -0.000240
9860 0 0 -0.000254
9865 0 0 -0.000252
9870 0 0 -0.000240
9875 0 0 -0.000226
9880 0 0 -0.000215
9885 0 0 -0.000210
9890 0 0 -0.000216
9895 0 0 -0.000233
9900 0 0 -0.000260
9905 0 0 -0.000295
9910 0 0 -0.000329
9915 0 0 -0.000350
9920 0 0 -0.000350
9925 0 0 -0.000334
9930 0 0 -0.000310
9935 0 0 -0.000285
9940 0 0 -0.000261
9945 0 0 -0.000240
9950 0 0 -0.000225
9955 0 0 -0.000220
9960 0 0 -0.000230
9965 0 0 -0.000257
9970 0 0 -0.000289
9975 0 0 -0.000310
9980 0 0 -0.000308
9985 0 0 -0.000291
9990 0 0 -0.000270
9995 0 0 -0.000255
10000 0 0 -0.000248
10005 0 0 -0.000250
10010 0 0 -0.000261
10015 0 0 -0.000274
10020 0 0 -0.000280
10025 0 0 -0.000274
10030 0 0 -0.000262
10035 0 0 -0.000250
10040 0 0 -0.000245
10045 0 0 -0.000245
10050 0 0 -0.000250
10055 0 0 -0.000257
10060 0 0 -0.000270
10065 0 0 -0.000290
10070 0 0 -0.000321
10075 0 0 -0.000367
