0 0 0 -0.000460
5 0 0 -0.000600
10 0 0 -0.000604
15 0 0 -0.000518
20 0 0 -0.000387
25 0 0 -0.000256
30 0 0 -0.000172
35 0 0 -0.000164
40 0 0 -0.000199
45 0 0 -0.000230
50 0 0 -0.000221
55 0 0 -0.000191
60 0 0 -0.000174
65 0 0 -0.000192
70 0 0 -0.000221
75 0 0 -0.000230
80 0 0 -0.000196
85 0 0 -0.000145
90 0 0 -0.000116
95 0 0 -0.000135
100 0 0 -0.000183
105 0 0 -0.000230
110 0 0 -0.000252
115 0 0 -0.000251
120 0 0 -0.000232
125 0 0 -0.000205
130 0 0 -0.000180
135 0 0 -0.000172
140 0 0 -0.000187
145 0 0 -0.000213
150 0 0 -0.000230
155 0 0 -0.000227
160 0 0 -0.000219
165 0 0 -0.000230
170 0 0 -0.000273
175 0 0 -0.000323
180 0 0 -0.000344
185 0 0 -0.000314
190 0 0 -0.000262
195 0 0 -0.000230
200 0 0 -0.000247
205 0 0 -0.000281
210 0 0 -0.000288
215 0 0 -0.000238
220 0 0 -0.000165
225 0 0 -0.000116
230 0 0 -0.000127
235 0 0 -0.000177
240 0 0 -0.000230
245 0 0 -0.000258
250 0 0 -0.000258
255 0 0 -0.000230
260 0 0 -0.000181
265 0 0 -0.000134
270 0 0 -0.000114
275 0 0 -0.000138
280 0 0 -0.000186
285 0 0 -0.000230
290 0 0 -0.000247
295 0 0 -0.000243
300 0 0 -0.000230
305 0 0 -0.000216
310 0 0 -0.000199
315 0 0 -0.000172
320 0 0 -0.000135
325 0 0 -0.000108
330 0 0 -0.000116
335 0 0 -0.000172
340 0 0 -0.000243
345 0 0 -0.000288
350 0 0 -0.000275
355 0 0 -0.000225
360 0 0 -0.000172
365 0 0 -0.000143
370 0 0 -0.000144
375 0 0 -0.000174
380 0 0 -0.000227
385 0 0 -0.000276
390 0 0 -0.000288
395 0 0 -0.000243
400 0 0 -0.000171
405 0 0 -0.000114
410 0 0 -0.000105
415 0 0 -0.000132
420 0 0 -0.000172
425 0 0 -0.000206
430 0 0 -0.000227
435 0 0 -0.000230
440 0 0 -0.000215
445 0 0 -0.000191
450 0 0 -0.000172
455 0 0 -0.000167
460 0 0 -0.000170
465 0 0 -0.000172
470 0 0 -0.000168
475 0 0 -0.000165
480 0 0 -0.000172
485 0 0 -0.000195
490 0 0 -0.000220
495 0 0 -0.000230
500 0 0 -0.000213
505 0 0 -0.000186
510 0 0 -0.000174
515 0 0 -0.000193
520 0 0 -0.000221
525 0 0 -0.000230
530 0 0 -0.000202
535 0 0 -0.000169
540 0 0 -0.000174
545 0 0 -0.000244
550 0 0 -0.000339
555 0 0 -0.000404
560 0 0 -0.000399
565 0 0 -0.000347
570 0 0 -0.000288
575 0 0 -0.000252
580 0 0 -0.000236
585 0 0 -0.000230
590 0 0 -0.000224
595 0 0 -0.000222
600 0 0 -0.000230
605 0 0 -0.000251
610 0 0 -0.000274
615 0 0 -0.000288
620 0 0 -0.000282
625 0 0 -0.000261
630 0 0 -0.000230
635 0 0 -0.000198
640 0 0 -0.000175
645 0 0 -0.000172
650 0 0 -0.000197
655 0 0 -0.000240
660 0 0 -0.000288
665 0 0 -0.000328
670 0 0 -0.000350
675 0 0 -0.000346
680 0 0 -0.000312
685 0 0 -0.000266
690 0 0 -0.000230
695 0 0 -0.000220
700 0 0 -0.000225
705 0 0 -0.000230
710 0 0 -0.000239
715 0 0 -0.000338
720 0 0 -0.000634
725 0 0 -0.001169
730 0 0 -0.001724
735 0 0 -0.002016
740 0 0 -0.001853
745 0 0 -0.001416
750 0 0 -0.000978
755 0 0 -0.000748
760 0 0 -0.000673
765 0 0 -0.000634
770 0 0 -0.000543
775 0 0 -0.000428
780 0 0 -0.000346
785 0 0 -0.000339
790 0 0 -0.000388
795 0 0 -0.000460
800 0 0 -0.000527
805 0 0 -0.000584
810 0 0 -0.000634
815 0 0 -0.000674
820 0 0 -0.000682
825 0 0 -0.000632
830 0 0 -0.000513
835 0 0 -0.000376
840 0 0 -0.000288
845 0 0 -0.000297
850 0 0 -0.000372
855 0 0 -0.000462
860 0 0 -0.000533
865 0 0 -0.000613
870 0 0 -0.000748
875 0 0 -0.000959
880 0 0 -0.001166
885 0 0 -0.001268
890 0 0 -0.001194
895 0 0 -0.001008
900 0 0 -0.000806
905 0 0 -0.000665
910 0 0 -0.000579
915 0 0 -0.000518
920 0 0 -0.000462
925 0 0 -0.000419
930 0 0 -0.000402
935 0 0 -0.000421
940 0 0 -0.000464
945 0 0 -0.000518
950 0 0 -0.000568
955 0 0 -0.000608
960 0 0 -0.000634
965 0 0 -0.000644
970 0 0 -0.000643
975 0 0 -0.000634
980 0 0 -0.000622
985 0 0 -0.000605
990 0 0 -0.000578
995 0 0 -0.000542
1000 0 0 -0.000514
1005 0 0 -0.000518
1010 0 0 -0.000567
1015 0 0 -0.000636
1020 0 0 -0.000692
1025 0 0 -0.000715
1030 0 0 -0.000738
1035 0 0 -0.000806
1040 0 0 -0.000944
1045 0 0 -0.001088
1050 0 0 -0.001152
1055 0 0 -0.001081
1060 0 0 -0.000950
1065 0 0 -0.000864
1070 0 0 -0.000896
1075 0 0 -0.000985
1080 0 0 -0.001036
1085 0 0 -0.000984
1090 0 0 -0.000881
1095 0 0 -0.000808
1100 0 0 -0.000823
1105 0 0 -0.000883
1110 0 0 -0.000922
1115 0 0 -0.000892
1120 0 0 -0.000819
1125 0 0 -0.000748
1130 0 0 -0.000714
1135 0 0 -0.000717
1140 0 0 -0.000748
1145 0 0 -0.000797
1150 0 0 -0.000843
1155 0 0 -0.000864
1160 0 0 -0.000847
1165 0 0 -0.000816
1170 0 0 -0.000806
1175 0 0 -0.000840
1180 0 0 -0.000891
1185 0 0 -0.000922
1190 0 0 -0.000905
1195 0 0 -0.000857
1200 0 0 -0.000806
1205 0 0 -0.000777
1210 0 0 -0.000776
1215 0 0 -0.000806
1220 0 0 -0.000863
1225 0 0 -0.000914
1230 0 0 -0.000920
1235 0 0 -0.000860
1240 0 0 -0.000781
1245 0 0 -0.000750
1250 0 0 -0.000807
1255 0 0 -0.000891
1260 0 0 -0.000920
1265 0 0 -0.000835
1270 0 0 -0.000693
1275 0 0 -0.000574
1280 0 0 -0.000540
1285 0 0 -0.000558
1290 0 0 -0.000576
1295 0 0 -0.000553
1300 0 0 -0.000505
1305 0 0 -0.000462
1310 0 0 -0.000446
1315 0 0 -0.000450
1320 0 0 -0.000460
1325 0 0 -0.000465
1330 0 0 -0.000465
1335 0 0 -0.000462
1340 0 0 -0.000459
1345 0 0 -0.000458
1350 0 0 -0.000460
1355 0 0 -0.000466
1360 0 0 -0.000470
1365 0 0 -0.000462
1370 0 0 -0.000438
1375 0 0 -0.000413
1380 0 0 -0.000404
1385 0 0 -0.000423
1390 0 0 -0.000451
1395 0 0 -0.000462
1400 0 0 -0.000438
1405 0 0 -0.000391
1410 0 0 -0.000344
1415 0 0 -0.000315
1420 0 0 -0.000313
1425 0 0 -0.000346
1430 0 0 -0.000412
1435 0 0 -0.000482
1440 0 0 -0.000518
1445 0 0 -0.000495
1450 0 0 -0.000442
1455 0 0 -0.000402
1460 0 0 -0.000404
1465 0 0 -0.000434
1470 0 0 -0.000462
1475 0 0 -0.000469
1480 0 0 -0.000464
1485 0 0 -0.000460
1490 0 0 -0.000468
1495 0 0 -0.000474
1500 0 0 -0.000460
1505 0 0 -0.000413
1510 0 0 -0.000348
1515 0 0 -0.000288
1520 0 0 -0.000251
1525 0 0 -0.000234
1530 0 0 -0.000232
1535 0 0 -0.000237
1540 0 0 -0.000239
1545 0 0 -0.000230
1550 0 0 -0.000205
1555 0 0 -0.000179
1560 0 0 -0.000172
1565 0 0 -0.000198
1570 0 0 -0.000244
1575 0 0 -0.000288
1580 0 0 -0.000313
1585 0 0 -0.000313
1590 0 0 -0.000288
1595 0 0 -0.000240
1600 0 0 -0.000192
1605 0 0 -0.000172
1610 0 0 -0.000199
1615 0 0 -0.000249
1620 0 0 -0.000288
1625 0 0 -0.000291
1630 0 0 -0.000267
1635 0 0 -0.000232
1640 0 0 -0.000201
1645 0 0 -0.000180
1650 0 0 -0.000172
1655 0 0 -0.000179
1660 0 0 -0.000200
1665 0 0 -0.000230
1670 0 0 -0.000264
1675 0 0 -0.000289
1680 0 0 -0.000288
1685 0 0 -0.000253
1690 0 0 -0.000205
1695 0 0 -0.000172
1700 0 0 -0.000175
1705 0 0 -0.000201
1710 0 0 -0.000230
1715 0 0 -0.000246
1720 0 0 -0.000245
1725 0 0 -0.000230
1730 0 0 -0.000203
1735 0 0 -0.000179
1740 0 0 -0.000174
1745 0 0 -0.000200
1750 0 0 -0.000245
1755 0 0 -0.000288
1760 0 0 -0.000314
1765 0 0 -0.000316
1770 0 0 -0.000288
1775 0 0 -0.000232
1780 0 0 -0.000166
1785 0 0 -0.000116
1790 0 0 -0.000101
1795 0 0 -0.000122
1800 0 0 -0.000174
1805 0 0 -0.000248
1810 0 0 -0.000316
1815 0 0 -0.000344
1820 0 0 -0.000311
1825 0 0 -0.000242
1830 0 0 -0.000174
1835 0 0 -0.000141
1840 0 0 -0.000156
1845 0 0 -0.000230
1850 0 0 -0.000362
1855 0 0 -0.000513
1860 0 0 -0.000634
1865 0 0 -0.000687
1870 0 0 -0.000680
1875 0 0 -0.000632
1880 0 0 -0.000563
1885 0 0 -0.000497
1890 0 0 -0.000460
1895 0 0 -0.000466
1900 0 0 -0.000481
1905 0 0 -0.000460
1910 0 0 -0.000374
1915 0 0 -0.000260
1920 0 0 -0.000174
1925 0 0 -0.000155
1930 0 0 -0.000185
1935 0 0 -0.000230
1940 0 0 -0.000263
1945 0 0 -0.000282
1950 0 0 -0.000288
1955 0 0 -0.000284
1960 0 0 -0.000266
1965 0 0 -0.000230
1970 0 0 -0.000177
1975 0 0 -0.000130
1980 0 0 -0.000116
1985 0 0 -0.000154
1990 0 0 -0.000221
1995 0 0 -0.000288
2000 0 0 -0.000327
2005 0 0 -0.000329
2010 0 0 -0.000288
2015 0 0 -0.000209
2020 0 0 -0.000133
2025 0 0 -0.000114
2030 0 0 -0.000182
2035 0 0 -0.000284
2040 0 0 -0.000346
2045 0 0 -0.000318
2050 0 0 -0.000239
2055 0 0 -0.000172
2060 0 0 -0.000164
2065 0 0 -0.000195
2070 0 0 -0.000230
2075 0 0 -0.000241
2080 0 0 -0.000236
2085 0 0 -0.000232
2090 0 0 -0.000240
2095 0 0 -0.000246
2100 0 0 -0.000230
2105 0 0 -0.000181
2110 0 0 -0.000130
2115 0 0 -0.000114
2120 0 0 -0.000159
2125 0 0 -0.000233
2130 0 0 -0.000288
2135 0 0 -0.000291
2140 0 0 -0.000261
2145 0 0 -0.000230
2150 0 0 -0.000223
2155 0 0 -0.000244
2160 0 0 -0.000288
2165 0 0 -0.000348
2170 0 0 -0.000397
2175 0 0 -0.000402
2180 0 0 -0.000346
2185 0 0 -0.000271
2190 0 0 -0.000230
2195 0 0 -0.000260
2200 0 0 -0.000320
2205 0 0 -0.000346
2210 0 0 -0.000299
2215 0 0 -0.000220
2220 0 0 -0.000174
2225 0 0 -0.000202
2230 0 0 -0.000261
2235 0 0 -0.000288
2240 0 0 -0.000239
2245 0 0 -0.000159
2250 0 0 -0.000114
2255 0 0 -0.000151
2260 0 0 -0.000243
2265 0 0 -0.000346
2270 0 0 -0.000419
2275 0 0 -0.000443
2280 0 0 -0.000404
2285 0 0 -0.000301
2290 0 0 -0.000185
2295 0 0 -0.000116
2300 0 0 -0.000138
2305 0 0 -0.000215
2310 0 0 -0.000288
2315 0 0 -0.000315
2320 0 0 -0.000307
2325 0 0 -0.000288
2330 0 0 -0.000278
2335 0 0 -0.000278
2340 0 0 -0.000288
2345 0 0 -0.000304
2350 0 0 -0.000325
2355 0 0 -0.000346
2360 0 0 -0.000366
2365 0 0 -0.000385
2370 0 0 -0.000402
2375 0 0 -0.000416
2380 0 0 -0.000419
2385 0 0 -0.000402
2390 0 0 -0.000364
2395 0 0 -0.000333
2400 0 0 -0.000346
2405 0 0 -0.000425
2410 0 0 -0.000537
2415 0 0 -0.000634
2420 0 0 -0.000690
2425 0 0 -0.000760
2430 0 0 -0.000922
2435 0 0 -0.001211
2440 0 0 -0.001498
2445 0 0 -0.001612
2450 0 0 -0.001444
2455 0 0 -0.001129
2460 0 0 -0.000864
2465 0 0 -0.000792
2470 0 0 -0.000850
2475 0 0 -0.000922
2480 0 0 -0.000920
2485 0 0 -0.000865
2490 0 0 -0.000806
2495 0 0 -0.000781
2500 0 0 -0.000786
2505 0 0 -0.000806
2510 0 0 -0.000828
2515 0 0 -0.000848
2520 0 0 -0.000864
2525 0 0 -0.000875
2530 0 0 -0.000891
2535 0 0 -0.000922
2540 0 0 -0.000973
2545 0 0 -0.001020
2550 0 0 -0.001036
2555 0 0 -0.001004
2560 0 0 -0.000967
2565 0 0 -0.000980
2570 0 0 -0.001077
2575 0 0 -0.001199
2580 0 0 -0.001266
2585 0 0 -0.001226
2590 0 0 -0.001139
2595 0 0 -0.001094
2600 0 0 -0.001156
2605 0 0 -0.001290
2610 0 0 -0.001440
2615 0 0 -0.001559
2620 0 0 -0.001650
2625 0 0 -0.001728
2630 0 0 -0.001800
2635 0 0 -0.001833
2640 0 0 -0.001786
2645 0 0 -0.001635
2650 0 0 -0.001423
2655 0 0 -0.001208
2660 0 0 -0.001039
2665 0 0 -0.000925
2670 0 0 -0.000864
2675 0 0 -0.000849
2680 0 0 -0.000858
2685 0 0 -0.000864
2690 0 0 -0.000849
2695 0 0 -0.000823
2700 0 0 -0.000806
2705 0 0 -0.000814
2710 0 0 -0.000852
2715 0 0 -0.000922
2720 0 0 -0.001018
2725 0 0 -0.001108
2730 0 0 -0.001152
2735 0 0 -0.001126
2740 0 0 -0.001069
2745 0 0 -0.001036
2750 0 0 -0.001061
2755 0 0 -0.001102
2760 0 0 -0.001094
2765 0 0 -0.000997
2770 0 0 -0.000858
2775 0 0 -0.000748
2780 0 0 -0.000716
2785 0 0 -0.000734
2790 0 0 -0.000750
2795 0 0 -0.000729
2800 0 0 -0.000682
2805 0 0 -0.000634
2810 0 0 -0.000605
2815 0 0 -0.000590
2820 0 0 -0.000578
2825 0 0 -0.000562
2830 0 0 -0.000541
2835 0 0 -0.000518
2840 0 0 -0.000496
2845 0 0 -0.000477
2850 0 0 -0.000462
2855 0 0 -0.000451
2860 0 0 -0.000436
2865 0 0 -0.000404
2870 0 0 -0.000349
2875 0 0 -0.000285
2880 0 0 -0.000230
2885 0 0 -0.000198
2890 0 0 -0.000183
2895 0 0 -0.000174
2900 0 0 -0.000163
2905 0 0 -0.000160
2910 0 0 -0.000174
2915 0 0 -0.000213
2920 0 0 -0.000259
2925 0 0 -0.000288
2930 0 0 -0.000285
2935 0 0 -0.000259
2940 0 0 -0.000230
2945 0 0 -0.000212
2950 0 0 -0.000211
2955 0 0 -0.000232
2960 0 0 -0.000273
2965 0 0 -0.000318
2970 0 0 -0.000344
2975 0 0 -0.000337
2980 0 0 -0.000311
2985 0 0 -0.000288
2990 0 0 -0.000284
2995 0 0 -0.000289
3000 0 0 -0.000288
3005 0 0 -0.000271
3010 0 0 -0.000247
3015 0 0 -0.000230
3020 0 0 -0.000230
3025 0 0 -0.000236
3030 0 0 -0.000230
3035 0 0 -0.000203
3040 0 0 -0.000175
3045 0 0 -0.000172
3050 0 0 -0.000211
3055 0 0 -0.000262
3060 0 0 -0.000288
3065 0 0 -0.000262
3070 0 0 -0.000210
3075 0 0 -0.000174
3080 0 0 -0.000181
3085 0 0 -0.000211
3090 0 0 -0.000232
3095 0 0 -0.000221
3100 0 0 -0.000193
3105 0 0 -0.000174
3110 0 0 -0.000182
3115 0 0 -0.000207
3120 0 0 -0.000230
3125 0 0 -0.000238
3130 0 0 -0.000235
3135 0 0 -0.000230
3140 0 0 -0.000229
3145 0 0 -0.000230
3150 0 0 -0.000230
3155 0 0 -0.000227
3160 0 0 -0.000225
3165 0 0 -0.000230
3170 0 0 -0.000243
3175 0 0 -0.000249
3180 0 0 -0.000232
3185 0 0 -0.000182
3190 0 0 -0.000130
3195 0 0 -0.000116
3200 0 0 -0.000164
3205 0 0 -0.000238
3210 0 0 -0.000288
3215 0 0 -0.000277
3220 0 0 -0.000226
3225 0 0 -0.000172
3230 0 0 -0.000144
3235 0 0 -0.000145
3240 0 0 -0.000174
3245 0 0 -0.000224
3250 0 0 -0.000272
3255 0 0 -0.000288
3260 0 0 -0.000257
3265 0 0 -0.000206
3270 0 0 -0.000174
3275 0 0 -0.000188
3280 0 0 -0.000220
3285 0 0 -0.000230
3290 0 0 -0.000194
3295 0 0 -0.000155
3300 0 0 -0.000172
3305 0 0 -0.000284
3310 0 0 -0.000441
3315 0 0 -0.000576
3320 0 0 -0.000636
3325 0 0 -0.000642
3330 0 0 -0.000634
3335 0 0 -0.000640
3340 0 0 -0.000647
3345 0 0 -0.000632
3350 0 0 -0.000582
3355 0 0 -0.000515
3360 0 0 -0.000460
3365 0 0 -0.000436
3370 0 0 -0.000425
3375 0 0 -0.000402
3380 0 0 -0.000349
3385 0 0 -0.000283
3390 0 0 -0.000230
3395 0 0 -0.000209
3400 0 0 -0.000214
3405 0 0 -0.000230
3410 0 0 -0.000245
3415 0 0 -0.000248
3420 0 0 -0.000230
3425 0 0 -0.000188
3430 0 0 -0.000140
3435 0 0 -0.000114
3440 0 0 -0.000128
3445 0 0 -0.000172
3450 0 0 -0.000230
3455 0 0 -0.000285
3460 0 0 -0.000313
3465 0 0 -0.000288
3470 0 0 -0.000200
3475 0 0 -0.000101
3480 0 0 -0.000058
3485 0 0 -0.000113
3490 0 0 -0.000215
3495 0 0 -0.000288
3500 0 0 -0.000278
3505 0 0 -0.000221
3510 0 0 -0.000172
3515 0 0 -0.000174
3520 0 0 -0.000206
3525 0 0 -0.000232
3530 0 0 -0.000226
3535 0 0 -0.000200
3540 0 0 -0.000174
3545 0 0 -0.000165
3550 0 0 -0.000168
3555 0 0 -0.000174
3560 0 0 -0.000176
3565 0 0 -0.000175
3570 0 0 -0.000172
3575 0 0 -0.000172
3580 0 0 -0.000187
3585 0 0 -0.000232
3590 0 0 -0.000314
3595 0 0 -0.000402
3600 0 0 -0.000460
3605 0 0 -0.000459
3610 0 0 -0.000413
3615 0 0 -0.000346
3620 0 0 -0.000280
3625 0 0 -0.000235
3630 0 0 -0.000230
3635 0 0 -0.000273
3640 0 0 -0.000327
3645 0 0 -0.000346
3650 0 0 -0.000299
3655 0 0 -0.000223
3660 0 0 -0.000174
3665 0 0 -0.000189
3670 0 0 -0.000242
3675 0 0 -0.000288
3680 0 0 -0.000297
3685 0 0 -0.000287
3690 0 0 -0.000288
3695 0 0 -0.000322
3700 0 0 -0.000370
3705 0 0 -0.000404
3710 0 0 -0.000403
3715 0 0 -0.000377
3720 0 0 -0.000346
3725 0 0 -0.000323
3730 0 0 -0.000306
3735 0 0 -0.000288
3740 0 0 -0.000264
3745 0 0 -0.000241
3750 0 0 -0.000230
3755 0 0 -0.000235
3760 0 0 -0.000242
3765 0 0 -0.000230
3770 0 0 -0.000192
3775 0 0 -0.000174
3780 0 0 -0.000232
3785 0 0 -0.000397
3790 0 0 -0.000587
3795 0 0 -0.000692
3800 0 0 -0.000637
3805 0 0 -0.000488
3810 0 0 -0.000346
3815 0 0 -0.000284
3820 0 0 -0.000266
3825 0 0 -0.000230
3830 0 0 -0.000147
3835 0 0 -0.000121
3840 0 0 -0.000288
3845 0 0 -0.000720
3850 0 0 -0.001227
3855 0 0 -0.001554
3860 0 0 -0.001524
3865 0 0 -0.001278
3870 0 0 -0.001038
3875 0 0 -0.000976
3880 0 0 -0.001075
3885 0 0 -0.001268
3890 0 0 -0.001485
3895 0 0 -0.001633
3900 0 0 -0.001612
3905 0 0 -0.001369
3910 0 0 -0.001025
3915 0 0 -0.000748
3920 0 0 -0.000658
3925 0 0 -0.000694
3930 0 0 -0.000748
3935 0 0 -0.000741
3940 0 0 -0.000703
3945 0 0 -0.000690
3950 0 0 -0.000740
3955 0 0 -0.000816
3960 0 0 -0.000864
3965 0 0 -0.000845
3970 0 0 -0.000791
3975 0 0 -0.000748
3980 0 0 -0.000751
3985 0 0 -0.000781
3990 0 0 -0.000806
3995 0 0 -0.000802
4000 0 0 -0.000778
4005 0 0 -0.000750
4010 0 0 -0.000732
4015 0 0 -0.000730
4020 0 0 -0.000748
4025 0 0 -0.000786
4030 0 0 -0.000830
4035 0 0 -0.000864
4040 0 0 -0.000876
4045 0 0 -0.000872
4050 0 0 -0.000864
4055 0 0 -0.000863
4060 0 0 -0.000879
4065 0 0 -0.000922
4070 0 0 -0.000995
4075 0 0 -0.001065
4080 0 0 -0.001094
4085 0 0 -0.001055
4090 0 0 -0.000982
4095 0 0 -0.000922
4100 0 0 -0.000909
4105 0 0 -0.000921
4110 0 0 -0.000922
4115 0 0 -0.000885
4120 0 0 -0.000820
4125 0 0 -0.000748
4130 0 0 -0.000687
4135 0 0 -0.000646
4140 0 0 -0.000634
4145 0 0 -0.000652
4150 0 0 -0.000680
4155 0 0 -0.000692
4160 0 0 -0.000673
4165 0 0 -0.000643
4170 0 0 -0.000634
4175 0 0 -0.000663
4180 0 0 -0.000697
4185 0 0 -0.000692
4190 0 0 -0.000618
4195 0 0 -0.000506
4200 0 0 -0.000404
4205 0 0 -0.000348
4210 0 0 -0.000333
4215 0 0 -0.000346
4220 0 0 -0.000372
4225 0 0 -0.000396
4230 0 0 -0.000404
4235 0 0 -0.000385
4240 0 0 -0.000344
4245 0 0 -0.000288
4250 0 0 -0.000228
4255 0 0 -0.000182
4260 0 0 -0.000172
4265 0 0 -0.000208
4270 0 0 -0.000261
4275 0 0 -0.000288
4280 0 0 -0.000263
4285 0 0 -0.000211
4290 0 0 -0.000172
4295 0 0 -0.000174
4300 0 0 -0.000202
4305 0 0 -0.000230
4310 0 0 -0.000240
4315 0 0 -0.000236
4320 0 0 -0.000230
4325 0 0 -0.000231
4330 0 0 -0.000233
4335 0 0 -0.000230
4340 0 0 -0.000216
4345 0 0 -0.000195
4350 0 0 -0.000174
4355 0 0 -0.000159
4360 0 0 -0.000156
4365 0 0 -0.000172
4370 0 0 -0.000210
4375 0 0 -0.000255
4380 0 0 -0.000288
4385 0 0 -0.000293
4390 0 0 -0.000272
4395 0 0 -0.000232
4400 0 0 -0.000182
4405 0 0 -0.000152
4410 0 0 -0.000174
4415 0 0 -0.000264
4420 0 0 -0.000365
4425 0 0 -0.000404
4430 0 0 -0.000333
4435 0 0 -0.000208
4440 0 0 -0.000114
4445 0 0 -0.000110
4450 0 0 -0.000166
4455 0 0 -0.000230
4460 0 0 -0.000259
4465 0 0 -0.000255
4470 0 0 -0.000230
4475 0 0 -0.000197
4480 0 0 -0.000172
4485 0 0 -0.000174
4490 0 0 -0.000212
4495 0 0 -0.000261
4500 0 0 -0.000288
4505 0 0 -0.000269
4510 0 0 -0.000222
4515 0 0 -0.000174
4520 0 0 -0.000149
4525 0 0 -0.000150
4530 0 0 -0.000174
4535 0 0 -0.000217
4540 0 0 -0.000262
4545 0 0 -0.000288
4550 0 0 -0.000281
4555 0 0 -0.000256
4560 0 0 -0.000232
4565 0 0 -0.000226
4570 0 0 -0.000229
4575 0 0 -0.000230
4580 0 0 -0.000218
4585 0 0 -0.000197
4590 0 0 -0.000172
4595 0 0 -0.000150
4600 0 0 -0.000145
4605 0 0 -0.000172
4610 0 0 -0.000237
4615 0 0 -0.000308
4620 0 0 -0.000346
4625 0 0 -0.000321
4630 0 0 -0.000253
4635 0 0 -0.000174
4640 0 0 -0.000112
4645 0 0 -0.000087
4650 0 0 -0.000116
4655 0 0 -0.000204
4660 0 0 -0.000301
4665 0 0 -0.000346
4670 0 0 -0.000298
4675 0 0 -0.000200
4680 0 0 -0.000116
4685 0 0 -0.000094
4690 0 0 -0.000122
4695 0 0 -0.000174
4700 0 0 -0.000225
4705 0 0 -0.000265
4710 0 0 -0.000288
4715 0 0 -0.000288
4720 0 0 -0.000268
4725 0 0 -0.000230
4730 0 0 -0.000183
4735 0 0 -0.000154
4740 0 0 -0.000174
4745 0 0 -0.000262
4750 0 0 -0.000390
4755 0 0 -0.000520
4760 0 0 -0.000618
4765 0 0 -0.000676
4770 0 0 -0.000690
4775 0 0 -0.000661
4780 0 0 -0.000599
4785 0 0 -0.000518
4790 0 0 -0.000431
4795 0 0 -0.000351
4800 0 0 -0.000288
4805 0 0 -0.000252
4810 0 0 -0.000236
4815 0 0 -0.000230
4820 0 0 -0.000227
4825 0 0 -0.000227
4830 0 0 -0.000230
4835 0 0 -0.000236
4840 0 0 -0.000239
4845 0 0 -0.000230
4850 0 0 -0.000205
4855 0 0 -0.000179
4860 0 0 -0.000172
4865 0 0 -0.000196
4870 0 0 -0.000227
4875 0 0 -0.000230
4880 0 0 -0.000187
4885 0 0 -0.000133
4890 0 0 -0.000116
4895 0 0 -0.000168
4900 0 0 -0.000245
4905 0 0 -0.000288
4910 0 0 -0.000255
4915 0 0 -0.000180
4920 0 0 -0.000116
4925 0 0 -0.000104
4930 0 0 -0.000132
4935 0 0 -0.000174
4940 0 0 -0.000208
4945 0 0 -0.000228
4950 0 0 -0.000230
4955 0 0 -0.000215
4960 0 0 -0.000192
4965 0 0 -0.000174
4970 0 0 -0.000169
4975 0 0 -0.000172
4980 0 0 -0.000174
4985 0 0 -0.000169
4990 0 0 -0.000165
4995 0 0 -0.000172
5000 0 0 -0.000195
5005 0 0 -0.000221
5010 0 0 -0.000232
5015 0 0 -0.000217
5020 0 0 -0.000190
5025 0 0 -0.000174
5030 0 0 -0.000184
5035 0 0 -0.000209
5040 0 0 -0.000230
5045 0 0 -0.000239
5050 0 0 -0.000265
5055 0 0 -0.000346
5060 0 0 -0.000497
5065 0 0 -0.000644
5070 0 0 -0.000690
5075 0 0 -0.000575
5080 0 0 -0.000383
5085 0 0 -0.000232
5090 0 0 -0.000210
5095 0 0 -0.000272
5100 0 0 -0.000344
5105 0 0 -0.000365
5110 0 0 -0.000339
5115 0 0 -0.000288
5120 0 0 -0.000232
5125 0 0 -0.000188
5130 0 0 -0.000172
5135 0 0 -0.000194
5140 0 0 -0.000239
5145 0 0 -0.000288
5150 0 0 -0.000323
5155 0 0 -0.000341
5160 0 0 -0.000344
5165 0 0 -0.000332
5170 0 0 -0.000311
5175 0 0 -0.000288
5180 0 0 -0.000269
5185 0 0 -0.000265
5190 0 0 -0.000288
5195 0 0 -0.000340
5200 0 0 -0.000391
5205 0 0 -0.000402
5210 0 0 -0.000354
5215 0 0 -0.000308
5220 0 0 -0.000346
5225 0 0 -0.000519
5230 0 0 -0.000747
5235 0 0 -0.000922
5240 0 0 -0.000962
5245 0 0 -0.000902
5250 0 0 -0.000808
5255 0 0 -0.000732
5260 0 0 -0.000676
5265 0 0 -0.000632
5270 0 0 -0.000590
5275 0 0 -0.000537
5280 0 0 -0.000462
5285 0 0 -0.000370
5290 0 0 -0.000337
5295 0 0 -0.000460
5300 0 0 -0.000782
5305 0 0 -0.001140
5310 0 0 -0.001324
5315 0 0 -0.001196
5320 0 0 -0.000922
5325 0 0 -0.000748
5330 0 0 -0.000840
5335 0 0 -0.001064
5340 0 0 -0.001210
5345 0 0 -0.001129
5350 0 0 -0.000921
5355 0 0 -0.000748
5360 0 0 -0.000728
5365 0 0 -0.000801
5370 0 0 -0.000864
5375 0 0 -0.000841
5380 0 0 -0.000763
5385 0 0 -0.000690
5390 0 0 -0.000671
5395 0 0 -0.000711
5400 0 0 -0.000806
5405 0 0 -0.000943
5410 0 0 -0.001076
5415 0 0 -0.001152
5420 0 0 -0.001138
5425 0 0 -0.001092
5430 0 0 -0.001092
5435 0 0 -0.001186
5440 0 0 -0.001299
5445 0 0 -0.001324
5450 0 0 -0.001189
5455 0 0 -0.000962
5460 0 0 -0.000748
5465 0 0 -0.000628
5470 0 0 -0.000599
5475 0 0 -0.000634
5480 0 0 -0.000706
5485 0 0 -0.000776
5490 0 0 -0.000806
5495 0 0 -0.000769
5500 0 0 -0.000696
5505 0 0 -0.000632
5510 0 0 -0.000613
5515 0 0 -0.000636
5520 0 0 -0.000690
5525 0 0 -0.000761
5530 0 0 -0.000827
5535 0 0 -0.000864
5540 0 0 -0.000854
5545 0 0 -0.000809
5550 0 0 -0.000748
5555 0 0 -0.000686
5560 0 0 -0.000628
5565 0 0 -0.000576
5570 0 0 -0.000534
5575 0 0 -0.000512
5580 0 0 -0.000518
5585 0 0 -0.000557
5590 0 0 -0.000606
5595 0 0 -0.000634
5600 0 0 -0.000623
5605 0 0 -0.000593
5610 0 0 -0.000576
5615 0 0 -0.000595
5620 0 0 -0.000640
5625 0 0 -0.000692
5630 0 0 -0.000731
5635 0 0 -0.000738
5640 0 0 -0.000692
5645 0 0 -0.000586
5650 0 0 -0.000468
5655 0 0 -0.000402
5660 0 0 -0.000428
5665 0 0 -0.000507
5670 0 0 -0.000576
5675 0 0 -0.000590
5680 0 0 -0.000561
5685 0 0 -0.000518
5690 0 0 -0.000483
5695 0 0 -0.000448
5700 0 0 -0.000402
5705 0 0 -0.000339
5710 0 0 -0.000288
5715 0 0 -0.000288
5720 0 0 -0.000360
5725 0 0 -0.000458
5730 0 0 -0.000520
5735 0 0 -0.000502
5740 0 0 -0.000429
5745 0 0 -0.000346
5750 0 0 -0.000290
5755 0 0 -0.000270
5760 0 0 -0.000288
5765 0 0 -0.000342
5770 0 0 -0.000409
5775 0 0 -0.000462
5780 0 0 -0.000482
5785 0 0 -0.000476
5790 0 0 -0.000460
5795 0 0 -0.000445
5800 0 0 -0.000428
5805 0 0 -0.000402
5810 0 0 -0.000365
5815 0 0 -0.000338
5820 0 0 -0.000346
5825 0 0 -0.000403
5830 0 0 -0.000475
5835 0 0 -0.000518
5840 0 0 -0.000500
5845 0 0 -0.000448
5850 0 0 -0.000402
5855 0 0 -0.000393
5860 0 0 -0.000417
5865 0 0 -0.000460
5870 0 0 -0.000509
5875 0 0 -0.000552
5880 0 0 -0.000576
5885 0 0 -0.000573
5890 0 0 -0.000549
5895 0 0 -0.000518
5900 0 0 -0.000487
5905 0 0 -0.000451
5910 0 0 -0.000402
5915 0 0 -0.000337
5920 0 0 -0.000273
5925 0 0 -0.000230
5930 0 0 -0.000222
5935 0 0 -0.000231
5940 0 0 -0.000232
5945 0 0 -0.000208
5950 0 0 -0.000179
5955 0 0 -0.000174
5960 0 0 -0.000211
5965 0 0 -0.000262
5970 0 0 -0.000288
5975 0 0 -0.000262
5980 0 0 -0.000211
5985 0 0 -0.000174
5990 0 0 -0.000178
5995 0 0 -0.000207
6000 0 0 -0.000232
6005 0 0 -0.000234
6010 0 0 -0.000226
6015 0 0 -0.000230
6020 0 0 -0.000259
6025 0 0 -0.000290
6030 0 0 -0.000288
6035 0 0 -0.000234
6040 0 0 -0.000161
6045 0 0 -0.000116
6050 0 0 -0.000131
6055 0 0 -0.000182
6060 0 0 -0.000230
6065 0 0 -0.000246
6070 0 0 -0.000239
6075 0 0 -0.000230
6080 0 0 -0.000232
6085 0 0 -0.000237
6090 0 0 -0.000230
6095 0 0 -0.000202
6100 0 0 -0.000174
6105 0 0 -0.000172
6110 0 0 -0.000211
6115 0 0 -0.000263
6120 0 0 -0.000288
6125 0 0 -0.000261
6130 0 0 -0.000209
6135 0 0 -0.000172
6140 0 0 -0.000179
6145 0 0 -0.000209
6150 0 0 -0.000232
6155 0 0 -0.000224
6160 0 0 -0.000198
6165 0 0 -0.000174
6170 0 0 -0.000171
6175 0 0 -0.000190
6180 0 0 -0.000230
6185 0 0 -0.000289
6190 0 0 -0.000366
6195 0 0 -0.000460
6200 0 0 -0.000576
6205 0 0 -0.000738
6210 0 0 -0.000978
6215 0 0 -0.001296
6220 0 0 -0.001575
6225 0 0 -0.001670
6230 0 0 -0.001488
6235 0 0 -0.001159
6240 0 0 -0.000864
6245 0 0 -0.000740
6250 0 0 -0.000734
6255 0 0 -0.000748
6260 0 0 -0.000705
6265 0 0 -0.000616
6270 0 0 -0.000518
6275 0 0 -0.000440
6280 0 0 -0.000398
6285 0 0 -0.000404
6290 0 0 -0.000459
6295 0 0 -0.000531
6300 0 0 -0.000576
6305 0 0 -0.000564
6310 0 0 -0.000515
6315 0 0 -0.000460
6320 0 0 -0.000425
6325 0 0 -0.000408
6330 0 0 -0.000404
6335 0 0 -0.000405
6340 0 0 -0.000405
6345 0 0 -0.000402
6350 0 0 -0.000395
6355 0 0 -0.000406
6360 0 0 -0.000460
6365 0 0 -0.000567
6370 0 0 -0.000668
6375 0 0 -0.000690
6380 0 0 -0.000585
6385 0 0 -0.000420
6390 0 0 -0.000288
6395 0 0 -0.000259
6400 0 0 -0.000312
6405 0 0 -0.000402
6410 0 0 -0.000486
6415 0 0 -0.000534
6420 0 0 -0.000518
6425 0 0 -0.000427
6430 0 0 -0.000324
6435 0 0 -0.000288
6440 0 0 -0.000373
6445 0 0 -0.000532
6450 0 0 -0.000690
6455 0 0 -0.000786
6460 0 0 -0.000805
6465 0 0 -0.000748
6470 0 0 -0.000621
6475 0 0 -0.000469
6480 0 0 -0.000344
6485 0 0 -0.000285
6490 0 0 -0.000276
6495 0 0 -0.000288
6500 0 0 -0.000296
6505 0 0 -0.000295
6510 0 0 -0.000288
6515 0 0 -0.000275
6520 0 0 -0.000256
6525 0 0 -0.000230
6530 0 0 -0.000202
6535 0 0 -0.000193
6540 0 0 -0.000230
6545 0 0 -0.000327
6550 0 0 -0.000441
6555 0 0 -0.000518
6560 0 0 -0.000518
6565 0 0 -0.000467
6570 0 0 -0.000404
6575 0 0 -0.000363
6580 0 0 -0.000345
6585 0 0 -0.000346
6590 0 0 -0.000358
6595 0 0 -0.000363
6600 0 0 -0.000344
6605 0 0 -0.000289
6610 0 0 -0.000222
6615 0 0 -0.000174
6620 0 0 -0.000171
6625 0 0 -0.000211
6630 0 0 -0.000288
6635 0 0 -0.000388
6640 0 0 -0.000478
6645 0 0 -0.000518
6650 0 0 -0.000484
6655 0 0 -0.000410
6660 0 0 -0.000344
6665 0 0 -0.000323
6670 0 0 -0.000332
6675 0 0 -0.000344
6680 0 0 -0.000340
6685 0 0 -0.000333
6690 0 0 -0.000346
6695 0 0 -0.000393
6700 0 0 -0.000458
6705 0 0 -0.000518
6710 0 0 -0.000556
6715 0 0 -0.000573
6720 0 0 -0.000576
6725 0 0 -0.000575
6730 0 0 -0.000587
6735 0 0 -0.000634
6740 0 0 -0.000724
6745 0 0 -0.000818
6750 0 0 -0.000864
6755 0 0 -0.000826
6760 0 0 -0.000734
6765 0 0 -0.000634
6770 0 0 -0.000560
6775 0 0 -0.000508
6780 0 0 -0.000460
6785 0 0 -0.000407
6790 0 0 -0.000362
6795 0 0 -0.000346
6800 0 0 -0.000368
6805 0 0 -0.000400
6810 0 0 -0.000404
6815 0 0 -0.000355
6820 0 0 -0.000282
6825 0 0 -0.000230
6830 0 0 -0.000229
6835 0 0 -0.000259
6840 0 0 -0.000288
6845 0 0 -0.000293
6850 0 0 -0.000286
6855 0 0 -0.000288
6860 0 0 -0.000311
6865 0 0 -0.000339
6870 0 0 -0.000346
6875 0 0 -0.000319
6880 0 0 -0.000286
6885 0 0 -0.000288
6890 0 0 -0.000351
6895 0 0 -0.000458
6900 0 0 -0.000576
6905 0 0 -0.000679
6910 0 0 -0.000758
6915 0 0 -0.000806
6920 0 0 -0.000821
6925 0 0 -0.000815
6930 0 0 -0.000806
6935 0 0 -0.000805
6940 0 0 -0.000808
6945 0 0 -0.000806
6950 0 0 -0.000791
6955 0 0 -0.000755
6960 0 0 -0.000692
6965 0 0 -0.000604
6970 0 0 -0.000530
6975 0 0 -0.000518
6980 0 0 -0.000595
6985 0 0 -0.000700
6990 0 0 -0.000750
6995 0 0 -0.000692
7000 0 0 -0.000585
7005 0 0 -0.000518
7010 0 0 -0.000550
7015 0 0 -0.000633
7020 0 0 -0.000690
7025 0 0 -0.000668
7030 0 0 -0.000609
7035 0 0 -0.000578
7040 0 0 -0.000619
7045 0 0 -0.000695
7050 0 0 -0.000748
7055 0 0 -0.000734
7060 0 0 -0.000667
7065 0 0 -0.000576
7070 0 0 -0.000486
7075 0 0 -0.000408
7080 0 0 -0.000346
7085 0 0 -0.000306
7090 0 0 -0.000288
7095 0 0 -0.000288
7100 0 0 -0.000301
7105 0 0 -0.000309
7110 0 0 -0.000288
7115 0 0 -0.000227
7120 0 0 -0.000156
7125 0 0 -0.000114
7130 0 0 -0.000129
7135 0 0 -0.000179
7140 0 0 -0.000230
7145 0 0 -0.000253
7150 0 0 -0.000251
7155 0 0 -0.000230
7160 0 0 -0.000200
7165 0 0 -0.000176
7170 0 0 -0.000172
7175 0 0 -0.000198
7180 0 0 -0.000243
7185 0 0 -0.000288
7190 0 0 -0.000320
7195 0 0 -0.000339
7200 0 0 -0.000346
7205 0 0 -0.000345
7210 0 0 -0.000343
7215 0 0 -0.000346
7220 0 0 -0.000360
7225 0 0 -0.000381
7230 0 0 -0.000402
7235 0 0 -0.000416
7240 0 0 -0.000418
7245 0 0 -0.000402
7250 0 0 -0.000365
7255 0 0 -0.000322
7260 0 0 -0.000288
7265 0 0 -0.000278
7270 0 0 -0.000297
7275 0 0 -0.000346
7280 0 0 -0.000420
7285 0 0 -0.000489
7290 0 0 -0.000518
7295 0 0 -0.000483
7300 0 0 -0.000411
7305 0 0 -0.000344
7310 0 0 -0.000313
7315 0 0 -0.000316
7320 0 0 -0.000346
7325 0 0 -0.000391
7330 0 0 -0.000436
7335 0 0 -0.000460
7340 0 0 -0.000451
7345 0 0 -0.000410
7350 0 0 -0.000346
7355 0 0 -0.000268
7360 0 0 -0.000201
7365 0 0 -0.000174
7370 0 0 -0.000202
7375 0 0 -0.000255
7380 0 0 -0.000288
7385 0 0 -0.000271
7390 0 0 -0.000223
7395 0 0 -0.000174
7400 0 0 -0.000150
7405 0 0 -0.000152
7410 0 0 -0.000174
7415 0 0 -0.000210
7420 0 0 -0.000251
7425 0 0 -0.000288
7430 0 0 -0.000312
7435 0 0 -0.000314
7440 0 0 -0.000288
7445 0 0 -0.000232
7450 0 0 -0.000165
7455 0 0 -0.000114
7460 0 0 -0.000099
7465 0 0 -0.000120
7470 0 0 -0.000174
7475 0 0 -0.000251
7480 0 0 -0.000319
7485 0 0 -0.000344
7490 0 0 -0.000303
7495 0 0 -0.000229
7500 0 0 -0.000172
7505 0 0 -0.000166
7510 0 0 -0.000195
7515 0 0 -0.000230
7520 0 0 -0.000247
7525 0 0 -0.000246
7530 0 0 -0.000230
7535 0 0 -0.000205
7540 0 0 -0.000182
7545 0 0 -0.000172
7550 0 0 -0.000184
7555 0 0 -0.000208
7560 0 0 -0.000230
7565 0 0 -0.000240
7570 0 0 -0.000239
7575 0 0 -0.000230
7580 0 0 -0.000217
7585 0 0 -0.000199
7590 0 0 -0.000174
7595 0 0 -0.000147
7600 0 0 -0.000152
7605 0 0 -0.000230
7610 0 0 -0.000400
7615 0 0 -0.000600
7620 0 0 -0.000748
7625 0 0 -0.000783
7630 0 0 -0.000729
7635 0 0 -0.000634
7640 0 0 -0.000538
7645 0 0 -0.000458
7650 0 0 -0.000404
7655 0 0 -0.000382
7660 0 0 -0.000385
7665 0 0 -0.000402
7670 0 0 -0.000420
7675 0 0 -0.000426
7680 0 0 -0.000404
7685 0 0 -0.000347
7690 0 0 -0.000279
7695 0 0 -0.000230
7700 0 0 -0.000223
7705 0 0 -0.000248
7710 0 0 -0.000288
7715 0 0 -0.000327
7720 0 0 -0.000351
7725 0 0 -0.000346
7730 0 0 -0.000307
7735 0 0 -0.000257
7740 0 0 -0.000230
7745 0 0 -0.000248
7750 0 0 -0.000295
7755 0 0 -0.000346
7760 0 0 -0.000379
7765 0 0 -0.000382
7770 0 0 -0.000344
7775 0 0 -0.000266
7780 0 0 -0.000191
7785 0 0 -0.000172
7790 0 0 -0.000240
7795 0 0 -0.000342
7800 0 0 -0.000402
7805 0 0 -0.000369
7810 0 0 -0.000288
7815 0 0 -0.000230
7820 0 0 -0.000244
7825 0 0 -0.000299
7830 0 0 -0.000346
7835 0 0 -0.000347
7840 0 0 -0.000318
7845 0 0 -0.000288
7850 0 0 -0.000279
7855 0 0 -0.000283
7860 0 0 -0.000288
7865 0 0 -0.000283
7870 0 0 -0.000278
7875 0 0 -0.000288
7880 0 0 -0.000319
7885 0 0 -0.000348
7890 0 0 -0.000346
7895 0 0 -0.000297
7900 0 0 -0.000241
7905 0 0 -0.000230
7910 0 0 -0.000298
7915 0 0 -0.000398
7920 0 0 -0.000460
7925 0 0 -0.000438
7930 0 0 -0.000363
7935 0 0 -0.000288
7940 0 0 -0.000256
7945 0 0 -0.000276
7950 0 0 -0.000346
7955 0 0 -0.000456
7960 0 0 -0.000554
7965 0 0 -0.000576
7970 0 0 -0.000485
7975 0 0 -0.000342
7980 0 0 -0.000230
7985 0 0 -0.000210
7990 0 0 -0.000249
7995 0 0 -0.000288
8000 0 0 -0.000284
8005 0 0 -0.000254
8010 0 0 -0.000230
8015 0 0 -0.000235
8020 0 0 -0.000260
8025 0 0 -0.000288
8030 0 0 -0.000304
8035 0 0 -0.000304
8040 0 0 -0.000288
8045 0 0 -0.000261
8050 0 0 -0.000251
8055 0 0 -0.000288
8060 0 0 -0.000387
8065 0 0 -0.000489
8070 0 0 -0.000518
8075 0 0 -0.000427
8080 0 0 -0.000295
8085 0 0 -0.000230
8090 0 0 -0.000305
8095 0 0 -0.000454
8100 0 0 -0.000576
8105 0 0 -0.000603
8110 0 0 -0.000606
8115 0 0 -0.000690
8120 0 0 -0.000920
8125 0 0 -0.001197
8130 0 0 -0.001382
8135 0 0 -0.001379
8140 0 0 -0.001263
8145 0 0 -0.001152
8150 0 0 -0.001136
8155 0 0 -0.001191
8160 0 0 -0.001266
8165 0 0 -0.001313
8170 0 0 -0.001303
8175 0 0 -0.001210
8180 0 0 -0.001027
8185 0 0 -0.000825
8190 0 0 -0.000692
8195 0 0 -0.000688
8200 0 0 -0.000755
8205 0 0 -0.000808
8210 0 0 -0.000783
8215 0 0 -0.000709
8220 0 0 -0.000634
8225 0 0 -0.000598
8230 0 0 -0.000587
8235 0 0 -0.000576
8240 0 0 -0.000549
8245 0 0 -0.000521
8250 0 0 -0.000518
8255 0 0 -0.000553
8260 0 0 -0.000603
8265 0 0 -0.000634
8270 0 0 -0.000622
8275 0 0 -0.000592
8280 0 0 -0.000576
8285 0 0 -0.000604
8290 0 0 -0.000682
8295 0 0 -0.000808
8300 0 0 -0.000971
8305 0 0 -0.001109
8310 0 0 -0.001150
8315 0 0 -0.001050
8320 0 0 -0.000881
8325 0 0 -0.000748
8330 0 0 -0.000725
8335 0 0 -0.000783
8340 0 0 -0.000864
8345 0 0 -0.000918
8350 0 0 -0.000923
8355 0 0 -0.000864
8360 0 0 -0.000740
8365 0 0 -0.000604
8370 0 0 -0.000520
8375 0 0 -0.000532
8380 0 0 -0.000592
8385 0 0 -0.000632
8390 0 0 -0.000603
8395 0 0 -0.000546
8400 0 0 -0.000520
8405 0 0 -0.000567
8410 0 0 -0.000645
8415 0 0 -0.000692
8420 0 0 -0.000663
8425 0 0 -0.000589
8430 0 0 -0.000520
8435 0 0 -0.000493
8440 0 0 -0.000499
8445 0 0 -0.000518
8450 0 0 -0.000535
8455 0 0 -0.000552
8460 0 0 -0.000576
8465 0 0 -0.000608
8470 0 0 -0.000634
8475 0 0 -0.000634
8480 0 0 -0.000598
8485 0 0 -0.000548
8490 0 0 -0.000518
8495 0 0 -0.000528
8500 0 0 -0.000558
8505 0 0 -0.000576
8510 0 0 -0.000558
8515 0 0 -0.000514
8520 0 0 -0.000462
8525 0 0 -0.000417
8530 0 0 -0.000379
8535 0 0 -0.000346
8540 0 0 -0.000316
8545 0 0 -0.000294
8550 0 0 -0.000288
8555 0 0 -0.000300
8560 0 0 -0.000309
8565 0 0 -0.000288
8570 0 0 -0.000222
8575 0 0 -0.000148
8580 0 0 -0.000114
8585 0 0 -0.000152
8590 0 0 -0.000227
8595 0 0 -0.000288
8600 0 0 -0.000296
8605 0 0 -0.000267
8610 0 0 -0.000228
8615 0 0 -0.000202
8620 0 0 -0.000186
8625 0 0 -0.000174
8630 0 0 -0.000161
8635 0 0 -0.000156
8640 0 0 -0.000172
8645 0 0 -0.000214
8650 0 0 -0.000262
8655 0 0 -0.000288
8660 0 0 -0.000274
8665 0 0 -0.000243
8670 0 0 -0.000230
8675 0 0 -0.000258
8680 0 0 -0.000306
8685 0 0 -0.000346
8690 0 0 -0.000355
8695 0 0 -0.000348
8700 0 0 -0.000346
8705 0 0 -0.000365
8710 0 0 -0.000391
8715 0 0 -0.000404
8720 0 0 -0.000390
8725 0 0 -0.000364
8730 0 0 -0.000346
8735 0 0 -0.000353
8740 0 0 -0.000376
8745 0 0 -0.000404
8750 0 0 -0.000424
8755 0 0 -0.000427
8760 0 0 -0.000404
8765 0 0 -0.000355
8770 0 0 -0.000305
8775 0 0 -0.000288
8780 0 0 -0.000326
8785 0 0 -0.000395
8790 0 0 -0.000462
8795 0 0 -0.000498
8800 0 0 -0.000497
8805 0 0 -0.000460
8810 0 0 -0.000390
8815 0 0 -0.000306
8820 0 0 -0.000230
8825 0 0 -0.000181
8830 0 0 -0.000162
8835 0 0 -0.000172
8840 0 0 -0.000208
8845 0 0 -0.000254
8850 0 0 -0.000288
8855 0 0 -0.000295
8860 0 0 -0.000275
8865 0 0 -0.000232
8870 0 0 -0.000173
8875 0 0 -0.000125
8880 0 0 -0.000116
8885 0 0 -0.000164
8890 0 0 -0.000236
8895 0 0 -0.000288
8900 0 0 -0.000288
8905 0 0 -0.000257
8910 0 0 -0.000230
8915 0 0 -0.000231
8920 0 0 -0.000240
8925 0 0 -0.000230
8930 0 0 -0.000183
8935 0 0 -0.000130
8940 0 0 -0.000116
8945 0 0 -0.000167
8950 0 0 -0.000243
8955 0 0 -0.000288
8960 0 0 -0.000264
8965 0 0 -0.000208
8970 0 0 -0.000174
8975 0 0 -0.000201
8980 0 0 -0.000256
8985 0 0 -0.000288
8990 0 0 -0.000263
8995 0 0 -0.000210
9000 0 0 -0.000172
9005 0 0 -0.000180
9010 0 0 -0.000212
9015 0 0 -0.000230
9020 0 0 -0.000211
9025 0 0 -0.000180
9030 0 0 -0.000174
9035 0 0 -0.000215
9040 0 0 -0.000269
9045 0 0 -0.000288
9050 0 0 -0.000241
9055 0 0 -0.000166
9060 0 0 -0.000116
9065 0 0 -0.000131
9070 0 0 -0.000183
9075 0 0 -0.000230
9080 0 0 -0.000241
9085 0 0 -0.000233
9090 0 0 -0.000232
9095 0 0 -0.000257
9100 0 0 -0.000286
9105 0 0 -0.000288
9110 0 0 -0.000245
9115 0 0 -0.000191
9120 0 0 -0.000174
9125 0 0 -0.000226
9130 0 0 -0.000318
9135 0 0 -0.000404
9140 0 0 -0.000453
9145 0 0 -0.000482
9150 0 0 -0.000520
9155 0 0 -0.000591
9160 0 0 -0.000690
9165 0 0 -0.000806
9170 0 0 -0.000922
9175 0 0 -0.000996
9180 0 0 -0.000980
9185 0 0 -0.000849
9190 0 0 -0.000666
9195 0 0 -0.000518
9200 0 0 -0.000467
9205 0 0 -0.000484
9210 0 0 -0.000518
9215 0 0 -0.000528
9220 0 0 -0.000521
9225 0 0 -0.000518
9230 0 0 -0.000533
9235 0 0 -0.000557
9240 0 0 -0.000576
9245 0 0 -0.000581
9250 0 0 -0.000578
9255 0 0 -0.000576
9260 0 0 -0.000582
9265 0 0 -0.000587
9270 0 0 -0.000576
9275 0 0 -0.000544
9280 0 0 -0.000514
9285 0 0 -0.000518
9290 0 0 -0.000571
9295 0 0 -0.000629
9300 0 0 -0.000634
9305 0 0 -0.000548
9310 0 0 -0.000412
9315 0 0 -0.000288
9320 0 0 -0.000238
9325 0 0 -0.000316
9330 0 0 -0.000576
9335 0 0 -0.001019
9340 0 0 -0.001434
9345 0 0 -0.001556
9350 0 0 -0.001221
9355 0 0 -0.000667
9360 0 0 -0.000230
9365 0 0 -0.000160
9370 0 0 -0.000357
9375 0 0 -0.000634
9380 0 0 -0.000832
9385 0 0 -0.000913
9390 0 0 -0.000864
9395 0 0 -0.000708
9400 0 0 -0.000591
9405 0 0 -0.000692
9410 0 0 -0.001115
9415 0 0 -0.001666
9420 0 0 -0.002074
9425 0 0 -0.002135
9430 0 0 -0.001903
9435 0 0 -0.001498
9440 0 0 -0.001039
9445 0 0 -0.000637
9450 0 0 -0.000402
9455 0 0 -0.000406
9460 0 0 -0.000563
9465 0 0 -0.000748
9470 0 0 -0.000860
9475 0 0 -0.000893
9480 0 0 -0.000864
9485 0 0 -0.000796
9490 0 0 -0.000739
9495 0 0 -0.000750
9500 0 0 -0.000864
9505 0 0 -0.001039
9510 0 0 -0.001210
9515 0 0 -0.001320
9520 0 0 -0.001330
9525 0 0 -0.001208
9530 0 0 -0.000946
9535 0 0 -0.000638
9540 0 0 -0.000404
9545 0 0 -0.000330
9550 0 0 -0.000360
9555 0 0 -0.000404
9560 0 0 -0.000394
9565 0 0 -0.000343
9570 0 0 -0.000288
9575 0 0 -0.000256
9580 0 0 -0.000241
9585 0 0 -0.000230
9590 0 0 -0.000214
9595 0 0 -0.000207
9600 0 0 -0.000230
9605 0 0 -0.000292
9610 0 0 -0.000363
9615 0 0 -0.000404
9620 0 0 -0.000390
9625 0 0 -0.000354
9630 0 0 -0.000346
9635 0 0 -0.000396
9640 0 0 -0.000471
9645 0 0 -0.000520
9650 0 0 -0.000508
9655 0 0 -0.000471
9660 0 0 -0.000460
9665 0 0 -0.000512
9670 0 0 -0.000602
9675 0 0 -0.000690
9680 0 0 -0.000743
9685 0 0 -0.000760
9690 0 0 -0.000748
9695 0 0 -0.000714
9700 0 0 -0.000671
9705 0 0 -0.000634
9710 0 0 -0.000615
9715 0 0 -0.000615
9720 0 0 -0.000632
9725 0 0 -0.000660
9730 0 0 -0.000686
9735 0 0 -0.000692
9740 0 0 -0.000667
9745 0 0 -0.000622
9750 0 0 -0.000576
9755 0 0 -0.000542
9760 0 0 -0.000524
9765 0 0 -0.000520
9770 0 0 -0.000530
9775 0 0 -0.000550
9780 0 0 -0.000576
9785 0 0 -0.000603
9790 0 0 -0.000625
9795 0 0 -0.000634
9800 0 0 -0.000626
9805 0 0 -0.000605
9810 0 0 -0.000576
9815 0 0 -0.000545
9820 0 0 -0.000522
9825 0 0 -0.000518
9830 0 0 -0.000535
9835 0 0 -0.000547
9840 0 0 -0.000518
9845 0 0 -0.000429
9850 0 0 -0.000316
9855 0 0 -0.000230
9860 0 0 -0.000208
9865 0 0 -0.000236
9870 0 0 -0.000288
9875 0 0 -0.000340
9880 0 0 -0.000381
9885 0 0 -0.000404
9890 0 0 -0.000403
9895 0 0 -0.000381
9900 0 0 -0.000344
9905 0 0 -0.000299
9910 0 0 -0.000257
9915 0 0 -0.000230
9920 0 0 -0.000228
9925 0 0 -0.000248
9930 0 0 -0.000288
9935 0 0 -0.000340
9940 0 0 -0.000386
9945 0 0 -0.000404
9950 0 0 -0.000384
9955 0 0 -0.000352
9960 0 0 -0.000346
9965 0 0 -0.000391
9970 0 0 -0.000461
9975 0 0 -0.000518
9980 0 0 -0.000536
9985 0 0 -0.000527
9990 0 0 -0.000518
9995 0 0 -0.000524
10000 0 0 -0.000532
10005 0 0 -0.000518
10010 0 0 -0.000469
10015 0 0 -0.000404
10020 0 0 -0.000346
10025 0 0 -0.000315
10030 0 0 -0.000302
10035 0 0 -0.000288
10040 0 0 -0.000261
10045 0 0 -0.000221
10050 0 0 -0.000172
10055 0 0 -0.000120
10060 0 0 -0.000077
10065 0 0 -0.000058
10070 0 0 -0.000077
10075 0 0 -0.000149
