0 0 0 -0.000170
5 0 0 -0.000167
10 0 0 -0.000151
15 0 0 -0.000130
20 0 0 -0.000110
25 0 0 -0.000098
30 0 0 -0.000100
35 0 0 -0.000120
40 0 0 -0.000147
45 0 0 -0.000170
50 0 0 -0.000178
55 0 0 -0.000173
60 0 0 -0.000160
65 0 0 -0.000146
70 0 0 -0.000136
75 0 0 -0.000140
80 0 0 -0.000161
85 0 0 -0.000188
90 0 0 -0.000210
95 0 0 -0.000215
100 0 0 -0.000203
105 0 0 -0.000180
110 0 0 -0.000149
115 0 0 -0.000122
120 0 0 -0.000110
125 0 0 -0.000120
130 0 0 -0.000142
135 0 0 -0.000160
140 0 0 -0.000161
145 0 0 -0.000149
150 0 0 -0.000130
155 0 0 -0.000110
160 0 0 -0.000097
165 0 0 -0.000100
170 0 0 -0.000122
175 0 0 -0.000151
180 0 0 -0.000170
185 0 0 -0.000168
190 0 0 -0.000154
195 0 0 -0.000140
200 0 0 -0.000138
205 0 0 -0.000148
210 0 0 -0.000170
215 0 0 -0.000199
220 0 0 -0.000224
225 0 0 -0.000230
230 0 0 -0.000209
235 0 0 -0.000176
240 0 0 -0.000150
245 0 0 -0.000146
250 0 0 -0.000157
255 0 0 -0.000170
260 0 0 -0.000175
265 0 0 -0.000174
270 0 0 -0.000170
275 0 0 -0.000167
280 0 0 -0.000167
285 0 0 -0.000170
290 0 0 -0.000176
295 0 0 -0.000179
300 0 0 -0.000170
305 0 0 -0.000146
310 0 0 -0.000117
315 0 0 -0.000100
320 0 0 -0.000105
325 0 0 -0.000128
330 0 0 -0.000160
335 0 0 -0.000192
340 0 0 -0.000212
345 0 0 -0.000210
350 0 0 -0.000180
355 0 0 -0.000141
360 0 0 -0.000120
365 0 0 -0.000134
370 0 0 -0.000168
375 0 0 -0.000200
380 0 0 -0.000211
385 0 0 -0.000199
390 0 0 -0.000170
395 0 0 -0.000129
400 0 0 -0.000092
405 0 0 -0.000080
410 0 0 -0.000103
415 0 0 -0.000139
420 0 0 -0.000160
425 0 0 -0.000146
430 0 0 -0.000124
435 0 0 -0.000130
440 0 0 -0.000189
445 0 0 -0.000267
450 0 0 -0.000320
455 0 0 -0.000314
460 0 0 -0.000267
465 0 0 -0.000210
470 0 0 -0.000169
475 0 0 -0.000147
480 0 0 -0.000140
485 0 0 -0.000146
490 0 0 -0.000161
495 0 0 -0.000180
500 0 0 -0.000198
505 0 0 -0.000204
510 0 0 -0.000190
515 0 0 -0.000150
520 0 0 -0.000108
525 0 0 -0.000090
530 0 0 -0.000116
535 0 0 -0.000160
540 0 0 -0.000190
545 0 0 -0.000190
550 0 0 -0.000225
555 0 0 -0.000380
560 0 0 -0.000699
565 0 0 -0.001060
570 0 0 -0.001300
575 0 0 -0.001304
580 0 0 -0.001149
585 0 0 -0.000960
590 0 0 -0.000841
595 0 0 -0.000814
600 0 0 -0.000880
605 0 0 -0.001023
610 0 0 -0.001147
615 0 0 -0.001140
620 0 0 -0.000948
625 0 0 -0.000759
630 0 0 -0.000820
635 0 0 -0.001276
640 0 0 -0.001867
645 0 0 -0.002230
650 0 0 -0.002113
655 0 0 -0.001698
660 0 0 -0.001280
665 0 0 -0.001080
670 0 0 -0.001042
675 0 0 -0.001040
680 0 0 -0.000977
685 0 0 -0.000878
690 0 0 -0.000800
695 0 0 -0.000780
700 0 0 -0.000781
705 0 0 -0.000750
710 0 0 -0.000648
715 0 0 -0.000509
720 0 0 -0.000380
725 0 0 -0.000303
730 0 0 -0.000282
735 0 0 -0.000310
740 0 0 -0.000376
745 0 0 -0.000442
750 0 0 -0.000460
755 0 0 -0.000402
760 0 0 -0.000304
765 0 0 -0.000220
770 0 0 -0.000188
775 0 0 -0.000194
780 0 0 -0.000210
785 0 0 -0.000213
790 0 0 -0.000207
795 0 0 -0.000200
800 0 0 -0.000200
805 0 0 -0.000205
810 0 0 -0.000210
815 0 0 -0.000211
820 0 0 -0.000208
825 0 0 -0.000200
830 0 0 -0.000190
835 0 0 -0.000184
840 0 0 -0.000190
845 0 0 -0.000212
850 0 0 -0.000240
855 0 0 -0.000260
860 0 0 -0.000264
865 0 0 -0.000264
870 0 0 -0.000280
875 0 0 -0.000322
880 0 0 -0.000379
885 0 0 -0.000430
890 0 0 -0.000460
895 0 0 -0.000469
900 0 0 -0.000460
905 0 0 -0.000436
910 0 0 -0.000406
915 0 0 -0.000380
920 0 0 -0.000363
925 0 0 -0.000348
930 0 0 -0.000320
935 0 0 -0.000280
940 0 0 -0.000273
945 0 0 -0.000360
950 0 0 -0.000570
955 0 0 -0.000820
960 0 0 -0.001000
965 0 0 -0.001032
970 0 0 -0.000972
975 0 0 -0.000910
980 0 0 -0.000912
985 0 0 -0.000956
990 0 0 -0.001000
995 0 0 -0.001011
1000 0 0 -0.001008
1005 0 0 -0.001020
1010 0 0 -0.001068
1015 0 0 -0.001129
1020 0 0 -0.001170
1025 0 0 -0.001166
1030 0 0 -0.001128
1035 0 0 -0.001080
1040 0 0 -0.001035
1045 0 0 -0.000984
1050 0 0 -0.000910
1055 0 0 -0.000810
1060 0 0 -0.000735
1065 0 0 -0.000750
1070 0 0 -0.000888
1075 0 0 -0.001066
1080 0 0 -0.001170
1085 0 0 -0.001122
1090 0 0 -0.000993
1095 0 0 -0.000890
1100 0 0 -0.000892
1105 0 0 -0.000966
1110 0 0 -0.001050
1115 0 0 -0.001096
1120 0 0 -0.001105
1125 0 0 -0.001090
1130 0 0 -0.001065
1135 0 0 -0.001041
1140 0 0 -0.001030
1145 0 0 -0.001036
1150 0 0 -0.001043
1155 0 0 -0.001030
1160 0 0 -0.000983
1165 0 0 -0.000925
1170 0 0 -0.000890
1175 0 0 -0.000895
1180 0 0 -0.000897
1185 0 0 -0.000840
1190 0 0 -0.000690
1195 0 0 -0.000503
1200 0 0 -0.000360
1205 0 0 -0.000318
1210 0 0 -0.000343
1215 0 0 -0.000380
1220 0 0 -0.000387
1225 0 0 -0.000373
1230 0 0 -0.000360
1235 0 0 -0.000366
1240 0 0 -0.000383
1245 0 0 -0.000400
1250 0 0 -0.000405
1255 0 0 -0.000396
1260 0 0 -0.000370
1265 0 0 -0.000329
1270 0 0 -0.000287
1275 0 0 -0.000260
1280 0 0 -0.000260
1285 0 0 -0.000288
1290 0 0 -0.000340
1295 0 0 -0.000408
1300 0 0 -0.000463
1305 0 0 -0.000470
1310 0 0 -0.000409
1315 0 0 -0.000313
1320 0 0 -0.000230
1325 0 0 -0.000196
1330 0 0 -0.000200
1335 0 0 -0.000220
1340 0 0 -0.000236
1345 0 0 -0.000238
1350 0 0 -0.000220
1355 0 0 -0.000181
1360 0 0 -0.000137
1365 0 0 -0.000110
1370 0 0 -0.000116
1375 0 0 -0.000145
1380 0 0 -0.000180
1385 0 0 -0.000208
1390 0 0 -0.000220
1395 0 0 -0.000210
1400 0 0 -0.000177
1405 0 0 -0.000139
1410 0 0 -0.000120
1415 0 0 -0.000135
1420 0 0 -0.000166
1425 0 0 -0.000190
1430 0 0 -0.000187
1435 0 0 -0.000163
1440 0 0 -0.000130
1445 0 0 -0.000100
1450 0 0 -0.000083
1455 0 0 -0.000090
1460 0 0 -0.000124
1465 0 0 -0.000163
1470 0 0 -0.000180
1475 0 0 -0.000156
1480 0 0 -0.000112
1485 0 0 -0.000080
1490 0 0 -0.000083
1495 0 0 -0.000113
1500 0 0 -0.000150
1505 0 0 -0.000180
1510 0 0 -0.000195
1515 0 0 -0.000190
1520 0 0 -0.000163
1525 0 0 -0.000133
1530 0 0 -0.000120
1535 0 0 -0.000140
1540 0 0 -0.000175
1545 0 0 -0.000200
1550 0 0 -0.000197
1555 0 0 -0.000172
1560 0 0 -0.000140
1565 0 0 -0.000112
1570 0 0 -0.000096
1575 0 0 -0.000100
1580 0 0 -0.000125
1585 0 0 -0.000153
1590 0 0 -0.000160
1595 0 0 -0.000131
1600 0 0 -0.000090
1605 0 0 -0.000070
1610 0 0 -0.000093
1615 0 0 -0.000137
1620 0 0 -0.000170
1625 0 0 -0.000168
1630 0 0 -0.000144
1635 0 0 -0.000120
1640 0 0 -0.000113
1645 0 0 -0.000124
1650 0 0 -0.000150
1655 0 0 -0.000185
1660 0 0 -0.000217
1665 0 0 -0.000230
1670 0 0 -0.000215
1675 0 0 -0.000185
1680 0 0 -0.000160
1685 0 0 -0.000153
1690 0 0 -0.000159
1695 0 0 -0.000170
1700 0 0 -0.000177
1705 0 0 -0.000180
1710 0 0 -0.000180
1715 0 0 -0.000179
1720 0 0 -0.000176
1725 0 0 -0.000170
1730 0 0 -0.000159
1735 0 0 -0.000142
1740 0 0 -0.000120
1745 0 0 -0.000094
1750 0 0 -0.000079
1755 0 0 -0.000090
1760 0 0 -0.000135
1765 0 0 -0.000190
1770 0 0 -0.000220
1775 0 0 -0.000203
1780 0 0 -0.000162
1785 0 0 -0.000130
1790 0 0 -0.000131
1795 0 0 -0.000151
1800 0 0 -0.000170
1805 0 0 -0.000170
1810 0 0 -0.000157
1815 0 0 -0.000140
1820 0 0 -0.000129
1825 0 0 -0.000126
1830 0 0 -0.000130
1835 0 0 -0.000140
1840 0 0 -0.000146
1845 0 0 -0.000140
1850 0 0 -0.000116
1855 0 0 -0.000089
1860 0 0 -0.000080
1865 0 0 -0.000103
1870 0 0 -0.000148
1875 0 0 -0.000200
1880 0 0 -0.000245
1885 0 0 -0.000279
1890 0 0 -0.000300
1895 0 0 -0.000309
1900 0 0 -0.000312
1905 0 0 -0.000320
1910 0 0 -0.000337
1915 0 0 -0.000350
1920 0 0 -0.000340
1925 0 0 -0.000298
1930 0 0 -0.000250
1935 0 0 -0.000230
1940 0 0 -0.000258
1945 0 0 -0.000296
1950 0 0 -0.000290
1955 0 0 -0.000214
1960 0 0 -0.000149
1965 0 0 -0.000200
1970 0 0 -0.000432
1975 0 0 -0.000733
1980 0 0 -0.000950
1985 0 0 -0.000976
1990 0 0 -0.000898
1995 0 0 -0.000850
2000 0 0 -0.000922
2005 0 0 -0.001031
2010 0 0 -0.001050
2015 0 0 -0.000892
2020 0 0 -0.000625
2025 0 0 -0.000360
2030 0 0 -0.000188
2035 0 0 -0.000138
2040 0 0 -0.000220
2045 0 0 -0.000431
2050 0 0 -0.000702
2055 0 0 -0.000950
2060 0 0 -0.001105
2065 0 0 -0.001152
2070 0 0 -0.001090
2075 0 0 -0.000926
2080 0 0 -0.000710
2085 0 0 -0.000500
2090 0 0 -0.000343
2095 0 0 -0.000237
2100 0 0 -0.000170
2105 0 0 -0.000130
2110 0 0 -0.000109
2115 0 0 -0.000100
2120 0 0 -0.000098
2125 0 0 -0.000106
2130 0 0 -0.000130
2135 0 0 -0.000171
2140 0 0 -0.000212
2145 0 0 -0.000230
2150 0 0 -0.000212
2155 0 0 -0.000177
2160 0 0 -0.000150
2165 0 0 -0.000153
2170 0 0 -0.000185
2175 0 0 -0.000240
2180 0 0 -0.000309
2185 0 0 -0.000368
2190 0 0 -0.000390
2195 0 0 -0.000358
2200 0 0 -0.000296
2205 0 0 -0.000240
2210 0 0 -0.000216
2215 0 0 -0.000215
2220 0 0 -0.000220
2225 0 0 -0.000217
2230 0 0 -0.000208
2235 0 0 -0.000200
2240 0 0 -0.000197
2245 0 0 -0.000198
2250 0 0 -0.000200
2255 0 0 -0.000201
2260 0 0 -0.000200
2265 0 0 -0.000200
2270 0 0 -0.000200
2275 0 0 -0.000201
2280 0 0 -0.000200
2285 0 0 -0.000197
2290 0 0 -0.000191
2295 0 0 -0.000180
2300 0 0 -0.000165
2305 0 0 -0.000155
2310 0 0 -0.000160
2315 0 0 -0.000187
2320 0 0 -0.000223
2325 0 0 -0.000250
2330 0 0 -0.000256
2335 0 0 -0.000247
2340 0 0 -0.000230
2345 0 0 -0.000214
2350 0 0 -0.000204
2355 0 0 -0.000200
2360 0 0 -0.000204
2365 0 0 -0.000213
2370 0 0 -0.000220
2375 0 0 -0.000220
2380 0 0 -0.000211
2385 0 0 -0.000190
2390 0 0 -0.000157
2395 0 0 -0.000128
2400 0 0 -0.000120
2405 0 0 -0.000146
2410 0 0 -0.000192
2415 0 0 -0.000240
2420 0 0 -0.000273
2425 0 0 -0.000284
2430 0 0 -0.000270
2435 0 0 -0.000232
2440 0 0 -0.000185
2445 0 0 -0.000150
2450 0 0 -0.000144
2455 0 0 -0.000179
2460 0 0 -0.000260
2465 0 0 -0.000391
2470 0 0 -0.000553
2475 0 0 -0.000720
2480 0 0 -0.000870
2485 0 0 -0.000992
2490 0 0 -0.001080
2495 0 0 -0.001127
2500 0 0 -0.001139
2505 0 0 -0.001120
2510 0 0 -0.001074
2515 0 0 -0.000989
2520 0 0 -0.000850
2525 0 0 -0.000656
2530 0 0 -0.000463
2535 0 0 -0.000340
2540 0 0 -0.000332
2545 0 0 -0.000390
2550 0 0 -0.000440
2555 0 0 -0.000429
2560 0 0 -0.000376
2565 0 0 -0.000320
2570 0 0 -0.000293
2575 0 0 -0.000295
2580 0 0 -0.000320
2585 0 0 -0.000359
2590 0 0 -0.000397
2595 0 0 -0.000420
2600 0 0 -0.000416
2605 0 0 -0.000392
2610 0 0 -0.000360
2615 0 0 -0.000329
2620 0 0 -0.000303
2625 0 0 -0.000280
2630 0 0 -0.000263
2635 0 0 -0.000254
2640 0 0 -0.000260
2645 0 0 -0.000282
2650 0 0 -0.000312
2655 0 0 -0.000340
2660 0 0 -0.000357
2665 0 0 -0.000360
2670 0 0 -0.000350
2675 0 0 -0.000330
2680 0 0 -0.000314
2685 0 0 -0.000320
2690 0 0 -0.000358
2695 0 0 -0.000405
2700 0 0 -0.000430
2705 0 0 -0.000413
2710 0 0 -0.000373
2715 0 0 -0.000340
2720 0 0 -0.000334
2725 0 0 -0.000344
2730 0 0 -0.000350
2735 0 0 -0.000338
2740 0 0 -0.000315
2745 0 0 -0.000290
2750 0 0 -0.000274
2755 0 0 -0.000267
2760 0 0 -0.000270
2765 0 0 -0.000280
2770 0 0 -0.000290
2775 0 0 -0.000290
2780 0 0 -0.000274
2785 0 0 -0.000245
2790 0 0 -0.000210
2795 0 0 -0.000175
2800 0 0 -0.000146
2805 0 0 -0.000130
2810 0 0 -0.000131
2815 0 0 -0.000146
2820 0 0 -0.000170
2825 0 0 -0.000196
2830 0 0 -0.000213
2835 0 0 -0.000210
2840 0 0 -0.000181
2845 0 0 -0.000143
2850 0 0 -0.000120
2855 0 0 -0.000129
2860 0 0 -0.000159
2865 0 0 -0.000190
2870 0 0 -0.000207
2875 0 0 -0.000205
2880 0 0 -0.000180
2885 0 0 -0.000135
2890 0 0 -0.000089
2895 0 0 -0.000070
2900 0 0 -0.000092
2905 0 0 -0.000136
2910 0 0 -0.000170
2915 0 0 -0.000172
2920 0 0 -0.000150
2925 0 0 -0.000120
2930 0 0 -0.000095
2935 0 0 -0.000083
2940 0 0 -0.000090
2945 0 0 -0.000119
2950 0 0 -0.000154
2955 0 0 -0.000180
2960 0 0 -0.000182
2965 0 0 -0.000168
2970 0 0 -0.000150
2975 0 0 -0.000138
2980 0 0 -0.000137
2985 0 0 -0.000150
2990 0 0 -0.000175
2995 0 0 -0.000198
3000 0 0 -0.000200
3005 0 0 -0.000169
3010 0 0 -0.000126
3015 0 0 -0.000100
3020 0 0 -0.000109
3025 0 0 -0.000138
3030 0 0 -0.000160
3035 0 0 -0.000157
3040 0 0 -0.000136
3045 0 0 -0.000110
3050 0 0 -0.000091
3055 0 0 -0.000085
3060 0 0 -0.000100
3065 0 0 -0.000136
3070 0 0 -0.000171
3075 0 0 -0.000180
3080 0 0 -0.000147
3085 0 0 -0.000100
3090 0 0 -0.000080
3095 0 0 -0.000113
3100 0 0 -0.000171
3105 0 0 -0.000210
3110 0 0 -0.000202
3115 0 0 -0.000167
3120 0 0 -0.000140
3125 0 0 -0.000146
3130 0 0 -0.000173
3135 0 0 -0.000200
3140 0 0 -0.000212
3145 0 0 -0.000210
3150 0 0 -0.000200
3155 0 0 -0.000187
3160 0 0 -0.000173
3165 0 0 -0.000160
3170 0 0 -0.000147
3175 0 0 -0.000135
3180 0 0 -0.000120
3185 0 0 -0.000104
3190 0 0 -0.000094
3195 0 0 -0.000100
3200 0 0 -0.000127
3205 0 0 -0.000157
3210 0 0 -0.000170
3215 0 0 -0.000151
3220 0 0 -0.000119
3225 0 0 -0.000100
3230 0 0 -0.000112
3235 0 0 -0.000145
3240 0 0 -0.000180
3245 0 0 -0.000202
3250 0 0 -0.000206
3255 0 0 -0.000190
3260 0 0 -0.000156
3265 0 0 -0.000121
3270 0 0 -0.000110
3275 0 0 -0.000135
3280 0 0 -0.000170
3285 0 0 -0.000180
3290 0 0 -0.000144
3295 0 0 -0.000100
3300 0 0 -0.000100
3305 0 0 -0.000177
3310 0 0 -0.000290
3315 0 0 -0.000380
3320 0 0 -0.000402
3325 0 0 -0.000371
3330 0 0 -0.000320
3335 0 0 -0.000274
3340 0 0 -0.000241
3345 0 0 -0.000220
3350 0 0 -0.000214
3355 0 0 -0.000221
3360 0 0 -0.000240
3365 0 0 -0.000267
3370 0 0 -0.000287
3375 0 0 -0.000280
3380 0 0 -0.000237
3385 0 0 -0.000188
3390 0 0 -0.000170
3395 0 0 -0.000208
3400 0 0 -0.000268
3405 0 0 -0.000300
3410 0 0 -0.000271
3415 0 0 -0.000208
3420 0 0 -0.000150
3425 0 0 -0.000130
3430 0 0 -0.000139
3435 0 0 -0.000160
3440 0 0 -0.000177
3445 0 0 -0.000185
3450 0 0 -0.000180
3455 0 0 -0.000163
3460 0 0 -0.000153
3465 0 0 -0.000170
3470 0 0 -0.000227
3475 0 0 -0.000293
3480 0 0 -0.000330
3485 0 0 -0.000309
3490 0 0 -0.000251
3495 0 0 -0.000190
3500 0 0 -0.000152
3505 0 0 -0.000140
3510 0 0 -0.000150
3515 0 0 -0.000177
3520 0 0 -0.000213
3525 0 0 -0.000250
3530 0 0 -0.000280
3535 0 0 -0.000290
3540 0 0 -0.000270
3545 0 0 -0.000222
3550 0 0 -0.000212
3555 0 0 -0.000320
3560 0 0 -0.000591
3565 0 0 -0.000931
3570 0 0 -0.001210
3575 0 0 -0.001325
3580 0 0 -0.001289
3585 0 0 -0.001140
3590 0 0 -0.000920
3595 0 0 -0.000676
3600 0 0 -0.000460
3605 0 0 -0.000310
3610 0 0 -0.000224
3615 0 0 -0.000190
3620 0 0 -0.000193
3625 0 0 -0.000216
3630 0 0 -0.000240
3635 0 0 -0.000249
3640 0 0 -0.000247
3645 0 0 -0.000240
3650 0 0 -0.000233
3655 0 0 -0.000225
3660 0 0 -0.000210
3665 0 0 -0.000187
3670 0 0 -0.000164
3675 0 0 -0.000150
3680 0 0 -0.000152
3685 0 0 -0.000165
3690 0 0 -0.000180
3695 0 0 -0.000189
3700 0 0 -0.000188
3705 0 0 -0.000170
3710 0 0 -0.000136
3715 0 0 -0.000105
3720 0 0 -0.000100
3725 0 0 -0.000134
3730 0 0 -0.000183
3735 0 0 -0.000210
3740 0 0 -0.000193
3745 0 0 -0.000157
3750 0 0 -0.000140
3755 0 0 -0.000169
3760 0 0 -0.000227
3765 0 0 -0.000290
3770 0 0 -0.000334
3775 0 0 -0.000352
3780 0 0 -0.000340
3785 0 0 -0.000298
3790 0 0 -0.000241
3795 0 0 -0.000190
3800 0 0 -0.000161
3805 0 0 -0.000152
3810 0 0 -0.000160
3815 0 0 -0.000179
3820 0 0 -0.000199
3825 0 0 -0.000210
3830 0 0 -0.000205
3835 0 0 -0.000189
3840 0 0 -0.000170
3845 0 0 -0.000158
3850 0 0 -0.000166
3855 0 0 -0.000210
3860 0 0 -0.000295
3865 0 0 -0.000393
3870 0 0 -0.000470
3875 0 0 -0.000498
3880 0 0 -0.000485
3885 0 0 -0.000450
3890 0 0 -0.000411
3895 0 0 -0.000387
3900 0 0 -0.000400
3905 0 0 -0.000459
3910 0 0 -0.000525
3915 0 0 -0.000550
3920 0 0 -0.000502
3925 0 0 -0.000420
3930 0 0 -0.000360
3935 0 0 -0.000364
3940 0 0 -0.000410
3945 0 0 -0.000460
3950 0 0 -0.000484
3955 0 0 -0.000479
3960 0 0 -0.000450
3965 0 0 -0.000404
3970 0 0 -0.000358
3975 0 0 -0.000330
3980 0 0 -0.000333
3985 0 0 -0.000348
3990 0 0 -0.000350
3995 0 0 -0.000321
4000 0 0 -0.000277
4005 0 0 -0.000240
4010 0 0 -0.000230
4015 0 0 -0.000245
4020 0 0 -0.000280
4025 0 0 -0.000327
4030 0 0 -0.000372
4035 0 0 -0.000400
4040 0 0 -0.000399
4045 0 0 -0.000378
4050 0 0 -0.000350
4055 0 0 -0.000327
4060 0 0 -0.000313
4065 0 0 -0.000310
4070 0 0 -0.000318
4075 0 0 -0.000326
4080 0 0 -0.000320
4085 0 0 -0.000295
4090 0 0 -0.000272
4095 0 0 -0.000280
4100 0 0 -0.000336
4105 0 0 -0.000405
4110 0 0 -0.000440
4115 0 0 -0.000409
4120 0 0 -0.000341
4125 0 0 -0.000280
4130 0 0 -0.000258
4135 0 0 -0.000261
4140 0 0 -0.000260
4145 0 0 -0.000237
4150 0 0 -0.000206
4155 0 0 -0.000190
4160 0 0 -0.000205
4165 0 0 -0.000241
4170 0 0 -0.000280
4175 0 0 -0.000308
4180 0 0 -0.000320
4185 0 0 -0.000310
4190 0 0 -0.000280
4195 0 0 -0.000249
4200 0 0 -0.000240
4205 0 0 -0.000267
4210 0 0 -0.000311
4215 0 0 -0.000340
4220 0 0 -0.000333
4225 0 0 -0.000298
4230 0 0 -0.000250
4235 0 0 -0.000202
4240 0 0 -0.000161
4245 0 0 -0.000130
4250 0 0 -0.000113
4255 0 0 -0.000110
4260 0 0 -0.000120
4265 0 0 -0.000142
4270 0 0 -0.000163
4275 0 0 -0.000170
4280 0 0 -0.000154
4285 0 0 -0.000129
4290 0 0 -0.000110
4295 0 0 -0.000112
4300 0 0 -0.000131
4305 0 0 -0.000160
4310 0 0 -0.000191
4315 0 0 -0.000211
4320 0 0 -0.000210
4325 0 0 -0.000181
4330 0 0 -0.000143
4335 0 0 -0.000120
4340 0 0 -0.000130
4345 0 0 -0.000158
4350 0 0 -0.000180
4355 0 0 -0.000180
4360 0 0 -0.000160
4365 0 0 -0.000130
4370 0 0 -0.000099
4375 0 0 -0.000078
4380 0 0 -0.000080
4385 0 0 -0.000109
4390 0 0 -0.000148
4395 0 0 -0.000170
4400 0 0 -0.000159
4405 0 0 -0.000128
4410 0 0 -0.000100
4415 0 0 -0.000092
4420 0 0 -0.000103
4425 0 0 -0.000130
4430 0 0 -0.000166
4435 0 0 -0.000195
4440 0 0 -0.000200
4445 0 0 -0.000171
4450 0 0 -0.000131
4455 0 0 -0.000110
4460 0 0 -0.000130
4465 0 0 -0.000170
4470 0 0 -0.000200
4475 0 0 -0.000198
4480 0 0 -0.000172
4485 0 0 -0.000140
4490 0 0 -0.000115
4495 0 0 -0.000104
4500 0 0 -0.000110
4505 0 0 -0.000134
4510 0 0 -0.000158
4515 0 0 -0.000160
4520 0 0 -0.000128
4525 0 0 -0.000087
4530 0 0 -0.000070
4535 0 0 -0.000099
4540 0 0 -0.000148
4545 0 0 -0.000180
4550 0 0 -0.000169
4555 0 0 -0.000138
4560 0 0 -0.000120
4565 0 0 -0.000139
4570 0 0 -0.000178
4575 0 0 -0.000210
4580 0 0 -0.000215
4585 0 0 -0.000205
4590 0 0 -0.000200
4595 0 0 -0.000212
4600 0 0 -0.000226
4605 0 0 -0.000220
4610 0 0 -0.000180
4615 0 0 -0.000127
4620 0 0 -0.000090
4625 0 0 -0.000090
4630 0 0 -0.000114
4635 0 0 -0.000140
4640 0 0 -0.000150
4645 0 0 -0.000145
4650 0 0 -0.000130
4655 0 0 -0.000112
4660 0 0 -0.000099
4665 0 0 -0.000100
4670 0 0 -0.000119
4675 0 0 -0.000142
4680 0 0 -0.000150
4685 0 0 -0.000132
4690 0 0 -0.000107
4695 0 0 -0.000100
4700 0 0 -0.000129
4705 0 0 -0.000172
4710 0 0 -0.000200
4715 0 0 -0.000191
4720 0 0 -0.000162
4725 0 0 -0.000140
4730 0 0 -0.000142
4735 0 0 -0.000156
4740 0 0 -0.000160
4745 0 0 -0.000142
4750 0 0 -0.000125
4755 0 0 -0.000140
4760 0 0 -0.000205
4765 0 0 -0.000284
4770 0 0 -0.000330
4775 0 0 -0.000310
4780 0 0 -0.000254
4785 0 0 -0.000210
4790 0 0 -0.000211
4795 0 0 -0.000240
4800 0 0 -0.000270
4805 0 0 -0.000278
4810 0 0 -0.000267
4815 0 0 -0.000250
4820 0 0 -0.000234
4825 0 0 -0.000224
4830 0 0 -0.000220
4835 0 0 -0.000223
4840 0 0 -0.000226
4845 0 0 -0.000220
4850 0 0 -0.000201
4855 0 0 -0.000176
4860 0 0 -0.000160
4865 0 0 -0.000159
4870 0 0 -0.000164
4875 0 0 -0.000160
4880 0 0 -0.000139
4885 0 0 -0.000123
4890 0 0 -0.000140
4895 0 0 -0.000207
4900 0 0 -0.000290
4905 0 0 -0.000340
4910 0 0 -0.000325
4915 0 0 -0.000269
4920 0 0 -0.000210
4925 0 0 -0.000179
4930 0 0 -0.000178
4935 0 0 -0.000200
4940 0 0 -0.000237
4945 0 0 -0.000273
4950 0 0 -0.000290
4955 0 0 -0.000275
4960 0 0 -0.000236
4965 0 0 -0.000190
4970 0 0 -0.000151
4975 0 0 -0.000138
4980 0 0 -0.000170
4985 0 0 -0.000255
4990 0 0 -0.000365
4995 0 0 -0.000460
5000 0 0 -0.000510
5005 0 0 -0.000517
5010 0 0 -0.000490
5015 0 0 -0.000439
5020 0 0 -0.000373
5025 0 0 -0.000300
5030 0 0 -0.000229
5035 0 0 -0.000171
5040 0 0 -0.000140
5045 0 0 -0.000142
5050 0 0 -0.000165
5055 0 0 -0.000190
5060 0 0 -0.000203
5065 0 0 -0.000205
5070 0 0 -0.000200
5075 0 0 -0.000194
5080 0 0 -0.000192
5085 0 0 -0.000200
5090 0 0 -0.000220
5095 0 0 -0.000239
5100 0 0 -0.000240
5105 0 0 -0.000213
5110 0 0 -0.000175
5115 0 0 -0.000150
5120 0 0 -0.000155
5125 0 0 -0.000181
5130 0 0 -0.000210
5135 0 0 -0.000229
5140 0 0 -0.000233
5145 0 0 -0.000220
5150 0 0 -0.000190
5155 0 0 -0.000150
5160 0 0 -0.000110
5165 0 0 -0.000081
5170 0 0 -0.000091
5175 0 0 -0.000170
5180 0 0 -0.000327
5185 0 0 -0.000486
5190 0 0 -0.000550
5195 0 0 -0.000456
5200 0 0 -0.000278
5205 0 0 -0.000120
5210 0 0 -0.000065
5215 0 0 -0.000090
5220 0 0 -0.000150
5225 0 0 -0.000205
5230 0 0 -0.000245
5235 0 0 -0.000270
5240 0 0 -0.000278
5245 0 0 -0.000268
5250 0 0 -0.000240
5255 0 0 -0.000198
5260 0 0 -0.000160
5265 0 0 -0.000150
5270 0 0 -0.000180
5275 0 0 -0.000223
5280 0 0 -0.000240
5285 0 0 -0.000212
5290 0 0 -0.000194
5295 0 0 -0.000260
5300 0 0 -0.000457
5305 0 0 -0.000726
5310 0 0 -0.000980
5315 0 0 -0.001151
5320 0 0 -0.001238
5325 0 0 -0.001260
5330 0 0 -0.001230
5335 0 0 -0.001147
5340 0 0 -0.001010
5345 0 0 -0.000830
5350 0 0 -0.000686
5355 0 0 -0.000670
5360 0 0 -0.000838
5365 0 0 -0.001091
5370 0 0 -0.001290
5375 0 0 -0.001331
5380 0 0 -0.001236
5385 0 0 -0.001060
5390 0 0 -0.000854
5395 0 0 -0.000654
5400 0 0 -0.000490
5405 0 0 -0.000386
5410 0 0 -0.000337
5415 0 0 -0.000330
5420 0 0 -0.000352
5425 0 0 -0.000380
5430 0 0 -0.000390
5435 0 0 -0.000368
5440 0 0 -0.000335
5445 0 0 -0.000320
5450 0 0 -0.000343
5455 0 0 -0.000383
5460 0 0 -0.000410
5465 0 0 -0.000400
5470 0 0 -0.000367
5475 0 0 -0.000330
5480 0 0 -0.000307
5485 0 0 -0.000298
5490 0 0 -0.000300
5495 0 0 -0.000310
5500 0 0 -0.000322
5505 0 0 -0.000330
5510 0 0 -0.000330
5515 0 0 -0.000323
5520 0 0 -0.000310
5525 0 0 -0.000294
5530 0 0 -0.000287
5535 0 0 -0.000300
5540 0 0 -0.000339
5545 0 0 -0.000382
5550 0 0 -0.000400
5555 0 0 -0.000374
5560 0 0 -0.000324
5565 0 0 -0.000280
5570 0 0 -0.000262
5575 0 0 -0.000262
5580 0 0 -0.000260
5585 0 0 -0.000244
5590 0 0 -0.000218
5595 0 0 -0.000190
5600 0 0 -0.000170
5605 0 0 -0.000172
5610 0 0 -0.000210
5615 0 0 -0.000291
5620 0 0 -0.000386
5625 0 0 -0.000460
5630 0 0 -0.000484
5635 0 0 -0.000468
5640 0 0 -0.000430
5645 0 0 -0.000386
5650 0 0 -0.000346
5655 0 0 -0.000320
5660 0 0 -0.000311
5665 0 0 -0.000302
5670 0 0 -0.000270
5675 0 0 -0.000204
5680 0 0 -0.000128
5685 0 0 -0.000080
5690 0 0 -0.000083
5695 0 0 -0.000120
5700 0 0 -0.000160
5705 0 0 -0.000180
5710 0 0 -0.000179
5715 0 0 -0.000160
5720 0 0 -0.000128
5725 0 0 -0.000097
5730 0 0 -0.000080
5735 0 0 -0.000088
5740 0 0 -0.000114
5745 0 0 -0.000150
5750 0 0 -0.000185
5755 0 0 -0.000209
5760 0 0 -0.000210
5765 0 0 -0.000182
5770 0 0 -0.000144
5775 0 0 -0.000120
5780 0 0 -0.000127
5785 0 0 -0.000154
5790 0 0 -0.000180
5795 0 0 -0.000190
5800 0 0 -0.000183
5805 0 0 -0.000160
5810 0 0 -0.000127
5815 0 0 -0.000098
5820 0 0 -0.000090
5825 0 0 -0.000113
5830 0 0 -0.000149
5835 0 0 -0.000170
5840 0 0 -0.000158
5845 0 0 -0.000128
5850 0 0 -0.000100
5855 0 0 -0.000092
5860 0 0 -0.000101
5865 0 0 -0.000120
5870 0 0 -0.000142
5875 0 0 -0.000158
5880 0 0 -0.000160
5885 0 0 -0.000143
5890 0 0 -0.000123
5895 0 0 -0.000120
5900 0 0 -0.000146
5905 0 0 -0.000184
5910 0 0 -0.000210
5915 0 0 -0.000207
5920 0 0 -0.000182
5925 0 0 -0.000150
5930 0 0 -0.000123
5935 0 0 -0.000107
5940 0 0 -0.000110
5945 0 0 -0.000132
5950 0 0 -0.000156
5955 0 0 -0.000160
5960 0 0 -0.000132
5965 0 0 -0.000095
5970 0 0 -0.000080
5975 0 0 -0.000107
5980 0 0 -0.000152
5985 0 0 -0.000180
5990 0 0 -0.000167
5995 0 0 -0.000134
6000 0 0 -0.000110
6005 0 0 -0.000118
6010 0 0 -0.000148
6015 0 0 -0.000180
6020 0 0 -0.000200
6025 0 0 -0.000211
6030 0 0 -0.000220
6035 0 0 -0.000231
6040 0 0 -0.000235
6045 0 0 -0.000220
6050 0 0 -0.000179
6055 0 0 -0.000131
6060 0 0 -0.000100
6065 0 0 -0.000103
6070 0 0 -0.000126
6075 0 0 -0.000150
6080 0 0 -0.000158
6085 0 0 -0.000150
6090 0 0 -0.000130
6095 0 0 -0.000104
6100 0 0 -0.000086
6105 0 0 -0.000090
6110 0 0 -0.000125
6115 0 0 -0.000166
6120 0 0 -0.000180
6125 0 0 -0.000148
6130 0 0 -0.000098
6135 0 0 -0.000070
6140 0 0 -0.000093
6145 0 0 -0.000142
6150 0 0 -0.000180
6155 0 0 -0.000180
6160 0 0 -0.000159
6165 0 0 -0.000140
6170 0 0 -0.000143
6175 0 0 -0.000156
6180 0 0 -0.000160
6185 0 0 -0.000144
6190 0 0 -0.000133
6195 0 0 -0.000160
6200 0 0 -0.000243
6205 0 0 -0.000341
6210 0 0 -0.000400
6215 0 0 -0.000381
6220 0 0 -0.000316
6225 0 0 -0.000250
6230 0 0 -0.000221
6235 0 0 -0.000224
6240 0 0 -0.000240
6245 0 0 -0.000256
6250 0 0 -0.000267
6255 0 0 -0.000270
6260 0 0 -0.000264
6265 0 0 -0.000249
6270 0 0 -0.000230
6275 0 0 -0.000209
6280 0 0 -0.000198
6285 0 0 -0.000210
6290 0 0 -0.000249
6295 0 0 -0.000290
6300 0 0 -0.000300
6305 0 0 -0.000259
6310 0 0 -0.000195
6315 0 0 -0.000150
6320 0 0 -0.000153
6325 0 0 -0.000184
6330 0 0 -0.000210
6335 0 0 -0.000208
6340 0 0 -0.000186
6345 0 0 -0.000160
6350 0 0 -0.000145
6355 0 0 -0.000142
6360 0 0 -0.000150
6365 0 0 -0.000167
6370 0 0 -0.000186
6375 0 0 -0.000200
6380 0 0 -0.000202
6385 0 0 -0.000195
6390 0 0 -0.000180
6395 0 0 -0.000163
6400 0 0 -0.000153
6405 0 0 -0.000160
6410 0 0 -0.000188
6415 0 0 -0.000215
6420 0 0 -0.000210
6425 0 0 -0.000161
6430 0 0 -0.000118
6435 0 0 -0.000150
6440 0 0 -0.000295
6445 0 0 -0.000475
6450 0 0 -0.000580
6455 0 0 -0.000536
6460 0 0 -0.000396
6465 0 0 -0.000250
6470 0 0 -0.000165
6475 0 0 -0.000136
6480 0 0 -0.000140
6485 0 0 -0.000155
6490 0 0 -0.000173
6495 0 0 -0.000190
6500 0 0 -0.000201
6505 0 0 -0.000207
6510 0 0 -0.000210
6515 0 0 -0.000211
6520 0 0 -0.000209
6525 0 0 -0.000200
6530 0 0 -0.000184
6535 0 0 -0.000165
6540 0 0 -0.000150
6545 0 0 -0.000145
6550 0 0 -0.000152
6555 0 0 -0.000170
6560 0 0 -0.000197
6565 0 0 -0.000225
6570 0 0 -0.000240
6575 0 0 -0.000235
6580 0 0 -0.000216
6585 0 0 -0.000190
6590 0 0 -0.000167
6595 0 0 -0.000152
6600 0 0 -0.000150
6605 0 0 -0.000165
6610 0 0 -0.000191
6615 0 0 -0.000220
6620 0 0 -0.000245
6625 0 0 -0.000257
6630 0 0 -0.000250
6635 0 0 -0.000220
6640 0 0 -0.000184
6645 0 0 -0.000160
6650 0 0 -0.000162
6655 0 0 -0.000176
6660 0 0 -0.000180
6665 0 0 -0.000160
6670 0 0 -0.000132
6675 0 0 -0.000120
6680 0 0 -0.000141
6685 0 0 -0.000181
6690 0 0 -0.000220
6695 0 0 -0.000240
6700 0 0 -0.000240
6705 0 0 -0.000220
6710 0 0 -0.000185
6715 0 0 -0.000154
6720 0 0 -0.000150
6725 0 0 -0.000185
6730 0 0 -0.000239
6735 0 0 -0.000280
6740 0 0 -0.000286
6745 0 0 -0.000265
6750 0 0 -0.000230
6755 0 0 -0.000196
6760 0 0 -0.000170
6765 0 0 -0.000160
6770 0 0 -0.000169
6775 0 0 -0.000179
6780 0 0 -0.000170
6785 0 0 -0.000132
6790 0 0 -0.000100
6795 0 0 -0.000120
6800 0 0 -0.000221
6805 0 0 -0.000359
6810 0 0 -0.000470
6815 0 0 -0.000507
6820 0 0 -0.000481
6825 0 0 -0.000420
6830 0 0 -0.000350
6835 0 0 -0.000295
6840 0 0 -0.000280
6845 0 0 -0.000318
6850 0 0 -0.000378
6855 0 0 -0.000420
6860 0 0 -0.000413
6865 0 0 -0.000370
6870 0 0 -0.000310
6875 0 0 -0.000258
6880 0 0 -0.000244
6885 0 0 -0.000300
6890 0 0 -0.000438
6895 0 0 -0.000587
6900 0 0 -0.000660
6905 0 0 -0.000595
6910 0 0 -0.000450
6915 0 0 -0.000310
6920 0 0 -0.000244
6925 0 0 -0.000242
6930 0 0 -0.000280
6935 0 0 -0.000331
6940 0 0 -0.000374
6945 0 0 -0.000390
6950 0 0 -0.000368
6955 0 0 -0.000331
6960 0 0 -0.000310
6965 0 0 -0.000327
6970 0 0 -0.000366
6975 0 0 -0.000400
6980 0 0 -0.000410
6985 0 0 -0.000402
6990 0 0 -0.000390
6995 0 0 -0.000384
7000 0 0 -0.000383
7005 0 0 -0.000380
7010 0 0 -0.000372
7015 0 0 -0.000356
7020 0 0 -0.000330
7025 0 0 -0.000296
7030 0 0 -0.000264
7035 0 0 -0.000250
7040 0 0 -0.000263
7045 0 0 -0.000297
7050 0 0 -0.000340
7055 0 0 -0.000379
7060 0 0 -0.000398
7065 0 0 -0.000380
7070 0 0 -0.000317
7075 0 0 -0.000237
7080 0 0 -0.000180
7085 0 0 -0.000173
7090 0 0 -0.000196
7095 0 0 -0.000220
7100 0 0 -0.000221
7105 0 0 -0.000204
7110 0 0 -0.000180
7115 0 0 -0.000159
7120 0 0 -0.000147
7125 0 0 -0.000150
7130 0 0 -0.000169
7135 0 0 -0.000188
7140 0 0 -0.000190
7145 0 0 -0.000162
7150 0 0 -0.000121
7155 0 0 -0.000090
7160 0 0 -0.000088
7165 0 0 -0.000106
7170 0 0 -0.000130
7175 0 0 -0.000148
7180 0 0 -0.000152
7185 0 0 -0.000140
7190 0 0 -0.000110
7195 0 0 -0.000083
7200 0 0 -0.000080
7205 0 0 -0.000117
7210 0 0 -0.000171
7215 0 0 -0.000210
7220 0 0 -0.000212
7225 0 0 -0.000188
7230 0 0 -0.000160
7235 0 0 -0.000144
7240 0 0 -0.000142
7245 0 0 -0.000150
7250 0 0 -0.000165
7255 0 0 -0.000176
7260 0 0 -0.000170
7265 0 0 -0.000141
7270 0 0 -0.000106
7275 0 0 -0.000090
7280 0 0 -0.000108
7285 0 0 -0.000141
7290 0 0 -0.000160
7295 0 0 -0.000145
7300 0 0 -0.000113
7305 0 0 -0.000090
7310 0 0 -0.000095
7315 0 0 -0.000118
7320 0 0 -0.000140
7325 0 0 -0.000147
7330 0 0 -0.000141
7335 0 0 -0.000130
7340 0 0 -0.000119
7345 0 0 -0.000117
7350 0 0 -0.000130
7355 0 0 -0.000162
7360 0 0 -0.000196
7365 0 0 -0.000210
7370 0 0 -0.000190
7375 0 0 -0.000155
7380 0 0 -0.000130
7385 0 0 -0.000133
7390 0 0 -0.000153
7395 0 0 -0.000170
7400 0 0 -0.000170
7405 0 0 -0.000157
7410 0 0 -0.000140
7415 0 0 -0.000127
7420 0 0 -0.000118
7425 0 0 -0.000110
7430 0 0 -0.000103
7435 0 0 -0.000102
7440 0 0 -0.000110
7445 0 0 -0.000130
7450 0 0 -0.000154
7455 0 0 -0.000170
7460 0 0 -0.000171
7465 0 0 -0.000166
7470 0 0 -0.000170
7475 0 0 -0.000191
7480 0 0 -0.000214
7485 0 0 -0.000220
7490 0 0 -0.000196
7495 0 0 -0.000158
7500 0 0 -0.000130
7505 0 0 -0.000128
7510 0 0 -0.000146
7515 0 0 -0.000170
7520 0 0 -0.000189
7525 0 0 -0.000195
7530 0 0 -0.000180
7535 0 0 -0.000142
7540 0 0 -0.000100
7545 0 0 -0.000080
7550 0 0 -0.000098
7555 0 0 -0.000135
7560 0 0 -0.000160
7565 0 0 -0.000153
7570 0 0 -0.000126
7575 0 0 -0.000100
7580 0 0 -0.000092
7585 0 0 -0.000101
7590 0 0 -0.000120
7595 0 0 -0.000142
7600 0 0 -0.000156
7605 0 0 -0.000150
7610 0 0 -0.000119
7615 0 0 -0.000096
7620 0 0 -0.000120
7625 0 0 -0.000214
7630 0 0 -0.000332
7635 0 0 -0.000410
7640 0 0 -0.000404
7645 0 0 -0.000344
7650 0 0 -0.000280
7655 0 0 -0.000252
7660 0 0 -0.000254
7665 0 0 -0.000270
7670 0 0 -0.000287
7675 0 0 -0.000295
7680 0 0 -0.000290
7685 0 0 -0.000267
7690 0 0 -0.000236
7695 0 0 -0.000210
7700 0 0 -0.000199
7705 0 0 -0.000206
7710 0 0 -0.000230
7715 0 0 -0.000268
7720 0 0 -0.000304
7725 0 0 -0.000320
7730 0 0 -0.000304
7735 0 0 -0.000281
7740 0 0 -0.000280
7745 0 0 -0.000321
7750 0 0 -0.000370
7755 0 0 -0.000380
7760 0 0 -0.000321
7765 0 0 -0.000235
7770 0 0 -0.000180
7775 0 0 -0.000197
7780 0 0 -0.000252
7785 0 0 -0.000290
7790 0 0 -0.000274
7795 0 0 -0.000222
7800 0 0 -0.000170
7805 0 0 -0.000144
7810 0 0 -0.000143
7815 0 0 -0.000160
7820 0 0 -0.000185
7825 0 0 -0.000203
7830 0 0 -0.000200
7835 0 0 -0.000166
7840 0 0 -0.000124
7845 0 0 -0.000100
7850 0 0 -0.000115
7855 0 0 -0.000156
7860 0 0 -0.000200
7865 0 0 -0.000228
7870 0 0 -0.000233
7875 0 0 -0.000210
7880 0 0 -0.000167
7885 0 0 -0.000153
7890 0 0 -0.000230
7895 0 0 -0.000426
7900 0 0 -0.000639
7905 0 0 -0.000730
7910 0 0 -0.000611
7915 0 0 -0.000379
7920 0 0 -0.000180
7925 0 0 -0.000121
7930 0 0 -0.000160
7935 0 0 -0.000220
7940 0 0 -0.000238
7945 0 0 -0.000223
7950 0 0 -0.000200
7955 0 0 -0.000189
7960 0 0 -0.000189
7965 0 0 -0.000190
7970 0 0 -0.000187
7975 0 0 -0.000177
7980 0 0 -0.000160
7985 0 0 -0.000137
7990 0 0 -0.000119
7995 0 0 -0.000120
8000 0 0 -0.000149
8005 0 0 -0.000190
8010 0 0 -0.000220
8015 0 0 -0.000224
8020 0 0 -0.000206
8025 0 0 -0.000180
8030 0 0 -0.000157
8035 0 0 -0.000154
8040 0 0 -0.000190
8045 0 0 -0.000270
8050 0 0 -0.000352
8055 0 0 -0.000380
8060 0 0 -0.000320
8065 0 0 -0.000215
8070 0 0 -0.000130
8075 0 0 -0.000112
8080 0 0 -0.000141
8085 0 0 -0.000180
8090 0 0 -0.000200
8095 0 0 -0.000203
8100 0 0 -0.000200
8105 0 0 -0.000199
8110 0 0 -0.000189
8115 0 0 -0.000160
8120 0 0 -0.000109
8125 0 0 -0.000081
8130 0 0 -0.000130
8135 0 0 -0.000290
8140 0 0 -0.000501
8145 0 0 -0.000680
8150 0 0 -0.000762
8155 0 0 -0.000750
8160 0 0 -0.000660
8165 0 0 -0.000518
8170 0 0 -0.000370
8175 0 0 -0.000270
8180 0 0 -0.000254
8185 0 0 -0.000298
8190 0 0 -0.000360
8195 0 0 -0.000406
8200 0 0 -0.000422
8205 0 0 -0.000400
8210 0 0 -0.000337
8215 0 0 -0.000252
8220 0 0 -0.000170
8225 0 0 -0.000116
8230 0 0 -0.000112
8235 0 0 -0.000180
8240 0 0 -0.000328
8245 0 0 -0.000505
8250 0 0 -0.000650
8255 0 0 -0.000711
8260 0 0 -0.000692
8265 0 0 -0.000610
8270 0 0 -0.000486
8275 0 0 -0.000364
8280 0 0 -0.000290
8285 0 0 -0.000296
8290 0 0 -0.000347
8295 0 0 -0.000390
8300 0 0 -0.000385
8305 0 0 -0.000347
8310 0 0 -0.000300
8315 0 0 -0.000268
8320 0 0 -0.000254
8325 0 0 -0.000260
8330 0 0 -0.000283
8335 0 0 -0.000309
8340 0 0 -0.000320
8345 0 0 -0.000305
8350 0 0 -0.000274
8355 0 0 -0.000240
8360 0 0 -0.000218
8365 0 0 -0.000213
8370 0 0 -0.000230
8375 0 0 -0.000269
8380 0 0 -0.000311
8385 0 0 -0.000330
8390 0 0 -0.000311
8395 0 0 -0.000272
8400 0 0 -0.000240
8405 0 0 -0.000238
8410 0 0 -0.000268
8415 0 0 -0.000330
8420 0 0 -0.000416
8425 0 0 -0.000493
8430 0 0 -0.000520
8435 0 0 -0.000473
8440 0 0 -0.000387
8445 0 0 -0.000310
8450 0 0 -0.000279
8455 0 0 -0.000276
8460 0 0 -0.000270
8465 0 0 -0.000238
8470 0 0 -0.000193
8475 0 0 -0.000160
8480 0 0 -0.000156
8485 0 0 -0.000179
8490 0 0 -0.000220
8495 0 0 -0.000271
8500 0 0 -0.000316
8505 0 0 -0.000340
8510 0 0 -0.000333
8515 0 0 -0.000307
8520 0 0 -0.000280
8525 0 0 -0.000267
8530 0 0 -0.000269
8535 0 0 -0.000280
8540 0 0 -0.000296
8545 0 0 -0.000307
8550 0 0 -0.000300
8555 0 0 -0.000269
8560 0 0 -0.000231
8565 0 0 -0.000210
8570 0 0 -0.000222
8575 0 0 -0.000250
8580 0 0 -0.000270
8585 0 0 -0.000264
8590 0 0 -0.000235
8595 0 0 -0.000190
8600 0 0 -0.000138
8605 0 0 -0.000096
8610 0 0 -0.000080
8615 0 0 -0.000100
8620 0 0 -0.000137
8625 0 0 -0.000160
8630 0 0 -0.000151
8635 0 0 -0.000123
8640 0 0 -0.000100
8645 0 0 -0.000098
8650 0 0 -0.000111
8655 0 0 -0.000130
8660 0 0 -0.000145
8665 0 0 -0.000152
8670 0 0 -0.000150
8675 0 0 -0.000138
8680 0 0 -0.000127
8685 0 0 -0.000130
8690 0 0 -0.000154
8695 0 0 -0.000183
8700 0 0 -0.000200
8705 0 0 -0.000189
8710 0 0 -0.000163
8715 0 0 -0.000140
8720 0 0 -0.000133
8725 0 0 -0.000138
8730 0 0 -0.000150
8735 0 0 -0.000160
8740 0 0 -0.000162
8745 0 0 -0.000150
8750 0 0 -0.000121
8755 0 0 -0.000091
8760 0 0 -0.000080
8765 0 0 -0.000101
8770 0 0 -0.000136
8775 0 0 -0.000160
8780 0 0 -0.000156
8785 0 0 -0.000134
8790 0 0 -0.000110
8795 0 0 -0.000099
8800 0 0 -0.000103
8805 0 0 -0.000120
8810 0 0 -0.000148
8815 0 0 -0.000173
8820 0 0 -0.000180
8825 0 0 -0.000159
8830 0 0 -0.000131
8835 0 0 -0.000120
8840 0 0 -0.000144
8845 0 0 -0.000184
8850 0 0 -0.000210
8855 0 0 -0.000202
8860 0 0 -0.000172
8865 0 0 -0.000140
8870 0 0 -0.000121
8875 0 0 -0.000115
8880 0 0 -0.000120
8885 0 0 -0.000131
8890 0 0 -0.000146
8895 0 0 -0.000160
8900 0 0 -0.000170
8905 0 0 -0.000177
8910 0 0 -0.000180
8915 0 0 -0.000179
8920 0 0 -0.000171
8925 0 0 -0.000150
8930 0 0 -0.000117
8935 0 0 -0.000090
8940 0 0 -0.000090
8945 0 0 -0.000130
8950 0 0 -0.000185
8955 0 0 -0.000220
8960 0 0 -0.000210
8965 0 0 -0.000173
8970 0 0 -0.000140
8975 0 0 -0.000132
8980 0 0 -0.000144
8985 0 0 -0.000160
8990 0 0 -0.000170
8995 0 0 -0.000167
9000 0 0 -0.000150
9005 0 0 -0.000118
9010 0 0 -0.000088
9015 0 0 -0.000080
9020 0 0 -0.000107
9025 0 0 -0.000144
9030 0 0 -0.000160
9035 0 0 -0.000133
9040 0 0 -0.000091
9045 0 0 -0.000070
9050 0 0 -0.000096
9055 0 0 -0.000143
9060 0 0 -0.000170
9065 0 0 -0.000152
9070 0 0 -0.000118
9075 0 0 -0.000110
9080 0 0 -0.000158
9085 0 0 -0.000238
9090 0 0 -0.000310
9095 0 0 -0.000345
9100 0 0 -0.000340
9105 0 0 -0.000300
9110 0 0 -0.000235
9115 0 0 -0.000169
9120 0 0 -0.000130
9125 0 0 -0.000136
9130 0 0 -0.000164
9135 0 0 -0.000180
9140 0 0 -0.000161
9145 0 0 -0.000125
9150 0 0 -0.000100
9155 0 0 -0.000106
9160 0 0 -0.000134
9165 0 0 -0.000170
9170 0 0 -0.000199
9175 0 0 -0.000214
9180 0 0 -0.000210
9185 0 0 -0.000186
9190 0 0 -0.000154
9195 0 0 -0.000130
9200 0 0 -0.000126
9205 0 0 -0.000137
9210 0 0 -0.000150
9215 0 0 -0.000159
9220 0 0 -0.000166
9225 0 0 -0.000180
9230 0 0 -0.000203
9235 0 0 -0.000221
9240 0 0 -0.000220
9245 0 0 -0.000189
9250 0 0 -0.000153
9255 0 0 -0.000140
9260 0 0 -0.000173
9265 0 0 -0.000232
9270 0 0 -0.000290
9275 0 0 -0.000324
9280 0 0 -0.000332
9285 0 0 -0.000320
9290 0 0 -0.000291
9295 0 0 -0.000252
9300 0 0 -0.000210
9305 0 0 -0.000172
9310 0 0 -0.000156
9315 0 0 -0.000180
9320 0 0 -0.000252
9325 0 0 -0.000343
9330 0 0 -0.000410
9335 0 0 -0.000427
9340 0 0 -0.000417
9345 0 0 -0.000420
9350 0 0 -0.000461
9355 0 0 -0.000518
9360 0 0 -0.000560
9365 0 0 -0.000559
9370 0 0 -0.000517
9375 0 0 -0.000440
9380 0 0 -0.000343
9385 0 0 -0.000262
9390 0 0 -0.000240
9395 0 0 -0.000304
9400 0 0 -0.000413
9405 0 0 -0.000510
9410 0 0 -0.000550
9415 0 0 -0.000532
9420 0 0 -0.000470
9425 0 0 -0.000378
9430 0 0 -0.000281
9435 0 0 -0.000210
9440 0 0 -0.000184
9445 0 0 -0.000188
9450 0 0 -0.000200
9455 0 0 -0.000201
9460 0 0 -0.000197
9465 0 0 -0.000200
9470 0 0 -0.000218
9475 0 0 -0.000242
9480 0 0 -0.000260
9485 0 0 -0.000264
9490 0 0 -0.000258
9495 0 0 -0.000250
9500 0 0 -0.000246
9505 0 0 -0.000244
9510 0 0 -0.000240
9515 0 0 -0.000233
9520 0 0 -0.000227
9525 0 0 -0.000230
9530 0 0 -0.000244
9535 0 0 -0.000261
9540 0 0 -0.000270
9545 0 0 -0.000262
9550 0 0 -0.000242
9555 0 0 -0.000220
9560 0 0 -0.000203
9565 0 0 -0.000193
9570 0 0 -0.000190
9575 0 0 -0.000194
9580 0 0 -0.000205
9585 0 0 -0.000220
9590 0 0 -0.000238
9595 0 0 -0.000256
9600 0 0 -0.000270
9605 0 0 -0.000277
9610 0 0 -0.000280
9615 0 0 -0.000280
9620 0 0 -0.000280
9625 0 0 -0.000281
9630 0 0 -0.000280
9635 0 0 -0.000277
9640 0 0 -0.000271
9645 0 0 -0.000260
9650 0 0 -0.000245
9655 0 0 -0.000229
9660 0 0 -0.000220
9665 0 0 -0.000221
9670 0 0 -0.000229
9675 0 0 -0.000240
9680 0 0 -0.000247
9685 0 0 -0.000241
9690 0 0 -0.000210
9695 0 0 -0.000159
9700 0 0 -0.000153
9705 0 0 -0.000270
9710 0 0 -0.000564
9715 0 0 -0.000981
9720 0 0 -0.001440
9725 0 0 -0.001850
9730 0 0 -0.002086
9735 0 0 -0.002010
9740 0 0 -0.001556
9745 0 0 -0.000936
9750 0 0 -0.000430
9755 0 0 -0.000245
9760 0 0 -0.000295
9765 0 0 -0.000420
9770 0 0 -0.000490
9775 0 0 -0.000497
9780 0 0 -0.000460
9785 0 0 -0.000401
9790 0 0 -0.000338
9795 0 0 -0.000290
9800 0 0 -0.000270
9805 0 0 -0.000273
9810 0 0 -0.000290
9815 0 0 -0.000313
9820 0 0 -0.000330
9825 0 0 -0.000330
9830 0 0 -0.000307
9835 0 0 -0.000274
9840 0 0 -0.000250
9845 0 0 -0.000247
9850 0 0 -0.000263
9855 0 0 -0.000290
9860 0 0 -0.000320
9865 0 0 -0.000345
9870 0 0 -0.000360
9875 0 0 -0.000360
9880 0 0 -0.000350
9885 0 0 -0.000340
9890 0 0 -0.000336
9895 0 0 -0.000337
9900 0 0 -0.000340
9905 0 0 -0.000341
9910 0 0 -0.000339
9915 0 0 -0.000330
9920 0 0 -0.000314
9925 0 0 -0.000295
9930 0 0 -0.000280
9935 0 0 -0.000273
9940 0 0 -0.000274
9945 0 0 -0.000280
9950 0 0 -0.000288
9955 0 0 -0.000293
9960 0 0 -0.000290
9965 0 0 -0.000275
9970 0 0 -0.000255
9975 0 0 -0.000240
9980 0 0 -0.000237
9985 0 0 -0.000243
9990 0 0 -0.000250
9995 0 0 -0.000254
10000 0 0 -0.000256
10005 0 0 -0.000260
10010 0 0 -0.000268
10015 0 0 -0.000274
10020 0 0 -0.000270
10025 0 0 -0.000251
10030 0 0 -0.000222
10035 0 0 -0.000190
10040 0 0 -0.000163
10045 0 0 -0.000145
10050 0 0 -0.000140
10055 0 0 -0.000150
10060 0 0 -0.000170
10065 0 0 -0.000190
10070 0 0 -0.000202
10075 0 0 -0.000198
