0 0 0 -0.000288
5 0 0 -0.000214
10 0 0 -0.000178
15 0 0 -0.000172
20 0 0 -0.000185
25 0 0 -0.000208
30 0 0 -0.000230
35 0 0 -0.000244
40 0 0 -0.000245
45 0 0 -0.000230
50 0 0 -0.000201
55 0 0 -0.000175
60 0 0 -0.000172
65 0 0 -0.000206
70 0 0 -0.000254
75 0 0 -0.000288
80 0 0 -0.000286
85 0 0 -0.000260
90 0 0 -0.000230
95 0 0 -0.000213
100 0 0 -0.000213
105 0 0 -0.000230
110 0 0 -0.000261
115 0 0 -0.000287
120 0 0 -0.000288
125 0 0 -0.000250
130 0 0 -0.000200
135 0 0 -0.000172
140 0 0 -0.000189
145 0 0 -0.000223
150 0 0 -0.000232
155 0 0 -0.000190
160 0 0 -0.000134
165 0 0 -0.000114
170 0 0 -0.000165
175 0 0 -0.000257
180 0 0 -0.000344
185 0 0 -0.000388
190 0 0 -0.000387
195 0 0 -0.000346
200 0 0 -0.000275
205 0 0 -0.000206
210 0 0 -0.000174
215 0 0 -0.000201
220 0 0 -0.000254
225 0 0 -0.000288
230 0 0 -0.000270
235 0 0 -0.000220
240 0 0 -0.000172
245 0 0 -0.000152
250 0 0 -0.000156
255 0 0 -0.000172
260 0 0 -0.000191
265 0 0 -0.000210
270 0 0 -0.000230
275 0 0 -0.000251
280 0 0 -0.000271
285 0 0 -0.000288
290 0 0 -0.000299
295 0 0 -0.000301
300 0 0 -0.000288
305 0 0 -0.000258
310 0 0 -0.000217
315 0 0 -0.000174
320 0 0 -0.000138
325 0 0 -0.000116
330 0 0 -0.000116
335 0 0 -0.000142
340 0 0 -0.000184
345 0 0 -0.000232
350 0 0 -0.000273
355 0 0 -0.000296
360 0 0 -0.000288
365 0 0 -0.000245
370 0 0 -0.000195
375 0 0 -0.000174
380 0 0 -0.000204
385 0 0 -0.000256
390 0 0 -0.000288
395 0 0 -0.000270
400 0 0 -0.000221
405 0 0 -0.000174
410 0 0 -0.000153
415 0 0 -0.000157
420 0 0 -0.000174
425 0 0 -0.000196
430 0 0 -0.000217
435 0 0 -0.000232
440 0 0 -0.000237
445 0 0 -0.000235
450 0 0 -0.000230
455 0 0 -0.000227
460 0 0 -0.000227
465 0 0 -0.000230
470 0 0 -0.000236
475 0 0 -0.000238
480 0 0 -0.000230
485 0 0 -0.000207
490 0 0 -0.000183
495 0 0 -0.000172
500 0 0 -0.000186
505 0 0 -0.000211
510 0 0 -0.000230
515 0 0 -0.000229
520 0 0 -0.000223
525 0 0 -0.000230
530 0 0 -0.000266
535 0 0 -0.000326
540 0 0 -0.000404
545 0 0 -0.000486
550 0 0 -0.000537
555 0 0 -0.000520
560 0 0 -0.000416
565 0 0 -0.000291
570 0 0 -0.000232
575 0 0 -0.000299
580 0 0 -0.000454
585 0 0 -0.000632
590 0 0 -0.000771
595 0 0 -0.000825
600 0 0 -0.000748
605 0 0 -0.000536
610 0 0 -0.000338
615 0 0 -0.000344
620 0 0 -0.000673
625 0 0 -0.001171
630 0 0 -0.001612
635 0 0 -0.001824
640 0 0 -0.001836
645 0 0 -0.001728
650 0 0 -0.001567
655 0 0 -0.001372
660 0 0 -0.001150
665 0 0 -0.000914
670 0 0 -0.000705
675 0 0 -0.000574
680 0 0 -0.000552
685 0 0 -0.000607
690 0 0 -0.000690
695 0 0 -0.000756
700 0 0 -0.000783
705 0 0 -0.000750
710 0 0 -0.000653
715 0 0 -0.000537
720 0 0 -0.000460
725 0 0 -0.000464
730 0 0 -0.000518
735 0 0 -0.000576
740 0 0 -0.000597
745 0 0 -0.000578
750 0 0 -0.000520
755 0 0 -0.000435
760 0 0 -0.000362
765 0 0 -0.000346
770 0 0 -0.000414
775 0 0 -0.000515
780 0 0 -0.000576
785 0 0 -0.000548
790 0 0 -0.000470
795 0 0 -0.000402
800 0 0 -0.000390
805 0 0 -0.000420
810 0 0 -0.000462
815 0 0 -0.000489
820 0 0 -0.000492
825 0 0 -0.000462
830 0 0 -0.000400
835 0 0 -0.000331
840 0 0 -0.000286
845 0 0 -0.000288
850 0 0 -0.000317
855 0 0 -0.000346
860 0 0 -0.000354
865 0 0 -0.000348
870 0 0 -0.000346
875 0 0 -0.000356
880 0 0 -0.000364
885 0 0 -0.000346
890 0 0 -0.000291
895 0 0 -0.000222
900 0 0 -0.000172
905 0 0 -0.000166
910 0 0 -0.000192
915 0 0 -0.000230
920 0 0 -0.000263
925 0 0 -0.000283
930 0 0 -0.000288
935 0 0 -0.000278
940 0 0 -0.000271
945 0 0 -0.000288
950 0 0 -0.000343
955 0 0 -0.000412
960 0 0 -0.000460
965 0 0 -0.000473
970 0 0 -0.000506
975 0 0 -0.000634
980 0 0 -0.000889
985 0 0 -0.001139
990 0 0 -0.001212
995 0 0 -0.001008
1000 0 0 -0.000725
1005 0 0 -0.000632
1010 0 0 -0.000903
1015 0 0 -0.001317
1020 0 0 -0.001554
1025 0 0 -0.001397
1030 0 0 -0.001032
1035 0 0 -0.000748
1040 0 0 -0.000750
1045 0 0 -0.000914
1050 0 0 -0.001036
1055 0 0 -0.000966
1060 0 0 -0.000786
1065 0 0 -0.000632
1070 0 0 -0.000607
1075 0 0 -0.000671
1080 0 0 -0.000748
1085 0 0 -0.000779
1090 0 0 -0.000772
1095 0 0 -0.000750
1100 0 0 -0.000737
1105 0 0 -0.000750
1110 0 0 -0.000806
1115 0 0 -0.000912
1120 0 0 -0.001040
1125 0 0 -0.001152
1130 0 0 -0.001217
1135 0 0 -0.001235
1140 0 0 -0.001210
1145 0 0 -0.001151
1150 0 0 -0.001069
1155 0 0 -0.000978
1160 0 0 -0.000892
1165 0 0 -0.000828
1170 0 0 -0.000806
1175 0 0 -0.000835
1180 0 0 -0.000885
1185 0 0 -0.000920
1190 0 0 -0.000912
1195 0 0 -0.000883
1200 0 0 -0.000864
1205 0 0 -0.000878
1210 0 0 -0.000906
1215 0 0 -0.000920
1220 0 0 -0.000899
1225 0 0 -0.000855
1230 0 0 -0.000806
1235 0 0 -0.000769
1240 0 0 -0.000750
1245 0 0 -0.000748
1250 0 0 -0.000764
1255 0 0 -0.000787
1260 0 0 -0.000806
1265 0 0 -0.000811
1270 0 0 -0.000808
1275 0 0 -0.000806
1280 0 0 -0.000811
1285 0 0 -0.000815
1290 0 0 -0.000806
1295 0 0 -0.000779
1300 0 0 -0.000752
1305 0 0 -0.000748
1310 0 0 -0.000780
1315 0 0 -0.000829
1320 0 0 -0.000864
1325 0 0 -0.000864
1330 0 0 -0.000839
1335 0 0 -0.000806
1340 0 0 -0.000781
1345 0 0 -0.000763
1350 0 0 -0.000750
1355 0 0 -0.000738
1360 0 0 -0.000721
1365 0 0 -0.000692
1370 0 0 -0.000646
1375 0 0 -0.000586
1380 0 0 -0.000518
1385 0 0 -0.000449
1390 0 0 -0.000388
1395 0 0 -0.000346
1400 0 0 -0.000329
1405 0 0 -0.000332
1410 0 0 -0.000346
1415 0 0 -0.000361
1420 0 0 -0.000364
1425 0 0 -0.000344
1430 0 0 -0.000293
1435 0 0 -0.000229
1440 0 0 -0.000174
1445 0 0 -0.000146
1450 0 0 -0.000147
1455 0 0 -0.000174
1460 0 0 -0.000221
1465 0 0 -0.000268
1470 0 0 -0.000288
1475 0 0 -0.000266
1480 0 0 -0.000219
1485 0 0 -0.000172
1490 0 0 -0.000146
1495 0 0 -0.000145
1500 0 0 -0.000172
1505 0 0 -0.000222
1510 0 0 -0.000270
1515 0 0 -0.000288
1520 0 0 -0.000258
1525 0 0 -0.000206
1530 0 0 -0.000172
1535 0 0 -0.000182
1540 0 0 -0.000212
1545 0 0 -0.000230
1550 0 0 -0.000211
1555 0 0 -0.000180
1560 0 0 -0.000172
1565 0 0 -0.000209
1570 0 0 -0.000262
1575 0 0 -0.000288
1580 0 0 -0.000259
1585 0 0 -0.000206
1590 0 0 -0.000174
1595 0 0 -0.000194
1600 0 0 -0.000244
1605 0 0 -0.000288
1610 0 0 -0.000299
1615 0 0 -0.000277
1620 0 0 -0.000230
1625 0 0 -0.000170
1630 0 0 -0.000122
1635 0 0 -0.000116
1640 0 0 -0.000169
1645 0 0 -0.000243
1650 0 0 -0.000288
1655 0 0 -0.000270
1660 0 0 -0.000217
1665 0 0 -0.000174
1670 0 0 -0.000173
1675 0 0 -0.000201
1680 0 0 -0.000230
1685 0 0 -0.000241
1690 0 0 -0.000239
1695 0 0 -0.000232
1700 0 0 -0.000230
1705 0 0 -0.000230
1710 0 0 -0.000230
1715 0 0 -0.000227
1720 0 0 -0.000226
1725 0 0 -0.000230
1730 0 0 -0.000241
1735 0 0 -0.000247
1740 0 0 -0.000230
1745 0 0 -0.000182
1750 0 0 -0.000132
1755 0 0 -0.000116
1760 0 0 -0.000158
1765 0 0 -0.000229
1770 0 0 -0.000288
1775 0 0 -0.000304
1780 0 0 -0.000280
1785 0 0 -0.000230
1790 0 0 -0.000170
1795 0 0 -0.000122
1800 0 0 -0.000114
1805 0 0 -0.000160
1810 0 0 -0.000231
1815 0 0 -0.000288
1820 0 0 -0.000301
1825 0 0 -0.000276
1830 0 0 -0.000230
1835 0 0 -0.000179
1840 0 0 -0.000136
1845 0 0 -0.000116
1850 0 0 -0.000131
1855 0 0 -0.000187
1860 0 0 -0.000288
1865 0 0 -0.000433
1870 0 0 -0.000597
1875 0 0 -0.000750
1880 0 0 -0.000863
1885 0 0 -0.000924
1890 0 0 -0.000920
1895 0 0 -0.000850
1900 0 0 -0.000742
1905 0 0 -0.000632
1910 0 0 -0.000547
1915 0 0 -0.000478
1920 0 0 -0.000404
1925 0 0 -0.000315
1930 0 0 -0.000229
1935 0 0 -0.000172
1940 0 0 -0.000163
1945 0 0 -0.000189
1950 0 0 -0.000230
1955 0 0 -0.000267
1960 0 0 -0.000290
1965 0 0 -0.000288
1970 0 0 -0.000258
1975 0 0 -0.000213
1980 0 0 -0.000174
1985 0 0 -0.000155
1990 0 0 -0.000155
1995 0 0 -0.000172
2000 0 0 -0.000199
2005 0 0 -0.000224
2010 0 0 -0.000232
2015 0 0 -0.000216
2020 0 0 -0.000189
2025 0 0 -0.000174
2030 0 0 -0.000184
2035 0 0 -0.000209
2040 0 0 -0.000232
2045 0 0 -0.000240
2050 0 0 -0.000237
2055 0 0 -0.000232
2060 0 0 -0.000232
2065 0 0 -0.000233
2070 0 0 -0.000230
2075 0 0 -0.000218
2080 0 0 -0.000199
2085 0 0 -0.000174
2090 0 0 -0.000148
2095 0 0 -0.000141
2100 0 0 -0.000174
2105 0 0 -0.000257
2110 0 0 -0.000351
2115 0 0 -0.000404
2120 0 0 -0.000382
2125 0 0 -0.000324
2130 0 0 -0.000288
2135 0 0 -0.000333
2140 0 0 -0.000523
2145 0 0 -0.000922
2150 0 0 -0.001529
2155 0 0 -0.002080
2160 0 0 -0.002246
2165 0 0 -0.001817
2170 0 0 -0.001071
2175 0 0 -0.000404
2180 0 0 -0.000117
2185 0 0 -0.000121
2190 0 0 -0.000230
2195 0 0 -0.000294
2200 0 0 -0.000304
2205 0 0 -0.000288
2210 0 0 -0.000268
2215 0 0 -0.000249
2220 0 0 -0.000230
2225 0 0 -0.000211
2230 0 0 -0.000192
2235 0 0 -0.000174
2240 0 0 -0.000159
2245 0 0 -0.000155
2250 0 0 -0.000174
2255 0 0 -0.000219
2260 0 0 -0.000267
2265 0 0 -0.000288
2270 0 0 -0.000264
2275 0 0 -0.000214
2280 0 0 -0.000172
2285 0 0 -0.000159
2290 0 0 -0.000166
2295 0 0 -0.000172
2300 0 0 -0.000168
2305 0 0 -0.000176
2310 0 0 -0.000230
2315 0 0 -0.000348
2320 0 0 -0.000498
2325 0 0 -0.000634
2330 0 0 -0.000720
2335 0 0 -0.000755
2340 0 0 -0.000748
2345 0 0 -0.000709
2350 0 0 -0.000648
2355 0 0 -0.000576
2360 0 0 -0.000502
2365 0 0 -0.000426
2370 0 0 -0.000346
2375 0 0 -0.000273
2380 0 0 -0.000267
2385 0 0 -0.000402
2390 0 0 -0.000711
2395 0 0 -0.001072
2400 0 0 -0.001324
2405 0 0 -0.001352
2410 0 0 -0.001220
2415 0 0 -0.001036
2420 0 0 -0.000891
2425 0 0 -0.000797
2430 0 0 -0.000748
2435 0 0 -0.000734
2440 0 0 -0.000740
2445 0 0 -0.000748
2450 0 0 -0.000741
2455 0 0 -0.000707
2460 0 0 -0.000634
2465 0 0 -0.000520
2470 0 0 -0.000407
2475 0 0 -0.000346
2480 0 0 -0.000371
2485 0 0 -0.000445
2490 0 0 -0.000518
2495 0 0 -0.000547
2500 0 0 -0.000541
2505 0 0 -0.000518
2510 0 0 -0.000499
2515 0 0 -0.000509
2520 0 0 -0.000576
2525 0 0 -0.000713
2530 0 0 -0.000884
2535 0 0 -0.001036
2540 0 0 -0.001132
2545 0 0 -0.001183
2550 0 0 -0.001210
2555 0 0 -0.001230
2560 0 0 -0.001235
2565 0 0 -0.001208
2570 0 0 -0.001142
2575 0 0 -0.001056
2580 0 0 -0.000978
2585 0 0 -0.000928
2590 0 0 -0.000910
2595 0 0 -0.000922
2600 0 0 -0.000954
2605 0 0 -0.000968
2610 0 0 -0.000920
2615 0 0 -0.000790
2620 0 0 -0.000659
2625 0 0 -0.000634
2630 0 0 -0.000781
2635 0 0 -0.001000
2640 0 0 -0.001152
2645 0 0 -0.001136
2650 0 0 -0.001008
2655 0 0 -0.000864
2660 0 0 -0.000780
2665 0 0 -0.000750
2670 0 0 -0.000748
2675 0 0 -0.000750
2680 0 0 -0.000752
2685 0 0 -0.000750
2690 0 0 -0.000749
2695 0 0 -0.000776
2700 0 0 -0.000864
2705 0 0 -0.001026
2710 0 0 -0.001191
2715 0 0 -0.001266
2720 0 0 -0.001191
2725 0 0 -0.001026
2730 0 0 -0.000864
2735 0 0 -0.000775
2740 0 0 -0.000748
2745 0 0 -0.000748
2750 0 0 -0.000749
2755 0 0 -0.000747
2760 0 0 -0.000748
2765 0 0 -0.000750
2770 0 0 -0.000738
2775 0 0 -0.000692
2780 0 0 -0.000603
2785 0 0 -0.000509
2790 0 0 -0.000460
2795 0 0 -0.000486
2800 0 0 -0.000545
2805 0 0 -0.000574
2810 0 0 -0.000529
2815 0 0 -0.000438
2820 0 0 -0.000344
2825 0 0 -0.000283
2830 0 0 -0.000250
2835 0 0 -0.000230
2840 0 0 -0.000212
2845 0 0 -0.000193
2850 0 0 -0.000174
2855 0 0 -0.000156
2860 0 0 -0.000151
2865 0 0 -0.000172
2870 0 0 -0.000223
2875 0 0 -0.000275
2880 0 0 -0.000288
2885 0 0 -0.000238
2890 0 0 -0.000163
2895 0 0 -0.000116
2900 0 0 -0.000133
2905 0 0 -0.000186
2910 0 0 -0.000230
2915 0 0 -0.000233
2920 0 0 -0.000205
2925 0 0 -0.000172
2930 0 0 -0.000152
2935 0 0 -0.000152
2940 0 0 -0.000172
2945 0 0 -0.000212
2950 0 0 -0.000257
2955 0 0 -0.000288
2960 0 0 -0.000291
2965 0 0 -0.000269
2970 0 0 -0.000230
2975 0 0 -0.000183
2980 0 0 -0.000140
2985 0 0 -0.000116
2990 0 0 -0.000121
2995 0 0 -0.000144
3000 0 0 -0.000172
3005 0 0 -0.000194
3010 0 0 -0.000211
3015 0 0 -0.000230
3020 0 0 -0.000251
3025 0 0 -0.000259
3030 0 0 -0.000230
3035 0 0 -0.000157
3040 0 0 -0.000082
3045 0 0 -0.000058
3050 0 0 -0.000120
3055 0 0 -0.000220
3060 0 0 -0.000288
3065 0 0 -0.000277
3070 0 0 -0.000221
3075 0 0 -0.000174
3080 0 0 -0.000175
3085 0 0 -0.000205
3090 0 0 -0.000230
3095 0 0 -0.000224
3100 0 0 -0.000199
3105 0 0 -0.000174
3110 0 0 -0.000166
3115 0 0 -0.000168
3120 0 0 -0.000172
3125 0 0 -0.000170
3130 0 0 -0.000167
3135 0 0 -0.000174
3140 0 0 -0.000195
3145 0 0 -0.000218
3150 0 0 -0.000230
3155 0 0 -0.000219
3160 0 0 -0.000195
3165 0 0 -0.000172
3170 0 0 -0.000161
3175 0 0 -0.000162
3180 0 0 -0.000174
3185 0 0 -0.000193
3190 0 0 -0.000214
3195 0 0 -0.000230
3200 0 0 -0.000237
3205 0 0 -0.000237
3210 0 0 -0.000230
3215 0 0 -0.000219
3220 0 0 -0.000201
3225 0 0 -0.000172
3230 0 0 -0.000134
3235 0 0 -0.000107
3240 0 0 -0.000116
3245 0 0 -0.000174
3250 0 0 -0.000246
3255 0 0 -0.000288
3260 0 0 -0.000268
3265 0 0 -0.000215
3270 0 0 -0.000174
3275 0 0 -0.000177
3280 0 0 -0.000205
3285 0 0 -0.000230
3290 0 0 -0.000237
3295 0 0 -0.000273
3300 0 0 -0.000402
3305 0 0 -0.000654
3310 0 0 -0.000929
3315 0 0 -0.001094
3320 0 0 -0.001057
3325 0 0 -0.000886
3330 0 0 -0.000690
3335 0 0 -0.000554
3340 0 0 -0.000470
3345 0 0 -0.000404
3350 0 0 -0.000342
3355 0 0 -0.000337
3360 0 0 -0.000460
3365 0 0 -0.000745
3370 0 0 -0.001083
3375 0 0 -0.001326
3380 0 0 -0.001364
3385 0 0 -0.001227
3390 0 0 -0.000980
3395 0 0 -0.000687
3400 0 0 -0.000415
3405 0 0 -0.000230
3410 0 0 -0.000175
3415 0 0 -0.000200
3420 0 0 -0.000230
3425 0 0 -0.000210
3430 0 0 -0.000159
3435 0 0 -0.000114
3440 0 0 -0.000106
3445 0 0 -0.000129
3450 0 0 -0.000172
3455 0 0 -0.000221
3460 0 0 -0.000264
3465 0 0 -0.000288
3470 0 0 -0.000284
3475 0 0 -0.000260
3480 0 0 -0.000230
3485 0 0 -0.000203
3490 0 0 -0.000184
3495 0 0 -0.000172
3500 0 0 -0.000169
3505 0 0 -0.000170
3510 0 0 -0.000172
3515 0 0 -0.000171
3520 0 0 -0.000170
3525 0 0 -0.000172
3530 0 0 -0.000181
3535 0 0 -0.000199
3540 0 0 -0.000230
3545 0 0 -0.000274
3550 0 0 -0.000318
3555 0 0 -0.000346
3560 0 0 -0.000347
3565 0 0 -0.000324
3570 0 0 -0.000288
3575 0 0 -0.000248
3580 0 0 -0.000222
3585 0 0 -0.000230
3590 0 0 -0.000283
3595 0 0 -0.000353
3600 0 0 -0.000404
3605 0 0 -0.000409
3610 0 0 -0.000381
3615 0 0 -0.000344
3620 0 0 -0.000316
3625 0 0 -0.000298
3630 0 0 -0.000288
3635 0 0 -0.000284
3640 0 0 -0.000299
3645 0 0 -0.000346
3650 0 0 -0.000428
3655 0 0 -0.000504
3660 0 0 -0.000520
3665 0 0 -0.000443
3670 0 0 -0.000323
3675 0 0 -0.000230
3680 0 0 -0.000214
3685 0 0 -0.000249
3690 0 0 -0.000288
3695 0 0 -0.000297
3700 0 0 -0.000288
3705 0 0 -0.000288
3710 0 0 -0.000312
3715 0 0 -0.000341
3720 0 0 -0.000346
3725 0 0 -0.000310
3730 0 0 -0.000259
3735 0 0 -0.000230
3740 0 0 -0.000248
3745 0 0 -0.000295
3750 0 0 -0.000344
3755 0 0 -0.000370
3760 0 0 -0.000370
3765 0 0 -0.000346
3770 0 0 -0.000302
3775 0 0 -0.000256
3780 0 0 -0.000230
3785 0 0 -0.000239
3790 0 0 -0.000266
3795 0 0 -0.000288
3800 0 0 -0.000290
3805 0 0 -0.000283
3810 0 0 -0.000288
3815 0 0 -0.000314
3820 0 0 -0.000328
3825 0 0 -0.000288
3830 0 0 -0.000181
3835 0 0 -0.000115
3840 0 0 -0.000230
3845 0 0 -0.000601
3850 0 0 -0.001047
3855 0 0 -0.001326
3860 0 0 -0.001273
3865 0 0 -0.001041
3870 0 0 -0.000862
3875 0 0 -0.000903
3880 0 0 -0.001071
3885 0 0 -0.001210
3890 0 0 -0.001198
3895 0 0 -0.001062
3900 0 0 -0.000864
3905 0 0 -0.000666
3910 0 0 -0.000531
3915 0 0 -0.000520
3920 0 0 -0.000662
3925 0 0 -0.000859
3930 0 0 -0.000978
3935 0 0 -0.000929
3940 0 0 -0.000779
3945 0 0 -0.000634
3950 0 0 -0.000579
3955 0 0 -0.000608
3960 0 0 -0.000690
3965 0 0 -0.000802
3970 0 0 -0.000937
3975 0 0 -0.001094
3980 0 0 -0.001266
3985 0 0 -0.001415
3990 0 0 -0.001498
3995 0 0 -0.001486
4000 0 0 -0.001412
4005 0 0 -0.001324
4010 0 0 -0.001258
4015 0 0 -0.001206
4020 0 0 -0.001152
4025 0 0 -0.001083
4030 0 0 -0.001017
4035 0 0 -0.000978
4040 0 0 -0.000981
4045 0 0 -0.001009
4050 0 0 -0.001036
4055 0 0 -0.001043
4060 0 0 -0.001038
4065 0 0 -0.001036
4070 0 0 -0.001043
4075 0 0 -0.001035
4080 0 0 -0.000980
4085 0 0 -0.000865
4090 0 0 -0.000759
4095 0 0 -0.000750
4100 0 0 -0.000891
4105 0 0 -0.001102
4110 0 0 -0.001268
4115 0 0 -0.001301
4120 0 0 -0.001226
4125 0 0 -0.001094
4130 0 0 -0.000952
4135 0 0 -0.000829
4140 0 0 -0.000750
4145 0 0 -0.000731
4150 0 0 -0.000757
4155 0 0 -0.000806
4160 0 0 -0.000858
4165 0 0 -0.000901
4170 0 0 -0.000922
4175 0 0 -0.000914
4180 0 0 -0.000875
4185 0 0 -0.000808
4190 0 0 -0.000719
4195 0 0 -0.000632
4200 0 0 -0.000576
4205 0 0 -0.000568
4210 0 0 -0.000581
4215 0 0 -0.000576
4220 0 0 -0.000527
4225 0 0 -0.000458
4230 0 0 -0.000404
4235 0 0 -0.000391
4240 0 0 -0.000400
4245 0 0 -0.000404
4250 0 0 -0.000381
4255 0 0 -0.000338
4260 0 0 -0.000290
4265 0 0 -0.000250
4270 0 0 -0.000228
4275 0 0 -0.000230
4280 0 0 -0.000258
4285 0 0 -0.000287
4290 0 0 -0.000288
4295 0 0 -0.000243
4300 0 0 -0.000188
4305 0 0 -0.000172
4310 0 0 -0.000225
4315 0 0 -0.000303
4320 0 0 -0.000346
4325 0 0 -0.000311
4330 0 0 -0.000234
4335 0 0 -0.000174
4340 0 0 -0.000170
4345 0 0 -0.000202
4350 0 0 -0.000230
4355 0 0 -0.000227
4360 0 0 -0.000202
4365 0 0 -0.000172
4370 0 0 -0.000153
4375 0 0 -0.000152
4380 0 0 -0.000174
4385 0 0 -0.000218
4390 0 0 -0.000264
4395 0 0 -0.000288
4400 0 0 -0.000275
4405 0 0 -0.000246
4410 0 0 -0.000230
4415 0 0 -0.000246
4420 0 0 -0.000275
4425 0 0 -0.000288
4430 0 0 -0.000265
4435 0 0 -0.000219
4440 0 0 -0.000174
4445 0 0 -0.000149
4450 0 0 -0.000148
4455 0 0 -0.000172
4460 0 0 -0.000218
4465 0 0 -0.000266
4470 0 0 -0.000288
4475 0 0 -0.000268
4480 0 0 -0.000221
4485 0 0 -0.000172
4490 0 0 -0.000141
4495 0 0 -0.000139
4500 0 0 -0.000172
4505 0 0 -0.000240
4510 0 0 -0.000311
4515 0 0 -0.000346
4520 0 0 -0.000318
4525 0 0 -0.000249
4530 0 0 -0.000172
4535 0 0 -0.000117
4540 0 0 -0.000095
4545 0 0 -0.000114
4550 0 0 -0.000173
4555 0 0 -0.000244
4560 0 0 -0.000288
4565 0 0 -0.000282
4570 0 0 -0.000250
4575 0 0 -0.000230
4580 0 0 -0.000247
4585 0 0 -0.000277
4590 0 0 -0.000288
4595 0 0 -0.000256
4600 0 0 -0.000205
4605 0 0 -0.000172
4610 0 0 -0.000181
4615 0 0 -0.000212
4620 0 0 -0.000232
4625 0 0 -0.000219
4630 0 0 -0.000191
4635 0 0 -0.000172
4640 0 0 -0.000182
4645 0 0 -0.000208
4650 0 0 -0.000230
4655 0 0 -0.000234
4660 0 0 -0.000229
4665 0 0 -0.000230
4670 0 0 -0.000248
4675 0 0 -0.000272
4680 0 0 -0.000288
4685 0 0 -0.000283
4690 0 0 -0.000262
4695 0 0 -0.000232
4700 0 0 -0.000198
4705 0 0 -0.000161
4710 0 0 -0.000116
4715 0 0 -0.000074
4720 0 0 -0.000089
4725 0 0 -0.000230
4730 0 0 -0.000527
4735 0 0 -0.000866
4740 0 0 -0.001096
4745 0 0 -0.001111
4750 0 0 -0.000992
4755 0 0 -0.000864
4760 0 0 -0.000821
4765 0 0 -0.000825
4770 0 0 -0.000806
4775 0 0 -0.000715
4780 0 0 -0.000583
4785 0 0 -0.000462
4790 0 0 -0.000391
4795 0 0 -0.000359
4800 0 0 -0.000346
4805 0 0 -0.000332
4810 0 0 -0.000313
4815 0 0 -0.000288
4820 0 0 -0.000259
4825 0 0 -0.000235
4830 0 0 -0.000230
4835 0 0 -0.000249
4840 0 0 -0.000276
4845 0 0 -0.000288
4850 0 0 -0.000270
4855 0 0 -0.000241
4860 0 0 -0.000230
4865 0 0 -0.000254
4870 0 0 -0.000286
4875 0 0 -0.000288
4880 0 0 -0.000237
4885 0 0 -0.000165
4890 0 0 -0.000116
4895 0 0 -0.000123
4900 0 0 -0.000171
4905 0 0 -0.000232
4910 0 0 -0.000280
4915 0 0 -0.000303
4920 0 0 -0.000288
4925 0 0 -0.000233
4930 0 0 -0.000165
4935 0 0 -0.000116
4940 0 0 -0.000112
4945 0 0 -0.000138
4950 0 0 -0.000172
4955 0 0 -0.000195
4960 0 0 -0.000212
4965 0 0 -0.000232
4970 0 0 -0.000261
4975 0 0 -0.000285
4980 0 0 -0.000288
4985 0 0 -0.000259
4990 0 0 -0.000213
4995 0 0 -0.000174
5000 0 0 -0.000158
5005 0 0 -0.000161
5010 0 0 -0.000174
5015 0 0 -0.000189
5020 0 0 -0.000207
5025 0 0 -0.000232
5030 0 0 -0.000263
5035 0 0 -0.000287
5040 0 0 -0.000288
5045 0 0 -0.000258
5050 0 0 -0.000226
5055 0 0 -0.000230
5060 0 0 -0.000292
5065 0 0 -0.000369
5070 0 0 -0.000402
5075 0 0 -0.000351
5080 0 0 -0.000256
5085 0 0 -0.000172
5090 0 0 -0.000144
5095 0 0 -0.000154
5100 0 0 -0.000174
5105 0 0 -0.000179
5110 0 0 -0.000174
5115 0 0 -0.000172
5120 0 0 -0.000182
5125 0 0 -0.000203
5130 0 0 -0.000232
5135 0 0 -0.000263
5140 0 0 -0.000286
5145 0 0 -0.000288
5150 0 0 -0.000265
5155 0 0 -0.000236
5160 0 0 -0.000230
5165 0 0 -0.000263
5170 0 0 -0.000312
5175 0 0 -0.000344
5180 0 0 -0.000334
5185 0 0 -0.000291
5190 0 0 -0.000230
5195 0 0 -0.000171
5200 0 0 -0.000141
5205 0 0 -0.000172
5210 0 0 -0.000276
5215 0 0 -0.000396
5220 0 0 -0.000460
5225 0 0 -0.000418
5230 0 0 -0.000317
5235 0 0 -0.000230
5240 0 0 -0.000211
5245 0 0 -0.000242
5250 0 0 -0.000288
5255 0 0 -0.000321
5260 0 0 -0.000339
5265 0 0 -0.000346
5270 0 0 -0.000347
5275 0 0 -0.000345
5280 0 0 -0.000346
5285 0 0 -0.000351
5290 0 0 -0.000353
5295 0 0 -0.000346
5300 0 0 -0.000329
5305 0 0 -0.000334
5310 0 0 -0.000402
5315 0 0 -0.000558
5320 0 0 -0.000767
5325 0 0 -0.000980
5330 0 0 -0.001147
5335 0 0 -0.001221
5340 0 0 -0.001152
5345 0 0 -0.000923
5350 0 0 -0.000631
5355 0 0 -0.000404
5360 0 0 -0.000337
5365 0 0 -0.000397
5370 0 0 -0.000518
5375 0 0 -0.000644
5380 0 0 -0.000760
5385 0 0 -0.000864
5390 0 0 -0.000955
5395 0 0 -0.001046
5400 0 0 -0.001152
5405 0 0 -0.001282
5410 0 0 -0.001408
5415 0 0 -0.001498
5420 0 0 -0.001523
5425 0 0 -0.001482
5430 0 0 -0.001382
5435 0 0 -0.001237
5440 0 0 -0.001087
5445 0 0 -0.000980
5450 0 0 -0.000952
5455 0 0 -0.000982
5460 0 0 -0.001038
5465 0 0 -0.001092
5470 0 0 -0.001132
5475 0 0 -0.001152
5480 0 0 -0.001151
5485 0 0 -0.001144
5490 0 0 -0.001152
5495 0 0 -0.001187
5500 0 0 -0.001218
5505 0 0 -0.001208
5510 0 0 -0.001131
5515 0 0 -0.001020
5520 0 0 -0.000922
5525 0 0 -0.000871
5530 0 0 -0.000859
5535 0 0 -0.000864
5540 0 0 -0.000869
5545 0 0 -0.000869
5550 0 0 -0.000864
5555 0 0 -0.000856
5560 0 0 -0.000867
5565 0 0 -0.000920
5570 0 0 -0.001027
5575 0 0 -0.001143
5580 0 0 -0.001210
5585 0 0 -0.001188
5590 0 0 -0.001113
5595 0 0 -0.001038
5600 0 0 -0.001003
5605 0 0 -0.000993
5610 0 0 -0.000978
5615 0 0 -0.000937
5620 0 0 -0.000890
5625 0 0 -0.000864
5630 0 0 -0.000878
5635 0 0 -0.000908
5640 0 0 -0.000922
5645 0 0 -0.000894
5650 0 0 -0.000832
5655 0 0 -0.000750
5660 0 0 -0.000664
5665 0 0 -0.000583
5670 0 0 -0.000518
5675 0 0 -0.000474
5680 0 0 -0.000441
5685 0 0 -0.000402
5690 0 0 -0.000350
5695 0 0 -0.000304
5700 0 0 -0.000288
5705 0 0 -0.000318
5710 0 0 -0.000368
5715 0 0 -0.000404
5720 0 0 -0.000398
5725 0 0 -0.000355
5730 0 0 -0.000288
5735 0 0 -0.000212
5740 0 0 -0.000148
5745 0 0 -0.000116
5750 0 0 -0.000130
5755 0 0 -0.000176
5760 0 0 -0.000230
5765 0 0 -0.000273
5770 0 0 -0.000295
5775 0 0 -0.000288
5780 0 0 -0.000251
5785 0 0 -0.000204
5790 0 0 -0.000174
5795 0 0 -0.000179
5800 0 0 -0.000204
5805 0 0 -0.000230
5810 0 0 -0.000239
5815 0 0 -0.000236
5820 0 0 -0.000230
5825 0 0 -0.000228
5830 0 0 -0.000229
5835 0 0 -0.000230
5840 0 0 -0.000229
5845 0 0 -0.000228
5850 0 0 -0.000230
5855 0 0 -0.000236
5860 0 0 -0.000239
5865 0 0 -0.000230
5870 0 0 -0.000206
5875 0 0 -0.000180
5880 0 0 -0.000172
5885 0 0 -0.000192
5890 0 0 -0.000221
5895 0 0 -0.000230
5900 0 0 -0.000203
5905 0 0 -0.000171
5910 0 0 -0.000174
5915 0 0 -0.000237
5920 0 0 -0.000315
5925 0 0 -0.000346
5930 0 0 -0.000290
5935 0 0 -0.000191
5940 0 0 -0.000116
5945 0 0 -0.000114
5950 0 0 -0.000165
5955 0 0 -0.000230
5960 0 0 -0.000277
5965 0 0 -0.000298
5970 0 0 -0.000288
5975 0 0 -0.000250
5980 0 0 -0.000203
5985 0 0 -0.000174
5990 0 0 -0.000180
5995 0 0 -0.000206
6000 0 0 -0.000232
6005 0 0 -0.000240
6010 0 0 -0.000236
6015 0 0 -0.000230
6020 0 0 -0.000231
6025 0 0 -0.000233
6030 0 0 -0.000230
6035 0 0 -0.000216
6040 0 0 -0.000194
6045 0 0 -0.000172
6050 0 0 -0.000155
6055 0 0 -0.000152
6060 0 0 -0.000172
6065 0 0 -0.000217
6070 0 0 -0.000265
6075 0 0 -0.000288
6080 0 0 -0.000268
6085 0 0 -0.000221
6090 0 0 -0.000172
6095 0 0 -0.000144
6100 0 0 -0.000143
6105 0 0 -0.000172
6110 0 0 -0.000230
6115 0 0 -0.000296
6120 0 0 -0.000346
6125 0 0 -0.000363
6130 0 0 -0.000357
6135 0 0 -0.000344
6140 0 0 -0.000336
6145 0 0 -0.000323
6150 0 0 -0.000288
6155 0 0 -0.000228
6160 0 0 -0.000189
6165 0 0 -0.000230
6170 0 0 -0.000384
6175 0 0 -0.000573
6180 0 0 -0.000692
6185 0 0 -0.000669
6190 0 0 -0.000563
6195 0 0 -0.000462
6200 0 0 -0.000432
6205 0 0 -0.000434
6210 0 0 -0.000402
6215 0 0 -0.000301
6220 0 0 -0.000209
6225 0 0 -0.000232
6230 0 0 -0.000434
6235 0 0 -0.000698
6240 0 0 -0.000864
6245 0 0 -0.000822
6250 0 0 -0.000661
6255 0 0 -0.000518
6260 0 0 -0.000493
6265 0 0 -0.000526
6270 0 0 -0.000518
6275 0 0 -0.000401
6280 0 0 -0.000237
6285 0 0 -0.000116
6290 0 0 -0.000107
6295 0 0 -0.000182
6300 0 0 -0.000288
6305 0 0 -0.000379
6310 0 0 -0.000439
6315 0 0 -0.000460
6320 0 0 -0.000436
6325 0 0 -0.000376
6330 0 0 -0.000288
6335 0 0 -0.000194
6340 0 0 -0.000152
6345 0 0 -0.000230
6350 0 0 -0.000462
6355 0 0 -0.000740
6360 0 0 -0.000922
6365 0 0 -0.000904
6370 0 0 -0.000739
6375 0 0 -0.000518
6380 0 0 -0.000316
6385 0 0 -0.000145
6390 0 0 -0.000000
6395 0 0 0.000112
6400 0 0 0.000135
6405 0 0 -0.000000
6410 0 0 -0.000319
6415 0 0 -0.000686
6420 0 0 -0.000922
6425 0 0 -0.000904
6430 0 0 -0.000722
6435 0 0 -0.000518
6440 0 0 -0.000405
6445 0 0 -0.000363
6450 0 0 -0.000344
6455 0 0 -0.000312
6460 0 0 -0.000297
6465 0 0 -0.000344
6470 0 0 -0.000475
6475 0 0 -0.000622
6480 0 0 -0.000692
6485 0 0 -0.000625
6490 0 0 -0.000480
6495 0 0 -0.000346
6500 0 0 -0.000291
6505 0 0 -0.000302
6510 0 0 -0.000344
6515 0 0 -0.000383
6520 0 0 -0.000392
6525 0 0 -0.000346
6530 0 0 -0.000241
6535 0 0 -0.000166
6540 0 0 -0.000230
6545 0 0 -0.000492
6550 0 0 -0.000807
6555 0 0 -0.000978
6560 0 0 -0.000871
6565 0 0 -0.000600
6570 0 0 -0.000344
6575 0 0 -0.000237
6580 0 0 -0.000244
6585 0 0 -0.000288
6590 0 0 -0.000308
6595 0 0 -0.000303
6600 0 0 -0.000288
6605 0 0 -0.000277
6610 0 0 -0.000275
6615 0 0 -0.000288
6620 0 0 -0.000316
6625 0 0 -0.000342
6630 0 0 -0.000346
6635 0 0 -0.000315
6640 0 0 -0.000267
6645 0 0 -0.000230
6650 0 0 -0.000224
6655 0 0 -0.000247
6660 0 0 -0.000288
6665 0 0 -0.000335
6670 0 0 -0.000364
6675 0 0 -0.000346
6680 0 0 -0.000272
6685 0 0 -0.000206
6690 0 0 -0.000230
6695 0 0 -0.000396
6700 0 0 -0.000639
6705 0 0 -0.000864
6710 0 0 -0.000995
6715 0 0 -0.001029
6720 0 0 -0.000980
6725 0 0 -0.000867
6730 0 0 -0.000721
6735 0 0 -0.000576
6740 0 0 -0.000467
6745 0 0 -0.000433
6750 0 0 -0.000518
6755 0 0 -0.000728
6760 0 0 -0.000936
6765 0 0 -0.000980
6770 0 0 -0.000767
6775 0 0 -0.000474
6780 0 0 -0.000346
6785 0 0 -0.000543
6790 0 0 -0.000882
6795 0 0 -0.001094
6800 0 0 -0.000990
6805 0 0 -0.000707
6810 0 0 -0.000460
6815 0 0 -0.000412
6820 0 0 -0.000506
6825 0 0 -0.000632
6830 0 0 -0.000705
6835 0 0 -0.000747
6840 0 0 -0.000806
6845 0 0 -0.000913
6850 0 0 -0.001029
6855 0 0 -0.001094
6860 0 0 -0.001068
6865 0 0 -0.000977
6870 0 0 -0.000864
6875 0 0 -0.000766
6880 0 0 -0.000704
6885 0 0 -0.000692
6890 0 0 -0.000735
6895 0 0 -0.000791
6900 0 0 -0.000806
6905 0 0 -0.000751
6910 0 0 -0.000699
6915 0 0 -0.000750
6920 0 0 -0.000958
6925 0 0 -0.001204
6930 0 0 -0.001324
6935 0 0 -0.001208
6940 0 0 -0.000963
6945 0 0 -0.000748
6950 0 0 -0.000683
6955 0 0 -0.000729
6960 0 0 -0.000806
6965 0 0 -0.000849
6970 0 0 -0.000849
6975 0 0 -0.000808
6980 0 0 -0.000736
6985 0 0 -0.000665
6990 0 0 -0.000634
6995 0 0 -0.000667
7000 0 0 -0.000738
7005 0 0 -0.000808
7010 0 0 -0.000846
7015 0 0 -0.000860
7020 0 0 -0.000864
7025 0 0 -0.000871
7030 0 0 -0.000874
7035 0 0 -0.000864
7040 0 0 -0.000836
7045 0 0 -0.000808
7050 0 0 -0.000806
7055 0 0 -0.000842
7060 0 0 -0.000879
7065 0 0 -0.000866
7070 0 0 -0.000772
7075 0 0 -0.000637
7080 0 0 -0.000518
7085 0 0 -0.000460
7090 0 0 -0.000450
7095 0 0 -0.000460
7100 0 0 -0.000467
7105 0 0 -0.000468
7110 0 0 -0.000460
7115 0 0 -0.000445
7120 0 0 -0.000425
7125 0 0 -0.000404
7130 0 0 -0.000384
7135 0 0 -0.000364
7140 0 0 -0.000346
7145 0 0 -0.000330
7150 0 0 -0.000326
7155 0 0 -0.000346
7160 0 0 -0.000393
7165 0 0 -0.000442
7170 0 0 -0.000462
7175 0 0 -0.000430
7180 0 0 -0.000363
7185 0 0 -0.000288
7190 0 0 -0.000228
7195 0 0 -0.000189
7200 0 0 -0.000172
7205 0 0 -0.000177
7210 0 0 -0.000198
7215 0 0 -0.000230
7220 0 0 -0.000265
7225 0 0 -0.000289
7230 0 0 -0.000288
7235 0 0 -0.000254
7240 0 0 -0.000207
7245 0 0 -0.000174
7250 0 0 -0.000175
7255 0 0 -0.000199
7260 0 0 -0.000230
7265 0 0 -0.000252
7270 0 0 -0.000255
7275 0 0 -0.000230
7280 0 0 -0.000176
7285 0 0 -0.000125
7290 0 0 -0.000116
7295 0 0 -0.000174
7300 0 0 -0.000267
7305 0 0 -0.000346
7310 0 0 -0.000376
7315 0 0 -0.000368
7320 0 0 -0.000346
7325 0 0 -0.000327
7330 0 0 -0.000310
7335 0 0 -0.000288
7340 0 0 -0.000258
7345 0 0 -0.000232
7350 0 0 -0.000230
7355 0 0 -0.000259
7360 0 0 -0.000291
7365 0 0 -0.000288
7370 0 0 -0.000229
7375 0 0 -0.000154
7380 0 0 -0.000116
7385 0 0 -0.000153
7390 0 0 -0.000228
7395 0 0 -0.000288
7400 0 0 -0.000293
7405 0 0 -0.000263
7410 0 0 -0.000230
7415 0 0 -0.000221
7420 0 0 -0.000226
7425 0 0 -0.000230
7430 0 0 -0.000219
7435 0 0 -0.000198
7440 0 0 -0.000174
7445 0 0 -0.000156
7450 0 0 -0.000152
7455 0 0 -0.000172
7460 0 0 -0.000219
7465 0 0 -0.000268
7470 0 0 -0.000288
7475 0 0 -0.000259
7480 0 0 -0.000208
7485 0 0 -0.000172
7490 0 0 -0.000178
7495 0 0 -0.000207
7500 0 0 -0.000230
7505 0 0 -0.000226
7510 0 0 -0.000202
7515 0 0 -0.000174
7520 0 0 -0.000155
7525 0 0 -0.000153
7530 0 0 -0.000172
7535 0 0 -0.000214
7540 0 0 -0.000260
7545 0 0 -0.000288
7550 0 0 -0.000281
7555 0 0 -0.000255
7560 0 0 -0.000230
7565 0 0 -0.000223
7570 0 0 -0.000227
7575 0 0 -0.000230
7580 0 0 -0.000222
7585 0 0 -0.000202
7590 0 0 -0.000172
7595 0 0 -0.000137
7600 0 0 -0.000126
7605 0 0 -0.000172
7610 0 0 -0.000297
7615 0 0 -0.000480
7620 0 0 -0.000690
7625 0 0 -0.000891
7630 0 0 -0.001027
7635 0 0 -0.001036
7640 0 0 -0.000887
7645 0 0 -0.000673
7650 0 0 -0.000520
7655 0 0 -0.000513
7660 0 0 -0.000586
7665 0 0 -0.000634
7670 0 0 -0.000583
7675 0 0 -0.000479
7680 0 0 -0.000402
7685 0 0 -0.000407
7690 0 0 -0.000463
7695 0 0 -0.000518
7700 0 0 -0.000531
7705 0 0 -0.000507
7710 0 0 -0.000460
7715 0 0 -0.000405
7720 0 0 -0.000347
7725 0 0 -0.000288
7730 0 0 -0.000233
7735 0 0 -0.000191
7740 0 0 -0.000172
7745 0 0 -0.000181
7750 0 0 -0.000205
7755 0 0 -0.000230
7760 0 0 -0.000242
7765 0 0 -0.000240
7770 0 0 -0.000230
7775 0 0 -0.000214
7780 0 0 -0.000194
7785 0 0 -0.000172
7790 0 0 -0.000153
7795 0 0 -0.000149
7800 0 0 -0.000174
7805 0 0 -0.000234
7810 0 0 -0.000302
7815 0 0 -0.000344
7820 0 0 -0.000337
7825 0 0 -0.000306
7830 0 0 -0.000288
7835 0 0 -0.000311
7840 0 0 -0.000372
7845 0 0 -0.000460
7850 0 0 -0.000559
7855 0 0 -0.000632
7860 0 0 -0.000634
7865 0 0 -0.000544
7870 0 0 -0.000420
7875 0 0 -0.000344
7880 0 0 -0.000372
7885 0 0 -0.000469
7890 0 0 -0.000576
7895 0 0 -0.000648
7900 0 0 -0.000697
7905 0 0 -0.000750
7910 0 0 -0.000821
7915 0 0 -0.000875
7920 0 0 -0.000864
7925 0 0 -0.000758
7930 0 0 -0.000602
7935 0 0 -0.000460
7940 0 0 -0.000381
7945 0 0 -0.000352
7950 0 0 -0.000346
7955 0 0 -0.000338
7960 0 0 -0.000321
7965 0 0 -0.000288
7970 0 0 -0.000240
7975 0 0 -0.000195
7980 0 0 -0.000174
7985 0 0 -0.000193
7990 0 0 -0.000237
7995 0 0 -0.000288
8000 0 0 -0.000327
8005 0 0 -0.000348
8010 0 0 -0.000346
8015 0 0 -0.000321
8020 0 0 -0.000279
8025 0 0 -0.000230
8030 0 0 -0.000185
8035 0 0 -0.000160
8040 0 0 -0.000174
8045 0 0 -0.000234
8050 0 0 -0.000305
8055 0 0 -0.000344
8060 0 0 -0.000321
8065 0 0 -0.000267
8070 0 0 -0.000230
8075 0 0 -0.000242
8080 0 0 -0.000276
8085 0 0 -0.000288
8090 0 0 -0.000251
8095 0 0 -0.000197
8100 0 0 -0.000174
8105 0 0 -0.000218
8110 0 0 -0.000320
8115 0 0 -0.000460
8120 0 0 -0.000612
8125 0 0 -0.000726
8130 0 0 -0.000748
8135 0 0 -0.000647
8140 0 0 -0.000484
8145 0 0 -0.000346
8150 0 0 -0.000295
8155 0 0 -0.000310
8160 0 0 -0.000346
8165 0 0 -0.000366
8170 0 0 -0.000366
8175 0 0 -0.000346
8180 0 0 -0.000311
8185 0 0 -0.000269
8190 0 0 -0.000230
8195 0 0 -0.000211
8200 0 0 -0.000253
8205 0 0 -0.000404
8210 0 0 -0.000679
8215 0 0 -0.000960
8220 0 0 -0.001092
8225 0 0 -0.000975
8230 0 0 -0.000713
8235 0 0 -0.000460
8240 0 0 -0.000337
8245 0 0 -0.000318
8250 0 0 -0.000346
8255 0 0 -0.000369
8260 0 0 -0.000371
8265 0 0 -0.000346
8270 0 0 -0.000297
8275 0 0 -0.000262
8280 0 0 -0.000288
8285 0 0 -0.000404
8290 0 0 -0.000561
8295 0 0 -0.000692
8300 0 0 -0.000745
8305 0 0 -0.000735
8310 0 0 -0.000692
8315 0 0 -0.000640
8320 0 0 -0.000583
8325 0 0 -0.000518
8330 0 0 -0.000445
8335 0 0 -0.000381
8340 0 0 -0.000346
8345 0 0 -0.000353
8350 0 0 -0.000396
8355 0 0 -0.000460
8360 0 0 -0.000530
8365 0 0 -0.000579
8370 0 0 -0.000576
8375 0 0 -0.000509
8380 0 0 -0.000443
8385 0 0 -0.000460
8390 0 0 -0.000612
8395 0 0 -0.000822
8400 0 0 -0.000980
8405 0 0 -0.001008
8410 0 0 -0.000945
8415 0 0 -0.000864
8420 0 0 -0.000819
8425 0 0 -0.000806
8430 0 0 -0.000806
8435 0 0 -0.000804
8440 0 0 -0.000802
8445 0 0 -0.000806
8450 0 0 -0.000821
8455 0 0 -0.000843
8460 0 0 -0.000864
8465 0 0 -0.000878
8470 0 0 -0.000880
8475 0 0 -0.000864
8480 0 0 -0.000831
8485 0 0 -0.000802
8490 0 0 -0.000806
8495 0 0 -0.000858
8500 0 0 -0.000929
8505 0 0 -0.000980
8510 0 0 -0.000980
8515 0 0 -0.000935
8520 0 0 -0.000864
8525 0 0 -0.000784
8530 0 0 -0.000719
8535 0 0 -0.000692
8540 0 0 -0.000716
8545 0 0 -0.000752
8550 0 0 -0.000748
8555 0 0 -0.000670
8560 0 0 -0.000556
8565 0 0 -0.000460
8570 0 0 -0.000421
8575 0 0 -0.000415
8580 0 0 -0.000404
8585 0 0 -0.000361
8590 0 0 -0.000310
8595 0 0 -0.000288
8600 0 0 -0.000318
8605 0 0 -0.000370
8610 0 0 -0.000404
8615 0 0 -0.000389
8620 0 0 -0.000341
8625 0 0 -0.000288
8630 0 0 -0.000255
8635 0 0 -0.000253
8640 0 0 -0.000288
8645 0 0 -0.000360
8650 0 0 -0.000432
8655 0 0 -0.000460
8660 0 0 -0.000415
8665 0 0 -0.000339
8670 0 0 -0.000288
8675 0 0 -0.000303
8680 0 0 -0.000357
8685 0 0 -0.000404
8690 0 0 -0.000410
8695 0 0 -0.000384
8700 0 0 -0.000344
8705 0 0 -0.000308
8710 0 0 -0.000287
8715 0 0 -0.000288
8720 0 0 -0.000316
8725 0 0 -0.000360
8730 0 0 -0.000404
8735 0 0 -0.000435
8740 0 0 -0.000454
8745 0 0 -0.000462
8750 0 0 -0.000463
8755 0 0 -0.000461
8760 0 0 -0.000462
8765 0 0 -0.000466
8770 0 0 -0.000454
8775 0 0 -0.000402
8780 0 0 -0.000300
8785 0 0 -0.000202
8790 0 0 -0.000174
8795 0 0 -0.000258
8800 0 0 -0.000385
8805 0 0 -0.000460
8810 0 0 -0.000418
8815 0 0 -0.000314
8820 0 0 -0.000230
8825 0 0 -0.000228
8830 0 0 -0.000283
8835 0 0 -0.000346
8840 0 0 -0.000378
8845 0 0 -0.000376
8850 0 0 -0.000346
8855 0 0 -0.000297
8860 0 0 -0.000251
8865 0 0 -0.000232
8870 0 0 -0.000253
8875 0 0 -0.000285
8880 0 0 -0.000288
8885 0 0 -0.000236
8890 0 0 -0.000163
8895 0 0 -0.000116
8900 0 0 -0.000129
8905 0 0 -0.000180
8910 0 0 -0.000232
8915 0 0 -0.000256
8920 0 0 -0.000253
8925 0 0 -0.000230
8930 0 0 -0.000198
8935 0 0 -0.000173
8940 0 0 -0.000174
8945 0 0 -0.000212
8950 0 0 -0.000261
8955 0 0 -0.000288
8960 0 0 -0.000270
8965 0 0 -0.000222
8970 0 0 -0.000172
8975 0 0 -0.000142
8980 0 0 -0.000140
8985 0 0 -0.000174
8990 0 0 -0.000241
8995 0 0 -0.000311
9000 0 0 -0.000346
9005 0 0 -0.000319
9010 0 0 -0.000251
9015 0 0 -0.000174
9020 0 0 -0.000117
9025 0 0 -0.000093
9030 0 0 -0.000116
9035 0 0 -0.000187
9040 0 0 -0.000277
9045 0 0 -0.000346
9050 0 0 -0.000365
9055 0 0 -0.000341
9060 0 0 -0.000288
9065 0 0 -0.000222
9070 0 0 -0.000158
9075 0 0 -0.000116
9080 0 0 -0.000107
9085 0 0 -0.000129
9090 0 0 -0.000174
9095 0 0 -0.000232
9100 0 0 -0.000279
9105 0 0 -0.000288
9110 0 0 -0.000243
9115 0 0 -0.000172
9120 0 0 -0.000116
9125 0 0 -0.000105
9130 0 0 -0.000129
9135 0 0 -0.000172
9140 0 0 -0.000214
9145 0 0 -0.000239
9150 0 0 -0.000230
9155 0 0 -0.000180
9160 0 0 -0.000125
9165 0 0 -0.000114
9170 0 0 -0.000180
9175 0 0 -0.000306
9180 0 0 -0.000460
9185 0 0 -0.000608
9190 0 0 -0.000703
9195 0 0 -0.000690
9200 0 0 -0.000544
9205 0 0 -0.000338
9210 0 0 -0.000172
9215 0 0 -0.000117
9220 0 0 -0.000139
9225 0 0 -0.000174
9230 0 0 -0.000177
9235 0 0 -0.000166
9240 0 0 -0.000174
9245 0 0 -0.000224
9250 0 0 -0.000293
9255 0 0 -0.000346
9260 0 0 -0.000356
9265 0 0 -0.000331
9270 0 0 -0.000288
9275 0 0 -0.000245
9280 0 0 -0.000219
9285 0 0 -0.000230
9290 0 0 -0.000286
9295 0 0 -0.000357
9300 0 0 -0.000404
9305 0 0 -0.000405
9310 0 0 -0.000404
9315 0 0 -0.000462
9320 0 0 -0.000614
9325 0 0 -0.000783
9330 0 0 -0.000864
9335 0 0 -0.000790
9340 0 0 -0.000637
9345 0 0 -0.000520
9350 0 0 -0.000519
9355 0 0 -0.000584
9360 0 0 -0.000634
9365 0 0 -0.000607
9370 0 0 -0.000518
9375 0 0 -0.000402
9380 0 0 -0.000291
9385 0 0 -0.000208
9390 0 0 -0.000174
9395 0 0 -0.000207
9400 0 0 -0.000319
9405 0 0 -0.000520
9410 0 0 -0.000802
9415 0 0 -0.001085
9420 0 0 -0.001268
9425 0 0 -0.001278
9430 0 0 -0.001144
9435 0 0 -0.000920
9440 0 0 -0.000669
9445 0 0 -0.000497
9450 0 0 -0.000518
9455 0 0 -0.000785
9460 0 0 -0.001101
9465 0 0 -0.001208
9470 0 0 -0.000940
9475 0 0 -0.000512
9480 0 0 -0.000232
9485 0 0 -0.000317
9490 0 0 -0.000625
9495 0 0 -0.000922
9500 0 0 -0.001026
9505 0 0 -0.000962
9510 0 0 -0.000806
9515 0 0 -0.000630
9520 0 0 -0.000481
9525 0 0 -0.000402
9530 0 0 -0.000418
9535 0 0 -0.000494
9540 0 0 -0.000576
9545 0 0 -0.000623
9550 0 0 -0.000638
9555 0 0 -0.000634
9560 0 0 -0.000623
9565 0 0 -0.000604
9570 0 0 -0.000576
9575 0 0 -0.000540
9580 0 0 -0.000514
9585 0 0 -0.000518
9590 0 0 -0.000562
9595 0 0 -0.000615
9600 0 0 -0.000634
9605 0 0 -0.000596
9610 0 0 -0.000554
9615 0 0 -0.000576
9620 0 0 -0.000706
9625 0 0 -0.000873
9630 0 0 -0.000980
9635 0 0 -0.000957
9640 0 0 -0.000839
9645 0 0 -0.000690
9650 0 0 -0.000567
9655 0 0 -0.000501
9660 0 0 -0.000518
9665 0 0 -0.000621
9670 0 0 -0.000732
9675 0 0 -0.000748
9680 0 0 -0.000607
9685 0 0 -0.000394
9690 0 0 -0.000232
9695 0 0 -0.000216
9700 0 0 -0.000327
9705 0 0 -0.000520
9710 0 0 -0.000749
9715 0 0 -0.000973
9720 0 0 -0.001150
9725 0 0 -0.001249
9730 0 0 -0.001281
9735 0 0 -0.001268
9740 0 0 -0.001237
9745 0 0 -0.001238
9750 0 0 -0.001326
9755 0 0 -0.001530
9760 0 0 -0.001774
9765 0 0 -0.001958
9770 0 0 -0.002007
9775 0 0 -0.001949
9780 0 0 -0.001842
9785 0 0 -0.001728
9790 0 0 -0.001600
9795 0 0 -0.001438
9800 0 0 -0.001237
9805 0 0 -0.001044
9810 0 0 -0.000922
9815 0 0 -0.000909
9820 0 0 -0.000953
9825 0 0 -0.000978
9830 0 0 -0.000931
9835 0 0 -0.000838
9840 0 0 -0.000748
9845 0 0 -0.000696
9850 0 0 -0.000667
9855 0 0 -0.000632
9860 0 0 -0.000575
9865 0 0 -0.000524
9870 0 0 -0.000518
9875 0 0 -0.000581
9880 0 0 -0.000676
9885 0 0 -0.000750
9890 0 0 -0.000764
9895 0 0 -0.000735
9900 0 0 -0.000690
9905 0 0 -0.000655
9910 0 0 -0.000635
9915 0 0 -0.000632
9920 0 0 -0.000643
9925 0 0 -0.000651
9930 0 0 -0.000634
9935 0 0 -0.000580
9940 0 0 -0.000512
9945 0 0 -0.000462
9950 0 0 -0.000454
9955 0 0 -0.000479
9960 0 0 -0.000520
9965 0 0 -0.000560
9970 0 0 -0.000584
9975 0 0 -0.000576
9980 0 0 -0.000530
9985 0 0 -0.000479
9990 0 0 -0.000462
9995 0 0 -0.000507
10000 0 0 -0.000579
10005 0 0 -0.000632
10010 0 0 -0.000627
10015 0 0 -0.000566
10020 0 0 -0.000460
10025 0 0 -0.000326
10030 0 0 -0.000198
10035 0 0 -0.000116
10040 0 0 -0.000107
10045 0 0 -0.000155
10050 0 0 -0.000230
10055 0 0 -0.000306
10060 0 0 -0.000368
10065 0 0 -0.000404
10070 0 0 -0.000401
10075 0 0 -0.000347
