0 0 0 -0.000160
5 0 0 -0.000233
10 0 0 -0.000266
15 0 0 -0.000270
20 0 0 -0.000256
25 0 0 -0.000236
30 0 0 -0.000220
35 0 0 -0.000216
40 0 0 -0.000211
45 0 0 -0.000190
50 0 0 -0.000144
55 0 0 -0.000095
60 0 0 -0.000070
65 0 0 -0.000089
70 0 0 -0.000129
75 0 0 -0.000160
80 0 0 -0.000159
85 0 0 -0.000136
90 0 0 -0.000110
95 0 0 -0.000097
100 0 0 -0.000098
105 0 0 -0.000110
110 0 0 -0.000128
115 0 0 -0.000145
120 0 0 -0.000150
125 0 0 -0.000139
130 0 0 -0.000126
135 0 0 -0.000130
140 0 0 -0.000163
145 0 0 -0.000203
150 0 0 -0.000220
155 0 0 -0.000195
160 0 0 -0.000151
165 0 0 -0.000120
170 0 0 -0.000126
175 0 0 -0.000152
180 0 0 -0.000170
185 0 0 -0.000162
190 0 0 -0.000136
195 0 0 -0.000110
200 0 0 -0.000097
205 0 0 -0.000098
210 0 0 -0.000110
215 0 0 -0.000129
220 0 0 -0.000143
225 0 0 -0.000140
230 0 0 -0.000113
235 0 0 -0.000080
240 0 0 -0.000070
245 0 0 -0.000098
250 0 0 -0.000142
255 0 0 -0.000170
260 0 0 -0.000161
265 0 0 -0.000135
270 0 0 -0.000120
275 0 0 -0.000136
280 0 0 -0.000165
285 0 0 -0.000180
290 0 0 -0.000162
295 0 0 -0.000132
300 0 0 -0.000120
305 0 0 -0.000145
310 0 0 -0.000184
315 0 0 -0.000200
320 0 0 -0.000170
325 0 0 -0.000118
330 0 0 -0.000080
335 0 0 -0.000081
340 0 0 -0.000106
345 0 0 -0.000130
350 0 0 -0.000134
355 0 0 -0.000123
360 0 0 -0.000110
365 0 0 -0.000103
370 0 0 -0.000103
375 0 0 -0.000110
380 0 0 -0.000120
385 0 0 -0.000129
390 0 0 -0.000130
395 0 0 -0.000120
400 0 0 -0.000111
405 0 0 -0.000120
410 0 0 -0.000154
415 0 0 -0.000193
420 0 0 -0.000210
425 0 0 -0.000186
430 0 0 -0.000145
435 0 0 -0.000120
440 0 0 -0.000134
445 0 0 -0.000167
450 0 0 -0.000190
455 0 0 -0.000182
460 0 0 -0.000162
465 0 0 -0.000160
470 0 0 -0.000197
475 0 0 -0.000266
480 0 0 -0.000350
485 0 0 -0.000432
490 0 0 -0.000488
495 0 0 -0.000490
500 0 0 -0.000424
505 0 0 -0.000328
510 0 0 -0.000250
515 0 0 -0.000226
520 0 0 -0.000237
525 0 0 -0.000250
530 0 0 -0.000240
535 0 0 -0.000215
540 0 0 -0.000190
545 0 0 -0.000179
550 0 0 -0.000186
555 0 0 -0.000210
560 0 0 -0.000249
565 0 0 -0.000286
570 0 0 -0.000300
575 0 0 -0.000278
580 0 0 -0.000234
585 0 0 -0.000190
590 0 0 -0.000166
595 0 0 -0.000170
600 0 0 -0.000210
605 0 0 -0.000282
610 0 0 -0.000351
615 0 0 -0.000370
620 0 0 -0.000313
625 0 0 -0.000222
630 0 0 -0.000160
635 0 0 -0.000169
640 0 0 -0.000216
645 0 0 -0.000250
650 0 0 -0.000235
655 0 0 -0.000190
660 0 0 -0.000150
665 0 0 -0.000141
670 0 0 -0.000158
675 0 0 -0.000190
680 0 0 -0.000224
685 0 0 -0.000250
690 0 0 -0.000260
695 0 0 -0.000247
700 0 0 -0.000214
705 0 0 -0.000170
710 0 0 -0.000128
715 0 0 -0.000134
720 0 0 -0.000240
725 0 0 -0.000465
730 0 0 -0.000691
735 0 0 -0.000770
740 0 0 -0.000607
745 0 0 -0.000340
750 0 0 -0.000160
755 0 0 -0.000203
760 0 0 -0.000369
765 0 0 -0.000500
770 0 0 -0.000479
775 0 0 -0.000360
780 0 0 -0.000240
785 0 0 -0.000192
790 0 0 -0.000201
795 0 0 -0.000230
800 0 0 -0.000249
805 0 0 -0.000256
810 0 0 -0.000260
815 0 0 -0.000265
820 0 0 -0.000269
825 0 0 -0.000270
830 0 0 -0.000266
835 0 0 -0.000259
840 0 0 -0.000250
845 0 0 -0.000242
850 0 0 -0.000235
855 0 0 -0.000230
860 0 0 -0.000227
865 0 0 -0.000221
870 0 0 -0.000210
875 0 0 -0.000192
880 0 0 -0.000183
885 0 0 -0.000200
890 0 0 -0.000253
895 0 0 -0.000315
900 0 0 -0.000350
905 0 0 -0.000335
910 0 0 -0.000291
915 0 0 -0.000250
920 0 0 -0.000237
925 0 0 -0.000243
930 0 0 -0.000250
935 0 0 -0.000248
940 0 0 -0.000249
945 0 0 -0.000270
950 0 0 -0.000322
955 0 0 -0.000385
960 0 0 -0.000430
965 0 0 -0.000435
970 0 0 -0.000402
975 0 0 -0.000340
980 0 0 -0.000269
985 0 0 -0.000266
990 0 0 -0.000420
995 0 0 -0.000773
1000 0 0 -0.001180
1005 0 0 -0.001450
1010 0 0 -0.001451
1015 0 0 -0.001299
1020 0 0 -0.001170
1025 0 0 -0.001193
1030 0 0 -0.001311
1035 0 0 -0.001420
1040 0 0 -0.001438
1045 0 0 -0.001367
1050 0 0 -0.001230
1055 0 0 -0.001052
1060 0 0 -0.000872
1065 0 0 -0.000730
1070 0 0 -0.000655
1075 0 0 -0.000629
1080 0 0 -0.000620
1085 0 0 -0.000603
1090 0 0 -0.000570
1095 0 0 -0.000520
1100 0 0 -0.000463
1105 0 0 -0.000464
1110 0 0 -0.000600
1115 0 0 -0.000903
1120 0 0 -0.001220
1125 0 0 -0.001350
1130 0 0 -0.001164
1135 0 0 -0.000813
1140 0 0 -0.000520
1145 0 0 -0.000447
1150 0 0 -0.000520
1155 0 0 -0.000610
1160 0 0 -0.000613
1165 0 0 -0.000542
1170 0 0 -0.000440
1175 0 0 -0.000343
1180 0 0 -0.000267
1185 0 0 -0.000220
1190 0 0 -0.000209
1195 0 0 -0.000223
1200 0 0 -0.000250
1205 0 0 -0.000276
1210 0 0 -0.000290
1215 0 0 -0.000280
1220 0 0 -0.000242
1225 0 0 -0.000201
1230 0 0 -0.000190
1235 0 0 -0.000230
1240 0 0 -0.000293
1245 0 0 -0.000340
1250 0 0 -0.000342
1255 0 0 -0.000306
1260 0 0 -0.000250
1265 0 0 -0.000191
1270 0 0 -0.000146
1275 0 0 -0.000130
1280 0 0 -0.000153
1285 0 0 -0.000192
1290 0 0 -0.000220
1295 0 0 -0.000215
1300 0 0 -0.000191
1305 0 0 -0.000170
1310 0 0 -0.000169
1315 0 0 -0.000185
1320 0 0 -0.000210
1325 0 0 -0.000236
1330 0 0 -0.000253
1335 0 0 -0.000250
1340 0 0 -0.000223
1345 0 0 -0.000189
1350 0 0 -0.000170
1355 0 0 -0.000181
1360 0 0 -0.000208
1365 0 0 -0.000230
1370 0 0 -0.000232
1375 0 0 -0.000216
1380 0 0 -0.000190
1385 0 0 -0.000163
1390 0 0 -0.000143
1395 0 0 -0.000140
1400 0 0 -0.000161
1405 0 0 -0.000197
1410 0 0 -0.000240
1415 0 0 -0.000278
1420 0 0 -0.000299
1425 0 0 -0.000290
1430 0 0 -0.000246
1435 0 0 -0.000192
1440 0 0 -0.000160
1445 0 0 -0.000171
1450 0 0 -0.000207
1455 0 0 -0.000240
1460 0 0 -0.000249
1465 0 0 -0.000238
1470 0 0 -0.000220
1475 0 0 -0.000203
1480 0 0 -0.000185
1485 0 0 -0.000160
1490 0 0 -0.000127
1495 0 0 -0.000095
1500 0 0 -0.000080
1505 0 0 -0.000090
1510 0 0 -0.000118
1515 0 0 -0.000150
1520 0 0 -0.000175
1525 0 0 -0.000187
1530 0 0 -0.000180
1535 0 0 -0.000153
1540 0 0 -0.000126
1545 0 0 -0.000120
1550 0 0 -0.000150
1555 0 0 -0.000194
1560 0 0 -0.000220
1565 0 0 -0.000206
1570 0 0 -0.000167
1575 0 0 -0.000130
1580 0 0 -0.000115
1585 0 0 -0.000117
1590 0 0 -0.000130
1595 0 0 -0.000143
1600 0 0 -0.000149
1605 0 0 -0.000140
1610 0 0 -0.000112
1615 0 0 -0.000085
1620 0 0 -0.000080
1625 0 0 -0.000113
1630 0 0 -0.000160
1635 0 0 -0.000190
1640 0 0 -0.000180
1645 0 0 -0.000150
1650 0 0 -0.000130
1655 0 0 -0.000141
1660 0 0 -0.000169
1665 0 0 -0.000190
1670 0 0 -0.000187
1675 0 0 -0.000169
1680 0 0 -0.000150
1685 0 0 -0.000141
1690 0 0 -0.000142
1695 0 0 -0.000150
1700 0 0 -0.000160
1705 0 0 -0.000163
1710 0 0 -0.000150
1715 0 0 -0.000117
1720 0 0 -0.000082
1725 0 0 -0.000070
1730 0 0 -0.000097
1735 0 0 -0.000141
1740 0 0 -0.000170
1745 0 0 -0.000163
1750 0 0 -0.000137
1755 0 0 -0.000120
1760 0 0 -0.000130
1765 0 0 -0.000157
1770 0 0 -0.000180
1775 0 0 -0.000185
1780 0 0 -0.000176
1785 0 0 -0.000160
1790 0 0 -0.000145
1795 0 0 -0.000137
1800 0 0 -0.000140
1805 0 0 -0.000155
1810 0 0 -0.000167
1815 0 0 -0.000160
1820 0 0 -0.000124
1825 0 0 -0.000083
1830 0 0 -0.000070
1835 0 0 -0.000105
1840 0 0 -0.000157
1845 0 0 -0.000180
1850 0 0 -0.000146
1855 0 0 -0.000089
1860 0 0 -0.000060
1865 0 0 -0.000091
1870 0 0 -0.000149
1875 0 0 -0.000180
1880 0 0 -0.000153
1885 0 0 -0.000115
1890 0 0 -0.000130
1895 0 0 -0.000238
1900 0 0 -0.000372
1905 0 0 -0.000440
1910 0 0 -0.000380
1915 0 0 -0.000250
1920 0 0 -0.000140
1925 0 0 -0.000115
1930 0 0 -0.000151
1935 0 0 -0.000200
1940 0 0 -0.000225
1945 0 0 -0.000232
1950 0 0 -0.000240
1955 0 0 -0.000258
1960 0 0 -0.000267
1965 0 0 -0.000240
1970 0 0 -0.000167
1975 0 0 -0.000103
1980 0 0 -0.000120
1985 0 0 -0.000265
1990 0 0 -0.000480
1995 0 0 -0.000680
2000 0 0 -0.000799
2005 0 0 -0.000837
2010 0 0 -0.000810
2015 0 0 -0.000738
2020 0 0 -0.000653
2025 0 0 -0.000590
2030 0 0 -0.000572
2035 0 0 -0.000579
2040 0 0 -0.000580
2045 0 0 -0.000557
2050 0 0 -0.000540
2055 0 0 -0.000570
2060 0 0 -0.000669
2065 0 0 -0.000784
2070 0 0 -0.000840
2075 0 0 -0.000788
2080 0 0 -0.000678
2085 0 0 -0.000580
2090 0 0 -0.000550
2095 0 0 -0.000569
2100 0 0 -0.000600
2105 0 0 -0.000614
2110 0 0 -0.000614
2115 0 0 -0.000610
2120 0 0 -0.000610
2125 0 0 -0.000604
2130 0 0 -0.000580
2135 0 0 -0.000532
2140 0 0 -0.000485
2145 0 0 -0.000470
2150 0 0 -0.000506
2155 0 0 -0.000557
2160 0 0 -0.000570
2165 0 0 -0.000513
2170 0 0 -0.000416
2175 0 0 -0.000330
2180 0 0 -0.000289
2185 0 0 -0.000276
2190 0 0 -0.000260
2195 0 0 -0.000219
2200 0 0 -0.000171
2205 0 0 -0.000140
2210 0 0 -0.000145
2215 0 0 -0.000172
2220 0 0 -0.000200
2225 0 0 -0.000213
2230 0 0 -0.000216
2235 0 0 -0.000220
2240 0 0 -0.000231
2245 0 0 -0.000239
2250 0 0 -0.000230
2255 0 0 -0.000196
2260 0 0 -0.000155
2265 0 0 -0.000130
2270 0 0 -0.000138
2275 0 0 -0.000167
2280 0 0 -0.000200
2285 0 0 -0.000223
2290 0 0 -0.000235
2295 0 0 -0.000240
2300 0 0 -0.000242
2305 0 0 -0.000244
2310 0 0 -0.000250
2315 0 0 -0.000260
2320 0 0 -0.000270
2325 0 0 -0.000270
2330 0 0 -0.000259
2335 0 0 -0.000252
2340 0 0 -0.000270
2345 0 0 -0.000324
2350 0 0 -0.000387
2355 0 0 -0.000420
2360 0 0 -0.000401
2365 0 0 -0.000364
2370 0 0 -0.000360
2375 0 0 -0.000418
2380 0 0 -0.000480
2385 0 0 -0.000470
2390 0 0 -0.000344
2395 0 0 -0.000194
2400 0 0 -0.000150
2405 0 0 -0.000296
2410 0 0 -0.000547
2415 0 0 -0.000780
2420 0 0 -0.000898
2425 0 0 -0.000932
2430 0 0 -0.000940
2435 0 0 -0.000968
2440 0 0 -0.000999
2445 0 0 -0.001000
2450 0 0 -0.000948
2455 0 0 -0.000867
2460 0 0 -0.000790
2465 0 0 -0.000746
2470 0 0 -0.000750
2475 0 0 -0.000810
2480 0 0 -0.000926
2485 0 0 -0.001055
2490 0 0 -0.001140
2495 0 0 -0.001142
2500 0 0 -0.001078
2505 0 0 -0.000980
2510 0 0 -0.000884
2515 0 0 -0.000843
2520 0 0 -0.000910
2525 0 0 -0.001111
2530 0 0 -0.001350
2535 0 0 -0.001500
2540 0 0 -0.001469
2545 0 0 -0.001313
2550 0 0 -0.001120
2555 0 0 -0.000966
2560 0 0 -0.000861
2565 0 0 -0.000800
2570 0 0 -0.000779
2575 0 0 -0.000791
2580 0 0 -0.000830
2585 0 0 -0.000887
2590 0 0 -0.000942
2595 0 0 -0.000970
2600 0 0 -0.000957
2605 0 0 -0.000929
2610 0 0 -0.000920
2615 0 0 -0.000954
2620 0 0 -0.001004
2625 0 0 -0.001030
2630 0 0 -0.001005
2635 0 0 -0.000945
2640 0 0 -0.000880
2645 0 0 -0.000832
2650 0 0 -0.000806
2655 0 0 -0.000800
2660 0 0 -0.000810
2665 0 0 -0.000822
2670 0 0 -0.000820
2675 0 0 -0.000791
2680 0 0 -0.000739
2685 0 0 -0.000670
2690 0 0 -0.000592
2695 0 0 -0.000512
2700 0 0 -0.000440
2705 0 0 -0.000382
2710 0 0 -0.000338
2715 0 0 -0.000310
2720 0 0 -0.000296
2725 0 0 -0.000293
2730 0 0 -0.000300
2735 0 0 -0.000313
2740 0 0 -0.000326
2745 0 0 -0.000330
2750 0 0 -0.000321
2755 0 0 -0.000303
2760 0 0 -0.000280
2765 0 0 -0.000259
2770 0 0 -0.000244
2775 0 0 -0.000240
2780 0 0 -0.000248
2785 0 0 -0.000261
2790 0 0 -0.000270
2795 0 0 -0.000266
2800 0 0 -0.000249
2805 0 0 -0.000220
2810 0 0 -0.000181
2815 0 0 -0.000144
2820 0 0 -0.000120
2825 0 0 -0.000119
2830 0 0 -0.000133
2835 0 0 -0.000150
2840 0 0 -0.000161
2845 0 0 -0.000167
2850 0 0 -0.000170
2855 0 0 -0.000171
2860 0 0 -0.000167
2865 0 0 -0.000150
2870 0 0 -0.000120
2875 0 0 -0.000093
2880 0 0 -0.000090
2885 0 0 -0.000124
2890 0 0 -0.000176
2895 0 0 -0.000220
2900 0 0 -0.000237
2905 0 0 -0.000233
2910 0 0 -0.000220
2915 0 0 -0.000209
2920 0 0 -0.000203
2925 0 0 -0.000200
2930 0 0 -0.000199
2935 0 0 -0.000195
2940 0 0 -0.000180
2945 0 0 -0.000152
2950 0 0 -0.000123
2955 0 0 -0.000110
2960 0 0 -0.000124
2965 0 0 -0.000151
2970 0 0 -0.000170
2975 0 0 -0.000166
2980 0 0 -0.000146
2985 0 0 -0.000120
2990 0 0 -0.000099
2995 0 0 -0.000091
3000 0 0 -0.000100
3005 0 0 -0.000129
3010 0 0 -0.000159
3015 0 0 -0.000170
3020 0 0 -0.000147
3025 0 0 -0.000109
3030 0 0 -0.000080
3035 0 0 -0.000081
3040 0 0 -0.000105
3045 0 0 -0.000140
3050 0 0 -0.000173
3055 0 0 -0.000193
3060 0 0 -0.000190
3065 0 0 -0.000160
3070 0 0 -0.000124
3075 0 0 -0.000110
3080 0 0 -0.000136
3085 0 0 -0.000180
3090 0 0 -0.000210
3095 0 0 -0.000202
3100 0 0 -0.000171
3105 0 0 -0.000140
3110 0 0 -0.000127
3115 0 0 -0.000130
3120 0 0 -0.000140
3125 0 0 -0.000150
3130 0 0 -0.000153
3135 0 0 -0.000140
3140 0 0 -0.000109
3145 0 0 -0.000078
3150 0 0 -0.000070
3155 0 0 -0.000099
3160 0 0 -0.000142
3165 0 0 -0.000170
3170 0 0 -0.000160
3175 0 0 -0.000129
3180 0 0 -0.000100
3185 0 0 -0.000092
3190 0 0 -0.000102
3195 0 0 -0.000120
3200 0 0 -0.000137
3205 0 0 -0.000148
3210 0 0 -0.000150
3215 0 0 -0.000142
3220 0 0 -0.000135
3225 0 0 -0.000140
3230 0 0 -0.000165
3235 0 0 -0.000193
3240 0 0 -0.000200
3245 0 0 -0.000173
3250 0 0 -0.000132
3255 0 0 -0.000110
3260 0 0 -0.000126
3265 0 0 -0.000160
3270 0 0 -0.000180
3275 0 0 -0.000165
3280 0 0 -0.000130
3285 0 0 -0.000100
3290 0 0 -0.000093
3295 0 0 -0.000101
3300 0 0 -0.000110
3305 0 0 -0.000112
3310 0 0 -0.000116
3315 0 0 -0.000140
3320 0 0 -0.000192
3325 0 0 -0.000257
3330 0 0 -0.000310
3335 0 0 -0.000335
3340 0 0 -0.000335
3345 0 0 -0.000320
3350 0 0 -0.000300
3355 0 0 -0.000286
3360 0 0 -0.000290
3365 0 0 -0.000317
3370 0 0 -0.000350
3375 0 0 -0.000370
3380 0 0 -0.000361
3385 0 0 -0.000337
3390 0 0 -0.000320
3395 0 0 -0.000323
3400 0 0 -0.000333
3405 0 0 -0.000330
3410 0 0 -0.000300
3415 0 0 -0.000252
3420 0 0 -0.000200
3425 0 0 -0.000158
3430 0 0 -0.000133
3435 0 0 -0.000130
3440 0 0 -0.000149
3445 0 0 -0.000173
3450 0 0 -0.000180
3455 0 0 -0.000156
3460 0 0 -0.000118
3465 0 0 -0.000090
3470 0 0 -0.000091
3475 0 0 -0.000113
3480 0 0 -0.000140
3485 0 0 -0.000160
3490 0 0 -0.000171
3495 0 0 -0.000170
3500 0 0 -0.000161
3505 0 0 -0.000163
3510 0 0 -0.000200
3515 0 0 -0.000282
3520 0 0 -0.000372
3525 0 0 -0.000420
3530 0 0 -0.000393
3535 0 0 -0.000324
3540 0 0 -0.000260
3545 0 0 -0.000238
3550 0 0 -0.000241
3555 0 0 -0.000240
3560 0 0 -0.000215
3565 0 0 -0.000177
3570 0 0 -0.000150
3575 0 0 -0.000149
3580 0 0 -0.000171
3585 0 0 -0.000210
3590 0 0 -0.000257
3595 0 0 -0.000301
3600 0 0 -0.000330
3605 0 0 -0.000334
3610 0 0 -0.000318
3615 0 0 -0.000290
3620 0 0 -0.000256
3625 0 0 -0.000222
3630 0 0 -0.000190
3635 0 0 -0.000164
3640 0 0 -0.000144
3645 0 0 -0.000130
3650 0 0 -0.000122
3655 0 0 -0.000127
3660 0 0 -0.000150
3665 0 0 -0.000194
3670 0 0 -0.000239
3675 0 0 -0.000260
3680 0 0 -0.000242
3685 0 0 -0.000203
3690 0 0 -0.000170
3695 0 0 -0.000163
3700 0 0 -0.000177
3705 0 0 -0.000200
3710 0 0 -0.000222
3715 0 0 -0.000232
3720 0 0 -0.000220
3725 0 0 -0.000181
3730 0 0 -0.000136
3735 0 0 -0.000110
3740 0 0 -0.000124
3745 0 0 -0.000174
3750 0 0 -0.000250
3755 0 0 -0.000341
3760 0 0 -0.000423
3765 0 0 -0.000470
3770 0 0 -0.000466
3775 0 0 -0.000432
3780 0 0 -0.000400
3785 0 0 -0.000394
3790 0 0 -0.000404
3795 0 0 -0.000410
3800 0 0 -0.000400
3805 0 0 -0.000385
3810 0 0 -0.000380
3815 0 0 -0.000396
3820 0 0 -0.000421
3825 0 0 -0.000440
3830 0 0 -0.000439
3835 0 0 -0.000426
3840 0 0 -0.000410
3845 0 0 -0.000403
3850 0 0 -0.000416
3855 0 0 -0.000460
3860 0 0 -0.000538
3865 0 0 -0.000626
3870 0 0 -0.000690
3875 0 0 -0.000706
3880 0 0 -0.000686
3885 0 0 -0.000650
3890 0 0 -0.000614
3895 0 0 -0.000581
3900 0 0 -0.000550
3905 0 0 -0.000520
3910 0 0 -0.000488
3915 0 0 -0.000450
3920 0 0 -0.000406
3925 0 0 -0.000365
3930 0 0 -0.000340
3935 0 0 -0.000342
3940 0 0 -0.000369
3945 0 0 -0.000420
3950 0 0 -0.000488
3955 0 0 -0.000552
3960 0 0 -0.000590
3965 0 0 -0.000586
3970 0 0 -0.000558
3975 0 0 -0.000530
3980 0 0 -0.000521
3985 0 0 -0.000523
3990 0 0 -0.000520
3995 0 0 -0.000502
4000 0 0 -0.000478
4005 0 0 -0.000460
4010 0 0 -0.000456
4015 0 0 -0.000460
4020 0 0 -0.000460
4025 0 0 -0.000449
4030 0 0 -0.000434
4035 0 0 -0.000430
4040 0 0 -0.000442
4045 0 0 -0.000456
4050 0 0 -0.000450
4055 0 0 -0.000412
4060 0 0 -0.000365
4065 0 0 -0.000340
4070 0 0 -0.000357
4075 0 0 -0.000394
4080 0 0 -0.000420
4085 0 0 -0.000411
4090 0 0 -0.000382
4095 0 0 -0.000360
4100 0 0 -0.000361
4105 0 0 -0.000374
4110 0 0 -0.000380
4115 0 0 -0.000366
4120 0 0 -0.000343
4125 0 0 -0.000330
4130 0 0 -0.000338
4135 0 0 -0.000355
4140 0 0 -0.000360
4145 0 0 -0.000341
4150 0 0 -0.000309
4155 0 0 -0.000280
4160 0 0 -0.000267
4165 0 0 -0.000269
4170 0 0 -0.000280
4175 0 0 -0.000294
4180 0 0 -0.000301
4185 0 0 -0.000290
4190 0 0 -0.000256
4195 0 0 -0.000213
4200 0 0 -0.000180
4205 0 0 -0.000172
4210 0 0 -0.000183
4215 0 0 -0.000200
4220 0 0 -0.000212
4225 0 0 -0.000214
4230 0 0 -0.000200
4235 0 0 -0.000170
4240 0 0 -0.000139
4245 0 0 -0.000130
4250 0 0 -0.000155
4255 0 0 -0.000199
4260 0 0 -0.000240
4265 0 0 -0.000259
4270 0 0 -0.000255
4275 0 0 -0.000230
4280 0 0 -0.000190
4285 0 0 -0.000155
4290 0 0 -0.000150
4295 0 0 -0.000187
4300 0 0 -0.000238
4305 0 0 -0.000260
4310 0 0 -0.000227
4315 0 0 -0.000167
4320 0 0 -0.000120
4325 0 0 -0.000116
4330 0 0 -0.000141
4335 0 0 -0.000170
4340 0 0 -0.000185
4345 0 0 -0.000186
4350 0 0 -0.000180
4355 0 0 -0.000173
4360 0 0 -0.000166
4365 0 0 -0.000160
4370 0 0 -0.000154
4375 0 0 -0.000145
4380 0 0 -0.000130
4385 0 0 -0.000107
4390 0 0 -0.000089
4395 0 0 -0.000090
4400 0 0 -0.000120
4405 0 0 -0.000161
4410 0 0 -0.000190
4415 0 0 -0.000191
4420 0 0 -0.000172
4425 0 0 -0.000150
4430 0 0 -0.000138
4435 0 0 -0.000138
4440 0 0 -0.000150
4445 0 0 -0.000170
4450 0 0 -0.000188
4455 0 0 -0.000190
4460 0 0 -0.000168
4465 0 0 -0.000138
4470 0 0 -0.000120
4475 0 0 -0.000129
4480 0 0 -0.000150
4485 0 0 -0.000160
4490 0 0 -0.000144
4495 0 0 -0.000114
4500 0 0 -0.000090
4505 0 0 -0.000088
4510 0 0 -0.000101
4515 0 0 -0.000120
4520 0 0 -0.000134
4525 0 0 -0.000139
4530 0 0 -0.000130
4535 0 0 -0.000108
4540 0 0 -0.000086
4545 0 0 -0.000080
4550 0 0 -0.000101
4555 0 0 -0.000135
4560 0 0 -0.000160
4565 0 0 -0.000162
4570 0 0 -0.000149
4575 0 0 -0.000140
4580 0 0 -0.000145
4585 0 0 -0.000158
4590 0 0 -0.000170
4595 0 0 -0.000172
4600 0 0 -0.000168
4605 0 0 -0.000160
4610 0 0 -0.000154
4615 0 0 -0.000150
4620 0 0 -0.000150
4625 0 0 -0.000153
4630 0 0 -0.000153
4635 0 0 -0.000140
4640 0 0 -0.000112
4645 0 0 -0.000085
4650 0 0 -0.000080
4655 0 0 -0.000110
4660 0 0 -0.000152
4665 0 0 -0.000170
4670 0 0 -0.000144
4675 0 0 -0.000098
4680 0 0 -0.000070
4685 0 0 -0.000085
4690 0 0 -0.000122
4695 0 0 -0.000150
4700 0 0 -0.000145
4705 0 0 -0.000120
4710 0 0 -0.000100
4715 0 0 -0.000101
4720 0 0 -0.000121
4725 0 0 -0.000150
4730 0 0 -0.000179
4735 0 0 -0.000194
4740 0 0 -0.000180
4745 0 0 -0.000133
4750 0 0 -0.000094
4755 0 0 -0.000120
4760 0 0 -0.000240
4765 0 0 -0.000392
4770 0 0 -0.000490
4775 0 0 -0.000474
4780 0 0 -0.000382
4785 0 0 -0.000280
4790 0 0 -0.000218
4795 0 0 -0.000199
4800 0 0 -0.000210
4805 0 0 -0.000240
4810 0 0 -0.000275
4815 0 0 -0.000300
4820 0 0 -0.000304
4825 0 0 -0.000294
4830 0 0 -0.000280
4835 0 0 -0.000270
4840 0 0 -0.000258
4845 0 0 -0.000230
4850 0 0 -0.000185
4855 0 0 -0.000149
4860 0 0 -0.000160
4865 0 0 -0.000236
4870 0 0 -0.000330
4875 0 0 -0.000380
4880 0 0 -0.000343
4885 0 0 -0.000259
4890 0 0 -0.000190
4895 0 0 -0.000181
4900 0 0 -0.000210
4905 0 0 -0.000240
4910 0 0 -0.000241
4915 0 0 -0.000222
4920 0 0 -0.000200
4925 0 0 -0.000190
4930 0 0 -0.000191
4935 0 0 -0.000200
4940 0 0 -0.000212
4945 0 0 -0.000217
4950 0 0 -0.000200
4955 0 0 -0.000157
4960 0 0 -0.000113
4965 0 0 -0.000100
4970 0 0 -0.000137
4975 0 0 -0.000189
4980 0 0 -0.000210
4985 0 0 -0.000172
4990 0 0 -0.000127
4995 0 0 -0.000150
5000 0 0 -0.000285
5005 0 0 -0.000464
5010 0 0 -0.000590
5015 0 0 -0.000592
5020 0 0 -0.000505
5025 0 0 -0.000390
5030 0 0 -0.000297
5035 0 0 -0.000232
5040 0 0 -0.000190
5045 0 0 -0.000169
5050 0 0 -0.000171
5055 0 0 -0.000200
5060 0 0 -0.000255
5065 0 0 -0.000311
5070 0 0 -0.000340
5075 0 0 -0.000320
5080 0 0 -0.000269
5085 0 0 -0.000210
5090 0 0 -0.000165
5095 0 0 -0.000136
5100 0 0 -0.000120
5105 0 0 -0.000115
5110 0 0 -0.000121
5115 0 0 -0.000140
5120 0 0 -0.000170
5125 0 0 -0.000196
5130 0 0 -0.000200
5135 0 0 -0.000173
5140 0 0 -0.000133
5145 0 0 -0.000110
5150 0 0 -0.000122
5155 0 0 -0.000153
5160 0 0 -0.000180
5165 0 0 -0.000187
5170 0 0 -0.000192
5175 0 0 -0.000220
5180 0 0 -0.000284
5185 0 0 -0.000352
5190 0 0 -0.000380
5195 0 0 -0.000339
5200 0 0 -0.000268
5205 0 0 -0.000220
5210 0 0 -0.000232
5215 0 0 -0.000271
5220 0 0 -0.000290
5225 0 0 -0.000256
5230 0 0 -0.000202
5235 0 0 -0.000180
5240 0 0 -0.000224
5245 0 0 -0.000303
5250 0 0 -0.000370
5255 0 0 -0.000390
5260 0 0 -0.000367
5265 0 0 -0.000320
5270 0 0 -0.000265
5275 0 0 -0.000224
5280 0 0 -0.000220
5285 0 0 -0.000266
5290 0 0 -0.000335
5295 0 0 -0.000390
5300 0 0 -0.000405
5305 0 0 -0.000396
5310 0 0 -0.000390
5315 0 0 -0.000404
5320 0 0 -0.000425
5325 0 0 -0.000430
5330 0 0 -0.000405
5335 0 0 -0.000366
5340 0 0 -0.000340
5345 0 0 -0.000345
5350 0 0 -0.000376
5355 0 0 -0.000420
5360 0 0 -0.000470
5365 0 0 -0.000536
5370 0 0 -0.000630
5375 0 0 -0.000754
5380 0 0 -0.000858
5385 0 0 -0.000880
5390 0 0 -0.000780
5395 0 0 -0.000611
5400 0 0 -0.000450
5405 0 0 -0.000357
5410 0 0 -0.000328
5415 0 0 -0.000340
5420 0 0 -0.000375
5425 0 0 -0.000421
5430 0 0 -0.000470
5435 0 0 -0.000512
5440 0 0 -0.000535
5445 0 0 -0.000530
5450 0 0 -0.000491
5455 0 0 -0.000436
5460 0 0 -0.000390
5465 0 0 -0.000370
5470 0 0 -0.000365
5475 0 0 -0.000360
5480 0 0 -0.000343
5485 0 0 -0.000324
5490 0 0 -0.000320
5495 0 0 -0.000341
5500 0 0 -0.000369
5505 0 0 -0.000380
5510 0 0 -0.000359
5515 0 0 -0.000324
5520 0 0 -0.000300
5525 0 0 -0.000306
5530 0 0 -0.000327
5535 0 0 -0.000340
5540 0 0 -0.000330
5545 0 0 -0.000307
5550 0 0 -0.000290
5555 0 0 -0.000292
5560 0 0 -0.000303
5565 0 0 -0.000310
5570 0 0 -0.000303
5575 0 0 -0.000287
5580 0 0 -0.000270
5585 0 0 -0.000260
5590 0 0 -0.000252
5595 0 0 -0.000240
5600 0 0 -0.000222
5605 0 0 -0.000210
5610 0 0 -0.000220
5615 0 0 -0.000259
5620 0 0 -0.000303
5625 0 0 -0.000320
5630 0 0 -0.000288
5635 0 0 -0.000232
5640 0 0 -0.000190
5645 0 0 -0.000188
5650 0 0 -0.000210
5655 0 0 -0.000230
5660 0 0 -0.000229
5665 0 0 -0.000211
5670 0 0 -0.000190
5675 0 0 -0.000174
5680 0 0 -0.000167
5685 0 0 -0.000170
5690 0 0 -0.000181
5695 0 0 -0.000188
5700 0 0 -0.000180
5705 0 0 -0.000149
5710 0 0 -0.000111
5715 0 0 -0.000090
5720 0 0 -0.000102
5725 0 0 -0.000135
5730 0 0 -0.000170
5735 0 0 -0.000191
5740 0 0 -0.000195
5745 0 0 -0.000180
5750 0 0 -0.000148
5755 0 0 -0.000118
5760 0 0 -0.000110
5765 0 0 -0.000138
5770 0 0 -0.000183
5775 0 0 -0.000220
5780 0 0 -0.000229
5785 0 0 -0.000220
5790 0 0 -0.000210
5795 0 0 -0.000210
5800 0 0 -0.000211
5805 0 0 -0.000200
5810 0 0 -0.000169
5815 0 0 -0.000133
5820 0 0 -0.000110
5825 0 0 -0.000114
5830 0 0 -0.000134
5835 0 0 -0.000150
5840 0 0 -0.000149
5845 0 0 -0.000136
5850 0 0 -0.000120
5855 0 0 -0.000109
5860 0 0 -0.000105
5865 0 0 -0.000110
5870 0 0 -0.000122
5875 0 0 -0.000133
5880 0 0 -0.000130
5885 0 0 -0.000108
5890 0 0 -0.000083
5895 0 0 -0.000080
5900 0 0 -0.000112
5905 0 0 -0.000156
5910 0 0 -0.000180
5915 0 0 -0.000162
5920 0 0 -0.000126
5925 0 0 -0.000110
5930 0 0 -0.000136
5935 0 0 -0.000182
5940 0 0 -0.000210
5945 0 0 -0.000196
5950 0 0 -0.000159
5955 0 0 -0.000130
5960 0 0 -0.000130
5965 0 0 -0.000148
5970 0 0 -0.000160
5975 0 0 -0.000152
5980 0 0 -0.000131
5985 0 0 -0.000110
5990 0 0 -0.000099
5995 0 0 -0.000100
6000 0 0 -0.000110
6005 0 0 -0.000127
6010 0 0 -0.000141
6015 0 0 -0.000140
6020 0 0 -0.000118
6025 0 0 -0.000091
6030 0 0 -0.000080
6035 0 0 -0.000098
6040 0 0 -0.000126
6045 0 0 -0.000140
6050 0 0 -0.000122
6055 0 0 -0.000095
6060 0 0 -0.000090
6065 0 0 -0.000127
6070 0 0 -0.000179
6075 0 0 -0.000210
6080 0 0 -0.000194
6085 0 0 -0.000156
6090 0 0 -0.000130
6095 0 0 -0.000142
6100 0 0 -0.000172
6105 0 0 -0.000190
6110 0 0 -0.000173
6115 0 0 -0.000138
6120 0 0 -0.000110
6125 0 0 -0.000107
6130 0 0 -0.000119
6135 0 0 -0.000130
6140 0 0 -0.000128
6145 0 0 -0.000118
6150 0 0 -0.000110
6155 0 0 -0.000111
6160 0 0 -0.000116
6165 0 0 -0.000120
6170 0 0 -0.000118
6175 0 0 -0.000113
6180 0 0 -0.000110
6185 0 0 -0.000113
6190 0 0 -0.000113
6195 0 0 -0.000100
6200 0 0 -0.000073
6205 0 0 -0.000066
6210 0 0 -0.000120
6215 0 0 -0.000257
6220 0 0 -0.000410
6225 0 0 -0.000490
6230 0 0 -0.000440
6235 0 0 -0.000322
6240 0 0 -0.000230
6245 0 0 -0.000231
6250 0 0 -0.000288
6255 0 0 -0.000340
6260 0 0 -0.000340
6265 0 0 -0.000304
6270 0 0 -0.000260
6275 0 0 -0.000233
6280 0 0 -0.000225
6285 0 0 -0.000230
6290 0 0 -0.000244
6295 0 0 -0.000255
6300 0 0 -0.000250
6305 0 0 -0.000223
6310 0 0 -0.000189
6315 0 0 -0.000170
6320 0 0 -0.000180
6325 0 0 -0.000202
6330 0 0 -0.000210
6335 0 0 -0.000186
6340 0 0 -0.000140
6345 0 0 -0.000090
6350 0 0 -0.000055
6355 0 0 -0.000063
6360 0 0 -0.000140
6365 0 0 -0.000297
6370 0 0 -0.000466
6375 0 0 -0.000560
6380 0 0 -0.000520
6385 0 0 -0.000397
6390 0 0 -0.000270
6395 0 0 -0.000199
6400 0 0 -0.000178
6405 0 0 -0.000180
6410 0 0 -0.000187
6415 0 0 -0.000203
6420 0 0 -0.000240
6425 0 0 -0.000301
6430 0 0 -0.000367
6435 0 0 -0.000410
6440 0 0 -0.000411
6445 0 0 -0.000379
6450 0 0 -0.000330
6455 0 0 -0.000281
6460 0 0 -0.000256
6465 0 0 -0.000280
6470 0 0 -0.000364
6475 0 0 -0.000459
6480 0 0 -0.000500
6485 0 0 -0.000444
6490 0 0 -0.000331
6495 0 0 -0.000220
6500 0 0 -0.000159
6505 0 0 -0.000145
6510 0 0 -0.000160
6515 0 0 -0.000192
6520 0 0 -0.000242
6525 0 0 -0.000310
6530 0 0 -0.000394
6535 0 0 -0.000463
6540 0 0 -0.000480
6545 0 0 -0.000427
6550 0 0 -0.000367
6555 0 0 -0.000380
6560 0 0 -0.000523
6565 0 0 -0.000753
6570 0 0 -0.001000
6575 0 0 -0.001198
6580 0 0 -0.001295
6585 0 0 -0.001240
6590 0 0 -0.001017
6595 0 0 -0.000736
6600 0 0 -0.000540
6605 0 0 -0.000538
6610 0 0 -0.000703
6615 0 0 -0.000970
6620 0 0 -0.001272
6625 0 0 -0.001518
6630 0 0 -0.001610
6635 0 0 -0.001485
6640 0 0 -0.001214
6645 0 0 -0.000900
6650 0 0 -0.000632
6655 0 0 -0.000443
6660 0 0 -0.000350
6665 0 0 -0.000359
6670 0 0 -0.000420
6675 0 0 -0.000470
6680 0 0 -0.000465
6685 0 0 -0.000428
6690 0 0 -0.000400
6695 0 0 -0.000410
6700 0 0 -0.000435
6705 0 0 -0.000440
6710 0 0 -0.000403
6715 0 0 -0.000350
6720 0 0 -0.000320
6725 0 0 -0.000340
6730 0 0 -0.000388
6735 0 0 -0.000430
6740 0 0 -0.000443
6745 0 0 -0.000442
6750 0 0 -0.000450
6755 0 0 -0.000483
6760 0 0 -0.000520
6765 0 0 -0.000530
6770 0 0 -0.000493
6775 0 0 -0.000435
6780 0 0 -0.000390
6785 0 0 -0.000384
6790 0 0 -0.000398
6795 0 0 -0.000400
6800 0 0 -0.000378
6805 0 0 -0.000395
6810 0 0 -0.000530
6815 0 0 -0.000828
6820 0 0 -0.001193
6825 0 0 -0.001490
6830 0 0 -0.001614
6835 0 0 -0.001562
6840 0 0 -0.001360
6845 0 0 -0.001044
6850 0 0 -0.000701
6855 0 0 -0.000430
6860 0 0 -0.000304
6865 0 0 -0.000286
6870 0 0 -0.000310
6875 0 0 -0.000324
6880 0 0 -0.000322
6885 0 0 -0.000310
6890 0 0 -0.000294
6895 0 0 -0.000282
6900 0 0 -0.000280
6905 0 0 -0.000292
6910 0 0 -0.000307
6915 0 0 -0.000310
6920 0 0 -0.000290
6925 0 0 -0.000258
6930 0 0 -0.000230
6935 0 0 -0.000218
6940 0 0 -0.000220
6945 0 0 -0.000230
6950 0 0 -0.000243
6955 0 0 -0.000267
6960 0 0 -0.000310
6965 0 0 -0.000374
6970 0 0 -0.000429
6975 0 0 -0.000440
6980 0 0 -0.000385
6985 0 0 -0.000304
6990 0 0 -0.000250
6995 0 0 -0.000261
7000 0 0 -0.000307
7005 0 0 -0.000340
7010 0 0 -0.000325
7015 0 0 -0.000278
7020 0 0 -0.000230
7025 0 0 -0.000205
7030 0 0 -0.000203
7035 0 0 -0.000220
7040 0 0 -0.000249
7045 0 0 -0.000275
7050 0 0 -0.000280
7055 0 0 -0.000253
7060 0 0 -0.000214
7065 0 0 -0.000190
7070 0 0 -0.000199
7075 0 0 -0.000229
7080 0 0 -0.000260
7085 0 0 -0.000276
7090 0 0 -0.000275
7095 0 0 -0.000260
7100 0 0 -0.000236
7105 0 0 -0.000212
7110 0 0 -0.000200
7115 0 0 -0.000207
7120 0 0 -0.000225
7125 0 0 -0.000240
7130 0 0 -0.000243
7135 0 0 -0.000232
7140 0 0 -0.000210
7145 0 0 -0.000180
7150 0 0 -0.000152
7155 0 0 -0.000140
7160 0 0 -0.000151
7165 0 0 -0.000176
7170 0 0 -0.000200
7175 0 0 -0.000210
7180 0 0 -0.000204
7185 0 0 -0.000180
7190 0 0 -0.000141
7195 0 0 -0.000105
7200 0 0 -0.000090
7205 0 0 -0.000110
7210 0 0 -0.000149
7215 0 0 -0.000180
7220 0 0 -0.000186
7225 0 0 -0.000177
7230 0 0 -0.000170
7235 0 0 -0.000176
7240 0 0 -0.000187
7245 0 0 -0.000190
7250 0 0 -0.000177
7255 0 0 -0.000157
7260 0 0 -0.000140
7265 0 0 -0.000136
7270 0 0 -0.000144
7275 0 0 -0.000160
7280 0 0 -0.000178
7285 0 0 -0.000192
7290 0 0 -0.000190
7295 0 0 -0.000169
7300 0 0 -0.000140
7305 0 0 -0.000120
7310 0 0 -0.000119
7315 0 0 -0.000130
7320 0 0 -0.000140
7325 0 0 -0.000140
7330 0 0 -0.000132
7335 0 0 -0.000120
7340 0 0 -0.000110
7345 0 0 -0.000105
7350 0 0 -0.000110
7355 0 0 -0.000126
7360 0 0 -0.000141
7365 0 0 -0.000140
7370 0 0 -0.000114
7375 0 0 -0.000082
7380 0 0 -0.000070
7385 0 0 -0.000095
7390 0 0 -0.000138
7395 0 0 -0.000170
7400 0 0 -0.000172
7405 0 0 -0.000155
7410 0 0 -0.000140
7415 0 0 -0.000143
7420 0 0 -0.000156
7425 0 0 -0.000170
7430 0 0 -0.000174
7435 0 0 -0.000170
7440 0 0 -0.000160
7445 0 0 -0.000148
7450 0 0 -0.000139
7455 0 0 -0.000140
7460 0 0 -0.000153
7465 0 0 -0.000166
7470 0 0 -0.000160
7475 0 0 -0.000127
7480 0 0 -0.000088
7485 0 0 -0.000070
7490 0 0 -0.000093
7495 0 0 -0.000133
7500 0 0 -0.000160
7505 0 0 -0.000150
7510 0 0 -0.000118
7515 0 0 -0.000090
7520 0 0 -0.000083
7525 0 0 -0.000094
7530 0 0 -0.000110
7535 0 0 -0.000123
7540 0 0 -0.000131
7545 0 0 -0.000130
7550 0 0 -0.000123
7555 0 0 -0.000118
7560 0 0 -0.000130
7565 0 0 -0.000164
7570 0 0 -0.000199
7575 0 0 -0.000210
7580 0 0 -0.000180
7585 0 0 -0.000135
7590 0 0 -0.000110
7595 0 0 -0.000128
7600 0 0 -0.000167
7605 0 0 -0.000190
7610 0 0 -0.000173
7615 0 0 -0.000134
7620 0 0 -0.000100
7625 0 0 -0.000091
7630 0 0 -0.000103
7635 0 0 -0.000120
7640 0 0 -0.000133
7645 0 0 -0.000137
7650 0 0 -0.000130
7655 0 0 -0.000115
7660 0 0 -0.000113
7665 0 0 -0.000150
7670 0 0 -0.000239
7675 0 0 -0.000340
7680 0 0 -0.000400
7685 0 0 -0.000383
7690 0 0 -0.000328
7695 0 0 -0.000290
7700 0 0 -0.000309
7705 0 0 -0.000359
7710 0 0 -0.000400
7715 0 0 -0.000401
7720 0 0 -0.000371
7725 0 0 -0.000330
7730 0 0 -0.000295
7735 0 0 -0.000273
7740 0 0 -0.000270
7745 0 0 -0.000286
7750 0 0 -0.000306
7755 0 0 -0.000310
7760 0 0 -0.000286
7765 0 0 -0.000249
7770 0 0 -0.000220
7775 0 0 -0.000216
7780 0 0 -0.000230
7785 0 0 -0.000250
7790 0 0 -0.000266
7795 0 0 -0.000276
7800 0 0 -0.000280
7805 0 0 -0.000284
7810 0 0 -0.000309
7815 0 0 -0.000380
7820 0 0 -0.000512
7825 0 0 -0.000676
7830 0 0 -0.000830
7835 0 0 -0.000941
7840 0 0 -0.001006
7845 0 0 -0.001030
7850 0 0 -0.001014
7855 0 0 -0.000943
7860 0 0 -0.000800
7865 0 0 -0.000581
7870 0 0 -0.000346
7875 0 0 -0.000170
7880 0 0 -0.000108
7885 0 0 -0.000132
7890 0 0 -0.000190
7895 0 0 -0.000241
7900 0 0 -0.000267
7905 0 0 -0.000260
7910 0 0 -0.000220
7915 0 0 -0.000186
7920 0 0 -0.000210
7925 0 0 -0.000318
7930 0 0 -0.000444
7935 0 0 -0.000500
7940 0 0 -0.000427
7945 0 0 -0.000287
7950 0 0 -0.000170
7955 0 0 -0.000145
7960 0 0 -0.000187
7965 0 0 -0.000250
7970 0 0 -0.000295
7975 0 0 -0.000314
7980 0 0 -0.000310
7985 0 0 -0.000285
7990 0 0 -0.000256
7995 0 0 -0.000240
8000 0 0 -0.000249
8005 0 0 -0.000269
8010 0 0 -0.000280
8015 0 0 -0.000273
8020 0 0 -0.000286
8025 0 0 -0.000370
8030 0 0 -0.000550
8035 0 0 -0.000742
8040 0 0 -0.000840
8045 0 0 -0.000770
8050 0 0 -0.000601
8055 0 0 -0.000440
8060 0 0 -0.000366
8065 0 0 -0.000355
8070 0 0 -0.000360
8075 0 0 -0.000342
8080 0 0 -0.000306
8085 0 0 -0.000270
8090 0 0 -0.000248
8095 0 0 -0.000241
8100 0 0 -0.000250
8105 0 0 -0.000272
8110 0 0 -0.000301
8115 0 0 -0.000330
8120 0 0 -0.000352
8125 0 0 -0.000363
8130 0 0 -0.000360
8135 0 0 -0.000341
8140 0 0 -0.000314
8145 0 0 -0.000290
8150 0 0 -0.000277
8155 0 0 -0.000282
8160 0 0 -0.000310
8165 0 0 -0.000362
8170 0 0 -0.000419
8175 0 0 -0.000460
8180 0 0 -0.000469
8185 0 0 -0.000456
8190 0 0 -0.000440
8195 0 0 -0.000433
8200 0 0 -0.000435
8205 0 0 -0.000440
8210 0 0 -0.000442
8215 0 0 -0.000432
8220 0 0 -0.000400
8225 0 0 -0.000344
8230 0 0 -0.000305
8235 0 0 -0.000330
8240 0 0 -0.000451
8245 0 0 -0.000624
8250 0 0 -0.000790
8255 0 0 -0.000895
8260 0 0 -0.000919
8265 0 0 -0.000850
8270 0 0 -0.000690
8275 0 0 -0.000506
8280 0 0 -0.000380
8285 0 0 -0.000368
8290 0 0 -0.000425
8295 0 0 -0.000480
8300 0 0 -0.000478
8305 0 0 -0.000432
8310 0 0 -0.000370
8315 0 0 -0.000317
8320 0 0 -0.000281
8325 0 0 -0.000270
8330 0 0 -0.000284
8335 0 0 -0.000310
8340 0 0 -0.000330
8345 0 0 -0.000329
8350 0 0 -0.000311
8355 0 0 -0.000280
8360 0 0 -0.000245
8365 0 0 -0.000214
8370 0 0 -0.000200
8375 0 0 -0.000210
8380 0 0 -0.000242
8385 0 0 -0.000290
8390 0 0 -0.000347
8395 0 0 -0.000389
8400 0 0 -0.000390
8405 0 0 -0.000337
8410 0 0 -0.000264
8415 0 0 -0.000220
8420 0 0 -0.000236
8425 0 0 -0.000282
8430 0 0 -0.000310
8435 0 0 -0.000289
8440 0 0 -0.000242
8445 0 0 -0.000210
8450 0 0 -0.000221
8455 0 0 -0.000259
8460 0 0 -0.000300
8465 0 0 -0.000323
8470 0 0 -0.000325
8475 0 0 -0.000310
8480 0 0 -0.000282
8485 0 0 -0.000254
8490 0 0 -0.000240
8495 0 0 -0.000251
8500 0 0 -0.000276
8505 0 0 -0.000300
8510 0 0 -0.000311
8515 0 0 -0.000304
8520 0 0 -0.000280
8525 0 0 -0.000240
8530 0 0 -0.000203
8535 0 0 -0.000190
8540 0 0 -0.000213
8545 0 0 -0.000247
8550 0 0 -0.000260
8555 0 0 -0.000228
8560 0 0 -0.000174
8565 0 0 -0.000130
8570 0 0 -0.000122
8575 0 0 -0.000141
8580 0 0 -0.000170
8585 0 0 -0.000195
8590 0 0 -0.000207
8595 0 0 -0.000200
8600 0 0 -0.000171
8605 0 0 -0.000140
8610 0 0 -0.000130
8615 0 0 -0.000156
8620 0 0 -0.000194
8625 0 0 -0.000210
8630 0 0 -0.000184
8635 0 0 -0.000141
8640 0 0 -0.000120
8645 0 0 -0.000146
8650 0 0 -0.000195
8655 0 0 -0.000230
8660 0 0 -0.000225
8665 0 0 -0.000196
8670 0 0 -0.000170
8675 0 0 -0.000166
8680 0 0 -0.000175
8685 0 0 -0.000180
8690 0 0 -0.000170
8695 0 0 -0.000147
8700 0 0 -0.000120
8705 0 0 -0.000096
8710 0 0 -0.000084
8715 0 0 -0.000090
8720 0 0 -0.000118
8725 0 0 -0.000152
8730 0 0 -0.000170
8735 0 0 -0.000157
8740 0 0 -0.000127
8745 0 0 -0.000100
8750 0 0 -0.000093
8755 0 0 -0.000107
8760 0 0 -0.000140
8765 0 0 -0.000185
8770 0 0 -0.000222
8775 0 0 -0.000230
8780 0 0 -0.000195
8785 0 0 -0.000143
8790 0 0 -0.000110
8795 0 0 -0.000121
8800 0 0 -0.000158
8805 0 0 -0.000190
8810 0 0 -0.000194
8815 0 0 -0.000174
8820 0 0 -0.000140
8825 0 0 -0.000103
8830 0 0 -0.000079
8835 0 0 -0.000080
8840 0 0 -0.000115
8845 0 0 -0.000159
8850 0 0 -0.000180
8855 0 0 -0.000157
8860 0 0 -0.000112
8865 0 0 -0.000080
8870 0 0 -0.000085
8875 0 0 -0.000113
8880 0 0 -0.000140
8885 0 0 -0.000146
8890 0 0 -0.000136
8895 0 0 -0.000120
8900 0 0 -0.000106
8905 0 0 -0.000104
8910 0 0 -0.000120
8915 0 0 -0.000157
8920 0 0 -0.000195
8925 0 0 -0.000210
8930 0 0 -0.000186
8935 0 0 -0.000145
8940 0 0 -0.000120
8945 0 0 -0.000134
8950 0 0 -0.000167
8955 0 0 -0.000190
8960 0 0 -0.000182
8965 0 0 -0.000153
8970 0 0 -0.000120
8975 0 0 -0.000097
8980 0 0 -0.000089
8985 0 0 -0.000100
8990 0 0 -0.000128
8995 0 0 -0.000155
9000 0 0 -0.000160
9005 0 0 -0.000131
9010 0 0 -0.000090
9015 0 0 -0.000070
9020 0 0 -0.000091
9025 0 0 -0.000131
9030 0 0 -0.000160
9035 0 0 -0.000154
9040 0 0 -0.000126
9045 0 0 -0.000100
9050 0 0 -0.000094
9055 0 0 -0.000106
9060 0 0 -0.000130
9065 0 0 -0.000158
9070 0 0 -0.000179
9075 0 0 -0.000180
9080 0 0 -0.000155
9085 0 0 -0.000126
9090 0 0 -0.000120
9095 0 0 -0.000155
9100 0 0 -0.000209
9105 0 0 -0.000250
9110 0 0 -0.000255
9115 0 0 -0.000242
9120 0 0 -0.000240
9125 0 0 -0.000269
9130 0 0 -0.000311
9135 0 0 -0.000340
9140 0 0 -0.000338
9145 0 0 -0.000312
9150 0 0 -0.000280
9155 0 0 -0.000255
9160 0 0 -0.000243
9165 0 0 -0.000250
9170 0 0 -0.000277
9175 0 0 -0.000310
9180 0 0 -0.000330
9185 0 0 -0.000324
9190 0 0 -0.000300
9195 0 0 -0.000270
9200 0 0 -0.000245
9205 0 0 -0.000223
9210 0 0 -0.000200
9215 0 0 -0.000174
9220 0 0 -0.000158
9225 0 0 -0.000170
9230 0 0 -0.000217
9235 0 0 -0.000275
9240 0 0 -0.000310
9245 0 0 -0.000298
9250 0 0 -0.000254
9255 0 0 -0.000200
9260 0 0 -0.000158
9265 0 0 -0.000139
9270 0 0 -0.000150
9275 0 0 -0.000193
9280 0 0 -0.000239
9285 0 0 -0.000250
9290 0 0 -0.000206
9295 0 0 -0.000142
9300 0 0 -0.000110
9305 0 0 -0.000144
9310 0 0 -0.000211
9315 0 0 -0.000260
9320 0 0 -0.000253
9325 0 0 -0.000209
9330 0 0 -0.000160
9335 0 0 -0.000133
9340 0 0 -0.000137
9345 0 0 -0.000180
9350 0 0 -0.000260
9355 0 0 -0.000354
9360 0 0 -0.000430
9365 0 0 -0.000465
9370 0 0 -0.000454
9375 0 0 -0.000400
9380 0 0 -0.000311
9385 0 0 -0.000216
9390 0 0 -0.000150
9395 0 0 -0.000141
9400 0 0 -0.000182
9405 0 0 -0.000260
9410 0 0 -0.000354
9415 0 0 -0.000421
9420 0 0 -0.000410
9425 0 0 -0.000301
9430 0 0 -0.000184
9435 0 0 -0.000180
9440 0 0 -0.000360
9445 0 0 -0.000606
9450 0 0 -0.000750
9455 0 0 -0.000677
9460 0 0 -0.000476
9465 0 0 -0.000290
9470 0 0 -0.000225
9475 0 0 -0.000253
9480 0 0 -0.000310
9485 0 0 -0.000347
9490 0 0 -0.000366
9495 0 0 -0.000380
9500 0 0 -0.000401
9505 0 0 -0.000424
9510 0 0 -0.000440
9515 0 0 -0.000443
9520 0 0 -0.000432
9525 0 0 -0.000410
9530 0 0 -0.000381
9535 0 0 -0.000362
9540 0 0 -0.000370
9545 0 0 -0.000416
9550 0 0 -0.000475
9555 0 0 -0.000510
9560 0 0 -0.000497
9565 0 0 -0.000455
9570 0 0 -0.000410
9575 0 0 -0.000384
9580 0 0 -0.000367
9585 0 0 -0.000340
9590 0 0 -0.000294
9595 0 0 -0.000248
9600 0 0 -0.000230
9605 0 0 -0.000257
9610 0 0 -0.000305
9615 0 0 -0.000340
9620 0 0 -0.000336
9625 0 0 -0.000306
9630 0 0 -0.000270
9635 0 0 -0.000247
9640 0 0 -0.000243
9645 0 0 -0.000260
9650 0 0 -0.000293
9655 0 0 -0.000315
9660 0 0 -0.000290
9665 0 0 -0.000209
9670 0 0 -0.000158
9675 0 0 -0.000250
9680 0 0 -0.000548
9685 0 0 -0.000921
9690 0 0 -0.001190
9695 0 0 -0.001226
9700 0 0 -0.001096
9705 0 0 -0.000920
9710 0 0 -0.000791
9715 0 0 -0.000709
9720 0 0 -0.000650
9725 0 0 -0.000595
9730 0 0 -0.000541
9735 0 0 -0.000490
9740 0 0 -0.000445
9745 0 0 -0.000410
9750 0 0 -0.000390
9755 0 0 -0.000385
9760 0 0 -0.000381
9765 0 0 -0.000360
9770 0 0 -0.000312
9775 0 0 -0.000256
9780 0 0 -0.000220
9785 0 0 -0.000223
9790 0 0 -0.000253
9795 0 0 -0.000290
9800 0 0 -0.000318
9805 0 0 -0.000330
9810 0 0 -0.000320
9815 0 0 -0.000289
9820 0 0 -0.000255
9825 0 0 -0.000240
9830 0 0 -0.000259
9835 0 0 -0.000299
9840 0 0 -0.000340
9845 0 0 -0.000365
9850 0 0 -0.000377
9855 0 0 -0.000380
9860 0 0 -0.000380
9865 0 0 -0.000378
9870 0 0 -0.000370
9875 0 0 -0.000356
9880 0 0 -0.000334
9885 0 0 -0.000300
9890 0 0 -0.000256
9895 0 0 -0.000217
9900 0 0 -0.000200
9905 0 0 -0.000217
9910 0 0 -0.000252
9915 0 0 -0.000280
9920 0 0 -0.000285
9925 0 0 -0.000271
9930 0 0 -0.000250
9935 0 0 -0.000232
9940 0 0 -0.000224
9945 0 0 -0.000230
9950 0 0 -0.000253
9955 0 0 -0.000279
9960 0 0 -0.000290
9965 0 0 -0.000275
9970 0 0 -0.000251
9975 0 0 -0.000240
9980 0 0 -0.000257
9985 0 0 -0.000286
9990 0 0 -0.000300
9995 0 0 -0.000282
10000 0 0 -0.000248
10005 0 0 -0.000220
10010 0 0 -0.000216
10015 0 0 -0.000227
10020 0 0 -0.000240
10025 0 0 -0.000243
10030 0 0 -0.000233
10035 0 0 -0.000210
10040 0 0 -0.000175
10045 0 0 -0.000143
10050 0 0 -0.000130
10055 0 0 -0.000147
10060 0 0 -0.000180
10065 0 0 -0.000210
10070 0 0 -0.000218
10075 0 0 -0.000184
