0 0 0 -0.000560
5 0 0 -0.000558
10 0 0 -0.000539
15 0 0 -0.000510
20 0 0 -0.000479
25 0 0 -0.000453
30 0 0 -0.000440
35 0 0 -0.000444
40 0 0 -0.000452
45 0 0 -0.000450
50 0 0 -0.000431
55 0 0 -0.000425
60 0 0 -0.000470
65 0 0 -0.000585
70 0 0 -0.000712
75 0 0 -0.000770
80 0 0 -0.000709
85 0 0 -0.000587
90 0 0 -0.000490
95 0 0 -0.000480
100 0 0 -0.000518
105 0 0 -0.000540
110 0 0 -0.000499
115 0 0 -0.000421
120 0 0 -0.000350
125 0 0 -0.000319
130 0 0 -0.000322
135 0 0 -0.000340
140 0 0 -0.000358
145 0 0 -0.000364
150 0 0 -0.000350
155 0 0 -0.000312
160 0 0 -0.000267
165 0 0 -0.000240
170 0 0 -0.000246
175 0 0 -0.000276
180 0 0 -0.000310
185 0 0 -0.000334
190 0 0 -0.000345
195 0 0 -0.000340
200 0 0 -0.000321
205 0 0 -0.000295
210 0 0 -0.000270
215 0 0 -0.000255
220 0 0 -0.000254
225 0 0 -0.000270
230 0 0 -0.000303
235 0 0 -0.000336
240 0 0 -0.000350
245 0 0 -0.000331
250 0 0 -0.000294
255 0 0 -0.000260
260 0 0 -0.000245
265 0 0 -0.000250
270 0 0 -0.000270
275 0 0 -0.000300
280 0 0 -0.000328
285 0 0 -0.000340
290 0 0 -0.000325
295 0 0 -0.000294
300 0 0 -0.000260
305 0 0 -0.000235
310 0 0 -0.000221
315 0 0 -0.000220
320 0 0 -0.000230
325 0 0 -0.000240
330 0 0 -0.000240
335 0 0 -0.000221
340 0 0 -0.000193
345 0 0 -0.000170
350 0 0 -0.000164
355 0 0 -0.000172
360 0 0 -0.000190
365 0 0 -0.000212
370 0 0 -0.000229
375 0 0 -0.000230
380 0 0 -0.000209
385 0 0 -0.000179
390 0 0 -0.000160
395 0 0 -0.000165
400 0 0 -0.000185
405 0 0 -0.000210
410 0 0 -0.000227
415 0 0 -0.000232
420 0 0 -0.000220
425 0 0 -0.000192
430 0 0 -0.000162
435 0 0 -0.000150
440 0 0 -0.000168
445 0 0 -0.000202
450 0 0 -0.000230
455 0 0 -0.000237
460 0 0 -0.000225
465 0 0 -0.000200
470 0 0 -0.000171
475 0 0 -0.000150
480 0 0 -0.000150
485 0 0 -0.000179
490 0 0 -0.000220
495 0 0 -0.000250
500 0 0 -0.000252
505 0 0 -0.000231
510 0 0 -0.000200
515 0 0 -0.000170
520 0 0 -0.000153
525 0 0 -0.000160
530 0 0 -0.000196
535 0 0 -0.000241
540 0 0 -0.000270
545 0 0 -0.000265
550 0 0 -0.000243
555 0 0 -0.000230
560 0 0 -0.000246
565 0 0 -0.000284
570 0 0 -0.000330
575 0 0 -0.000375
580 0 0 -0.000422
585 0 0 -0.000480
590 0 0 -0.000552
595 0 0 -0.000617
600 0 0 -0.000650
605 0 0 -0.000636
610 0 0 -0.000595
615 0 0 -0.000560
620 0 0 -0.000553
625 0 0 -0.000565
630 0 0 -0.000580
635 0 0 -0.000584
640 0 0 -0.000569
645 0 0 -0.000530
650 0 0 -0.000467
655 0 0 -0.000412
660 0 0 -0.000400
665 0 0 -0.000454
670 0 0 -0.000536
675 0 0 -0.000590
680 0 0 -0.000578
685 0 0 -0.000522
690 0 0 -0.000460
695 0 0 -0.000424
700 0 0 -0.000415
705 0 0 -0.000430
710 0 0 -0.000462
715 0 0 -0.000500
720 0 0 -0.000530
725 0 0 -0.000542
730 0 0 -0.000533
735 0 0 -0.000500
740 0 0 -0.000446
745 0 0 -0.000383
750 0 0 -0.000330
755 0 0 -0.000298
760 0 0 -0.000281
765 0 0 -0.000270
770 0 0 -0.000261
775 0 0 -0.000270
780 0 0 -0.000320
785 0 0 -0.000420
790 0 0 -0.000523
795 0 0 -0.000570
800 0 0 -0.000518
805 0 0 -0.000401
810 0 0 -0.000270
815 0 0 -0.000171
820 0 0 -0.000123
825 0 0 -0.000140
830 0 0 -0.000223
835 0 0 -0.000328
840 0 0 -0.000400
845 0 0 -0.000401
850 0 0 -0.000360
855 0 0 -0.000320
860 0 0 -0.000316
865 0 0 -0.000339
870 0 0 -0.000370
875 0 0 -0.000392
880 0 0 -0.000402
885 0 0 -0.000400
890 0 0 -0.000386
895 0 0 -0.000367
900 0 0 -0.000350
905 0 0 -0.000340
910 0 0 -0.000340
915 0 0 -0.000350
920 0 0 -0.000369
925 0 0 -0.000389
930 0 0 -0.000400
935 0 0 -0.000394
940 0 0 -0.000373
945 0 0 -0.000340
950 0 0 -0.000300
955 0 0 -0.000263
960 0 0 -0.000240
965 0 0 -0.000238
970 0 0 -0.000254
975 0 0 -0.000280
980 0 0 -0.000309
985 0 0 -0.000337
990 0 0 -0.000360
995 0 0 -0.000373
1000 0 0 -0.000368
1005 0 0 -0.000340
1010 0 0 -0.000294
1015 0 0 -0.000295
1020 0 0 -0.000420
1025 0 0 -0.000708
1030 0 0 -0.001043
1035 0 0 -0.001270
1040 0 0 -0.001281
1045 0 0 -0.001166
1050 0 0 -0.001060
1055 0 0 -0.001061
1060 0 0 -0.001106
1065 0 0 -0.001090
1070 0 0 -0.000944
1075 0 0 -0.000732
1080 0 0 -0.000550
1085 0 0 -0.000471
1090 0 0 -0.000468
1095 0 0 -0.000490
1100 0 0 -0.000496
1105 0 0 -0.000494
1110 0 0 -0.000500
1115 0 0 -0.000527
1120 0 0 -0.000560
1125 0 0 -0.000580
1130 0 0 -0.000573
1135 0 0 -0.000548
1140 0 0 -0.000520
1145 0 0 -0.000503
1150 0 0 -0.000502
1155 0 0 -0.000520
1160 0 0 -0.000558
1165 0 0 -0.000598
1170 0 0 -0.000620
1175 0 0 -0.000610
1180 0 0 -0.000586
1185 0 0 -0.000570
1190 0 0 -0.000581
1195 0 0 -0.000610
1200 0 0 -0.000640
1205 0 0 -0.000659
1210 0 0 -0.000662
1215 0 0 -0.000650
1220 0 0 -0.000625
1225 0 0 -0.000610
1230 0 0 -0.000630
1235 0 0 -0.000700
1240 0 0 -0.000783
1245 0 0 -0.000830
1250 0 0 -0.000806
1255 0 0 -0.000742
1260 0 0 -0.000680
1265 0 0 -0.000655
1270 0 0 -0.000659
1275 0 0 -0.000670
1280 0 0 -0.000673
1285 0 0 -0.000666
1290 0 0 -0.000650
1295 0 0 -0.000628
1300 0 0 -0.000606
1305 0 0 -0.000590
1310 0 0 -0.000584
1315 0 0 -0.000580
1320 0 0 -0.000570
1325 0 0 -0.000546
1330 0 0 -0.000513
1335 0 0 -0.000480
1340 0 0 -0.000455
1345 0 0 -0.000443
1350 0 0 -0.000450
1355 0 0 -0.000476
1360 0 0 -0.000506
1365 0 0 -0.000520
1370 0 0 -0.000507
1375 0 0 -0.000480
1380 0 0 -0.000460
1385 0 0 -0.000462
1390 0 0 -0.000475
1395 0 0 -0.000480
1400 0 0 -0.000464
1405 0 0 -0.000436
1410 0 0 -0.000410
1415 0 0 -0.000397
1420 0 0 -0.000397
1425 0 0 -0.000410
1430 0 0 -0.000431
1435 0 0 -0.000454
1440 0 0 -0.000470
1445 0 0 -0.000474
1450 0 0 -0.000476
1455 0 0 -0.000490
1460 0 0 -0.000523
1465 0 0 -0.000551
1470 0 0 -0.000540
1475 0 0 -0.000472
1480 0 0 -0.000383
1485 0 0 -0.000320
1490 0 0 -0.000317
1495 0 0 -0.000345
1500 0 0 -0.000360
1505 0 0 -0.000330
1510 0 0 -0.000278
1515 0 0 -0.000240
1520 0 0 -0.000243
1525 0 0 -0.000269
1530 0 0 -0.000290
1535 0 0 -0.000286
1540 0 0 -0.000267
1545 0 0 -0.000250
1550 0 0 -0.000247
1555 0 0 -0.000253
1560 0 0 -0.000260
1565 0 0 -0.000260
1570 0 0 -0.000250
1575 0 0 -0.000230
1580 0 0 -0.000201
1585 0 0 -0.000173
1590 0 0 -0.000160
1595 0 0 -0.000170
1600 0 0 -0.000196
1605 0 0 -0.000230
1610 0 0 -0.000261
1615 0 0 -0.000283
1620 0 0 -0.000290
1625 0 0 -0.000280
1630 0 0 -0.000267
1635 0 0 -0.000270
1640 0 0 -0.000299
1645 0 0 -0.000337
1650 0 0 -0.000360
1655 0 0 -0.000351
1660 0 0 -0.000321
1665 0 0 -0.000290
1670 0 0 -0.000272
1675 0 0 -0.000270
1680 0 0 -0.000280
1685 0 0 -0.000299
1690 0 0 -0.000317
1695 0 0 -0.000320
1700 0 0 -0.000303
1705 0 0 -0.000279
1710 0 0 -0.000270
1715 0 0 -0.000288
1720 0 0 -0.000316
1725 0 0 -0.000330
1730 0 0 -0.000315
1735 0 0 -0.000284
1740 0 0 -0.000260
1745 0 0 -0.000260
1750 0 0 -0.000277
1755 0 0 -0.000300
1760 0 0 -0.000317
1765 0 0 -0.000323
1770 0 0 -0.000310
1775 0 0 -0.000279
1780 0 0 -0.000247
1785 0 0 -0.000240
1790 0 0 -0.000270
1795 0 0 -0.000310
1800 0 0 -0.000320
1805 0 0 -0.000276
1810 0 0 -0.000208
1815 0 0 -0.000160
1820 0 0 -0.000163
1825 0 0 -0.000195
1830 0 0 -0.000220
1835 0 0 -0.000214
1840 0 0 -0.000189
1845 0 0 -0.000170
1850 0 0 -0.000173
1855 0 0 -0.000191
1860 0 0 -0.000210
1865 0 0 -0.000221
1870 0 0 -0.000233
1875 0 0 -0.000260
1880 0 0 -0.000309
1885 0 0 -0.000365
1890 0 0 -0.000410
1895 0 0 -0.000427
1900 0 0 -0.000416
1905 0 0 -0.000380
1910 0 0 -0.000328
1915 0 0 -0.000295
1920 0 0 -0.000320
1925 0 0 -0.000425
1930 0 0 -0.000553
1935 0 0 -0.000630
1940 0 0 -0.000602
1945 0 0 -0.000505
1950 0 0 -0.000400
1955 0 0 -0.000334
1960 0 0 -0.000308
1965 0 0 -0.000310
1970 0 0 -0.000328
1975 0 0 -0.000347
1980 0 0 -0.000350
1985 0 0 -0.000330
1990 0 0 -0.000314
1995 0 0 -0.000340
2000 0 0 -0.000428
2005 0 0 -0.000529
2010 0 0 -0.000580
2015 0 0 -0.000536
2020 0 0 -0.000437
2025 0 0 -0.000340
2030 0 0 -0.000294
2035 0 0 -0.000300
2040 0 0 -0.000350
2045 0 0 -0.000428
2050 0 0 -0.000496
2055 0 0 -0.000510
2060 0 0 -0.000443
2065 0 0 -0.000341
2070 0 0 -0.000270
2075 0 0 -0.000275
2080 0 0 -0.000327
2085 0 0 -0.000380
2090 0 0 -0.000398
2095 0 0 -0.000393
2100 0 0 -0.000390
2105 0 0 -0.000408
2110 0 0 -0.000436
2115 0 0 -0.000460
2120 0 0 -0.000466
2125 0 0 -0.000452
2130 0 0 -0.000420
2135 0 0 -0.000379
2140 0 0 -0.000364
2145 0 0 -0.000420
2150 0 0 -0.000569
2155 0 0 -0.000758
2160 0 0 -0.000910
2165 0 0 -0.000968
2170 0 0 -0.000932
2175 0 0 -0.000820
2180 0 0 -0.000655
2185 0 0 -0.000487
2190 0 0 -0.000370
2195 0 0 -0.000343
2200 0 0 -0.000371
2205 0 0 -0.000400
2210 0 0 -0.000391
2215 0 0 -0.000356
2220 0 0 -0.000320
2225 0 0 -0.000303
2230 0 0 -0.000307
2235 0 0 -0.000330
2240 0 0 -0.000366
2245 0 0 -0.000399
2250 0 0 -0.000410
2255 0 0 -0.000387
2260 0 0 -0.000343
2265 0 0 -0.000300
2270 0 0 -0.000273
2275 0 0 -0.000262
2280 0 0 -0.000260
2285 0 0 -0.000263
2290 0 0 -0.000270
2295 0 0 -0.000280
2300 0 0 -0.000291
2305 0 0 -0.000292
2310 0 0 -0.000270
2315 0 0 -0.000220
2320 0 0 -0.000161
2325 0 0 -0.000120
2330 0 0 -0.000117
2335 0 0 -0.000142
2340 0 0 -0.000180
2345 0 0 -0.000218
2350 0 0 -0.000257
2355 0 0 -0.000300
2360 0 0 -0.000348
2365 0 0 -0.000387
2370 0 0 -0.000400
2375 0 0 -0.000378
2380 0 0 -0.000336
2385 0 0 -0.000300
2390 0 0 -0.000286
2395 0 0 -0.000287
2400 0 0 -0.000290
2405 0 0 -0.000286
2410 0 0 -0.000289
2415 0 0 -0.000320
2420 0 0 -0.000384
2425 0 0 -0.000432
2430 0 0 -0.000400
2435 0 0 -0.000268
2440 0 0 -0.000184
2445 0 0 -0.000340
2450 0 0 -0.000842
2455 0 0 -0.001458
2460 0 0 -0.001870
2465 0 0 -0.001859
2470 0 0 -0.001598
2475 0 0 -0.001360
2480 0 0 -0.001342
2485 0 0 -0.001451
2490 0 0 -0.001520
2495 0 0 -0.001423
2500 0 0 -0.001204
2505 0 0 -0.000950
2510 0 0 -0.000735
2515 0 0 -0.000589
2520 0 0 -0.000530
2525 0 0 -0.000562
2530 0 0 -0.000632
2535 0 0 -0.000670
2540 0 0 -0.000630
2545 0 0 -0.000545
2550 0 0 -0.000470
2555 0 0 -0.000446
2560 0 0 -0.000464
2565 0 0 -0.000500
2570 0 0 -0.000536
2575 0 0 -0.000572
2580 0 0 -0.000610
2585 0 0 -0.000651
2590 0 0 -0.000683
2595 0 0 -0.000690
2600 0 0 -0.000664
2605 0 0 -0.000630
2610 0 0 -0.000620
2615 0 0 -0.000653
2620 0 0 -0.000698
2625 0 0 -0.000710
2630 0 0 -0.000661
2635 0 0 -0.000582
2640 0 0 -0.000520
2645 0 0 -0.000509
2650 0 0 -0.000532
2655 0 0 -0.000560
2660 0 0 -0.000569
2665 0 0 -0.000568
2670 0 0 -0.000570
2675 0 0 -0.000585
2680 0 0 -0.000598
2685 0 0 -0.000590
2690 0 0 -0.000556
2695 0 0 -0.000557
2700 0 0 -0.000670
2705 0 0 -0.000931
2710 0 0 -0.001211
2715 0 0 -0.001340
2720 0 0 -0.001205
2725 0 0 -0.000926
2730 0 0 -0.000680
2735 0 0 -0.000598
2740 0 0 -0.000629
2745 0 0 -0.000680
2750 0 0 -0.000678
2755 0 0 -0.000646
2760 0 0 -0.000630
2765 0 0 -0.000662
2770 0 0 -0.000716
2775 0 0 -0.000750
2780 0 0 -0.000735
2785 0 0 -0.000681
2790 0 0 -0.000610
2795 0 0 -0.000541
2800 0 0 -0.000487
2805 0 0 -0.000460
2810 0 0 -0.000465
2815 0 0 -0.000488
2820 0 0 -0.000510
2825 0 0 -0.000515
2830 0 0 -0.000503
2835 0 0 -0.000480
2840 0 0 -0.000453
2845 0 0 -0.000445
2850 0 0 -0.000480
2855 0 0 -0.000570
2860 0 0 -0.000670
2865 0 0 -0.000720
2870 0 0 -0.000679
2875 0 0 -0.000581
2880 0 0 -0.000480
2885 0 0 -0.000417
2890 0 0 -0.000387
2895 0 0 -0.000370
2900 0 0 -0.000354
2905 0 0 -0.000344
2910 0 0 -0.000350
2915 0 0 -0.000378
2920 0 0 -0.000414
2925 0 0 -0.000440
2930 0 0 -0.000443
2935 0 0 -0.000429
2940 0 0 -0.000410
2945 0 0 -0.000397
2950 0 0 -0.000393
2955 0 0 -0.000400
2960 0 0 -0.000416
2965 0 0 -0.000431
2970 0 0 -0.000430
2975 0 0 -0.000405
2980 0 0 -0.000364
2985 0 0 -0.000320
2990 0 0 -0.000284
2995 0 0 -0.000258
3000 0 0 -0.000240
3005 0 0 -0.000230
3010 0 0 -0.000225
3015 0 0 -0.000220
3020 0 0 -0.000213
3025 0 0 -0.000203
3030 0 0 -0.000190
3035 0 0 -0.000175
3040 0 0 -0.000162
3045 0 0 -0.000160
3050 0 0 -0.000172
3055 0 0 -0.000197
3060 0 0 -0.000230
3065 0 0 -0.000266
3070 0 0 -0.000296
3075 0 0 -0.000310
3080 0 0 -0.000303
3085 0 0 -0.000285
3090 0 0 -0.000270
3095 0 0 -0.000270
3100 0 0 -0.000281
3105 0 0 -0.000300
3110 0 0 -0.000319
3115 0 0 -0.000330
3120 0 0 -0.000320
3125 0 0 -0.000286
3130 0 0 -0.000247
3135 0 0 -0.000230
3140 0 0 -0.000250
3145 0 0 -0.000290
3150 0 0 -0.000320
3155 0 0 -0.000320
3160 0 0 -0.000298
3165 0 0 -0.000270
3170 0 0 -0.000249
3175 0 0 -0.000240
3180 0 0 -0.000250
3185 0 0 -0.000278
3190 0 0 -0.000308
3195 0 0 -0.000320
3200 0 0 -0.000300
3205 0 0 -0.000266
3210 0 0 -0.000240
3215 0 0 -0.000240
3220 0 0 -0.000258
3225 0 0 -0.000280
3230 0 0 -0.000293
3235 0 0 -0.000293
3240 0 0 -0.000280
3245 0 0 -0.000255
3250 0 0 -0.000232
3255 0 0 -0.000230
3260 0 0 -0.000258
3265 0 0 -0.000295
3270 0 0 -0.000310
3275 0 0 -0.000284
3280 0 0 -0.000238
3285 0 0 -0.000200
3290 0 0 -0.000193
3295 0 0 -0.000212
3300 0 0 -0.000240
3305 0 0 -0.000267
3310 0 0 -0.000291
3315 0 0 -0.000310
3320 0 0 -0.000327
3325 0 0 -0.000347
3330 0 0 -0.000380
3335 0 0 -0.000429
3340 0 0 -0.000478
3345 0 0 -0.000510
3350 0 0 -0.000508
3355 0 0 -0.000476
3360 0 0 -0.000420
3365 0 0 -0.000349
3370 0 0 -0.000279
3375 0 0 -0.000230
3380 0 0 -0.000217
3385 0 0 -0.000244
3390 0 0 -0.000310
3395 0 0 -0.000408
3400 0 0 -0.000500
3405 0 0 -0.000540
3410 0 0 -0.000497
3415 0 0 -0.000407
3420 0 0 -0.000320
3425 0 0 -0.000277
3430 0 0 -0.000272
3435 0 0 -0.000290
3440 0 0 -0.000315
3445 0 0 -0.000338
3450 0 0 -0.000350
3455 0 0 -0.000346
3460 0 0 -0.000332
3465 0 0 -0.000320
3470 0 0 -0.000316
3475 0 0 -0.000318
3480 0 0 -0.000320
3485 0 0 -0.000317
3490 0 0 -0.000307
3495 0 0 -0.000290
3500 0 0 -0.000267
3505 0 0 -0.000242
3510 0 0 -0.000220
3515 0 0 -0.000209
3520 0 0 -0.000224
3525 0 0 -0.000280
3530 0 0 -0.000380
3535 0 0 -0.000470
3540 0 0 -0.000480
3545 0 0 -0.000377
3550 0 0 -0.000271
3555 0 0 -0.000310
3560 0 0 -0.000587
3565 0 0 -0.000986
3570 0 0 -0.001340
3575 0 0 -0.001514
3580 0 0 -0.001505
3585 0 0 -0.001340
3590 0 0 -0.001066
3595 0 0 -0.000790
3600 0 0 -0.000640
3605 0 0 -0.000694
3610 0 0 -0.000847
3615 0 0 -0.000950
3620 0 0 -0.000898
3625 0 0 -0.000772
3630 0 0 -0.000700
3635 0 0 -0.000781
3640 0 0 -0.001006
3645 0 0 -0.001340
3650 0 0 -0.001735
3655 0 0 -0.002102
3660 0 0 -0.002340
3665 0 0 -0.002383
3670 0 0 -0.002291
3675 0 0 -0.002160
3680 0 0 -0.002065
3685 0 0 -0.002013
3690 0 0 -0.001990
3695 0 0 -0.001980
3700 0 0 -0.001946
3705 0 0 -0.001850
3710 0 0 -0.001663
3715 0 0 -0.001406
3720 0 0 -0.001110
3725 0 0 -0.000811
3730 0 0 -0.000552
3735 0 0 -0.000380
3740 0 0 -0.000325
3745 0 0 -0.000350
3750 0 0 -0.000400
3755 0 0 -0.000431
3760 0 0 -0.000437
3765 0 0 -0.000420
3770 0 0 -0.000386
3775 0 0 -0.000345
3780 0 0 -0.000310
3785 0 0 -0.000289
3790 0 0 -0.000283
3795 0 0 -0.000290
3800 0 0 -0.000305
3805 0 0 -0.000319
3810 0 0 -0.000320
3815 0 0 -0.000302
3820 0 0 -0.000274
3825 0 0 -0.000250
3830 0 0 -0.000242
3835 0 0 -0.000249
3840 0 0 -0.000270
3845 0 0 -0.000299
3850 0 0 -0.000324
3855 0 0 -0.000330
3860 0 0 -0.000308
3865 0 0 -0.000274
3870 0 0 -0.000250
3875 0 0 -0.000252
3880 0 0 -0.000266
3885 0 0 -0.000270
3890 0 0 -0.000255
3895 0 0 -0.000261
3900 0 0 -0.000340
3905 0 0 -0.000535
3910 0 0 -0.000850
3915 0 0 -0.001280
3920 0 0 -0.001803
3925 0 0 -0.002329
3930 0 0 -0.002750
3935 0 0 -0.002982
3940 0 0 -0.003039
3945 0 0 -0.002960
3950 0 0 -0.002777
3955 0 0 -0.002499
3960 0 0 -0.002130
3965 0 0 -0.001700
3970 0 0 -0.001348
3975 0 0 -0.001240
3980 0 0 -0.001476
3985 0 0 -0.001888
3990 0 0 -0.002240
3995 0 0 -0.002354
4000 0 0 -0.002274
4005 0 0 -0.002100
4010 0 0 -0.001924
4015 0 0 -0.001804
4020 0 0 -0.001790
4025 0 0 -0.001904
4030 0 0 -0.002062
4035 0 0 -0.002150
4040 0 0 -0.002090
4045 0 0 -0.001940
4050 0 0 -0.001790
4055 0 0 -0.001708
4060 0 0 -0.001660
4065 0 0 -0.001590
4070 0 0 -0.001460
4075 0 0 -0.001310
4080 0 0 -0.001200
4085 0 0 -0.001177
4090 0 0 -0.001239
4095 0 0 -0.001370
4100 0 0 -0.001548
4105 0 0 -0.001724
4110 0 0 -0.001840
4115 0 0 -0.001860
4120 0 0 -0.001826
4125 0 0 -0.001800
4130 0 0 -0.001823
4135 0 0 -0.001856
4140 0 0 -0.001840
4145 0 0 -0.001740
4150 0 0 -0.001614
4155 0 0 -0.001540
4160 0 0 -0.001575
4165 0 0 -0.001680
4170 0 0 -0.001790
4175 0 0 -0.001851
4180 0 0 -0.001847
4185 0 0 -0.001770
4190 0 0 -0.001627
4195 0 0 -0.001477
4200 0 0 -0.001390
4205 0 0 -0.001417
4210 0 0 -0.001517
4215 0 0 -0.001630
4220 0 0 -0.001709
4225 0 0 -0.001769
4230 0 0 -0.001840
4235 0 0 -0.001937
4240 0 0 -0.002022
4245 0 0 -0.002040
4250 0 0 -0.001959
4255 0 0 -0.001829
4260 0 0 -0.001720
4265 0 0 -0.001677
4270 0 0 -0.001639
4275 0 0 -0.001520
4280 0 0 -0.001265
4285 0 0 -0.000941
4290 0 0 -0.000650
4295 0 0 -0.000466
4300 0 0 -0.000365
4305 0 0 -0.000300
4310 0 0 -0.000233
4315 0 0 -0.000171
4320 0 0 -0.000130
4325 0 0 -0.000121
4330 0 0 -0.000133
4335 0 0 -0.000150
4340 0 0 -0.000158
4345 0 0 -0.000159
4350 0 0 -0.000160
4355 0 0 -0.000165
4360 0 0 -0.000170
4365 0 0 -0.000170
4370 0 0 -0.000161
4375 0 0 -0.000141
4380 0 0 -0.000110
4385 0 0 -0.000070
4390 0 0 -0.000030
4395 0 0 -0.000000
4400 0 0 0.000011
4405 0 0 0.000009
4410 0 0 -0.000000
4415 0 0 -0.000009
4420 0 0 -0.000019
4425 0 0 -0.000030
4430 0 0 -0.000045
4435 0 0 -0.000067
4440 0 0 -0.000100
4445 0 0 -0.000142
4450 0 0 -0.000179
4455 0 0 -0.000190
4460 0 0 -0.000164
4465 0 0 -0.000121
4470 0 0 -0.000090
4475 0 0 -0.000093
4480 0 0 -0.000121
4485 0 0 -0.000160
4490 0 0 -0.000195
4495 0 0 -0.000215
4500 0 0 -0.000210
4505 0 0 -0.000178
4510 0 0 -0.000141
4515 0 0 -0.000130
4520 0 0 -0.000164
4525 0 0 -0.000224
4530 0 0 -0.000280
4535 0 0 -0.000309
4540 0 0 -0.000314
4545 0 0 -0.000300
4550 0 0 -0.000277
4555 0 0 -0.000256
4560 0 0 -0.000250
4565 0 0 -0.000266
4570 0 0 -0.000292
4575 0 0 -0.000310
4580 0 0 -0.000307
4585 0 0 -0.000293
4590 0 0 -0.000280
4595 0 0 -0.000280
4600 0 0 -0.000291
4605 0 0 -0.000310
4610 0 0 -0.000330
4615 0 0 -0.000344
4620 0 0 -0.000340
4625 0 0 -0.000315
4630 0 0 -0.000284
4635 0 0 -0.000270
4640 0 0 -0.000287
4645 0 0 -0.000318
4650 0 0 -0.000340
4655 0 0 -0.000336
4660 0 0 -0.000314
4665 0 0 -0.000290
4670 0 0 -0.000277
4675 0 0 -0.000277
4680 0 0 -0.000290
4685 0 0 -0.000312
4690 0 0 -0.000330
4695 0 0 -0.000330
4700 0 0 -0.000303
4705 0 0 -0.000265
4710 0 0 -0.000240
4715 0 0 -0.000242
4720 0 0 -0.000256
4725 0 0 -0.000260
4730 0 0 -0.000239
4735 0 0 -0.000206
4740 0 0 -0.000180
4745 0 0 -0.000177
4750 0 0 -0.000190
4755 0 0 -0.000210
4760 0 0 -0.000226
4765 0 0 -0.000231
4770 0 0 -0.000220
4775 0 0 -0.000191
4780 0 0 -0.000163
4785 0 0 -0.000160
4790 0 0 -0.000200
4795 0 0 -0.000275
4800 0 0 -0.000370
4805 0 0 -0.000466
4810 0 0 -0.000534
4815 0 0 -0.000540
4820 0 0 -0.000466
4825 0 0 -0.000351
4830 0 0 -0.000250
4835 0 0 -0.000204
4840 0 0 -0.000204
4845 0 0 -0.000230
4850 0 0 -0.000263
4855 0 0 -0.000293
4860 0 0 -0.000310
4865 0 0 -0.000309
4870 0 0 -0.000295
4875 0 0 -0.000280
4880 0 0 -0.000270
4885 0 0 -0.000267
4890 0 0 -0.000270
4895 0 0 -0.000277
4900 0 0 -0.000285
4905 0 0 -0.000290
4910 0 0 -0.000290
4915 0 0 -0.000283
4920 0 0 -0.000270
4925 0 0 -0.000250
4930 0 0 -0.000231
4935 0 0 -0.000220
4940 0 0 -0.000222
4945 0 0 -0.000231
4950 0 0 -0.000240
4955 0 0 -0.000243
4960 0 0 -0.000248
4965 0 0 -0.000270
4970 0 0 -0.000314
4975 0 0 -0.000359
4980 0 0 -0.000380
4985 0 0 -0.000367
4990 0 0 -0.000376
4995 0 0 -0.000480
5000 0 0 -0.000717
5005 0 0 -0.000981
5010 0 0 -0.001130
5015 0 0 -0.001065
5020 0 0 -0.000862
5025 0 0 -0.000640
5030 0 0 -0.000501
5035 0 0 -0.000486
5040 0 0 -0.000620
5045 0 0 -0.000903
5050 0 0 -0.001238
5055 0 0 -0.001500
5060 0 0 -0.001602
5065 0 0 -0.001594
5070 0 0 -0.001560
5075 0 0 -0.001563
5080 0 0 -0.001586
5085 0 0 -0.001590
5090 0 0 -0.001544
5095 0 0 -0.001448
5100 0 0 -0.001310
5105 0 0 -0.001152
5110 0 0 -0.001051
5115 0 0 -0.001100
5120 0 0 -0.001349
5125 0 0 -0.001682
5130 0 0 -0.001940
5135 0 0 -0.002005
5140 0 0 -0.001923
5145 0 0 -0.001780
5150 0 0 -0.001651
5155 0 0 -0.001567
5160 0 0 -0.001550
5165 0 0 -0.001605
5170 0 0 -0.001677
5175 0 0 -0.001700
5180 0 0 -0.001627
5185 0 0 -0.001501
5190 0 0 -0.001390
5195 0 0 -0.001343
5200 0 0 -0.001344
5205 0 0 -0.001360
5210 0 0 -0.001360
5215 0 0 -0.001323
5220 0 0 -0.001230
5225 0 0 -0.001071
5230 0 0 -0.000875
5235 0 0 -0.000680
5240 0 0 -0.000518
5245 0 0 -0.000397
5250 0 0 -0.000320
5255 0 0 -0.000287
5260 0 0 -0.000280
5265 0 0 -0.000280
5270 0 0 -0.000269
5275 0 0 -0.000245
5280 0 0 -0.000210
5285 0 0 -0.000174
5290 0 0 -0.000184
5295 0 0 -0.000300
5300 0 0 -0.000554
5305 0 0 -0.000880
5310 0 0 -0.001190
5315 0 0 -0.001411
5320 0 0 -0.001540
5325 0 0 -0.001590
5330 0 0 -0.001581
5335 0 0 -0.001552
5340 0 0 -0.001550
5345 0 0 -0.001614
5350 0 0 -0.001761
5355 0 0 -0.002000
5360 0 0 -0.002317
5365 0 0 -0.002605
5370 0 0 -0.002730
5375 0 0 -0.002597
5380 0 0 -0.002253
5385 0 0 -0.001780
5390 0 0 -0.001264
5395 0 0 -0.000801
5400 0 0 -0.000490
5405 0 0 -0.000395
5410 0 0 -0.000444
5415 0 0 -0.000530
5420 0 0 -0.000569
5425 0 0 -0.000568
5430 0 0 -0.000560
5435 0 0 -0.000566
5440 0 0 -0.000576
5445 0 0 -0.000570
5450 0 0 -0.000538
5455 0 0 -0.000503
5460 0 0 -0.000500
5465 0 0 -0.000548
5470 0 0 -0.000619
5475 0 0 -0.000670
5480 0 0 -0.000671
5485 0 0 -0.000636
5490 0 0 -0.000590
5495 0 0 -0.000555
5500 0 0 -0.000537
5505 0 0 -0.000540
5510 0 0 -0.000565
5515 0 0 -0.000608
5520 0 0 -0.000660
5525 0 0 -0.000715
5530 0 0 -0.000762
5535 0 0 -0.000790
5540 0 0 -0.000791
5545 0 0 -0.000771
5550 0 0 -0.000740
5555 0 0 -0.000707
5560 0 0 -0.000681
5565 0 0 -0.000670
5570 0 0 -0.000679
5575 0 0 -0.000699
5580 0 0 -0.000720
5585 0 0 -0.000731
5590 0 0 -0.000731
5595 0 0 -0.000720
5600 0 0 -0.000701
5605 0 0 -0.000684
5610 0 0 -0.000680
5615 0 0 -0.000695
5620 0 0 -0.000717
5625 0 0 -0.000730
5630 0 0 -0.000721
5635 0 0 -0.000694
5640 0 0 -0.000660
5645 0 0 -0.000627
5650 0 0 -0.000604
5655 0 0 -0.000600
5660 0 0 -0.000620
5665 0 0 -0.000651
5670 0 0 -0.000680
5675 0 0 -0.000693
5680 0 0 -0.000692
5685 0 0 -0.000680
5690 0 0 -0.000660
5695 0 0 -0.000631
5700 0 0 -0.000590
5705 0 0 -0.000542
5710 0 0 -0.000517
5715 0 0 -0.000550
5720 0 0 -0.000658
5725 0 0 -0.000776
5730 0 0 -0.000820
5735 0 0 -0.000736
5740 0 0 -0.000591
5745 0 0 -0.000480
5750 0 0 -0.000474
5755 0 0 -0.000535
5760 0 0 -0.000600
5765 0 0 -0.000618
5770 0 0 -0.000597
5775 0 0 -0.000560
5780 0 0 -0.000525
5785 0 0 -0.000495
5790 0 0 -0.000470
5795 0 0 -0.000448
5800 0 0 -0.000431
5805 0 0 -0.000420
5810 0 0 -0.000414
5815 0 0 -0.000406
5820 0 0 -0.000390
5825 0 0 -0.000364
5830 0 0 -0.000353
5835 0 0 -0.000390
5840 0 0 -0.000489
5845 0 0 -0.000595
5850 0 0 -0.000640
5855 0 0 -0.000575
5860 0 0 -0.000445
5865 0 0 -0.000320
5870 0 0 -0.000253
5875 0 0 -0.000234
5880 0 0 -0.000240
5885 0 0 -0.000249
5890 0 0 -0.000251
5895 0 0 -0.000240
5900 0 0 -0.000214
5905 0 0 -0.000182
5910 0 0 -0.000160
5915 0 0 -0.000158
5920 0 0 -0.000173
5925 0 0 -0.000200
5930 0 0 -0.000232
5935 0 0 -0.000257
5940 0 0 -0.000260
5945 0 0 -0.000233
5950 0 0 -0.000192
5955 0 0 -0.000160
5960 0 0 -0.000154
5965 0 0 -0.000168
5970 0 0 -0.000190
5975 0 0 -0.000211
5980 0 0 -0.000228
5985 0 0 -0.000240
5990 0 0 -0.000247
5995 0 0 -0.000254
6000 0 0 -0.000270
6005 0 0 -0.000298
6010 0 0 -0.000326
6015 0 0 -0.000340
6020 0 0 -0.000329
6025 0 0 -0.000303
6030 0 0 -0.000280
6035 0 0 -0.000272
6040 0 0 -0.000277
6045 0 0 -0.000290
6050 0 0 -0.000306
6055 0 0 -0.000315
6060 0 0 -0.000310
6065 0 0 -0.000286
6070 0 0 -0.000259
6075 0 0 -0.000250
6080 0 0 -0.000271
6085 0 0 -0.000304
6090 0 0 -0.000320
6095 0 0 -0.000302
6100 0 0 -0.000269
6105 0 0 -0.000250
6110 0 0 -0.000264
6115 0 0 -0.000293
6120 0 0 -0.000310
6125 0 0 -0.000297
6130 0 0 -0.000269
6135 0 0 -0.000250
6140 0 0 -0.000255
6145 0 0 -0.000275
6150 0 0 -0.000290
6155 0 0 -0.000289
6160 0 0 -0.000280
6165 0 0 -0.000280
6170 0 0 -0.000299
6175 0 0 -0.000334
6180 0 0 -0.000380
6185 0 0 -0.000428
6190 0 0 -0.000461
6195 0 0 -0.000460
6200 0 0 -0.000415
6205 0 0 -0.000358
6210 0 0 -0.000330
6215 0 0 -0.000359
6220 0 0 -0.000412
6225 0 0 -0.000440
6230 0 0 -0.000409
6235 0 0 -0.000338
6240 0 0 -0.000260
6245 0 0 -0.000202
6250 0 0 -0.000171
6255 0 0 -0.000170
6260 0 0 -0.000198
6265 0 0 -0.000251
6270 0 0 -0.000320
6275 0 0 -0.000398
6280 0 0 -0.000467
6285 0 0 -0.000510
6290 0 0 -0.000513
6295 0 0 -0.000483
6300 0 0 -0.000430
6305 0 0 -0.000368
6310 0 0 -0.000318
6315 0 0 -0.000300
6320 0 0 -0.000329
6325 0 0 -0.000382
6330 0 0 -0.000430
6335 0 0 -0.000448
6340 0 0 -0.000438
6345 0 0 -0.000410
6350 0 0 -0.000373
6355 0 0 -0.000334
6360 0 0 -0.000300
6365 0 0 -0.000275
6370 0 0 -0.000259
6375 0 0 -0.000250
6380 0 0 -0.000245
6385 0 0 -0.000240
6390 0 0 -0.000230
6395 0 0 -0.000212
6400 0 0 -0.000190
6405 0 0 -0.000170
6410 0 0 -0.000157
6415 0 0 -0.000158
6420 0 0 -0.000180
6425 0 0 -0.000225
6430 0 0 -0.000275
6435 0 0 -0.000310
6440 0 0 -0.000313
6445 0 0 -0.000292
6450 0 0 -0.000260
6455 0 0 -0.000231
6460 0 0 -0.000222
6465 0 0 -0.000250
6470 0 0 -0.000323
6475 0 0 -0.000405
6480 0 0 -0.000450
6485 0 0 -0.000426
6490 0 0 -0.000362
6495 0 0 -0.000300
6500 0 0 -0.000273
6505 0 0 -0.000275
6510 0 0 -0.000290
6515 0 0 -0.000305
6520 0 0 -0.000318
6525 0 0 -0.000330
6530 0 0 -0.000340
6535 0 0 -0.000340
6540 0 0 -0.000320
6545 0 0 -0.000277
6550 0 0 -0.000232
6555 0 0 -0.000210
6560 0 0 -0.000229
6565 0 0 -0.000268
6570 0 0 -0.000300
6575 0 0 -0.000302
6580 0 0 -0.000284
6585 0 0 -0.000260
6590 0 0 -0.000243
6595 0 0 -0.000228
6600 0 0 -0.000210
6605 0 0 -0.000189
6610 0 0 -0.000203
6615 0 0 -0.000300
6620 0 0 -0.000506
6625 0 0 -0.000767
6630 0 0 -0.001010
6635 0 0 -0.001176
6640 0 0 -0.001270
6645 0 0 -0.001310
6650 0 0 -0.001315
6655 0 0 -0.001296
6660 0 0 -0.001260
6665 0 0 -0.001214
6670 0 0 -0.001153
6675 0 0 -0.001070
6680 0 0 -0.000971
6685 0 0 -0.000917
6690 0 0 -0.000980
6695 0 0 -0.001199
6700 0 0 -0.001470
6705 0 0 -0.001650
6710 0 0 -0.001644
6715 0 0 -0.001538
6720 0 0 -0.001460
6725 0 0 -0.001497
6730 0 0 -0.001556
6735 0 0 -0.001500
6740 0 0 -0.001240
6745 0 0 -0.000880
6750 0 0 -0.000570
6755 0 0 -0.000425
6760 0 0 -0.000406
6765 0 0 -0.000440
6770 0 0 -0.000463
6775 0 0 -0.000463
6780 0 0 -0.000440
6785 0 0 -0.000399
6790 0 0 -0.000358
6795 0 0 -0.000340
6800 0 0 -0.000360
6805 0 0 -0.000402
6810 0 0 -0.000440
6815 0 0 -0.000458
6820 0 0 -0.000468
6825 0 0 -0.000490
6830 0 0 -0.000537
6835 0 0 -0.000584
6840 0 0 -0.000600
6845 0 0 -0.000564
6850 0 0 -0.000504
6855 0 0 -0.000460
6860 0 0 -0.000458
6865 0 0 -0.000479
6870 0 0 -0.000490
6875 0 0 -0.000468
6880 0 0 -0.000432
6885 0 0 -0.000410
6890 0 0 -0.000422
6895 0 0 -0.000453
6900 0 0 -0.000480
6905 0 0 -0.000485
6910 0 0 -0.000476
6915 0 0 -0.000470
6920 0 0 -0.000477
6925 0 0 -0.000485
6930 0 0 -0.000480
6935 0 0 -0.000455
6940 0 0 -0.000441
6945 0 0 -0.000480
6950 0 0 -0.000595
6955 0 0 -0.000734
6960 0 0 -0.000830
6965 0 0 -0.000832
6970 0 0 -0.000769
6975 0 0 -0.000690
6980 0 0 -0.000636
6985 0 0 -0.000618
6990 0 0 -0.000640
6995 0 0 -0.000700
7000 0 0 -0.000766
7005 0 0 -0.000800
7010 0 0 -0.000775
7015 0 0 -0.000704
7020 0 0 -0.000610
7025 0 0 -0.000522
7030 0 0 -0.000485
7035 0 0 -0.000550
7040 0 0 -0.000745
7045 0 0 -0.001019
7050 0 0 -0.001300
7055 0 0 -0.001519
7060 0 0 -0.001628
7065 0 0 -0.001580
7070 0 0 -0.001357
7075 0 0 -0.001046
7080 0 0 -0.000760
7085 0 0 -0.000586
7090 0 0 -0.000509
7095 0 0 -0.000490
7100 0 0 -0.000494
7105 0 0 -0.000505
7110 0 0 -0.000510
7115 0 0 -0.000504
7120 0 0 -0.000506
7125 0 0 -0.000540
7130 0 0 -0.000617
7135 0 0 -0.000701
7140 0 0 -0.000740
7145 0 0 -0.000701
7150 0 0 -0.000613
7155 0 0 -0.000520
7160 0 0 -0.000457
7165 0 0 -0.000421
7170 0 0 -0.000400
7175 0 0 -0.000386
7180 0 0 -0.000381
7185 0 0 -0.000390
7190 0 0 -0.000414
7195 0 0 -0.000437
7200 0 0 -0.000440
7205 0 0 -0.000408
7210 0 0 -0.000355
7215 0 0 -0.000300
7220 0 0 -0.000258
7225 0 0 -0.000229
7230 0 0 -0.000210
7235 0 0 -0.000199
7240 0 0 -0.000199
7245 0 0 -0.000210
7250 0 0 -0.000233
7255 0 0 -0.000255
7260 0 0 -0.000260
7265 0 0 -0.000239
7270 0 0 -0.000208
7275 0 0 -0.000190
7280 0 0 -0.000201
7285 0 0 -0.000228
7290 0 0 -0.000250
7295 0 0 -0.000253
7300 0 0 -0.000243
7305 0 0 -0.000230
7310 0 0 -0.000224
7315 0 0 -0.000225
7320 0 0 -0.000230
7325 0 0 -0.000237
7330 0 0 -0.000240
7335 0 0 -0.000230
7340 0 0 -0.000204
7345 0 0 -0.000172
7350 0 0 -0.000150
7355 0 0 -0.000149
7360 0 0 -0.000165
7365 0 0 -0.000190
7370 0 0 -0.000215
7375 0 0 -0.000232
7380 0 0 -0.000230
7385 0 0 -0.000206
7390 0 0 -0.000173
7395 0 0 -0.000150
7400 0 0 -0.000151
7405 0 0 -0.000169
7410 0 0 -0.000190
7415 0 0 -0.000203
7420 0 0 -0.000204
7425 0 0 -0.000190
7430 0 0 -0.000164
7435 0 0 -0.000146
7440 0 0 -0.000160
7445 0 0 -0.000220
7450 0 0 -0.000304
7455 0 0 -0.000380
7460 0 0 -0.000423
7465 0 0 -0.000441
7470 0 0 -0.000450
7475 0 0 -0.000462
7480 0 0 -0.000474
7485 0 0 -0.000480
7490 0 0 -0.000476
7495 0 0 -0.000460
7500 0 0 -0.000430
7505 0 0 -0.000389
7510 0 0 -0.000350
7515 0 0 -0.000330
7520 0 0 -0.000338
7525 0 0 -0.000361
7530 0 0 -0.000380
7535 0 0 -0.000380
7540 0 0 -0.000367
7545 0 0 -0.000350
7550 0 0 -0.000338
7555 0 0 -0.000334
7560 0 0 -0.000340
7565 0 0 -0.000357
7570 0 0 -0.000379
7575 0 0 -0.000400
7580 0 0 -0.000416
7585 0 0 -0.000428
7590 0 0 -0.000440
7595 0 0 -0.000454
7600 0 0 -0.000470
7605 0 0 -0.000490
7610 0 0 -0.000513
7615 0 0 -0.000539
7620 0 0 -0.000570
7625 0 0 -0.000602
7630 0 0 -0.000616
7635 0 0 -0.000590
7640 0 0 -0.000513
7645 0 0 -0.000413
7650 0 0 -0.000330
7655 0 0 -0.000293
7660 0 0 -0.000288
7665 0 0 -0.000290
7670 0 0 -0.000280
7675 0 0 -0.000258
7680 0 0 -0.000230
7685 0 0 -0.000201
7690 0 0 -0.000176
7695 0 0 -0.000160
7700 0 0 -0.000157
7705 0 0 -0.000165
7710 0 0 -0.000180
7715 0 0 -0.000197
7720 0 0 -0.000212
7725 0 0 -0.000220
7730 0 0 -0.000217
7735 0 0 -0.000205
7740 0 0 -0.000190
7745 0 0 -0.000176
7750 0 0 -0.000167
7755 0 0 -0.000170
7760 0 0 -0.000186
7765 0 0 -0.000209
7770 0 0 -0.000230
7775 0 0 -0.000241
7780 0 0 -0.000243
7785 0 0 -0.000240
7790 0 0 -0.000234
7795 0 0 -0.000230
7800 0 0 -0.000230
7805 0 0 -0.000237
7810 0 0 -0.000241
7815 0 0 -0.000230
7820 0 0 -0.000199
7825 0 0 -0.000162
7830 0 0 -0.000140
7835 0 0 -0.000147
7840 0 0 -0.000173
7845 0 0 -0.000200
7850 0 0 -0.000215
7855 0 0 -0.000218
7860 0 0 -0.000210
7865 0 0 -0.000195
7870 0 0 -0.000179
7875 0 0 -0.000170
7880 0 0 -0.000174
7885 0 0 -0.000198
7890 0 0 -0.000250
7895 0 0 -0.000328
7900 0 0 -0.000402
7905 0 0 -0.000430
7910 0 0 -0.000389
7915 0 0 -0.000315
7920 0 0 -0.000260
7925 0 0 -0.000263
7930 0 0 -0.000316
7935 0 0 -0.000400
7940 0 0 -0.000493
7945 0 0 -0.000574
7950 0 0 -0.000620
7955 0 0 -0.000615
7960 0 0 -0.000572
7965 0 0 -0.000510
7970 0 0 -0.000448
7975 0 0 -0.000392
7980 0 0 -0.000350
7985 0 0 -0.000325
7990 0 0 -0.000315
7995 0 0 -0.000320
8000 0 0 -0.000335
8005 0 0 -0.000349
8010 0 0 -0.000350
8015 0 0 -0.000331
8020 0 0 -0.000303
8025 0 0 -0.000280
8030 0 0 -0.000274
8035 0 0 -0.000285
8040 0 0 -0.000310
8045 0 0 -0.000344
8050 0 0 -0.000386
8055 0 0 -0.000430
8060 0 0 -0.000473
8065 0 0 -0.000507
8070 0 0 -0.000520
8075 0 0 -0.000507
8080 0 0 -0.000479
8085 0 0 -0.000450
8090 0 0 -0.000431
8095 0 0 -0.000418
8100 0 0 -0.000400
8105 0 0 -0.000373
8110 0 0 -0.000345
8115 0 0 -0.000330
8120 0 0 -0.000334
8125 0 0 -0.000343
8130 0 0 -0.000340
8135 0 0 -0.000311
8140 0 0 -0.000268
8145 0 0 -0.000230
8150 0 0 -0.000210
8155 0 0 -0.000201
8160 0 0 -0.000190
8165 0 0 -0.000175
8170 0 0 -0.000190
8175 0 0 -0.000280
8180 0 0 -0.000473
8185 0 0 -0.000729
8190 0 0 -0.000990
8195 0 0 -0.001206
8200 0 0 -0.001353
8205 0 0 -0.001410
8210 0 0 -0.001366
8215 0 0 -0.001235
8220 0 0 -0.001040
8225 0 0 -0.000807
8230 0 0 -0.000588
8235 0 0 -0.000440
8240 0 0 -0.000401
8245 0 0 -0.000438
8250 0 0 -0.000500
8255 0 0 -0.000545
8260 0 0 -0.000567
8265 0 0 -0.000570
8270 0 0 -0.000559
8275 0 0 -0.000543
8280 0 0 -0.000530
8285 0 0 -0.000527
8290 0 0 -0.000529
8295 0 0 -0.000530
8300 0 0 -0.000525
8305 0 0 -0.000521
8310 0 0 -0.000530
8315 0 0 -0.000555
8320 0 0 -0.000580
8325 0 0 -0.000580
8330 0 0 -0.000541
8335 0 0 -0.000484
8340 0 0 -0.000440
8345 0 0 -0.000430
8350 0 0 -0.000443
8355 0 0 -0.000460
8360 0 0 -0.000467
8365 0 0 -0.000465
8370 0 0 -0.000460
8375 0 0 -0.000460
8380 0 0 -0.000473
8385 0 0 -0.000510
8390 0 0 -0.000575
8395 0 0 -0.000647
8400 0 0 -0.000700
8405 0 0 -0.000716
8410 0 0 -0.000709
8415 0 0 -0.000700
8420 0 0 -0.000706
8425 0 0 -0.000720
8430 0 0 -0.000730
8435 0 0 -0.000727
8440 0 0 -0.000710
8445 0 0 -0.000680
8450 0 0 -0.000641
8455 0 0 -0.000613
8460 0 0 -0.000620
8465 0 0 -0.000675
8470 0 0 -0.000746
8475 0 0 -0.000790
8480 0 0 -0.000774
8485 0 0 -0.000715
8490 0 0 -0.000640
8495 0 0 -0.000575
8500 0 0 -0.000536
8505 0 0 -0.000540
8510 0 0 -0.000591
8515 0 0 -0.000656
8520 0 0 -0.000690
8525 0 0 -0.000663
8530 0 0 -0.000605
8535 0 0 -0.000560
8540 0 0 -0.000559
8545 0 0 -0.000588
8550 0 0 -0.000620
8555 0 0 -0.000635
8560 0 0 -0.000633
8565 0 0 -0.000620
8570 0 0 -0.000604
8575 0 0 -0.000597
8580 0 0 -0.000610
8585 0 0 -0.000649
8590 0 0 -0.000688
8595 0 0 -0.000690
8600 0 0 -0.000635
8605 0 0 -0.000554
8610 0 0 -0.000490
8615 0 0 -0.000476
8620 0 0 -0.000493
8625 0 0 -0.000510
8630 0 0 -0.000504
8635 0 0 -0.000479
8640 0 0 -0.000450
8645 0 0 -0.000427
8650 0 0 -0.000413
8655 0 0 -0.000410
8660 0 0 -0.000419
8665 0 0 -0.000435
8670 0 0 -0.000450
8675 0 0 -0.000459
8680 0 0 -0.000460
8685 0 0 -0.000450
8690 0 0 -0.000429
8695 0 0 -0.000400
8700 0 0 -0.000370
8705 0 0 -0.000343
8710 0 0 -0.000323
8715 0 0 -0.000310
8720 0 0 -0.000305
8725 0 0 -0.000304
8730 0 0 -0.000300
8735 0 0 -0.000289
8740 0 0 -0.000273
8745 0 0 -0.000260
8750 0 0 -0.000253
8755 0 0 -0.000250
8760 0 0 -0.000250
8765 0 0 -0.000250
8770 0 0 -0.000250
8775 0 0 -0.000250
8780 0 0 -0.000250
8785 0 0 -0.000253
8790 0 0 -0.000260
8795 0 0 -0.000272
8800 0 0 -0.000279
8805 0 0 -0.000270
8810 0 0 -0.000238
8815 0 0 -0.000198
8820 0 0 -0.000170
8825 0 0 -0.000169
8830 0 0 -0.000190
8835 0 0 -0.000220
8840 0 0 -0.000250
8845 0 0 -0.000269
8850 0 0 -0.000270
8855 0 0 -0.000247
8860 0 0 -0.000214
8865 0 0 -0.000190
8870 0 0 -0.000188
8875 0 0 -0.000202
8880 0 0 -0.000220
8885 0 0 -0.000233
8890 0 0 -0.000244
8895 0 0 -0.000260
8900 0 0 -0.000285
8905 0 0 -0.000322
8910 0 0 -0.000370
8915 0 0 -0.000429
8920 0 0 -0.000489
8925 0 0 -0.000540
8930 0 0 -0.000573
8935 0 0 -0.000584
8940 0 0 -0.000570
8945 0 0 -0.000532
8950 0 0 -0.000484
8955 0 0 -0.000440
8960 0 0 -0.000413
8965 0 0 -0.000394
8970 0 0 -0.000370
8975 0 0 -0.000333
8980 0 0 -0.000294
8985 0 0 -0.000270
8990 0 0 -0.000273
8995 0 0 -0.000295
9000 0 0 -0.000320
9005 0 0 -0.000338
9010 0 0 -0.000349
9015 0 0 -0.000360
9020 0 0 -0.000372
9025 0 0 -0.000376
9030 0 0 -0.000360
9035 0 0 -0.000319
9040 0 0 -0.000273
9045 0 0 -0.000250
9050 0 0 -0.000267
9055 0 0 -0.000306
9060 0 0 -0.000340
9065 0 0 -0.000348
9070 0 0 -0.000339
9075 0 0 -0.000330
9080 0 0 -0.000332
9085 0 0 -0.000335
9090 0 0 -0.000320
9095 0 0 -0.000279
9100 0 0 -0.000230
9105 0 0 -0.000200
9110 0 0 -0.000206
9115 0 0 -0.000234
9120 0 0 -0.000260
9125 0 0 -0.000265
9130 0 0 -0.000253
9135 0 0 -0.000230
9140 0 0 -0.000205
9145 0 0 -0.000185
9150 0 0 -0.000180
9155 0 0 -0.000195
9160 0 0 -0.000222
9165 0 0 -0.000250
9170 0 0 -0.000270
9175 0 0 -0.000282
9180 0 0 -0.000290
9185 0 0 -0.000296
9190 0 0 -0.000307
9195 0 0 -0.000330
9200 0 0 -0.000368
9205 0 0 -0.000408
9210 0 0 -0.000430
9215 0 0 -0.000423
9220 0 0 -0.000400
9225 0 0 -0.000380
9230 0 0 -0.000379
9235 0 0 -0.000400
9240 0 0 -0.000440
9245 0 0 -0.000496
9250 0 0 -0.000552
9255 0 0 -0.000590
9260 0 0 -0.000596
9265 0 0 -0.000576
9270 0 0 -0.000540
9275 0 0 -0.000498
9280 0 0 -0.000457
9285 0 0 -0.000420
9290 0 0 -0.000394
9295 0 0 -0.000388
9300 0 0 -0.000410
9305 0 0 -0.000463
9310 0 0 -0.000515
9315 0 0 -0.000530
9320 0 0 -0.000483
9325 0 0 -0.000402
9330 0 0 -0.000330
9335 0 0 -0.000299
9340 0 0 -0.000300
9345 0 0 -0.000310
9350 0 0 -0.000314
9355 0 0 -0.000313
9360 0 0 -0.000310
9365 0 0 -0.000310
9370 0 0 -0.000319
9375 0 0 -0.000340
9380 0 0 -0.000376
9385 0 0 -0.000417
9390 0 0 -0.000450
9395 0 0 -0.000467
9400 0 0 -0.000473
9405 0 0 -0.000480
9410 0 0 -0.000494
9415 0 0 -0.000511
9420 0 0 -0.000520
9425 0 0 -0.000515
9430 0 0 -0.000497
9435 0 0 -0.000470
9440 0 0 -0.000437
9445 0 0 -0.000404
9450 0 0 -0.000380
9455 0 0 -0.000369
9460 0 0 -0.000368
9465 0 0 -0.000370
9470 0 0 -0.000369
9475 0 0 -0.000366
9480 0 0 -0.000360
9485 0 0 -0.000354
9490 0 0 -0.000352
9495 0 0 -0.000360
9500 0 0 -0.000377
9505 0 0 -0.000385
9510 0 0 -0.000360
9515 0 0 -0.000293
9520 0 0 -0.000239
9525 0 0 -0.000270
9530 0 0 -0.000425
9535 0 0 -0.000615
9540 0 0 -0.000720
9545 0 0 -0.000662
9550 0 0 -0.000526
9555 0 0 -0.000440
9560 0 0 -0.000491
9565 0 0 -0.000616
9570 0 0 -0.000710
9575 0 0 -0.000697
9580 0 0 -0.000603
9585 0 0 -0.000480
9590 0 0 -0.000371
9595 0 0 -0.000287
9600 0 0 -0.000230
9605 0 0 -0.000201
9610 0 0 -0.000196
9615 0 0 -0.000210
9620 0 0 -0.000238
9625 0 0 -0.000268
9630 0 0 -0.000290
9635 0 0 -0.000315
9640 0 0 -0.000443
9645 0 0 -0.000800
9650 0 0 -0.001437
9655 0 0 -0.002125
9660 0 0 -0.002560
9665 0 0 -0.002534
9670 0 0 -0.002210
9675 0 0 -0.001840
9680 0 0 -0.001619
9685 0 0 -0.001491
9690 0 0 -0.001340
9695 0 0 -0.001087
9700 0 0 -0.000796
9705 0 0 -0.000570
9710 0 0 -0.000483
9715 0 0 -0.000495
9720 0 0 -0.000540
9725 0 0 -0.000565
9730 0 0 -0.000573
9735 0 0 -0.000580
9740 0 0 -0.000599
9745 0 0 -0.000617
9750 0 0 -0.000620
9755 0 0 -0.000596
9760 0 0 -0.000559
9765 0 0 -0.000530
9770 0 0 -0.000523
9775 0 0 -0.000531
9780 0 0 -0.000540
9785 0 0 -0.000540
9790 0 0 -0.000527
9795 0 0 -0.000500
9800 0 0 -0.000461
9805 0 0 -0.000425
9810 0 0 -0.000410
9815 0 0 -0.000429
9820 0 0 -0.000469
9825 0 0 -0.000510
9830 0 0 -0.000536
9835 0 0 -0.000540
9840 0 0 -0.000520
9845 0 0 -0.000475
9850 0 0 -0.000414
9855 0 0 -0.000350
9860 0 0 -0.000294
9865 0 0 -0.000259
9870 0 0 -0.000260
9875 0 0 -0.000303
9880 0 0 -0.000368
9885 0 0 -0.000430
9890 0 0 -0.000468
9895 0 0 -0.000480
9900 0 0 -0.000470
9905 0 0 -0.000442
9910 0 0 -0.000408
9915 0 0 -0.000380
9920 0 0 -0.000369
9925 0 0 -0.000377
9930 0 0 -0.000400
9935 0 0 -0.000435
9940 0 0 -0.000465
9945 0 0 -0.000470
9950 0 0 -0.000439
9955 0 0 -0.000393
9960 0 0 -0.000360
9965 0 0 -0.000361
9970 0 0 -0.000384
9975 0 0 -0.000410
9980 0 0 -0.000426
9985 0 0 -0.000440
9990 0 0 -0.000470
9995 0 0 -0.000521
10000 0 0 -0.000567
10005 0 0 -0.000570
10010 0 0 -0.000512
10015 0 0 -0.000448
10020 0 0 -0.000450
10025 0 0 -0.000561
10030 0 0 -0.000711
10035 0 0 -0.000800
10040 0 0 -0.000759
10045 0 0 -0.000642
10050 0 0 -0.000530
10055 0 0 -0.000488
10060 0 0 -0.000502
10065 0 0 -0.000540
10070 0 0 -0.000569
10075 0 0 -0.000557
