0 0 0 -0.000200
5 0 0 -0.000200
10 0 0 -0.000205
15 0 0 -0.000210
20 0 0 -0.000210
25 0 0 -0.000202
30 0 0 -0.000180
35 0 0 -0.000144
40 0 0 -0.000108
45 0 0 -0.000090
50 0 0 -0.000103
55 0 0 -0.000133
60 0 0 -0.000160
65 0 0 -0.000170
70 0 0 -0.000167
75 0 0 -0.000160
80 0 0 -0.000155
85 0 0 -0.000149
90 0 0 -0.000140
95 0 0 -0.000125
100 0 0 -0.000115
105 0 0 -0.000120
110 0 0 -0.000148
115 0 0 -0.000187
120 0 0 -0.000220
125 0 0 -0.000234
130 0 0 -0.000230
135 0 0 -0.000210
140 0 0 -0.000179
145 0 0 -0.000149
150 0 0 -0.000130
155 0 0 -0.000132
160 0 0 -0.000148
165 0 0 -0.000170
170 0 0 -0.000188
175 0 0 -0.000194
180 0 0 -0.000180
185 0 0 -0.000144
190 0 0 -0.000103
195 0 0 -0.000080
200 0 0 -0.000090
205 0 0 -0.000123
210 0 0 -0.000160
215 0 0 -0.000186
220 0 0 -0.000197
225 0 0 -0.000190
230 0 0 -0.000167
235 0 0 -0.000142
240 0 0 -0.000130
245 0 0 -0.000143
250 0 0 -0.000172
255 0 0 -0.000200
260 0 0 -0.000216
265 0 0 -0.000221
270 0 0 -0.000220
275 0 0 -0.000218
280 0 0 -0.000215
285 0 0 -0.000210
290 0 0 -0.000202
295 0 0 -0.000192
300 0 0 -0.000180
305 0 0 -0.000166
310 0 0 -0.000149
315 0 0 -0.000130
320 0 0 -0.000110
325 0 0 -0.000097
330 0 0 -0.000100
335 0 0 -0.000124
340 0 0 -0.000155
345 0 0 -0.000170
350 0 0 -0.000157
355 0 0 -0.000130
360 0 0 -0.000110
365 0 0 -0.000113
370 0 0 -0.000133
375 0 0 -0.000160
380 0 0 -0.000184
385 0 0 -0.000196
390 0 0 -0.000190
395 0 0 -0.000162
400 0 0 -0.000131
405 0 0 -0.000120
410 0 0 -0.000144
415 0 0 -0.000181
420 0 0 -0.000200
425 0 0 -0.000181
430 0 0 -0.000139
435 0 0 -0.000100
440 0 0 -0.000085
445 0 0 -0.000099
450 0 0 -0.000140
455 0 0 -0.000203
460 0 0 -0.000263
465 0 0 -0.000290
470 0 0 -0.000264
475 0 0 -0.000212
480 0 0 -0.000170
485 0 0 -0.000166
490 0 0 -0.000187
495 0 0 -0.000210
500 0 0 -0.000218
505 0 0 -0.000218
510 0 0 -0.000220
515 0 0 -0.000234
520 0 0 -0.000254
525 0 0 -0.000270
530 0 0 -0.000277
535 0 0 -0.000278
540 0 0 -0.000280
545 0 0 -0.000287
550 0 0 -0.000294
555 0 0 -0.000290
560 0 0 -0.000271
565 0 0 -0.000241
570 0 0 -0.000210
575 0 0 -0.000185
580 0 0 -0.000168
585 0 0 -0.000160
590 0 0 -0.000161
595 0 0 -0.000166
600 0 0 -0.000170
605 0 0 -0.000171
610 0 0 -0.000177
615 0 0 -0.000200
620 0 0 -0.000240
625 0 0 -0.000248
630 0 0 -0.000160
635 0 0 0.000032
640 0 0 0.000119
645 0 0 -0.000160
650 0 0 -0.000938
655 0 0 -0.001833
660 0 0 -0.002330
665 0 0 -0.002087
670 0 0 -0.001436
675 0 0 -0.000880
680 0 0 -0.000789
685 0 0 -0.001013
690 0 0 -0.001270
695 0 0 -0.001337
700 0 0 -0.001220
705 0 0 -0.000980
710 0 0 -0.000682
715 0 0 -0.000395
720 0 0 -0.000190
725 0 0 -0.000114
730 0 0 -0.000131
735 0 0 -0.000180
740 0 0 -0.000213
745 0 0 -0.000224
750 0 0 -0.000220
755 0 0 -0.000207
760 0 0 -0.000194
765 0 0 -0.000190
770 0 0 -0.000202
775 0 0 -0.000223
780 0 0 -0.000240
785 0 0 -0.000246
790 0 0 -0.000244
795 0 0 -0.000240
800 0 0 -0.000239
805 0 0 -0.000240
810 0 0 -0.000240
815 0 0 -0.000236
820 0 0 -0.000226
825 0 0 -0.000210
830 0 0 -0.000190
835 0 0 -0.000181
840 0 0 -0.000200
845 0 0 -0.000257
850 0 0 -0.000320
855 0 0 -0.000350
860 0 0 -0.000320
865 0 0 -0.000256
870 0 0 -0.000200
875 0 0 -0.000182
880 0 0 -0.000189
885 0 0 -0.000200
890 0 0 -0.000198
895 0 0 -0.000190
900 0 0 -0.000190
905 0 0 -0.000205
910 0 0 -0.000226
915 0 0 -0.000240
920 0 0 -0.000237
925 0 0 -0.000225
930 0 0 -0.000220
935 0 0 -0.000230
940 0 0 -0.000242
945 0 0 -0.000240
950 0 0 -0.000213
955 0 0 -0.000173
960 0 0 -0.000140
965 0 0 -0.000129
970 0 0 -0.000135
975 0 0 -0.000150
980 0 0 -0.000168
985 0 0 -0.000190
990 0 0 -0.000220
995 0 0 -0.000258
1000 0 0 -0.000287
1005 0 0 -0.000290
1010 0 0 -0.000256
1015 0 0 -0.000219
1020 0 0 -0.000220
1025 0 0 -0.000287
1030 0 0 -0.000381
1035 0 0 -0.000450
1040 0 0 -0.000456
1045 0 0 -0.000425
1050 0 0 -0.000400
1055 0 0 -0.000409
1060 0 0 -0.000419
1065 0 0 -0.000380
1070 0 0 -0.000277
1075 0 0 -0.000230
1080 0 0 -0.000390
1085 0 0 -0.000842
1090 0 0 -0.001395
1095 0 0 -0.001790
1100 0 0 -0.001838
1105 0 0 -0.001628
1110 0 0 -0.001320
1115 0 0 -0.001046
1120 0 0 -0.000831
1125 0 0 -0.000670
1130 0 0 -0.000559
1135 0 0 -0.000485
1140 0 0 -0.000430
1145 0 0 -0.000382
1150 0 0 -0.000339
1155 0 0 -0.000300
1160 0 0 -0.000266
1165 0 0 -0.000244
1170 0 0 -0.000240
1175 0 0 -0.000258
1180 0 0 -0.000284
1185 0 0 -0.000300
1190 0 0 -0.000293
1195 0 0 -0.000274
1200 0 0 -0.000260
1205 0 0 -0.000263
1210 0 0 -0.000282
1215 0 0 -0.000310
1220 0 0 -0.000341
1225 0 0 -0.000364
1230 0 0 -0.000370
1235 0 0 -0.000352
1240 0 0 -0.000321
1245 0 0 -0.000290
1250 0 0 -0.000270
1255 0 0 -0.000257
1260 0 0 -0.000240
1265 0 0 -0.000215
1270 0 0 -0.000194
1275 0 0 -0.000190
1280 0 0 -0.000213
1285 0 0 -0.000247
1290 0 0 -0.000270
1295 0 0 -0.000266
1300 0 0 -0.000244
1305 0 0 -0.000220
1310 0 0 -0.000206
1315 0 0 -0.000206
1320 0 0 -0.000220
1325 0 0 -0.000246
1330 0 0 -0.000272
1335 0 0 -0.000280
1340 0 0 -0.000261
1345 0 0 -0.000230
1350 0 0 -0.000210
1355 0 0 -0.000215
1360 0 0 -0.000232
1365 0 0 -0.000240
1370 0 0 -0.000225
1375 0 0 -0.000191
1380 0 0 -0.000150
1385 0 0 -0.000112
1390 0 0 -0.000089
1395 0 0 -0.000090
1400 0 0 -0.000121
1405 0 0 -0.000157
1410 0 0 -0.000170
1415 0 0 -0.000140
1420 0 0 -0.000094
1425 0 0 -0.000070
1430 0 0 -0.000095
1435 0 0 -0.000146
1440 0 0 -0.000190
1445 0 0 -0.000201
1450 0 0 -0.000185
1455 0 0 -0.000160
1460 0 0 -0.000139
1465 0 0 -0.000130
1470 0 0 -0.000140
1475 0 0 -0.000170
1480 0 0 -0.000198
1485 0 0 -0.000200
1490 0 0 -0.000159
1495 0 0 -0.000103
1500 0 0 -0.000070
1505 0 0 -0.000087
1510 0 0 -0.000129
1515 0 0 -0.000160
1520 0 0 -0.000154
1525 0 0 -0.000126
1530 0 0 -0.000100
1535 0 0 -0.000096
1540 0 0 -0.000107
1545 0 0 -0.000120
1550 0 0 -0.000125
1555 0 0 -0.000124
1560 0 0 -0.000120
1565 0 0 -0.000117
1570 0 0 -0.000122
1575 0 0 -0.000140
1580 0 0 -0.000173
1585 0 0 -0.000204
1590 0 0 -0.000210
1595 0 0 -0.000179
1600 0 0 -0.000135
1605 0 0 -0.000110
1610 0 0 -0.000125
1615 0 0 -0.000159
1620 0 0 -0.000180
1625 0 0 -0.000164
1630 0 0 -0.000127
1635 0 0 -0.000090
1640 0 0 -0.000074
1645 0 0 -0.000078
1650 0 0 -0.000100
1655 0 0 -0.000133
1660 0 0 -0.000165
1665 0 0 -0.000180
1670 0 0 -0.000168
1675 0 0 -0.000142
1680 0 0 -0.000120
1685 0 0 -0.000116
1690 0 0 -0.000128
1695 0 0 -0.000150
1700 0 0 -0.000177
1705 0 0 -0.000203
1710 0 0 -0.000220
1715 0 0 -0.000223
1720 0 0 -0.000213
1725 0 0 -0.000190
1730 0 0 -0.000158
1735 0 0 -0.000129
1740 0 0 -0.000120
1745 0 0 -0.000138
1750 0 0 -0.000166
1755 0 0 -0.000180
1760 0 0 -0.000162
1765 0 0 -0.000128
1770 0 0 -0.000100
1775 0 0 -0.000094
1780 0 0 -0.000105
1785 0 0 -0.000120
1790 0 0 -0.000129
1795 0 0 -0.000129
1800 0 0 -0.000120
1805 0 0 -0.000103
1810 0 0 -0.000089
1815 0 0 -0.000090
1820 0 0 -0.000113
1825 0 0 -0.000144
1830 0 0 -0.000160
1835 0 0 -0.000148
1840 0 0 -0.000127
1845 0 0 -0.000120
1850 0 0 -0.000144
1855 0 0 -0.000181
1860 0 0 -0.000200
1865 0 0 -0.000183
1870 0 0 -0.000148
1875 0 0 -0.000120
1880 0 0 -0.000119
1885 0 0 -0.000137
1890 0 0 -0.000160
1895 0 0 -0.000177
1900 0 0 -0.000194
1905 0 0 -0.000220
1910 0 0 -0.000259
1915 0 0 -0.000296
1920 0 0 -0.000310
1925 0 0 -0.000289
1930 0 0 -0.000245
1935 0 0 -0.000200
1940 0 0 -0.000171
1945 0 0 -0.000161
1950 0 0 -0.000170
1955 0 0 -0.000195
1960 0 0 -0.000222
1965 0 0 -0.000230
1970 0 0 -0.000210
1975 0 0 -0.000180
1980 0 0 -0.000170
1985 0 0 -0.000197
1990 0 0 -0.000248
1995 0 0 -0.000300
2000 0 0 -0.000332
2005 0 0 -0.000335
2010 0 0 -0.000300
2015 0 0 -0.000228
2020 0 0 -0.000147
2025 0 0 -0.000090
2030 0 0 -0.000083
2035 0 0 -0.000109
2040 0 0 -0.000140
2045 0 0 -0.000155
2050 0 0 -0.000154
2055 0 0 -0.000140
2060 0 0 -0.000121
2065 0 0 -0.000107
2070 0 0 -0.000110
2075 0 0 -0.000137
2080 0 0 -0.000169
2085 0 0 -0.000180
2090 0 0 -0.000155
2095 0 0 -0.000120
2100 0 0 -0.000110
2105 0 0 -0.000148
2110 0 0 -0.000210
2115 0 0 -0.000260
2120 0 0 -0.000270
2125 0 0 -0.000245
2130 0 0 -0.000200
2135 0 0 -0.000154
2140 0 0 -0.000151
2145 0 0 -0.000240
2150 0 0 -0.000440
2155 0 0 -0.000651
2160 0 0 -0.000740
2165 0 0 -0.000623
2170 0 0 -0.000395
2175 0 0 -0.000200
2180 0 0 -0.000142
2185 0 0 -0.000181
2190 0 0 -0.000240
2195 0 0 -0.000258
2200 0 0 -0.000244
2205 0 0 -0.000220
2210 0 0 -0.000207
2215 0 0 -0.000204
2220 0 0 -0.000210
2225 0 0 -0.000219
2230 0 0 -0.000225
2235 0 0 -0.000220
2240 0 0 -0.000202
2245 0 0 -0.000183
2250 0 0 -0.000180
2255 0 0 -0.000203
2260 0 0 -0.000239
2265 0 0 -0.000270
2270 0 0 -0.000280
2275 0 0 -0.000269
2280 0 0 -0.000240
2285 0 0 -0.000197
2290 0 0 -0.000158
2295 0 0 -0.000140
2300 0 0 -0.000155
2305 0 0 -0.000184
2310 0 0 -0.000200
2315 0 0 -0.000186
2320 0 0 -0.000170
2325 0 0 -0.000190
2330 0 0 -0.000272
2335 0 0 -0.000386
2340 0 0 -0.000490
2345 0 0 -0.000550
2350 0 0 -0.000574
2355 0 0 -0.000580
2360 0 0 -0.000583
2365 0 0 -0.000578
2370 0 0 -0.000560
2375 0 0 -0.000523
2380 0 0 -0.000476
2385 0 0 -0.000430
2390 0 0 -0.000394
2395 0 0 -0.000370
2400 0 0 -0.000360
2405 0 0 -0.000360
2410 0 0 -0.000356
2415 0 0 -0.000330
2420 0 0 -0.000272
2425 0 0 -0.000208
2430 0 0 -0.000170
2435 0 0 -0.000182
2440 0 0 -0.000226
2445 0 0 -0.000270
2450 0 0 -0.000292
2455 0 0 -0.000293
2460 0 0 -0.000280
2465 0 0 -0.000258
2470 0 0 -0.000224
2475 0 0 -0.000170
2480 0 0 -0.000107
2485 0 0 -0.000110
2490 0 0 -0.000270
2495 0 0 -0.000630
2500 0 0 -0.001042
2505 0 0 -0.001310
2510 0 0 -0.001294
2515 0 0 -0.001080
2520 0 0 -0.000810
2525 0 0 -0.000602
2530 0 0 -0.000475
2535 0 0 -0.000420
2540 0 0 -0.000426
2545 0 0 -0.000459
2550 0 0 -0.000480
2555 0 0 -0.000459
2560 0 0 -0.000409
2565 0 0 -0.000350
2570 0 0 -0.000304
2575 0 0 -0.000286
2580 0 0 -0.000310
2585 0 0 -0.000379
2590 0 0 -0.000450
2595 0 0 -0.000470
2600 0 0 -0.000405
2605 0 0 -0.000302
2610 0 0 -0.000230
2615 0 0 -0.000236
2620 0 0 -0.000287
2625 0 0 -0.000330
2630 0 0 -0.000327
2635 0 0 -0.000301
2640 0 0 -0.000290
2645 0 0 -0.000321
2650 0 0 -0.000372
2655 0 0 -0.000410
2660 0 0 -0.000411
2665 0 0 -0.000393
2670 0 0 -0.000380
2675 0 0 -0.000392
2680 0 0 -0.000418
2685 0 0 -0.000440
2690 0 0 -0.000443
2695 0 0 -0.000431
2700 0 0 -0.000410
2705 0 0 -0.000386
2710 0 0 -0.000362
2715 0 0 -0.000340
2720 0 0 -0.000322
2725 0 0 -0.000313
2730 0 0 -0.000320
2735 0 0 -0.000344
2740 0 0 -0.000372
2745 0 0 -0.000390
2750 0 0 -0.000385
2755 0 0 -0.000364
2760 0 0 -0.000340
2765 0 0 -0.000321
2770 0 0 -0.000311
2775 0 0 -0.000310
2780 0 0 -0.000316
2785 0 0 -0.000318
2790 0 0 -0.000300
2795 0 0 -0.000255
2800 0 0 -0.000200
2805 0 0 -0.000160
2810 0 0 -0.000151
2815 0 0 -0.000166
2820 0 0 -0.000190
2825 0 0 -0.000209
2830 0 0 -0.000215
2835 0 0 -0.000200
2840 0 0 -0.000161
2845 0 0 -0.000116
2850 0 0 -0.000090
2855 0 0 -0.000099
2860 0 0 -0.000129
2865 0 0 -0.000160
2870 0 0 -0.000175
2875 0 0 -0.000171
2880 0 0 -0.000150
2885 0 0 -0.000115
2890 0 0 -0.000085
2895 0 0 -0.000080
2900 0 0 -0.000113
2905 0 0 -0.000163
2910 0 0 -0.000200
2915 0 0 -0.000201
2920 0 0 -0.000178
2925 0 0 -0.000150
2930 0 0 -0.000134
2935 0 0 -0.000133
2940 0 0 -0.000150
2945 0 0 -0.000181
2950 0 0 -0.000208
2955 0 0 -0.000210
2960 0 0 -0.000175
2965 0 0 -0.000124
2970 0 0 -0.000090
2975 0 0 -0.000094
2980 0 0 -0.000122
2985 0 0 -0.000150
2990 0 0 -0.000159
2995 0 0 -0.000150
3000 0 0 -0.000130
3005 0 0 -0.000105
3010 0 0 -0.000088
3015 0 0 -0.000090
3020 0 0 -0.000118
3025 0 0 -0.000153
3030 0 0 -0.000170
3035 0 0 -0.000152
3040 0 0 -0.000119
3045 0 0 -0.000100
3050 0 0 -0.000114
3055 0 0 -0.000148
3060 0 0 -0.000180
3065 0 0 -0.000193
3070 0 0 -0.000188
3075 0 0 -0.000170
3080 0 0 -0.000146
3085 0 0 -0.000128
3090 0 0 -0.000130
3095 0 0 -0.000159
3100 0 0 -0.000195
3105 0 0 -0.000210
3110 0 0 -0.000186
3115 0 0 -0.000144
3120 0 0 -0.000110
3125 0 0 -0.000107
3130 0 0 -0.000126
3135 0 0 -0.000150
3140 0 0 -0.000166
3145 0 0 -0.000175
3150 0 0 -0.000180
3155 0 0 -0.000183
3160 0 0 -0.000181
3165 0 0 -0.000170
3170 0 0 -0.000148
3175 0 0 -0.000124
3180 0 0 -0.000110
3185 0 0 -0.000114
3190 0 0 -0.000133
3195 0 0 -0.000160
3200 0 0 -0.000188
3205 0 0 -0.000205
3210 0 0 -0.000200
3215 0 0 -0.000168
3220 0 0 -0.000129
3225 0 0 -0.000110
3230 0 0 -0.000128
3235 0 0 -0.000162
3240 0 0 -0.000180
3245 0 0 -0.000161
3250 0 0 -0.000121
3255 0 0 -0.000090
3260 0 0 -0.000086
3265 0 0 -0.000102
3270 0 0 -0.000120
3275 0 0 -0.000128
3280 0 0 -0.000127
3285 0 0 -0.000120
3290 0 0 -0.000111
3295 0 0 -0.000104
3300 0 0 -0.000100
3305 0 0 -0.000104
3310 0 0 -0.000124
3315 0 0 -0.000170
3320 0 0 -0.000245
3325 0 0 -0.000326
3330 0 0 -0.000380
3335 0 0 -0.000387
3340 0 0 -0.000362
3345 0 0 -0.000330
3350 0 0 -0.000311
3355 0 0 -0.000301
3360 0 0 -0.000290
3365 0 0 -0.000272
3370 0 0 -0.000252
3375 0 0 -0.000240
3380 0 0 -0.000242
3385 0 0 -0.000252
3390 0 0 -0.000260
3395 0 0 -0.000259
3400 0 0 -0.000249
3405 0 0 -0.000230
3410 0 0 -0.000205
3415 0 0 -0.000180
3420 0 0 -0.000160
3425 0 0 -0.000151
3430 0 0 -0.000146
3435 0 0 -0.000140
3440 0 0 -0.000127
3445 0 0 -0.000119
3450 0 0 -0.000130
3455 0 0 -0.000166
3460 0 0 -0.000209
3465 0 0 -0.000230
3470 0 0 -0.000213
3475 0 0 -0.000179
3480 0 0 -0.000160
3485 0 0 -0.000176
3490 0 0 -0.000212
3495 0 0 -0.000240
3500 0 0 -0.000241
3505 0 0 -0.000221
3510 0 0 -0.000190
3515 0 0 -0.000160
3520 0 0 -0.000138
3525 0 0 -0.000130
3530 0 0 -0.000141
3535 0 0 -0.000169
3540 0 0 -0.000210
3545 0 0 -0.000256
3550 0 0 -0.000285
3555 0 0 -0.000270
3560 0 0 -0.000200
3565 0 0 -0.000128
3570 0 0 -0.000120
3575 0 0 -0.000219
3580 0 0 -0.000362
3585 0 0 -0.000460
3590 0 0 -0.000449
3595 0 0 -0.000363
3600 0 0 -0.000260
3605 0 0 -0.000192
3610 0 0 -0.000181
3615 0 0 -0.000240
3620 0 0 -0.000369
3625 0 0 -0.000502
3630 0 0 -0.000560
3635 0 0 -0.000489
3640 0 0 -0.000347
3645 0 0 -0.000220
3650 0 0 -0.000173
3655 0 0 -0.000179
3660 0 0 -0.000190
3665 0 0 -0.000171
3670 0 0 -0.000135
3675 0 0 -0.000110
3680 0 0 -0.000115
3685 0 0 -0.000140
3690 0 0 -0.000170
3695 0 0 -0.000190
3700 0 0 -0.000200
3705 0 0 -0.000200
3710 0 0 -0.000193
3715 0 0 -0.000182
3720 0 0 -0.000170
3725 0 0 -0.000161
3730 0 0 -0.000159
3735 0 0 -0.000170
3740 0 0 -0.000195
3745 0 0 -0.000222
3750 0 0 -0.000240
3755 0 0 -0.000237
3760 0 0 -0.000218
3765 0 0 -0.000190
3770 0 0 -0.000161
3775 0 0 -0.000139
3780 0 0 -0.000130
3785 0 0 -0.000140
3790 0 0 -0.000167
3795 0 0 -0.000210
3800 0 0 -0.000262
3805 0 0 -0.000305
3810 0 0 -0.000320
3815 0 0 -0.000293
3820 0 0 -0.000244
3825 0 0 -0.000200
3830 0 0 -0.000181
3835 0 0 -0.000185
3840 0 0 -0.000200
3845 0 0 -0.000220
3850 0 0 -0.000248
3855 0 0 -0.000290
3860 0 0 -0.000349
3865 0 0 -0.000408
3870 0 0 -0.000450
3875 0 0 -0.000460
3880 0 0 -0.000445
3885 0 0 -0.000420
3890 0 0 -0.000396
3895 0 0 -0.000375
3900 0 0 -0.000360
3905 0 0 -0.000349
3910 0 0 -0.000338
3915 0 0 -0.000320
3920 0 0 -0.000294
3925 0 0 -0.000281
3930 0 0 -0.000310
3935 0 0 -0.000394
3940 0 0 -0.000494
3945 0 0 -0.000560
3950 0 0 -0.000557
3955 0 0 -0.000520
3960 0 0 -0.000500
3965 0 0 -0.000532
3970 0 0 -0.000584
3975 0 0 -0.000610
3980 0 0 -0.000576
3985 0 0 -0.000511
3990 0 0 -0.000460
3995 0 0 -0.000453
4000 0 0 -0.000468
4005 0 0 -0.000470
4010 0 0 -0.000437
4015 0 0 -0.000392
4020 0 0 -0.000370
4025 0 0 -0.000395
4030 0 0 -0.000441
4035 0 0 -0.000470
4040 0 0 -0.000453
4045 0 0 -0.000403
4050 0 0 -0.000340
4055 0 0 -0.000285
4060 0 0 -0.000249
4065 0 0 -0.000240
4070 0 0 -0.000264
4075 0 0 -0.000306
4080 0 0 -0.000350
4085 0 0 -0.000381
4090 0 0 -0.000399
4095 0 0 -0.000410
4100 0 0 -0.000417
4105 0 0 -0.000418
4110 0 0 -0.000410
4115 0 0 -0.000393
4120 0 0 -0.000373
4125 0 0 -0.000360
4130 0 0 -0.000358
4135 0 0 -0.000359
4140 0 0 -0.000350
4145 0 0 -0.000323
4150 0 0 -0.000293
4155 0 0 -0.000280
4160 0 0 -0.000296
4165 0 0 -0.000327
4170 0 0 -0.000350
4175 0 0 -0.000350
4180 0 0 -0.000332
4185 0 0 -0.000310
4190 0 0 -0.000293
4195 0 0 -0.000281
4200 0 0 -0.000270
4205 0 0 -0.000260
4210 0 0 -0.000258
4215 0 0 -0.000270
4220 0 0 -0.000300
4225 0 0 -0.000323
4230 0 0 -0.000310
4235 0 0 -0.000244
4240 0 0 -0.000159
4245 0 0 -0.000100
4250 0 0 -0.000100
4255 0 0 -0.000141
4260 0 0 -0.000190
4265 0 0 -0.000220
4270 0 0 -0.000227
4275 0 0 -0.000210
4280 0 0 -0.000174
4285 0 0 -0.000136
4290 0 0 -0.000120
4295 0 0 -0.000138
4300 0 0 -0.000174
4305 0 0 -0.000200
4310 0 0 -0.000198
4315 0 0 -0.000173
4320 0 0 -0.000140
4325 0 0 -0.000110
4330 0 0 -0.000094
4335 0 0 -0.000100
4340 0 0 -0.000132
4345 0 0 -0.000167
4350 0 0 -0.000180
4355 0 0 -0.000152
4360 0 0 -0.000105
4365 0 0 -0.000070
4370 0 0 -0.000071
4375 0 0 -0.000097
4380 0 0 -0.000130
4385 0 0 -0.000154
4390 0 0 -0.000165
4395 0 0 -0.000160
4400 0 0 -0.000140
4405 0 0 -0.000120
4410 0 0 -0.000120
4415 0 0 -0.000150
4420 0 0 -0.000193
4425 0 0 -0.000220
4430 0 0 -0.000214
4435 0 0 -0.000184
4440 0 0 -0.000150
4445 0 0 -0.000126
4450 0 0 -0.000116
4455 0 0 -0.000120
4460 0 0 -0.000136
4465 0 0 -0.000151
4470 0 0 -0.000150
4475 0 0 -0.000125
4480 0 0 -0.000093
4485 0 0 -0.000080
4490 0 0 -0.000100
4495 0 0 -0.000136
4500 0 0 -0.000160
4505 0 0 -0.000153
4510 0 0 -0.000126
4515 0 0 -0.000100
4520 0 0 -0.000090
4525 0 0 -0.000100
4530 0 0 -0.000130
4535 0 0 -0.000176
4540 0 0 -0.000219
4545 0 0 -0.000240
4550 0 0 -0.000224
4555 0 0 -0.000189
4560 0 0 -0.000160
4565 0 0 -0.000157
4570 0 0 -0.000172
4575 0 0 -0.000190
4580 0 0 -0.000200
4585 0 0 -0.000203
4590 0 0 -0.000200
4595 0 0 -0.000194
4600 0 0 -0.000182
4605 0 0 -0.000160
4610 0 0 -0.000126
4615 0 0 -0.000094
4620 0 0 -0.000080
4625 0 0 -0.000094
4630 0 0 -0.000124
4635 0 0 -0.000150
4640 0 0 -0.000159
4645 0 0 -0.000150
4650 0 0 -0.000130
4655 0 0 -0.000104
4660 0 0 -0.000089
4665 0 0 -0.000100
4670 0 0 -0.000147
4675 0 0 -0.000199
4680 0 0 -0.000220
4685 0 0 -0.000188
4690 0 0 -0.000152
4695 0 0 -0.000180
4700 0 0 -0.000311
4705 0 0 -0.000482
4710 0 0 -0.000600
4715 0 0 -0.000601
4720 0 0 -0.000518
4725 0 0 -0.000410
4730 0 0 -0.000326
4735 0 0 -0.000274
4740 0 0 -0.000250
4745 0 0 -0.000249
4750 0 0 -0.000255
4755 0 0 -0.000250
4760 0 0 -0.000222
4765 0 0 -0.000184
4770 0 0 -0.000160
4775 0 0 -0.000163
4780 0 0 -0.000182
4785 0 0 -0.000200
4790 0 0 -0.000205
4795 0 0 -0.000212
4800 0 0 -0.000240
4805 0 0 -0.000301
4810 0 0 -0.000371
4815 0 0 -0.000420
4820 0 0 -0.000425
4825 0 0 -0.000401
4830 0 0 -0.000370
4835 0 0 -0.000349
4840 0 0 -0.000333
4845 0 0 -0.000310
4850 0 0 -0.000275
4855 0 0 -0.000244
4860 0 0 -0.000240
4865 0 0 -0.000274
4870 0 0 -0.000320
4875 0 0 -0.000340
4880 0 0 -0.000309
4885 0 0 -0.000251
4890 0 0 -0.000200
4895 0 0 -0.000183
4900 0 0 -0.000193
4905 0 0 -0.000210
4910 0 0 -0.000221
4915 0 0 -0.000219
4920 0 0 -0.000200
4925 0 0 -0.000166
4930 0 0 -0.000135
4935 0 0 -0.000130
4940 0 0 -0.000165
4945 0 0 -0.000214
4950 0 0 -0.000240
4955 0 0 -0.000219
4960 0 0 -0.000175
4965 0 0 -0.000140
4970 0 0 -0.000141
4975 0 0 -0.000165
4980 0 0 -0.000190
4985 0 0 -0.000199
4990 0 0 -0.000191
4995 0 0 -0.000170
5000 0 0 -0.000141
5005 0 0 -0.000114
5010 0 0 -0.000100
5015 0 0 -0.000109
5020 0 0 -0.000145
5025 0 0 -0.000210
5030 0 0 -0.000303
5035 0 0 -0.000399
5040 0 0 -0.000470
5045 0 0 -0.000494
5050 0 0 -0.000474
5055 0 0 -0.000420
5060 0 0 -0.000345
5065 0 0 -0.000270
5070 0 0 -0.000220
5075 0 0 -0.000210
5080 0 0 -0.000227
5085 0 0 -0.000250
5090 0 0 -0.000260
5095 0 0 -0.000257
5100 0 0 -0.000240
5105 0 0 -0.000214
5110 0 0 -0.000184
5115 0 0 -0.000160
5120 0 0 -0.000147
5125 0 0 -0.000148
5130 0 0 -0.000160
5135 0 0 -0.000182
5140 0 0 -0.000200
5145 0 0 -0.000200
5150 0 0 -0.000172
5155 0 0 -0.000134
5160 0 0 -0.000110
5165 0 0 -0.000118
5170 0 0 -0.000147
5175 0 0 -0.000180
5180 0 0 -0.000202
5185 0 0 -0.000206
5190 0 0 -0.000190
5195 0 0 -0.000154
5200 0 0 -0.000119
5205 0 0 -0.000110
5210 0 0 -0.000144
5215 0 0 -0.000198
5220 0 0 -0.000240
5225 0 0 -0.000245
5230 0 0 -0.000219
5235 0 0 -0.000180
5240 0 0 -0.000143
5245 0 0 -0.000132
5250 0 0 -0.000170
5255 0 0 -0.000266
5260 0 0 -0.000369
5265 0 0 -0.000410
5270 0 0 -0.000346
5275 0 0 -0.000228
5280 0 0 -0.000130
5285 0 0 -0.000107
5290 0 0 -0.000135
5295 0 0 -0.000170
5300 0 0 -0.000179
5305 0 0 -0.000179
5310 0 0 -0.000200
5315 0 0 -0.000260
5320 0 0 -0.000338
5325 0 0 -0.000400
5330 0 0 -0.000429
5335 0 0 -0.000462
5340 0 0 -0.000550
5345 0 0 -0.000722
5350 0 0 -0.000914
5355 0 0 -0.001040
5360 0 0 -0.001036
5365 0 0 -0.000937
5370 0 0 -0.000800
5375 0 0 -0.000673
5380 0 0 -0.000561
5385 0 0 -0.000460
5390 0 0 -0.000369
5395 0 0 -0.000302
5400 0 0 -0.000280
5405 0 0 -0.000314
5410 0 0 -0.000390
5415 0 0 -0.000490
5420 0 0 -0.000591
5425 0 0 -0.000664
5430 0 0 -0.000680
5435 0 0 -0.000622
5440 0 0 -0.000528
5445 0 0 -0.000450
5450 0 0 -0.000427
5455 0 0 -0.000441
5460 0 0 -0.000460
5465 0 0 -0.000459
5470 0 0 -0.000440
5475 0 0 -0.000410
5480 0 0 -0.000378
5485 0 0 -0.000349
5490 0 0 -0.000330
5495 0 0 -0.000324
5500 0 0 -0.000324
5505 0 0 -0.000320
5510 0 0 -0.000308
5515 0 0 -0.000296
5520 0 0 -0.000300
5525 0 0 -0.000326
5530 0 0 -0.000360
5535 0 0 -0.000380
5540 0 0 -0.000372
5545 0 0 -0.000346
5550 0 0 -0.000320
5555 0 0 -0.000306
5560 0 0 -0.000304
5565 0 0 -0.000310
5570 0 0 -0.000319
5575 0 0 -0.000322
5580 0 0 -0.000310
5585 0 0 -0.000277
5590 0 0 -0.000237
5595 0 0 -0.000210
5600 0 0 -0.000210
5605 0 0 -0.000233
5610 0 0 -0.000270
5615 0 0 -0.000312
5620 0 0 -0.000343
5625 0 0 -0.000350
5630 0 0 -0.000322
5635 0 0 -0.000275
5640 0 0 -0.000230
5645 0 0 -0.000202
5650 0 0 -0.000191
5655 0 0 -0.000190
5660 0 0 -0.000192
5665 0 0 -0.000189
5670 0 0 -0.000170
5675 0 0 -0.000133
5680 0 0 -0.000095
5685 0 0 -0.000080
5690 0 0 -0.000103
5695 0 0 -0.000143
5700 0 0 -0.000170
5705 0 0 -0.000161
5710 0 0 -0.000131
5715 0 0 -0.000100
5720 0 0 -0.000087
5725 0 0 -0.000091
5730 0 0 -0.000110
5735 0 0 -0.000138
5740 0 0 -0.000162
5745 0 0 -0.000170
5750 0 0 -0.000154
5755 0 0 -0.000130
5760 0 0 -0.000120
5765 0 0 -0.000140
5770 0 0 -0.000174
5775 0 0 -0.000200
5780 0 0 -0.000201
5785 0 0 -0.000184
5790 0 0 -0.000160
5795 0 0 -0.000140
5800 0 0 -0.000128
5805 0 0 -0.000130
5810 0 0 -0.000145
5815 0 0 -0.000161
5820 0 0 -0.000160
5825 0 0 -0.000132
5830 0 0 -0.000097
5835 0 0 -0.000080
5840 0 0 -0.000099
5845 0 0 -0.000135
5850 0 0 -0.000160
5855 0 0 -0.000154
5860 0 0 -0.000128
5865 0 0 -0.000100
5870 0 0 -0.000085
5875 0 0 -0.000088
5880 0 0 -0.000110
5885 0 0 -0.000148
5890 0 0 -0.000186
5895 0 0 -0.000200
5900 0 0 -0.000178
5905 0 0 -0.000142
5910 0 0 -0.000120
5915 0 0 -0.000133
5920 0 0 -0.000165
5925 0 0 -0.000190
5930 0 0 -0.000189
5935 0 0 -0.000168
5940 0 0 -0.000140
5945 0 0 -0.000117
5950 0 0 -0.000102
5955 0 0 -0.000100
5960 0 0 -0.000111
5965 0 0 -0.000127
5970 0 0 -0.000140
5975 0 0 -0.000141
5980 0 0 -0.000133
5985 0 0 -0.000120
5990 0 0 -0.000107
5995 0 0 -0.000098
6000 0 0 -0.000100
6005 0 0 -0.000116
6010 0 0 -0.000141
6015 0 0 -0.000170
6020 0 0 -0.000196
6025 0 0 -0.000217
6030 0 0 -0.000230
6035 0 0 -0.000233
6040 0 0 -0.000224
6045 0 0 -0.000200
6050 0 0 -0.000162
6055 0 0 -0.000125
6060 0 0 -0.000110
6065 0 0 -0.000128
6070 0 0 -0.000160
6075 0 0 -0.000180
6080 0 0 -0.000169
6085 0 0 -0.000140
6090 0 0 -0.000110
6095 0 0 -0.000096
6100 0 0 -0.000097
6105 0 0 -0.000110
6110 0 0 -0.000129
6115 0 0 -0.000143
6120 0 0 -0.000140
6125 0 0 -0.000114
6130 0 0 -0.000083
6135 0 0 -0.000070
6140 0 0 -0.000091
6145 0 0 -0.000130
6150 0 0 -0.000160
6155 0 0 -0.000164
6160 0 0 -0.000151
6165 0 0 -0.000140
6170 0 0 -0.000143
6175 0 0 -0.000156
6180 0 0 -0.000170
6185 0 0 -0.000178
6190 0 0 -0.000174
6195 0 0 -0.000150
6200 0 0 -0.000109
6205 0 0 -0.000085
6210 0 0 -0.000120
6215 0 0 -0.000234
6220 0 0 -0.000365
6225 0 0 -0.000430
6230 0 0 -0.000373
6235 0 0 -0.000254
6240 0 0 -0.000160
6245 0 0 -0.000154
6250 0 0 -0.000200
6255 0 0 -0.000240
6260 0 0 -0.000230
6265 0 0 -0.000191
6270 0 0 -0.000160
6275 0 0 -0.000164
6280 0 0 -0.000188
6285 0 0 -0.000210
6290 0 0 -0.000212
6295 0 0 -0.000203
6300 0 0 -0.000200
6305 0 0 -0.000213
6310 0 0 -0.000237
6315 0 0 -0.000260
6320 0 0 -0.000273
6325 0 0 -0.000274
6330 0 0 -0.000260
6335 0 0 -0.000233
6340 0 0 -0.000202
6345 0 0 -0.000180
6350 0 0 -0.000174
6355 0 0 -0.000180
6360 0 0 -0.000190
6365 0 0 -0.000197
6370 0 0 -0.000195
6375 0 0 -0.000180
6380 0 0 -0.000152
6385 0 0 -0.000129
6390 0 0 -0.000130
6395 0 0 -0.000168
6400 0 0 -0.000214
6405 0 0 -0.000230
6410 0 0 -0.000193
6415 0 0 -0.000139
6420 0 0 -0.000120
6425 0 0 -0.000172
6430 0 0 -0.000266
6435 0 0 -0.000360
6440 0 0 -0.000417
6445 0 0 -0.000436
6450 0 0 -0.000420
6455 0 0 -0.000379
6460 0 0 -0.000332
6465 0 0 -0.000300
6470 0 0 -0.000299
6475 0 0 -0.000310
6480 0 0 -0.000310
6485 0 0 -0.000281
6490 0 0 -0.000240
6495 0 0 -0.000210
6500 0 0 -0.000208
6505 0 0 -0.000224
6510 0 0 -0.000240
6515 0 0 -0.000244
6520 0 0 -0.000235
6525 0 0 -0.000220
6530 0 0 -0.000203
6535 0 0 -0.000190
6540 0 0 -0.000190
6545 0 0 -0.000206
6550 0 0 -0.000230
6555 0 0 -0.000250
6560 0 0 -0.000257
6565 0 0 -0.000258
6570 0 0 -0.000260
6575 0 0 -0.000270
6580 0 0 -0.000281
6585 0 0 -0.000280
6590 0 0 -0.000261
6595 0 0 -0.000231
6600 0 0 -0.000200
6605 0 0 -0.000178
6610 0 0 -0.000170
6615 0 0 -0.000180
6620 0 0 -0.000207
6625 0 0 -0.000237
6630 0 0 -0.000250
6635 0 0 -0.000233
6640 0 0 -0.000200
6645 0 0 -0.000170
6650 0 0 -0.000161
6655 0 0 -0.000177
6660 0 0 -0.000220
6665 0 0 -0.000287
6670 0 0 -0.000354
6675 0 0 -0.000390
6680 0 0 -0.000376
6685 0 0 -0.000332
6690 0 0 -0.000290
6695 0 0 -0.000277
6700 0 0 -0.000302
6705 0 0 -0.000370
6710 0 0 -0.000478
6715 0 0 -0.000597
6720 0 0 -0.000690
6725 0 0 -0.000728
6730 0 0 -0.000720
6735 0 0 -0.000680
6740 0 0 -0.000625
6745 0 0 -0.000567
6750 0 0 -0.000520
6755 0 0 -0.000491
6760 0 0 -0.000467
6765 0 0 -0.000430
6770 0 0 -0.000370
6775 0 0 -0.000305
6780 0 0 -0.000260
6785 0 0 -0.000254
6790 0 0 -0.000283
6795 0 0 -0.000340
6800 0 0 -0.000413
6805 0 0 -0.000486
6810 0 0 -0.000540
6815 0 0 -0.000561
6820 0 0 -0.000547
6825 0 0 -0.000500
6830 0 0 -0.000426
6835 0 0 -0.000352
6840 0 0 -0.000310
6845 0 0 -0.000321
6850 0 0 -0.000360
6855 0 0 -0.000390
6860 0 0 -0.000384
6865 0 0 -0.000356
6870 0 0 -0.000330
6875 0 0 -0.000324
6880 0 0 -0.000329
6885 0 0 -0.000330
6890 0 0 -0.000317
6895 0 0 -0.000302
6900 0 0 -0.000300
6905 0 0 -0.000322
6910 0 0 -0.000350
6915 0 0 -0.000360
6920 0 0 -0.000336
6925 0 0 -0.000297
6930 0 0 -0.000270
6935 0 0 -0.000274
6940 0 0 -0.000295
6945 0 0 -0.000310
6950 0 0 -0.000304
6955 0 0 -0.000290
6960 0 0 -0.000290
6965 0 0 -0.000317
6970 0 0 -0.000354
6975 0 0 -0.000380
6980 0 0 -0.000378
6985 0 0 -0.000358
6990 0 0 -0.000340
6995 0 0 -0.000335
7000 0 0 -0.000333
7005 0 0 -0.000320
7010 0 0 -0.000286
7015 0 0 -0.000246
7020 0 0 -0.000220
7025 0 0 -0.000223
7030 0 0 -0.000242
7035 0 0 -0.000260
7040 0 0 -0.000263
7045 0 0 -0.000254
7050 0 0 -0.000240
7055 0 0 -0.000229
7060 0 0 -0.000224
7065 0 0 -0.000230
7070 0 0 -0.000247
7075 0 0 -0.000262
7080 0 0 -0.000260
7085 0 0 -0.000233
7090 0 0 -0.000198
7095 0 0 -0.000180
7100 0 0 -0.000195
7105 0 0 -0.000224
7110 0 0 -0.000240
7115 0 0 -0.000223
7120 0 0 -0.000187
7125 0 0 -0.000150
7130 0 0 -0.000130
7135 0 0 -0.000128
7140 0 0 -0.000140
7145 0 0 -0.000161
7150 0 0 -0.000177
7155 0 0 -0.000170
7160 0 0 -0.000133
7165 0 0 -0.000089
7170 0 0 -0.000070
7175 0 0 -0.000097
7180 0 0 -0.000143
7185 0 0 -0.000170
7190 0 0 -0.000152
7195 0 0 -0.000110
7200 0 0 -0.000080
7205 0 0 -0.000086
7210 0 0 -0.000114
7215 0 0 -0.000140
7220 0 0 -0.000146
7225 0 0 -0.000138
7230 0 0 -0.000130
7235 0 0 -0.000132
7240 0 0 -0.000144
7245 0 0 -0.000160
7250 0 0 -0.000176
7255 0 0 -0.000186
7260 0 0 -0.000180
7265 0 0 -0.000156
7270 0 0 -0.000129
7275 0 0 -0.000120
7280 0 0 -0.000141
7285 0 0 -0.000170
7290 0 0 -0.000180
7295 0 0 -0.000151
7300 0 0 -0.000107
7305 0 0 -0.000080
7310 0 0 -0.000092
7315 0 0 -0.000126
7320 0 0 -0.000150
7325 0 0 -0.000145
7330 0 0 -0.000121
7335 0 0 -0.000100
7340 0 0 -0.000096
7345 0 0 -0.000106
7350 0 0 -0.000120
7355 0 0 -0.000131
7360 0 0 -0.000137
7365 0 0 -0.000140
7370 0 0 -0.000140
7375 0 0 -0.000142
7380 0 0 -0.000150
7385 0 0 -0.000166
7390 0 0 -0.000181
7395 0 0 -0.000180
7400 0 0 -0.000157
7405 0 0 -0.000129
7410 0 0 -0.000120
7415 0 0 -0.000145
7420 0 0 -0.000181
7425 0 0 -0.000200
7430 0 0 -0.000180
7435 0 0 -0.000140
7440 0 0 -0.000110
7445 0 0 -0.000110
7450 0 0 -0.000132
7455 0 0 -0.000160
7460 0 0 -0.000180
7465 0 0 -0.000187
7470 0 0 -0.000180
7475 0 0 -0.000158
7480 0 0 -0.000131
7485 0 0 -0.000110
7490 0 0 -0.000104
7495 0 0 -0.000111
7500 0 0 -0.000130
7505 0 0 -0.000155
7510 0 0 -0.000176
7515 0 0 -0.000180
7520 0 0 -0.000161
7525 0 0 -0.000137
7530 0 0 -0.000130
7535 0 0 -0.000155
7540 0 0 -0.000190
7545 0 0 -0.000200
7550 0 0 -0.000166
7555 0 0 -0.000113
7560 0 0 -0.000080
7565 0 0 -0.000092
7570 0 0 -0.000128
7575 0 0 -0.000150
7580 0 0 -0.000136
7585 0 0 -0.000103
7590 0 0 -0.000080
7595 0 0 -0.000088
7600 0 0 -0.000113
7605 0 0 -0.000130
7610 0 0 -0.000124
7615 0 0 -0.000107
7620 0 0 -0.000100
7625 0 0 -0.000116
7630 0 0 -0.000140
7635 0 0 -0.000150
7640 0 0 -0.000135
7645 0 0 -0.000122
7650 0 0 -0.000150
7655 0 0 -0.000241
7660 0 0 -0.000348
7665 0 0 -0.000410
7670 0 0 -0.000383
7675 0 0 -0.000302
7680 0 0 -0.000220
7685 0 0 -0.000179
7690 0 0 -0.000172
7695 0 0 -0.000180
7700 0 0 -0.000188
7705 0 0 -0.000197
7710 0 0 -0.000210
7715 0 0 -0.000231
7720 0 0 -0.000253
7725 0 0 -0.000270
7730 0 0 -0.000275
7735 0 0 -0.000263
7740 0 0 -0.000230
7745 0 0 -0.000179
7750 0 0 -0.000132
7755 0 0 -0.000120
7760 0 0 -0.000159
7765 0 0 -0.000220
7770 0 0 -0.000260
7775 0 0 -0.000250
7780 0 0 -0.000214
7785 0 0 -0.000190
7790 0 0 -0.000202
7795 0 0 -0.000230
7800 0 0 -0.000240
7805 0 0 -0.000212
7810 0 0 -0.000172
7815 0 0 -0.000160
7820 0 0 -0.000201
7825 0 0 -0.000265
7830 0 0 -0.000310
7835 0 0 -0.000303
7840 0 0 -0.000258
7845 0 0 -0.000200
7850 0 0 -0.000150
7855 0 0 -0.000123
7860 0 0 -0.000130
7865 0 0 -0.000173
7870 0 0 -0.000221
7875 0 0 -0.000230
7880 0 0 -0.000178
7885 0 0 -0.000116
7890 0 0 -0.000110
7895 0 0 -0.000205
7900 0 0 -0.000348
7905 0 0 -0.000460
7910 0 0 -0.000483
7915 0 0 -0.000439
7920 0 0 -0.000370
7925 0 0 -0.000311
7930 0 0 -0.000271
7935 0 0 -0.000250
7940 0 0 -0.000248
7945 0 0 -0.000255
7950 0 0 -0.000260
7955 0 0 -0.000255
7960 0 0 -0.000240
7965 0 0 -0.000220
7970 0 0 -0.000198
7975 0 0 -0.000177
7980 0 0 -0.000160
7985 0 0 -0.000149
7990 0 0 -0.000148
7995 0 0 -0.000160
8000 0 0 -0.000186
8005 0 0 -0.000212
8010 0 0 -0.000220
8015 0 0 -0.000200
8020 0 0 -0.000169
8025 0 0 -0.000150
8030 0 0 -0.000161
8035 0 0 -0.000190
8040 0 0 -0.000220
8045 0 0 -0.000236
8050 0 0 -0.000243
8055 0 0 -0.000250
8060 0 0 -0.000263
8065 0 0 -0.000283
8070 0 0 -0.000310
8075 0 0 -0.000340
8080 0 0 -0.000362
8085 0 0 -0.000360
8090 0 0 -0.000325
8095 0 0 -0.000269
8100 0 0 -0.000210
8105 0 0 -0.000163
8110 0 0 -0.000132
8115 0 0 -0.000120
8120 0 0 -0.000128
8125 0 0 -0.000157
8130 0 0 -0.000210
8135 0 0 -0.000284
8140 0 0 -0.000358
8145 0 0 -0.000410
8150 0 0 -0.000422
8155 0 0 -0.000408
8160 0 0 -0.000390
8165 0 0 -0.000384
8170 0 0 -0.000385
8175 0 0 -0.000380
8180 0 0 -0.000363
8185 0 0 -0.000350
8190 0 0 -0.000360
8195 0 0 -0.000405
8200 0 0 -0.000454
8205 0 0 -0.000470
8210 0 0 -0.000429
8215 0 0 -0.000381
8220 0 0 -0.000390
8225 0 0 -0.000505
8230 0 0 -0.000707
8235 0 0 -0.000960
8240 0 0 -0.001220
8245 0 0 -0.001416
8250 0 0 -0.001470
8255 0 0 -0.001335
8260 0 0 -0.001086
8265 0 0 -0.000830
8270 0 0 -0.000652
8275 0 0 -0.000547
8280 0 0 -0.000490
8285 0 0 -0.000459
8290 0 0 -0.000447
8295 0 0 -0.000450
8300 0 0 -0.000462
8305 0 0 -0.000468
8310 0 0 -0.000450
8315 0 0 -0.000401
8320 0 0 -0.000350
8325 0 0 -0.000340
8330 0 0 -0.000394
8335 0 0 -0.000473
8340 0 0 -0.000520
8345 0 0 -0.000496
8350 0 0 -0.000423
8355 0 0 -0.000340
8360 0 0 -0.000278
8365 0 0 -0.000245
8370 0 0 -0.000240
8375 0 0 -0.000260
8380 0 0 -0.000288
8385 0 0 -0.000300
8390 0 0 -0.000284
8395 0 0 -0.000266
8400 0 0 -0.000280
8405 0 0 -0.000347
8410 0 0 -0.000433
8415 0 0 -0.000490
8420 0 0 -0.000483
8425 0 0 -0.000437
8430 0 0 -0.000390
8435 0 0 -0.000371
8440 0 0 -0.000374
8445 0 0 -0.000380
8450 0 0 -0.000376
8455 0 0 -0.000359
8460 0 0 -0.000330
8465 0 0 -0.000291
8470 0 0 -0.000255
8475 0 0 -0.000240
8480 0 0 -0.000255
8485 0 0 -0.000286
8490 0 0 -0.000310
8495 0 0 -0.000311
8500 0 0 -0.000291
8505 0 0 -0.000260
8510 0 0 -0.000226
8515 0 0 -0.000202
8520 0 0 -0.000200
8525 0 0 -0.000228
8530 0 0 -0.000264
8535 0 0 -0.000280
8540 0 0 -0.000258
8545 0 0 -0.000215
8550 0 0 -0.000180
8555 0 0 -0.000173
8560 0 0 -0.000187
8565 0 0 -0.000210
8570 0 0 -0.000229
8575 0 0 -0.000235
8580 0 0 -0.000220
8585 0 0 -0.000183
8590 0 0 -0.000141
8595 0 0 -0.000120
8600 0 0 -0.000135
8605 0 0 -0.000167
8610 0 0 -0.000190
8615 0 0 -0.000184
8620 0 0 -0.000159
8625 0 0 -0.000130
8630 0 0 -0.000111
8635 0 0 -0.000104
8640 0 0 -0.000110
8645 0 0 -0.000127
8650 0 0 -0.000142
8655 0 0 -0.000140
8660 0 0 -0.000112
8665 0 0 -0.000080
8670 0 0 -0.000070
8675 0 0 -0.000101
8680 0 0 -0.000149
8685 0 0 -0.000180
8690 0 0 -0.000171
8695 0 0 -0.000142
8700 0 0 -0.000120
8705 0 0 -0.000127
8710 0 0 -0.000154
8715 0 0 -0.000180
8720 0 0 -0.000192
8725 0 0 -0.000188
8730 0 0 -0.000170
8735 0 0 -0.000143
8740 0 0 -0.000121
8745 0 0 -0.000120
8750 0 0 -0.000147
8755 0 0 -0.000181
8760 0 0 -0.000190
8765 0 0 -0.000155
8770 0 0 -0.000103
8775 0 0 -0.000070
8780 0 0 -0.000082
8785 0 0 -0.000119
8790 0 0 -0.000150
8795 0 0 -0.000152
8800 0 0 -0.000133
8805 0 0 -0.000110
8810 0 0 -0.000096
8815 0 0 -0.000095
8820 0 0 -0.000110
8825 0 0 -0.000140
8830 0 0 -0.000169
8835 0 0 -0.000180
8840 0 0 -0.000162
8845 0 0 -0.000136
8850 0 0 -0.000130
8855 0 0 -0.000163
8860 0 0 -0.000211
8865 0 0 -0.000240
8870 0 0 -0.000226
8875 0 0 -0.000186
8880 0 0 -0.000150
8885 0 0 -0.000138
8890 0 0 -0.000145
8895 0 0 -0.000160
8900 0 0 -0.000172
8905 0 0 -0.000179
8910 0 0 -0.000180
8915 0 0 -0.000175
8920 0 0 -0.000163
8925 0 0 -0.000140
8930 0 0 -0.000108
8935 0 0 -0.000082
8940 0 0 -0.000080
8945 0 0 -0.000112
8950 0 0 -0.000156
8955 0 0 -0.000180
8960 0 0 -0.000164
8965 0 0 -0.000129
8970 0 0 -0.000110
8975 0 0 -0.000128
8980 0 0 -0.000164
8985 0 0 -0.000190
8990 0 0 -0.000184
8995 0 0 -0.000160
9000 0 0 -0.000140
9005 0 0 -0.000139
9010 0 0 -0.000150
9015 0 0 -0.000160
9020 0 0 -0.000159
9025 0 0 -0.000148
9030 0 0 -0.000130
9035 0 0 -0.000109
9040 0 0 -0.000092
9045 0 0 -0.000090
9050 0 0 -0.000107
9055 0 0 -0.000130
9060 0 0 -0.000140
9065 0 0 -0.000127
9070 0 0 -0.000103
9075 0 0 -0.000090
9080 0 0 -0.000101
9085 0 0 -0.000123
9090 0 0 -0.000140
9095 0 0 -0.000138
9100 0 0 -0.000127
9105 0 0 -0.000120
9110 0 0 -0.000130
9115 0 0 -0.000160
9120 0 0 -0.000210
9125 0 0 -0.000277
9130 0 0 -0.000339
9135 0 0 -0.000370
9140 0 0 -0.000353
9145 0 0 -0.000305
9150 0 0 -0.000250
9155 0 0 -0.000209
9160 0 0 -0.000186
9165 0 0 -0.000180
9170 0 0 -0.000189
9175 0 0 -0.000205
9180 0 0 -0.000220
9185 0 0 -0.000228
9190 0 0 -0.000230
9195 0 0 -0.000230
9200 0 0 -0.000229
9205 0 0 -0.000227
9210 0 0 -0.000220
9215 0 0 -0.000208
9220 0 0 -0.000193
9225 0 0 -0.000180
9230 0 0 -0.000172
9235 0 0 -0.000172
9240 0 0 -0.000180
9245 0 0 -0.000198
9250 0 0 -0.000223
9255 0 0 -0.000250
9260 0 0 -0.000275
9265 0 0 -0.000293
9270 0 0 -0.000300
9275 0 0 -0.000292
9280 0 0 -0.000268
9285 0 0 -0.000230
9290 0 0 -0.000181
9295 0 0 -0.000138
9300 0 0 -0.000120
9305 0 0 -0.000139
9310 0 0 -0.000170
9315 0 0 -0.000180
9320 0 0 -0.000149
9325 0 0 -0.000118
9330 0 0 -0.000140
9335 0 0 -0.000247
9340 0 0 -0.000376
9345 0 0 -0.000440
9350 0 0 -0.000381
9355 0 0 -0.000256
9360 0 0 -0.000150
9365 0 0 -0.000129
9370 0 0 -0.000185
9375 0 0 -0.000290
9380 0 0 -0.000413
9385 0 0 -0.000512
9390 0 0 -0.000540
9395 0 0 -0.000469
9400 0 0 -0.000347
9405 0 0 -0.000240
9410 0 0 -0.000198
9415 0 0 -0.000202
9420 0 0 -0.000220
9425 0 0 -0.000224
9430 0 0 -0.000214
9435 0 0 -0.000200
9440 0 0 -0.000188
9445 0 0 -0.000189
9450 0 0 -0.000210
9455 0 0 -0.000255
9460 0 0 -0.000301
9465 0 0 -0.000320
9470 0 0 -0.000293
9475 0 0 -0.000239
9480 0 0 -0.000190
9485 0 0 -0.000169
9490 0 0 -0.000172
9495 0 0 -0.000190
9500 0 0 -0.000214
9505 0 0 -0.000236
9510 0 0 -0.000250
9515 0 0 -0.000251
9520 0 0 -0.000245
9525 0 0 -0.000240
9530 0 0 -0.000242
9535 0 0 -0.000246
9540 0 0 -0.000240
9545 0 0 -0.000222
9550 0 0 -0.000208
9555 0 0 -0.000220
9560 0 0 -0.000270
9565 0 0 -0.000328
9570 0 0 -0.000350
9575 0 0 -0.000311
9580 0 0 -0.000247
9585 0 0 -0.000210
9590 0 0 -0.000236
9595 0 0 -0.000297
9600 0 0 -0.000350
9605 0 0 -0.000364
9610 0 0 -0.000352
9615 0 0 -0.000340
9620 0 0 -0.000346
9625 0 0 -0.000366
9630 0 0 -0.000390
9635 0 0 -0.000409
9640 0 0 -0.000422
9645 0 0 -0.000430
9650 0 0 -0.000435
9655 0 0 -0.000447
9660 0 0 -0.000480
9665 0 0 -0.000540
9670 0 0 -0.000603
9675 0 0 -0.000640
9680 0 0 -0.000629
9685 0 0 -0.000580
9690 0 0 -0.000510
9695 0 0 -0.000438
9700 0 0 -0.000389
9705 0 0 -0.000390
9710 0 0 -0.000454
9715 0 0 -0.000539
9720 0 0 -0.000590
9725 0 0 -0.000570
9730 0 0 -0.000507
9735 0 0 -0.000450
9740 0 0 -0.000431
9745 0 0 -0.000432
9750 0 0 -0.000420
9755 0 0 -0.000376
9760 0 0 -0.000330
9765 0 0 -0.000320
9770 0 0 -0.000373
9775 0 0 -0.000451
9780 0 0 -0.000500
9785 0 0 -0.000484
9790 0 0 -0.000427
9795 0 0 -0.000370
9800 0 0 -0.000345
9805 0 0 -0.000344
9810 0 0 -0.000350
9815 0 0 -0.000351
9820 0 0 -0.000346
9825 0 0 -0.000340
9830 0 0 -0.000336
9835 0 0 -0.000330
9840 0 0 -0.000320
9845 0 0 -0.000302
9850 0 0 -0.000283
9855 0 0 -0.000270
9860 0 0 -0.000269
9865 0 0 -0.000277
9870 0 0 -0.000290
9875 0 0 -0.000303
9880 0 0 -0.000312
9885 0 0 -0.000310
9890 0 0 -0.000296
9895 0 0 -0.000281
9900 0 0 -0.000280
9905 0 0 -0.000301
9910 0 0 -0.000331
9915 0 0 -0.000350
9920 0 0 -0.000345
9925 0 0 -0.000327
9930 0 0 -0.000310
9935 0 0 -0.000307
9940 0 0 -0.000313
9945 0 0 -0.000320
9950 0 0 -0.000320
9955 0 0 -0.000313
9960 0 0 -0.000300
9965 0 0 -0.000281
9970 0 0 -0.000260
9975 0 0 -0.000240
9980 0 0 -0.000224
9985 0 0 -0.000213
9990 0 0 -0.000210
9995 0 0 -0.000214
10000 0 0 -0.000217
10005 0 0 -0.000210
10010 0 0 -0.000186
10015 0 0 -0.000156
10020 0 0 -0.000130
10025 0 0 -0.000120
10030 0 0 -0.000124
10035 0 0 -0.000140
10040 0 0 -0.000163
10045 0 0 -0.000186
10050 0 0 -0.000200
10055 0 0 -0.000199
10060 0 0 -0.000187
10065 0 0 -0.000170
10070 0 0 -0.000154
10075 0 0 -0.000145
