0 0 0 -0.000160
5 0 0 -0.000186
10 0 0 -0.000202
15 0 0 -0.000210
20 0 0 -0.000212
25 0 0 -0.000211
30 0 0 -0.000210
35 0 0 -0.000209
40 0 0 -0.000201
45 0 0 -0.000180
50 0 0 -0.000142
55 0 0 -0.000104
60 0 0 -0.000090
65 0 0 -0.000112
70 0 0 -0.000149
75 0 0 -0.000170
80 0 0 -0.000154
85 0 0 -0.000118
90 0 0 -0.000090
95 0 0 -0.000091
100 0 0 -0.000110
105 0 0 -0.000130
110 0 0 -0.000138
115 0 0 -0.000133
120 0 0 -0.000120
125 0 0 -0.000103
130 0 0 -0.000093
135 0 0 -0.000100
140 0 0 -0.000129
145 0 0 -0.000164
150 0 0 -0.000180
155 0 0 -0.000164
160 0 0 -0.000135
165 0 0 -0.000120
170 0 0 -0.000138
175 0 0 -0.000170
180 0 0 -0.000190
185 0 0 -0.000178
190 0 0 -0.000150
195 0 0 -0.000130
200 0 0 -0.000136
205 0 0 -0.000156
210 0 0 -0.000170
215 0 0 -0.000164
220 0 0 -0.000143
225 0 0 -0.000120
230 0 0 -0.000104
235 0 0 -0.000097
240 0 0 -0.000100
245 0 0 -0.000111
250 0 0 -0.000121
255 0 0 -0.000120
260 0 0 -0.000102
265 0 0 -0.000081
270 0 0 -0.000080
275 0 0 -0.000109
280 0 0 -0.000146
285 0 0 -0.000160
290 0 0 -0.000131
295 0 0 -0.000087
300 0 0 -0.000070
305 0 0 -0.000105
310 0 0 -0.000163
315 0 0 -0.000200
320 0 0 -0.000186
325 0 0 -0.000146
330 0 0 -0.000120
335 0 0 -0.000134
340 0 0 -0.000168
345 0 0 -0.000190
350 0 0 -0.000177
355 0 0 -0.000145
360 0 0 -0.000120
365 0 0 -0.000121
370 0 0 -0.000135
375 0 0 -0.000140
380 0 0 -0.000123
385 0 0 -0.000096
390 0 0 -0.000080
395 0 0 -0.000088
400 0 0 -0.000109
405 0 0 -0.000130
410 0 0 -0.000137
415 0 0 -0.000132
420 0 0 -0.000120
425 0 0 -0.000105
430 0 0 -0.000093
435 0 0 -0.000090
440 0 0 -0.000098
445 0 0 -0.000108
450 0 0 -0.000110
455 0 0 -0.000099
460 0 0 -0.000096
465 0 0 -0.000130
470 0 0 -0.000215
475 0 0 -0.000315
480 0 0 -0.000380
485 0 0 -0.000376
490 0 0 -0.000329
495 0 0 -0.000280
500 0 0 -0.000261
505 0 0 -0.000262
510 0 0 -0.000260
515 0 0 -0.000242
520 0 0 -0.000219
525 0 0 -0.000210
530 0 0 -0.000225
535 0 0 -0.000249
540 0 0 -0.000260
545 0 0 -0.000242
550 0 0 -0.000211
555 0 0 -0.000190
560 0 0 -0.000195
565 0 0 -0.000209
570 0 0 -0.000210
575 0 0 -0.000182
580 0 0 -0.000143
585 0 0 -0.000120
590 0 0 -0.000131
595 0 0 -0.000157
600 0 0 -0.000170
605 0 0 -0.000154
610 0 0 -0.000137
615 0 0 -0.000160
620 0 0 -0.000246
625 0 0 -0.000350
630 0 0 -0.000410
635 0 0 -0.000385
640 0 0 -0.000318
645 0 0 -0.000270
650 0 0 -0.000286
655 0 0 -0.000338
660 0 0 -0.000380
665 0 0 -0.000377
670 0 0 -0.000337
675 0 0 -0.000280
680 0 0 -0.000223
685 0 0 -0.000176
690 0 0 -0.000150
695 0 0 -0.000150
700 0 0 -0.000173
705 0 0 -0.000210
710 0 0 -0.000256
715 0 0 -0.000307
720 0 0 -0.000360
725 0 0 -0.000410
730 0 0 -0.000440
735 0 0 -0.000430
740 0 0 -0.000373
745 0 0 -0.000314
750 0 0 -0.000310
755 0 0 -0.000396
760 0 0 -0.000514
765 0 0 -0.000580
770 0 0 -0.000536
775 0 0 -0.000412
780 0 0 -0.000260
785 0 0 -0.000135
790 0 0 -0.000095
795 0 0 -0.000200
800 0 0 -0.000471
805 0 0 -0.000770
810 0 0 -0.000920
815 0 0 -0.000803
820 0 0 -0.000533
825 0 0 -0.000280
830 0 0 -0.000176
835 0 0 -0.000187
840 0 0 -0.000240
845 0 0 -0.000275
850 0 0 -0.000289
855 0 0 -0.000290
860 0 0 -0.000287
865 0 0 -0.000278
870 0 0 -0.000260
875 0 0 -0.000233
880 0 0 -0.000209
885 0 0 -0.000200
890 0 0 -0.000215
895 0 0 -0.000239
900 0 0 -0.000250
905 0 0 -0.000236
910 0 0 -0.000221
915 0 0 -0.000240
920 0 0 -0.000312
925 0 0 -0.000398
930 0 0 -0.000440
935 0 0 -0.000402
940 0 0 -0.000315
945 0 0 -0.000230
950 0 0 -0.000185
955 0 0 -0.000177
960 0 0 -0.000190
965 0 0 -0.000213
970 0 0 -0.000248
975 0 0 -0.000300
980 0 0 -0.000369
985 0 0 -0.000432
990 0 0 -0.000460
995 0 0 -0.000435
1000 0 0 -0.000391
1005 0 0 -0.000370
1010 0 0 -0.000403
1015 0 0 -0.000464
1020 0 0 -0.000510
1025 0 0 -0.000511
1030 0 0 -0.000478
1035 0 0 -0.000430
1040 0 0 -0.000385
1045 0 0 -0.000346
1050 0 0 -0.000310
1055 0 0 -0.000282
1060 0 0 -0.000291
1065 0 0 -0.000370
1070 0 0 -0.000534
1075 0 0 -0.000714
1080 0 0 -0.000820
1085 0 0 -0.000791
1090 0 0 -0.000676
1095 0 0 -0.000550
1100 0 0 -0.000473
1105 0 0 -0.000442
1110 0 0 -0.000440
1115 0 0 -0.000448
1120 0 0 -0.000453
1125 0 0 -0.000440
1130 0 0 -0.000403
1135 0 0 -0.000361
1140 0 0 -0.000340
1145 0 0 -0.000356
1150 0 0 -0.000395
1155 0 0 -0.000430
1160 0 0 -0.000445
1165 0 0 -0.000447
1170 0 0 -0.000450
1175 0 0 -0.000465
1180 0 0 -0.000488
1185 0 0 -0.000510
1190 0 0 -0.000524
1195 0 0 -0.000528
1200 0 0 -0.000520
1205 0 0 -0.000501
1210 0 0 -0.000473
1215 0 0 -0.000440
1220 0 0 -0.000404
1225 0 0 -0.000370
1230 0 0 -0.000340
1235 0 0 -0.000318
1240 0 0 -0.000307
1245 0 0 -0.000310
1250 0 0 -0.000328
1255 0 0 -0.000354
1260 0 0 -0.000380
1265 0 0 -0.000399
1270 0 0 -0.000401
1275 0 0 -0.000380
1280 0 0 -0.000333
1285 0 0 -0.000281
1290 0 0 -0.000250
1295 0 0 -0.000259
1300 0 0 -0.000291
1305 0 0 -0.000320
1310 0 0 -0.000326
1315 0 0 -0.000310
1320 0 0 -0.000280
1325 0 0 -0.000244
1330 0 0 -0.000215
1335 0 0 -0.000210
1340 0 0 -0.000237
1345 0 0 -0.000278
1350 0 0 -0.000310
1355 0 0 -0.000314
1360 0 0 -0.000299
1365 0 0 -0.000280
1370 0 0 -0.000269
1375 0 0 -0.000267
1380 0 0 -0.000270
1385 0 0 -0.000274
1390 0 0 -0.000270
1395 0 0 -0.000250
1400 0 0 -0.000210
1405 0 0 -0.000169
1410 0 0 -0.000150
1415 0 0 -0.000169
1420 0 0 -0.000200
1425 0 0 -0.000210
1430 0 0 -0.000176
1435 0 0 -0.000123
1440 0 0 -0.000090
1445 0 0 -0.000102
1450 0 0 -0.000142
1455 0 0 -0.000180
1460 0 0 -0.000195
1465 0 0 -0.000193
1470 0 0 -0.000190
1475 0 0 -0.000196
1480 0 0 -0.000208
1485 0 0 -0.000220
1490 0 0 -0.000227
1495 0 0 -0.000222
1500 0 0 -0.000200
1505 0 0 -0.000160
1510 0 0 -0.000120
1515 0 0 -0.000100
1520 0 0 -0.000115
1525 0 0 -0.000146
1530 0 0 -0.000170
1535 0 0 -0.000167
1540 0 0 -0.000145
1545 0 0 -0.000120
1550 0 0 -0.000104
1555 0 0 -0.000103
1560 0 0 -0.000120
1565 0 0 -0.000154
1570 0 0 -0.000188
1575 0 0 -0.000200
1580 0 0 -0.000177
1585 0 0 -0.000140
1590 0 0 -0.000120
1595 0 0 -0.000138
1600 0 0 -0.000174
1605 0 0 -0.000200
1610 0 0 -0.000194
1615 0 0 -0.000165
1620 0 0 -0.000130
1625 0 0 -0.000105
1630 0 0 -0.000094
1635 0 0 -0.000100
1640 0 0 -0.000123
1645 0 0 -0.000148
1650 0 0 -0.000160
1655 0 0 -0.000148
1660 0 0 -0.000127
1665 0 0 -0.000120
1670 0 0 -0.000142
1675 0 0 -0.000176
1680 0 0 -0.000200
1685 0 0 -0.000196
1690 0 0 -0.000174
1695 0 0 -0.000150
1700 0 0 -0.000136
1705 0 0 -0.000133
1710 0 0 -0.000140
1715 0 0 -0.000152
1720 0 0 -0.000160
1725 0 0 -0.000150
1730 0 0 -0.000118
1735 0 0 -0.000082
1740 0 0 -0.000070
1745 0 0 -0.000097
1750 0 0 -0.000141
1755 0 0 -0.000170
1760 0 0 -0.000161
1765 0 0 -0.000135
1770 0 0 -0.000120
1775 0 0 -0.000137
1780 0 0 -0.000169
1785 0 0 -0.000190
1790 0 0 -0.000182
1795 0 0 -0.000158
1800 0 0 -0.000140
1805 0 0 -0.000143
1810 0 0 -0.000156
1815 0 0 -0.000160
1820 0 0 -0.000144
1825 0 0 -0.000118
1830 0 0 -0.000100
1835 0 0 -0.000100
1840 0 0 -0.000111
1845 0 0 -0.000120
1850 0 0 -0.000118
1855 0 0 -0.000111
1860 0 0 -0.000110
1865 0 0 -0.000122
1870 0 0 -0.000137
1875 0 0 -0.000140
1880 0 0 -0.000126
1885 0 0 -0.000124
1890 0 0 -0.000170
1895 0 0 -0.000284
1900 0 0 -0.000408
1905 0 0 -0.000470
1910 0 0 -0.000419
1915 0 0 -0.000309
1920 0 0 -0.000220
1925 0 0 -0.000209
1930 0 0 -0.000251
1935 0 0 -0.000300
1940 0 0 -0.000318
1945 0 0 -0.000308
1950 0 0 -0.000280
1955 0 0 -0.000246
1960 0 0 -0.000216
1965 0 0 -0.000200
1970 0 0 -0.000204
1975 0 0 -0.000220
1980 0 0 -0.000240
1985 0 0 -0.000254
1990 0 0 -0.000260
1995 0 0 -0.000260
2000 0 0 -0.000254
2005 0 0 -0.000248
2010 0 0 -0.000250
2015 0 0 -0.000263
2020 0 0 -0.000278
2025 0 0 -0.000280
2030 0 0 -0.000260
2035 0 0 -0.000228
2040 0 0 -0.000200
2045 0 0 -0.000187
2050 0 0 -0.000191
2055 0 0 -0.000210
2060 0 0 -0.000242
2065 0 0 -0.000286
2070 0 0 -0.000340
2075 0 0 -0.000400
2080 0 0 -0.000448
2085 0 0 -0.000460
2090 0 0 -0.000424
2095 0 0 -0.000369
2100 0 0 -0.000330
2105 0 0 -0.000348
2110 0 0 -0.000471
2115 0 0 -0.000750
2120 0 0 -0.001194
2125 0 0 -0.001649
2130 0 0 -0.001920
2135 0 0 -0.001879
2140 0 0 -0.001659
2145 0 0 -0.001460
2150 0 0 -0.001425
2155 0 0 -0.001469
2160 0 0 -0.001450
2165 0 0 -0.001265
2170 0 0 -0.000973
2175 0 0 -0.000670
2180 0 0 -0.000436
2185 0 0 -0.000279
2190 0 0 -0.000190
2195 0 0 -0.000157
2200 0 0 -0.000159
2205 0 0 -0.000170
2210 0 0 -0.000172
2215 0 0 -0.000164
2220 0 0 -0.000150
2225 0 0 -0.000143
2230 0 0 -0.000186
2235 0 0 -0.000330
2240 0 0 -0.000599
2245 0 0 -0.000904
2250 0 0 -0.001130
2255 0 0 -0.001194
2260 0 0 -0.001144
2265 0 0 -0.001060
2270 0 0 -0.001005
2275 0 0 -0.000973
2280 0 0 -0.000940
2285 0 0 -0.000888
2290 0 0 -0.000826
2295 0 0 -0.000770
2300 0 0 -0.000734
2305 0 0 -0.000717
2310 0 0 -0.000720
2315 0 0 -0.000739
2320 0 0 -0.000770
2325 0 0 -0.000810
2330 0 0 -0.000850
2335 0 0 -0.000871
2340 0 0 -0.000850
2345 0 0 -0.000770
2350 0 0 -0.000644
2355 0 0 -0.000490
2360 0 0 -0.000334
2365 0 0 -0.000233
2370 0 0 -0.000250
2375 0 0 -0.000421
2380 0 0 -0.000664
2385 0 0 -0.000870
2390 0 0 -0.000959
2395 0 0 -0.000964
2400 0 0 -0.000950
2405 0 0 -0.000965
2410 0 0 -0.000994
2415 0 0 -0.001010
2420 0 0 -0.000992
2425 0 0 -0.000957
2430 0 0 -0.000930
2435 0 0 -0.000929
2440 0 0 -0.000942
2445 0 0 -0.000950
2450 0 0 -0.000939
2455 0 0 -0.000920
2460 0 0 -0.000910
2465 0 0 -0.000921
2470 0 0 -0.000943
2475 0 0 -0.000960
2480 0 0 -0.000958
2485 0 0 -0.000934
2490 0 0 -0.000890
2495 0 0 -0.000833
2500 0 0 -0.000806
2505 0 0 -0.000860
2510 0 0 -0.001020
2515 0 0 -0.001216
2520 0 0 -0.001350
2525 0 0 -0.001351
2530 0 0 -0.001247
2535 0 0 -0.001090
2540 0 0 -0.000935
2545 0 0 -0.000849
2550 0 0 -0.000900
2555 0 0 -0.001124
2560 0 0 -0.001425
2565 0 0 -0.001670
2570 0 0 -0.001763
2575 0 0 -0.001742
2580 0 0 -0.001680
2585 0 0 -0.001629
2590 0 0 -0.001566
2595 0 0 -0.001450
2600 0 0 -0.001257
2605 0 0 -0.001035
2610 0 0 -0.000850
2615 0 0 -0.000752
2620 0 0 -0.000721
2625 0 0 -0.000720
2630 0 0 -0.000718
2635 0 0 -0.000710
2640 0 0 -0.000700
2645 0 0 -0.000689
2650 0 0 -0.000681
2655 0 0 -0.000680
2660 0 0 -0.000688
2665 0 0 -0.000705
2670 0 0 -0.000730
2675 0 0 -0.000760
2680 0 0 -0.000789
2685 0 0 -0.000810
2690 0 0 -0.000818
2695 0 0 -0.000814
2700 0 0 -0.000800
2705 0 0 -0.000777
2710 0 0 -0.000737
2715 0 0 -0.000670
2720 0 0 -0.000570
2725 0 0 -0.000454
2730 0 0 -0.000340
2735 0 0 -0.000249
2740 0 0 -0.000197
2745 0 0 -0.000200
2750 0 0 -0.000263
2755 0 0 -0.000347
2760 0 0 -0.000400
2765 0 0 -0.000386
2770 0 0 -0.000328
2775 0 0 -0.000260
2780 0 0 -0.000214
2785 0 0 -0.000194
2790 0 0 -0.000200
2795 0 0 -0.000227
2800 0 0 -0.000255
2805 0 0 -0.000260
2810 0 0 -0.000228
2815 0 0 -0.000181
2820 0 0 -0.000150
2825 0 0 -0.000155
2830 0 0 -0.000181
2835 0 0 -0.000200
2840 0 0 -0.000194
2845 0 0 -0.000177
2850 0 0 -0.000170
2855 0 0 -0.000186
2860 0 0 -0.000211
2865 0 0 -0.000220
2870 0 0 -0.000200
2875 0 0 -0.000165
2880 0 0 -0.000140
2885 0 0 -0.000142
2890 0 0 -0.000160
2895 0 0 -0.000180
2900 0 0 -0.000188
2905 0 0 -0.000186
2910 0 0 -0.000180
2915 0 0 -0.000173
2920 0 0 -0.000162
2925 0 0 -0.000140
2930 0 0 -0.000105
2935 0 0 -0.000075
2940 0 0 -0.000070
2945 0 0 -0.000103
2950 0 0 -0.000150
2955 0 0 -0.000180
2960 0 0 -0.000171
2965 0 0 -0.000139
2970 0 0 -0.000110
2975 0 0 -0.000105
2980 0 0 -0.000122
2985 0 0 -0.000150
2990 0 0 -0.000180
2995 0 0 -0.000201
3000 0 0 -0.000200
3005 0 0 -0.000171
3010 0 0 -0.000135
3015 0 0 -0.000120
3020 0 0 -0.000143
3025 0 0 -0.000180
3030 0 0 -0.000200
3035 0 0 -0.000179
3040 0 0 -0.000137
3045 0 0 -0.000100
3050 0 0 -0.000091
3055 0 0 -0.000102
3060 0 0 -0.000120
3065 0 0 -0.000133
3070 0 0 -0.000136
3075 0 0 -0.000130
3080 0 0 -0.000114
3085 0 0 -0.000100
3090 0 0 -0.000100
3095 0 0 -0.000121
3100 0 0 -0.000145
3105 0 0 -0.000150
3110 0 0 -0.000122
3115 0 0 -0.000084
3120 0 0 -0.000070
3125 0 0 -0.000101
3130 0 0 -0.000153
3135 0 0 -0.000190
3140 0 0 -0.000188
3145 0 0 -0.000162
3150 0 0 -0.000140
3155 0 0 -0.000141
3160 0 0 -0.000156
3165 0 0 -0.000170
3170 0 0 -0.000172
3175 0 0 -0.000163
3180 0 0 -0.000150
3185 0 0 -0.000138
3190 0 0 -0.000130
3195 0 0 -0.000130
3200 0 0 -0.000139
3205 0 0 -0.000147
3210 0 0 -0.000140
3215 0 0 -0.000111
3220 0 0 -0.000080
3225 0 0 -0.000070
3230 0 0 -0.000098
3235 0 0 -0.000139
3240 0 0 -0.000160
3245 0 0 -0.000139
3250 0 0 -0.000101
3255 0 0 -0.000080
3260 0 0 -0.000101
3265 0 0 -0.000140
3270 0 0 -0.000160
3275 0 0 -0.000137
3280 0 0 -0.000097
3285 0 0 -0.000080
3290 0 0 -0.000111
3295 0 0 -0.000161
3300 0 0 -0.000190
3305 0 0 -0.000170
3310 0 0 -0.000137
3315 0 0 -0.000140
3320 0 0 -0.000213
3325 0 0 -0.000320
3330 0 0 -0.000410
3335 0 0 -0.000442
3340 0 0 -0.000425
3345 0 0 -0.000380
3350 0 0 -0.000328
3355 0 0 -0.000283
3360 0 0 -0.000260
3365 0 0 -0.000266
3370 0 0 -0.000289
3375 0 0 -0.000310
3380 0 0 -0.000314
3385 0 0 -0.000300
3390 0 0 -0.000270
3395 0 0 -0.000229
3400 0 0 -0.000187
3405 0 0 -0.000160
3410 0 0 -0.000156
3415 0 0 -0.000166
3420 0 0 -0.000180
3425 0 0 -0.000189
3430 0 0 -0.000198
3435 0 0 -0.000220
3440 0 0 -0.000259
3445 0 0 -0.000302
3450 0 0 -0.000330
3455 0 0 -0.000332
3460 0 0 -0.000319
3465 0 0 -0.000310
3470 0 0 -0.000317
3475 0 0 -0.000335
3480 0 0 -0.000350
3485 0 0 -0.000353
3490 0 0 -0.000341
3495 0 0 -0.000310
3500 0 0 -0.000263
3505 0 0 -0.000216
3510 0 0 -0.000190
3515 0 0 -0.000200
3520 0 0 -0.000236
3525 0 0 -0.000280
3530 0 0 -0.000316
3535 0 0 -0.000330
3540 0 0 -0.000310
3545 0 0 -0.000249
3550 0 0 -0.000175
3555 0 0 -0.000120
3560 0 0 -0.000111
3565 0 0 -0.000145
3570 0 0 -0.000210
3575 0 0 -0.000293
3580 0 0 -0.000373
3585 0 0 -0.000430
3590 0 0 -0.000448
3595 0 0 -0.000433
3600 0 0 -0.000400
3605 0 0 -0.000359
3610 0 0 -0.000309
3615 0 0 -0.000250
3620 0 0 -0.000184
3625 0 0 -0.000140
3630 0 0 -0.000150
3635 0 0 -0.000232
3640 0 0 -0.000337
3645 0 0 -0.000400
3650 0 0 -0.000376
3655 0 0 -0.000294
3660 0 0 -0.000200
3665 0 0 -0.000135
3670 0 0 -0.000105
3675 0 0 -0.000110
3680 0 0 -0.000145
3685 0 0 -0.000187
3690 0 0 -0.000210
3695 0 0 -0.000195
3700 0 0 -0.000160
3705 0 0 -0.000130
3710 0 0 -0.000126
3715 0 0 -0.000140
3720 0 0 -0.000160
3725 0 0 -0.000173
3730 0 0 -0.000177
3735 0 0 -0.000170
3740 0 0 -0.000156
3745 0 0 -0.000152
3750 0 0 -0.000180
3755 0 0 -0.000251
3760 0 0 -0.000335
3765 0 0 -0.000390
3770 0 0 -0.000386
3775 0 0 -0.000343
3780 0 0 -0.000290
3785 0 0 -0.000252
3790 0 0 -0.000230
3795 0 0 -0.000220
3800 0 0 -0.000216
3805 0 0 -0.000217
3810 0 0 -0.000220
3815 0 0 -0.000222
3820 0 0 -0.000218
3825 0 0 -0.000200
3830 0 0 -0.000168
3835 0 0 -0.000137
3840 0 0 -0.000130
3845 0 0 -0.000160
3850 0 0 -0.000206
3855 0 0 -0.000240
3860 0 0 -0.000243
3865 0 0 -0.000232
3870 0 0 -0.000230
3875 0 0 -0.000255
3880 0 0 -0.000288
3885 0 0 -0.000300
3890 0 0 -0.000278
3895 0 0 -0.000258
3900 0 0 -0.000290
3905 0 0 -0.000406
3910 0 0 -0.000558
3915 0 0 -0.000680
3920 0 0 -0.000725
3925 0 0 -0.000722
3930 0 0 -0.000720
3935 0 0 -0.000749
3940 0 0 -0.000771
3945 0 0 -0.000730
3950 0 0 -0.000596
3955 0 0 -0.000451
3960 0 0 -0.000400
3965 0 0 -0.000511
3970 0 0 -0.000687
3975 0 0 -0.000790
3980 0 0 -0.000726
3985 0 0 -0.000567
3990 0 0 -0.000430
3995 0 0 -0.000398
4000 0 0 -0.000430
4005 0 0 -0.000450
4010 0 0 -0.000407
4015 0 0 -0.000332
4020 0 0 -0.000280
4025 0 0 -0.000289
4030 0 0 -0.000335
4035 0 0 -0.000380
4040 0 0 -0.000394
4045 0 0 -0.000385
4050 0 0 -0.000370
4055 0 0 -0.000364
4060 0 0 -0.000380
4065 0 0 -0.000430
4070 0 0 -0.000516
4075 0 0 -0.000597
4080 0 0 -0.000620
4085 0 0 -0.000554
4090 0 0 -0.000442
4095 0 0 -0.000350
4100 0 0 -0.000324
4105 0 0 -0.000346
4110 0 0 -0.000380
4115 0 0 -0.000397
4120 0 0 -0.000390
4125 0 0 -0.000360
4130 0 0 -0.000310
4135 0 0 -0.000259
4140 0 0 -0.000230
4145 0 0 -0.000237
4150 0 0 -0.000264
4155 0 0 -0.000290
4160 0 0 -0.000296
4165 0 0 -0.000284
4170 0 0 -0.000260
4175 0 0 -0.000231
4180 0 0 -0.000208
4185 0 0 -0.000200
4190 0 0 -0.000213
4195 0 0 -0.000232
4200 0 0 -0.000240
4205 0 0 -0.000224
4210 0 0 -0.000199
4215 0 0 -0.000190
4220 0 0 -0.000212
4225 0 0 -0.000252
4230 0 0 -0.000290
4235 0 0 -0.000310
4240 0 0 -0.000307
4245 0 0 -0.000280
4250 0 0 -0.000232
4255 0 0 -0.000182
4260 0 0 -0.000150
4265 0 0 -0.000151
4270 0 0 -0.000172
4275 0 0 -0.000190
4280 0 0 -0.000190
4285 0 0 -0.000180
4290 0 0 -0.000170
4295 0 0 -0.000170
4300 0 0 -0.000170
4305 0 0 -0.000160
4310 0 0 -0.000132
4315 0 0 -0.000101
4320 0 0 -0.000090
4325 0 0 -0.000111
4330 0 0 -0.000149
4335 0 0 -0.000180
4340 0 0 -0.000187
4345 0 0 -0.000179
4350 0 0 -0.000170
4355 0 0 -0.000170
4360 0 0 -0.000171
4365 0 0 -0.000160
4370 0 0 -0.000130
4375 0 0 -0.000096
4380 0 0 -0.000080
4385 0 0 -0.000097
4390 0 0 -0.000133
4395 0 0 -0.000170
4400 0 0 -0.000191
4405 0 0 -0.000194
4410 0 0 -0.000180
4415 0 0 -0.000152
4420 0 0 -0.000126
4425 0 0 -0.000120
4430 0 0 -0.000146
4435 0 0 -0.000185
4440 0 0 -0.000210
4445 0 0 -0.000202
4450 0 0 -0.000173
4455 0 0 -0.000140
4460 0 0 -0.000119
4465 0 0 -0.000112
4470 0 0 -0.000120
4475 0 0 -0.000139
4480 0 0 -0.000155
4485 0 0 -0.000150
4490 0 0 -0.000115
4495 0 0 -0.000074
4500 0 0 -0.000060
4505 0 0 -0.000094
4510 0 0 -0.000148
4515 0 0 -0.000180
4520 0 0 -0.000162
4525 0 0 -0.000117
4530 0 0 -0.000080
4535 0 0 -0.000078
4540 0 0 -0.000102
4545 0 0 -0.000130
4550 0 0 -0.000148
4555 0 0 -0.000154
4560 0 0 -0.000150
4565 0 0 -0.000141
4570 0 0 -0.000134
4575 0 0 -0.000140
4580 0 0 -0.000163
4585 0 0 -0.000186
4590 0 0 -0.000190
4595 0 0 -0.000162
4600 0 0 -0.000125
4605 0 0 -0.000110
4610 0 0 -0.000137
4615 0 0 -0.000179
4620 0 0 -0.000200
4625 0 0 -0.000174
4630 0 0 -0.000125
4635 0 0 -0.000090
4640 0 0 -0.000093
4645 0 0 -0.000117
4650 0 0 -0.000130
4655 0 0 -0.000113
4660 0 0 -0.000084
4665 0 0 -0.000070
4670 0 0 -0.000089
4675 0 0 -0.000125
4680 0 0 -0.000150
4685 0 0 -0.000146
4690 0 0 -0.000123
4695 0 0 -0.000100
4700 0 0 -0.000091
4705 0 0 -0.000096
4710 0 0 -0.000110
4715 0 0 -0.000128
4720 0 0 -0.000143
4725 0 0 -0.000150
4730 0 0 -0.000145
4735 0 0 -0.000138
4740 0 0 -0.000140
4745 0 0 -0.000158
4750 0 0 -0.000176
4755 0 0 -0.000170
4760 0 0 -0.000131
4765 0 0 -0.000105
4770 0 0 -0.000150
4775 0 0 -0.000299
4780 0 0 -0.000474
4785 0 0 -0.000570
4790 0 0 -0.000517
4795 0 0 -0.000380
4800 0 0 -0.000260
4805 0 0 -0.000232
4810 0 0 -0.000267
4815 0 0 -0.000310
4820 0 0 -0.000320
4825 0 0 -0.000303
4830 0 0 -0.000280
4835 0 0 -0.000264
4840 0 0 -0.000251
4845 0 0 -0.000230
4850 0 0 -0.000197
4855 0 0 -0.000167
4860 0 0 -0.000160
4865 0 0 -0.000188
4870 0 0 -0.000231
4875 0 0 -0.000260
4880 0 0 -0.000255
4885 0 0 -0.000228
4890 0 0 -0.000200
4895 0 0 -0.000188
4900 0 0 -0.000192
4905 0 0 -0.000210
4910 0 0 -0.000236
4915 0 0 -0.000257
4920 0 0 -0.000260
4925 0 0 -0.000236
4930 0 0 -0.000200
4935 0 0 -0.000170
4940 0 0 -0.000162
4945 0 0 -0.000177
4950 0 0 -0.000210
4955 0 0 -0.000256
4960 0 0 -0.000296
4965 0 0 -0.000310
4970 0 0 -0.000283
4975 0 0 -0.000232
4980 0 0 -0.000180
4985 0 0 -0.000148
4990 0 0 -0.000145
4995 0 0 -0.000180
5000 0 0 -0.000252
5005 0 0 -0.000339
5010 0 0 -0.000410
5015 0 0 -0.000441
5020 0 0 -0.000433
5025 0 0 -0.000390
5030 0 0 -0.000322
5035 0 0 -0.000248
5040 0 0 -0.000190
5045 0 0 -0.000163
5050 0 0 -0.000158
5055 0 0 -0.000160
5060 0 0 -0.000161
5065 0 0 -0.000183
5070 0 0 -0.000260
5075 0 0 -0.000405
5080 0 0 -0.000568
5085 0 0 -0.000680
5090 0 0 -0.000695
5095 0 0 -0.000647
5100 0 0 -0.000590
5105 0 0 -0.000568
5110 0 0 -0.000576
5115 0 0 -0.000600
5120 0 0 -0.000624
5125 0 0 -0.000632
5130 0 0 -0.000610
5135 0 0 -0.000550
5140 0 0 -0.000479
5145 0 0 -0.000430
5150 0 0 -0.000427
5155 0 0 -0.000451
5160 0 0 -0.000470
5165 0 0 -0.000462
5170 0 0 -0.000433
5175 0 0 -0.000400
5180 0 0 -0.000376
5185 0 0 -0.000367
5190 0 0 -0.000380
5195 0 0 -0.000419
5200 0 0 -0.000483
5205 0 0 -0.000570
5210 0 0 -0.000671
5215 0 0 -0.000749
5220 0 0 -0.000760
5225 0 0 -0.000681
5230 0 0 -0.000571
5235 0 0 -0.000510
5240 0 0 -0.000551
5245 0 0 -0.000633
5250 0 0 -0.000670
5255 0 0 -0.000599
5260 0 0 -0.000461
5265 0 0 -0.000320
5270 0 0 -0.000229
5275 0 0 -0.000189
5280 0 0 -0.000190
5285 0 0 -0.000218
5290 0 0 -0.000252
5295 0 0 -0.000270
5300 0 0 -0.000258
5305 0 0 -0.000232
5310 0 0 -0.000220
5315 0 0 -0.000236
5320 0 0 -0.000254
5325 0 0 -0.000240
5330 0 0 -0.000178
5335 0 0 -0.000135
5340 0 0 -0.000200
5345 0 0 -0.000420
5350 0 0 -0.000684
5355 0 0 -0.000840
5360 0 0 -0.000785
5365 0 0 -0.000599
5370 0 0 -0.000410
5375 0 0 -0.000318
5380 0 0 -0.000306
5385 0 0 -0.000330
5390 0 0 -0.000354
5395 0 0 -0.000370
5400 0 0 -0.000380
5405 0 0 -0.000386
5410 0 0 -0.000394
5415 0 0 -0.000410
5420 0 0 -0.000438
5425 0 0 -0.000471
5430 0 0 -0.000500
5435 0 0 -0.000515
5440 0 0 -0.000510
5445 0 0 -0.000480
5450 0 0 -0.000425
5455 0 0 -0.000358
5460 0 0 -0.000300
5465 0 0 -0.000265
5470 0 0 -0.000250
5475 0 0 -0.000250
5480 0 0 -0.000258
5485 0 0 -0.000270
5490 0 0 -0.000280
5495 0 0 -0.000284
5500 0 0 -0.000279
5505 0 0 -0.000260
5510 0 0 -0.000229
5515 0 0 -0.000202
5520 0 0 -0.000200
5525 0 0 -0.000236
5530 0 0 -0.000289
5535 0 0 -0.000330
5540 0 0 -0.000338
5545 0 0 -0.000320
5550 0 0 -0.000290
5555 0 0 -0.000262
5560 0 0 -0.000246
5565 0 0 -0.000250
5570 0 0 -0.000278
5575 0 0 -0.000313
5580 0 0 -0.000330
5585 0 0 -0.000315
5590 0 0 -0.000284
5595 0 0 -0.000260
5600 0 0 -0.000262
5605 0 0 -0.000280
5610 0 0 -0.000300
5615 0 0 -0.000309
5620 0 0 -0.000306
5625 0 0 -0.000290
5630 0 0 -0.000265
5635 0 0 -0.000240
5640 0 0 -0.000230
5645 0 0 -0.000241
5650 0 0 -0.000263
5655 0 0 -0.000280
5660 0 0 -0.000279
5665 0 0 -0.000264
5670 0 0 -0.000240
5675 0 0 -0.000215
5680 0 0 -0.000199
5685 0 0 -0.000200
5690 0 0 -0.000222
5695 0 0 -0.000247
5700 0 0 -0.000250
5705 0 0 -0.000216
5710 0 0 -0.000169
5715 0 0 -0.000140
5720 0 0 -0.000153
5725 0 0 -0.000191
5730 0 0 -0.000230
5735 0 0 -0.000249
5740 0 0 -0.000245
5745 0 0 -0.000220
5750 0 0 -0.000179
5755 0 0 -0.000140
5760 0 0 -0.000120
5765 0 0 -0.000133
5770 0 0 -0.000164
5775 0 0 -0.000190
5780 0 0 -0.000195
5785 0 0 -0.000185
5790 0 0 -0.000170
5795 0 0 -0.000158
5800 0 0 -0.000146
5805 0 0 -0.000130
5810 0 0 -0.000107
5815 0 0 -0.000089
5820 0 0 -0.000090
5825 0 0 -0.000118
5830 0 0 -0.000153
5835 0 0 -0.000170
5840 0 0 -0.000152
5845 0 0 -0.000116
5850 0 0 -0.000090
5855 0 0 -0.000094
5860 0 0 -0.000119
5865 0 0 -0.000150
5870 0 0 -0.000174
5875 0 0 -0.000185
5880 0 0 -0.000180
5885 0 0 -0.000158
5890 0 0 -0.000135
5895 0 0 -0.000130
5900 0 0 -0.000153
5905 0 0 -0.000186
5910 0 0 -0.000200
5915 0 0 -0.000177
5920 0 0 -0.000138
5925 0 0 -0.000110
5930 0 0 -0.000114
5935 0 0 -0.000135
5940 0 0 -0.000150
5945 0 0 -0.000141
5950 0 0 -0.000119
5955 0 0 -0.000100
5960 0 0 -0.000098
5965 0 0 -0.000107
5970 0 0 -0.000120
5975 0 0 -0.000128
5980 0 0 -0.000129
5985 0 0 -0.000120
5990 0 0 -0.000103
5995 0 0 -0.000089
6000 0 0 -0.000090
6005 0 0 -0.000115
6010 0 0 -0.000146
6015 0 0 -0.000160
6020 0 0 -0.000144
6025 0 0 -0.000117
6030 0 0 -0.000110
6035 0 0 -0.000141
6040 0 0 -0.000186
6045 0 0 -0.000210
6050 0 0 -0.000189
6055 0 0 -0.000148
6060 0 0 -0.000120
6065 0 0 -0.000131
6070 0 0 -0.000161
6075 0 0 -0.000180
6080 0 0 -0.000167
6085 0 0 -0.000136
6090 0 0 -0.000110
6095 0 0 -0.000105
6100 0 0 -0.000112
6105 0 0 -0.000120
6110 0 0 -0.000118
6115 0 0 -0.000111
6120 0 0 -0.000110
6125 0 0 -0.000121
6130 0 0 -0.000135
6135 0 0 -0.000140
6140 0 0 -0.000132
6145 0 0 -0.000137
6150 0 0 -0.000190
6155 0 0 -0.000308
6160 0 0 -0.000440
6165 0 0 -0.000520
6170 0 0 -0.000501
6175 0 0 -0.000416
6180 0 0 -0.000320
6185 0 0 -0.000255
6190 0 0 -0.000225
6195 0 0 -0.000220
6200 0 0 -0.000234
6205 0 0 -0.000262
6210 0 0 -0.000300
6215 0 0 -0.000342
6220 0 0 -0.000379
6225 0 0 -0.000400
6230 0 0 -0.000398
6235 0 0 -0.000378
6240 0 0 -0.000350
6245 0 0 -0.000321
6250 0 0 -0.000296
6255 0 0 -0.000280
6260 0 0 -0.000276
6265 0 0 -0.000276
6270 0 0 -0.000270
6275 0 0 -0.000252
6280 0 0 -0.000234
6285 0 0 -0.000230
6290 0 0 -0.000250
6295 0 0 -0.000277
6300 0 0 -0.000290
6305 0 0 -0.000272
6310 0 0 -0.000234
6315 0 0 -0.000190
6320 0 0 -0.000156
6325 0 0 -0.000137
6330 0 0 -0.000140
6335 0 0 -0.000165
6340 0 0 -0.000203
6345 0 0 -0.000240
6350 0 0 -0.000265
6355 0 0 -0.000278
6360 0 0 -0.000280
6365 0 0 -0.000273
6370 0 0 -0.000261
6375 0 0 -0.000250
6380 0 0 -0.000243
6385 0 0 -0.000238
6390 0 0 -0.000230
6395 0 0 -0.000218
6400 0 0 -0.000206
6405 0 0 -0.000200
6410 0 0 -0.000204
6415 0 0 -0.000210
6420 0 0 -0.000210
6425 0 0 -0.000197
6430 0 0 -0.000182
6435 0 0 -0.000180
6440 0 0 -0.000199
6445 0 0 -0.000218
6450 0 0 -0.000210
6455 0 0 -0.000162
6460 0 0 -0.000124
6465 0 0 -0.000160
6470 0 0 -0.000308
6475 0 0 -0.000501
6480 0 0 -0.000650
6485 0 0 -0.000684
6490 0 0 -0.000620
6495 0 0 -0.000500
6500 0 0 -0.000362
6505 0 0 -0.000243
6510 0 0 -0.000180
6515 0 0 -0.000193
6520 0 0 -0.000245
6525 0 0 -0.000280
6530 0 0 -0.000261
6535 0 0 -0.000211
6540 0 0 -0.000170
6545 0 0 -0.000168
6550 0 0 -0.000192
6555 0 0 -0.000220
6560 0 0 -0.000234
6565 0 0 -0.000231
6570 0 0 -0.000210
6575 0 0 -0.000174
6580 0 0 -0.000141
6585 0 0 -0.000130
6590 0 0 -0.000155
6595 0 0 -0.000200
6600 0 0 -0.000240
6605 0 0 -0.000257
6610 0 0 -0.000251
6615 0 0 -0.000230
6620 0 0 -0.000200
6625 0 0 -0.000170
6630 0 0 -0.000150
6635 0 0 -0.000149
6640 0 0 -0.000177
6645 0 0 -0.000240
6650 0 0 -0.000337
6655 0 0 -0.000428
6660 0 0 -0.000460
6665 0 0 -0.000401
6670 0 0 -0.000292
6675 0 0 -0.000190
6680 0 0 -0.000143
6685 0 0 -0.000148
6690 0 0 -0.000190
6695 0 0 -0.000251
6700 0 0 -0.000302
6705 0 0 -0.000310
6710 0 0 -0.000257
6715 0 0 -0.000179
6720 0 0 -0.000130
6725 0 0 -0.000144
6730 0 0 -0.000195
6735 0 0 -0.000240
6740 0 0 -0.000248
6745 0 0 -0.000233
6750 0 0 -0.000220
6755 0 0 -0.000230
6760 0 0 -0.000262
6765 0 0 -0.000310
6770 0 0 -0.000366
6775 0 0 -0.000420
6780 0 0 -0.000460
6785 0 0 -0.000479
6790 0 0 -0.000492
6795 0 0 -0.000520
6800 0 0 -0.000572
6805 0 0 -0.000616
6810 0 0 -0.000610
6815 0 0 -0.000534
6820 0 0 -0.000449
6825 0 0 -0.000440
6830 0 0 -0.000558
6835 0 0 -0.000727
6840 0 0 -0.000840
6845 0 0 -0.000819
6850 0 0 -0.000701
6855 0 0 -0.000550
6860 0 0 -0.000422
6865 0 0 -0.000338
6870 0 0 -0.000310
6875 0 0 -0.000339
6880 0 0 -0.000391
6885 0 0 -0.000420
6890 0 0 -0.000396
6895 0 0 -0.000338
6900 0 0 -0.000280
6905 0 0 -0.000249
6910 0 0 -0.000248
6915 0 0 -0.000270
6920 0 0 -0.000309
6925 0 0 -0.000346
6930 0 0 -0.000360
6935 0 0 -0.000337
6940 0 0 -0.000300
6945 0 0 -0.000280
6950 0 0 -0.000297
6955 0 0 -0.000333
6960 0 0 -0.000360
6965 0 0 -0.000358
6970 0 0 -0.000336
6975 0 0 -0.000310
6980 0 0 -0.000298
6985 0 0 -0.000313
6990 0 0 -0.000370
6995 0 0 -0.000471
7000 0 0 -0.000568
7005 0 0 -0.000600
7010 0 0 -0.000530
7015 0 0 -0.000408
7020 0 0 -0.000310
7025 0 0 -0.000288
7030 0 0 -0.000311
7035 0 0 -0.000330
7040 0 0 -0.000308
7045 0 0 -0.000263
7050 0 0 -0.000230
7055 0 0 -0.000232
7060 0 0 -0.000256
7065 0 0 -0.000280
7070 0 0 -0.000286
7075 0 0 -0.000280
7080 0 0 -0.000270
7085 0 0 -0.000265
7090 0 0 -0.000263
7095 0 0 -0.000260
7100 0 0 -0.000252
7105 0 0 -0.000236
7110 0 0 -0.000210
7115 0 0 -0.000174
7120 0 0 -0.000145
7125 0 0 -0.000140
7130 0 0 -0.000170
7135 0 0 -0.000211
7140 0 0 -0.000230
7145 0 0 -0.000205
7150 0 0 -0.000158
7155 0 0 -0.000120
7160 0 0 -0.000116
7165 0 0 -0.000138
7170 0 0 -0.000170
7175 0 0 -0.000198
7180 0 0 -0.000211
7185 0 0 -0.000200
7190 0 0 -0.000161
7195 0 0 -0.000115
7200 0 0 -0.000090
7205 0 0 -0.000104
7210 0 0 -0.000142
7215 0 0 -0.000180
7220 0 0 -0.000199
7225 0 0 -0.000198
7230 0 0 -0.000180
7235 0 0 -0.000149
7240 0 0 -0.000115
7245 0 0 -0.000090
7250 0 0 -0.000083
7255 0 0 -0.000094
7260 0 0 -0.000120
7265 0 0 -0.000155
7270 0 0 -0.000184
7275 0 0 -0.000190
7280 0 0 -0.000162
7285 0 0 -0.000125
7290 0 0 -0.000110
7295 0 0 -0.000137
7300 0 0 -0.000182
7305 0 0 -0.000210
7310 0 0 -0.000195
7315 0 0 -0.000158
7320 0 0 -0.000130
7325 0 0 -0.000133
7330 0 0 -0.000151
7335 0 0 -0.000160
7340 0 0 -0.000143
7345 0 0 -0.000113
7350 0 0 -0.000090
7355 0 0 -0.000090
7360 0 0 -0.000104
7365 0 0 -0.000120
7370 0 0 -0.000127
7375 0 0 -0.000126
7380 0 0 -0.000120
7385 0 0 -0.000113
7390 0 0 -0.000109
7395 0 0 -0.000110
7400 0 0 -0.000118
7405 0 0 -0.000127
7410 0 0 -0.000130
7415 0 0 -0.000124
7420 0 0 -0.000120
7425 0 0 -0.000130
7430 0 0 -0.000163
7435 0 0 -0.000198
7440 0 0 -0.000210
7445 0 0 -0.000183
7450 0 0 -0.000141
7455 0 0 -0.000120
7460 0 0 -0.000143
7465 0 0 -0.000183
7470 0 0 -0.000200
7475 0 0 -0.000169
7480 0 0 -0.000115
7485 0 0 -0.000080
7490 0 0 -0.000090
7495 0 0 -0.000124
7500 0 0 -0.000150
7505 0 0 -0.000143
7510 0 0 -0.000119
7515 0 0 -0.000100
7520 0 0 -0.000105
7525 0 0 -0.000121
7530 0 0 -0.000130
7535 0 0 -0.000120
7540 0 0 -0.000101
7545 0 0 -0.000090
7550 0 0 -0.000098
7555 0 0 -0.000117
7560 0 0 -0.000130
7565 0 0 -0.000128
7570 0 0 -0.000121
7575 0 0 -0.000120
7580 0 0 -0.000135
7585 0 0 -0.000156
7590 0 0 -0.000170
7595 0 0 -0.000166
7600 0 0 -0.000152
7605 0 0 -0.000140
7610 0 0 -0.000138
7615 0 0 -0.000143
7620 0 0 -0.000150
7625 0 0 -0.000153
7630 0 0 -0.000150
7635 0 0 -0.000140
7640 0 0 -0.000127
7645 0 0 -0.000135
7650 0 0 -0.000190
7655 0 0 -0.000305
7660 0 0 -0.000425
7665 0 0 -0.000480
7670 0 0 -0.000423
7675 0 0 -0.000310
7680 0 0 -0.000220
7685 0 0 -0.000213
7690 0 0 -0.000262
7695 0 0 -0.000320
7700 0 0 -0.000348
7705 0 0 -0.000343
7710 0 0 -0.000310
7715 0 0 -0.000257
7720 0 0 -0.000205
7725 0 0 -0.000180
7730 0 0 -0.000197
7735 0 0 -0.000236
7740 0 0 -0.000270
7745 0 0 -0.000276
7750 0 0 -0.000259
7755 0 0 -0.000230
7760 0 0 -0.000200
7765 0 0 -0.000180
7770 0 0 -0.000180
7775 0 0 -0.000205
7780 0 0 -0.000244
7785 0 0 -0.000280
7790 0 0 -0.000299
7795 0 0 -0.000301
7800 0 0 -0.000290
7805 0 0 -0.000270
7810 0 0 -0.000247
7815 0 0 -0.000230
7820 0 0 -0.000223
7825 0 0 -0.000225
7830 0 0 -0.000230
7835 0 0 -0.000236
7840 0 0 -0.000240
7845 0 0 -0.000240
7850 0 0 -0.000235
7855 0 0 -0.000222
7860 0 0 -0.000200
7865 0 0 -0.000169
7870 0 0 -0.000146
7875 0 0 -0.000150
7880 0 0 -0.000195
7885 0 0 -0.000275
7890 0 0 -0.000380
7895 0 0 -0.000493
7900 0 0 -0.000577
7905 0 0 -0.000590
7910 0 0 -0.000507
7915 0 0 -0.000375
7920 0 0 -0.000260
7925 0 0 -0.000209
7930 0 0 -0.000201
7935 0 0 -0.000200
7940 0 0 -0.000178
7945 0 0 -0.000149
7950 0 0 -0.000140
7955 0 0 -0.000165
7960 0 0 -0.000205
7965 0 0 -0.000230
7970 0 0 -0.000219
7975 0 0 -0.000188
7980 0 0 -0.000160
7985 0 0 -0.000154
7990 0 0 -0.000165
7995 0 0 -0.000180
8000 0 0 -0.000190
8005 0 0 -0.000193
8010 0 0 -0.000190
8015 0 0 -0.000181
8020 0 0 -0.000169
8025 0 0 -0.000160
8030 0 0 -0.000162
8035 0 0 -0.000196
8040 0 0 -0.000290
8045 0 0 -0.000452
8050 0 0 -0.000626
8055 0 0 -0.000740
8060 0 0 -0.000744
8065 0 0 -0.000674
8070 0 0 -0.000590
8075 0 0 -0.000537
8080 0 0 -0.000508
8085 0 0 -0.000480
8090 0 0 -0.000439
8095 0 0 -0.000394
8100 0 0 -0.000360
8105 0 0 -0.000347
8110 0 0 -0.000347
8115 0 0 -0.000350
8120 0 0 -0.000346
8125 0 0 -0.000332
8130 0 0 -0.000310
8135 0 0 -0.000279
8140 0 0 -0.000244
8145 0 0 -0.000210
8150 0 0 -0.000181
8155 0 0 -0.000162
8160 0 0 -0.000160
8165 0 0 -0.000176
8170 0 0 -0.000198
8175 0 0 -0.000210
8180 0 0 -0.000206
8185 0 0 -0.000211
8190 0 0 -0.000260
8195 0 0 -0.000377
8200 0 0 -0.000541
8205 0 0 -0.000720
8210 0 0 -0.000880
8215 0 0 -0.000976
8220 0 0 -0.000960
8225 0 0 -0.000808
8230 0 0 -0.000593
8235 0 0 -0.000410
8240 0 0 -0.000330
8245 0 0 -0.000324
8250 0 0 -0.000340
8255 0 0 -0.000335
8260 0 0 -0.000311
8265 0 0 -0.000280
8270 0 0 -0.000256
8275 0 0 -0.000259
8280 0 0 -0.000310
8285 0 0 -0.000416
8290 0 0 -0.000520
8295 0 0 -0.000550
8300 0 0 -0.000464
8305 0 0 -0.000337
8310 0 0 -0.000270
8315 0 0 -0.000333
8320 0 0 -0.000460
8325 0 0 -0.000550
8330 0 0 -0.000530
8335 0 0 -0.000435
8340 0 0 -0.000330
8345 0 0 -0.000266
8350 0 0 -0.000246
8355 0 0 -0.000260
8360 0 0 -0.000298
8365 0 0 -0.000338
8370 0 0 -0.000360
8375 0 0 -0.000348
8380 0 0 -0.000317
8385 0 0 -0.000290
8390 0 0 -0.000285
8395 0 0 -0.000305
8400 0 0 -0.000350
8405 0 0 -0.000413
8410 0 0 -0.000467
8415 0 0 -0.000480
8420 0 0 -0.000433
8425 0 0 -0.000361
8430 0 0 -0.000310
8435 0 0 -0.000313
8440 0 0 -0.000346
8445 0 0 -0.000370
8450 0 0 -0.000359
8455 0 0 -0.000337
8460 0 0 -0.000340
8465 0 0 -0.000391
8470 0 0 -0.000460
8475 0 0 -0.000500
8480 0 0 -0.000481
8485 0 0 -0.000420
8490 0 0 -0.000350
8495 0 0 -0.000297
8500 0 0 -0.000272
8505 0 0 -0.000280
8510 0 0 -0.000321
8515 0 0 -0.000371
8520 0 0 -0.000400
8525 0 0 -0.000387
8530 0 0 -0.000346
8535 0 0 -0.000300
8540 0 0 -0.000267
8545 0 0 -0.000246
8550 0 0 -0.000230
8555 0 0 -0.000214
8560 0 0 -0.000195
8565 0 0 -0.000170
8570 0 0 -0.000139
8575 0 0 -0.000114
8580 0 0 -0.000110
8585 0 0 -0.000135
8590 0 0 -0.000168
8595 0 0 -0.000180
8600 0 0 -0.000154
8605 0 0 -0.000113
8610 0 0 -0.000090
8615 0 0 -0.000106
8620 0 0 -0.000141
8625 0 0 -0.000160
8630 0 0 -0.000143
8635 0 0 -0.000109
8640 0 0 -0.000090
8645 0 0 -0.000108
8650 0 0 -0.000149
8655 0 0 -0.000190
8660 0 0 -0.000214
8665 0 0 -0.000221
8670 0 0 -0.000220
8675 0 0 -0.000214
8680 0 0 -0.000202
8685 0 0 -0.000180
8690 0 0 -0.000147
8695 0 0 -0.000120
8700 0 0 -0.000120
8705 0 0 -0.000157
8710 0 0 -0.000202
8715 0 0 -0.000220
8720 0 0 -0.000185
8725 0 0 -0.000124
8730 0 0 -0.000080
8735 0 0 -0.000081
8740 0 0 -0.000110
8745 0 0 -0.000140
8750 0 0 -0.000148
8755 0 0 -0.000138
8760 0 0 -0.000120
8765 0 0 -0.000103
8770 0 0 -0.000094
8775 0 0 -0.000100
8780 0 0 -0.000122
8785 0 0 -0.000146
8790 0 0 -0.000150
8795 0 0 -0.000123
8800 0 0 -0.000089
8805 0 0 -0.000080
8810 0 0 -0.000115
8815 0 0 -0.000168
8820 0 0 -0.000200
8825 0 0 -0.000185
8830 0 0 -0.000146
8835 0 0 -0.000120
8840 0 0 -0.000132
8845 0 0 -0.000165
8850 0 0 -0.000190
8855 0 0 -0.000186
8860 0 0 -0.000164
8865 0 0 -0.000140
8870 0 0 -0.000129
8875 0 0 -0.000127
8880 0 0 -0.000130
8885 0 0 -0.000131
8890 0 0 -0.000128
8895 0 0 -0.000120
8900 0 0 -0.000107
8905 0 0 -0.000097
8910 0 0 -0.000100
8915 0 0 -0.000122
8920 0 0 -0.000146
8925 0 0 -0.000150
8930 0 0 -0.000122
8935 0 0 -0.000085
8940 0 0 -0.000070
8945 0 0 -0.000097
8950 0 0 -0.000142
8955 0 0 -0.000170
8960 0 0 -0.000157
8965 0 0 -0.000126
8970 0 0 -0.000110
8975 0 0 -0.000132
8980 0 0 -0.000169
8985 0 0 -0.000190
8990 0 0 -0.000172
8995 0 0 -0.000138
9000 0 0 -0.000120
9005 0 0 -0.000140
9010 0 0 -0.000175
9015 0 0 -0.000190
9020 0 0 -0.000163
9025 0 0 -0.000117
9030 0 0 -0.000090
9035 0 0 -0.000106
9040 0 0 -0.000141
9045 0 0 -0.000160
9050 0 0 -0.000139
9055 0 0 -0.000101
9060 0 0 -0.000080
9065 0 0 -0.000098
9070 0 0 -0.000131
9075 0 0 -0.000140
9080 0 0 -0.000105
9085 0 0 -0.000072
9090 0 0 -0.000100
9095 0 0 -0.000226
9100 0 0 -0.000384
9105 0 0 -0.000480
9110 0 0 -0.000452
9115 0 0 -0.000354
9120 0 0 -0.000270
9125 0 0 -0.000262
9130 0 0 -0.000304
9135 0 0 -0.000350
9140 0 0 -0.000363
9145 0 0 -0.000346
9150 0 0 -0.000310
9155 0 0 -0.000269
9160 0 0 -0.000237
9165 0 0 -0.000230
9170 0 0 -0.000255
9175 0 0 -0.000286
9180 0 0 -0.000290
9185 0 0 -0.000244
9190 0 0 -0.000177
9195 0 0 -0.000130
9200 0 0 -0.000132
9205 0 0 -0.000173
9210 0 0 -0.000230
9215 0 0 -0.000283
9220 0 0 -0.000316
9225 0 0 -0.000310
9230 0 0 -0.000260
9235 0 0 -0.000193
9240 0 0 -0.000150
9245 0 0 -0.000155
9250 0 0 -0.000184
9255 0 0 -0.000200
9260 0 0 -0.000178
9265 0 0 -0.000139
9270 0 0 -0.000120
9275 0 0 -0.000143
9280 0 0 -0.000192
9285 0 0 -0.000240
9290 0 0 -0.000265
9295 0 0 -0.000269
9300 0 0 -0.000260
9305 0 0 -0.000247
9310 0 0 -0.000235
9315 0 0 -0.000230
9320 0 0 -0.000233
9325 0 0 -0.000230
9330 0 0 -0.000200
9335 0 0 -0.000138
9340 0 0 -0.000089
9345 0 0 -0.000110
9350 0 0 -0.000232
9355 0 0 -0.000382
9360 0 0 -0.000460
9365 0 0 -0.000397
9370 0 0 -0.000256
9375 0 0 -0.000130
9380 0 0 -0.000090
9385 0 0 -0.000115
9390 0 0 -0.000160
9395 0 0 -0.000190
9400 0 0 -0.000196
9405 0 0 -0.000180
9410 0 0 -0.000146
9415 0 0 -0.000114
9420 0 0 -0.000110
9425 0 0 -0.000149
9430 0 0 -0.000207
9435 0 0 -0.000250
9440 0 0 -0.000254
9445 0 0 -0.000233
9450 0 0 -0.000210
9455 0 0 -0.000205
9460 0 0 -0.000214
9465 0 0 -0.000230
9470 0 0 -0.000245
9475 0 0 -0.000251
9480 0 0 -0.000240
9485 0 0 -0.000209
9490 0 0 -0.000174
9495 0 0 -0.000160
9500 0 0 -0.000179
9505 0 0 -0.000212
9510 0 0 -0.000230
9515 0 0 -0.000213
9520 0 0 -0.000178
9525 0 0 -0.000150
9530 0 0 -0.000151
9535 0 0 -0.000182
9540 0 0 -0.000240
9545 0 0 -0.000314
9550 0 0 -0.000371
9555 0 0 -0.000370
9560 0 0 -0.000290
9565 0 0 -0.000183
9570 0 0 -0.000120
9575 0 0 -0.000147
9580 0 0 -0.000223
9585 0 0 -0.000280
9590 0 0 -0.000272
9595 0 0 -0.000227
9600 0 0 -0.000190
9605 0 0 -0.000196
9610 0 0 -0.000228
9615 0 0 -0.000260
9620 0 0 -0.000270
9625 0 0 -0.000266
9630 0 0 -0.000260
9635 0 0 -0.000260
9640 0 0 -0.000253
9645 0 0 -0.000220
9650 0 0 -0.000155
9655 0 0 -0.000110
9660 0 0 -0.000150
9665 0 0 -0.000309
9670 0 0 -0.000499
9675 0 0 -0.000600
9680 0 0 -0.000531
9685 0 0 -0.000366
9690 0 0 -0.000220
9695 0 0 -0.000177
9700 0 0 -0.000212
9705 0 0 -0.000270
9710 0 0 -0.000306
9715 0 0 -0.000318
9720 0 0 -0.000310
9725 0 0 -0.000291
9730 0 0 -0.000276
9735 0 0 -0.000280
9740 0 0 -0.000311
9745 0 0 -0.000348
9750 0 0 -0.000360
9755 0 0 -0.000329
9760 0 0 -0.000278
9765 0 0 -0.000240
9770 0 0 -0.000239
9775 0 0 -0.000260
9780 0 0 -0.000280
9785 0 0 -0.000281
9790 0 0 -0.000265
9795 0 0 -0.000240
9800 0 0 -0.000214
9805 0 0 -0.000195
9810 0 0 -0.000190
9815 0 0 -0.000202
9820 0 0 -0.000218
9825 0 0 -0.000220
9830 0 0 -0.000199
9835 0 0 -0.000174
9840 0 0 -0.000170
9845 0 0 -0.000203
9850 0 0 -0.000246
9855 0 0 -0.000260
9860 0 0 -0.000222
9865 0 0 -0.000170
9870 0 0 -0.000160
9875 0 0 -0.000227
9880 0 0 -0.000327
9885 0 0 -0.000400
9890 0 0 -0.000399
9895 0 0 -0.000347
9900 0 0 -0.000280
9905 0 0 -0.000231
9910 0 0 -0.000210
9915 0 0 -0.000220
9920 0 0 -0.000259
9925 0 0 -0.000303
9930 0 0 -0.000320
9935 0 0 -0.000292
9940 0 0 -0.000246
9945 0 0 -0.000220
9950 0 0 -0.000240
9955 0 0 -0.000283
9960 0 0 -0.000310
9965 0 0 -0.000296
9970 0 0 -0.000254
9975 0 0 -0.000210
9980 0 0 -0.000183
9985 0 0 -0.000174
9990 0 0 -0.000180
9995 0 0 -0.000195
10000 0 0 -0.000207
10005 0 0 -0.000200
10010 0 0 -0.000167
10015 0 0 -0.000128
10020 0 0 -0.000110
10025 0 0 -0.000129
10030 0 0 -0.000166
10035 0 0 -0.000190
10040 0 0 -0.000181
10045 0 0 -0.000155
10050 0 0 -0.000140
10055 0 0 -0.000153
10060 0 0 -0.000186
10065 0 0 -0.000220
10070 0 0 -0.000239
10075 0 0 -0.000224
