0 0 0 -0.000232
5 0 0 -0.000255
10 0 0 -0.000251
15 0 0 -0.000230
20 0 0 -0.000203
25 0 0 -0.000180
30 0 0 -0.000172
35 0 0 -0.000185
40 0 0 -0.000209
45 0 0 -0.000230
50 0 0 -0.000236
55 0 0 -0.000233
60 0 0 -0.000230
65 0 0 -0.000233
70 0 0 -0.000236
75 0 0 -0.000230
80 0 0 -0.000211
85 0 0 -0.000188
90 0 0 -0.000174
95 0 0 -0.000179
100 0 0 -0.000199
105 0 0 -0.000230
110 0 0 -0.000263
115 0 0 -0.000287
120 0 0 -0.000288
125 0 0 -0.000258
130 0 0 -0.000212
135 0 0 -0.000172
140 0 0 -0.000153
145 0 0 -0.000155
150 0 0 -0.000172
155 0 0 -0.000199
160 0 0 -0.000237
165 0 0 -0.000288
170 0 0 -0.000348
175 0 0 -0.000396
180 0 0 -0.000404
185 0 0 -0.000356
190 0 0 -0.000284
195 0 0 -0.000230
200 0 0 -0.000225
205 0 0 -0.000253
210 0 0 -0.000288
215 0 0 -0.000308
220 0 0 -0.000308
225 0 0 -0.000288
230 0 0 -0.000250
235 0 0 -0.000207
240 0 0 -0.000172
245 0 0 -0.000156
250 0 0 -0.000158
255 0 0 -0.000172
260 0 0 -0.000193
265 0 0 -0.000214
270 0 0 -0.000230
275 0 0 -0.000236
280 0 0 -0.000234
285 0 0 -0.000230
290 0 0 -0.000227
295 0 0 -0.000227
300 0 0 -0.000230
305 0 0 -0.000235
310 0 0 -0.000237
315 0 0 -0.000230
320 0 0 -0.000210
325 0 0 -0.000187
330 0 0 -0.000172
335 0 0 -0.000176
340 0 0 -0.000197
345 0 0 -0.000230
350 0 0 -0.000268
355 0 0 -0.000295
360 0 0 -0.000288
365 0 0 -0.000238
370 0 0 -0.000168
375 0 0 -0.000114
380 0 0 -0.000103
385 0 0 -0.000141
390 0 0 -0.000230
395 0 0 -0.000359
400 0 0 -0.000476
405 0 0 -0.000518
410 0 0 -0.000449
415 0 0 -0.000341
420 0 0 -0.000290
425 0 0 -0.000366
430 0 0 -0.000524
435 0 0 -0.000690
440 0 0 -0.000807
445 0 0 -0.000878
450 0 0 -0.000922
455 0 0 -0.000949
460 0 0 -0.000938
465 0 0 -0.000864
470 0 0 -0.000713
475 0 0 -0.000538
480 0 0 -0.000404
485 0 0 -0.000357
490 0 0 -0.000358
495 0 0 -0.000344
500 0 0 -0.000278
505 0 0 -0.000214
510 0 0 -0.000230
515 0 0 -0.000370
520 0 0 -0.000545
525 0 0 -0.000634
530 0 0 -0.000555
535 0 0 -0.000382
540 0 0 -0.000230
545 0 0 -0.000182
550 0 0 -0.000203
555 0 0 -0.000230
560 0 0 -0.000215
565 0 0 -0.000183
570 0 0 -0.000174
575 0 0 -0.000215
580 0 0 -0.000270
585 0 0 -0.000288
590 0 0 -0.000236
595 0 0 -0.000157
600 0 0 -0.000116
605 0 0 -0.000154
610 0 0 -0.000232
615 0 0 -0.000288
620 0 0 -0.000279
625 0 0 -0.000228
630 0 0 -0.000174
635 0 0 -0.000149
640 0 0 -0.000151
645 0 0 -0.000172
650 0 0 -0.000202
655 0 0 -0.000227
660 0 0 -0.000232
665 0 0 -0.000210
670 0 0 -0.000181
675 0 0 -0.000174
680 0 0 -0.000207
685 0 0 -0.000256
690 0 0 -0.000290
695 0 0 -0.000285
700 0 0 -0.000256
705 0 0 -0.000230
710 0 0 -0.000225
715 0 0 -0.000231
720 0 0 -0.000228
725 0 0 -0.000206
730 0 0 -0.000180
735 0 0 -0.000174
740 0 0 -0.000202
745 0 0 -0.000248
750 0 0 -0.000288
755 0 0 -0.000309
760 0 0 -0.000350
765 0 0 -0.000460
770 0 0 -0.000663
775 0 0 -0.000874
780 0 0 -0.000980
785 0 0 -0.000904
790 0 0 -0.000715
795 0 0 -0.000518
800 0 0 -0.000395
805 0 0 -0.000331
810 0 0 -0.000288
815 0 0 -0.000239
820 0 0 -0.000193
825 0 0 -0.000172
830 0 0 -0.000186
835 0 0 -0.000216
840 0 0 -0.000230
845 0 0 -0.000211
850 0 0 -0.000181
855 0 0 -0.000174
860 0 0 -0.000211
865 0 0 -0.000264
870 0 0 -0.000288
875 0 0 -0.000255
880 0 0 -0.000187
885 0 0 -0.000116
890 0 0 -0.000073
895 0 0 -0.000070
900 0 0 -0.000116
905 0 0 -0.000208
910 0 0 -0.000303
915 0 0 -0.000346
920 0 0 -0.000303
925 0 0 -0.000222
930 0 0 -0.000174
935 0 0 -0.000206
940 0 0 -0.000282
945 0 0 -0.000346
950 0 0 -0.000353
955 0 0 -0.000308
960 0 0 -0.000230
965 0 0 -0.000149
970 0 0 -0.000139
975 0 0 -0.000288
980 0 0 -0.000642
985 0 0 -0.001095
990 0 0 -0.001498
995 0 0 -0.001731
1000 0 0 -0.001769
1005 0 0 -0.001614
1010 0 0 -0.001291
1015 0 0 -0.000917
1020 0 0 -0.000634
1025 0 0 -0.000542
1030 0 0 -0.000577
1035 0 0 -0.000634
1040 0 0 -0.000634
1045 0 0 -0.000598
1050 0 0 -0.000576
1055 0 0 -0.000601
1060 0 0 -0.000650
1065 0 0 -0.000690
1070 0 0 -0.000701
1075 0 0 -0.000736
1080 0 0 -0.000864
1085 0 0 -0.001114
1090 0 0 -0.001361
1095 0 0 -0.001440
1100 0 0 -0.001252
1105 0 0 -0.000963
1110 0 0 -0.000806
1115 0 0 -0.000940
1120 0 0 -0.001223
1125 0 0 -0.001440
1130 0 0 -0.001435
1135 0 0 -0.001291
1140 0 0 -0.001152
1145 0 0 -0.001121
1150 0 0 -0.001136
1155 0 0 -0.001094
1160 0 0 -0.000930
1165 0 0 -0.000720
1170 0 0 -0.000578
1175 0 0 -0.000582
1180 0 0 -0.000672
1185 0 0 -0.000750
1190 0 0 -0.000746
1195 0 0 -0.000690
1200 0 0 -0.000634
1205 0 0 -0.000619
1210 0 0 -0.000630
1215 0 0 -0.000634
1220 0 0 -0.000612
1225 0 0 -0.000583
1230 0 0 -0.000576
1235 0 0 -0.000608
1240 0 0 -0.000658
1245 0 0 -0.000690
1250 0 0 -0.000682
1255 0 0 -0.000654
1260 0 0 -0.000634
1265 0 0 -0.000646
1270 0 0 -0.000687
1275 0 0 -0.000750
1280 0 0 -0.000823
1285 0 0 -0.000887
1290 0 0 -0.000922
1295 0 0 -0.000912
1300 0 0 -0.000868
1305 0 0 -0.000806
1310 0 0 -0.000738
1315 0 0 -0.000663
1320 0 0 -0.000576
1325 0 0 -0.000479
1330 0 0 -0.000408
1335 0 0 -0.000404
1340 0 0 -0.000488
1345 0 0 -0.000594
1350 0 0 -0.000632
1355 0 0 -0.000545
1360 0 0 -0.000398
1365 0 0 -0.000288
1370 0 0 -0.000285
1375 0 0 -0.000346
1380 0 0 -0.000402
1385 0 0 -0.000399
1390 0 0 -0.000351
1395 0 0 -0.000286
1400 0 0 -0.000229
1405 0 0 -0.000190
1410 0 0 -0.000172
1415 0 0 -0.000178
1420 0 0 -0.000200
1425 0 0 -0.000230
1430 0 0 -0.000259
1435 0 0 -0.000280
1440 0 0 -0.000288
1445 0 0 -0.000278
1450 0 0 -0.000256
1455 0 0 -0.000230
1460 0 0 -0.000207
1465 0 0 -0.000188
1470 0 0 -0.000172
1475 0 0 -0.000160
1480 0 0 -0.000159
1485 0 0 -0.000174
1490 0 0 -0.000210
1495 0 0 -0.000253
1500 0 0 -0.000288
1505 0 0 -0.000303
1510 0 0 -0.000300
1515 0 0 -0.000288
1520 0 0 -0.000272
1525 0 0 -0.000253
1530 0 0 -0.000230
1535 0 0 -0.000203
1540 0 0 -0.000180
1545 0 0 -0.000172
1550 0 0 -0.000185
1555 0 0 -0.000209
1560 0 0 -0.000230
1565 0 0 -0.000237
1570 0 0 -0.000234
1575 0 0 -0.000230
1580 0 0 -0.000230
1585 0 0 -0.000231
1590 0 0 -0.000230
1595 0 0 -0.000224
1600 0 0 -0.000221
1605 0 0 -0.000230
1610 0 0 -0.000257
1615 0 0 -0.000284
1620 0 0 -0.000288
1625 0 0 -0.000256
1630 0 0 -0.000208
1635 0 0 -0.000172
1640 0 0 -0.000170
1645 0 0 -0.000194
1650 0 0 -0.000230
1655 0 0 -0.000264
1660 0 0 -0.000286
1665 0 0 -0.000288
1670 0 0 -0.000266
1675 0 0 -0.000238
1680 0 0 -0.000230
1685 0 0 -0.000255
1690 0 0 -0.000287
1695 0 0 -0.000288
1700 0 0 -0.000236
1705 0 0 -0.000162
1710 0 0 -0.000114
1715 0 0 -0.000124
1720 0 0 -0.000173
1725 0 0 -0.000230
1730 0 0 -0.000268
1735 0 0 -0.000286
1740 0 0 -0.000288
1745 0 0 -0.000278
1750 0 0 -0.000258
1755 0 0 -0.000230
1760 0 0 -0.000197
1765 0 0 -0.000172
1770 0 0 -0.000172
1775 0 0 -0.000206
1780 0 0 -0.000253
1785 0 0 -0.000288
1790 0 0 -0.000290
1795 0 0 -0.000267
1800 0 0 -0.000230
1805 0 0 -0.000194
1810 0 0 -0.000171
1815 0 0 -0.000174
1820 0 0 -0.000209
1825 0 0 -0.000256
1830 0 0 -0.000288
1835 0 0 -0.000286
1840 0 0 -0.000260
1845 0 0 -0.000230
1850 0 0 -0.000217
1855 0 0 -0.000261
1860 0 0 -0.000404
1865 0 0 -0.000660
1870 0 0 -0.000933
1875 0 0 -0.001096
1880 0 0 -0.001062
1885 0 0 -0.000894
1890 0 0 -0.000690
1895 0 0 -0.000532
1900 0 0 -0.000423
1905 0 0 -0.000346
1910 0 0 -0.000288
1915 0 0 -0.000249
1920 0 0 -0.000230
1925 0 0 -0.000231
1930 0 0 -0.000237
1935 0 0 -0.000232
1940 0 0 -0.000206
1945 0 0 -0.000177
1950 0 0 -0.000172
1955 0 0 -0.000207
1960 0 0 -0.000258
1965 0 0 -0.000288
1970 0 0 -0.000273
1975 0 0 -0.000226
1980 0 0 -0.000172
1985 0 0 -0.000132
1990 0 0 -0.000112
1995 0 0 -0.000116
2000 0 0 -0.000144
2005 0 0 -0.000187
2010 0 0 -0.000230
2015 0 0 -0.000263
2020 0 0 -0.000283
2025 0 0 -0.000288
2030 0 0 -0.000278
2035 0 0 -0.000257
2040 0 0 -0.000230
2045 0 0 -0.000203
2050 0 0 -0.000182
2055 0 0 -0.000172
2060 0 0 -0.000178
2065 0 0 -0.000198
2070 0 0 -0.000230
2075 0 0 -0.000267
2080 0 0 -0.000293
2085 0 0 -0.000288
2090 0 0 -0.000240
2095 0 0 -0.000172
2100 0 0 -0.000116
2105 0 0 -0.000098
2110 0 0 -0.000119
2115 0 0 -0.000174
2120 0 0 -0.000254
2125 0 0 -0.000324
2130 0 0 -0.000344
2135 0 0 -0.000292
2140 0 0 -0.000215
2145 0 0 -0.000174
2150 0 0 -0.000212
2155 0 0 -0.000290
2160 0 0 -0.000346
2165 0 0 -0.000337
2170 0 0 -0.000285
2175 0 0 -0.000230
2180 0 0 -0.000204
2185 0 0 -0.000208
2190 0 0 -0.000232
2195 0 0 -0.000267
2200 0 0 -0.000294
2205 0 0 -0.000288
2210 0 0 -0.000238
2215 0 0 -0.000168
2220 0 0 -0.000114
2225 0 0 -0.000103
2230 0 0 -0.000128
2235 0 0 -0.000174
2240 0 0 -0.000226
2245 0 0 -0.000270
2250 0 0 -0.000288
2255 0 0 -0.000273
2260 0 0 -0.000245
2265 0 0 -0.000230
2270 0 0 -0.000247
2275 0 0 -0.000275
2280 0 0 -0.000288
2285 0 0 -0.000267
2290 0 0 -0.000236
2295 0 0 -0.000230
2300 0 0 -0.000270
2305 0 0 -0.000324
2310 0 0 -0.000346
2315 0 0 -0.000306
2320 0 0 -0.000234
2325 0 0 -0.000172
2330 0 0 -0.000154
2335 0 0 -0.000163
2340 0 0 -0.000172
2345 0 0 -0.000162
2350 0 0 -0.000153
2355 0 0 -0.000174
2360 0 0 -0.000240
2365 0 0 -0.000314
2370 0 0 -0.000346
2375 0 0 -0.000305
2380 0 0 -0.000228
2385 0 0 -0.000172
2390 0 0 -0.000175
2395 0 0 -0.000210
2400 0 0 -0.000232
2405 0 0 -0.000211
2410 0 0 -0.000176
2415 0 0 -0.000172
2420 0 0 -0.000234
2425 0 0 -0.000369
2430 0 0 -0.000576
2435 0 0 -0.000839
2440 0 0 -0.001080
2445 0 0 -0.001210
2450 0 0 -0.001163
2455 0 0 -0.000986
2460 0 0 -0.000750
2465 0 0 -0.000524
2470 0 0 -0.000356
2475 0 0 -0.000288
2480 0 0 -0.000342
2485 0 0 -0.000448
2490 0 0 -0.000516
2495 0 0 -0.000484
2500 0 0 -0.000400
2505 0 0 -0.000344
2510 0 0 -0.000373
2515 0 0 -0.000464
2520 0 0 -0.000576
2525 0 0 -0.000673
2530 0 0 -0.000749
2535 0 0 -0.000806
2540 0 0 -0.000844
2545 0 0 -0.000864
2550 0 0 -0.000864
2555 0 0 -0.000847
2560 0 0 -0.000823
2565 0 0 -0.000806
2570 0 0 -0.000805
2575 0 0 -0.000810
2580 0 0 -0.000806
2585 0 0 -0.000784
2590 0 0 -0.000758
2595 0 0 -0.000748
2600 0 0 -0.000769
2605 0 0 -0.000812
2610 0 0 -0.000864
2615 0 0 -0.000913
2620 0 0 -0.000953
2625 0 0 -0.000978
2630 0 0 -0.000981
2635 0 0 -0.000948
2640 0 0 -0.000864
2645 0 0 -0.000731
2650 0 0 -0.000624
2655 0 0 -0.000634
2660 0 0 -0.000814
2665 0 0 -0.001056
2670 0 0 -0.001210
2675 0 0 -0.001172
2680 0 0 -0.001017
2685 0 0 -0.000864
2690 0 0 -0.000803
2695 0 0 -0.000804
2700 0 0 -0.000806
2705 0 0 -0.000768
2710 0 0 -0.000729
2715 0 0 -0.000748
2720 0 0 -0.000861
2725 0 0 -0.001006
2730 0 0 -0.001096
2735 0 0 -0.001069
2740 0 0 -0.000954
2745 0 0 -0.000806
2750 0 0 -0.000671
2755 0 0 -0.000571
2760 0 0 -0.000518
2765 0 0 -0.000517
2770 0 0 -0.000532
2775 0 0 -0.000518
2780 0 0 -0.000445
2785 0 0 -0.000350
2790 0 0 -0.000288
2795 0 0 -0.000295
2800 0 0 -0.000333
2805 0 0 -0.000346
2810 0 0 -0.000296
2815 0 0 -0.000220
2820 0 0 -0.000172
2825 0 0 -0.000190
2830 0 0 -0.000244
2835 0 0 -0.000288
2840 0 0 -0.000287
2845 0 0 -0.000257
2850 0 0 -0.000230
2855 0 0 -0.000226
2860 0 0 -0.000234
2865 0 0 -0.000232
2870 0 0 -0.000209
2875 0 0 -0.000181
2880 0 0 -0.000174
2885 0 0 -0.000204
2890 0 0 -0.000252
2895 0 0 -0.000288
2900 0 0 -0.000291
2905 0 0 -0.000267
2910 0 0 -0.000230
2915 0 0 -0.000194
2920 0 0 -0.000171
2925 0 0 -0.000174
2930 0 0 -0.000208
2935 0 0 -0.000254
2940 0 0 -0.000288
2945 0 0 -0.000290
2950 0 0 -0.000267
2955 0 0 -0.000230
2960 0 0 -0.000192
2965 0 0 -0.000167
2970 0 0 -0.000174
2975 0 0 -0.000218
2980 0 0 -0.000269
2985 0 0 -0.000288
2990 0 0 -0.000250
2995 0 0 -0.000193
3000 0 0 -0.000172
3005 0 0 -0.000222
3010 0 0 -0.000300
3015 0 0 -0.000346
3020 0 0 -0.000317
3025 0 0 -0.000243
3030 0 0 -0.000174
3035 0 0 -0.000147
3040 0 0 -0.000153
3045 0 0 -0.000172
3050 0 0 -0.000188
3055 0 0 -0.000204
3060 0 0 -0.000230
3065 0 0 -0.000268
3070 0 0 -0.000297
3075 0 0 -0.000288
3080 0 0 -0.000226
3085 0 0 -0.000151
3090 0 0 -0.000116
3095 0 0 -0.000155
3100 0 0 -0.000231
3105 0 0 -0.000288
3110 0 0 -0.000287
3115 0 0 -0.000254
3120 0 0 -0.000230
3125 0 0 -0.000243
3130 0 0 -0.000274
3135 0 0 -0.000288
3140 0 0 -0.000263
3145 0 0 -0.000215
3150 0 0 -0.000172
3155 0 0 -0.000154
3160 0 0 -0.000158
3165 0 0 -0.000172
3170 0 0 -0.000188
3175 0 0 -0.000207
3180 0 0 -0.000232
3185 0 0 -0.000262
3190 0 0 -0.000286
3195 0 0 -0.000288
3200 0 0 -0.000260
3205 0 0 -0.000216
3210 0 0 -0.000174
3215 0 0 -0.000151
3220 0 0 -0.000151
3225 0 0 -0.000174
3230 0 0 -0.000216
3235 0 0 -0.000261
3240 0 0 -0.000288
3245 0 0 -0.000284
3250 0 0 -0.000259
3255 0 0 -0.000230
3260 0 0 -0.000210
3265 0 0 -0.000194
3270 0 0 -0.000174
3275 0 0 -0.000149
3280 0 0 -0.000154
3285 0 0 -0.000230
3290 0 0 -0.000396
3295 0 0 -0.000567
3300 0 0 -0.000634
3305 0 0 -0.000538
3310 0 0 -0.000417
3315 0 0 -0.000460
3320 0 0 -0.000776
3325 0 0 -0.001160
3330 0 0 -0.001326
3335 0 0 -0.001084
3340 0 0 -0.000624
3345 0 0 -0.000230
3350 0 0 -0.000115
3355 0 0 -0.000203
3360 0 0 -0.000346
3365 0 0 -0.000425
3370 0 0 -0.000436
3375 0 0 -0.000404
3380 0 0 -0.000350
3385 0 0 -0.000288
3390 0 0 -0.000228
3395 0 0 -0.000182
3400 0 0 -0.000159
3405 0 0 -0.000172
3410 0 0 -0.000223
3415 0 0 -0.000291
3420 0 0 -0.000346
3425 0 0 -0.000367
3430 0 0 -0.000361
3435 0 0 -0.000344
3440 0 0 -0.000328
3445 0 0 -0.000311
3450 0 0 -0.000288
3455 0 0 -0.000256
3460 0 0 -0.000217
3465 0 0 -0.000174
3470 0 0 -0.000133
3475 0 0 -0.000108
3480 0 0 -0.000116
3485 0 0 -0.000166
3490 0 0 -0.000235
3495 0 0 -0.000288
3500 0 0 -0.000302
3505 0 0 -0.000279
3510 0 0 -0.000230
3515 0 0 -0.000169
3520 0 0 -0.000122
3525 0 0 -0.000116
3530 0 0 -0.000168
3535 0 0 -0.000241
3540 0 0 -0.000288
3545 0 0 -0.000274
3550 0 0 -0.000223
3555 0 0 -0.000172
3560 0 0 -0.000151
3565 0 0 -0.000155
3570 0 0 -0.000172
3575 0 0 -0.000191
3580 0 0 -0.000210
3585 0 0 -0.000230
3590 0 0 -0.000252
3595 0 0 -0.000286
3600 0 0 -0.000344
3605 0 0 -0.000428
3610 0 0 -0.000502
3615 0 0 -0.000518
3620 0 0 -0.000448
3625 0 0 -0.000333
3630 0 0 -0.000230
3635 0 0 -0.000184
3640 0 0 -0.000190
3645 0 0 -0.000230
3650 0 0 -0.000284
3655 0 0 -0.000331
3660 0 0 -0.000346
3665 0 0 -0.000316
3670 0 0 -0.000266
3675 0 0 -0.000230
3680 0 0 -0.000232
3685 0 0 -0.000259
3690 0 0 -0.000288
3695 0 0 -0.000301
3700 0 0 -0.000299
3705 0 0 -0.000288
3710 0 0 -0.000275
3715 0 0 -0.000271
3720 0 0 -0.000288
3725 0 0 -0.000331
3730 0 0 -0.000379
3735 0 0 -0.000404
3740 0 0 -0.000386
3745 0 0 -0.000340
3750 0 0 -0.000288
3755 0 0 -0.000251
3760 0 0 -0.000232
3765 0 0 -0.000232
3770 0 0 -0.000250
3775 0 0 -0.000273
3780 0 0 -0.000288
3785 0 0 -0.000283
3790 0 0 -0.000261
3795 0 0 -0.000230
3800 0 0 -0.000197
3805 0 0 -0.000174
3810 0 0 -0.000174
3815 0 0 -0.000205
3820 0 0 -0.000251
3825 0 0 -0.000288
3830 0 0 -0.000300
3835 0 0 -0.000294
3840 0 0 -0.000286
3845 0 0 -0.000285
3850 0 0 -0.000287
3855 0 0 -0.000286
3860 0 0 -0.000273
3865 0 0 -0.000238
3870 0 0 -0.000172
3875 0 0 -0.000085
3880 0 0 -0.000067
3885 0 0 -0.000230
3890 0 0 -0.000629
3895 0 0 -0.001104
3900 0 0 -0.001440
3905 0 0 -0.001480
3910 0 0 -0.001300
3915 0 0 -0.001036
3920 0 0 -0.000799
3925 0 0 -0.000609
3930 0 0 -0.000460
3935 0 0 -0.000357
3940 0 0 -0.000341
3945 0 0 -0.000460
3950 0 0 -0.000733
3955 0 0 -0.001049
3960 0 0 -0.001268
3965 0 0 -0.001288
3970 0 0 -0.001176
3975 0 0 -0.001038
3980 0 0 -0.000956
3985 0 0 -0.000912
3990 0 0 -0.000862
3995 0 0 -0.000780
4000 0 0 -0.000704
4005 0 0 -0.000690
4010 0 0 -0.000770
4015 0 0 -0.000876
4020 0 0 -0.000920
4025 0 0 -0.000840
4030 0 0 -0.000695
4035 0 0 -0.000574
4040 0 0 -0.000543
4045 0 0 -0.000578
4050 0 0 -0.000632
4055 0 0 -0.000667
4060 0 0 -0.000682
4065 0 0 -0.000690
4070 0 0 -0.000697
4075 0 0 -0.000699
4080 0 0 -0.000692
4085 0 0 -0.000670
4090 0 0 -0.000632
4095 0 0 -0.000576
4100 0 0 -0.000505
4105 0 0 -0.000439
4110 0 0 -0.000404
4115 0 0 -0.000417
4120 0 0 -0.000463
4125 0 0 -0.000518
4130 0 0 -0.000562
4135 0 0 -0.000585
4140 0 0 -0.000576
4145 0 0 -0.000538
4150 0 0 -0.000519
4155 0 0 -0.000576
4160 0 0 -0.000742
4165 0 0 -0.000946
4170 0 0 -0.001094
4175 0 0 -0.001114
4180 0 0 -0.001037
4185 0 0 -0.000920
4190 0 0 -0.000809
4195 0 0 -0.000714
4200 0 0 -0.000634
4205 0 0 -0.000569
4210 0 0 -0.000514
4215 0 0 -0.000462
4220 0 0 -0.000410
4225 0 0 -0.000367
4230 0 0 -0.000344
4235 0 0 -0.000349
4240 0 0 -0.000373
4245 0 0 -0.000404
4250 0 0 -0.000428
4255 0 0 -0.000433
4260 0 0 -0.000402
4265 0 0 -0.000330
4270 0 0 -0.000243
4275 0 0 -0.000172
4280 0 0 -0.000143
4285 0 0 -0.000149
4290 0 0 -0.000172
4295 0 0 -0.000201
4300 0 0 -0.000238
4305 0 0 -0.000288
4310 0 0 -0.000350
4315 0 0 -0.000399
4320 0 0 -0.000404
4325 0 0 -0.000345
4330 0 0 -0.000253
4335 0 0 -0.000174
4340 0 0 -0.000140
4345 0 0 -0.000146
4350 0 0 -0.000172
4355 0 0 -0.000205
4360 0 0 -0.000244
4365 0 0 -0.000288
4370 0 0 -0.000334
4375 0 0 -0.000362
4380 0 0 -0.000346
4385 0 0 -0.000273
4390 0 0 -0.000179
4395 0 0 -0.000114
4400 0 0 -0.000114
4405 0 0 -0.000163
4410 0 0 -0.000232
4415 0 0 -0.000295
4420 0 0 -0.000337
4425 0 0 -0.000346
4430 0 0 -0.000317
4435 0 0 -0.000269
4440 0 0 -0.000230
4445 0 0 -0.000219
4450 0 0 -0.000225
4455 0 0 -0.000230
4460 0 0 -0.000221
4465 0 0 -0.000200
4470 0 0 -0.000174
4475 0 0 -0.000152
4480 0 0 -0.000148
4485 0 0 -0.000174
4490 0 0 -0.000237
4495 0 0 -0.000307
4500 0 0 -0.000346
4505 0 0 -0.000329
4510 0 0 -0.000278
4515 0 0 -0.000230
4520 0 0 -0.000212
4525 0 0 -0.000217
4530 0 0 -0.000232
4535 0 0 -0.000244
4540 0 0 -0.000245
4545 0 0 -0.000232
4550 0 0 -0.000203
4555 0 0 -0.000176
4560 0 0 -0.000172
4565 0 0 -0.000204
4570 0 0 -0.000252
4575 0 0 -0.000288
4580 0 0 -0.000291
4585 0 0 -0.000267
4590 0 0 -0.000230
4595 0 0 -0.000193
4600 0 0 -0.000169
4605 0 0 -0.000172
4610 0 0 -0.000208
4615 0 0 -0.000255
4620 0 0 -0.000288
4625 0 0 -0.000286
4630 0 0 -0.000260
4635 0 0 -0.000232
4640 0 0 -0.000217
4645 0 0 -0.000217
4650 0 0 -0.000230
4655 0 0 -0.000253
4660 0 0 -0.000276
4665 0 0 -0.000288
4670 0 0 -0.000281
4675 0 0 -0.000260
4680 0 0 -0.000230
4685 0 0 -0.000200
4690 0 0 -0.000178
4695 0 0 -0.000172
4700 0 0 -0.000187
4705 0 0 -0.000212
4710 0 0 -0.000230
4715 0 0 -0.000234
4720 0 0 -0.000244
4725 0 0 -0.000288
4730 0 0 -0.000379
4735 0 0 -0.000475
4740 0 0 -0.000518
4745 0 0 -0.000473
4750 0 0 -0.000391
4755 0 0 -0.000346
4760 0 0 -0.000390
4765 0 0 -0.000486
4770 0 0 -0.000576
4775 0 0 -0.000614
4780 0 0 -0.000607
4785 0 0 -0.000576
4790 0 0 -0.000536
4795 0 0 -0.000482
4800 0 0 -0.000402
4805 0 0 -0.000295
4810 0 0 -0.000187
4815 0 0 -0.000116
4820 0 0 -0.000107
4825 0 0 -0.000152
4830 0 0 -0.000230
4835 0 0 -0.000322
4840 0 0 -0.000407
4845 0 0 -0.000460
4850 0 0 -0.000467
4855 0 0 -0.000441
4860 0 0 -0.000404
4865 0 0 -0.000370
4870 0 0 -0.000335
4875 0 0 -0.000288
4880 0 0 -0.000225
4885 0 0 -0.000175
4890 0 0 -0.000172
4895 0 0 -0.000234
4900 0 0 -0.000314
4905 0 0 -0.000346
4910 0 0 -0.000288
4915 0 0 -0.000187
4920 0 0 -0.000114
4925 0 0 -0.000119
4930 0 0 -0.000174
4935 0 0 -0.000230
4940 0 0 -0.000251
4945 0 0 -0.000244
4950 0 0 -0.000230
4955 0 0 -0.000224
4960 0 0 -0.000226
4965 0 0 -0.000232
4970 0 0 -0.000239
4975 0 0 -0.000240
4980 0 0 -0.000232
4985 0 0 -0.000211
4990 0 0 -0.000188
4995 0 0 -0.000174
5000 0 0 -0.000179
5005 0 0 -0.000200
5010 0 0 -0.000230
5015 0 0 -0.000263
5020 0 0 -0.000286
5025 0 0 -0.000288
5030 0 0 -0.000260
5035 0 0 -0.000216
5040 0 0 -0.000172
5045 0 0 -0.000145
5050 0 0 -0.000143
5055 0 0 -0.000174
5060 0 0 -0.000237
5065 0 0 -0.000306
5070 0 0 -0.000346
5075 0 0 -0.000334
5080 0 0 -0.000287
5085 0 0 -0.000232
5090 0 0 -0.000192
5095 0 0 -0.000172
5100 0 0 -0.000172
5105 0 0 -0.000190
5110 0 0 -0.000213
5115 0 0 -0.000230
5120 0 0 -0.000230
5125 0 0 -0.000225
5130 0 0 -0.000230
5135 0 0 -0.000254
5140 0 0 -0.000281
5145 0 0 -0.000288
5150 0 0 -0.000260
5155 0 0 -0.000214
5160 0 0 -0.000174
5165 0 0 -0.000160
5170 0 0 -0.000178
5175 0 0 -0.000230
5180 0 0 -0.000313
5185 0 0 -0.000401
5190 0 0 -0.000460
5195 0 0 -0.000468
5200 0 0 -0.000440
5205 0 0 -0.000402
5210 0 0 -0.000373
5215 0 0 -0.000355
5220 0 0 -0.000344
5225 0 0 -0.000337
5230 0 0 -0.000337
5235 0 0 -0.000348
5240 0 0 -0.000371
5245 0 0 -0.000394
5250 0 0 -0.000402
5255 0 0 -0.000387
5260 0 0 -0.000362
5265 0 0 -0.000346
5270 0 0 -0.000349
5275 0 0 -0.000343
5280 0 0 -0.000288
5285 0 0 -0.000184
5290 0 0 -0.000180
5295 0 0 -0.000460
5300 0 0 -0.001110
5305 0 0 -0.001807
5310 0 0 -0.002130
5315 0 0 -0.001802
5320 0 0 -0.001132
5325 0 0 -0.000576
5330 0 0 -0.000468
5335 0 0 -0.000655
5340 0 0 -0.000864
5345 0 0 -0.000885
5350 0 0 -0.000769
5355 0 0 -0.000634
5360 0 0 -0.000572
5365 0 0 -0.000581
5370 0 0 -0.000634
5375 0 0 -0.000705
5380 0 0 -0.000770
5385 0 0 -0.000806
5390 0 0 -0.000800
5395 0 0 -0.000771
5400 0 0 -0.000748
5405 0 0 -0.000755
5410 0 0 -0.000795
5415 0 0 -0.000864
5420 0 0 -0.000957
5425 0 0 -0.001058
5430 0 0 -0.001152
5435 0 0 -0.001223
5440 0 0 -0.001263
5445 0 0 -0.001268
5450 0 0 -0.001234
5455 0 0 -0.001172
5460 0 0 -0.001094
5465 0 0 -0.001016
5470 0 0 -0.000967
5475 0 0 -0.000980
5480 0 0 -0.001068
5485 0 0 -0.001172
5490 0 0 -0.001210
5495 0 0 -0.001133
5500 0 0 -0.001006
5505 0 0 -0.000922
5510 0 0 -0.000947
5515 0 0 -0.001030
5520 0 0 -0.001096
5525 0 0 -0.001087
5530 0 0 -0.001031
5535 0 0 -0.000980
5540 0 0 -0.000971
5545 0 0 -0.000997
5550 0 0 -0.001036
5555 0 0 -0.001071
5560 0 0 -0.001094
5565 0 0 -0.001096
5570 0 0 -0.001078
5575 0 0 -0.001066
5580 0 0 -0.001094
5585 0 0 -0.001182
5590 0 0 -0.001295
5595 0 0 -0.001382
5600 0 0 -0.001407
5605 0 0 -0.001380
5610 0 0 -0.001324
5615 0 0 -0.001258
5620 0 0 -0.001182
5625 0 0 -0.001094
5630 0 0 -0.000996
5635 0 0 -0.000910
5640 0 0 -0.000864
5645 0 0 -0.000871
5650 0 0 -0.000890
5655 0 0 -0.000866
5660 0 0 -0.000763
5665 0 0 -0.000625
5670 0 0 -0.000516
5675 0 0 -0.000481
5680 0 0 -0.000496
5685 0 0 -0.000518
5690 0 0 -0.000515
5695 0 0 -0.000491
5700 0 0 -0.000460
5705 0 0 -0.000434
5710 0 0 -0.000415
5715 0 0 -0.000402
5720 0 0 -0.000393
5725 0 0 -0.000378
5730 0 0 -0.000346
5735 0 0 -0.000292
5740 0 0 -0.000228
5745 0 0 -0.000172
5750 0 0 -0.000141
5755 0 0 -0.000140
5760 0 0 -0.000174
5765 0 0 -0.000240
5770 0 0 -0.000310
5775 0 0 -0.000346
5780 0 0 -0.000326
5785 0 0 -0.000275
5790 0 0 -0.000230
5795 0 0 -0.000219
5800 0 0 -0.000227
5805 0 0 -0.000232
5810 0 0 -0.000216
5815 0 0 -0.000191
5820 0 0 -0.000174
5825 0 0 -0.000179
5830 0 0 -0.000201
5835 0 0 -0.000230
5840 0 0 -0.000258
5845 0 0 -0.000279
5850 0 0 -0.000288
5855 0 0 -0.000281
5860 0 0 -0.000261
5865 0 0 -0.000232
5870 0 0 -0.000199
5875 0 0 -0.000175
5880 0 0 -0.000172
5885 0 0 -0.000200
5890 0 0 -0.000244
5895 0 0 -0.000288
5900 0 0 -0.000314
5905 0 0 -0.000316
5910 0 0 -0.000288
5915 0 0 -0.000231
5920 0 0 -0.000164
5925 0 0 -0.000114
5930 0 0 -0.000099
5935 0 0 -0.000121
5940 0 0 -0.000172
5945 0 0 -0.000245
5950 0 0 -0.000312
5955 0 0 -0.000346
5960 0 0 -0.000326
5965 0 0 -0.000276
5970 0 0 -0.000230
5975 0 0 -0.000213
5980 0 0 -0.000219
5985 0 0 -0.000230
5990 0 0 -0.000234
5995 0 0 -0.000233
6000 0 0 -0.000230
6005 0 0 -0.000229
6010 0 0 -0.000229
6015 0 0 -0.000230
6020 0 0 -0.000230
6025 0 0 -0.000230
6030 0 0 -0.000230
6035 0 0 -0.000230
6040 0 0 -0.000230
6045 0 0 -0.000230
6050 0 0 -0.000229
6055 0 0 -0.000229
6060 0 0 -0.000230
6065 0 0 -0.000232
6070 0 0 -0.000233
6075 0 0 -0.000230
6080 0 0 -0.000221
6085 0 0 -0.000217
6090 0 0 -0.000230
6095 0 0 -0.000265
6100 0 0 -0.000295
6105 0 0 -0.000288
6110 0 0 -0.000225
6115 0 0 -0.000148
6120 0 0 -0.000114
6125 0 0 -0.000160
6130 0 0 -0.000241
6135 0 0 -0.000288
6140 0 0 -0.000258
6145 0 0 -0.000196
6150 0 0 -0.000172
6155 0 0 -0.000230
6160 0 0 -0.000314
6165 0 0 -0.000346
6170 0 0 -0.000275
6175 0 0 -0.000166
6180 0 0 -0.000114
6185 0 0 -0.000187
6190 0 0 -0.000345
6195 0 0 -0.000518
6200 0 0 -0.000654
6205 0 0 -0.000761
6210 0 0 -0.000864
6215 0 0 -0.000973
6220 0 0 -0.001048
6225 0 0 -0.001036
6230 0 0 -0.000907
6235 0 0 -0.000725
6240 0 0 -0.000576
6245 0 0 -0.000522
6250 0 0 -0.000524
6255 0 0 -0.000518
6260 0 0 -0.000459
6265 0 0 -0.000369
6270 0 0 -0.000288
6275 0 0 -0.000247
6280 0 0 -0.000235
6285 0 0 -0.000230
6290 0 0 -0.000218
6295 0 0 -0.000212
6300 0 0 -0.000232
6305 0 0 -0.000289
6310 0 0 -0.000358
6315 0 0 -0.000402
6320 0 0 -0.000395
6325 0 0 -0.000350
6330 0 0 -0.000288
6335 0 0 -0.000229
6340 0 0 -0.000186
6345 0 0 -0.000172
6350 0 0 -0.000194
6355 0 0 -0.000239
6360 0 0 -0.000288
6365 0 0 -0.000324
6370 0 0 -0.000343
6375 0 0 -0.000344
6380 0 0 -0.000327
6385 0 0 -0.000303
6390 0 0 -0.000288
6395 0 0 -0.000296
6400 0 0 -0.000347
6405 0 0 -0.000462
6410 0 0 -0.000645
6415 0 0 -0.000827
6420 0 0 -0.000922
6425 0 0 -0.000874
6430 0 0 -0.000746
6435 0 0 -0.000634
6440 0 0 -0.000606
6445 0 0 -0.000626
6450 0 0 -0.000634
6455 0 0 -0.000586
6460 0 0 -0.000512
6465 0 0 -0.000460
6470 0 0 -0.000468
6475 0 0 -0.000530
6480 0 0 -0.000632
6485 0 0 -0.000754
6490 0 0 -0.000863
6495 0 0 -0.000920
6500 0 0 -0.000898
6505 0 0 -0.000813
6510 0 0 -0.000692
6515 0 0 -0.000560
6520 0 0 -0.000438
6525 0 0 -0.000346
6530 0 0 -0.000298
6535 0 0 -0.000285
6540 0 0 -0.000288
6545 0 0 -0.000294
6550 0 0 -0.000296
6555 0 0 -0.000288
6560 0 0 -0.000268
6565 0 0 -0.000245
6570 0 0 -0.000230
6575 0 0 -0.000232
6580 0 0 -0.000251
6585 0 0 -0.000288
6590 0 0 -0.000337
6595 0 0 -0.000382
6600 0 0 -0.000402
6605 0 0 -0.000383
6610 0 0 -0.000338
6615 0 0 -0.000288
6620 0 0 -0.000250
6625 0 0 -0.000230
6630 0 0 -0.000230
6635 0 0 -0.000249
6640 0 0 -0.000274
6645 0 0 -0.000288
6650 0 0 -0.000279
6655 0 0 -0.000256
6660 0 0 -0.000230
6665 0 0 -0.000214
6670 0 0 -0.000212
6675 0 0 -0.000230
6680 0 0 -0.000266
6685 0 0 -0.000295
6690 0 0 -0.000288
6695 0 0 -0.000231
6700 0 0 -0.000171
6705 0 0 -0.000172
6710 0 0 -0.000272
6715 0 0 -0.000414
6720 0 0 -0.000518
6725 0 0 -0.000526
6730 0 0 -0.000469
6735 0 0 -0.000404
6740 0 0 -0.000371
6745 0 0 -0.000360
6750 0 0 -0.000344
6755 0 0 -0.000315
6760 0 0 -0.000329
6765 0 0 -0.000460
6770 0 0 -0.000743
6775 0 0 -0.001063
6780 0 0 -0.001268
6785 0 0 -0.001251
6790 0 0 -0.001079
6795 0 0 -0.000864
6800 0 0 -0.000699
6805 0 0 -0.000603
6810 0 0 -0.000576
6815 0 0 -0.000611
6820 0 0 -0.000680
6825 0 0 -0.000748
6830 0 0 -0.000789
6835 0 0 -0.000819
6840 0 0 -0.000864
6845 0 0 -0.000940
6850 0 0 -0.001026
6855 0 0 -0.001094
6860 0 0 -0.001122
6865 0 0 -0.001117
6870 0 0 -0.001094
6875 0 0 -0.001064
6880 0 0 -0.001027
6885 0 0 -0.000980
6890 0 0 -0.000924
6895 0 0 -0.000877
6900 0 0 -0.000864
6905 0 0 -0.000895
6910 0 0 -0.000932
6915 0 0 -0.000922
6920 0 0 -0.000834
6925 0 0 -0.000715
6930 0 0 -0.000634
6935 0 0 -0.000639
6940 0 0 -0.000696
6945 0 0 -0.000750
6950 0 0 -0.000760
6955 0 0 -0.000733
6960 0 0 -0.000690
6965 0 0 -0.000649
6970 0 0 -0.000626
6975 0 0 -0.000634
6980 0 0 -0.000679
6985 0 0 -0.000730
6990 0 0 -0.000748
6995 0 0 -0.000710
7000 0 0 -0.000654
7005 0 0 -0.000634
7010 0 0 -0.000684
7015 0 0 -0.000762
7020 0 0 -0.000806
7025 0 0 -0.000774
7030 0 0 -0.000699
7035 0 0 -0.000634
7040 0 0 -0.000619
7045 0 0 -0.000646
7050 0 0 -0.000692
7055 0 0 -0.000739
7060 0 0 -0.000779
7065 0 0 -0.000806
7070 0 0 -0.000816
7075 0 0 -0.000814
7080 0 0 -0.000806
7085 0 0 -0.000798
7090 0 0 -0.000796
7095 0 0 -0.000806
7100 0 0 -0.000829
7105 0 0 -0.000854
7110 0 0 -0.000864
7115 0 0 -0.000849
7120 0 0 -0.000824
7125 0 0 -0.000806
7130 0 0 -0.000809
7135 0 0 -0.000816
7140 0 0 -0.000806
7145 0 0 -0.000763
7150 0 0 -0.000699
7155 0 0 -0.000632
7160 0 0 -0.000577
7165 0 0 -0.000539
7170 0 0 -0.000520
7175 0 0 -0.000518
7180 0 0 -0.000522
7185 0 0 -0.000518
7190 0 0 -0.000497
7195 0 0 -0.000471
7200 0 0 -0.000460
7205 0 0 -0.000474
7210 0 0 -0.000501
7215 0 0 -0.000520
7220 0 0 -0.000516
7225 0 0 -0.000493
7230 0 0 -0.000460
7235 0 0 -0.000424
7240 0 0 -0.000387
7245 0 0 -0.000346
7250 0 0 -0.000303
7255 0 0 -0.000262
7260 0 0 -0.000232
7265 0 0 -0.000217
7270 0 0 -0.000218
7275 0 0 -0.000232
7280 0 0 -0.000257
7285 0 0 -0.000280
7290 0 0 -0.000288
7295 0 0 -0.000273
7300 0 0 -0.000248
7305 0 0 -0.000232
7310 0 0 -0.000239
7315 0 0 -0.000262
7320 0 0 -0.000288
7325 0 0 -0.000305
7330 0 0 -0.000307
7335 0 0 -0.000288
7340 0 0 -0.000248
7345 0 0 -0.000204
7350 0 0 -0.000174
7355 0 0 -0.000174
7360 0 0 -0.000197
7365 0 0 -0.000230
7370 0 0 -0.000260
7375 0 0 -0.000281
7380 0 0 -0.000288
7385 0 0 -0.000277
7390 0 0 -0.000255
7395 0 0 -0.000230
7400 0 0 -0.000212
7405 0 0 -0.000209
7410 0 0 -0.000230
7415 0 0 -0.000276
7420 0 0 -0.000325
7425 0 0 -0.000346
7430 0 0 -0.000320
7435 0 0 -0.000270
7440 0 0 -0.000230
7445 0 0 -0.000225
7450 0 0 -0.000250
7455 0 0 -0.000288
7460 0 0 -0.000326
7465 0 0 -0.000350
7470 0 0 -0.000346
7475 0 0 -0.000308
7480 0 0 -0.000259
7485 0 0 -0.000230
7490 0 0 -0.000240
7495 0 0 -0.000270
7500 0 0 -0.000288
7505 0 0 -0.000272
7510 0 0 -0.000230
7515 0 0 -0.000174
7520 0 0 -0.000121
7525 0 0 -0.000093
7530 0 0 -0.000114
7535 0 0 -0.000194
7540 0 0 -0.000291
7545 0 0 -0.000346
7550 0 0 -0.000321
7555 0 0 -0.000247
7560 0 0 -0.000174
7565 0 0 -0.000141
7570 0 0 -0.000145
7575 0 0 -0.000172
7580 0 0 -0.000210
7585 0 0 -0.000251
7590 0 0 -0.000288
7595 0 0 -0.000314
7600 0 0 -0.000318
7605 0 0 -0.000288
7610 0 0 -0.000220
7615 0 0 -0.000148
7620 0 0 -0.000114
7625 0 0 -0.000146
7630 0 0 -0.000218
7635 0 0 -0.000288
7640 0 0 -0.000324
7645 0 0 -0.000322
7650 0 0 -0.000288
7655 0 0 -0.000232
7660 0 0 -0.000183
7665 0 0 -0.000174
7670 0 0 -0.000226
7675 0 0 -0.000300
7680 0 0 -0.000346
7685 0 0 -0.000327
7690 0 0 -0.000273
7695 0 0 -0.000230
7700 0 0 -0.000235
7705 0 0 -0.000293
7710 0 0 -0.000404
7715 0 0 -0.000552
7720 0 0 -0.000674
7725 0 0 -0.000692
7730 0 0 -0.000561
7735 0 0 -0.000353
7740 0 0 -0.000174
7745 0 0 -0.000104
7750 0 0 -0.000134
7755 0 0 -0.000232
7760 0 0 -0.000364
7765 0 0 -0.000492
7770 0 0 -0.000576
7775 0 0 -0.000588
7780 0 0 -0.000541
7785 0 0 -0.000460
7790 0 0 -0.000369
7795 0 0 -0.000286
7800 0 0 -0.000230
7805 0 0 -0.000214
7810 0 0 -0.000235
7815 0 0 -0.000288
7820 0 0 -0.000362
7825 0 0 -0.000429
7830 0 0 -0.000460
7835 0 0 -0.000433
7840 0 0 -0.000367
7845 0 0 -0.000290
7850 0 0 -0.000227
7855 0 0 -0.000186
7860 0 0 -0.000172
7865 0 0 -0.000187
7870 0 0 -0.000213
7875 0 0 -0.000230
7880 0 0 -0.000227
7885 0 0 -0.000233
7890 0 0 -0.000288
7895 0 0 -0.000411
7900 0 0 -0.000551
7905 0 0 -0.000634
7910 0 0 -0.000611
7915 0 0 -0.000515
7920 0 0 -0.000402
7925 0 0 -0.000316
7930 0 0 -0.000261
7935 0 0 -0.000230
7940 0 0 -0.000217
7945 0 0 -0.000218
7950 0 0 -0.000230
7955 0 0 -0.000248
7960 0 0 -0.000269
7965 0 0 -0.000288
7970 0 0 -0.000301
7975 0 0 -0.000303
7980 0 0 -0.000288
7985 0 0 -0.000256
7990 0 0 -0.000228
7995 0 0 -0.000230
8000 0 0 -0.000279
8005 0 0 -0.000348
8010 0 0 -0.000404
8015 0 0 -0.000418
8020 0 0 -0.000394
8025 0 0 -0.000346
8030 0 0 -0.000288
8035 0 0 -0.000241
8040 0 0 -0.000230
8045 0 0 -0.000268
8050 0 0 -0.000321
8055 0 0 -0.000346
8060 0 0 -0.000314
8065 0 0 -0.000260
8070 0 0 -0.000232
8075 0 0 -0.000263
8080 0 0 -0.000318
8085 0 0 -0.000344
8090 0 0 -0.000306
8095 0 0 -0.000235
8100 0 0 -0.000174
8105 0 0 -0.000160
8110 0 0 -0.000185
8115 0 0 -0.000230
8120 0 0 -0.000281
8125 0 0 -0.000337
8130 0 0 -0.000402
8135 0 0 -0.000472
8140 0 0 -0.000522
8145 0 0 -0.000518
8150 0 0 -0.000442
8155 0 0 -0.000329
8160 0 0 -0.000230
8165 0 0 -0.000185
8170 0 0 -0.000204
8175 0 0 -0.000288
8180 0 0 -0.000427
8185 0 0 -0.000565
8190 0 0 -0.000634
8195 0 0 -0.000603
8200 0 0 -0.000591
8205 0 0 -0.000750
8210 0 0 -0.001165
8215 0 0 -0.001638
8220 0 0 -0.001900
8225 0 0 -0.001770
8230 0 0 -0.001416
8235 0 0 -0.001096
8240 0 0 -0.001018
8245 0 0 -0.001200
8250 0 0 -0.001614
8255 0 0 -0.002191
8260 0 0 -0.002703
8265 0 0 -0.002880
8270 0 0 -0.002550
8275 0 0 -0.001928
8280 0 0 -0.001324
8285 0 0 -0.000980
8290 0 0 -0.000862
8295 0 0 -0.000864
8300 0 0 -0.000894
8305 0 0 -0.000906
8310 0 0 -0.000864
8315 0 0 -0.000757
8320 0 0 -0.000665
8325 0 0 -0.000692
8330 0 0 -0.000901
8335 0 0 -0.001195
8340 0 0 -0.001440
8345 0 0 -0.001533
8350 0 0 -0.001509
8355 0 0 -0.001440
8360 0 0 -0.001378
8365 0 0 -0.001311
8370 0 0 -0.001210
8375 0 0 -0.001061
8380 0 0 -0.000907
8385 0 0 -0.000806
8390 0 0 -0.000796
8395 0 0 -0.000835
8400 0 0 -0.000864
8405 0 0 -0.000837
8410 0 0 -0.000769
8415 0 0 -0.000692
8420 0 0 -0.000631
8425 0 0 -0.000593
8430 0 0 -0.000576
8435 0 0 -0.000578
8440 0 0 -0.000584
8445 0 0 -0.000576
8450 0 0 -0.000544
8455 0 0 -0.000514
8460 0 0 -0.000520
8465 0 0 -0.000582
8470 0 0 -0.000657
8475 0 0 -0.000690
8480 0 0 -0.000641
8485 0 0 -0.000547
8490 0 0 -0.000460
8495 0 0 -0.000423
8500 0 0 -0.000429
8505 0 0 -0.000462
8510 0 0 -0.000502
8515 0 0 -0.000528
8520 0 0 -0.000518
8525 0 0 -0.000460
8530 0 0 -0.000388
8535 0 0 -0.000346
8540 0 0 -0.000365
8545 0 0 -0.000418
8550 0 0 -0.000460
8555 0 0 -0.000461
8560 0 0 -0.000434
8565 0 0 -0.000404
8570 0 0 -0.000391
8575 0 0 -0.000392
8580 0 0 -0.000402
8585 0 0 -0.000413
8590 0 0 -0.000416
8595 0 0 -0.000404
8600 0 0 -0.000371
8605 0 0 -0.000328
8610 0 0 -0.000288
8615 0 0 -0.000263
8620 0 0 -0.000246
8625 0 0 -0.000230
8630 0 0 -0.000208
8635 0 0 -0.000186
8640 0 0 -0.000174
8645 0 0 -0.000180
8650 0 0 -0.000200
8655 0 0 -0.000230
8660 0 0 -0.000263
8665 0 0 -0.000287
8670 0 0 -0.000288
8675 0 0 -0.000259
8680 0 0 -0.000214
8685 0 0 -0.000174
8690 0 0 -0.000155
8695 0 0 -0.000156
8700 0 0 -0.000172
8705 0 0 -0.000197
8710 0 0 -0.000220
8715 0 0 -0.000230
8720 0 0 -0.000219
8725 0 0 -0.000196
8730 0 0 -0.000172
8735 0 0 -0.000159
8740 0 0 -0.000158
8745 0 0 -0.000172
8750 0 0 -0.000198
8755 0 0 -0.000223
8760 0 0 -0.000232
8765 0 0 -0.000216
8770 0 0 -0.000190
8775 0 0 -0.000174
8780 0 0 -0.000182
8785 0 0 -0.000205
8790 0 0 -0.000230
8795 0 0 -0.000243
8800 0 0 -0.000243
8805 0 0 -0.000230
8810 0 0 -0.000205
8815 0 0 -0.000182
8820 0 0 -0.000174
8825 0 0 -0.000190
8830 0 0 -0.000216
8835 0 0 -0.000230
8840 0 0 -0.000219
8845 0 0 -0.000193
8850 0 0 -0.000172
8855 0 0 -0.000168
8860 0 0 -0.000172
8865 0 0 -0.000174
8870 0 0 -0.000163
8875 0 0 -0.000141
8880 0 0 -0.000116
8885 0 0 -0.000094
8890 0 0 -0.000089
8895 0 0 -0.000116
8900 0 0 -0.000180
8905 0 0 -0.000251
8910 0 0 -0.000288
8915 0 0 -0.000265
8920 0 0 -0.000212
8925 0 0 -0.000172
8930 0 0 -0.000177
8935 0 0 -0.000206
8940 0 0 -0.000230
8945 0 0 -0.000224
8950 0 0 -0.000199
8955 0 0 -0.000174
8960 0 0 -0.000164
8965 0 0 -0.000166
8970 0 0 -0.000172
8975 0 0 -0.000176
8980 0 0 -0.000177
8985 0 0 -0.000174
8990 0 0 -0.000168
8995 0 0 -0.000165
9000 0 0 -0.000172
9005 0 0 -0.000194
9010 0 0 -0.000218
9015 0 0 -0.000230
9020 0 0 -0.000220
9025 0 0 -0.000196
9030 0 0 -0.000174
9035 0 0 -0.000164
9040 0 0 -0.000165
9045 0 0 -0.000172
9050 0 0 -0.000181
9055 0 0 -0.000183
9060 0 0 -0.000172
9065 0 0 -0.000144
9070 0 0 -0.000117
9075 0 0 -0.000116
9080 0 0 -0.000157
9085 0 0 -0.000222
9090 0 0 -0.000288
9095 0 0 -0.000335
9100 0 0 -0.000369
9105 0 0 -0.000402
9110 0 0 -0.000439
9115 0 0 -0.000466
9120 0 0 -0.000460
9125 0 0 -0.000411
9130 0 0 -0.000342
9135 0 0 -0.000288
9140 0 0 -0.000273
9145 0 0 -0.000281
9150 0 0 -0.000288
9155 0 0 -0.000275
9160 0 0 -0.000250
9165 0 0 -0.000230
9170 0 0 -0.000227
9175 0 0 -0.000246
9180 0 0 -0.000288
9185 0 0 -0.000349
9190 0 0 -0.000399
9195 0 0 -0.000402
9200 0 0 -0.000336
9205 0 0 -0.000241
9210 0 0 -0.000172
9215 0 0 -0.000167
9220 0 0 -0.000200
9225 0 0 -0.000230
9230 0 0 -0.000226
9235 0 0 -0.000200
9240 0 0 -0.000174
9245 0 0 -0.000165
9250 0 0 -0.000168
9255 0 0 -0.000174
9260 0 0 -0.000175
9265 0 0 -0.000173
9270 0 0 -0.000174
9275 0 0 -0.000180
9280 0 0 -0.000183
9285 0 0 -0.000172
9290 0 0 -0.000145
9295 0 0 -0.000133
9300 0 0 -0.000174
9305 0 0 -0.000291
9310 0 0 -0.000443
9315 0 0 -0.000576
9320 0 0 -0.000649
9325 0 0 -0.000692
9330 0 0 -0.000748
9335 0 0 -0.000843
9340 0 0 -0.000925
9345 0 0 -0.000922
9350 0 0 -0.000797
9355 0 0 -0.000654
9360 0 0 -0.000634
9365 0 0 -0.000819
9370 0 0 -0.001061
9375 0 0 -0.001152
9380 0 0 -0.000954
9385 0 0 -0.000600
9390 0 0 -0.000288
9395 0 0 -0.000167
9400 0 0 -0.000183
9405 0 0 -0.000230
9410 0 0 -0.000227
9415 0 0 -0.000193
9420 0 0 -0.000172
9425 0 0 -0.000194
9430 0 0 -0.000243
9435 0 0 -0.000288
9440 0 0 -0.000306
9445 0 0 -0.000303
9450 0 0 -0.000288
9455 0 0 -0.000273
9460 0 0 -0.000270
9465 0 0 -0.000288
9470 0 0 -0.000333
9475 0 0 -0.000381
9480 0 0 -0.000402
9485 0 0 -0.000377
9490 0 0 -0.000328
9495 0 0 -0.000288
9500 0 0 -0.000281
9505 0 0 -0.000304
9510 0 0 -0.000344
9515 0 0 -0.000386
9520 0 0 -0.000398
9525 0 0 -0.000346
9530 0 0 -0.000223
9535 0 0 -0.000138
9540 0 0 -0.000228
9545 0 0 -0.000566
9550 0 0 -0.000974
9555 0 0 -0.001210
9560 0 0 -0.001112
9565 0 0 -0.000840
9570 0 0 -0.000634
9575 0 0 -0.000664
9580 0 0 -0.000819
9585 0 0 -0.000920
9590 0 0 -0.000844
9595 0 0 -0.000695
9600 0 0 -0.000634
9605 0 0 -0.000767
9610 0 0 -0.000977
9615 0 0 -0.001094
9620 0 0 -0.001005
9625 0 0 -0.000829
9630 0 0 -0.000748
9635 0 0 -0.000878
9640 0 0 -0.001094
9645 0 0 -0.001208
9650 0 0 -0.001089
9655 0 0 -0.000829
9660 0 0 -0.000576
9665 0 0 -0.000444
9670 0 0 -0.000408
9675 0 0 -0.000404
9680 0 0 -0.000388
9685 0 0 -0.000377
9690 0 0 -0.000404
9695 0 0 -0.000489
9700 0 0 -0.000600
9705 0 0 -0.000692
9710 0 0 -0.000732
9715 0 0 -0.000725
9720 0 0 -0.000690
9725 0 0 -0.000645
9730 0 0 -0.000617
9735 0 0 -0.000634
9740 0 0 -0.000711
9745 0 0 -0.000806
9750 0 0 -0.000864
9755 0 0 -0.000848
9760 0 0 -0.000792
9765 0 0 -0.000748
9770 0 0 -0.000754
9775 0 0 -0.000787
9780 0 0 -0.000806
9785 0 0 -0.000791
9790 0 0 -0.000789
9795 0 0 -0.000864
9800 0 0 -0.001049
9805 0 0 -0.001245
9810 0 0 -0.001324
9815 0 0 -0.001201
9820 0 0 -0.000979
9825 0 0 -0.000808
9830 0 0 -0.000793
9835 0 0 -0.000868
9840 0 0 -0.000922
9845 0 0 -0.000873
9850 0 0 -0.000756
9855 0 0 -0.000632
9860 0 0 -0.000553
9865 0 0 -0.000518
9870 0 0 -0.000518
9875 0 0 -0.000539
9880 0 0 -0.000564
9885 0 0 -0.000574
9890 0 0 -0.000558
9895 0 0 -0.000532
9900 0 0 -0.000518
9905 0 0 -0.000531
9910 0 0 -0.000558
9915 0 0 -0.000574
9920 0 0 -0.000565
9925 0 0 -0.000541
9930 0 0 -0.000518
9935 0 0 -0.000510
9940 0 0 -0.000513
9945 0 0 -0.000520
9950 0 0 -0.000525
9955 0 0 -0.000524
9960 0 0 -0.000518
9965 0 0 -0.000504
9970 0 0 -0.000484
9975 0 0 -0.000460
9980 0 0 -0.000431
9985 0 0 -0.000395
9990 0 0 -0.000346
9995 0 0 -0.000283
10000 0 0 -0.000219
10005 0 0 -0.000172
10010 0 0 -0.000153
10015 0 0 -0.000157
10020 0 0 -0.000174
10025 0 0 -0.000195
10030 0 0 -0.000216
10035 0 0 -0.000232
10040 0 0 -0.000240
10045 0 0 -0.000239
10050 0 0 -0.000230
10055 0 0 -0.000213
10060 0 0 -0.000193
10065 0 0 -0.000174
10070 0 0 -0.000161
10075 0 0 -0.000160
