0 0 0 -0.000150
5 0 0 -0.000127
10 0 0 -0.000126
15 0 0 -0.000140
20 0 0 -0.000158
25 0 0 -0.000171
30 0 0 -0.000170
35 0 0 -0.000149
40 0 0 -0.000121
45 0 0 -0.000100
50 0 0 -0.000099
55 0 0 -0.000112
60 0 0 -0.000130
65 0 0 -0.000145
70 0 0 -0.000150
75 0 0 -0.000140
80 0 0 -0.000113
85 0 0 -0.000091
90 0 0 -0.000100
95 0 0 -0.000154
100 0 0 -0.000219
105 0 0 -0.000250
110 0 0 -0.000218
115 0 0 -0.000155
120 0 0 -0.000110
125 0 0 -0.000117
130 0 0 -0.000158
135 0 0 -0.000200
140 0 0 -0.000217
145 0 0 -0.000210
150 0 0 -0.000190
155 0 0 -0.000165
160 0 0 -0.000145
165 0 0 -0.000140
170 0 0 -0.000156
175 0 0 -0.000179
180 0 0 -0.000190
185 0 0 -0.000176
190 0 0 -0.000150
195 0 0 -0.000130
200 0 0 -0.000129
205 0 0 -0.000138
210 0 0 -0.000140
215 0 0 -0.000126
220 0 0 -0.000108
225 0 0 -0.000100
230 0 0 -0.000114
235 0 0 -0.000137
240 0 0 -0.000150
245 0 0 -0.000140
250 0 0 -0.000118
255 0 0 -0.000100
260 0 0 -0.000099
265 0 0 -0.000112
270 0 0 -0.000130
275 0 0 -0.000147
280 0 0 -0.000155
285 0 0 -0.000150
290 0 0 -0.000128
295 0 0 -0.000102
300 0 0 -0.000090
305 0 0 -0.000102
310 0 0 -0.000130
315 0 0 -0.000160
320 0 0 -0.000179
325 0 0 -0.000183
330 0 0 -0.000170
335 0 0 -0.000140
340 0 0 -0.000107
345 0 0 -0.000090
350 0 0 -0.000099
355 0 0 -0.000122
360 0 0 -0.000140
365 0 0 -0.000139
370 0 0 -0.000126
375 0 0 -0.000110
380 0 0 -0.000100
385 0 0 -0.000097
390 0 0 -0.000100
395 0 0 -0.000106
400 0 0 -0.000111
405 0 0 -0.000110
410 0 0 -0.000100
415 0 0 -0.000085
420 0 0 -0.000070
425 0 0 -0.000061
430 0 0 -0.000061
435 0 0 -0.000070
440 0 0 -0.000088
445 0 0 -0.000105
450 0 0 -0.000110
455 0 0 -0.000095
460 0 0 -0.000070
465 0 0 -0.000050
470 0 0 -0.000046
475 0 0 -0.000060
480 0 0 -0.000090
485 0 0 -0.000134
490 0 0 -0.000189
495 0 0 -0.000250
500 0 0 -0.000315
505 0 0 -0.000384
510 0 0 -0.000460
515 0 0 -0.000540
520 0 0 -0.000607
525 0 0 -0.000640
530 0 0 -0.000631
535 0 0 -0.000622
540 0 0 -0.000670
545 0 0 -0.000822
550 0 0 -0.001098
555 0 0 -0.001510
560 0 0 -0.002040
565 0 0 -0.002545
570 0 0 -0.002850
575 0 0 -0.002836
580 0 0 -0.002601
585 0 0 -0.002300
590 0 0 -0.002055
595 0 0 -0.001866
600 0 0 -0.001700
605 0 0 -0.001525
610 0 0 -0.001309
615 0 0 -0.001020
620 0 0 -0.000667
625 0 0 -0.000427
630 0 0 -0.000520
635 0 0 -0.001071
640 0 0 -0.001824
645 0 0 -0.002430
650 0 0 -0.002632
655 0 0 -0.002544
660 0 0 -0.002370
665 0 0 -0.002269
670 0 0 -0.002206
675 0 0 -0.002100
680 0 0 -0.001889
685 0 0 -0.001597
690 0 0 -0.001270
695 0 0 -0.000950
700 0 0 -0.000670
705 0 0 -0.000460
710 0 0 -0.000342
715 0 0 -0.000297
720 0 0 -0.000300
725 0 0 -0.000325
730 0 0 -0.000354
735 0 0 -0.000370
740 0 0 -0.000360
745 0 0 -0.000327
750 0 0 -0.000280
755 0 0 -0.000226
760 0 0 -0.000175
765 0 0 -0.000140
770 0 0 -0.000128
775 0 0 -0.000134
780 0 0 -0.000150
785 0 0 -0.000167
790 0 0 -0.000177
795 0 0 -0.000170
800 0 0 -0.000143
805 0 0 -0.000114
810 0 0 -0.000110
815 0 0 -0.000146
820 0 0 -0.000205
825 0 0 -0.000260
830 0 0 -0.000289
835 0 0 -0.000294
840 0 0 -0.000280
845 0 0 -0.000255
850 0 0 -0.000226
855 0 0 -0.000200
860 0 0 -0.000185
865 0 0 -0.000184
870 0 0 -0.000200
875 0 0 -0.000231
880 0 0 -0.000259
885 0 0 -0.000260
890 0 0 -0.000221
895 0 0 -0.000168
900 0 0 -0.000140
905 0 0 -0.000160
910 0 0 -0.000203
915 0 0 -0.000230
920 0 0 -0.000216
925 0 0 -0.000181
930 0 0 -0.000160
935 0 0 -0.000174
940 0 0 -0.000205
945 0 0 -0.000220
950 0 0 -0.000200
955 0 0 -0.000163
960 0 0 -0.000140
965 0 0 -0.000150
970 0 0 -0.000178
975 0 0 -0.000200
980 0 0 -0.000199
985 0 0 -0.000181
990 0 0 -0.000160
995 0 0 -0.000147
1000 0 0 -0.000144
1005 0 0 -0.000150
1010 0 0 -0.000162
1015 0 0 -0.000172
1020 0 0 -0.000170
1025 0 0 -0.000150
1030 0 0 -0.000125
1035 0 0 -0.000110
1040 0 0 -0.000117
1045 0 0 -0.000140
1050 0 0 -0.000170
1055 0 0 -0.000197
1060 0 0 -0.000213
1065 0 0 -0.000210
1070 0 0 -0.000185
1075 0 0 -0.000155
1080 0 0 -0.000140
1085 0 0 -0.000155
1090 0 0 -0.000186
1095 0 0 -0.000210
1100 0 0 -0.000212
1105 0 0 -0.000204
1110 0 0 -0.000200
1115 0 0 -0.000212
1120 0 0 -0.000226
1125 0 0 -0.000220
1130 0 0 -0.000184
1135 0 0 -0.000147
1140 0 0 -0.000150
1145 0 0 -0.000215
1150 0 0 -0.000304
1155 0 0 -0.000360
1160 0 0 -0.000346
1165 0 0 -0.000296
1170 0 0 -0.000260
1175 0 0 -0.000275
1180 0 0 -0.000315
1185 0 0 -0.000340
1190 0 0 -0.000322
1195 0 0 -0.000283
1200 0 0 -0.000260
1205 0 0 -0.000277
1210 0 0 -0.000314
1215 0 0 -0.000340
1220 0 0 -0.000334
1225 0 0 -0.000317
1230 0 0 -0.000320
1235 0 0 -0.000363
1240 0 0 -0.000432
1245 0 0 -0.000500
1250 0 0 -0.000550
1255 0 0 -0.000588
1260 0 0 -0.000630
1265 0 0 -0.000682
1270 0 0 -0.000727
1275 0 0 -0.000740
1280 0 0 -0.000703
1285 0 0 -0.000627
1290 0 0 -0.000530
1295 0 0 -0.000430
1300 0 0 -0.000339
1305 0 0 -0.000270
1310 0 0 -0.000231
1315 0 0 -0.000220
1320 0 0 -0.000230
1325 0 0 -0.000254
1330 0 0 -0.000278
1335 0 0 -0.000290
1340 0 0 -0.000280
1345 0 0 -0.000255
1350 0 0 -0.000230
1355 0 0 -0.000215
1360 0 0 -0.000211
1365 0 0 -0.000220
1370 0 0 -0.000238
1375 0 0 -0.000256
1380 0 0 -0.000260
1385 0 0 -0.000243
1390 0 0 -0.000220
1395 0 0 -0.000210
1400 0 0 -0.000225
1405 0 0 -0.000250
1410 0 0 -0.000260
1415 0 0 -0.000240
1420 0 0 -0.000206
1425 0 0 -0.000180
1430 0 0 -0.000178
1435 0 0 -0.000187
1440 0 0 -0.000190
1445 0 0 -0.000173
1450 0 0 -0.000145
1455 0 0 -0.000120
1460 0 0 -0.000110
1465 0 0 -0.000115
1470 0 0 -0.000130
1475 0 0 -0.000150
1480 0 0 -0.000165
1485 0 0 -0.000160
1490 0 0 -0.000131
1495 0 0 -0.000098
1500 0 0 -0.000090
1505 0 0 -0.000124
1510 0 0 -0.000173
1515 0 0 -0.000200
1520 0 0 -0.000180
1525 0 0 -0.000140
1530 0 0 -0.000120
1535 0 0 -0.000146
1540 0 0 -0.000189
1545 0 0 -0.000210
1550 0 0 -0.000180
1555 0 0 -0.000127
1560 0 0 -0.000090
1565 0 0 -0.000098
1570 0 0 -0.000135
1575 0 0 -0.000170
1580 0 0 -0.000182
1585 0 0 -0.000174
1590 0 0 -0.000160
1595 0 0 -0.000147
1600 0 0 -0.000135
1605 0 0 -0.000120
1610 0 0 -0.000101
1615 0 0 -0.000085
1620 0 0 -0.000080
1625 0 0 -0.000092
1630 0 0 -0.000111
1635 0 0 -0.000120
1640 0 0 -0.000111
1645 0 0 -0.000092
1650 0 0 -0.000080
1655 0 0 -0.000084
1660 0 0 -0.000098
1665 0 0 -0.000110
1670 0 0 -0.000111
1675 0 0 -0.000106
1680 0 0 -0.000100
1685 0 0 -0.000099
1690 0 0 -0.000108
1695 0 0 -0.000130
1700 0 0 -0.000164
1705 0 0 -0.000194
1710 0 0 -0.000200
1715 0 0 -0.000170
1720 0 0 -0.000127
1725 0 0 -0.000100
1730 0 0 -0.000111
1735 0 0 -0.000144
1740 0 0 -0.000170
1745 0 0 -0.000170
1750 0 0 -0.000152
1755 0 0 -0.000130
1760 0 0 -0.000115
1765 0 0 -0.000111
1770 0 0 -0.000120
1775 0 0 -0.000139
1780 0 0 -0.000158
1785 0 0 -0.000160
1790 0 0 -0.000138
1795 0 0 -0.000107
1800 0 0 -0.000090
1805 0 0 -0.000101
1810 0 0 -0.000128
1815 0 0 -0.000150
1820 0 0 -0.000154
1825 0 0 -0.000146
1830 0 0 -0.000140
1835 0 0 -0.000147
1840 0 0 -0.000170
1845 0 0 -0.000210
1850 0 0 -0.000264
1855 0 0 -0.000312
1860 0 0 -0.000330
1865 0 0 -0.000303
1870 0 0 -0.000255
1875 0 0 -0.000220
1880 0 0 -0.000220
1885 0 0 -0.000237
1890 0 0 -0.000240
1895 0 0 -0.000210
1900 0 0 -0.000169
1905 0 0 -0.000150
1910 0 0 -0.000175
1915 0 0 -0.000220
1920 0 0 -0.000250
1925 0 0 -0.000242
1930 0 0 -0.000213
1935 0 0 -0.000190
1940 0 0 -0.000193
1945 0 0 -0.000208
1950 0 0 -0.000210
1955 0 0 -0.000184
1960 0 0 -0.000149
1965 0 0 -0.000130
1970 0 0 -0.000145
1975 0 0 -0.000175
1980 0 0 -0.000190
1985 0 0 -0.000172
1990 0 0 -0.000137
1995 0 0 -0.000110
2000 0 0 -0.000111
2005 0 0 -0.000134
2010 0 0 -0.000170
2015 0 0 -0.000206
2020 0 0 -0.000231
2025 0 0 -0.000230
2030 0 0 -0.000199
2035 0 0 -0.000159
2040 0 0 -0.000140
2045 0 0 -0.000162
2050 0 0 -0.000205
2055 0 0 -0.000240
2060 0 0 -0.000245
2065 0 0 -0.000229
2070 0 0 -0.000210
2075 0 0 -0.000201
2080 0 0 -0.000199
2085 0 0 -0.000200
2090 0 0 -0.000197
2095 0 0 -0.000186
2100 0 0 -0.000160
2105 0 0 -0.000119
2110 0 0 -0.000081
2115 0 0 -0.000070
2120 0 0 -0.000099
2125 0 0 -0.000141
2130 0 0 -0.000160
2135 0 0 -0.000133
2140 0 0 -0.000086
2145 0 0 -0.000060
2150 0 0 -0.000082
2155 0 0 -0.000125
2160 0 0 -0.000150
2165 0 0 -0.000130
2170 0 0 -0.000090
2175 0 0 -0.000070
2180 0 0 -0.000095
2185 0 0 -0.000141
2190 0 0 -0.000170
2195 0 0 -0.000155
2200 0 0 -0.000117
2205 0 0 -0.000090
2210 0 0 -0.000096
2215 0 0 -0.000118
2220 0 0 -0.000130
2225 0 0 -0.000115
2230 0 0 -0.000090
2235 0 0 -0.000080
2240 0 0 -0.000102
2245 0 0 -0.000135
2250 0 0 -0.000150
2255 0 0 -0.000128
2260 0 0 -0.000094
2265 0 0 -0.000080
2270 0 0 -0.000110
2275 0 0 -0.000159
2280 0 0 -0.000190
2285 0 0 -0.000178
2290 0 0 -0.000144
2295 0 0 -0.000120
2300 0 0 -0.000128
2305 0 0 -0.000153
2310 0 0 -0.000170
2315 0 0 -0.000161
2320 0 0 -0.000138
2325 0 0 -0.000120
2330 0 0 -0.000121
2335 0 0 -0.000137
2340 0 0 -0.000160
2345 0 0 -0.000182
2350 0 0 -0.000195
2355 0 0 -0.000190
2360 0 0 -0.000165
2365 0 0 -0.000135
2370 0 0 -0.000120
2375 0 0 -0.000133
2380 0 0 -0.000158
2385 0 0 -0.000170
2390 0 0 -0.000154
2395 0 0 -0.000126
2400 0 0 -0.000110
2405 0 0 -0.000122
2410 0 0 -0.000144
2415 0 0 -0.000150
2420 0 0 -0.000124
2425 0 0 -0.000090
2430 0 0 -0.000080
2435 0 0 -0.000116
2440 0 0 -0.000170
2445 0 0 -0.000200
2450 0 0 -0.000180
2455 0 0 -0.000139
2460 0 0 -0.000120
2465 0 0 -0.000155
2470 0 0 -0.000225
2475 0 0 -0.000300
2480 0 0 -0.000356
2485 0 0 -0.000393
2490 0 0 -0.000420
2495 0 0 -0.000441
2500 0 0 -0.000448
2505 0 0 -0.000430
2510 0 0 -0.000384
2515 0 0 -0.000331
2520 0 0 -0.000300
2525 0 0 -0.000310
2530 0 0 -0.000345
2535 0 0 -0.000380
2540 0 0 -0.000397
2545 0 0 -0.000398
2550 0 0 -0.000390
2555 0 0 -0.000381
2560 0 0 -0.000373
2565 0 0 -0.000370
2570 0 0 -0.000375
2575 0 0 -0.000393
2580 0 0 -0.000430
2585 0 0 -0.000486
2590 0 0 -0.000536
2595 0 0 -0.000550
2600 0 0 -0.000510
2605 0 0 -0.000443
2610 0 0 -0.000390
2615 0 0 -0.000379
2620 0 0 -0.000390
2625 0 0 -0.000390
2630 0 0 -0.000359
2635 0 0 -0.000318
2640 0 0 -0.000300
2645 0 0 -0.000326
2650 0 0 -0.000369
2655 0 0 -0.000390
2660 0 0 -0.000362
2665 0 0 -0.000312
2670 0 0 -0.000280
2675 0 0 -0.000292
2680 0 0 -0.000325
2685 0 0 -0.000340
2690 0 0 -0.000313
2695 0 0 -0.000266
2700 0 0 -0.000230
2705 0 0 -0.000231
2710 0 0 -0.000260
2715 0 0 -0.000300
2720 0 0 -0.000336
2725 0 0 -0.000363
2730 0 0 -0.000380
2735 0 0 -0.000385
2740 0 0 -0.000374
2745 0 0 -0.000340
2750 0 0 -0.000284
2755 0 0 -0.000223
2760 0 0 -0.000180
2765 0 0 -0.000172
2770 0 0 -0.000185
2775 0 0 -0.000200
2780 0 0 -0.000202
2785 0 0 -0.000192
2790 0 0 -0.000180
2795 0 0 -0.000171
2800 0 0 -0.000170
2805 0 0 -0.000180
2810 0 0 -0.000203
2815 0 0 -0.000225
2820 0 0 -0.000230
2825 0 0 -0.000208
2830 0 0 -0.000177
2835 0 0 -0.000160
2840 0 0 -0.000172
2845 0 0 -0.000197
2850 0 0 -0.000210
2855 0 0 -0.000194
2860 0 0 -0.000168
2865 0 0 -0.000160
2870 0 0 -0.000188
2875 0 0 -0.000234
2880 0 0 -0.000270
2885 0 0 -0.000274
2890 0 0 -0.000256
2895 0 0 -0.000230
2900 0 0 -0.000211
2905 0 0 -0.000203
2910 0 0 -0.000210
2915 0 0 -0.000231
2920 0 0 -0.000250
2925 0 0 -0.000250
2930 0 0 -0.000219
2935 0 0 -0.000176
2940 0 0 -0.000150
2945 0 0 -0.000159
2950 0 0 -0.000184
2955 0 0 -0.000200
2960 0 0 -0.000188
2965 0 0 -0.000169
2970 0 0 -0.000170
2975 0 0 -0.000210
2980 0 0 -0.000260
2985 0 0 -0.000280
2990 0 0 -0.000244
2995 0 0 -0.000183
3000 0 0 -0.000140
3005 0 0 -0.000147
3010 0 0 -0.000186
3015 0 0 -0.000230
3020 0 0 -0.000255
3025 0 0 -0.000262
3030 0 0 -0.000260
3035 0 0 -0.000253
3040 0 0 -0.000238
3045 0 0 -0.000210
3050 0 0 -0.000167
3055 0 0 -0.000129
3060 0 0 -0.000120
3065 0 0 -0.000152
3070 0 0 -0.000199
3075 0 0 -0.000220
3080 0 0 -0.000192
3085 0 0 -0.000144
3090 0 0 -0.000120
3095 0 0 -0.000148
3100 0 0 -0.000199
3105 0 0 -0.000230
3110 0 0 -0.000210
3115 0 0 -0.000164
3120 0 0 -0.000130
3125 0 0 -0.000136
3130 0 0 -0.000165
3135 0 0 -0.000190
3140 0 0 -0.000191
3145 0 0 -0.000176
3150 0 0 -0.000160
3155 0 0 -0.000154
3160 0 0 -0.000159
3165 0 0 -0.000170
3170 0 0 -0.000184
3175 0 0 -0.000194
3180 0 0 -0.000190
3185 0 0 -0.000169
3190 0 0 -0.000143
3195 0 0 -0.000130
3200 0 0 -0.000141
3205 0 0 -0.000164
3210 0 0 -0.000180
3215 0 0 -0.000175
3220 0 0 -0.000157
3225 0 0 -0.000140
3230 0 0 -0.000136
3235 0 0 -0.000148
3240 0 0 -0.000180
3245 0 0 -0.000231
3250 0 0 -0.000289
3255 0 0 -0.000340
3260 0 0 -0.000373
3265 0 0 -0.000383
3270 0 0 -0.000370
3275 0 0 -0.000333
3280 0 0 -0.000282
3285 0 0 -0.000230
3290 0 0 -0.000187
3295 0 0 -0.000164
3300 0 0 -0.000170
3305 0 0 -0.000208
3310 0 0 -0.000254
3315 0 0 -0.000280
3320 0 0 -0.000265
3325 0 0 -0.000224
3330 0 0 -0.000180
3335 0 0 -0.000153
3340 0 0 -0.000147
3345 0 0 -0.000160
3350 0 0 -0.000188
3355 0 0 -0.000211
3360 0 0 -0.000210
3365 0 0 -0.000172
3370 0 0 -0.000131
3375 0 0 -0.000130
3380 0 0 -0.000195
3385 0 0 -0.000282
3390 0 0 -0.000330
3395 0 0 -0.000296
3400 0 0 -0.000220
3405 0 0 -0.000160
3410 0 0 -0.000158
3415 0 0 -0.000191
3420 0 0 -0.000220
3425 0 0 -0.000215
3430 0 0 -0.000185
3435 0 0 -0.000150
3440 0 0 -0.000128
3445 0 0 -0.000126
3450 0 0 -0.000150
3455 0 0 -0.000199
3460 0 0 -0.000250
3465 0 0 -0.000270
3470 0 0 -0.000241
3475 0 0 -0.000189
3480 0 0 -0.000150
3485 0 0 -0.000150
3490 0 0 -0.000175
3495 0 0 -0.000200
3500 0 0 -0.000206
3505 0 0 -0.000201
3510 0 0 -0.000200
3515 0 0 -0.000211
3520 0 0 -0.000221
3525 0 0 -0.000210
3530 0 0 -0.000168
3535 0 0 -0.000120
3540 0 0 -0.000100
3545 0 0 -0.000128
3550 0 0 -0.000175
3555 0 0 -0.000200
3560 0 0 -0.000174
3565 0 0 -0.000126
3570 0 0 -0.000100
3575 0 0 -0.000125
3580 0 0 -0.000177
3585 0 0 -0.000220
3590 0 0 -0.000227
3595 0 0 -0.000210
3600 0 0 -0.000190
3605 0 0 -0.000184
3610 0 0 -0.000188
3615 0 0 -0.000190
3620 0 0 -0.000184
3625 0 0 -0.000172
3630 0 0 -0.000160
3635 0 0 -0.000153
3640 0 0 -0.000152
3645 0 0 -0.000160
3650 0 0 -0.000176
3655 0 0 -0.000189
3660 0 0 -0.000190
3665 0 0 -0.000171
3670 0 0 -0.000145
3675 0 0 -0.000130
3680 0 0 -0.000139
3685 0 0 -0.000161
3690 0 0 -0.000180
3695 0 0 -0.000184
3700 0 0 -0.000175
3705 0 0 -0.000160
3710 0 0 -0.000145
3715 0 0 -0.000139
3720 0 0 -0.000150
3725 0 0 -0.000182
3730 0 0 -0.000217
3735 0 0 -0.000230
3740 0 0 -0.000206
3745 0 0 -0.000165
3750 0 0 -0.000140
3755 0 0 -0.000150
3760 0 0 -0.000179
3765 0 0 -0.000200
3770 0 0 -0.000194
3775 0 0 -0.000172
3780 0 0 -0.000150
3785 0 0 -0.000143
3790 0 0 -0.000148
3795 0 0 -0.000160
3800 0 0 -0.000173
3805 0 0 -0.000181
3810 0 0 -0.000180
3815 0 0 -0.000167
3820 0 0 -0.000150
3825 0 0 -0.000140
3830 0 0 -0.000144
3835 0 0 -0.000157
3840 0 0 -0.000170
3845 0 0 -0.000175
3850 0 0 -0.000172
3855 0 0 -0.000160
3860 0 0 -0.000143
3865 0 0 -0.000134
3870 0 0 -0.000150
3875 0 0 -0.000202
3880 0 0 -0.000278
3885 0 0 -0.000360
3890 0 0 -0.000430
3895 0 0 -0.000470
3900 0 0 -0.000460
3905 0 0 -0.000400
3910 0 0 -0.000368
3915 0 0 -0.000460
3920 0 0 -0.000743
3925 0 0 -0.001156
3930 0 0 -0.001610
3935 0 0 -0.002020
3940 0 0 -0.002325
3945 0 0 -0.002470
3950 0 0 -0.002413
3955 0 0 -0.002165
3960 0 0 -0.001750
3965 0 0 -0.001211
3970 0 0 -0.000672
3975 0 0 -0.000280
3980 0 0 -0.000134
3985 0 0 -0.000160
3990 0 0 -0.000240
3995 0 0 -0.000279
4000 0 0 -0.000279
4005 0 0 -0.000270
4010 0 0 -0.000272
4015 0 0 -0.000282
4020 0 0 -0.000290
4025 0 0 -0.000289
4030 0 0 -0.000281
4035 0 0 -0.000270
4040 0 0 -0.000261
4045 0 0 -0.000254
4050 0 0 -0.000250
4055 0 0 -0.000249
4060 0 0 -0.000252
4065 0 0 -0.000260
4070 0 0 -0.000273
4075 0 0 -0.000288
4080 0 0 -0.000300
4085 0 0 -0.000306
4090 0 0 -0.000306
4095 0 0 -0.000300
4100 0 0 -0.000289
4105 0 0 -0.000279
4110 0 0 -0.000280
4115 0 0 -0.000296
4120 0 0 -0.000314
4125 0 0 -0.000320
4130 0 0 -0.000304
4135 0 0 -0.000280
4140 0 0 -0.000270
4145 0 0 -0.000286
4150 0 0 -0.000312
4155 0 0 -0.000320
4160 0 0 -0.000296
4165 0 0 -0.000259
4170 0 0 -0.000240
4175 0 0 -0.000258
4180 0 0 -0.000287
4185 0 0 -0.000290
4190 0 0 -0.000246
4195 0 0 -0.000192
4200 0 0 -0.000180
4205 0 0 -0.000237
4210 0 0 -0.000298
4215 0 0 -0.000270
4220 0 0 -0.000118
4225 0 0 -0.000020
4230 0 0 -0.000210
4235 0 0 -0.000829
4240 0 0 -0.001657
4245 0 0 -0.002380
4250 0 0 -0.002752
4255 0 0 -0.002789
4260 0 0 -0.002570
4265 0 0 -0.002179
4270 0 0 -0.001705
4275 0 0 -0.001240
4280 0 0 -0.000861
4285 0 0 -0.000584
4290 0 0 -0.000410
4295 0 0 -0.000335
4300 0 0 -0.000327
4305 0 0 -0.000350
4310 0 0 -0.000372
4315 0 0 -0.000383
4320 0 0 -0.000380
4325 0 0 -0.000361
4330 0 0 -0.000339
4335 0 0 -0.000330
4340 0 0 -0.000344
4345 0 0 -0.000365
4350 0 0 -0.000370
4355 0 0 -0.000342
4360 0 0 -0.000290
4365 0 0 -0.000230
4370 0 0 -0.000176
4375 0 0 -0.000140
4380 0 0 -0.000130
4385 0 0 -0.000151
4390 0 0 -0.000180
4395 0 0 -0.000190
4400 0 0 -0.000165
4405 0 0 -0.000132
4410 0 0 -0.000130
4415 0 0 -0.000184
4420 0 0 -0.000258
4425 0 0 -0.000300
4430 0 0 -0.000276
4435 0 0 -0.000217
4440 0 0 -0.000170
4445 0 0 -0.000170
4450 0 0 -0.000200
4455 0 0 -0.000230
4460 0 0 -0.000236
4465 0 0 -0.000222
4470 0 0 -0.000200
4475 0 0 -0.000178
4480 0 0 -0.000161
4485 0 0 -0.000150
4490 0 0 -0.000147
4495 0 0 -0.000147
4500 0 0 -0.000140
4505 0 0 -0.000123
4510 0 0 -0.000106
4515 0 0 -0.000100
4520 0 0 -0.000113
4525 0 0 -0.000132
4530 0 0 -0.000140
4535 0 0 -0.000125
4540 0 0 -0.000101
4545 0 0 -0.000090
4550 0 0 -0.000105
4555 0 0 -0.000135
4560 0 0 -0.000160
4565 0 0 -0.000166
4570 0 0 -0.000157
4575 0 0 -0.000140
4580 0 0 -0.000123
4585 0 0 -0.000111
4590 0 0 -0.000110
4595 0 0 -0.000122
4600 0 0 -0.000137
4605 0 0 -0.000140
4610 0 0 -0.000122
4615 0 0 -0.000096
4620 0 0 -0.000080
4625 0 0 -0.000086
4630 0 0 -0.000107
4635 0 0 -0.000130
4640 0 0 -0.000146
4645 0 0 -0.000152
4650 0 0 -0.000150
4655 0 0 -0.000141
4660 0 0 -0.000131
4665 0 0 -0.000130
4670 0 0 -0.000143
4675 0 0 -0.000162
4680 0 0 -0.000180
4685 0 0 -0.000188
4690 0 0 -0.000184
4695 0 0 -0.000170
4700 0 0 -0.000150
4705 0 0 -0.000148
4710 0 0 -0.000190
4715 0 0 -0.000289
4720 0 0 -0.000392
4725 0 0 -0.000430
4730 0 0 -0.000360
4735 0 0 -0.000234
4740 0 0 -0.000130
4745 0 0 -0.000104
4750 0 0 -0.000132
4755 0 0 -0.000170
4760 0 0 -0.000182
4765 0 0 -0.000172
4770 0 0 -0.000150
4775 0 0 -0.000128
4780 0 0 -0.000112
4785 0 0 -0.000110
4790 0 0 -0.000124
4795 0 0 -0.000144
4800 0 0 -0.000160
4805 0 0 -0.000162
4810 0 0 -0.000153
4815 0 0 -0.000140
4820 0 0 -0.000130
4825 0 0 -0.000125
4830 0 0 -0.000130
4835 0 0 -0.000145
4840 0 0 -0.000164
4845 0 0 -0.000180
4850 0 0 -0.000186
4855 0 0 -0.000181
4860 0 0 -0.000170
4865 0 0 -0.000154
4870 0 0 -0.000139
4875 0 0 -0.000130
4880 0 0 -0.000133
4885 0 0 -0.000147
4890 0 0 -0.000170
4895 0 0 -0.000199
4900 0 0 -0.000221
4905 0 0 -0.000220
4910 0 0 -0.000189
4915 0 0 -0.000149
4920 0 0 -0.000130
4925 0 0 -0.000151
4930 0 0 -0.000194
4935 0 0 -0.000230
4940 0 0 -0.000239
4945 0 0 -0.000228
4950 0 0 -0.000210
4955 0 0 -0.000195
4960 0 0 -0.000183
4965 0 0 -0.000170
4970 0 0 -0.000154
4975 0 0 -0.000141
4980 0 0 -0.000140
4985 0 0 -0.000155
4990 0 0 -0.000177
4995 0 0 -0.000190
5000 0 0 -0.000185
5005 0 0 -0.000174
5010 0 0 -0.000170
5015 0 0 -0.000184
5020 0 0 -0.000201
5025 0 0 -0.000200
5030 0 0 -0.000169
5035 0 0 -0.000127
5040 0 0 -0.000100
5045 0 0 -0.000107
5050 0 0 -0.000133
5055 0 0 -0.000150
5060 0 0 -0.000142
5065 0 0 -0.000119
5070 0 0 -0.000100
5075 0 0 -0.000098
5080 0 0 -0.000108
5085 0 0 -0.000120
5090 0 0 -0.000127
5095 0 0 -0.000127
5100 0 0 -0.000120
5105 0 0 -0.000107
5110 0 0 -0.000100
5115 0 0 -0.000110
5120 0 0 -0.000144
5125 0 0 -0.000180
5130 0 0 -0.000190
5135 0 0 -0.000157
5140 0 0 -0.000108
5145 0 0 -0.000080
5150 0 0 -0.000098
5155 0 0 -0.000137
5160 0 0 -0.000160
5165 0 0 -0.000140
5170 0 0 -0.000099
5175 0 0 -0.000070
5180 0 0 -0.000077
5185 0 0 -0.000108
5190 0 0 -0.000140
5195 0 0 -0.000156
5200 0 0 -0.000157
5205 0 0 -0.000150
5210 0 0 -0.000140
5215 0 0 -0.000134
5220 0 0 -0.000140
5225 0 0 -0.000161
5230 0 0 -0.000183
5235 0 0 -0.000190
5240 0 0 -0.000171
5245 0 0 -0.000140
5250 0 0 -0.000120
5255 0 0 -0.000126
5260 0 0 -0.000148
5265 0 0 -0.000170
5270 0 0 -0.000179
5275 0 0 -0.000177
5280 0 0 -0.000170
5285 0 0 -0.000163
5290 0 0 -0.000159
5295 0 0 -0.000160
5300 0 0 -0.000168
5305 0 0 -0.000176
5310 0 0 -0.000180
5315 0 0 -0.000174
5320 0 0 -0.000165
5325 0 0 -0.000160
5330 0 0 -0.000165
5335 0 0 -0.000177
5340 0 0 -0.000190
5345 0 0 -0.000198
5350 0 0 -0.000199
5355 0 0 -0.000190
5360 0 0 -0.000173
5365 0 0 -0.000161
5370 0 0 -0.000170
5375 0 0 -0.000207
5380 0 0 -0.000248
5385 0 0 -0.000260
5390 0 0 -0.000226
5395 0 0 -0.000185
5400 0 0 -0.000190
5405 0 0 -0.000274
5410 0 0 -0.000390
5415 0 0 -0.000470
5420 0 0 -0.000466
5425 0 0 -0.000409
5430 0 0 -0.000350
5435 0 0 -0.000327
5440 0 0 -0.000333
5445 0 0 -0.000350
5450 0 0 -0.000362
5455 0 0 -0.000371
5460 0 0 -0.000380
5465 0 0 -0.000393
5470 0 0 -0.000413
5475 0 0 -0.000440
5480 0 0 -0.000474
5485 0 0 -0.000503
5490 0 0 -0.000510
5495 0 0 -0.000487
5500 0 0 -0.000452
5505 0 0 -0.000430
5510 0 0 -0.000437
5515 0 0 -0.000457
5520 0 0 -0.000470
5525 0 0 -0.000459
5530 0 0 -0.000439
5535 0 0 -0.000430
5540 0 0 -0.000447
5545 0 0 -0.000477
5550 0 0 -0.000500
5555 0 0 -0.000499
5560 0 0 -0.000475
5565 0 0 -0.000430
5570 0 0 -0.000371
5575 0 0 -0.000314
5580 0 0 -0.000280
5585 0 0 -0.000281
5590 0 0 -0.000297
5595 0 0 -0.000300
5600 0 0 -0.000272
5605 0 0 -0.000233
5610 0 0 -0.000210
5615 0 0 -0.000223
5620 0 0 -0.000253
5625 0 0 -0.000270
5630 0 0 -0.000256
5635 0 0 -0.000227
5640 0 0 -0.000210
5645 0 0 -0.000223
5650 0 0 -0.000248
5655 0 0 -0.000260
5660 0 0 -0.000240
5665 0 0 -0.000205
5670 0 0 -0.000180
5675 0 0 -0.000183
5680 0 0 -0.000204
5685 0 0 -0.000230
5690 0 0 -0.000247
5695 0 0 -0.000250
5700 0 0 -0.000240
5705 0 0 -0.000216
5710 0 0 -0.000186
5715 0 0 -0.000160
5720 0 0 -0.000146
5725 0 0 -0.000142
5730 0 0 -0.000140
5735 0 0 -0.000137
5740 0 0 -0.000130
5745 0 0 -0.000120
5750 0 0 -0.000108
5755 0 0 -0.000101
5760 0 0 -0.000110
5765 0 0 -0.000139
5770 0 0 -0.000172
5775 0 0 -0.000190
5780 0 0 -0.000178
5785 0 0 -0.000151
5790 0 0 -0.000130
5795 0 0 -0.000132
5800 0 0 -0.000149
5805 0 0 -0.000170
5810 0 0 -0.000185
5815 0 0 -0.000192
5820 0 0 -0.000190
5825 0 0 -0.000181
5830 0 0 -0.000169
5835 0 0 -0.000160
5840 0 0 -0.000158
5845 0 0 -0.000164
5850 0 0 -0.000180
5855 0 0 -0.000204
5860 0 0 -0.000226
5865 0 0 -0.000230
5870 0 0 -0.000210
5875 0 0 -0.000179
5880 0 0 -0.000160
5885 0 0 -0.000166
5890 0 0 -0.000188
5895 0 0 -0.000210
5900 0 0 -0.000220
5905 0 0 -0.000221
5910 0 0 -0.000220
5915 0 0 -0.000221
5920 0 0 -0.000218
5925 0 0 -0.000200
5930 0 0 -0.000164
5935 0 0 -0.000129
5940 0 0 -0.000120
5945 0 0 -0.000153
5950 0 0 -0.000201
5955 0 0 -0.000230
5960 0 0 -0.000214
5965 0 0 -0.000174
5970 0 0 -0.000140
5975 0 0 -0.000136
5980 0 0 -0.000152
5985 0 0 -0.000170
5990 0 0 -0.000176
5995 0 0 -0.000171
6000 0 0 -0.000160
6005 0 0 -0.000148
6010 0 0 -0.000140
6015 0 0 -0.000140
6020 0 0 -0.000151
6025 0 0 -0.000164
6030 0 0 -0.000170
6035 0 0 -0.000161
6040 0 0 -0.000144
6045 0 0 -0.000130
6050 0 0 -0.000128
6055 0 0 -0.000136
6060 0 0 -0.000150
6065 0 0 -0.000164
6070 0 0 -0.000173
6075 0 0 -0.000170
6080 0 0 -0.000152
6085 0 0 -0.000133
6090 0 0 -0.000130
6095 0 0 -0.000153
6100 0 0 -0.000188
6105 0 0 -0.000210
6110 0 0 -0.000204
6115 0 0 -0.000179
6120 0 0 -0.000150
6125 0 0 -0.000129
6130 0 0 -0.000119
6135 0 0 -0.000120
6140 0 0 -0.000131
6145 0 0 -0.000149
6150 0 0 -0.000170
6155 0 0 -0.000192
6160 0 0 -0.000209
6165 0 0 -0.000220
6170 0 0 -0.000220
6175 0 0 -0.000210
6180 0 0 -0.000190
6185 0 0 -0.000162
6190 0 0 -0.000130
6195 0 0 -0.000100
6200 0 0 -0.000076
6205 0 0 -0.000061
6210 0 0 -0.000060
6215 0 0 -0.000073
6220 0 0 -0.000096
6225 0 0 -0.000120
6230 0 0 -0.000139
6235 0 0 -0.000148
6240 0 0 -0.000140
6245 0 0 -0.000115
6250 0 0 -0.000086
6255 0 0 -0.000070
6260 0 0 -0.000078
6265 0 0 -0.000100
6270 0 0 -0.000120
6275 0 0 -0.000125
6280 0 0 -0.000116
6285 0 0 -0.000100
6290 0 0 -0.000082
6295 0 0 -0.000069
6300 0 0 -0.000070
6305 0 0 -0.000088
6310 0 0 -0.000110
6315 0 0 -0.000120
6320 0 0 -0.000109
6325 0 0 -0.000097
6330 0 0 -0.000110
6335 0 0 -0.000164
6340 0 0 -0.000228
6345 0 0 -0.000260
6350 0 0 -0.000233
6355 0 0 -0.000178
6360 0 0 -0.000140
6365 0 0 -0.000150
6370 0 0 -0.000191
6375 0 0 -0.000230
6380 0 0 -0.000244
6385 0 0 -0.000240
6390 0 0 -0.000230
6395 0 0 -0.000225
6400 0 0 -0.000218
6405 0 0 -0.000200
6410 0 0 -0.000165
6415 0 0 -0.000129
6420 0 0 -0.000110
6425 0 0 -0.000122
6430 0 0 -0.000150
6435 0 0 -0.000170
6440 0 0 -0.000167
6445 0 0 -0.000151
6450 0 0 -0.000140
6455 0 0 -0.000146
6460 0 0 -0.000158
6465 0 0 -0.000160
6470 0 0 -0.000142
6475 0 0 -0.000118
6480 0 0 -0.000110
6485 0 0 -0.000130
6490 0 0 -0.000161
6495 0 0 -0.000180
6500 0 0 -0.000170
6505 0 0 -0.000148
6510 0 0 -0.000140
6515 0 0 -0.000161
6520 0 0 -0.000191
6525 0 0 -0.000200
6530 0 0 -0.000170
6535 0 0 -0.000125
6540 0 0 -0.000100
6545 0 0 -0.000118
6550 0 0 -0.000156
6555 0 0 -0.000180
6560 0 0 -0.000167
6565 0 0 -0.000134
6570 0 0 -0.000110
6575 0 0 -0.000115
6580 0 0 -0.000138
6585 0 0 -0.000160
6590 0 0 -0.000165
6595 0 0 -0.000156
6600 0 0 -0.000140
6605 0 0 -0.000123
6610 0 0 -0.000114
6615 0 0 -0.000120
6620 0 0 -0.000145
6625 0 0 -0.000175
6630 0 0 -0.000190
6635 0 0 -0.000177
6640 0 0 -0.000150
6645 0 0 -0.000130
6650 0 0 -0.000131
6655 0 0 -0.000146
6660 0 0 -0.000160
6665 0 0 -0.000163
6670 0 0 -0.000155
6675 0 0 -0.000140
6680 0 0 -0.000122
6685 0 0 -0.000108
6690 0 0 -0.000110
6695 0 0 -0.000131
6700 0 0 -0.000157
6705 0 0 -0.000170
6710 0 0 -0.000156
6715 0 0 -0.000130
6720 0 0 -0.000110
6725 0 0 -0.000111
6730 0 0 -0.000126
6735 0 0 -0.000140
6740 0 0 -0.000144
6745 0 0 -0.000147
6750 0 0 -0.000160
6755 0 0 -0.000193
6760 0 0 -0.000239
6765 0 0 -0.000290
6770 0 0 -0.000336
6775 0 0 -0.000369
6780 0 0 -0.000380
6785 0 0 -0.000364
6790 0 0 -0.000325
6795 0 0 -0.000270
6800 0 0 -0.000208
6805 0 0 -0.000155
6810 0 0 -0.000130
6815 0 0 -0.000142
6820 0 0 -0.000169
6825 0 0 -0.000180
6830 0 0 -0.000156
6835 0 0 -0.000116
6840 0 0 -0.000090
6845 0 0 -0.000099
6850 0 0 -0.000130
6855 0 0 -0.000160
6860 0 0 -0.000173
6865 0 0 -0.000173
6870 0 0 -0.000170
6875 0 0 -0.000170
6880 0 0 -0.000168
6885 0 0 -0.000160
6890 0 0 -0.000142
6895 0 0 -0.000124
6900 0 0 -0.000120
6905 0 0 -0.000140
6910 0 0 -0.000174
6915 0 0 -0.000210
6920 0 0 -0.000235
6925 0 0 -0.000246
6930 0 0 -0.000240
6935 0 0 -0.000219
6940 0 0 -0.000200
6945 0 0 -0.000200
6950 0 0 -0.000232
6955 0 0 -0.000272
6960 0 0 -0.000290
6965 0 0 -0.000266
6970 0 0 -0.000222
6975 0 0 -0.000190
6980 0 0 -0.000195
6985 0 0 -0.000228
6990 0 0 -0.000270
6995 0 0 -0.000301
7000 0 0 -0.000292
7005 0 0 -0.000210
7010 0 0 -0.000063
7015 0 0 -0.000013
7020 0 0 -0.000260
7025 0 0 -0.000917
7030 0 0 -0.001750
7035 0 0 -0.002440
7040 0 0 -0.002737
7045 0 0 -0.002683
7050 0 0 -0.002390
7055 0 0 -0.001964
7060 0 0 -0.001481
7065 0 0 -0.001010
7070 0 0 -0.000614
7075 0 0 -0.000333
7080 0 0 -0.000200
7085 0 0 -0.000225
7090 0 0 -0.000326
7095 0 0 -0.000400
7100 0 0 -0.000371
7105 0 0 -0.000281
7110 0 0 -0.000200
7115 0 0 -0.000182
7120 0 0 -0.000212
7125 0 0 -0.000260
7130 0 0 -0.000310
7135 0 0 -0.000411
7140 0 0 -0.000630
7145 0 0 -0.000990
7150 0 0 -0.001346
7155 0 0 -0.001510
7160 0 0 -0.001358
7165 0 0 -0.001013
7170 0 0 -0.000660
7175 0 0 -0.000445
7180 0 0 -0.000353
7185 0 0 -0.000330
7190 0 0 -0.000329
7195 0 0 -0.000330
7200 0 0 -0.000320
7205 0 0 -0.000291
7210 0 0 -0.000261
7215 0 0 -0.000250
7220 0 0 -0.000272
7225 0 0 -0.000303
7230 0 0 -0.000310
7235 0 0 -0.000270
7240 0 0 -0.000206
7245 0 0 -0.000150
7250 0 0 -0.000127
7255 0 0 -0.000132
7260 0 0 -0.000150
7265 0 0 -0.000169
7270 0 0 -0.000178
7275 0 0 -0.000170
7280 0 0 -0.000142
7285 0 0 -0.000115
7290 0 0 -0.000120
7295 0 0 -0.000172
7300 0 0 -0.000237
7305 0 0 -0.000270
7310 0 0 -0.000241
7315 0 0 -0.000185
7320 0 0 -0.000150
7325 0 0 -0.000172
7330 0 0 -0.000225
7335 0 0 -0.000270
7340 0 0 -0.000277
7345 0 0 -0.000256
7350 0 0 -0.000230
7355 0 0 -0.000215
7360 0 0 -0.000205
7365 0 0 -0.000190
7370 0 0 -0.000165
7375 0 0 -0.000139
7380 0 0 -0.000130
7385 0 0 -0.000146
7390 0 0 -0.000172
7395 0 0 -0.000190
7400 0 0 -0.000184
7405 0 0 -0.000162
7410 0 0 -0.000140
7415 0 0 -0.000128
7420 0 0 -0.000126
7425 0 0 -0.000130
7430 0 0 -0.000138
7435 0 0 -0.000143
7440 0 0 -0.000140
7445 0 0 -0.000126
7450 0 0 -0.000112
7455 0 0 -0.000110
7460 0 0 -0.000129
7465 0 0 -0.000155
7470 0 0 -0.000170
7475 0 0 -0.000161
7480 0 0 -0.000136
7485 0 0 -0.000110
7490 0 0 -0.000095
7495 0 0 -0.000092
7500 0 0 -0.000100
7505 0 0 -0.000116
7510 0 0 -0.000133
7515 0 0 -0.000140
7520 0 0 -0.000132
7525 0 0 -0.000115
7530 0 0 -0.000100
7535 0 0 -0.000095
7540 0 0 -0.000100
7545 0 0 -0.000110
7550 0 0 -0.000123
7555 0 0 -0.000132
7560 0 0 -0.000130
7565 0 0 -0.000115
7570 0 0 -0.000097
7575 0 0 -0.000090
7580 0 0 -0.000104
7585 0 0 -0.000132
7590 0 0 -0.000160
7595 0 0 -0.000181
7600 0 0 -0.000201
7605 0 0 -0.000230
7610 0 0 -0.000273
7615 0 0 -0.000311
7620 0 0 -0.000320
7625 0 0 -0.000285
7630 0 0 -0.000224
7635 0 0 -0.000160
7640 0 0 -0.000115
7645 0 0 -0.000092
7650 0 0 -0.000090
7655 0 0 -0.000106
7660 0 0 -0.000129
7665 0 0 -0.000150
7670 0 0 -0.000158
7675 0 0 -0.000154
7680 0 0 -0.000140
7685 0 0 -0.000120
7690 0 0 -0.000103
7695 0 0 -0.000100
7700 0 0 -0.000116
7705 0 0 -0.000141
7710 0 0 -0.000160
7715 0 0 -0.000162
7720 0 0 -0.000152
7725 0 0 -0.000140
7730 0 0 -0.000134
7735 0 0 -0.000134
7740 0 0 -0.000140
7745 0 0 -0.000151
7750 0 0 -0.000160
7755 0 0 -0.000160
7760 0 0 -0.000148
7765 0 0 -0.000136
7770 0 0 -0.000140
7775 0 0 -0.000170
7780 0 0 -0.000206
7785 0 0 -0.000220
7790 0 0 -0.000196
7795 0 0 -0.000155
7800 0 0 -0.000130
7805 0 0 -0.000143
7810 0 0 -0.000178
7815 0 0 -0.000210
7820 0 0 -0.000221
7825 0 0 -0.000211
7830 0 0 -0.000190
7835 0 0 -0.000164
7840 0 0 -0.000141
7845 0 0 -0.000130
7850 0 0 -0.000135
7855 0 0 -0.000145
7860 0 0 -0.000150
7865 0 0 -0.000140
7870 0 0 -0.000125
7875 0 0 -0.000120
7880 0 0 -0.000135
7885 0 0 -0.000157
7890 0 0 -0.000170
7895 0 0 -0.000162
7900 0 0 -0.000146
7905 0 0 -0.000140
7910 0 0 -0.000154
7915 0 0 -0.000175
7920 0 0 -0.000180
7925 0 0 -0.000156
7930 0 0 -0.000121
7935 0 0 -0.000100
7940 0 0 -0.000110
7945 0 0 -0.000138
7950 0 0 -0.000160
7955 0 0 -0.000161
7960 0 0 -0.000146
7965 0 0 -0.000130
7970 0 0 -0.000122
7975 0 0 -0.000122
7980 0 0 -0.000130
7985 0 0 -0.000143
7990 0 0 -0.000152
7995 0 0 -0.000150
8000 0 0 -0.000131
8005 0 0 -0.000111
8010 0 0 -0.000110
8015 0 0 -0.000139
8020 0 0 -0.000178
8025 0 0 -0.000200
8030 0 0 -0.000186
8035 0 0 -0.000151
8040 0 0 -0.000120
8045 0 0 -0.000112
8050 0 0 -0.000122
8055 0 0 -0.000140
8060 0 0 -0.000156
8065 0 0 -0.000162
8070 0 0 -0.000150
8075 0 0 -0.000117
8080 0 0 -0.000080
8085 0 0 -0.000060
8090 0 0 -0.000072
8095 0 0 -0.000099
8100 0 0 -0.000120
8105 0 0 -0.000117
8110 0 0 -0.000099
8115 0 0 -0.000080
8120 0 0 -0.000072
8125 0 0 -0.000075
8130 0 0 -0.000090
8135 0 0 -0.000112
8140 0 0 -0.000130
8145 0 0 -0.000130
8150 0 0 -0.000104
8155 0 0 -0.000069
8160 0 0 -0.000050
8165 0 0 -0.000063
8170 0 0 -0.000096
8175 0 0 -0.000130
8180 0 0 -0.000148
8185 0 0 -0.000151
8190 0 0 -0.000140
8195 0 0 -0.000121
8200 0 0 -0.000106
8205 0 0 -0.000110
8210 0 0 -0.000142
8215 0 0 -0.000180
8220 0 0 -0.000200
8225 0 0 -0.000183
8230 0 0 -0.000149
8235 0 0 -0.000130
8240 0 0 -0.000146
8245 0 0 -0.000186
8250 0 0 -0.000230
8255 0 0 -0.000261
8260 0 0 -0.000274
8265 0 0 -0.000270
8270 0 0 -0.000250
8275 0 0 -0.000225
8280 0 0 -0.000210
8285 0 0 -0.000215
8290 0 0 -0.000239
8295 0 0 -0.000280
8300 0 0 -0.000330
8305 0 0 -0.000374
8310 0 0 -0.000390
8315 0 0 -0.000367
8320 0 0 -0.000325
8325 0 0 -0.000290
8330 0 0 -0.000283
8335 0 0 -0.000305
8340 0 0 -0.000350
8345 0 0 -0.000409
8350 0 0 -0.000461
8355 0 0 -0.000480
8360 0 0 -0.000452
8365 0 0 -0.000403
8370 0 0 -0.000370
8375 0 0 -0.000378
8380 0 0 -0.000411
8385 0 0 -0.000440
8390 0 0 -0.000444
8395 0 0 -0.000430
8400 0 0 -0.000410
8405 0 0 -0.000395
8410 0 0 -0.000391
8415 0 0 -0.000400
8420 0 0 -0.000421
8425 0 0 -0.000436
8430 0 0 -0.000420
8435 0 0 -0.000360
8440 0 0 -0.000281
8445 0 0 -0.000220
8450 0 0 -0.000202
8455 0 0 -0.000216
8460 0 0 -0.000240
8465 0 0 -0.000257
8470 0 0 -0.000263
8475 0 0 -0.000260
8480 0 0 -0.000249
8485 0 0 -0.000236
8490 0 0 -0.000230
8495 0 0 -0.000235
8500 0 0 -0.000244
8505 0 0 -0.000250
8510 0 0 -0.000246
8515 0 0 -0.000239
8520 0 0 -0.000240
8525 0 0 -0.000255
8530 0 0 -0.000273
8535 0 0 -0.000280
8540 0 0 -0.000266
8545 0 0 -0.000238
8550 0 0 -0.000210
8555 0 0 -0.000193
8560 0 0 -0.000195
8565 0 0 -0.000220
8570 0 0 -0.000270
8575 0 0 -0.000325
8580 0 0 -0.000360
8585 0 0 -0.000359
8590 0 0 -0.000335
8595 0 0 -0.000310
8600 0 0 -0.000299
8605 0 0 -0.000293
8610 0 0 -0.000280
8615 0 0 -0.000249
8620 0 0 -0.000205
8625 0 0 -0.000160
8630 0 0 -0.000122
8635 0 0 -0.000098
8640 0 0 -0.000090
8645 0 0 -0.000101
8650 0 0 -0.000122
8655 0 0 -0.000140
8660 0 0 -0.000145
8665 0 0 -0.000137
8670 0 0 -0.000120
8675 0 0 -0.000097
8680 0 0 -0.000078
8685 0 0 -0.000070
8690 0 0 -0.000080
8695 0 0 -0.000098
8700 0 0 -0.000110
8705 0 0 -0.000106
8710 0 0 -0.000090
8715 0 0 -0.000070
8720 0 0 -0.000053
8725 0 0 -0.000049
8730 0 0 -0.000070
8735 0 0 -0.000120
8740 0 0 -0.000173
8745 0 0 -0.000200
8750 0 0 -0.000179
8755 0 0 -0.000134
8760 0 0 -0.000100
8765 0 0 -0.000102
8770 0 0 -0.000126
8775 0 0 -0.000150
8780 0 0 -0.000157
8785 0 0 -0.000153
8790 0 0 -0.000150
8795 0 0 -0.000157
8800 0 0 -0.000162
8805 0 0 -0.000150
8810 0 0 -0.000113
8815 0 0 -0.000071
8820 0 0 -0.000050
8825 0 0 -0.000068
8830 0 0 -0.000104
8835 0 0 -0.000130
8840 0 0 -0.000124
8845 0 0 -0.000102
8850 0 0 -0.000090
8855 0 0 -0.000104
8860 0 0 -0.000134
8865 0 0 -0.000160
8870 0 0 -0.000168
8875 0 0 -0.000161
8880 0 0 -0.000150
8885 0 0 -0.000141
8890 0 0 -0.000138
8895 0 0 -0.000140
8900 0 0 -0.000148
8905 0 0 -0.000154
8910 0 0 -0.000150
8915 0 0 -0.000130
8920 0 0 -0.000106
8925 0 0 -0.000090
8930 0 0 -0.000093
8935 0 0 -0.000110
8940 0 0 -0.000130
8945 0 0 -0.000145
8950 0 0 -0.000150
8955 0 0 -0.000140
8960 0 0 -0.000113
8965 0 0 -0.000084
8970 0 0 -0.000070
8975 0 0 -0.000083
8980 0 0 -0.000112
8985 0 0 -0.000140
8990 0 0 -0.000154
8995 0 0 -0.000154
9000 0 0 -0.000140
9005 0 0 -0.000117
9010 0 0 -0.000094
9015 0 0 -0.000080
9020 0 0 -0.000084
9025 0 0 -0.000102
9030 0 0 -0.000130
9035 0 0 -0.000161
9040 0 0 -0.000190
9045 0 0 -0.000210
9050 0 0 -0.000217
9055 0 0 -0.000213
9060 0 0 -0.000200
9065 0 0 -0.000182
9070 0 0 -0.000164
9075 0 0 -0.000150
9080 0 0 -0.000143
9085 0 0 -0.000138
9090 0 0 -0.000130
9095 0 0 -0.000116
9100 0 0 -0.000103
9105 0 0 -0.000100
9110 0 0 -0.000114
9115 0 0 -0.000135
9120 0 0 -0.000150
9125 0 0 -0.000149
9130 0 0 -0.000136
9135 0 0 -0.000120
9140 0 0 -0.000108
9145 0 0 -0.000103
9150 0 0 -0.000110
9155 0 0 -0.000129
9160 0 0 -0.000153
9165 0 0 -0.000170
9170 0 0 -0.000173
9175 0 0 -0.000164
9180 0 0 -0.000150
9185 0 0 -0.000136
9190 0 0 -0.000126
9195 0 0 -0.000120
9200 0 0 -0.000121
9205 0 0 -0.000130
9210 0 0 -0.000150
9215 0 0 -0.000179
9220 0 0 -0.000201
9225 0 0 -0.000200
9230 0 0 -0.000165
9235 0 0 -0.000118
9240 0 0 -0.000090
9245 0 0 -0.000103
9250 0 0 -0.000138
9255 0 0 -0.000170
9260 0 0 -0.000177
9265 0 0 -0.000169
9270 0 0 -0.000160
9275 0 0 -0.000161
9280 0 0 -0.000162
9285 0 0 -0.000150
9290 0 0 -0.000116
9295 0 0 -0.000081
9300 0 0 -0.000070
9305 0 0 -0.000099
9310 0 0 -0.000144
9315 0 0 -0.000170
9320 0 0 -0.000153
9325 0 0 -0.000112
9330 0 0 -0.000080
9335 0 0 -0.000079
9340 0 0 -0.000098
9345 0 0 -0.000120
9350 0 0 -0.000130
9355 0 0 -0.000128
9360 0 0 -0.000120
9365 0 0 -0.000110
9370 0 0 -0.000105
9375 0 0 -0.000110
9380 0 0 -0.000128
9385 0 0 -0.000149
9390 0 0 -0.000160
9395 0 0 -0.000154
9400 0 0 -0.000142
9405 0 0 -0.000140
9410 0 0 -0.000159
9415 0 0 -0.000188
9420 0 0 -0.000210
9425 0 0 -0.000213
9430 0 0 -0.000203
9435 0 0 -0.000190
9440 0 0 -0.000182
9445 0 0 -0.000182
9450 0 0 -0.000190
9455 0 0 -0.000205
9460 0 0 -0.000217
9465 0 0 -0.000210
9470 0 0 -0.000178
9475 0 0 -0.000140
9480 0 0 -0.000120
9485 0 0 -0.000135
9490 0 0 -0.000169
9495 0 0 -0.000200
9500 0 0 -0.000210
9505 0 0 -0.000203
9510 0 0 -0.000190
9515 0 0 -0.000178
9520 0 0 -0.000171
9525 0 0 -0.000170
9530 0 0 -0.000175
9535 0 0 -0.000183
9540 0 0 -0.000190
9545 0 0 -0.000192
9550 0 0 -0.000188
9555 0 0 -0.000180
9560 0 0 -0.000169
9565 0 0 -0.000163
9570 0 0 -0.000170
9575 0 0 -0.000196
9580 0 0 -0.000225
9585 0 0 -0.000240
9590 0 0 -0.000227
9595 0 0 -0.000197
9600 0 0 -0.000170
9605 0 0 -0.000158
9610 0 0 -0.000160
9615 0 0 -0.000170
9620 0 0 -0.000182
9625 0 0 -0.000190
9630 0 0 -0.000190
9635 0 0 -0.000179
9640 0 0 -0.000163
9645 0 0 -0.000150
9650 0 0 -0.000146
9655 0 0 -0.000153
9660 0 0 -0.000170
9665 0 0 -0.000194
9670 0 0 -0.000212
9675 0 0 -0.000210
9680 0 0 -0.000182
9685 0 0 -0.000151
9690 0 0 -0.000150
9695 0 0 -0.000198
9700 0 0 -0.000266
9705 0 0 -0.000310
9710 0 0 -0.000302
9715 0 0 -0.000261
9720 0 0 -0.000220
9725 0 0 -0.000207
9730 0 0 -0.000224
9735 0 0 -0.000270
9740 0 0 -0.000337
9745 0 0 -0.000395
9750 0 0 -0.000410
9755 0 0 -0.000361
9760 0 0 -0.000282
9765 0 0 -0.000220
9770 0 0 -0.000208
9775 0 0 -0.000224
9780 0 0 -0.000230
9785 0 0 -0.000202
9790 0 0 -0.000158
9795 0 0 -0.000130
9800 0 0 -0.000137
9805 0 0 -0.000163
9810 0 0 -0.000180
9815 0 0 -0.000170
9820 0 0 -0.000154
9825 0 0 -0.000160
9830 0 0 -0.000207
9835 0 0 -0.000267
9840 0 0 -0.000300
9845 0 0 -0.000278
9850 0 0 -0.000226
9855 0 0 -0.000180
9860 0 0 -0.000169
9865 0 0 -0.000185
9870 0 0 -0.000210
9875 0 0 -0.000228
9880 0 0 -0.000233
9885 0 0 -0.000220
9890 0 0 -0.000189
9895 0 0 -0.000156
9900 0 0 -0.000140
9905 0 0 -0.000155
9910 0 0 -0.000185
9915 0 0 -0.000210
9920 0 0 -0.000213
9925 0 0 -0.000200
9930 0 0 -0.000180
9935 0 0 -0.000162
9940 0 0 -0.000154
9945 0 0 -0.000160
9950 0 0 -0.000184
9955 0 0 -0.000215
9960 0 0 -0.000240
9965 0 0 -0.000249
9970 0 0 -0.000247
9975 0 0 -0.000240
9980 0 0 -0.000236
9985 0 0 -0.000236
9990 0 0 -0.000240
9995 0 0 -0.000249
10000 0 0 -0.000257
10005 0 0 -0.000260
10010 0 0 -0.000253
10015 0 0 -0.000241
10020 0 0 -0.000230
10025 0 0 -0.000224
10030 0 0 -0.000224
10035 0 0 -0.000230
10040 0 0 -0.000240
10045 0 0 -0.000248
10050 0 0 -0.000250
10055 0 0 -0.000241
10060 0 0 -0.000225
10065 0 0 -0.000210
10070 0 0 -0.000203
10075 0 0 -0.000211
