0 0 0 -0.000280
5 0 0 -0.000247
10 0 0 -0.000240
15 0 0 -0.000250
20 0 0 -0.000267
25 0 0 -0.000280
30 0 0 -0.000280
35 0 0 -0.000261
40 0 0 -0.000235
45 0 0 -0.000220
50 0 0 -0.000226
55 0 0 -0.000242
60 0 0 -0.000250
65 0 0 -0.000239
70 0 0 -0.000215
75 0 0 -0.000190
80 0 0 -0.000174
85 0 0 -0.000173
90 0 0 -0.000190
95 0 0 -0.000225
100 0 0 -0.000259
105 0 0 -0.000270
110 0 0 -0.000244
115 0 0 -0.000204
120 0 0 -0.000180
125 0 0 -0.000195
130 0 0 -0.000233
135 0 0 -0.000270
140 0 0 -0.000286
145 0 0 -0.000289
150 0 0 -0.000290
155 0 0 -0.000298
160 0 0 -0.000300
165 0 0 -0.000280
170 0 0 -0.000230
175 0 0 -0.000175
180 0 0 -0.000150
185 0 0 -0.000175
190 0 0 -0.000222
195 0 0 -0.000250
200 0 0 -0.000230
205 0 0 -0.000187
210 0 0 -0.000160
215 0 0 -0.000174
220 0 0 -0.000208
225 0 0 -0.000230
230 0 0 -0.000217
235 0 0 -0.000184
240 0 0 -0.000160
245 0 0 -0.000163
250 0 0 -0.000184
255 0 0 -0.000210
260 0 0 -0.000227
265 0 0 -0.000234
270 0 0 -0.000230
275 0 0 -0.000218
280 0 0 -0.000204
285 0 0 -0.000200
290 0 0 -0.000210
295 0 0 -0.000221
300 0 0 -0.000220
305 0 0 -0.000196
310 0 0 -0.000165
315 0 0 -0.000150
320 0 0 -0.000166
325 0 0 -0.000197
330 0 0 -0.000220
335 0 0 -0.000217
340 0 0 -0.000199
345 0 0 -0.000180
350 0 0 -0.000174
355 0 0 -0.000179
360 0 0 -0.000190
365 0 0 -0.000203
370 0 0 -0.000209
375 0 0 -0.000200
380 0 0 -0.000173
385 0 0 -0.000140
390 0 0 -0.000120
395 0 0 -0.000125
400 0 0 -0.000147
405 0 0 -0.000170
410 0 0 -0.000183
415 0 0 -0.000183
420 0 0 -0.000170
425 0 0 -0.000146
430 0 0 -0.000127
435 0 0 -0.000130
440 0 0 -0.000165
445 0 0 -0.000206
450 0 0 -0.000220
455 0 0 -0.000184
460 0 0 -0.000124
465 0 0 -0.000080
470 0 0 -0.000078
475 0 0 -0.000102
480 0 0 -0.000120
485 0 0 -0.000112
490 0 0 -0.000089
495 0 0 -0.000070
500 0 0 -0.000069
505 0 0 -0.000081
510 0 0 -0.000100
515 0 0 -0.000117
520 0 0 -0.000125
525 0 0 -0.000120
530 0 0 -0.000100
535 0 0 -0.000082
540 0 0 -0.000090
545 0 0 -0.000136
550 0 0 -0.000196
555 0 0 -0.000240
560 0 0 -0.000245
565 0 0 -0.000231
570 0 0 -0.000230
575 0 0 -0.000261
580 0 0 -0.000300
585 0 0 -0.000310
590 0 0 -0.000269
595 0 0 -0.000205
600 0 0 -0.000160
605 0 0 -0.000165
610 0 0 -0.000199
615 0 0 -0.000230
620 0 0 -0.000236
625 0 0 -0.000228
630 0 0 -0.000230
635 0 0 -0.000257
640 0 0 -0.000307
645 0 0 -0.000370
650 0 0 -0.000432
655 0 0 -0.000448
660 0 0 -0.000370
665 0 0 -0.000192
670 0 0 -0.000088
675 0 0 -0.000280
680 0 0 -0.000894
685 0 0 -0.001681
690 0 0 -0.002300
695 0 0 -0.002494
700 0 0 -0.002353
705 0 0 -0.002050
710 0 0 -0.001749
715 0 0 -0.001567
720 0 0 -0.001610
725 0 0 -0.001924
730 0 0 -0.002305
735 0 0 -0.002490
740 0 0 -0.002294
745 0 0 -0.001847
750 0 0 -0.001360
755 0 0 -0.001004
760 0 0 -0.000790
765 0 0 -0.000690
770 0 0 -0.000686
775 0 0 -0.000796
780 0 0 -0.001050
785 0 0 -0.001438
790 0 0 -0.001801
795 0 0 -0.001940
800 0 0 -0.001740
805 0 0 -0.001417
810 0 0 -0.001270
815 0 0 -0.001502
820 0 0 -0.001939
825 0 0 -0.002310
830 0 0 -0.002405
835 0 0 -0.002247
840 0 0 -0.001920
845 0 0 -0.001521
850 0 0 -0.001205
855 0 0 -0.001140
860 0 0 -0.001422
865 0 0 -0.001855
870 0 0 -0.002170
875 0 0 -0.002173
880 0 0 -0.001962
885 0 0 -0.001710
890 0 0 -0.001550
895 0 0 -0.001466
900 0 0 -0.001400
905 0 0 -0.001316
910 0 0 -0.001251
915 0 0 -0.001260
920 0 0 -0.001373
925 0 0 -0.001511
930 0 0 -0.001570
935 0 0 -0.001477
940 0 0 -0.001290
945 0 0 -0.001100
950 0 0 -0.000983
955 0 0 -0.000963
960 0 0 -0.001050
965 0 0 -0.001243
970 0 0 -0.001488
975 0 0 -0.001720
980 0 0 -0.001886
985 0 0 -0.001982
990 0 0 -0.002020
995 0 0 -0.002007
1000 0 0 -0.001947
1005 0 0 -0.001840
1010 0 0 -0.001685
1015 0 0 -0.001469
1020 0 0 -0.001180
1025 0 0 -0.000820
1030 0 0 -0.000464
1035 0 0 -0.000200
1040 0 0 -0.000094
1045 0 0 -0.000106
1050 0 0 -0.000170
1055 0 0 -0.000229
1060 0 0 -0.000264
1065 0 0 -0.000270
1070 0 0 -0.000243
1075 0 0 -0.000204
1080 0 0 -0.000180
1085 0 0 -0.000189
1090 0 0 -0.000219
1095 0 0 -0.000250
1100 0 0 -0.000267
1105 0 0 -0.000271
1110 0 0 -0.000270
1115 0 0 -0.000268
1120 0 0 -0.000260
1125 0 0 -0.000240
1130 0 0 -0.000205
1135 0 0 -0.000171
1140 0 0 -0.000160
1145 0 0 -0.000183
1150 0 0 -0.000223
1155 0 0 -0.000250
1160 0 0 -0.000247
1165 0 0 -0.000226
1170 0 0 -0.000210
1175 0 0 -0.000214
1180 0 0 -0.000229
1185 0 0 -0.000240
1190 0 0 -0.000237
1195 0 0 -0.000227
1200 0 0 -0.000220
1205 0 0 -0.000223
1210 0 0 -0.000225
1215 0 0 -0.000210
1220 0 0 -0.000174
1225 0 0 -0.000165
1230 0 0 -0.000240
1235 0 0 -0.000440
1240 0 0 -0.000734
1245 0 0 -0.001070
1250 0 0 -0.001393
1255 0 0 -0.001621
1260 0 0 -0.001670
1265 0 0 -0.001489
1270 0 0 -0.001174
1275 0 0 -0.000860
1280 0 0 -0.000652
1285 0 0 -0.000549
1290 0 0 -0.000520
1295 0 0 -0.000529
1300 0 0 -0.000510
1305 0 0 -0.000390
1310 0 0 -0.000152
1315 0 0 -0.000007
1320 0 0 -0.000220
1325 0 0 -0.000942
1330 0 0 -0.001851
1335 0 0 -0.002510
1340 0 0 -0.002612
1345 0 0 -0.002373
1350 0 0 -0.002140
1355 0 0 -0.002155
1360 0 0 -0.002235
1365 0 0 -0.002090
1370 0 0 -0.001535
1375 0 0 -0.000796
1380 0 0 -0.000200
1385 0 0 0.000011
1390 0 0 -0.000052
1395 0 0 -0.000190
1400 0 0 -0.000245
1405 0 0 -0.000225
1410 0 0 -0.000180
1415 0 0 -0.000150
1420 0 0 -0.000138
1425 0 0 -0.000140
1430 0 0 -0.000150
1435 0 0 -0.000159
1440 0 0 -0.000160
1445 0 0 -0.000148
1450 0 0 -0.000131
1455 0 0 -0.000120
1460 0 0 -0.000124
1465 0 0 -0.000137
1470 0 0 -0.000150
1475 0 0 -0.000155
1480 0 0 -0.000151
1485 0 0 -0.000140
1490 0 0 -0.000123
1495 0 0 -0.000110
1500 0 0 -0.000110
1505 0 0 -0.000129
1510 0 0 -0.000152
1515 0 0 -0.000160
1520 0 0 -0.000141
1525 0 0 -0.000117
1530 0 0 -0.000120
1535 0 0 -0.000168
1540 0 0 -0.000229
1545 0 0 -0.000260
1550 0 0 -0.000232
1555 0 0 -0.000175
1560 0 0 -0.000130
1565 0 0 -0.000130
1570 0 0 -0.000162
1575 0 0 -0.000200
1580 0 0 -0.000223
1585 0 0 -0.000227
1590 0 0 -0.000210
1595 0 0 -0.000176
1600 0 0 -0.000137
1605 0 0 -0.000110
1610 0 0 -0.000106
1615 0 0 -0.000115
1620 0 0 -0.000120
1625 0 0 -0.000111
1630 0 0 -0.000097
1635 0 0 -0.000090
1640 0 0 -0.000099
1645 0 0 -0.000114
1650 0 0 -0.000120
1655 0 0 -0.000107
1660 0 0 -0.000088
1665 0 0 -0.000080
1670 0 0 -0.000094
1675 0 0 -0.000117
1680 0 0 -0.000130
1685 0 0 -0.000120
1690 0 0 -0.000100
1695 0 0 -0.000090
1700 0 0 -0.000103
1705 0 0 -0.000128
1710 0 0 -0.000150
1715 0 0 -0.000155
1720 0 0 -0.000146
1725 0 0 -0.000130
1730 0 0 -0.000114
1735 0 0 -0.000105
1740 0 0 -0.000110
1745 0 0 -0.000133
1750 0 0 -0.000162
1755 0 0 -0.000180
1760 0 0 -0.000177
1765 0 0 -0.000160
1770 0 0 -0.000140
1775 0 0 -0.000127
1780 0 0 -0.000124
1785 0 0 -0.000130
1790 0 0 -0.000144
1795 0 0 -0.000158
1800 0 0 -0.000160
1805 0 0 -0.000144
1810 0 0 -0.000122
1815 0 0 -0.000110
1820 0 0 -0.000120
1825 0 0 -0.000154
1830 0 0 -0.000210
1835 0 0 -0.000282
1840 0 0 -0.000342
1845 0 0 -0.000360
1850 0 0 -0.000317
1855 0 0 -0.000248
1860 0 0 -0.000200
1865 0 0 -0.000207
1870 0 0 -0.000246
1875 0 0 -0.000280
1880 0 0 -0.000282
1885 0 0 -0.000264
1890 0 0 -0.000250
1895 0 0 -0.000255
1900 0 0 -0.000268
1905 0 0 -0.000270
1910 0 0 -0.000249
1915 0 0 -0.000219
1920 0 0 -0.000200
1925 0 0 -0.000206
1930 0 0 -0.000228
1935 0 0 -0.000250
1940 0 0 -0.000259
1945 0 0 -0.000252
1950 0 0 -0.000230
1955 0 0 -0.000198
1960 0 0 -0.000177
1965 0 0 -0.000190
1970 0 0 -0.000251
1975 0 0 -0.000323
1980 0 0 -0.000360
1985 0 0 -0.000328
1990 0 0 -0.000257
1995 0 0 -0.000190
2000 0 0 -0.000162
2005 0 0 -0.000168
2010 0 0 -0.000190
2015 0 0 -0.000214
2020 0 0 -0.000228
2025 0 0 -0.000220
2030 0 0 -0.000185
2035 0 0 -0.000144
2040 0 0 -0.000120
2045 0 0 -0.000132
2050 0 0 -0.000166
2055 0 0 -0.000200
2060 0 0 -0.000216
2065 0 0 -0.000217
2070 0 0 -0.000210
2075 0 0 -0.000201
2080 0 0 -0.000189
2085 0 0 -0.000170
2090 0 0 -0.000143
2095 0 0 -0.000119
2100 0 0 -0.000110
2105 0 0 -0.000124
2110 0 0 -0.000145
2115 0 0 -0.000150
2120 0 0 -0.000126
2125 0 0 -0.000091
2130 0 0 -0.000070
2135 0 0 -0.000082
2140 0 0 -0.000112
2145 0 0 -0.000140
2150 0 0 -0.000149
2155 0 0 -0.000142
2160 0 0 -0.000130
2165 0 0 -0.000119
2170 0 0 -0.000112
2175 0 0 -0.000110
2180 0 0 -0.000113
2185 0 0 -0.000115
2190 0 0 -0.000110
2195 0 0 -0.000096
2200 0 0 -0.000081
2205 0 0 -0.000080
2210 0 0 -0.000099
2215 0 0 -0.000123
2220 0 0 -0.000130
2225 0 0 -0.000108
2230 0 0 -0.000076
2235 0 0 -0.000060
2240 0 0 -0.000078
2245 0 0 -0.000111
2250 0 0 -0.000130
2255 0 0 -0.000116
2260 0 0 -0.000089
2265 0 0 -0.000080
2270 0 0 -0.000110
2275 0 0 -0.000160
2280 0 0 -0.000200
2285 0 0 -0.000207
2290 0 0 -0.000189
2295 0 0 -0.000160
2300 0 0 -0.000132
2305 0 0 -0.000113
2310 0 0 -0.000110
2315 0 0 -0.000125
2320 0 0 -0.000147
2325 0 0 -0.000160
2330 0 0 -0.000154
2335 0 0 -0.000137
2340 0 0 -0.000120
2345 0 0 -0.000114
2350 0 0 -0.000118
2355 0 0 -0.000130
2360 0 0 -0.000145
2365 0 0 -0.000158
2370 0 0 -0.000160
2375 0 0 -0.000147
2380 0 0 -0.000130
2385 0 0 -0.000120
2390 0 0 -0.000127
2395 0 0 -0.000141
2400 0 0 -0.000150
2405 0 0 -0.000145
2410 0 0 -0.000132
2415 0 0 -0.000120
2420 0 0 -0.000118
2425 0 0 -0.000125
2430 0 0 -0.000140
2435 0 0 -0.000160
2440 0 0 -0.000184
2445 0 0 -0.000210
2450 0 0 -0.000239
2455 0 0 -0.000276
2460 0 0 -0.000330
2465 0 0 -0.000402
2470 0 0 -0.000471
2475 0 0 -0.000510
2480 0 0 -0.000504
2485 0 0 -0.000489
2490 0 0 -0.000510
2495 0 0 -0.000596
2500 0 0 -0.000698
2505 0 0 -0.000750
2510 0 0 -0.000708
2515 0 0 -0.000628
2520 0 0 -0.000590
2525 0 0 -0.000647
2530 0 0 -0.000747
2535 0 0 -0.000810
2540 0 0 -0.000780
2545 0 0 -0.000693
2550 0 0 -0.000610
2555 0 0 -0.000577
2560 0 0 -0.000582
2565 0 0 -0.000600
2570 0 0 -0.000609
2575 0 0 -0.000611
2580 0 0 -0.000610
2585 0 0 -0.000609
2590 0 0 -0.000597
2595 0 0 -0.000560
2600 0 0 -0.000491
2605 0 0 -0.000414
2610 0 0 -0.000360
2615 0 0 -0.000351
2620 0 0 -0.000362
2625 0 0 -0.000360
2630 0 0 -0.000322
2635 0 0 -0.000273
2640 0 0 -0.000250
2645 0 0 -0.000275
2650 0 0 -0.000315
2655 0 0 -0.000320
2660 0 0 -0.000264
2665 0 0 -0.000204
2670 0 0 -0.000220
2675 0 0 -0.000366
2680 0 0 -0.000607
2685 0 0 -0.000880
2690 0 0 -0.001130
2695 0 0 -0.001316
2700 0 0 -0.001400
2705 0 0 -0.001357
2710 0 0 -0.001206
2715 0 0 -0.000980
2720 0 0 -0.000716
2725 0 0 -0.000474
2730 0 0 -0.000320
2735 0 0 -0.000294
2740 0 0 -0.000339
2745 0 0 -0.000370
2750 0 0 -0.000328
2755 0 0 -0.000244
2760 0 0 -0.000170
2765 0 0 -0.000147
2770 0 0 -0.000160
2775 0 0 -0.000180
2780 0 0 -0.000186
2785 0 0 -0.000180
2790 0 0 -0.000170
2795 0 0 -0.000165
2800 0 0 -0.000167
2805 0 0 -0.000180
2810 0 0 -0.000202
2815 0 0 -0.000220
2820 0 0 -0.000220
2825 0 0 -0.000192
2830 0 0 -0.000159
2835 0 0 -0.000150
2840 0 0 -0.000183
2845 0 0 -0.000232
2850 0 0 -0.000260
2855 0 0 -0.000242
2860 0 0 -0.000201
2865 0 0 -0.000170
2870 0 0 -0.000173
2875 0 0 -0.000198
2880 0 0 -0.000220
2885 0 0 -0.000223
2890 0 0 -0.000212
2895 0 0 -0.000200
2900 0 0 -0.000195
2905 0 0 -0.000199
2910 0 0 -0.000210
2915 0 0 -0.000226
2920 0 0 -0.000237
2925 0 0 -0.000230
2930 0 0 -0.000199
2935 0 0 -0.000163
2940 0 0 -0.000150
2945 0 0 -0.000175
2950 0 0 -0.000216
2955 0 0 -0.000240
2960 0 0 -0.000227
2965 0 0 -0.000204
2970 0 0 -0.000210
2975 0 0 -0.000267
2980 0 0 -0.000335
2985 0 0 -0.000360
2990 0 0 -0.000305
2995 0 0 -0.000211
3000 0 0 -0.000140
3005 0 0 -0.000136
3010 0 0 -0.000176
3015 0 0 -0.000220
3020 0 0 -0.000236
3025 0 0 -0.000228
3030 0 0 -0.000210
3035 0 0 -0.000192
3040 0 0 -0.000176
3045 0 0 -0.000160
3050 0 0 -0.000143
3055 0 0 -0.000131
3060 0 0 -0.000130
3065 0 0 -0.000143
3070 0 0 -0.000164
3075 0 0 -0.000180
3080 0 0 -0.000185
3085 0 0 -0.000180
3090 0 0 -0.000170
3095 0 0 -0.000160
3100 0 0 -0.000153
3105 0 0 -0.000150
3110 0 0 -0.000152
3115 0 0 -0.000155
3120 0 0 -0.000150
3125 0 0 -0.000135
3130 0 0 -0.000120
3135 0 0 -0.000120
3140 0 0 -0.000143
3145 0 0 -0.000171
3150 0 0 -0.000180
3155 0 0 -0.000154
3160 0 0 -0.000113
3165 0 0 -0.000090
3170 0 0 -0.000104
3175 0 0 -0.000140
3180 0 0 -0.000170
3185 0 0 -0.000175
3190 0 0 -0.000161
3195 0 0 -0.000140
3200 0 0 -0.000122
3205 0 0 -0.000113
3210 0 0 -0.000120
3215 0 0 -0.000143
3220 0 0 -0.000163
3225 0 0 -0.000160
3230 0 0 -0.000121
3235 0 0 -0.000080
3240 0 0 -0.000080
3245 0 0 -0.000151
3250 0 0 -0.000261
3255 0 0 -0.000360
3260 0 0 -0.000412
3265 0 0 -0.000418
3270 0 0 -0.000390
3275 0 0 -0.000341
3280 0 0 -0.000284
3285 0 0 -0.000230
3290 0 0 -0.000191
3295 0 0 -0.000173
3300 0 0 -0.000180
3305 0 0 -0.000211
3310 0 0 -0.000246
3315 0 0 -0.000260
3320 0 0 -0.000235
3325 0 0 -0.000192
3330 0 0 -0.000160
3335 0 0 -0.000159
3340 0 0 -0.000176
3345 0 0 -0.000190
3350 0 0 -0.000187
3355 0 0 -0.000178
3360 0 0 -0.000180
3365 0 0 -0.000203
3370 0 0 -0.000229
3375 0 0 -0.000230
3380 0 0 -0.000190
3385 0 0 -0.000138
3390 0 0 -0.000110
3395 0 0 -0.000132
3400 0 0 -0.000176
3405 0 0 -0.000200
3410 0 0 -0.000176
3415 0 0 -0.000130
3420 0 0 -0.000100
3425 0 0 -0.000113
3430 0 0 -0.000148
3435 0 0 -0.000170
3440 0 0 -0.000157
3445 0 0 -0.000132
3450 0 0 -0.000130
3455 0 0 -0.000172
3460 0 0 -0.000229
3465 0 0 -0.000260
3470 0 0 -0.000235
3475 0 0 -0.000182
3480 0 0 -0.000140
3485 0 0 -0.000139
3490 0 0 -0.000166
3495 0 0 -0.000200
3500 0 0 -0.000222
3505 0 0 -0.000223
3510 0 0 -0.000200
3515 0 0 -0.000154
3520 0 0 -0.000110
3525 0 0 -0.000100
3530 0 0 -0.000142
3535 0 0 -0.000204
3540 0 0 -0.000240
3545 0 0 -0.000219
3550 0 0 -0.000165
3555 0 0 -0.000120
3560 0 0 -0.000112
3565 0 0 -0.000129
3570 0 0 -0.000150
3575 0 0 -0.000158
3580 0 0 -0.000153
3585 0 0 -0.000140
3590 0 0 -0.000125
3595 0 0 -0.000113
3600 0 0 -0.000110
3605 0 0 -0.000120
3610 0 0 -0.000136
3615 0 0 -0.000150
3620 0 0 -0.000155
3625 0 0 -0.000151
3630 0 0 -0.000140
3635 0 0 -0.000126
3640 0 0 -0.000116
3645 0 0 -0.000120
3650 0 0 -0.000143
3655 0 0 -0.000171
3660 0 0 -0.000190
3665 0 0 -0.000186
3670 0 0 -0.000166
3675 0 0 -0.000140
3680 0 0 -0.000117
3685 0 0 -0.000103
3690 0 0 -0.000100
3695 0 0 -0.000111
3700 0 0 -0.000131
3705 0 0 -0.000150
3710 0 0 -0.000163
3715 0 0 -0.000167
3720 0 0 -0.000160
3725 0 0 -0.000143
3730 0 0 -0.000123
3735 0 0 -0.000110
3740 0 0 -0.000110
3745 0 0 -0.000118
3750 0 0 -0.000130
3755 0 0 -0.000139
3760 0 0 -0.000143
3765 0 0 -0.000140
3770 0 0 -0.000129
3775 0 0 -0.000114
3780 0 0 -0.000100
3785 0 0 -0.000092
3790 0 0 -0.000089
3795 0 0 -0.000090
3800 0 0 -0.000095
3805 0 0 -0.000105
3810 0 0 -0.000120
3815 0 0 -0.000139
3820 0 0 -0.000153
3825 0 0 -0.000150
3830 0 0 -0.000125
3835 0 0 -0.000092
3840 0 0 -0.000070
3845 0 0 -0.000072
3850 0 0 -0.000090
3855 0 0 -0.000110
3860 0 0 -0.000120
3865 0 0 -0.000117
3870 0 0 -0.000100
3875 0 0 -0.000072
3880 0 0 -0.000056
3885 0 0 -0.000080
3890 0 0 -0.000162
3895 0 0 -0.000280
3900 0 0 -0.000400
3905 0 0 -0.000498
3910 0 0 -0.000585
3915 0 0 -0.000680
3920 0 0 -0.000802
3925 0 0 -0.000974
3930 0 0 -0.001220
3935 0 0 -0.001531
3940 0 0 -0.001768
3945 0 0 -0.001760
3950 0 0 -0.001407
3955 0 0 -0.000894
3960 0 0 -0.000480
3965 0 0 -0.000352
3970 0 0 -0.000419
3975 0 0 -0.000520
3980 0 0 -0.000531
3985 0 0 -0.000472
3990 0 0 -0.000400
3995 0 0 -0.000360
4000 0 0 -0.000359
4005 0 0 -0.000390
4010 0 0 -0.000440
4015 0 0 -0.000459
4020 0 0 -0.000390
4025 0 0 -0.000223
4030 0 0 -0.000144
4035 0 0 -0.000390
4040 0 0 -0.001092
4045 0 0 -0.001968
4050 0 0 -0.002630
4055 0 0 -0.002794
4060 0 0 -0.002584
4065 0 0 -0.002230
4070 0 0 -0.001921
4075 0 0 -0.001700
4080 0 0 -0.001570
4085 0 0 -0.001525
4090 0 0 -0.001515
4095 0 0 -0.001480
4100 0 0 -0.001377
4105 0 0 -0.001237
4110 0 0 -0.001110
4115 0 0 -0.001027
4120 0 0 -0.000952
4125 0 0 -0.000830
4130 0 0 -0.000631
4135 0 0 -0.000413
4140 0 0 -0.000260
4145 0 0 -0.000226
4150 0 0 -0.000261
4155 0 0 -0.000290
4160 0 0 -0.000257
4165 0 0 -0.000193
4170 0 0 -0.000150
4175 0 0 -0.000167
4180 0 0 -0.000222
4185 0 0 -0.000280
4190 0 0 -0.000313
4195 0 0 -0.000320
4200 0 0 -0.000310
4205 0 0 -0.000289
4210 0 0 -0.000263
4215 0 0 -0.000240
4220 0 0 -0.000223
4225 0 0 -0.000206
4230 0 0 -0.000180
4235 0 0 -0.000142
4240 0 0 -0.000105
4245 0 0 -0.000090
4250 0 0 -0.000107
4255 0 0 -0.000142
4260 0 0 -0.000170
4265 0 0 -0.000175
4270 0 0 -0.000162
4275 0 0 -0.000140
4280 0 0 -0.000120
4285 0 0 -0.000108
4290 0 0 -0.000110
4295 0 0 -0.000129
4300 0 0 -0.000154
4305 0 0 -0.000170
4310 0 0 -0.000166
4315 0 0 -0.000150
4320 0 0 -0.000130
4325 0 0 -0.000117
4330 0 0 -0.000113
4335 0 0 -0.000120
4340 0 0 -0.000139
4345 0 0 -0.000159
4350 0 0 -0.000170
4355 0 0 -0.000163
4360 0 0 -0.000144
4365 0 0 -0.000120
4370 0 0 -0.000098
4375 0 0 -0.000084
4380 0 0 -0.000080
4385 0 0 -0.000089
4390 0 0 -0.000103
4395 0 0 -0.000110
4400 0 0 -0.000105
4405 0 0 -0.000100
4410 0 0 -0.000110
4415 0 0 -0.000145
4420 0 0 -0.000185
4425 0 0 -0.000200
4430 0 0 -0.000174
4435 0 0 -0.000129
4440 0 0 -0.000100
4445 0 0 -0.000111
4450 0 0 -0.000149
4455 0 0 -0.000190
4460 0 0 -0.000216
4465 0 0 -0.000223
4470 0 0 -0.000210
4475 0 0 -0.000179
4480 0 0 -0.000141
4485 0 0 -0.000110
4490 0 0 -0.000098
4495 0 0 -0.000100
4500 0 0 -0.000110
4505 0 0 -0.000122
4510 0 0 -0.000135
4515 0 0 -0.000150
4520 0 0 -0.000165
4525 0 0 -0.000174
4530 0 0 -0.000170
4535 0 0 -0.000150
4540 0 0 -0.000124
4545 0 0 -0.000110
4550 0 0 -0.000117
4555 0 0 -0.000138
4560 0 0 -0.000160
4565 0 0 -0.000172
4570 0 0 -0.000173
4575 0 0 -0.000160
4580 0 0 -0.000136
4585 0 0 -0.000112
4590 0 0 -0.000100
4595 0 0 -0.000110
4600 0 0 -0.000134
4605 0 0 -0.000160
4610 0 0 -0.000177
4615 0 0 -0.000184
4620 0 0 -0.000180
4625 0 0 -0.000166
4630 0 0 -0.000150
4635 0 0 -0.000140
4640 0 0 -0.000142
4645 0 0 -0.000151
4650 0 0 -0.000160
4655 0 0 -0.000164
4660 0 0 -0.000160
4665 0 0 -0.000150
4670 0 0 -0.000134
4675 0 0 -0.000115
4680 0 0 -0.000100
4685 0 0 -0.000094
4690 0 0 -0.000107
4695 0 0 -0.000150
4700 0 0 -0.000227
4705 0 0 -0.000312
4710 0 0 -0.000370
4715 0 0 -0.000378
4720 0 0 -0.000347
4725 0 0 -0.000300
4730 0 0 -0.000255
4735 0 0 -0.000219
4740 0 0 -0.000200
4745 0 0 -0.000200
4750 0 0 -0.000216
4755 0 0 -0.000240
4760 0 0 -0.000266
4765 0 0 -0.000283
4770 0 0 -0.000280
4775 0 0 -0.000252
4780 0 0 -0.000217
4785 0 0 -0.000200
4790 0 0 -0.000217
4795 0 0 -0.000245
4800 0 0 -0.000250
4805 0 0 -0.000212
4810 0 0 -0.000162
4815 0 0 -0.000140
4820 0 0 -0.000174
4825 0 0 -0.000227
4830 0 0 -0.000250
4835 0 0 -0.000208
4840 0 0 -0.000139
4845 0 0 -0.000100
4850 0 0 -0.000128
4855 0 0 -0.000188
4860 0 0 -0.000230
4865 0 0 -0.000215
4870 0 0 -0.000166
4875 0 0 -0.000120
4880 0 0 -0.000105
4885 0 0 -0.000116
4890 0 0 -0.000140
4895 0 0 -0.000166
4900 0 0 -0.000182
4905 0 0 -0.000180
4910 0 0 -0.000154
4915 0 0 -0.000121
4920 0 0 -0.000100
4925 0 0 -0.000107
4930 0 0 -0.000133
4935 0 0 -0.000160
4940 0 0 -0.000176
4945 0 0 -0.000179
4950 0 0 -0.000170
4955 0 0 -0.000151
4960 0 0 -0.000128
4965 0 0 -0.000110
4970 0 0 -0.000101
4975 0 0 -0.000099
4980 0 0 -0.000100
4985 0 0 -0.000100
4990 0 0 -0.000102
4995 0 0 -0.000110
5000 0 0 -0.000127
5005 0 0 -0.000144
5010 0 0 -0.000150
5015 0 0 -0.000138
5020 0 0 -0.000119
5025 0 0 -0.000110
5030 0 0 -0.000119
5035 0 0 -0.000133
5040 0 0 -0.000130
5045 0 0 -0.000098
5050 0 0 -0.000061
5055 0 0 -0.000050
5060 0 0 -0.000086
5065 0 0 -0.000145
5070 0 0 -0.000190
5075 0 0 -0.000196
5080 0 0 -0.000173
5085 0 0 -0.000140
5090 0 0 -0.000115
5095 0 0 -0.000107
5100 0 0 -0.000120
5105 0 0 -0.000156
5110 0 0 -0.000194
5115 0 0 -0.000210
5120 0 0 -0.000187
5125 0 0 -0.000146
5130 0 0 -0.000120
5135 0 0 -0.000129
5140 0 0 -0.000158
5145 0 0 -0.000180
5150 0 0 -0.000176
5155 0 0 -0.000154
5160 0 0 -0.000130
5165 0 0 -0.000115
5170 0 0 -0.000112
5175 0 0 -0.000120
5180 0 0 -0.000136
5185 0 0 -0.000153
5190 0 0 -0.000160
5195 0 0 -0.000151
5200 0 0 -0.000134
5205 0 0 -0.000120
5210 0 0 -0.000119
5215 0 0 -0.000127
5220 0 0 -0.000140
5225 0 0 -0.000151
5230 0 0 -0.000156
5235 0 0 -0.000150
5240 0 0 -0.000132
5245 0 0 -0.000111
5250 0 0 -0.000100
5255 0 0 -0.000106
5260 0 0 -0.000126
5265 0 0 -0.000150
5270 0 0 -0.000171
5275 0 0 -0.000183
5280 0 0 -0.000180
5285 0 0 -0.000159
5290 0 0 -0.000133
5295 0 0 -0.000120
5300 0 0 -0.000131
5305 0 0 -0.000156
5310 0 0 -0.000180
5315 0 0 -0.000190
5320 0 0 -0.000186
5325 0 0 -0.000170
5330 0 0 -0.000157
5335 0 0 -0.000210
5340 0 0 -0.000400
5345 0 0 -0.000762
5350 0 0 -0.001171
5355 0 0 -0.001460
5360 0 0 -0.001508
5365 0 0 -0.001371
5370 0 0 -0.001150
5375 0 0 -0.000950
5380 0 0 -0.000898
5385 0 0 -0.001130
5390 0 0 -0.001704
5395 0 0 -0.002384
5400 0 0 -0.002860
5405 0 0 -0.002904
5410 0 0 -0.002616
5415 0 0 -0.002180
5420 0 0 -0.001752
5425 0 0 -0.001385
5430 0 0 -0.001110
5435 0 0 -0.000942
5440 0 0 -0.000847
5445 0 0 -0.000780
5450 0 0 -0.000712
5455 0 0 -0.000680
5460 0 0 -0.000740
5465 0 0 -0.000935
5470 0 0 -0.001266
5475 0 0 -0.001720
5480 0 0 -0.002262
5485 0 0 -0.002758
5490 0 0 -0.003050
5495 0 0 -0.003036
5500 0 0 -0.002841
5505 0 0 -0.002650
5510 0 0 -0.002583
5515 0 0 -0.002516
5520 0 0 -0.002260
5525 0 0 -0.001702
5530 0 0 -0.001022
5535 0 0 -0.000470
5540 0 0 -0.000232
5545 0 0 -0.000228
5550 0 0 -0.000310
5555 0 0 -0.000358
5560 0 0 -0.000362
5565 0 0 -0.000340
5570 0 0 -0.000309
5575 0 0 -0.000284
5580 0 0 -0.000280
5585 0 0 -0.000302
5590 0 0 -0.000320
5595 0 0 -0.000290
5600 0 0 -0.000202
5605 0 0 -0.000163
5610 0 0 -0.000310
5615 0 0 -0.000717
5620 0 0 -0.001211
5625 0 0 -0.001560
5630 0 0 -0.001593
5635 0 0 -0.001398
5640 0 0 -0.001130
5645 0 0 -0.000912
5650 0 0 -0.000752
5655 0 0 -0.000630
5660 0 0 -0.000529
5665 0 0 -0.000446
5670 0 0 -0.000380
5675 0 0 -0.000330
5680 0 0 -0.000289
5685 0 0 -0.000250
5690 0 0 -0.000207
5695 0 0 -0.000170
5700 0 0 -0.000150
5705 0 0 -0.000154
5710 0 0 -0.000167
5715 0 0 -0.000170
5720 0 0 -0.000150
5725 0 0 -0.000122
5730 0 0 -0.000110
5735 0 0 -0.000129
5740 0 0 -0.000160
5745 0 0 -0.000180
5750 0 0 -0.000170
5755 0 0 -0.000142
5760 0 0 -0.000120
5765 0 0 -0.000118
5770 0 0 -0.000132
5775 0 0 -0.000150
5780 0 0 -0.000164
5785 0 0 -0.000168
5790 0 0 -0.000160
5795 0 0 -0.000138
5800 0 0 -0.000113
5805 0 0 -0.000100
5810 0 0 -0.000109
5815 0 0 -0.000133
5820 0 0 -0.000160
5825 0 0 -0.000180
5830 0 0 -0.000188
5835 0 0 -0.000180
5840 0 0 -0.000156
5845 0 0 -0.000135
5850 0 0 -0.000140
5855 0 0 -0.000184
5860 0 0 -0.000238
5865 0 0 -0.000260
5870 0 0 -0.000224
5875 0 0 -0.000163
5880 0 0 -0.000120
5885 0 0 -0.000129
5890 0 0 -0.000170
5895 0 0 -0.000210
5900 0 0 -0.000223
5905 0 0 -0.000214
5910 0 0 -0.000200
5915 0 0 -0.000190
5920 0 0 -0.000182
5925 0 0 -0.000170
5930 0 0 -0.000151
5935 0 0 -0.000134
5940 0 0 -0.000130
5945 0 0 -0.000146
5950 0 0 -0.000171
5955 0 0 -0.000190
5960 0 0 -0.000191
5965 0 0 -0.000179
5970 0 0 -0.000160
5975 0 0 -0.000142
5980 0 0 -0.000130
5985 0 0 -0.000130
5990 0 0 -0.000144
5995 0 0 -0.000159
6000 0 0 -0.000160
6005 0 0 -0.000137
6010 0 0 -0.000103
6015 0 0 -0.000080
6020 0 0 -0.000081
6025 0 0 -0.000099
6030 0 0 -0.000120
6035 0 0 -0.000131
6040 0 0 -0.000131
6045 0 0 -0.000120
6050 0 0 -0.000099
6055 0 0 -0.000078
6060 0 0 -0.000070
6065 0 0 -0.000082
6070 0 0 -0.000103
6075 0 0 -0.000120
6080 0 0 -0.000121
6085 0 0 -0.000111
6090 0 0 -0.000100
6095 0 0 -0.000094
6100 0 0 -0.000097
6105 0 0 -0.000110
6110 0 0 -0.000132
6115 0 0 -0.000152
6120 0 0 -0.000160
6125 0 0 -0.000147
6130 0 0 -0.000120
6135 0 0 -0.000090
6140 0 0 -0.000069
6145 0 0 -0.000069
6150 0 0 -0.000100
6155 0 0 -0.000167
6160 0 0 -0.000245
6165 0 0 -0.000300
6170 0 0 -0.000310
6175 0 0 -0.000291
6180 0 0 -0.000270
6185 0 0 -0.000264
6190 0 0 -0.000261
6195 0 0 -0.000240
6200 0 0 -0.000192
6205 0 0 -0.000155
6210 0 0 -0.000180
6215 0 0 -0.000294
6220 0 0 -0.000431
6225 0 0 -0.000500
6230 0 0 -0.000444
6235 0 0 -0.000328
6240 0 0 -0.000250
6245 0 0 -0.000277
6250 0 0 -0.000355
6255 0 0 -0.000400
6260 0 0 -0.000353
6265 0 0 -0.000252
6270 0 0 -0.000160
6275 0 0 -0.000125
6280 0 0 -0.000131
6285 0 0 -0.000150
6290 0 0 -0.000157
6295 0 0 -0.000152
6300 0 0 -0.000140
6305 0 0 -0.000127
6310 0 0 -0.000119
6315 0 0 -0.000120
6320 0 0 -0.000134
6325 0 0 -0.000156
6330 0 0 -0.000180
6335 0 0 -0.000200
6340 0 0 -0.000208
6345 0 0 -0.000200
6350 0 0 -0.000173
6355 0 0 -0.000143
6360 0 0 -0.000130
6365 0 0 -0.000149
6370 0 0 -0.000185
6375 0 0 -0.000220
6380 0 0 -0.000237
6385 0 0 -0.000241
6390 0 0 -0.000240
6395 0 0 -0.000239
6400 0 0 -0.000232
6405 0 0 -0.000210
6410 0 0 -0.000170
6415 0 0 -0.000128
6420 0 0 -0.000110
6425 0 0 -0.000129
6430 0 0 -0.000162
6435 0 0 -0.000180
6440 0 0 -0.000161
6445 0 0 -0.000128
6450 0 0 -0.000110
6455 0 0 -0.000129
6460 0 0 -0.000164
6465 0 0 -0.000180
6470 0 0 -0.000157
6475 0 0 -0.000121
6480 0 0 -0.000110
6485 0 0 -0.000148
6490 0 0 -0.000203
6495 0 0 -0.000230
6500 0 0 -0.000198
6505 0 0 -0.000139
6510 0 0 -0.000100
6515 0 0 -0.000114
6520 0 0 -0.000154
6525 0 0 -0.000180
6530 0 0 -0.000164
6535 0 0 -0.000126
6540 0 0 -0.000100
6545 0 0 -0.000108
6550 0 0 -0.000136
6555 0 0 -0.000160
6560 0 0 -0.000162
6565 0 0 -0.000148
6570 0 0 -0.000130
6575 0 0 -0.000119
6580 0 0 -0.000116
6585 0 0 -0.000120
6590 0 0 -0.000129
6595 0 0 -0.000135
6600 0 0 -0.000130
6605 0 0 -0.000109
6610 0 0 -0.000083
6615 0 0 -0.000070
6620 0 0 -0.000080
6625 0 0 -0.000102
6630 0 0 -0.000120
6635 0 0 -0.000122
6640 0 0 -0.000115
6645 0 0 -0.000110
6650 0 0 -0.000116
6655 0 0 -0.000129
6660 0 0 -0.000140
6665 0 0 -0.000143
6670 0 0 -0.000136
6675 0 0 -0.000120
6680 0 0 -0.000097
6685 0 0 -0.000077
6690 0 0 -0.000070
6695 0 0 -0.000082
6700 0 0 -0.000104
6705 0 0 -0.000120
6710 0 0 -0.000120
6715 0 0 -0.000107
6720 0 0 -0.000090
6725 0 0 -0.000075
6730 0 0 -0.000070
6735 0 0 -0.000080
6740 0 0 -0.000108
6745 0 0 -0.000143
6750 0 0 -0.000170
6755 0 0 -0.000178
6760 0 0 -0.000171
6765 0 0 -0.000160
6770 0 0 -0.000151
6775 0 0 -0.000147
6780 0 0 -0.000150
6785 0 0 -0.000158
6790 0 0 -0.000162
6795 0 0 -0.000150
6800 0 0 -0.000116
6805 0 0 -0.000086
6810 0 0 -0.000090
6815 0 0 -0.000147
6820 0 0 -0.000220
6825 0 0 -0.000260
6830 0 0 -0.000234
6835 0 0 -0.000175
6840 0 0 -0.000130
6845 0 0 -0.000135
6850 0 0 -0.000169
6855 0 0 -0.000200
6860 0 0 -0.000204
6865 0 0 -0.000196
6870 0 0 -0.000200
6875 0 0 -0.000234
6880 0 0 -0.000295
6885 0 0 -0.000370
6890 0 0 -0.000450
6895 0 0 -0.000521
6900 0 0 -0.000570
6905 0 0 -0.000588
6910 0 0 -0.000582
6915 0 0 -0.000560
6920 0 0 -0.000532
6925 0 0 -0.000504
6930 0 0 -0.000480
6935 0 0 -0.000459
6940 0 0 -0.000421
6945 0 0 -0.000340
6950 0 0 -0.000217
6955 0 0 -0.000157
6960 0 0 -0.000290
6965 0 0 -0.000697
6970 0 0 -0.001257
6975 0 0 -0.001800
6980 0 0 -0.002186
6985 0 0 -0.002393
6990 0 0 -0.002430
6995 0 0 -0.002306
7000 0 0 -0.002040
7005 0 0 -0.001650
7010 0 0 -0.001172
7015 0 0 -0.000704
7020 0 0 -0.000360
7025 0 0 -0.000219
7030 0 0 -0.000224
7035 0 0 -0.000280
7040 0 0 -0.000313
7045 0 0 -0.000318
7050 0 0 -0.000310
7055 0 0 -0.000301
7060 0 0 -0.000299
7065 0 0 -0.000310
7070 0 0 -0.000337
7075 0 0 -0.000364
7080 0 0 -0.000370
7085 0 0 -0.000342
7090 0 0 -0.000293
7095 0 0 -0.000240
7100 0 0 -0.000200
7105 0 0 -0.000179
7110 0 0 -0.000180
7115 0 0 -0.000203
7120 0 0 -0.000230
7125 0 0 -0.000240
7130 0 0 -0.000220
7135 0 0 -0.000186
7140 0 0 -0.000160
7145 0 0 -0.000160
7150 0 0 -0.000181
7155 0 0 -0.000210
7160 0 0 -0.000236
7165 0 0 -0.000249
7170 0 0 -0.000240
7175 0 0 -0.000205
7180 0 0 -0.000163
7185 0 0 -0.000140
7190 0 0 -0.000152
7195 0 0 -0.000181
7200 0 0 -0.000200
7205 0 0 -0.000189
7210 0 0 -0.000161
7215 0 0 -0.000140
7220 0 0 -0.000140
7225 0 0 -0.000155
7230 0 0 -0.000170
7235 0 0 -0.000174
7240 0 0 -0.000164
7245 0 0 -0.000140
7250 0 0 -0.000105
7255 0 0 -0.000072
7260 0 0 -0.000060
7265 0 0 -0.000078
7270 0 0 -0.000110
7275 0 0 -0.000130
7280 0 0 -0.000123
7285 0 0 -0.000110
7290 0 0 -0.000120
7295 0 0 -0.000170
7300 0 0 -0.000228
7305 0 0 -0.000250
7310 0 0 -0.000207
7315 0 0 -0.000135
7320 0 0 -0.000090
7325 0 0 -0.000108
7330 0 0 -0.000165
7335 0 0 -0.000220
7340 0 0 -0.000242
7345 0 0 -0.000238
7350 0 0 -0.000220
7355 0 0 -0.000202
7360 0 0 -0.000185
7365 0 0 -0.000170
7370 0 0 -0.000157
7375 0 0 -0.000146
7380 0 0 -0.000140
7385 0 0 -0.000139
7390 0 0 -0.000142
7395 0 0 -0.000150
7400 0 0 -0.000160
7405 0 0 -0.000166
7410 0 0 -0.000160
7415 0 0 -0.000138
7420 0 0 -0.000112
7425 0 0 -0.000100
7430 0 0 -0.000112
7435 0 0 -0.000137
7440 0 0 -0.000160
7445 0 0 -0.000168
7450 0 0 -0.000165
7455 0 0 -0.000160
7460 0 0 -0.000158
7465 0 0 -0.000159
7470 0 0 -0.000160
7475 0 0 -0.000158
7480 0 0 -0.000155
7485 0 0 -0.000150
7490 0 0 -0.000145
7495 0 0 -0.000139
7500 0 0 -0.000130
7505 0 0 -0.000118
7510 0 0 -0.000109
7515 0 0 -0.000110
7520 0 0 -0.000124
7525 0 0 -0.000145
7530 0 0 -0.000160
7535 0 0 -0.000162
7540 0 0 -0.000154
7545 0 0 -0.000140
7550 0 0 -0.000124
7555 0 0 -0.000110
7560 0 0 -0.000100
7565 0 0 -0.000097
7570 0 0 -0.000110
7575 0 0 -0.000150
7580 0 0 -0.000220
7585 0 0 -0.000299
7590 0 0 -0.000360
7595 0 0 -0.000382
7600 0 0 -0.000372
7605 0 0 -0.000340
7610 0 0 -0.000299
7615 0 0 -0.000259
7620 0 0 -0.000230
7625 0 0 -0.000220
7630 0 0 -0.000220
7635 0 0 -0.000220
7640 0 0 -0.000212
7645 0 0 -0.000200
7650 0 0 -0.000190
7655 0 0 -0.000188
7660 0 0 -0.000193
7665 0 0 -0.000200
7670 0 0 -0.000206
7675 0 0 -0.000210
7680 0 0 -0.000210
7685 0 0 -0.000206
7690 0 0 -0.000203
7695 0 0 -0.000210
7700 0 0 -0.000230
7705 0 0 -0.000255
7710 0 0 -0.000270
7715 0 0 -0.000268
7720 0 0 -0.000254
7725 0 0 -0.000240
7730 0 0 -0.000233
7735 0 0 -0.000229
7740 0 0 -0.000220
7745 0 0 -0.000201
7750 0 0 -0.000183
7755 0 0 -0.000180
7760 0 0 -0.000201
7765 0 0 -0.000244
7770 0 0 -0.000300
7775 0 0 -0.000361
7780 0 0 -0.000408
7785 0 0 -0.000420
7790 0 0 -0.000385
7795 0 0 -0.000322
7800 0 0 -0.000260
7805 0 0 -0.000220
7810 0 0 -0.000199
7815 0 0 -0.000190
7820 0 0 -0.000185
7825 0 0 -0.000177
7830 0 0 -0.000160
7835 0 0 -0.000132
7840 0 0 -0.000106
7845 0 0 -0.000100
7850 0 0 -0.000124
7855 0 0 -0.000158
7860 0 0 -0.000170
7865 0 0 -0.000143
7870 0 0 -0.000099
7875 0 0 -0.000070
7880 0 0 -0.000080
7885 0 0 -0.000110
7890 0 0 -0.000130
7895 0 0 -0.000121
7900 0 0 -0.000097
7905 0 0 -0.000080
7910 0 0 -0.000088
7915 0 0 -0.000112
7920 0 0 -0.000140
7925 0 0 -0.000159
7930 0 0 -0.000166
7935 0 0 -0.000160
7940 0 0 -0.000141
7945 0 0 -0.000120
7950 0 0 -0.000110
7955 0 0 -0.000120
7960 0 0 -0.000140
7965 0 0 -0.000160
7970 0 0 -0.000168
7975 0 0 -0.000164
7980 0 0 -0.000150
7985 0 0 -0.000128
7990 0 0 -0.000108
7995 0 0 -0.000100
8000 0 0 -0.000113
8005 0 0 -0.000139
8010 0 0 -0.000170
8015 0 0 -0.000196
8020 0 0 -0.000209
8025 0 0 -0.000200
8030 0 0 -0.000167
8035 0 0 -0.000126
8040 0 0 -0.000100
8045 0 0 -0.000103
8050 0 0 -0.000126
8055 0 0 -0.000150
8060 0 0 -0.000163
8065 0 0 -0.000162
8070 0 0 -0.000150
8075 0 0 -0.000130
8080 0 0 -0.000110
8085 0 0 -0.000100
8090 0 0 -0.000106
8095 0 0 -0.000123
8100 0 0 -0.000140
8105 0 0 -0.000150
8110 0 0 -0.000152
8115 0 0 -0.000150
8120 0 0 -0.000145
8125 0 0 -0.000140
8130 0 0 -0.000140
8135 0 0 -0.000146
8140 0 0 -0.000155
8145 0 0 -0.000160
8150 0 0 -0.000157
8155 0 0 -0.000149
8160 0 0 -0.000140
8165 0 0 -0.000134
8170 0 0 -0.000128
8175 0 0 -0.000120
8180 0 0 -0.000109
8185 0 0 -0.000105
8190 0 0 -0.000120
8195 0 0 -0.000160
8200 0 0 -0.000208
8205 0 0 -0.000240
8210 0 0 -0.000240
8215 0 0 -0.000225
8220 0 0 -0.000220
8225 0 0 -0.000241
8230 0 0 -0.000272
8235 0 0 -0.000290
8240 0 0 -0.000280
8245 0 0 -0.000261
8250 0 0 -0.000260
8255 0 0 -0.000294
8260 0 0 -0.000338
8265 0 0 -0.000360
8270 0 0 -0.000354
8275 0 0 -0.000433
8280 0 0 -0.000740
8285 0 0 -0.001336
8290 0 0 -0.001968
8295 0 0 -0.002300
8300 0 0 -0.002111
8305 0 0 -0.001631
8310 0 0 -0.001200
8315 0 0 -0.001073
8320 0 0 -0.001159
8325 0 0 -0.001280
8330 0 0 -0.001291
8335 0 0 -0.001186
8340 0 0 -0.000990
8345 0 0 -0.000737
8350 0 0 -0.000488
8355 0 0 -0.000310
8360 0 0 -0.000250
8365 0 0 -0.000279
8370 0 0 -0.000350
8375 0 0 -0.000418
8380 0 0 -0.000458
8385 0 0 -0.000450
8390 0 0 -0.000384
8395 0 0 -0.000296
8400 0 0 -0.000230
8405 0 0 -0.000220
8410 0 0 -0.000245
8415 0 0 -0.000270
8420 0 0 -0.000270
8425 0 0 -0.000253
8430 0 0 -0.000240
8435 0 0 -0.000243
8440 0 0 -0.000256
8445 0 0 -0.000270
8450 0 0 -0.000275
8455 0 0 -0.000268
8460 0 0 -0.000250
8465 0 0 -0.000222
8470 0 0 -0.000200
8475 0 0 -0.000200
8480 0 0 -0.000233
8485 0 0 -0.000279
8490 0 0 -0.000310
8495 0 0 -0.000307
8500 0 0 -0.000283
8505 0 0 -0.000260
8510 0 0 -0.000254
8515 0 0 -0.000260
8520 0 0 -0.000270
8525 0 0 -0.000275
8530 0 0 -0.000277
8535 0 0 -0.000280
8540 0 0 -0.000284
8545 0 0 -0.000284
8550 0 0 -0.000270
8555 0 0 -0.000239
8560 0 0 -0.000206
8565 0 0 -0.000190
8570 0 0 -0.000204
8575 0 0 -0.000231
8580 0 0 -0.000250
8585 0 0 -0.000244
8590 0 0 -0.000222
8595 0 0 -0.000200
8600 0 0 -0.000190
8605 0 0 -0.000191
8610 0 0 -0.000200
8615 0 0 -0.000212
8620 0 0 -0.000221
8625 0 0 -0.000220
8630 0 0 -0.000205
8635 0 0 -0.000184
8640 0 0 -0.000170
8645 0 0 -0.000172
8650 0 0 -0.000184
8655 0 0 -0.000200
8660 0 0 -0.000212
8665 0 0 -0.000217
8670 0 0 -0.000210
8675 0 0 -0.000191
8680 0 0 -0.000170
8685 0 0 -0.000160
8690 0 0 -0.000169
8695 0 0 -0.000192
8700 0 0 -0.000220
8705 0 0 -0.000243
8710 0 0 -0.000252
8715 0 0 -0.000240
8720 0 0 -0.000204
8725 0 0 -0.000170
8730 0 0 -0.000170
8735 0 0 -0.000223
8740 0 0 -0.000293
8745 0 0 -0.000330
8750 0 0 -0.000302
8755 0 0 -0.000240
8760 0 0 -0.000190
8765 0 0 -0.000188
8770 0 0 -0.000220
8775 0 0 -0.000260
8780 0 0 -0.000285
8785 0 0 -0.000289
8790 0 0 -0.000270
8795 0 0 -0.000231
8800 0 0 -0.000190
8805 0 0 -0.000170
8810 0 0 -0.000184
8815 0 0 -0.000214
8820 0 0 -0.000230
8825 0 0 -0.000214
8830 0 0 -0.000182
8835 0 0 -0.000160
8840 0 0 -0.000165
8845 0 0 -0.000185
8850 0 0 -0.000200
8855 0 0 -0.000194
8860 0 0 -0.000172
8865 0 0 -0.000140
8870 0 0 -0.000108
8875 0 0 -0.000085
8880 0 0 -0.000080
8885 0 0 -0.000099
8890 0 0 -0.000128
8895 0 0 -0.000150
8900 0 0 -0.000152
8905 0 0 -0.000139
8910 0 0 -0.000120
8915 0 0 -0.000102
8920 0 0 -0.000088
8925 0 0 -0.000080
8930 0 0 -0.000079
8935 0 0 -0.000083
8940 0 0 -0.000090
8945 0 0 -0.000097
8950 0 0 -0.000104
8955 0 0 -0.000110
8960 0 0 -0.000114
8965 0 0 -0.000112
8970 0 0 -0.000100
8975 0 0 -0.000077
8980 0 0 -0.000058
8985 0 0 -0.000060
8990 0 0 -0.000094
8995 0 0 -0.000140
9000 0 0 -0.000170
9005 0 0 -0.000166
9010 0 0 -0.000147
9015 0 0 -0.000140
9020 0 0 -0.000164
9025 0 0 -0.000203
9030 0 0 -0.000230
9035 0 0 -0.000227
9040 0 0 -0.000204
9045 0 0 -0.000180
9050 0 0 -0.000169
9055 0 0 -0.000168
9060 0 0 -0.000170
9065 0 0 -0.000168
9070 0 0 -0.000162
9075 0 0 -0.000150
9080 0 0 -0.000135
9085 0 0 -0.000122
9090 0 0 -0.000120
9095 0 0 -0.000133
9100 0 0 -0.000153
9105 0 0 -0.000170
9110 0 0 -0.000176
9115 0 0 -0.000172
9120 0 0 -0.000160
9125 0 0 -0.000145
9130 0 0 -0.000130
9135 0 0 -0.000120
9140 0 0 -0.000119
9145 0 0 -0.000126
9150 0 0 -0.000140
9155 0 0 -0.000158
9160 0 0 -0.000176
9165 0 0 -0.000190
9170 0 0 -0.000196
9175 0 0 -0.000193
9180 0 0 -0.000180
9185 0 0 -0.000157
9190 0 0 -0.000133
9195 0 0 -0.000120
9200 0 0 -0.000125
9205 0 0 -0.000144
9210 0 0 -0.000170
9215 0 0 -0.000195
9220 0 0 -0.000211
9225 0 0 -0.000210
9230 0 0 -0.000189
9235 0 0 -0.000162
9240 0 0 -0.000150
9245 0 0 -0.000166
9250 0 0 -0.000196
9255 0 0 -0.000220
9260 0 0 -0.000224
9265 0 0 -0.000215
9270 0 0 -0.000210
9275 0 0 -0.000217
9280 0 0 -0.000229
9285 0 0 -0.000230
9290 0 0 -0.000212
9295 0 0 -0.000184
9300 0 0 -0.000160
9305 0 0 -0.000150
9310 0 0 -0.000152
9315 0 0 -0.000160
9320 0 0 -0.000169
9325 0 0 -0.000174
9330 0 0 -0.000170
9335 0 0 -0.000155
9340 0 0 -0.000140
9345 0 0 -0.000140
9350 0 0 -0.000162
9355 0 0 -0.000190
9360 0 0 -0.000200
9365 0 0 -0.000179
9370 0 0 -0.000148
9375 0 0 -0.000140
9380 0 0 -0.000174
9385 0 0 -0.000226
9390 0 0 -0.000260
9395 0 0 -0.000252
9400 0 0 -0.000219
9405 0 0 -0.000190
9410 0 0 -0.000186
9415 0 0 -0.000203
9420 0 0 -0.000230
9425 0 0 -0.000256
9430 0 0 -0.000270
9435 0 0 -0.000260
9440 0 0 -0.000222
9445 0 0 -0.000174
9450 0 0 -0.000140
9455 0 0 -0.000137
9460 0 0 -0.000151
9465 0 0 -0.000160
9470 0 0 -0.000150
9475 0 0 -0.000134
9480 0 0 -0.000130
9485 0 0 -0.000152
9490 0 0 -0.000185
9495 0 0 -0.000210
9500 0 0 -0.000212
9505 0 0 -0.000200
9510 0 0 -0.000190
9515 0 0 -0.000192
9520 0 0 -0.000197
9525 0 0 -0.000190
9530 0 0 -0.000164
9535 0 0 -0.000131
9540 0 0 -0.000110
9545 0 0 -0.000115
9550 0 0 -0.000136
9555 0 0 -0.000160
9560 0 0 -0.000176
9565 0 0 -0.000187
9570 0 0 -0.000200
9575 0 0 -0.000217
9580 0 0 -0.000231
9585 0 0 -0.000230
9590 0 0 -0.000208
9595 0 0 -0.000179
9600 0 0 -0.000160
9605 0 0 -0.000165
9610 0 0 -0.000180
9615 0 0 -0.000190
9620 0 0 -0.000181
9625 0 0 -0.000166
9630 0 0 -0.000160
9635 0 0 -0.000176
9640 0 0 -0.000202
9645 0 0 -0.000220
9650 0 0 -0.000219
9655 0 0 -0.000212
9660 0 0 -0.000220
9665 0 0 -0.000253
9670 0 0 -0.000293
9675 0 0 -0.000310
9680 0 0 -0.000288
9685 0 0 -0.000256
9690 0 0 -0.000250
9695 0 0 -0.000296
9700 0 0 -0.000359
9705 0 0 -0.000390
9710 0 0 -0.000358
9715 0 0 -0.000297
9720 0 0 -0.000260
9725 0 0 -0.000284
9730 0 0 -0.000341
9735 0 0 -0.000390
9740 0 0 -0.000398
9745 0 0 -0.000374
9750 0 0 -0.000340
9755 0 0 -0.000312
9760 0 0 -0.000298
9765 0 0 -0.000300
9770 0 0 -0.000321
9775 0 0 -0.000348
9780 0 0 -0.000370
9785 0 0 -0.000374
9790 0 0 -0.000360
9795 0 0 -0.000330
9800 0 0 -0.000288
9805 0 0 -0.000249
9810 0 0 -0.000230
9815 0 0 -0.000241
9820 0 0 -0.000268
9825 0 0 -0.000290
9830 0 0 -0.000291
9835 0 0 -0.000277
9840 0 0 -0.000260
9845 0 0 -0.000251
9850 0 0 -0.000254
9855 0 0 -0.000270
9860 0 0 -0.000299
9865 0 0 -0.000325
9870 0 0 -0.000330
9875 0 0 -0.000302
9880 0 0 -0.000260
9885 0 0 -0.000230
9890 0 0 -0.000232
9895 0 0 -0.000255
9900 0 0 -0.000280
9905 0 0 -0.000293
9910 0 0 -0.000293
9915 0 0 -0.000280
9920 0 0 -0.000258
9925 0 0 -0.000237
9930 0 0 -0.000230
9935 0 0 -0.000244
9940 0 0 -0.000266
9945 0 0 -0.000280
9950 0 0 -0.000272
9955 0 0 -0.000251
9960 0 0 -0.000230
9965 0 0 -0.000219
9970 0 0 -0.000219
9975 0 0 -0.000230
9980 0 0 -0.000250
9985 0 0 -0.000270
9990 0 0 -0.000280
9995 0 0 -0.000272
10000 0 0 -0.000253
10005 0 0 -0.000230
10010 0 0 -0.000211
10015 0 0 -0.000200
10020 0 0 -0.000200
10025 0 0 -0.000212
10030 0 0 -0.000233
10035 0 0 -0.000260
10040 0 0 -0.000289
10045 0 0 -0.000317
10050 0 0 -0.000340
10055 0 0 -0.000355
10060 0 0 -0.000364
10065 0 0 -0.000370
10070 0 0 -0.000376
10075 0 0 -0.000385
