0 0 0 -0.000320
5 0 0 -0.000305
10 0 0 -0.000287
15 0 0 -0.000270
20 0 0 -0.000256
25 0 0 -0.000248
30 0 0 -0.000250
35 0 0 -0.000262
40 0 0 -0.000278
45 0 0 -0.000290
50 0 0 -0.000291
55 0 0 -0.000280
60 0 0 -0.000260
65 0 0 -0.000235
70 0 0 -0.000219
75 0 0 -0.000230
80 0 0 -0.000277
85 0 0 -0.000333
90 0 0 -0.000360
95 0 0 -0.000335
100 0 0 -0.000286
105 0 0 -0.000250
110 0 0 -0.000257
115 0 0 -0.000292
120 0 0 -0.000330
125 0 0 -0.000351
130 0 0 -0.000353
135 0 0 -0.000340
140 0 0 -0.000316
145 0 0 -0.000285
150 0 0 -0.000250
155 0 0 -0.000214
160 0 0 -0.000183
165 0 0 -0.000160
170 0 0 -0.000149
175 0 0 -0.000150
180 0 0 -0.000160
185 0 0 -0.000177
190 0 0 -0.000191
195 0 0 -0.000190
200 0 0 -0.000169
205 0 0 -0.000142
210 0 0 -0.000130
215 0 0 -0.000145
220 0 0 -0.000172
225 0 0 -0.000190
230 0 0 -0.000182
235 0 0 -0.000160
240 0 0 -0.000140
245 0 0 -0.000136
250 0 0 -0.000145
255 0 0 -0.000160
260 0 0 -0.000176
265 0 0 -0.000184
270 0 0 -0.000180
275 0 0 -0.000159
280 0 0 -0.000134
285 0 0 -0.000120
290 0 0 -0.000129
295 0 0 -0.000156
300 0 0 -0.000190
305 0 0 -0.000223
310 0 0 -0.000245
315 0 0 -0.000250
320 0 0 -0.000233
325 0 0 -0.000207
330 0 0 -0.000190
335 0 0 -0.000193
340 0 0 -0.000207
345 0 0 -0.000220
350 0 0 -0.000220
355 0 0 -0.000212
360 0 0 -0.000200
365 0 0 -0.000191
370 0 0 -0.000187
375 0 0 -0.000190
380 0 0 -0.000199
385 0 0 -0.000209
390 0 0 -0.000210
395 0 0 -0.000199
400 0 0 -0.000185
405 0 0 -0.000180
410 0 0 -0.000194
415 0 0 -0.000218
420 0 0 -0.000240
425 0 0 -0.000251
430 0 0 -0.000250
435 0 0 -0.000240
440 0 0 -0.000224
445 0 0 -0.000216
450 0 0 -0.000230
455 0 0 -0.000274
460 0 0 -0.000324
465 0 0 -0.000350
470 0 0 -0.000332
475 0 0 -0.000291
480 0 0 -0.000260
485 0 0 -0.000262
490 0 0 -0.000283
495 0 0 -0.000300
500 0 0 -0.000296
505 0 0 -0.000278
510 0 0 -0.000260
515 0 0 -0.000253
520 0 0 -0.000257
525 0 0 -0.000270
530 0 0 -0.000289
535 0 0 -0.000303
540 0 0 -0.000300
545 0 0 -0.000274
550 0 0 -0.000244
555 0 0 -0.000240
560 0 0 -0.000277
565 0 0 -0.000329
570 0 0 -0.000360
575 0 0 -0.000345
580 0 0 -0.000307
585 0 0 -0.000280
590 0 0 -0.000288
595 0 0 -0.000316
600 0 0 -0.000340
605 0 0 -0.000342
610 0 0 -0.000327
615 0 0 -0.000310
620 0 0 -0.000299
625 0 0 -0.000292
630 0 0 -0.000280
635 0 0 -0.000261
640 0 0 -0.000243
645 0 0 -0.000240
650 0 0 -0.000259
655 0 0 -0.000280
660 0 0 -0.000280
665 0 0 -0.000245
670 0 0 -0.000207
675 0 0 -0.000210
680 0 0 -0.000283
685 0 0 -0.000403
690 0 0 -0.000530
695 0 0 -0.000630
700 0 0 -0.000682
705 0 0 -0.000670
710 0 0 -0.000585
715 0 0 -0.000459
720 0 0 -0.000330
725 0 0 -0.000233
730 0 0 -0.000178
735 0 0 -0.000170
740 0 0 -0.000207
745 0 0 -0.000255
750 0 0 -0.000270
755 0 0 -0.000230
760 0 0 -0.000187
765 0 0 -0.000210
770 0 0 -0.000343
775 0 0 -0.000516
780 0 0 -0.000630
785 0 0 -0.000618
790 0 0 -0.000528
795 0 0 -0.000440
800 0 0 -0.000411
805 0 0 -0.000418
810 0 0 -0.000420
815 0 0 -0.000386
820 0 0 -0.000337
825 0 0 -0.000310
830 0 0 -0.000327
835 0 0 -0.000365
840 0 0 -0.000390
845 0 0 -0.000378
850 0 0 -0.000349
855 0 0 -0.000330
860 0 0 -0.000342
865 0 0 -0.000365
870 0 0 -0.000370
875 0 0 -0.000338
880 0 0 -0.000288
885 0 0 -0.000250
890 0 0 -0.000246
895 0 0 -0.000262
900 0 0 -0.000280
905 0 0 -0.000284
910 0 0 -0.000282
915 0 0 -0.000290
920 0 0 -0.000316
925 0 0 -0.000349
930 0 0 -0.000370
935 0 0 -0.000369
940 0 0 -0.000354
945 0 0 -0.000340
950 0 0 -0.000339
955 0 0 -0.000345
960 0 0 -0.000350
965 0 0 -0.000347
970 0 0 -0.000336
975 0 0 -0.000320
980 0 0 -0.000301
985 0 0 -0.000286
990 0 0 -0.000280
995 0 0 -0.000285
1000 0 0 -0.000286
1005 0 0 -0.000260
1010 0 0 -0.000205
1015 0 0 -0.000184
1020 0 0 -0.000280
1025 0 0 -0.000540
1030 0 0 -0.000876
1035 0 0 -0.001170
1040 0 0 -0.001322
1045 0 0 -0.001322
1050 0 0 -0.001180
1055 0 0 -0.000924
1060 0 0 -0.000642
1065 0 0 -0.000440
1070 0 0 -0.000390
1075 0 0 -0.000441
1080 0 0 -0.000510
1085 0 0 -0.000532
1090 0 0 -0.000514
1095 0 0 -0.000480
1100 0 0 -0.000451
1105 0 0 -0.000426
1110 0 0 -0.000400
1115 0 0 -0.000370
1120 0 0 -0.000343
1125 0 0 -0.000330
1130 0 0 -0.000336
1135 0 0 -0.000351
1140 0 0 -0.000360
1145 0 0 -0.000352
1150 0 0 -0.000332
1155 0 0 -0.000310
1160 0 0 -0.000295
1165 0 0 -0.000301
1170 0 0 -0.000340
1175 0 0 -0.000417
1180 0 0 -0.000495
1185 0 0 -0.000530
1190 0 0 -0.000491
1195 0 0 -0.000417
1200 0 0 -0.000360
1205 0 0 -0.000359
1210 0 0 -0.000386
1215 0 0 -0.000400
1220 0 0 -0.000370
1225 0 0 -0.000318
1230 0 0 -0.000280
1235 0 0 -0.000280
1240 0 0 -0.000299
1245 0 0 -0.000310
1250 0 0 -0.000292
1255 0 0 -0.000263
1260 0 0 -0.000250
1265 0 0 -0.000271
1270 0 0 -0.000304
1275 0 0 -0.000320
1280 0 0 -0.000299
1285 0 0 -0.000261
1290 0 0 -0.000240
1295 0 0 -0.000256
1300 0 0 -0.000284
1305 0 0 -0.000290
1310 0 0 -0.000250
1315 0 0 -0.000194
1320 0 0 -0.000160
1325 0 0 -0.000178
1330 0 0 -0.000223
1335 0 0 -0.000260
1340 0 0 -0.000262
1345 0 0 -0.000239
1350 0 0 -0.000210
1355 0 0 -0.000192
1360 0 0 -0.000190
1365 0 0 -0.000210
1370 0 0 -0.000249
1375 0 0 -0.000288
1380 0 0 -0.000300
1385 0 0 -0.000270
1390 0 0 -0.000219
1395 0 0 -0.000180
1400 0 0 -0.000174
1405 0 0 -0.000186
1410 0 0 -0.000190
1415 0 0 -0.000168
1420 0 0 -0.000136
1425 0 0 -0.000120
1430 0 0 -0.000135
1435 0 0 -0.000167
1440 0 0 -0.000190
1445 0 0 -0.000188
1450 0 0 -0.000172
1455 0 0 -0.000160
1460 0 0 -0.000165
1465 0 0 -0.000179
1470 0 0 -0.000190
1475 0 0 -0.000188
1480 0 0 -0.000173
1485 0 0 -0.000150
1490 0 0 -0.000122
1495 0 0 -0.000097
1500 0 0 -0.000080
1505 0 0 -0.000078
1510 0 0 -0.000095
1515 0 0 -0.000130
1520 0 0 -0.000182
1525 0 0 -0.000230
1530 0 0 -0.000250
1535 0 0 -0.000226
1540 0 0 -0.000182
1545 0 0 -0.000150
1550 0 0 -0.000155
1555 0 0 -0.000183
1560 0 0 -0.000210
1565 0 0 -0.000220
1570 0 0 -0.000216
1575 0 0 -0.000210
1580 0 0 -0.000208
1585 0 0 -0.000205
1590 0 0 -0.000190
1595 0 0 -0.000159
1600 0 0 -0.000129
1605 0 0 -0.000120
1610 0 0 -0.000146
1615 0 0 -0.000186
1620 0 0 -0.000210
1625 0 0 -0.000198
1630 0 0 -0.000166
1635 0 0 -0.000140
1640 0 0 -0.000138
1645 0 0 -0.000150
1650 0 0 -0.000160
1655 0 0 -0.000155
1660 0 0 -0.000141
1665 0 0 -0.000130
1670 0 0 -0.000131
1675 0 0 -0.000140
1680 0 0 -0.000150
1685 0 0 -0.000157
1690 0 0 -0.000157
1695 0 0 -0.000150
1700 0 0 -0.000136
1705 0 0 -0.000123
1710 0 0 -0.000120
1715 0 0 -0.000133
1720 0 0 -0.000153
1725 0 0 -0.000170
1730 0 0 -0.000174
1735 0 0 -0.000169
1740 0 0 -0.000160
1745 0 0 -0.000154
1750 0 0 -0.000150
1755 0 0 -0.000150
1760 0 0 -0.000152
1765 0 0 -0.000153
1770 0 0 -0.000150
1775 0 0 -0.000141
1780 0 0 -0.000129
1785 0 0 -0.000120
1790 0 0 -0.000120
1795 0 0 -0.000134
1800 0 0 -0.000170
1805 0 0 -0.000228
1810 0 0 -0.000292
1815 0 0 -0.000340
1820 0 0 -0.000356
1825 0 0 -0.000346
1830 0 0 -0.000320
1835 0 0 -0.000288
1840 0 0 -0.000256
1845 0 0 -0.000230
1850 0 0 -0.000215
1855 0 0 -0.000212
1860 0 0 -0.000220
1865 0 0 -0.000238
1870 0 0 -0.000256
1875 0 0 -0.000260
1880 0 0 -0.000244
1885 0 0 -0.000221
1890 0 0 -0.000210
1895 0 0 -0.000223
1900 0 0 -0.000247
1905 0 0 -0.000260
1910 0 0 -0.000249
1915 0 0 -0.000226
1920 0 0 -0.000210
1925 0 0 -0.000214
1930 0 0 -0.000231
1935 0 0 -0.000250
1940 0 0 -0.000261
1945 0 0 -0.000259
1950 0 0 -0.000240
1955 0 0 -0.000206
1960 0 0 -0.000180
1965 0 0 -0.000190
1970 0 0 -0.000251
1975 0 0 -0.000321
1980 0 0 -0.000340
1985 0 0 -0.000274
1990 0 0 -0.000173
1995 0 0 -0.000110
2000 0 0 -0.000134
2005 0 0 -0.000202
2010 0 0 -0.000250
2015 0 0 -0.000231
2020 0 0 -0.000172
2025 0 0 -0.000120
2030 0 0 -0.000110
2035 0 0 -0.000131
2040 0 0 -0.000160
2045 0 0 -0.000177
2050 0 0 -0.000178
2055 0 0 -0.000160
2060 0 0 -0.000127
2065 0 0 -0.000093
2070 0 0 -0.000080
2075 0 0 -0.000098
2080 0 0 -0.000127
2085 0 0 -0.000140
2090 0 0 -0.000119
2095 0 0 -0.000085
2100 0 0 -0.000070
2105 0 0 -0.000095
2110 0 0 -0.000139
2115 0 0 -0.000170
2120 0 0 -0.000166
2125 0 0 -0.000141
2130 0 0 -0.000120
2135 0 0 -0.000120
2140 0 0 -0.000135
2145 0 0 -0.000150
2150 0 0 -0.000156
2155 0 0 -0.000154
2160 0 0 -0.000150
2165 0 0 -0.000147
2170 0 0 -0.000146
2175 0 0 -0.000150
2180 0 0 -0.000158
2185 0 0 -0.000166
2190 0 0 -0.000170
2195 0 0 -0.000166
2200 0 0 -0.000156
2205 0 0 -0.000140
2210 0 0 -0.000123
2215 0 0 -0.000110
2220 0 0 -0.000110
2225 0 0 -0.000127
2230 0 0 -0.000148
2235 0 0 -0.000160
2240 0 0 -0.000151
2245 0 0 -0.000130
2250 0 0 -0.000110
2255 0 0 -0.000101
2260 0 0 -0.000105
2265 0 0 -0.000120
2270 0 0 -0.000144
2275 0 0 -0.000167
2280 0 0 -0.000180
2285 0 0 -0.000175
2290 0 0 -0.000158
2295 0 0 -0.000140
2300 0 0 -0.000128
2305 0 0 -0.000124
2310 0 0 -0.000130
2315 0 0 -0.000145
2320 0 0 -0.000158
2325 0 0 -0.000160
2330 0 0 -0.000142
2335 0 0 -0.000117
2340 0 0 -0.000100
2345 0 0 -0.000103
2350 0 0 -0.000120
2355 0 0 -0.000140
2360 0 0 -0.000154
2365 0 0 -0.000157
2370 0 0 -0.000150
2375 0 0 -0.000132
2380 0 0 -0.000111
2385 0 0 -0.000100
2390 0 0 -0.000106
2395 0 0 -0.000122
2400 0 0 -0.000140
2405 0 0 -0.000151
2410 0 0 -0.000152
2415 0 0 -0.000140
2420 0 0 -0.000117
2425 0 0 -0.000102
2430 0 0 -0.000120
2435 0 0 -0.000185
2440 0 0 -0.000278
2445 0 0 -0.000370
2450 0 0 -0.000432
2455 0 0 -0.000433
2460 0 0 -0.000340
2465 0 0 -0.000167
2470 0 0 -0.000105
2475 0 0 -0.000390
2480 0 0 -0.001154
2485 0 0 -0.002108
2490 0 0 -0.002860
2495 0 0 -0.003115
2500 0 0 -0.002972
2505 0 0 -0.002630
2510 0 0 -0.002259
2515 0 0 -0.001914
2520 0 0 -0.001620
2525 0 0 -0.001394
2530 0 0 -0.001213
2535 0 0 -0.001040
2540 0 0 -0.000855
2545 0 0 -0.000682
2550 0 0 -0.000560
2555 0 0 -0.000514
2560 0 0 -0.000520
2565 0 0 -0.000540
2570 0 0 -0.000545
2575 0 0 -0.000539
2580 0 0 -0.000530
2585 0 0 -0.000529
2590 0 0 -0.000544
2595 0 0 -0.000580
2600 0 0 -0.000637
2605 0 0 -0.000686
2610 0 0 -0.000690
2615 0 0 -0.000628
2620 0 0 -0.000535
2625 0 0 -0.000460
2630 0 0 -0.000442
2635 0 0 -0.000467
2640 0 0 -0.000510
2645 0 0 -0.000548
2650 0 0 -0.000564
2655 0 0 -0.000540
2660 0 0 -0.000472
2665 0 0 -0.000393
2670 0 0 -0.000350
2675 0 0 -0.000372
2680 0 0 -0.000431
2685 0 0 -0.000480
2690 0 0 -0.000488
2695 0 0 -0.000472
2700 0 0 -0.000460
2705 0 0 -0.000474
2710 0 0 -0.000501
2715 0 0 -0.000520
2720 0 0 -0.000516
2725 0 0 -0.000496
2730 0 0 -0.000470
2735 0 0 -0.000448
2740 0 0 -0.000437
2745 0 0 -0.000440
2750 0 0 -0.000458
2755 0 0 -0.000477
2760 0 0 -0.000480
2765 0 0 -0.000455
2770 0 0 -0.000423
2775 0 0 -0.000410
2780 0 0 -0.000433
2785 0 0 -0.000473
2790 0 0 -0.000500
2795 0 0 -0.000492
2800 0 0 -0.000454
2805 0 0 -0.000400
2810 0 0 -0.000341
2815 0 0 -0.000290
2820 0 0 -0.000260
2825 0 0 -0.000258
2830 0 0 -0.000268
2835 0 0 -0.000270
2840 0 0 -0.000250
2845 0 0 -0.000217
2850 0 0 -0.000190
2855 0 0 -0.000181
2860 0 0 -0.000186
2865 0 0 -0.000200
2870 0 0 -0.000215
2875 0 0 -0.000224
2880 0 0 -0.000220
2885 0 0 -0.000199
2890 0 0 -0.000173
2895 0 0 -0.000160
2900 0 0 -0.000171
2905 0 0 -0.000197
2910 0 0 -0.000220
2915 0 0 -0.000229
2920 0 0 -0.000224
2925 0 0 -0.000210
2930 0 0 -0.000192
2935 0 0 -0.000179
2940 0 0 -0.000180
2945 0 0 -0.000201
2950 0 0 -0.000235
2955 0 0 -0.000270
2960 0 0 -0.000296
2965 0 0 -0.000305
2970 0 0 -0.000290
2975 0 0 -0.000250
2980 0 0 -0.000202
2985 0 0 -0.000170
2990 0 0 -0.000169
2995 0 0 -0.000188
3000 0 0 -0.000210
3005 0 0 -0.000221
3010 0 0 -0.000220
3015 0 0 -0.000210
3020 0 0 -0.000194
3025 0 0 -0.000176
3030 0 0 -0.000160
3035 0 0 -0.000150
3040 0 0 -0.000144
3045 0 0 -0.000140
3050 0 0 -0.000136
3055 0 0 -0.000135
3060 0 0 -0.000140
3065 0 0 -0.000154
3070 0 0 -0.000167
3075 0 0 -0.000170
3080 0 0 -0.000155
3085 0 0 -0.000133
3090 0 0 -0.000120
3095 0 0 -0.000125
3100 0 0 -0.000137
3105 0 0 -0.000140
3110 0 0 -0.000123
3115 0 0 -0.000098
3120 0 0 -0.000080
3125 0 0 -0.000081
3130 0 0 -0.000095
3135 0 0 -0.000110
3140 0 0 -0.000118
3145 0 0 -0.000118
3150 0 0 -0.000110
3155 0 0 -0.000096
3160 0 0 -0.000083
3165 0 0 -0.000080
3170 0 0 -0.000091
3175 0 0 -0.000108
3180 0 0 -0.000120
3185 0 0 -0.000119
3190 0 0 -0.000110
3195 0 0 -0.000100
3200 0 0 -0.000095
3205 0 0 -0.000098
3210 0 0 -0.000110
3215 0 0 -0.000130
3220 0 0 -0.000148
3225 0 0 -0.000150
3230 0 0 -0.000129
3235 0 0 -0.000107
3240 0 0 -0.000110
3245 0 0 -0.000157
3250 0 0 -0.000227
3255 0 0 -0.000290
3260 0 0 -0.000322
3265 0 0 -0.000331
3270 0 0 -0.000330
3275 0 0 -0.000330
3280 0 0 -0.000328
3285 0 0 -0.000320
3290 0 0 -0.000301
3295 0 0 -0.000276
3300 0 0 -0.000250
3305 0 0 -0.000228
3310 0 0 -0.000212
3315 0 0 -0.000200
3320 0 0 -0.000193
3325 0 0 -0.000195
3330 0 0 -0.000210
3335 0 0 -0.000239
3340 0 0 -0.000271
3345 0 0 -0.000290
3350 0 0 -0.000286
3355 0 0 -0.000268
3360 0 0 -0.000250
3365 0 0 -0.000243
3370 0 0 -0.000242
3375 0 0 -0.000240
3380 0 0 -0.000230
3385 0 0 -0.000212
3390 0 0 -0.000190
3395 0 0 -0.000165
3400 0 0 -0.000143
3405 0 0 -0.000130
3410 0 0 -0.000128
3415 0 0 -0.000134
3420 0 0 -0.000140
3425 0 0 -0.000142
3430 0 0 -0.000146
3435 0 0 -0.000160
3440 0 0 -0.000188
3445 0 0 -0.000212
3450 0 0 -0.000210
3455 0 0 -0.000170
3460 0 0 -0.000121
3465 0 0 -0.000100
3470 0 0 -0.000135
3475 0 0 -0.000203
3480 0 0 -0.000270
3485 0 0 -0.000309
3490 0 0 -0.000320
3495 0 0 -0.000310
3500 0 0 -0.000285
3505 0 0 -0.000252
3510 0 0 -0.000220
3515 0 0 -0.000195
3520 0 0 -0.000181
3525 0 0 -0.000180
3530 0 0 -0.000192
3535 0 0 -0.000203
3540 0 0 -0.000200
3545 0 0 -0.000172
3550 0 0 -0.000135
3555 0 0 -0.000110
3560 0 0 -0.000111
3565 0 0 -0.000130
3570 0 0 -0.000150
3575 0 0 -0.000160
3580 0 0 -0.000159
3585 0 0 -0.000150
3590 0 0 -0.000137
3595 0 0 -0.000130
3600 0 0 -0.000140
3605 0 0 -0.000173
3610 0 0 -0.000206
3615 0 0 -0.000210
3620 0 0 -0.000167
3625 0 0 -0.000105
3630 0 0 -0.000060
3635 0 0 -0.000060
3640 0 0 -0.000089
3645 0 0 -0.000120
3650 0 0 -0.000131
3655 0 0 -0.000125
3660 0 0 -0.000110
3665 0 0 -0.000093
3670 0 0 -0.000081
3675 0 0 -0.000080
3680 0 0 -0.000093
3685 0 0 -0.000111
3690 0 0 -0.000120
3695 0 0 -0.000112
3700 0 0 -0.000094
3705 0 0 -0.000080
3710 0 0 -0.000079
3715 0 0 -0.000087
3720 0 0 -0.000100
3725 0 0 -0.000112
3730 0 0 -0.000120
3735 0 0 -0.000120
3740 0 0 -0.000112
3745 0 0 -0.000103
3750 0 0 -0.000100
3755 0 0 -0.000109
3760 0 0 -0.000125
3765 0 0 -0.000140
3770 0 0 -0.000147
3775 0 0 -0.000147
3780 0 0 -0.000140
3785 0 0 -0.000130
3790 0 0 -0.000121
3795 0 0 -0.000120
3800 0 0 -0.000130
3805 0 0 -0.000146
3810 0 0 -0.000160
3815 0 0 -0.000166
3820 0 0 -0.000162
3825 0 0 -0.000150
3830 0 0 -0.000131
3835 0 0 -0.000114
3840 0 0 -0.000110
3845 0 0 -0.000125
3850 0 0 -0.000148
3855 0 0 -0.000160
3860 0 0 -0.000152
3865 0 0 -0.000141
3870 0 0 -0.000150
3875 0 0 -0.000194
3880 0 0 -0.000256
3885 0 0 -0.000310
3890 0 0 -0.000337
3895 0 0 -0.000338
3900 0 0 -0.000320
3905 0 0 -0.000292
3910 0 0 -0.000268
3915 0 0 -0.000260
3920 0 0 -0.000290
3925 0 0 -0.000406
3930 0 0 -0.000660
3935 0 0 -0.001063
3940 0 0 -0.001449
3945 0 0 -0.001610
3950 0 0 -0.001410
3955 0 0 -0.001001
3960 0 0 -0.000610
3965 0 0 -0.000412
3970 0 0 -0.000385
3975 0 0 -0.000460
3980 0 0 -0.000572
3985 0 0 -0.000688
3990 0 0 -0.000780
3995 0 0 -0.000822
4000 0 0 -0.000790
4005 0 0 -0.000660
4010 0 0 -0.000453
4015 0 0 -0.000361
4020 0 0 -0.000620
4025 0 0 -0.001361
4030 0 0 -0.002300
4035 0 0 -0.003050
4040 0 0 -0.003315
4045 0 0 -0.003174
4050 0 0 -0.002800
4055 0 0 -0.002340
4060 0 0 -0.001848
4065 0 0 -0.001350
4070 0 0 -0.000887
4075 0 0 -0.000545
4080 0 0 -0.000420
4085 0 0 -0.000570
4090 0 0 -0.000894
4095 0 0 -0.001250
4100 0 0 -0.001518
4105 0 0 -0.001663
4110 0 0 -0.001670
4115 0 0 -0.001534
4120 0 0 -0.001287
4125 0 0 -0.000970
4130 0 0 -0.000646
4135 0 0 -0.000461
4140 0 0 -0.000580
4145 0 0 -0.001097
4150 0 0 -0.001816
4155 0 0 -0.002470
4160 0 0 -0.002838
4165 0 0 -0.002885
4170 0 0 -0.002620
4175 0 0 -0.002098
4180 0 0 -0.001545
4185 0 0 -0.001230
4190 0 0 -0.001320
4195 0 0 -0.001567
4200 0 0 -0.001620
4205 0 0 -0.001240
4210 0 0 -0.000639
4215 0 0 -0.000140
4220 0 0 0.000018
4225 0 0 -0.000062
4230 0 0 -0.000190
4235 0 0 -0.000219
4240 0 0 -0.000172
4245 0 0 -0.000110
4250 0 0 -0.000084
4255 0 0 -0.000090
4260 0 0 -0.000110
4265 0 0 -0.000128
4270 0 0 -0.000139
4275 0 0 -0.000140
4280 0 0 -0.000129
4285 0 0 -0.000115
4290 0 0 -0.000110
4295 0 0 -0.000121
4300 0 0 -0.000138
4305 0 0 -0.000150
4310 0 0 -0.000147
4315 0 0 -0.000136
4320 0 0 -0.000130
4325 0 0 -0.000136
4330 0 0 -0.000148
4335 0 0 -0.000160
4340 0 0 -0.000164
4345 0 0 -0.000160
4350 0 0 -0.000150
4355 0 0 -0.000136
4360 0 0 -0.000124
4365 0 0 -0.000120
4370 0 0 -0.000127
4375 0 0 -0.000140
4380 0 0 -0.000150
4385 0 0 -0.000153
4390 0 0 -0.000159
4395 0 0 -0.000180
4400 0 0 -0.000221
4405 0 0 -0.000261
4410 0 0 -0.000270
4415 0 0 -0.000231
4420 0 0 -0.000171
4425 0 0 -0.000130
4430 0 0 -0.000136
4435 0 0 -0.000172
4440 0 0 -0.000210
4445 0 0 -0.000228
4450 0 0 -0.000225
4455 0 0 -0.000210
4460 0 0 -0.000188
4465 0 0 -0.000166
4470 0 0 -0.000150
4475 0 0 -0.000145
4480 0 0 -0.000147
4485 0 0 -0.000150
4490 0 0 -0.000150
4495 0 0 -0.000149
4500 0 0 -0.000150
4505 0 0 -0.000154
4510 0 0 -0.000156
4515 0 0 -0.000150
4520 0 0 -0.000132
4525 0 0 -0.000114
4530 0 0 -0.000110
4535 0 0 -0.000131
4540 0 0 -0.000163
4545 0 0 -0.000190
4550 0 0 -0.000197
4555 0 0 -0.000188
4560 0 0 -0.000170
4565 0 0 -0.000149
4570 0 0 -0.000134
4575 0 0 -0.000130
4580 0 0 -0.000142
4585 0 0 -0.000157
4590 0 0 -0.000160
4595 0 0 -0.000141
4600 0 0 -0.000114
4605 0 0 -0.000100
4610 0 0 -0.000111
4615 0 0 -0.000137
4620 0 0 -0.000160
4625 0 0 -0.000166
4630 0 0 -0.000157
4635 0 0 -0.000140
4640 0 0 -0.000122
4645 0 0 -0.000113
4650 0 0 -0.000120
4655 0 0 -0.000149
4660 0 0 -0.000183
4665 0 0 -0.000200
4670 0 0 -0.000186
4675 0 0 -0.000153
4680 0 0 -0.000120
4685 0 0 -0.000102
4690 0 0 -0.000094
4695 0 0 -0.000090
4700 0 0 -0.000085
4705 0 0 -0.000092
4710 0 0 -0.000130
4715 0 0 -0.000205
4720 0 0 -0.000283
4725 0 0 -0.000320
4730 0 0 -0.000287
4735 0 0 -0.000218
4740 0 0 -0.000160
4745 0 0 -0.000149
4750 0 0 -0.000169
4755 0 0 -0.000190
4760 0 0 -0.000191
4765 0 0 -0.000184
4770 0 0 -0.000190
4775 0 0 -0.000221
4780 0 0 -0.000257
4785 0 0 -0.000270
4790 0 0 -0.000243
4795 0 0 -0.000199
4800 0 0 -0.000170
4805 0 0 -0.000178
4810 0 0 -0.000202
4815 0 0 -0.000210
4820 0 0 -0.000182
4825 0 0 -0.000141
4830 0 0 -0.000120
4835 0 0 -0.000146
4840 0 0 -0.000211
4845 0 0 -0.000300
4850 0 0 -0.000396
4855 0 0 -0.000472
4860 0 0 -0.000500
4865 0 0 -0.000463
4870 0 0 -0.000389
4875 0 0 -0.000320
4880 0 0 -0.000285
4885 0 0 -0.000269
4890 0 0 -0.000250
4895 0 0 -0.000210
4900 0 0 -0.000165
4905 0 0 -0.000140
4910 0 0 -0.000151
4915 0 0 -0.000185
4920 0 0 -0.000220
4925 0 0 -0.000241
4930 0 0 -0.000248
4935 0 0 -0.000250
4940 0 0 -0.000250
4945 0 0 -0.000242
4950 0 0 -0.000220
4955 0 0 -0.000180
4960 0 0 -0.000140
4965 0 0 -0.000120
4970 0 0 -0.000135
4975 0 0 -0.000167
4980 0 0 -0.000190
4985 0 0 -0.000185
4990 0 0 -0.000162
4995 0 0 -0.000140
5000 0 0 -0.000132
5005 0 0 -0.000137
5010 0 0 -0.000150
5015 0 0 -0.000164
5020 0 0 -0.000174
5025 0 0 -0.000170
5030 0 0 -0.000151
5035 0 0 -0.000131
5040 0 0 -0.000130
5045 0 0 -0.000159
5050 0 0 -0.000199
5055 0 0 -0.000220
5060 0 0 -0.000204
5065 0 0 -0.000165
5070 0 0 -0.000130
5075 0 0 -0.000116
5080 0 0 -0.000122
5085 0 0 -0.000140
5090 0 0 -0.000161
5095 0 0 -0.000178
5100 0 0 -0.000180
5105 0 0 -0.000163
5110 0 0 -0.000138
5115 0 0 -0.000120
5120 0 0 -0.000120
5125 0 0 -0.000133
5130 0 0 -0.000150
5135 0 0 -0.000162
5140 0 0 -0.000166
5145 0 0 -0.000160
5150 0 0 -0.000144
5155 0 0 -0.000126
5160 0 0 -0.000120
5165 0 0 -0.000132
5170 0 0 -0.000153
5175 0 0 -0.000170
5180 0 0 -0.000173
5185 0 0 -0.000167
5190 0 0 -0.000160
5195 0 0 -0.000160
5200 0 0 -0.000164
5205 0 0 -0.000170
5210 0 0 -0.000173
5215 0 0 -0.000171
5220 0 0 -0.000160
5225 0 0 -0.000140
5230 0 0 -0.000117
5235 0 0 -0.000100
5240 0 0 -0.000095
5245 0 0 -0.000100
5250 0 0 -0.000110
5255 0 0 -0.000119
5260 0 0 -0.000124
5265 0 0 -0.000120
5270 0 0 -0.000106
5275 0 0 -0.000090
5280 0 0 -0.000080
5285 0 0 -0.000085
5290 0 0 -0.000100
5295 0 0 -0.000120
5300 0 0 -0.000140
5305 0 0 -0.000160
5310 0 0 -0.000180
5315 0 0 -0.000200
5320 0 0 -0.000213
5325 0 0 -0.000210
5330 0 0 -0.000191
5335 0 0 -0.000188
5340 0 0 -0.000240
5345 0 0 -0.000373
5350 0 0 -0.000557
5355 0 0 -0.000750
5360 0 0 -0.000908
5365 0 0 -0.000994
5370 0 0 -0.000970
5375 0 0 -0.000822
5380 0 0 -0.000629
5385 0 0 -0.000490
5390 0 0 -0.000479
5395 0 0 -0.000553
5400 0 0 -0.000640
5405 0 0 -0.000684
5410 0 0 -0.000686
5415 0 0 -0.000660
5420 0 0 -0.000620
5425 0 0 -0.000572
5430 0 0 -0.000520
5435 0 0 -0.000467
5440 0 0 -0.000414
5445 0 0 -0.000360
5450 0 0 -0.000308
5455 0 0 -0.000275
5460 0 0 -0.000280
5465 0 0 -0.000333
5470 0 0 -0.000401
5475 0 0 -0.000440
5480 0 0 -0.000424
5485 0 0 -0.000392
5490 0 0 -0.000400
5495 0 0 -0.000485
5500 0 0 -0.000613
5505 0 0 -0.000730
5510 0 0 -0.000793
5515 0 0 -0.000803
5520 0 0 -0.000770
5525 0 0 -0.000705
5530 0 0 -0.000616
5535 0 0 -0.000510
5540 0 0 -0.000397
5545 0 0 -0.000302
5550 0 0 -0.000250
5555 0 0 -0.000257
5560 0 0 -0.000294
5565 0 0 -0.000320
5570 0 0 -0.000307
5575 0 0 -0.000273
5580 0 0 -0.000250
5585 0 0 -0.000258
5590 0 0 -0.000276
5595 0 0 -0.000270
5600 0 0 -0.000226
5605 0 0 -0.000203
5610 0 0 -0.000280
5615 0 0 -0.000513
5620 0 0 -0.000878
5625 0 0 -0.001330
5630 0 0 -0.001816
5635 0 0 -0.002256
5640 0 0 -0.002560
5645 0 0 -0.002654
5650 0 0 -0.002517
5655 0 0 -0.002140
5660 0 0 -0.001550
5665 0 0 -0.000909
5670 0 0 -0.000410
5675 0 0 -0.000194
5680 0 0 -0.000179
5685 0 0 -0.000230
5690 0 0 -0.000240
5695 0 0 -0.000218
5700 0 0 -0.000200
5705 0 0 -0.000213
5710 0 0 -0.000239
5715 0 0 -0.000250
5720 0 0 -0.000228
5725 0 0 -0.000186
5730 0 0 -0.000150
5735 0 0 -0.000136
5740 0 0 -0.000140
5745 0 0 -0.000150
5750 0 0 -0.000156
5755 0 0 -0.000153
5760 0 0 -0.000140
5765 0 0 -0.000115
5770 0 0 -0.000091
5775 0 0 -0.000080
5780 0 0 -0.000093
5785 0 0 -0.000118
5790 0 0 -0.000140
5795 0 0 -0.000147
5800 0 0 -0.000142
5805 0 0 -0.000130
5810 0 0 -0.000117
5815 0 0 -0.000106
5820 0 0 -0.000100
5825 0 0 -0.000100
5830 0 0 -0.000109
5835 0 0 -0.000130
5840 0 0 -0.000161
5845 0 0 -0.000187
5850 0 0 -0.000190
5855 0 0 -0.000159
5860 0 0 -0.000116
5865 0 0 -0.000090
5870 0 0 -0.000101
5875 0 0 -0.000135
5880 0 0 -0.000170
5885 0 0 -0.000188
5890 0 0 -0.000190
5895 0 0 -0.000180
5900 0 0 -0.000164
5905 0 0 -0.000145
5910 0 0 -0.000130
5915 0 0 -0.000122
5920 0 0 -0.000122
5925 0 0 -0.000130
5930 0 0 -0.000146
5935 0 0 -0.000167
5940 0 0 -0.000190
5945 0 0 -0.000210
5950 0 0 -0.000220
5955 0 0 -0.000210
5960 0 0 -0.000177
5965 0 0 -0.000139
5970 0 0 -0.000120
5975 0 0 -0.000135
5980 0 0 -0.000164
5985 0 0 -0.000180
5990 0 0 -0.000164
5995 0 0 -0.000132
6000 0 0 -0.000110
6005 0 0 -0.000115
6010 0 0 -0.000137
6015 0 0 -0.000160
6020 0 0 -0.000170
6025 0 0 -0.000165
6030 0 0 -0.000150
6035 0 0 -0.000128
6040 0 0 -0.000110
6045 0 0 -0.000110
6050 0 0 -0.000136
6055 0 0 -0.000173
6060 0 0 -0.000200
6065 0 0 -0.000202
6070 0 0 -0.000185
6075 0 0 -0.000160
6080 0 0 -0.000137
6085 0 0 -0.000122
6090 0 0 -0.000120
6095 0 0 -0.000132
6100 0 0 -0.000149
6105 0 0 -0.000160
6110 0 0 -0.000157
6115 0 0 -0.000144
6120 0 0 -0.000130
6125 0 0 -0.000122
6130 0 0 -0.000122
6135 0 0 -0.000130
6140 0 0 -0.000144
6145 0 0 -0.000154
6150 0 0 -0.000150
6155 0 0 -0.000127
6160 0 0 -0.000110
6165 0 0 -0.000130
6170 0 0 -0.000204
6175 0 0 -0.000290
6180 0 0 -0.000330
6185 0 0 -0.000289
6190 0 0 -0.000216
6195 0 0 -0.000180
6200 0 0 -0.000228
6205 0 0 -0.000317
6210 0 0 -0.000380
6215 0 0 -0.000368
6220 0 0 -0.000307
6225 0 0 -0.000240
6230 0 0 -0.000202
6235 0 0 -0.000197
6240 0 0 -0.000220
6245 0 0 -0.000264
6250 0 0 -0.000316
6255 0 0 -0.000360
6260 0 0 -0.000382
6265 0 0 -0.000379
6270 0 0 -0.000350
6275 0 0 -0.000296
6280 0 0 -0.000233
6285 0 0 -0.000180
6290 0 0 -0.000149
6295 0 0 -0.000133
6300 0 0 -0.000120
6305 0 0 -0.000101
6310 0 0 -0.000089
6315 0 0 -0.000100
6320 0 0 -0.000144
6325 0 0 -0.000195
6330 0 0 -0.000220
6335 0 0 -0.000196
6340 0 0 -0.000148
6345 0 0 -0.000110
6350 0 0 -0.000108
6355 0 0 -0.000132
6360 0 0 -0.000160
6365 0 0 -0.000176
6370 0 0 -0.000178
6375 0 0 -0.000170
6380 0 0 -0.000155
6385 0 0 -0.000137
6390 0 0 -0.000120
6395 0 0 -0.000109
6400 0 0 -0.000102
6405 0 0 -0.000100
6410 0 0 -0.000101
6415 0 0 -0.000105
6420 0 0 -0.000110
6425 0 0 -0.000116
6430 0 0 -0.000117
6435 0 0 -0.000110
6440 0 0 -0.000092
6445 0 0 -0.000073
6450 0 0 -0.000070
6455 0 0 -0.000090
6460 0 0 -0.000123
6465 0 0 -0.000150
6470 0 0 -0.000160
6475 0 0 -0.000157
6480 0 0 -0.000150
6485 0 0 -0.000148
6490 0 0 -0.000151
6495 0 0 -0.000160
6500 0 0 -0.000173
6505 0 0 -0.000182
6510 0 0 -0.000180
6515 0 0 -0.000162
6520 0 0 -0.000138
6525 0 0 -0.000120
6530 0 0 -0.000118
6535 0 0 -0.000128
6540 0 0 -0.000140
6545 0 0 -0.000148
6550 0 0 -0.000151
6555 0 0 -0.000150
6560 0 0 -0.000147
6565 0 0 -0.000141
6570 0 0 -0.000130
6575 0 0 -0.000116
6580 0 0 -0.000106
6585 0 0 -0.000110
6590 0 0 -0.000134
6595 0 0 -0.000166
6600 0 0 -0.000190
6605 0 0 -0.000194
6610 0 0 -0.000182
6615 0 0 -0.000160
6620 0 0 -0.000135
6625 0 0 -0.000116
6630 0 0 -0.000110
6635 0 0 -0.000123
6640 0 0 -0.000144
6645 0 0 -0.000160
6650 0 0 -0.000159
6655 0 0 -0.000147
6660 0 0 -0.000130
6665 0 0 -0.000116
6670 0 0 -0.000108
6675 0 0 -0.000110
6680 0 0 -0.000122
6685 0 0 -0.000137
6690 0 0 -0.000150
6695 0 0 -0.000154
6700 0 0 -0.000149
6705 0 0 -0.000140
6710 0 0 -0.000128
6715 0 0 -0.000118
6720 0 0 -0.000110
6725 0 0 -0.000109
6730 0 0 -0.000117
6735 0 0 -0.000140
6740 0 0 -0.000174
6745 0 0 -0.000189
6750 0 0 -0.000150
6755 0 0 -0.000055
6760 0 0 -0.000039
6765 0 0 -0.000270
6770 0 0 -0.000838
6775 0 0 -0.001513
6780 0 0 -0.001990
6785 0 0 -0.002052
6790 0 0 -0.001853
6795 0 0 -0.001640
6800 0 0 -0.001594
6805 0 0 -0.001643
6810 0 0 -0.001650
6815 0 0 -0.001508
6820 0 0 -0.001232
6825 0 0 -0.000870
6830 0 0 -0.000492
6835 0 0 -0.000267
6840 0 0 -0.000390
6845 0 0 -0.000967
6850 0 0 -0.001756
6855 0 0 -0.002430
6860 0 0 -0.002734
6865 0 0 -0.002717
6870 0 0 -0.002500
6875 0 0 -0.002189
6880 0 0 -0.001819
6885 0 0 -0.001410
6890 0 0 -0.000989
6895 0 0 -0.000616
6900 0 0 -0.000360
6905 0 0 -0.000267
6910 0 0 -0.000298
6915 0 0 -0.000390
6920 0 0 -0.000487
6925 0 0 -0.000551
6930 0 0 -0.000550
6935 0 0 -0.000467
6940 0 0 -0.000351
6945 0 0 -0.000270
6950 0 0 -0.000269
6955 0 0 -0.000311
6960 0 0 -0.000340
6965 0 0 -0.000314
6970 0 0 -0.000260
6975 0 0 -0.000220
6980 0 0 -0.000225
6985 0 0 -0.000253
6990 0 0 -0.000270
6995 0 0 -0.000252
7000 0 0 -0.000219
7005 0 0 -0.000200
7010 0 0 -0.000217
7015 0 0 -0.000255
7020 0 0 -0.000290
7025 0 0 -0.000304
7030 0 0 -0.000300
7035 0 0 -0.000290
7040 0 0 -0.000282
7045 0 0 -0.000278
7050 0 0 -0.000280
7055 0 0 -0.000288
7060 0 0 -0.000297
7065 0 0 -0.000300
7070 0 0 -0.000293
7075 0 0 -0.000285
7080 0 0 -0.000290
7085 0 0 -0.000314
7090 0 0 -0.000342
7095 0 0 -0.000350
7100 0 0 -0.000324
7105 0 0 -0.000278
7110 0 0 -0.000230
7115 0 0 -0.000198
7120 0 0 -0.000184
7125 0 0 -0.000190
7130 0 0 -0.000212
7135 0 0 -0.000240
7140 0 0 -0.000260
7145 0 0 -0.000262
7150 0 0 -0.000250
7155 0 0 -0.000230
7160 0 0 -0.000207
7165 0 0 -0.000186
7170 0 0 -0.000170
7175 0 0 -0.000161
7180 0 0 -0.000159
7185 0 0 -0.000160
7190 0 0 -0.000162
7195 0 0 -0.000163
7200 0 0 -0.000160
7205 0 0 -0.000152
7210 0 0 -0.000143
7215 0 0 -0.000140
7220 0 0 -0.000147
7225 0 0 -0.000157
7230 0 0 -0.000160
7235 0 0 -0.000151
7240 0 0 -0.000138
7245 0 0 -0.000130
7250 0 0 -0.000136
7255 0 0 -0.000152
7260 0 0 -0.000170
7265 0 0 -0.000184
7270 0 0 -0.000196
7275 0 0 -0.000210
7280 0 0 -0.000227
7285 0 0 -0.000238
7290 0 0 -0.000230
7295 0 0 -0.000198
7300 0 0 -0.000160
7305 0 0 -0.000140
7310 0 0 -0.000156
7315 0 0 -0.000190
7320 0 0 -0.000220
7325 0 0 -0.000227
7330 0 0 -0.000218
7335 0 0 -0.000210
7340 0 0 -0.000211
7345 0 0 -0.000213
7350 0 0 -0.000200
7355 0 0 -0.000165
7360 0 0 -0.000127
7365 0 0 -0.000110
7370 0 0 -0.000132
7375 0 0 -0.000171
7380 0 0 -0.000200
7385 0 0 -0.000197
7390 0 0 -0.000176
7395 0 0 -0.000160
7400 0 0 -0.000165
7405 0 0 -0.000180
7410 0 0 -0.000190
7415 0 0 -0.000182
7420 0 0 -0.000162
7425 0 0 -0.000140
7430 0 0 -0.000124
7435 0 0 -0.000119
7440 0 0 -0.000130
7445 0 0 -0.000157
7450 0 0 -0.000183
7455 0 0 -0.000190
7460 0 0 -0.000165
7465 0 0 -0.000126
7470 0 0 -0.000100
7475 0 0 -0.000105
7480 0 0 -0.000128
7485 0 0 -0.000150
7490 0 0 -0.000154
7495 0 0 -0.000142
7500 0 0 -0.000120
7505 0 0 -0.000095
7510 0 0 -0.000078
7515 0 0 -0.000080
7520 0 0 -0.000107
7525 0 0 -0.000144
7530 0 0 -0.000170
7535 0 0 -0.000170
7540 0 0 -0.000149
7545 0 0 -0.000120
7550 0 0 -0.000094
7555 0 0 -0.000086
7560 0 0 -0.000110
7565 0 0 -0.000174
7570 0 0 -0.000261
7575 0 0 -0.000350
7580 0 0 -0.000420
7585 0 0 -0.000463
7590 0 0 -0.000470
7595 0 0 -0.000439
7600 0 0 -0.000381
7605 0 0 -0.000310
7610 0 0 -0.000240
7615 0 0 -0.000183
7620 0 0 -0.000150
7625 0 0 -0.000148
7630 0 0 -0.000169
7635 0 0 -0.000200
7640 0 0 -0.000232
7645 0 0 -0.000259
7650 0 0 -0.000280
7655 0 0 -0.000292
7660 0 0 -0.000293
7665 0 0 -0.000280
7670 0 0 -0.000255
7675 0 0 -0.000229
7680 0 0 -0.000220
7685 0 0 -0.000236
7690 0 0 -0.000260
7695 0 0 -0.000270
7700 0 0 -0.000250
7705 0 0 -0.000214
7710 0 0 -0.000180
7715 0 0 -0.000164
7720 0 0 -0.000158
7725 0 0 -0.000150
7730 0 0 -0.000132
7735 0 0 -0.000111
7740 0 0 -0.000100
7745 0 0 -0.000107
7750 0 0 -0.000129
7755 0 0 -0.000160
7760 0 0 -0.000192
7765 0 0 -0.000213
7770 0 0 -0.000210
7775 0 0 -0.000176
7780 0 0 -0.000133
7785 0 0 -0.000110
7790 0 0 -0.000125
7795 0 0 -0.000164
7800 0 0 -0.000200
7805 0 0 -0.000215
7810 0 0 -0.000215
7815 0 0 -0.000210
7820 0 0 -0.000208
7825 0 0 -0.000204
7830 0 0 -0.000190
7835 0 0 -0.000161
7840 0 0 -0.000129
7845 0 0 -0.000110
7850 0 0 -0.000114
7855 0 0 -0.000132
7860 0 0 -0.000150
7865 0 0 -0.000156
7870 0 0 -0.000148
7875 0 0 -0.000130
7880 0 0 -0.000106
7885 0 0 -0.000095
7890 0 0 -0.000120
7895 0 0 -0.000191
7900 0 0 -0.000274
7905 0 0 -0.000320
7910 0 0 -0.000299
7915 0 0 -0.000241
7920 0 0 -0.000190
7925 0 0 -0.000179
7930 0 0 -0.000190
7935 0 0 -0.000190
7940 0 0 -0.000159
7945 0 0 -0.000116
7950 0 0 -0.000090
7955 0 0 -0.000101
7960 0 0 -0.000133
7965 0 0 -0.000160
7970 0 0 -0.000163
7975 0 0 -0.000149
7980 0 0 -0.000130
7985 0 0 -0.000117
7990 0 0 -0.000113
7995 0 0 -0.000120
8000 0 0 -0.000137
8005 0 0 -0.000154
8010 0 0 -0.000160
8015 0 0 -0.000148
8020 0 0 -0.000127
8025 0 0 -0.000110
8030 0 0 -0.000107
8035 0 0 -0.000115
8040 0 0 -0.000130
8045 0 0 -0.000146
8050 0 0 -0.000158
8055 0 0 -0.000160
8060 0 0 -0.000149
8065 0 0 -0.000135
8070 0 0 -0.000130
8075 0 0 -0.000142
8080 0 0 -0.000163
8085 0 0 -0.000180
8090 0 0 -0.000183
8095 0 0 -0.000173
8100 0 0 -0.000150
8105 0 0 -0.000120
8110 0 0 -0.000095
8115 0 0 -0.000090
8120 0 0 -0.000113
8125 0 0 -0.000148
8130 0 0 -0.000170
8135 0 0 -0.000163
8140 0 0 -0.000135
8145 0 0 -0.000100
8150 0 0 -0.000071
8155 0 0 -0.000056
8160 0 0 -0.000060
8165 0 0 -0.000085
8170 0 0 -0.000117
8175 0 0 -0.000140
8180 0 0 -0.000142
8185 0 0 -0.000141
8190 0 0 -0.000160
8195 0 0 -0.000214
8200 0 0 -0.000278
8205 0 0 -0.000320
8210 0 0 -0.000316
8215 0 0 -0.000283
8220 0 0 -0.000250
8225 0 0 -0.000237
8230 0 0 -0.000244
8235 0 0 -0.000260
8240 0 0 -0.000280
8245 0 0 -0.000300
8250 0 0 -0.000320
8255 0 0 -0.000337
8260 0 0 -0.000349
8265 0 0 -0.000350
8270 0 0 -0.000339
8275 0 0 -0.000320
8280 0 0 -0.000300
8285 0 0 -0.000286
8290 0 0 -0.000279
8295 0 0 -0.000280
8300 0 0 -0.000289
8305 0 0 -0.000300
8310 0 0 -0.000310
8315 0 0 -0.000313
8320 0 0 -0.000312
8325 0 0 -0.000310
8330 0 0 -0.000308
8335 0 0 -0.000304
8340 0 0 -0.000290
8345 0 0 -0.000266
8350 0 0 -0.000247
8355 0 0 -0.000250
8360 0 0 -0.000286
8365 0 0 -0.000331
8370 0 0 -0.000350
8375 0 0 -0.000322
8380 0 0 -0.000272
8385 0 0 -0.000240
8390 0 0 -0.000252
8395 0 0 -0.000294
8400 0 0 -0.000340
8405 0 0 -0.000370
8410 0 0 -0.000384
8415 0 0 -0.000390
8420 0 0 -0.000392
8425 0 0 -0.000392
8430 0 0 -0.000390
8435 0 0 -0.000388
8440 0 0 -0.000395
8445 0 0 -0.000420
8450 0 0 -0.000468
8455 0 0 -0.000527
8460 0 0 -0.000580
8465 0 0 -0.000611
8470 0 0 -0.000608
8475 0 0 -0.000560
8480 0 0 -0.000465
8485 0 0 -0.000355
8490 0 0 -0.000270
8495 0 0 -0.000241
8500 0 0 -0.000253
8505 0 0 -0.000280
8510 0 0 -0.000301
8515 0 0 -0.000309
8520 0 0 -0.000300
8525 0 0 -0.000274
8530 0 0 -0.000250
8535 0 0 -0.000250
8540 0 0 -0.000286
8545 0 0 -0.000332
8550 0 0 -0.000350
8555 0 0 -0.000317
8560 0 0 -0.000263
8565 0 0 -0.000230
8570 0 0 -0.000247
8575 0 0 -0.000290
8580 0 0 -0.000320
8585 0 0 -0.000311
8590 0 0 -0.000283
8595 0 0 -0.000270
8600 0 0 -0.000293
8605 0 0 -0.000331
8610 0 0 -0.000350
8615 0 0 -0.000327
8620 0 0 -0.000281
8625 0 0 -0.000240
8630 0 0 -0.000226
8635 0 0 -0.000231
8640 0 0 -0.000240
8645 0 0 -0.000240
8650 0 0 -0.000230
8655 0 0 -0.000210
8660 0 0 -0.000182
8665 0 0 -0.000158
8670 0 0 -0.000150
8675 0 0 -0.000166
8680 0 0 -0.000190
8685 0 0 -0.000200
8690 0 0 -0.000181
8695 0 0 -0.000155
8700 0 0 -0.000150
8705 0 0 -0.000185
8710 0 0 -0.000231
8715 0 0 -0.000250
8720 0 0 -0.000217
8725 0 0 -0.000164
8730 0 0 -0.000140
8735 0 0 -0.000175
8740 0 0 -0.000235
8745 0 0 -0.000270
8750 0 0 -0.000246
8755 0 0 -0.000191
8760 0 0 -0.000150
8765 0 0 -0.000156
8770 0 0 -0.000192
8775 0 0 -0.000230
8780 0 0 -0.000247
8785 0 0 -0.000249
8790 0 0 -0.000250
8795 0 0 -0.000259
8800 0 0 -0.000271
8805 0 0 -0.000280
8810 0 0 -0.000278
8815 0 0 -0.000265
8820 0 0 -0.000240
8825 0 0 -0.000208
8830 0 0 -0.000184
8835 0 0 -0.000190
8840 0 0 -0.000235
8845 0 0 -0.000288
8850 0 0 -0.000310
8855 0 0 -0.000274
8860 0 0 -0.000215
8865 0 0 -0.000180
8870 0 0 -0.000201
8875 0 0 -0.000247
8880 0 0 -0.000270
8885 0 0 -0.000237
8890 0 0 -0.000181
8895 0 0 -0.000150
8900 0 0 -0.000176
8905 0 0 -0.000228
8910 0 0 -0.000260
8915 0 0 -0.000239
8920 0 0 -0.000192
8925 0 0 -0.000160
8930 0 0 -0.000172
8935 0 0 -0.000209
8940 0 0 -0.000240
8945 0 0 -0.000243
8950 0 0 -0.000230
8955 0 0 -0.000220
8960 0 0 -0.000228
8965 0 0 -0.000243
8970 0 0 -0.000250
8975 0 0 -0.000236
8980 0 0 -0.000212
8985 0 0 -0.000190
8990 0 0 -0.000183
8995 0 0 -0.000188
9000 0 0 -0.000200
9005 0 0 -0.000214
9010 0 0 -0.000223
9015 0 0 -0.000220
9020 0 0 -0.000202
9025 0 0 -0.000183
9030 0 0 -0.000180
9035 0 0 -0.000202
9040 0 0 -0.000231
9045 0 0 -0.000240
9050 0 0 -0.000212
9055 0 0 -0.000171
9060 0 0 -0.000150
9065 0 0 -0.000171
9070 0 0 -0.000212
9075 0 0 -0.000240
9080 0 0 -0.000232
9085 0 0 -0.000208
9090 0 0 -0.000200
9095 0 0 -0.000229
9100 0 0 -0.000273
9105 0 0 -0.000300
9110 0 0 -0.000289
9115 0 0 -0.000259
9120 0 0 -0.000240
9125 0 0 -0.000252
9130 0 0 -0.000282
9135 0 0 -0.000310
9140 0 0 -0.000320
9145 0 0 -0.000319
9150 0 0 -0.000320
9155 0 0 -0.000330
9160 0 0 -0.000334
9165 0 0 -0.000310
9170 0 0 -0.000247
9175 0 0 -0.000173
9180 0 0 -0.000130
9185 0 0 -0.000142
9190 0 0 -0.000183
9195 0 0 -0.000210
9200 0 0 -0.000196
9205 0 0 -0.000166
9210 0 0 -0.000160
9215 0 0 -0.000203
9220 0 0 -0.000264
9225 0 0 -0.000300
9230 0 0 -0.000281
9235 0 0 -0.000234
9240 0 0 -0.000200
9245 0 0 -0.000208
9250 0 0 -0.000241
9255 0 0 -0.000270
9260 0 0 -0.000274
9265 0 0 -0.000260
9270 0 0 -0.000240
9275 0 0 -0.000224
9280 0 0 -0.000205
9285 0 0 -0.000170
9290 0 0 -0.000117
9295 0 0 -0.000082
9300 0 0 -0.000110
9305 0 0 -0.000226
9310 0 0 -0.000372
9315 0 0 -0.000470
9320 0 0 -0.000463
9325 0 0 -0.000390
9330 0 0 -0.000310
9335 0 0 -0.000271
9340 0 0 -0.000273
9345 0 0 -0.000300
9350 0 0 -0.000338
9355 0 0 -0.000366
9360 0 0 -0.000360
9365 0 0 -0.000309
9370 0 0 -0.000250
9375 0 0 -0.000230
9380 0 0 -0.000284
9385 0 0 -0.000397
9390 0 0 -0.000540
9395 0 0 -0.000679
9400 0 0 -0.000749
9405 0 0 -0.000680
9410 0 0 -0.000462
9415 0 0 -0.000330
9420 0 0 -0.000580
9425 0 0 -0.001376
9430 0 0 -0.002362
9435 0 0 -0.003050
9440 0 0 -0.003083
9445 0 0 -0.002632
9450 0 0 -0.002000
9455 0 0 -0.001440
9460 0 0 -0.001007
9465 0 0 -0.000710
9470 0 0 -0.000542
9475 0 0 -0.000446
9480 0 0 -0.000350
9485 0 0 -0.000217
9490 0 0 -0.000136
9495 0 0 -0.000230
9500 0 0 -0.000577
9505 0 0 -0.001075
9510 0 0 -0.001580
9515 0 0 -0.001966
9520 0 0 -0.002190
9525 0 0 -0.002230
9530 0 0 -0.002076
9535 0 0 -0.001778
9540 0 0 -0.001400
9545 0 0 -0.001005
9550 0 0 -0.000657
9555 0 0 -0.000420
9560 0 0 -0.000336
9565 0 0 -0.000348
9570 0 0 -0.000380
9575 0 0 -0.000372
9580 0 0 -0.000347
9585 0 0 -0.000350
9590 0 0 -0.000406
9595 0 0 -0.000473
9600 0 0 -0.000490
9605 0 0 -0.000419
9610 0 0 -0.000304
9615 0 0 -0.000210
9620 0 0 -0.000185
9625 0 0 -0.000208
9630 0 0 -0.000240
9635 0 0 -0.000249
9640 0 0 -0.000239
9645 0 0 -0.000220
9650 0 0 -0.000203
9655 0 0 -0.000197
9660 0 0 -0.000210
9665 0 0 -0.000246
9670 0 0 -0.000282
9675 0 0 -0.000290
9680 0 0 -0.000254
9685 0 0 -0.000207
9690 0 0 -0.000190
9695 0 0 -0.000233
9700 0 0 -0.000300
9705 0 0 -0.000340
9710 0 0 -0.000319
9715 0 0 -0.000264
9720 0 0 -0.000220
9725 0 0 -0.000219
9730 0 0 -0.000247
9735 0 0 -0.000280
9740 0 0 -0.000299
9745 0 0 -0.000301
9750 0 0 -0.000290
9755 0 0 -0.000270
9760 0 0 -0.000247
9765 0 0 -0.000230
9770 0 0 -0.000224
9775 0 0 -0.000228
9780 0 0 -0.000240
9785 0 0 -0.000259
9790 0 0 -0.000287
9795 0 0 -0.000330
9800 0 0 -0.000386
9805 0 0 -0.000432
9810 0 0 -0.000440
9815 0 0 -0.000392
9820 0 0 -0.000318
9825 0 0 -0.000260
9830 0 0 -0.000246
9835 0 0 -0.000257
9840 0 0 -0.000260
9845 0 0 -0.000232
9850 0 0 -0.000193
9855 0 0 -0.000170
9860 0 0 -0.000183
9865 0 0 -0.000215
9870 0 0 -0.000240
9875 0 0 -0.000237
9880 0 0 -0.000216
9885 0 0 -0.000190
9890 0 0 -0.000174
9895 0 0 -0.000170
9900 0 0 -0.000180
9905 0 0 -0.000203
9910 0 0 -0.000228
9915 0 0 -0.000240
9920 0 0 -0.000232
9925 0 0 -0.000216
9930 0 0 -0.000210
9935 0 0 -0.000227
9940 0 0 -0.000256
9945 0 0 -0.000280
9950 0 0 -0.000286
9955 0 0 -0.000274
9960 0 0 -0.000250
9965 0 0 -0.000220
9970 0 0 -0.000196
9975 0 0 -0.000190
9980 0 0 -0.000210
9985 0 0 -0.000241
9990 0 0 -0.000260
9995 0 0 -0.000253
10000 0 0 -0.000231
10005 0 0 -0.000210
10010 0 0 -0.000203
10015 0 0 -0.000208
10020 0 0 -0.000220
10025 0 0 -0.000233
10030 0 0 -0.000244
10035 0 0 -0.000250
10040 0 0 -0.000251
10045 0 0 -0.000251
10050 0 0 -0.000260
10055 0 0 -0.000281
10060 0 0 -0.000307
10065 0 0 -0.000330
10070 0 0 -0.000339
10075 0 0 -0.000326
