0 0 0 -0.000100
5 0 0 -0.000137
10 0 0 -0.000159
15 0 0 -0.000170
20 0 0 -0.000173
25 0 0 -0.000172
30 0 0 -0.000170
35 0 0 -0.000169
40 0 0 -0.000165
45 0 0 -0.000150
50 0 0 -0.000123
55 0 0 -0.000097
60 0 0 -0.000090
65 0 0 -0.000113
70 0 0 -0.000150
75 0 0 -0.000180
80 0 0 -0.000187
85 0 0 -0.000177
90 0 0 -0.000160
95 0 0 -0.000147
100 0 0 -0.000142
105 0 0 -0.000150
110 0 0 -0.000170
115 0 0 -0.000189
120 0 0 -0.000190
125 0 0 -0.000163
130 0 0 -0.000127
135 0 0 -0.000110
140 0 0 -0.000129
145 0 0 -0.000163
150 0 0 -0.000180
155 0 0 -0.000160
160 0 0 -0.000121
165 0 0 -0.000090
170 0 0 -0.000089
175 0 0 -0.000108
180 0 0 -0.000130
185 0 0 -0.000142
190 0 0 -0.000142
195 0 0 -0.000130
200 0 0 -0.000109
205 0 0 -0.000091
210 0 0 -0.000090
215 0 0 -0.000114
220 0 0 -0.000145
225 0 0 -0.000160
230 0 0 -0.000143
235 0 0 -0.000116
240 0 0 -0.000110
245 0 0 -0.000145
250 0 0 -0.000194
255 0 0 -0.000220
260 0 0 -0.000198
265 0 0 -0.000152
270 0 0 -0.000120
275 0 0 -0.000127
280 0 0 -0.000156
285 0 0 -0.000180
290 0 0 -0.000178
295 0 0 -0.000160
300 0 0 -0.000140
305 0 0 -0.000131
310 0 0 -0.000130
315 0 0 -0.000130
320 0 0 -0.000125
325 0 0 -0.000117
330 0 0 -0.000110
335 0 0 -0.000106
340 0 0 -0.000106
345 0 0 -0.000110
350 0 0 -0.000116
355 0 0 -0.000121
360 0 0 -0.000120
365 0 0 -0.000110
370 0 0 -0.000100
375 0 0 -0.000100
380 0 0 -0.000117
385 0 0 -0.000139
390 0 0 -0.000150
395 0 0 -0.000139
400 0 0 -0.000122
405 0 0 -0.000120
410 0 0 -0.000146
415 0 0 -0.000182
420 0 0 -0.000200
425 0 0 -0.000182
430 0 0 -0.000146
435 0 0 -0.000120
440 0 0 -0.000124
445 0 0 -0.000149
450 0 0 -0.000180
455 0 0 -0.000202
460 0 0 -0.000207
465 0 0 -0.000190
470 0 0 -0.000149
475 0 0 -0.000104
480 0 0 -0.000080
485 0 0 -0.000093
490 0 0 -0.000131
495 0 0 -0.000170
500 0 0 -0.000193
505 0 0 -0.000194
510 0 0 -0.000170
515 0 0 -0.000126
520 0 0 -0.000090
525 0 0 -0.000100
530 0 0 -0.000174
535 0 0 -0.000268
540 0 0 -0.000320
545 0 0 -0.000289
550 0 0 -0.000211
555 0 0 -0.000140
560 0 0 -0.000119
565 0 0 -0.000137
570 0 0 -0.000170
575 0 0 -0.000196
580 0 0 -0.000208
585 0 0 -0.000200
590 0 0 -0.000174
595 0 0 -0.000154
600 0 0 -0.000170
605 0 0 -0.000239
610 0 0 -0.000320
615 0 0 -0.000360
620 0 0 -0.000323
625 0 0 -0.000252
630 0 0 -0.000210
635 0 0 -0.000238
640 0 0 -0.000297
645 0 0 -0.000330
650 0 0 -0.000295
655 0 0 -0.000225
660 0 0 -0.000170
665 0 0 -0.000165
670 0 0 -0.000187
675 0 0 -0.000200
680 0 0 -0.000180
685 0 0 -0.000158
690 0 0 -0.000180
695 0 0 -0.000274
700 0 0 -0.000400
705 0 0 -0.000500
710 0 0 -0.000528
715 0 0 -0.000491
720 0 0 -0.000410
725 0 0 -0.000307
730 0 0 -0.000214
735 0 0 -0.000170
740 0 0 -0.000194
745 0 0 -0.000243
750 0 0 -0.000260
755 0 0 -0.000210
760 0 0 -0.000153
765 0 0 -0.000170
770 0 0 -0.000311
775 0 0 -0.000488
780 0 0 -0.000580
785 0 0 -0.000505
790 0 0 -0.000338
795 0 0 -0.000190
800 0 0 -0.000146
805 0 0 -0.000173
810 0 0 -0.000210
815 0 0 -0.000212
820 0 0 -0.000192
825 0 0 -0.000180
830 0 0 -0.000196
835 0 0 -0.000227
840 0 0 -0.000250
845 0 0 -0.000251
850 0 0 -0.000241
855 0 0 -0.000240
860 0 0 -0.000261
865 0 0 -0.000293
870 0 0 -0.000320
875 0 0 -0.000328
880 0 0 -0.000320
885 0 0 -0.000300
890 0 0 -0.000274
895 0 0 -0.000249
900 0 0 -0.000230
905 0 0 -0.000223
910 0 0 -0.000232
915 0 0 -0.000260
920 0 0 -0.000308
925 0 0 -0.000363
930 0 0 -0.000410
935 0 0 -0.000434
940 0 0 -0.000426
945 0 0 -0.000380
950 0 0 -0.000299
955 0 0 -0.000227
960 0 0 -0.000220
965 0 0 -0.000316
970 0 0 -0.000489
975 0 0 -0.000700
980 0 0 -0.000905
985 0 0 -0.001055
990 0 0 -0.001100
995 0 0 -0.001012
1000 0 0 -0.000851
1005 0 0 -0.000700
1010 0 0 -0.000621
1015 0 0 -0.000605
1020 0 0 -0.000620
1025 0 0 -0.000642
1030 0 0 -0.000666
1035 0 0 -0.000690
1040 0 0 -0.000722
1045 0 0 -0.000805
1050 0 0 -0.000990
1055 0 0 -0.001288
1060 0 0 -0.001556
1065 0 0 -0.001610
1070 0 0 -0.001336
1075 0 0 -0.000899
1080 0 0 -0.000530
1085 0 0 -0.000400
1090 0 0 -0.000429
1095 0 0 -0.000470
1100 0 0 -0.000431
1105 0 0 -0.000421
1110 0 0 -0.000600
1115 0 0 -0.001052
1120 0 0 -0.001557
1125 0 0 -0.001820
1130 0 0 -0.001645
1135 0 0 -0.001242
1140 0 0 -0.000920
1145 0 0 -0.000900
1150 0 0 -0.001042
1155 0 0 -0.001120
1160 0 0 -0.000970
1165 0 0 -0.000689
1170 0 0 -0.000440
1175 0 0 -0.000345
1180 0 0 -0.000364
1185 0 0 -0.000420
1190 0 0 -0.000448
1195 0 0 -0.000444
1200 0 0 -0.000420
1205 0 0 -0.000386
1210 0 0 -0.000356
1215 0 0 -0.000340
1220 0 0 -0.000348
1225 0 0 -0.000369
1230 0 0 -0.000390
1235 0 0 -0.000399
1240 0 0 -0.000392
1245 0 0 -0.000370
1250 0 0 -0.000335
1255 0 0 -0.000305
1260 0 0 -0.000300
1265 0 0 -0.000332
1270 0 0 -0.000372
1275 0 0 -0.000380
1280 0 0 -0.000335
1285 0 0 -0.000284
1290 0 0 -0.000290
1295 0 0 -0.000392
1300 0 0 -0.000532
1305 0 0 -0.000630
1310 0 0 -0.000626
1315 0 0 -0.000549
1320 0 0 -0.000450
1325 0 0 -0.000372
1330 0 0 -0.000323
1335 0 0 -0.000300
1340 0 0 -0.000300
1345 0 0 -0.000314
1350 0 0 -0.000330
1355 0 0 -0.000340
1360 0 0 -0.000343
1365 0 0 -0.000340
1370 0 0 -0.000333
1375 0 0 -0.000320
1380 0 0 -0.000300
1385 0 0 -0.000275
1390 0 0 -0.000259
1395 0 0 -0.000270
1400 0 0 -0.000317
1405 0 0 -0.000385
1410 0 0 -0.000450
1415 0 0 -0.000491
1420 0 0 -0.000500
1425 0 0 -0.000470
1430 0 0 -0.000402
1435 0 0 -0.000327
1440 0 0 -0.000280
1445 0 0 -0.000287
1450 0 0 -0.000323
1455 0 0 -0.000350
1460 0 0 -0.000340
1465 0 0 -0.000303
1470 0 0 -0.000260
1475 0 0 -0.000228
1480 0 0 -0.000208
1485 0 0 -0.000200
1490 0 0 -0.000201
1495 0 0 -0.000203
1500 0 0 -0.000200
1505 0 0 -0.000187
1510 0 0 -0.000172
1515 0 0 -0.000170
1520 0 0 -0.000187
1525 0 0 -0.000207
1530 0 0 -0.000210
1535 0 0 -0.000182
1540 0 0 -0.000141
1545 0 0 -0.000110
1550 0 0 -0.000108
1555 0 0 -0.000124
1560 0 0 -0.000140
1565 0 0 -0.000142
1570 0 0 -0.000134
1575 0 0 -0.000120
1580 0 0 -0.000108
1585 0 0 -0.000105
1590 0 0 -0.000120
1595 0 0 -0.000154
1600 0 0 -0.000189
1605 0 0 -0.000200
1610 0 0 -0.000172
1615 0 0 -0.000130
1620 0 0 -0.000110
1625 0 0 -0.000135
1630 0 0 -0.000181
1635 0 0 -0.000210
1640 0 0 -0.000196
1645 0 0 -0.000157
1650 0 0 -0.000120
1655 0 0 -0.000107
1660 0 0 -0.000111
1665 0 0 -0.000120
1670 0 0 -0.000123
1675 0 0 -0.000119
1680 0 0 -0.000110
1685 0 0 -0.000100
1690 0 0 -0.000097
1695 0 0 -0.000110
1700 0 0 -0.000143
1705 0 0 -0.000178
1710 0 0 -0.000190
1715 0 0 -0.000164
1720 0 0 -0.000126
1725 0 0 -0.000110
1730 0 0 -0.000139
1735 0 0 -0.000186
1740 0 0 -0.000210
1745 0 0 -0.000184
1750 0 0 -0.000134
1755 0 0 -0.000100
1760 0 0 -0.000110
1765 0 0 -0.000142
1770 0 0 -0.000160
1775 0 0 -0.000141
1780 0 0 -0.000105
1785 0 0 -0.000080
1790 0 0 -0.000089
1795 0 0 -0.000116
1800 0 0 -0.000140
1805 0 0 -0.000143
1810 0 0 -0.000135
1815 0 0 -0.000130
1820 0 0 -0.000139
1825 0 0 -0.000156
1830 0 0 -0.000170
1835 0 0 -0.000172
1840 0 0 -0.000167
1845 0 0 -0.000160
1850 0 0 -0.000157
1855 0 0 -0.000155
1860 0 0 -0.000150
1865 0 0 -0.000140
1870 0 0 -0.000126
1875 0 0 -0.000110
1880 0 0 -0.000096
1885 0 0 -0.000093
1890 0 0 -0.000110
1895 0 0 -0.000149
1900 0 0 -0.000189
1905 0 0 -0.000200
1910 0 0 -0.000165
1915 0 0 -0.000115
1920 0 0 -0.000090
1925 0 0 -0.000120
1930 0 0 -0.000176
1935 0 0 -0.000220
1940 0 0 -0.000223
1945 0 0 -0.000207
1950 0 0 -0.000210
1955 0 0 -0.000254
1960 0 0 -0.000311
1965 0 0 -0.000340
1970 0 0 -0.000313
1975 0 0 -0.000251
1980 0 0 -0.000190
1985 0 0 -0.000156
1990 0 0 -0.000141
1995 0 0 -0.000130
2000 0 0 -0.000115
2005 0 0 -0.000113
2010 0 0 -0.000150
2015 0 0 -0.000236
2020 0 0 -0.000326
2025 0 0 -0.000360
2030 0 0 -0.000302
2035 0 0 -0.000204
2040 0 0 -0.000140
2045 0 0 -0.000161
2050 0 0 -0.000228
2055 0 0 -0.000280
2060 0 0 -0.000271
2065 0 0 -0.000222
2070 0 0 -0.000170
2075 0 0 -0.000148
2080 0 0 -0.000173
2085 0 0 -0.000260
2090 0 0 -0.000406
2095 0 0 -0.000549
2100 0 0 -0.000610
2105 0 0 -0.000537
2110 0 0 -0.000379
2115 0 0 -0.000210
2120 0 0 -0.000106
2125 0 0 -0.000151
2130 0 0 -0.000430
2135 0 0 -0.000969
2140 0 0 -0.001551
2145 0 0 -0.001900
2150 0 0 -0.001821
2155 0 0 -0.001443
2160 0 0 -0.000980
2165 0 0 -0.000606
2170 0 0 -0.000354
2175 0 0 -0.000220
2180 0 0 -0.000190
2185 0 0 -0.000216
2190 0 0 -0.000240
2195 0 0 -0.000220
2200 0 0 -0.000178
2205 0 0 -0.000150
2210 0 0 -0.000162
2215 0 0 -0.000198
2220 0 0 -0.000230
2225 0 0 -0.000237
2230 0 0 -0.000224
2235 0 0 -0.000200
2240 0 0 -0.000176
2245 0 0 -0.000155
2250 0 0 -0.000140
2255 0 0 -0.000133
2260 0 0 -0.000134
2265 0 0 -0.000140
2270 0 0 -0.000150
2275 0 0 -0.000166
2280 0 0 -0.000190
2285 0 0 -0.000221
2290 0 0 -0.000252
2295 0 0 -0.000270
2300 0 0 -0.000268
2305 0 0 -0.000252
2310 0 0 -0.000230
2315 0 0 -0.000209
2320 0 0 -0.000192
2325 0 0 -0.000180
2330 0 0 -0.000173
2335 0 0 -0.000173
2340 0 0 -0.000180
2345 0 0 -0.000196
2350 0 0 -0.000222
2355 0 0 -0.000260
2360 0 0 -0.000314
2365 0 0 -0.000390
2370 0 0 -0.000500
2375 0 0 -0.000638
2380 0 0 -0.000748
2385 0 0 -0.000760
2390 0 0 -0.000631
2395 0 0 -0.000432
2400 0 0 -0.000260
2405 0 0 -0.000191
2410 0 0 -0.000210
2415 0 0 -0.000280
2420 0 0 -0.000364
2425 0 0 -0.000428
2430 0 0 -0.000440
2435 0 0 -0.000381
2440 0 0 -0.000291
2445 0 0 -0.000220
2450 0 0 -0.000209
2455 0 0 -0.000247
2460 0 0 -0.000310
2465 0 0 -0.000374
2470 0 0 -0.000415
2475 0 0 -0.000410
2480 0 0 -0.000353
2485 0 0 -0.000301
2490 0 0 -0.000330
2495 0 0 -0.000483
2500 0 0 -0.000682
2505 0 0 -0.000820
2510 0 0 -0.000818
2515 0 0 -0.000710
2520 0 0 -0.000560
2525 0 0 -0.000424
2530 0 0 -0.000328
2535 0 0 -0.000290
2540 0 0 -0.000318
2545 0 0 -0.000371
2550 0 0 -0.000400
2555 0 0 -0.000369
2560 0 0 -0.000304
2565 0 0 -0.000250
2570 0 0 -0.000239
2575 0 0 -0.000262
2580 0 0 -0.000300
2585 0 0 -0.000337
2590 0 0 -0.000366
2595 0 0 -0.000380
2600 0 0 -0.000378
2605 0 0 -0.000378
2610 0 0 -0.000400
2615 0 0 -0.000456
2620 0 0 -0.000511
2625 0 0 -0.000520
2630 0 0 -0.000455
2635 0 0 -0.000356
2640 0 0 -0.000280
2645 0 0 -0.000268
2650 0 0 -0.000293
2655 0 0 -0.000310
2660 0 0 -0.000288
2665 0 0 -0.000247
2670 0 0 -0.000220
2675 0 0 -0.000230
2680 0 0 -0.000261
2685 0 0 -0.000290
2690 0 0 -0.000297
2695 0 0 -0.000287
2700 0 0 -0.000270
2705 0 0 -0.000255
2710 0 0 -0.000250
2715 0 0 -0.000260
2720 0 0 -0.000289
2725 0 0 -0.000319
2730 0 0 -0.000330
2735 0 0 -0.000310
2740 0 0 -0.000283
2745 0 0 -0.000280
2750 0 0 -0.000322
2755 0 0 -0.000376
2760 0 0 -0.000400
2765 0 0 -0.000363
2770 0 0 -0.000292
2775 0 0 -0.000230
2780 0 0 -0.000207
2785 0 0 -0.000213
2790 0 0 -0.000230
2795 0 0 -0.000240
2800 0 0 -0.000237
2805 0 0 -0.000220
2810 0 0 -0.000188
2815 0 0 -0.000156
2820 0 0 -0.000140
2825 0 0 -0.000150
2830 0 0 -0.000168
2835 0 0 -0.000170
2840 0 0 -0.000140
2845 0 0 -0.000103
2850 0 0 -0.000090
2855 0 0 -0.000123
2860 0 0 -0.000176
2865 0 0 -0.000210
2870 0 0 -0.000198
2875 0 0 -0.000163
2880 0 0 -0.000140
2885 0 0 -0.000153
2890 0 0 -0.000188
2895 0 0 -0.000220
2900 0 0 -0.000230
2905 0 0 -0.000223
2910 0 0 -0.000210
2915 0 0 -0.000199
2920 0 0 -0.000188
2925 0 0 -0.000170
2930 0 0 -0.000144
2935 0 0 -0.000120
2940 0 0 -0.000110
2945 0 0 -0.000123
2950 0 0 -0.000143
2955 0 0 -0.000150
2960 0 0 -0.000130
2965 0 0 -0.000102
2970 0 0 -0.000090
2975 0 0 -0.000111
2980 0 0 -0.000144
2985 0 0 -0.000160
2990 0 0 -0.000139
2995 0 0 -0.000103
3000 0 0 -0.000080
3005 0 0 -0.000092
3010 0 0 -0.000124
3015 0 0 -0.000150
3020 0 0 -0.000153
3025 0 0 -0.000143
3030 0 0 -0.000140
3035 0 0 -0.000156
3040 0 0 -0.000179
3045 0 0 -0.000190
3050 0 0 -0.000177
3055 0 0 -0.000154
3060 0 0 -0.000140
3065 0 0 -0.000148
3070 0 0 -0.000165
3075 0 0 -0.000170
3080 0 0 -0.000150
3085 0 0 -0.000120
3090 0 0 -0.000100
3095 0 0 -0.000104
3100 0 0 -0.000121
3105 0 0 -0.000130
3110 0 0 -0.000119
3115 0 0 -0.000099
3120 0 0 -0.000090
3125 0 0 -0.000103
3130 0 0 -0.000125
3135 0 0 -0.000140
3140 0 0 -0.000134
3145 0 0 -0.000115
3150 0 0 -0.000100
3155 0 0 -0.000099
3160 0 0 -0.000108
3165 0 0 -0.000120
3170 0 0 -0.000130
3175 0 0 -0.000139
3180 0 0 -0.000150
3185 0 0 -0.000165
3190 0 0 -0.000178
3195 0 0 -0.000180
3200 0 0 -0.000168
3205 0 0 -0.000150
3210 0 0 -0.000140
3215 0 0 -0.000146
3220 0 0 -0.000158
3225 0 0 -0.000160
3230 0 0 -0.000142
3235 0 0 -0.000116
3240 0 0 -0.000100
3245 0 0 -0.000106
3250 0 0 -0.000122
3255 0 0 -0.000130
3260 0 0 -0.000117
3265 0 0 -0.000097
3270 0 0 -0.000090
3275 0 0 -0.000108
3280 0 0 -0.000136
3285 0 0 -0.000150
3290 0 0 -0.000134
3295 0 0 -0.000101
3300 0 0 -0.000070
3305 0 0 -0.000059
3310 0 0 -0.000081
3315 0 0 -0.000150
3320 0 0 -0.000267
3325 0 0 -0.000393
3330 0 0 -0.000480
3335 0 0 -0.000492
3340 0 0 -0.000450
3345 0 0 -0.000390
3350 0 0 -0.000341
3355 0 0 -0.000310
3360 0 0 -0.000300
3365 0 0 -0.000310
3370 0 0 -0.000329
3375 0 0 -0.000340
3380 0 0 -0.000331
3385 0 0 -0.000301
3390 0 0 -0.000250
3395 0 0 -0.000183
3400 0 0 -0.000122
3405 0 0 -0.000090
3410 0 0 -0.000104
3415 0 0 -0.000141
3420 0 0 -0.000170
3425 0 0 -0.000167
3430 0 0 -0.000146
3435 0 0 -0.000130
3440 0 0 -0.000135
3445 0 0 -0.000150
3450 0 0 -0.000160
3455 0 0 -0.000153
3460 0 0 -0.000140
3465 0 0 -0.000140
3470 0 0 -0.000162
3475 0 0 -0.000190
3480 0 0 -0.000200
3485 0 0 -0.000180
3490 0 0 -0.000157
3495 0 0 -0.000170
3500 0 0 -0.000241
3505 0 0 -0.000333
3510 0 0 -0.000390
3515 0 0 -0.000374
3520 0 0 -0.000305
3525 0 0 -0.000220
3530 0 0 -0.000150
3535 0 0 -0.000115
3540 0 0 -0.000130
3545 0 0 -0.000198
3550 0 0 -0.000274
3555 0 0 -0.000300
3560 0 0 -0.000243
3565 0 0 -0.000167
3570 0 0 -0.000160
3575 0 0 -0.000278
3580 0 0 -0.000439
3585 0 0 -0.000530
3590 0 0 -0.000470
3595 0 0 -0.000319
3600 0 0 -0.000170
3605 0 0 -0.000097
3610 0 0 -0.000092
3615 0 0 -0.000130
3620 0 0 -0.000184
3625 0 0 -0.000234
3630 0 0 -0.000260
3635 0 0 -0.000250
3640 0 0 -0.000221
3645 0 0 -0.000200
3650 0 0 -0.000204
3655 0 0 -0.000223
3660 0 0 -0.000240
3665 0 0 -0.000242
3670 0 0 -0.000230
3675 0 0 -0.000210
3680 0 0 -0.000188
3685 0 0 -0.000171
3690 0 0 -0.000170
3695 0 0 -0.000188
3700 0 0 -0.000208
3705 0 0 -0.000210
3710 0 0 -0.000180
3715 0 0 -0.000143
3720 0 0 -0.000130
3725 0 0 -0.000163
3730 0 0 -0.000216
3735 0 0 -0.000250
3740 0 0 -0.000240
3745 0 0 -0.000208
3750 0 0 -0.000190
3755 0 0 -0.000210
3760 0 0 -0.000257
3765 0 0 -0.000310
3770 0 0 -0.000349
3775 0 0 -0.000362
3780 0 0 -0.000340
3785 0 0 -0.000279
3790 0 0 -0.000203
3795 0 0 -0.000140
3800 0 0 -0.000116
3805 0 0 -0.000141
3810 0 0 -0.000220
3815 0 0 -0.000349
3820 0 0 -0.000484
3825 0 0 -0.000570
3830 0 0 -0.000569
3835 0 0 -0.000516
3840 0 0 -0.000460
3845 0 0 -0.000442
3850 0 0 -0.000457
3855 0 0 -0.000490
3860 0 0 -0.000527
3865 0 0 -0.000562
3870 0 0 -0.000590
3875 0 0 -0.000604
3880 0 0 -0.000589
3885 0 0 -0.000530
3890 0 0 -0.000422
3895 0 0 -0.000304
3900 0 0 -0.000230
3905 0 0 -0.000235
3910 0 0 -0.000295
3915 0 0 -0.000370
3920 0 0 -0.000430
3925 0 0 -0.000484
3930 0 0 -0.000550
3935 0 0 -0.000634
3940 0 0 -0.000698
3945 0 0 -0.000690
3950 0 0 -0.000584
3955 0 0 -0.000454
3960 0 0 -0.000400
3965 0 0 -0.000483
3970 0 0 -0.000620
3975 0 0 -0.000690
3980 0 0 -0.000610
3985 0 0 -0.000449
3990 0 0 -0.000310
3995 0 0 -0.000274
4000 0 0 -0.000320
4005 0 0 -0.000400
4010 0 0 -0.000472
4015 0 0 -0.000514
4020 0 0 -0.000510
4025 0 0 -0.000451
4030 0 0 -0.000365
4035 0 0 -0.000290
4040 0 0 -0.000254
4045 0 0 -0.000257
4050 0 0 -0.000290
4055 0 0 -0.000342
4060 0 0 -0.000393
4065 0 0 -0.000420
4070 0 0 -0.000407
4075 0 0 -0.000367
4080 0 0 -0.000320
4085 0 0 -0.000284
4090 0 0 -0.000266
4095 0 0 -0.000270
4100 0 0 -0.000297
4105 0 0 -0.000325
4110 0 0 -0.000330
4115 0 0 -0.000295
4120 0 0 -0.000244
4125 0 0 -0.000210
4130 0 0 -0.000217
4135 0 0 -0.000246
4140 0 0 -0.000270
4145 0 0 -0.000268
4150 0 0 -0.000249
4155 0 0 -0.000230
4160 0 0 -0.000223
4165 0 0 -0.000225
4170 0 0 -0.000230
4175 0 0 -0.000234
4180 0 0 -0.000239
4185 0 0 -0.000250
4190 0 0 -0.000269
4195 0 0 -0.000291
4200 0 0 -0.000310
4205 0 0 -0.000320
4210 0 0 -0.000318
4215 0 0 -0.000300
4220 0 0 -0.000267
4225 0 0 -0.000232
4230 0 0 -0.000210
4235 0 0 -0.000212
4240 0 0 -0.000228
4245 0 0 -0.000240
4250 0 0 -0.000236
4255 0 0 -0.000221
4260 0 0 -0.000200
4265 0 0 -0.000181
4270 0 0 -0.000164
4275 0 0 -0.000150
4280 0 0 -0.000139
4285 0 0 -0.000134
4290 0 0 -0.000140
4295 0 0 -0.000156
4300 0 0 -0.000171
4305 0 0 -0.000170
4310 0 0 -0.000144
4315 0 0 -0.000112
4320 0 0 -0.000100
4325 0 0 -0.000125
4330 0 0 -0.000167
4335 0 0 -0.000200
4340 0 0 -0.000203
4345 0 0 -0.000186
4350 0 0 -0.000170
4355 0 0 -0.000168
4360 0 0 -0.000172
4365 0 0 -0.000170
4370 0 0 -0.000155
4375 0 0 -0.000139
4380 0 0 -0.000140
4385 0 0 -0.000168
4390 0 0 -0.000201
4395 0 0 -0.000210
4400 0 0 -0.000177
4405 0 0 -0.000127
4410 0 0 -0.000100
4415 0 0 -0.000119
4420 0 0 -0.000159
4425 0 0 -0.000180
4430 0 0 -0.000156
4435 0 0 -0.000111
4440 0 0 -0.000080
4445 0 0 -0.000088
4450 0 0 -0.000118
4455 0 0 -0.000140
4460 0 0 -0.000135
4465 0 0 -0.000115
4470 0 0 -0.000100
4475 0 0 -0.000105
4480 0 0 -0.000120
4485 0 0 -0.000130
4490 0 0 -0.000124
4495 0 0 -0.000113
4500 0 0 -0.000110
4505 0 0 -0.000125
4510 0 0 -0.000150
4515 0 0 -0.000170
4520 0 0 -0.000175
4525 0 0 -0.000169
4530 0 0 -0.000160
4535 0 0 -0.000153
4540 0 0 -0.000150
4545 0 0 -0.000150
4550 0 0 -0.000153
4555 0 0 -0.000155
4560 0 0 -0.000150
4565 0 0 -0.000136
4570 0 0 -0.000119
4575 0 0 -0.000110
4580 0 0 -0.000115
4585 0 0 -0.000125
4590 0 0 -0.000130
4595 0 0 -0.000121
4600 0 0 -0.000107
4605 0 0 -0.000100
4610 0 0 -0.000108
4615 0 0 -0.000122
4620 0 0 -0.000130
4625 0 0 -0.000123
4630 0 0 -0.000108
4635 0 0 -0.000100
4640 0 0 -0.000106
4645 0 0 -0.000120
4650 0 0 -0.000130
4655 0 0 -0.000129
4660 0 0 -0.000126
4665 0 0 -0.000130
4670 0 0 -0.000149
4675 0 0 -0.000171
4680 0 0 -0.000180
4685 0 0 -0.000165
4690 0 0 -0.000142
4695 0 0 -0.000130
4700 0 0 -0.000143
4705 0 0 -0.000164
4710 0 0 -0.000170
4715 0 0 -0.000145
4720 0 0 -0.000109
4725 0 0 -0.000090
4730 0 0 -0.000105
4735 0 0 -0.000133
4740 0 0 -0.000140
4745 0 0 -0.000109
4750 0 0 -0.000075
4755 0 0 -0.000090
4760 0 0 -0.000183
4765 0 0 -0.000309
4770 0 0 -0.000400
4775 0 0 -0.000409
4780 0 0 -0.000361
4785 0 0 -0.000300
4790 0 0 -0.000261
4795 0 0 -0.000249
4800 0 0 -0.000260
4805 0 0 -0.000288
4810 0 0 -0.000322
4815 0 0 -0.000350
4820 0 0 -0.000362
4825 0 0 -0.000355
4830 0 0 -0.000330
4835 0 0 -0.000289
4840 0 0 -0.000244
4845 0 0 -0.000210
4850 0 0 -0.000197
4855 0 0 -0.000195
4860 0 0 -0.000190
4865 0 0 -0.000171
4870 0 0 -0.000149
4875 0 0 -0.000140
4880 0 0 -0.000153
4885 0 0 -0.000176
4890 0 0 -0.000190
4895 0 0 -0.000183
4900 0 0 -0.000164
4905 0 0 -0.000150
4910 0 0 -0.000151
4915 0 0 -0.000158
4920 0 0 -0.000160
4925 0 0 -0.000149
4930 0 0 -0.000139
4935 0 0 -0.000150
4940 0 0 -0.000194
4945 0 0 -0.000251
4950 0 0 -0.000290
4955 0 0 -0.000291
4960 0 0 -0.000265
4965 0 0 -0.000230
4970 0 0 -0.000202
4975 0 0 -0.000185
4980 0 0 -0.000180
4985 0 0 -0.000186
4990 0 0 -0.000194
4995 0 0 -0.000190
5000 0 0 -0.000171
5005 0 0 -0.000163
5010 0 0 -0.000200
5015 0 0 -0.000301
5020 0 0 -0.000425
5025 0 0 -0.000520
5030 0 0 -0.000543
5035 0 0 -0.000503
5040 0 0 -0.000420
5045 0 0 -0.000316
5050 0 0 -0.000215
5055 0 0 -0.000140
5060 0 0 -0.000110
5065 0 0 -0.000117
5070 0 0 -0.000150
5075 0 0 -0.000194
5080 0 0 -0.000230
5085 0 0 -0.000240
5090 0 0 -0.000211
5095 0 0 -0.000168
5100 0 0 -0.000140
5105 0 0 -0.000151
5110 0 0 -0.000186
5115 0 0 -0.000220
5120 0 0 -0.000235
5125 0 0 -0.000233
5130 0 0 -0.000220
5135 0 0 -0.000204
5140 0 0 -0.000192
5145 0 0 -0.000190
5150 0 0 -0.000203
5155 0 0 -0.000218
5160 0 0 -0.000220
5165 0 0 -0.000201
5170 0 0 -0.000176
5175 0 0 -0.000170
5180 0 0 -0.000195
5185 0 0 -0.000227
5190 0 0 -0.000230
5195 0 0 -0.000186
5200 0 0 -0.000139
5205 0 0 -0.000150
5210 0 0 -0.000255
5215 0 0 -0.000388
5220 0 0 -0.000460
5225 0 0 -0.000410
5230 0 0 -0.000295
5235 0 0 -0.000200
5240 0 0 -0.000191
5245 0 0 -0.000257
5250 0 0 -0.000370
5255 0 0 -0.000501
5260 0 0 -0.000625
5265 0 0 -0.000720
5270 0 0 -0.000765
5275 0 0 -0.000753
5280 0 0 -0.000680
5285 0 0 -0.000551
5290 0 0 -0.000405
5295 0 0 -0.000290
5300 0 0 -0.000241
5305 0 0 -0.000244
5310 0 0 -0.000270
5315 0 0 -0.000293
5320 0 0 -0.000290
5325 0 0 -0.000240
5330 0 0 -0.000141
5335 0 0 -0.000071
5340 0 0 -0.000130
5345 0 0 -0.000371
5350 0 0 -0.000660
5355 0 0 -0.000820
5360 0 0 -0.000727
5365 0 0 -0.000487
5370 0 0 -0.000260
5375 0 0 -0.000169
5380 0 0 -0.000185
5385 0 0 -0.000240
5390 0 0 -0.000281
5395 0 0 -0.000312
5400 0 0 -0.000350
5405 0 0 -0.000407
5410 0 0 -0.000465
5415 0 0 -0.000500
5420 0 0 -0.000495
5425 0 0 -0.000469
5430 0 0 -0.000450
5435 0 0 -0.000457
5440 0 0 -0.000483
5445 0 0 -0.000510
5450 0 0 -0.000526
5455 0 0 -0.000529
5460 0 0 -0.000520
5465 0 0 -0.000501
5470 0 0 -0.000479
5475 0 0 -0.000460
5480 0 0 -0.000449
5485 0 0 -0.000439
5490 0 0 -0.000420
5495 0 0 -0.000388
5500 0 0 -0.000358
5505 0 0 -0.000350
5510 0 0 -0.000375
5515 0 0 -0.000412
5520 0 0 -0.000430
5525 0 0 -0.000408
5530 0 0 -0.000357
5535 0 0 -0.000300
5540 0 0 -0.000256
5545 0 0 -0.000241
5550 0 0 -0.000270
5555 0 0 -0.000347
5560 0 0 -0.000434
5565 0 0 -0.000480
5570 0 0 -0.000452
5575 0 0 -0.000385
5580 0 0 -0.000330
5585 0 0 -0.000325
5590 0 0 -0.000352
5595 0 0 -0.000380
5600 0 0 -0.000384
5605 0 0 -0.000369
5610 0 0 -0.000350
5615 0 0 -0.000336
5620 0 0 -0.000328
5625 0 0 -0.000320
5630 0 0 -0.000310
5635 0 0 -0.000300
5640 0 0 -0.000290
5645 0 0 -0.000283
5650 0 0 -0.000282
5655 0 0 -0.000290
5660 0 0 -0.000307
5665 0 0 -0.000319
5670 0 0 -0.000310
5675 0 0 -0.000271
5680 0 0 -0.000220
5685 0 0 -0.000180
5690 0 0 -0.000170
5695 0 0 -0.000182
5700 0 0 -0.000200
5705 0 0 -0.000213
5710 0 0 -0.000217
5715 0 0 -0.000210
5720 0 0 -0.000194
5725 0 0 -0.000179
5730 0 0 -0.000180
5735 0 0 -0.000204
5740 0 0 -0.000232
5745 0 0 -0.000240
5750 0 0 -0.000212
5755 0 0 -0.000169
5760 0 0 -0.000140
5765 0 0 -0.000147
5770 0 0 -0.000174
5775 0 0 -0.000200
5780 0 0 -0.000206
5785 0 0 -0.000196
5790 0 0 -0.000180
5795 0 0 -0.000166
5800 0 0 -0.000151
5805 0 0 -0.000130
5810 0 0 -0.000102
5815 0 0 -0.000080
5820 0 0 -0.000080
5825 0 0 -0.000110
5830 0 0 -0.000150
5835 0 0 -0.000170
5840 0 0 -0.000151
5845 0 0 -0.000114
5850 0 0 -0.000090
5855 0 0 -0.000100
5860 0 0 -0.000131
5865 0 0 -0.000160
5870 0 0 -0.000169
5875 0 0 -0.000163
5880 0 0 -0.000150
5885 0 0 -0.000139
5890 0 0 -0.000134
5895 0 0 -0.000140
5900 0 0 -0.000157
5905 0 0 -0.000174
5910 0 0 -0.000180
5915 0 0 -0.000166
5920 0 0 -0.000144
5925 0 0 -0.000130
5930 0 0 -0.000134
5935 0 0 -0.000144
5940 0 0 -0.000140
5945 0 0 -0.000112
5950 0 0 -0.000079
5955 0 0 -0.000070
5960 0 0 -0.000101
5965 0 0 -0.000146
5970 0 0 -0.000170
5975 0 0 -0.000148
5980 0 0 -0.000106
5985 0 0 -0.000080
5990 0 0 -0.000095
5995 0 0 -0.000129
6000 0 0 -0.000150
6005 0 0 -0.000134
6010 0 0 -0.000103
6015 0 0 -0.000090
6020 0 0 -0.000116
6025 0 0 -0.000159
6030 0 0 -0.000190
6035 0 0 -0.000185
6040 0 0 -0.000161
6045 0 0 -0.000140
6050 0 0 -0.000141
6055 0 0 -0.000156
6060 0 0 -0.000170
6065 0 0 -0.000172
6070 0 0 -0.000164
6075 0 0 -0.000150
6080 0 0 -0.000134
6085 0 0 -0.000120
6090 0 0 -0.000110
6095 0 0 -0.000106
6100 0 0 -0.000107
6105 0 0 -0.000110
6110 0 0 -0.000113
6115 0 0 -0.000117
6120 0 0 -0.000120
6125 0 0 -0.000123
6130 0 0 -0.000124
6135 0 0 -0.000120
6140 0 0 -0.000112
6145 0 0 -0.000103
6150 0 0 -0.000100
6155 0 0 -0.000107
6160 0 0 -0.000119
6165 0 0 -0.000130
6170 0 0 -0.000134
6175 0 0 -0.000133
6180 0 0 -0.000130
6185 0 0 -0.000129
6190 0 0 -0.000142
6195 0 0 -0.000180
6200 0 0 -0.000250
6205 0 0 -0.000332
6210 0 0 -0.000400
6215 0 0 -0.000432
6220 0 0 -0.000427
6225 0 0 -0.000390
6230 0 0 -0.000329
6235 0 0 -0.000270
6240 0 0 -0.000240
6245 0 0 -0.000258
6250 0 0 -0.000302
6255 0 0 -0.000340
6260 0 0 -0.000347
6265 0 0 -0.000329
6270 0 0 -0.000300
6275 0 0 -0.000271
6280 0 0 -0.000241
6285 0 0 -0.000210
6290 0 0 -0.000176
6295 0 0 -0.000146
6300 0 0 -0.000130
6305 0 0 -0.000133
6310 0 0 -0.000147
6315 0 0 -0.000160
6320 0 0 -0.000164
6325 0 0 -0.000161
6330 0 0 -0.000160
6335 0 0 -0.000165
6340 0 0 -0.000181
6345 0 0 -0.000210
6350 0 0 -0.000252
6355 0 0 -0.000295
6360 0 0 -0.000320
6365 0 0 -0.000316
6370 0 0 -0.000289
6375 0 0 -0.000250
6380 0 0 -0.000209
6385 0 0 -0.000174
6390 0 0 -0.000150
6395 0 0 -0.000143
6400 0 0 -0.000148
6405 0 0 -0.000160
6410 0 0 -0.000172
6415 0 0 -0.000175
6420 0 0 -0.000160
6425 0 0 -0.000127
6430 0 0 -0.000106
6435 0 0 -0.000140
6440 0 0 -0.000250
6445 0 0 -0.000391
6450 0 0 -0.000500
6455 0 0 -0.000529
6460 0 0 -0.000490
6465 0 0 -0.000410
6470 0 0 -0.000316
6475 0 0 -0.000232
6480 0 0 -0.000180
6485 0 0 -0.000176
6490 0 0 -0.000196
6495 0 0 -0.000210
6500 0 0 -0.000196
6505 0 0 -0.000174
6510 0 0 -0.000170
6515 0 0 -0.000203
6520 0 0 -0.000249
6525 0 0 -0.000270
6530 0 0 -0.000244
6535 0 0 -0.000194
6540 0 0 -0.000160
6545 0 0 -0.000167
6550 0 0 -0.000196
6555 0 0 -0.000220
6560 0 0 -0.000216
6565 0 0 -0.000194
6570 0 0 -0.000170
6575 0 0 -0.000157
6580 0 0 -0.000157
6585 0 0 -0.000170
6590 0 0 -0.000192
6595 0 0 -0.000211
6600 0 0 -0.000210
6605 0 0 -0.000181
6610 0 0 -0.000147
6615 0 0 -0.000140
6620 0 0 -0.000178
6625 0 0 -0.000232
6630 0 0 -0.000260
6635 0 0 -0.000235
6640 0 0 -0.000184
6645 0 0 -0.000150
6650 0 0 -0.000161
6655 0 0 -0.000196
6660 0 0 -0.000220
6665 0 0 -0.000209
6670 0 0 -0.000188
6675 0 0 -0.000190
6680 0 0 -0.000238
6685 0 0 -0.000305
6690 0 0 -0.000350
6695 0 0 -0.000343
6700 0 0 -0.000296
6705 0 0 -0.000230
6710 0 0 -0.000166
6715 0 0 -0.000121
6720 0 0 -0.000110
6725 0 0 -0.000141
6730 0 0 -0.000192
6735 0 0 -0.000230
6740 0 0 -0.000234
6745 0 0 -0.000217
6750 0 0 -0.000200
6755 0 0 -0.000201
6760 0 0 -0.000217
6765 0 0 -0.000240
6770 0 0 -0.000262
6775 0 0 -0.000271
6780 0 0 -0.000250
6785 0 0 -0.000199
6790 0 0 -0.000165
6795 0 0 -0.000210
6800 0 0 -0.000381
6805 0 0 -0.000679
6810 0 0 -0.001090
6815 0 0 -0.001568
6820 0 0 -0.001933
6825 0 0 -0.001970
6830 0 0 -0.001555
6835 0 0 -0.000925
6840 0 0 -0.000410
6845 0 0 -0.000251
6850 0 0 -0.000339
6855 0 0 -0.000480
6860 0 0 -0.000523
6865 0 0 -0.000500
6870 0 0 -0.000490
6875 0 0 -0.000545
6880 0 0 -0.000622
6885 0 0 -0.000650
6890 0 0 -0.000584
6895 0 0 -0.000471
6900 0 0 -0.000380
6905 0 0 -0.000361
6910 0 0 -0.000387
6915 0 0 -0.000410
6920 0 0 -0.000396
6925 0 0 -0.000362
6930 0 0 -0.000340
6935 0 0 -0.000351
6940 0 0 -0.000387
6945 0 0 -0.000430
6950 0 0 -0.000463
6955 0 0 -0.000474
6960 0 0 -0.000450
6965 0 0 -0.000390
6970 0 0 -0.000334
6975 0 0 -0.000330
6980 0 0 -0.000407
6985 0 0 -0.000510
6990 0 0 -0.000560
6995 0 0 -0.000505
7000 0 0 -0.000389
7005 0 0 -0.000280
7010 0 0 -0.000232
7015 0 0 -0.000236
7020 0 0 -0.000270
7025 0 0 -0.000312
7030 0 0 -0.000346
7035 0 0 -0.000360
7040 0 0 -0.000345
7045 0 0 -0.000320
7050 0 0 -0.000310
7055 0 0 -0.000330
7060 0 0 -0.000365
7065 0 0 -0.000390
7070 0 0 -0.000386
7075 0 0 -0.000364
7080 0 0 -0.000340
7085 0 0 -0.000326
7090 0 0 -0.000321
7095 0 0 -0.000320
7100 0 0 -0.000317
7105 0 0 -0.000306
7110 0 0 -0.000280
7115 0 0 -0.000237
7120 0 0 -0.000191
7125 0 0 -0.000160
7130 0 0 -0.000156
7135 0 0 -0.000169
7140 0 0 -0.000180
7145 0 0 -0.000176
7150 0 0 -0.000158
7155 0 0 -0.000130
7160 0 0 -0.000098
7165 0 0 -0.000078
7170 0 0 -0.000090
7175 0 0 -0.000142
7180 0 0 -0.000205
7185 0 0 -0.000240
7190 0 0 -0.000221
7195 0 0 -0.000175
7200 0 0 -0.000140
7205 0 0 -0.000145
7210 0 0 -0.000177
7215 0 0 -0.000210
7220 0 0 -0.000226
7225 0 0 -0.000224
7230 0 0 -0.000210
7235 0 0 -0.000189
7240 0 0 -0.000165
7245 0 0 -0.000140
7250 0 0 -0.000119
7255 0 0 -0.000107
7260 0 0 -0.000110
7265 0 0 -0.000129
7270 0 0 -0.000149
7275 0 0 -0.000150
7280 0 0 -0.000122
7285 0 0 -0.000086
7290 0 0 -0.000070
7295 0 0 -0.000094
7300 0 0 -0.000135
7305 0 0 -0.000160
7310 0 0 -0.000147
7315 0 0 -0.000117
7320 0 0 -0.000100
7325 0 0 -0.000118
7330 0 0 -0.000153
7335 0 0 -0.000180
7340 0 0 -0.000179
7345 0 0 -0.000160
7350 0 0 -0.000140
7355 0 0 -0.000132
7360 0 0 -0.000137
7365 0 0 -0.000150
7370 0 0 -0.000167
7375 0 0 -0.000177
7380 0 0 -0.000170
7385 0 0 -0.000139
7390 0 0 -0.000104
7395 0 0 -0.000090
7400 0 0 -0.000111
7405 0 0 -0.000146
7410 0 0 -0.000160
7415 0 0 -0.000134
7420 0 0 -0.000092
7425 0 0 -0.000070
7430 0 0 -0.000093
7435 0 0 -0.000136
7440 0 0 -0.000160
7445 0 0 -0.000141
7450 0 0 -0.000102
7455 0 0 -0.000080
7460 0 0 -0.000099
7465 0 0 -0.000140
7470 0 0 -0.000170
7475 0 0 -0.000167
7480 0 0 -0.000146
7485 0 0 -0.000130
7490 0 0 -0.000137
7495 0 0 -0.000156
7500 0 0 -0.000170
7505 0 0 -0.000167
7510 0 0 -0.000153
7515 0 0 -0.000140
7520 0 0 -0.000137
7525 0 0 -0.000140
7530 0 0 -0.000140
7535 0 0 -0.000132
7540 0 0 -0.000119
7545 0 0 -0.000110
7550 0 0 -0.000109
7555 0 0 -0.000113
7560 0 0 -0.000120
7565 0 0 -0.000125
7570 0 0 -0.000126
7575 0 0 -0.000120
7580 0 0 -0.000106
7585 0 0 -0.000092
7590 0 0 -0.000090
7595 0 0 -0.000106
7600 0 0 -0.000128
7605 0 0 -0.000140
7610 0 0 -0.000131
7615 0 0 -0.000111
7620 0 0 -0.000100
7625 0 0 -0.000110
7630 0 0 -0.000144
7635 0 0 -0.000200
7640 0 0 -0.000273
7645 0 0 -0.000344
7650 0 0 -0.000390
7655 0 0 -0.000395
7660 0 0 -0.000372
7665 0 0 -0.000340
7670 0 0 -0.000316
7675 0 0 -0.000303
7680 0 0 -0.000300
7685 0 0 -0.000306
7690 0 0 -0.000315
7695 0 0 -0.000320
7700 0 0 -0.000315
7705 0 0 -0.000301
7710 0 0 -0.000280
7715 0 0 -0.000256
7720 0 0 -0.000234
7725 0 0 -0.000220
7730 0 0 -0.000217
7735 0 0 -0.000224
7740 0 0 -0.000240
7745 0 0 -0.000262
7750 0 0 -0.000288
7755 0 0 -0.000320
7760 0 0 -0.000354
7765 0 0 -0.000384
7770 0 0 -0.000400
7775 0 0 -0.000396
7780 0 0 -0.000376
7785 0 0 -0.000350
7790 0 0 -0.000324
7795 0 0 -0.000303
7800 0 0 -0.000290
7805 0 0 -0.000288
7810 0 0 -0.000293
7815 0 0 -0.000300
7820 0 0 -0.000303
7825 0 0 -0.000298
7830 0 0 -0.000280
7835 0 0 -0.000250
7840 0 0 -0.000224
7845 0 0 -0.000220
7850 0 0 -0.000250
7855 0 0 -0.000291
7860 0 0 -0.000310
7865 0 0 -0.000286
7870 0 0 -0.000245
7875 0 0 -0.000220
7880 0 0 -0.000236
7885 0 0 -0.000268
7890 0 0 -0.000280
7895 0 0 -0.000248
7900 0 0 -0.000204
7905 0 0 -0.000190
7910 0 0 -0.000239
7915 0 0 -0.000335
7920 0 0 -0.000450
7925 0 0 -0.000554
7930 0 0 -0.000610
7935 0 0 -0.000580
7940 0 0 -0.000445
7945 0 0 -0.000270
7950 0 0 -0.000140
7955 0 0 -0.000115
7960 0 0 -0.000159
7965 0 0 -0.000210
7970 0 0 -0.000220
7975 0 0 -0.000196
7980 0 0 -0.000160
7985 0 0 -0.000129
7990 0 0 -0.000113
7995 0 0 -0.000120
8000 0 0 -0.000151
8005 0 0 -0.000186
8010 0 0 -0.000200
8015 0 0 -0.000177
8020 0 0 -0.000137
8025 0 0 -0.000110
8030 0 0 -0.000116
8035 0 0 -0.000143
8040 0 0 -0.000170
8045 0 0 -0.000182
8050 0 0 -0.000188
8055 0 0 -0.000200
8060 0 0 -0.000228
8065 0 0 -0.000260
8070 0 0 -0.000280
8075 0 0 -0.000277
8080 0 0 -0.000254
8085 0 0 -0.000220
8090 0 0 -0.000185
8095 0 0 -0.000166
8100 0 0 -0.000180
8105 0 0 -0.000236
8110 0 0 -0.000300
8115 0 0 -0.000330
8120 0 0 -0.000297
8125 0 0 -0.000234
8130 0 0 -0.000190
8135 0 0 -0.000198
8140 0 0 -0.000231
8145 0 0 -0.000250
8150 0 0 -0.000226
8155 0 0 -0.000184
8160 0 0 -0.000160
8165 0 0 -0.000178
8170 0 0 -0.000217
8175 0 0 -0.000240
8180 0 0 -0.000229
8185 0 0 -0.000224
8190 0 0 -0.000280
8195 0 0 -0.000427
8200 0 0 -0.000588
8205 0 0 -0.000660
8210 0 0 -0.000574
8215 0 0 -0.000401
8220 0 0 -0.000250
8225 0 0 -0.000199
8230 0 0 -0.000219
8235 0 0 -0.000250
8240 0 0 -0.000253
8245 0 0 -0.000260
8250 0 0 -0.000320
8255 0 0 -0.000460
8260 0 0 -0.000621
8265 0 0 -0.000720
8270 0 0 -0.000702
8275 0 0 -0.000619
8280 0 0 -0.000550
8285 0 0 -0.000552
8290 0 0 -0.000588
8295 0 0 -0.000600
8300 0 0 -0.000545
8305 0 0 -0.000453
8310 0 0 -0.000370
8315 0 0 -0.000331
8320 0 0 -0.000320
8325 0 0 -0.000310
8330 0 0 -0.000288
8335 0 0 -0.000296
8340 0 0 -0.000390
8345 0 0 -0.000595
8350 0 0 -0.000815
8355 0 0 -0.000920
8360 0 0 -0.000826
8365 0 0 -0.000617
8370 0 0 -0.000420
8375 0 0 -0.000333
8380 0 0 -0.000338
8385 0 0 -0.000390
8390 0 0 -0.000445
8395 0 0 -0.000479
8400 0 0 -0.000470
8405 0 0 -0.000409
8410 0 0 -0.000332
8415 0 0 -0.000290
8420 0 0 -0.000314
8425 0 0 -0.000371
8430 0 0 -0.000410
8435 0 0 -0.000396
8440 0 0 -0.000345
8445 0 0 -0.000290
8450 0 0 -0.000255
8455 0 0 -0.000243
8460 0 0 -0.000250
8465 0 0 -0.000272
8470 0 0 -0.000297
8475 0 0 -0.000310
8480 0 0 -0.000302
8485 0 0 -0.000284
8490 0 0 -0.000270
8495 0 0 -0.000272
8500 0 0 -0.000286
8505 0 0 -0.000300
8510 0 0 -0.000307
8515 0 0 -0.000304
8520 0 0 -0.000290
8525 0 0 -0.000265
8530 0 0 -0.000243
8535 0 0 -0.000240
8540 0 0 -0.000264
8545 0 0 -0.000291
8550 0 0 -0.000290
8555 0 0 -0.000239
8560 0 0 -0.000167
8565 0 0 -0.000110
8570 0 0 -0.000098
8575 0 0 -0.000119
8580 0 0 -0.000150
8585 0 0 -0.000172
8590 0 0 -0.000176
8595 0 0 -0.000160
8600 0 0 -0.000123
8605 0 0 -0.000088
8610 0 0 -0.000080
8615 0 0 -0.000116
8620 0 0 -0.000169
8625 0 0 -0.000200
8630 0 0 -0.000183
8635 0 0 -0.000144
8640 0 0 -0.000120
8645 0 0 -0.000138
8650 0 0 -0.000180
8655 0 0 -0.000220
8660 0 0 -0.000235
8665 0 0 -0.000231
8670 0 0 -0.000220
8675 0 0 -0.000210
8680 0 0 -0.000196
8685 0 0 -0.000170
8690 0 0 -0.000129
8695 0 0 -0.000091
8700 0 0 -0.000080
8705 0 0 -0.000111
8710 0 0 -0.000156
8715 0 0 -0.000180
8720 0 0 -0.000157
8725 0 0 -0.000112
8730 0 0 -0.000080
8735 0 0 -0.000086
8740 0 0 -0.000115
8745 0 0 -0.000140
8750 0 0 -0.000143
8755 0 0 -0.000128
8760 0 0 -0.000110
8765 0 0 -0.000098
8770 0 0 -0.000100
8775 0 0 -0.000120
8780 0 0 -0.000159
8785 0 0 -0.000197
8790 0 0 -0.000210
8795 0 0 -0.000183
8800 0 0 -0.000141
8805 0 0 -0.000120
8810 0 0 -0.000142
8815 0 0 -0.000181
8820 0 0 -0.000200
8825 0 0 -0.000174
8830 0 0 -0.000126
8835 0 0 -0.000090
8840 0 0 -0.000092
8845 0 0 -0.000118
8850 0 0 -0.000140
8855 0 0 -0.000141
8860 0 0 -0.000127
8865 0 0 -0.000110
8870 0 0 -0.000101
8875 0 0 -0.000102
8880 0 0 -0.000110
8885 0 0 -0.000123
8890 0 0 -0.000133
8895 0 0 -0.000130
8900 0 0 -0.000110
8905 0 0 -0.000089
8910 0 0 -0.000090
8915 0 0 -0.000126
8920 0 0 -0.000173
8925 0 0 -0.000200
8930 0 0 -0.000185
8935 0 0 -0.000151
8940 0 0 -0.000130
8945 0 0 -0.000144
8950 0 0 -0.000174
8955 0 0 -0.000190
8960 0 0 -0.000171
8965 0 0 -0.000135
8970 0 0 -0.000110
8975 0 0 -0.000115
8980 0 0 -0.000137
8985 0 0 -0.000150
8990 0 0 -0.000140
8995 0 0 -0.000117
9000 0 0 -0.000100
9005 0 0 -0.000102
9010 0 0 -0.000114
9015 0 0 -0.000120
9020 0 0 -0.000110
9025 0 0 -0.000095
9030 0 0 -0.000090
9035 0 0 -0.000105
9040 0 0 -0.000127
9045 0 0 -0.000140
9050 0 0 -0.000132
9055 0 0 -0.000116
9060 0 0 -0.000110
9065 0 0 -0.000126
9070 0 0 -0.000152
9075 0 0 -0.000170
9080 0 0 -0.000171
9085 0 0 -0.000182
9090 0 0 -0.000240
9095 0 0 -0.000363
9100 0 0 -0.000493
9105 0 0 -0.000550
9110 0 0 -0.000485
9115 0 0 -0.000356
9120 0 0 -0.000250
9125 0 0 -0.000231
9130 0 0 -0.000271
9135 0 0 -0.000320
9140 0 0 -0.000337
9145 0 0 -0.000326
9150 0 0 -0.000300
9155 0 0 -0.000271
9160 0 0 -0.000243
9165 0 0 -0.000220
9170 0 0 -0.000204
9175 0 0 -0.000194
9180 0 0 -0.000190
9185 0 0 -0.000191
9190 0 0 -0.000198
9195 0 0 -0.000210
9200 0 0 -0.000227
9205 0 0 -0.000245
9210 0 0 -0.000260
9215 0 0 -0.000267
9220 0 0 -0.000262
9225 0 0 -0.000240
9230 0 0 -0.000202
9235 0 0 -0.000162
9240 0 0 -0.000140
9245 0 0 -0.000148
9250 0 0 -0.000169
9255 0 0 -0.000180
9260 0 0 -0.000164
9265 0 0 -0.000134
9270 0 0 -0.000110
9275 0 0 -0.000105
9280 0 0 -0.000113
9285 0 0 -0.000120
9290 0 0 -0.000118
9295 0 0 -0.000109
9300 0 0 -0.000100
9305 0 0 -0.000096
9310 0 0 -0.000099
9315 0 0 -0.000110
9320 0 0 -0.000128
9325 0 0 -0.000140
9330 0 0 -0.000130
9335 0 0 -0.000093
9340 0 0 -0.000067
9345 0 0 -0.000100
9350 0 0 -0.000221
9355 0 0 -0.000376
9360 0 0 -0.000490
9365 0 0 -0.000507
9370 0 0 -0.000450
9375 0 0 -0.000360
9380 0 0 -0.000273
9385 0 0 -0.000208
9390 0 0 -0.000180
9395 0 0 -0.000194
9400 0 0 -0.000223
9405 0 0 -0.000230
9410 0 0 -0.000193
9415 0 0 -0.000137
9420 0 0 -0.000100
9425 0 0 -0.000110
9430 0 0 -0.000147
9435 0 0 -0.000180
9440 0 0 -0.000187
9445 0 0 -0.000172
9450 0 0 -0.000150
9455 0 0 -0.000132
9460 0 0 -0.000124
9465 0 0 -0.000130
9470 0 0 -0.000151
9475 0 0 -0.000170
9480 0 0 -0.000170
9485 0 0 -0.000140
9490 0 0 -0.000110
9495 0 0 -0.000120
9500 0 0 -0.000194
9505 0 0 -0.000290
9510 0 0 -0.000350
9515 0 0 -0.000334
9520 0 0 -0.000271
9525 0 0 -0.000210
9530 0 0 -0.000186
9535 0 0 -0.000189
9540 0 0 -0.000200
9545 0 0 -0.000201
9550 0 0 -0.000190
9555 0 0 -0.000170
9560 0 0 -0.000146
9565 0 0 -0.000133
9570 0 0 -0.000150
9575 0 0 -0.000207
9580 0 0 -0.000273
9585 0 0 -0.000310
9590 0 0 -0.000292
9595 0 0 -0.000250
9600 0 0 -0.000230
9605 0 0 -0.000263
9610 0 0 -0.000318
9615 0 0 -0.000350
9620 0 0 -0.000327
9625 0 0 -0.000279
9630 0 0 -0.000250
9635 0 0 -0.000270
9640 0 0 -0.000315
9645 0 0 -0.000350
9650 0 0 -0.000347
9655 0 0 -0.000322
9660 0 0 -0.000300
9665 0 0 -0.000300
9670 0 0 -0.000317
9675 0 0 -0.000340
9680 0 0 -0.000359
9685 0 0 -0.000373
9690 0 0 -0.000380
9695 0 0 -0.000385
9700 0 0 -0.000412
9705 0 0 -0.000490
9710 0 0 -0.000628
9715 0 0 -0.000755
9720 0 0 -0.000780
9725 0 0 -0.000646
9730 0 0 -0.000436
9735 0 0 -0.000270
9740 0 0 -0.000233
9745 0 0 -0.000281
9750 0 0 -0.000340
9755 0 0 -0.000351
9760 0 0 -0.000324
9765 0 0 -0.000290
9770 0 0 -0.000270
9775 0 0 -0.000266
9780 0 0 -0.000270
9785 0 0 -0.000280
9790 0 0 -0.000301
9795 0 0 -0.000340
9800 0 0 -0.000399
9805 0 0 -0.000465
9810 0 0 -0.000520
9815 0 0 -0.000549
9820 0 0 -0.000546
9825 0 0 -0.000510
9830 0 0 -0.000444
9835 0 0 -0.000371
9840 0 0 -0.000320
9845 0 0 -0.000312
9850 0 0 -0.000330
9855 0 0 -0.000350
9860 0 0 -0.000351
9865 0 0 -0.000338
9870 0 0 -0.000320
9875 0 0 -0.000306
9880 0 0 -0.000301
9885 0 0 -0.000310
9890 0 0 -0.000334
9895 0 0 -0.000358
9900 0 0 -0.000360
9905 0 0 -0.000330
9910 0 0 -0.000293
9915 0 0 -0.000280
9920 0 0 -0.000313
9925 0 0 -0.000369
9930 0 0 -0.000410
9935 0 0 -0.000412
9940 0 0 -0.000387
9945 0 0 -0.000360
9950 0 0 -0.000349
9955 0 0 -0.000351
9960 0 0 -0.000360
9965 0 0 -0.000369
9970 0 0 -0.000370
9975 0 0 -0.000360
9980 0 0 -0.000334
9985 0 0 -0.000303
9990 0 0 -0.000280
9995 0 0 -0.000275
10000 0 0 -0.000289
10005 0 0 -0.000320
10010 0 0 -0.000362
10015 0 0 -0.000394
10020 0 0 -0.000390
10025 0 0 -0.000336
10030 0 0 -0.000257
10035 0 0 -0.000190
10040 0 0 -0.000162
10045 0 0 -0.000167
10050 0 0 -0.000190
10055 0 0 -0.000217
10060 0 0 -0.000241
10065 0 0 -0.000260
10070 0 0 -0.000269
10075 0 0 -0.000263
