0 0 0 -0.000748
5 0 0 -0.000921
10 0 0 -0.000899
15 0 0 -0.000748
20 0 0 -0.000533
25 0 0 -0.000320
30 0 0 -0.000174
35 0 0 -0.000139
40 0 0 -0.000178
45 0 0 -0.000230
50 0 0 -0.000250
55 0 0 -0.000243
60 0 0 -0.000230
65 0 0 -0.000225
70 0 0 -0.000227
75 0 0 -0.000230
80 0 0 -0.000229
85 0 0 -0.000228
90 0 0 -0.000232
95 0 0 -0.000244
100 0 0 -0.000249
105 0 0 -0.000230
110 0 0 -0.000180
115 0 0 -0.000128
120 0 0 -0.000114
125 0 0 -0.000163
130 0 0 -0.000238
135 0 0 -0.000288
140 0 0 -0.000276
145 0 0 -0.000225
150 0 0 -0.000174
155 0 0 -0.000152
160 0 0 -0.000155
165 0 0 -0.000172
170 0 0 -0.000192
175 0 0 -0.000211
180 0 0 -0.000230
185 0 0 -0.000246
190 0 0 -0.000249
195 0 0 -0.000230
200 0 0 -0.000185
205 0 0 -0.000136
210 0 0 -0.000116
215 0 0 -0.000143
220 0 0 -0.000193
225 0 0 -0.000232
230 0 0 -0.000234
235 0 0 -0.000207
240 0 0 -0.000172
245 0 0 -0.000143
250 0 0 -0.000123
255 0 0 -0.000114
260 0 0 -0.000117
265 0 0 -0.000134
270 0 0 -0.000172
275 0 0 -0.000228
280 0 0 -0.000277
285 0 0 -0.000288
290 0 0 -0.000243
295 0 0 -0.000172
300 0 0 -0.000116
305 0 0 -0.000107
310 0 0 -0.000132
315 0 0 -0.000172
320 0 0 -0.000206
325 0 0 -0.000228
330 0 0 -0.000232
335 0 0 -0.000217
340 0 0 -0.000192
345 0 0 -0.000172
350 0 0 -0.000165
355 0 0 -0.000168
360 0 0 -0.000172
365 0 0 -0.000172
370 0 0 -0.000172
375 0 0 -0.000174
380 0 0 -0.000181
385 0 0 -0.000185
390 0 0 -0.000174
395 0 0 -0.000143
400 0 0 -0.000114
405 0 0 -0.000116
410 0 0 -0.000166
415 0 0 -0.000237
420 0 0 -0.000288
425 0 0 -0.000292
430 0 0 -0.000265
435 0 0 -0.000232
440 0 0 -0.000222
445 0 0 -0.000267
450 0 0 -0.000404
455 0 0 -0.000637
460 0 0 -0.000856
465 0 0 -0.000922
470 0 0 -0.000746
475 0 0 -0.000441
480 0 0 -0.000174
485 0 0 -0.000069
490 0 0 -0.000093
495 0 0 -0.000172
500 0 0 -0.000245
505 0 0 -0.000302
510 0 0 -0.000346
515 0 0 -0.000377
520 0 0 -0.000383
525 0 0 -0.000346
530 0 0 -0.000262
535 0 0 -0.000169
540 0 0 -0.000116
545 0 0 -0.000137
550 0 0 -0.000208
555 0 0 -0.000288
560 0 0 -0.000341
565 0 0 -0.000346
570 0 0 -0.000288
575 0 0 -0.000174
580 0 0 -0.000110
585 0 0 -0.000230
590 0 0 -0.000606
595 0 0 -0.001082
600 0 0 -0.001440
605 0 0 -0.001523
610 0 0 -0.001404
615 0 0 -0.001210
620 0 0 -0.001045
625 0 0 -0.000902
630 0 0 -0.000750
635 0 0 -0.000570
640 0 0 -0.000399
645 0 0 -0.000288
650 0 0 -0.000271
655 0 0 -0.000309
660 0 0 -0.000344
665 0 0 -0.000334
670 0 0 -0.000288
675 0 0 -0.000230
680 0 0 -0.000182
685 0 0 -0.000158
690 0 0 -0.000174
695 0 0 -0.000236
700 0 0 -0.000322
705 0 0 -0.000404
710 0 0 -0.000459
715 0 0 -0.000479
720 0 0 -0.000462
725 0 0 -0.000410
730 0 0 -0.000344
735 0 0 -0.000288
740 0 0 -0.000262
745 0 0 -0.000265
750 0 0 -0.000288
755 0 0 -0.000328
760 0 0 -0.000399
765 0 0 -0.000518
770 0 0 -0.000685
775 0 0 -0.000829
780 0 0 -0.000864
785 0 0 -0.000735
790 0 0 -0.000524
795 0 0 -0.000346
800 0 0 -0.000286
805 0 0 -0.000308
810 0 0 -0.000346
815 0 0 -0.000349
820 0 0 -0.000323
825 0 0 -0.000288
830 0 0 -0.000260
835 0 0 -0.000241
840 0 0 -0.000230
845 0 0 -0.000226
850 0 0 -0.000226
855 0 0 -0.000230
860 0 0 -0.000235
865 0 0 -0.000236
870 0 0 -0.000232
875 0 0 -0.000221
880 0 0 -0.000215
885 0 0 -0.000230
890 0 0 -0.000274
895 0 0 -0.000323
900 0 0 -0.000344
905 0 0 -0.000317
910 0 0 -0.000266
915 0 0 -0.000230
920 0 0 -0.000234
925 0 0 -0.000262
930 0 0 -0.000288
935 0 0 -0.000293
940 0 0 -0.000288
945 0 0 -0.000288
950 0 0 -0.000304
955 0 0 -0.000313
960 0 0 -0.000288
965 0 0 -0.000214
970 0 0 -0.000137
975 0 0 -0.000116
980 0 0 -0.000188
985 0 0 -0.000293
990 0 0 -0.000346
995 0 0 -0.000301
1000 0 0 -0.000270
1005 0 0 -0.000402
1010 0 0 -0.000790
1015 0 0 -0.001297
1020 0 0 -0.001728
1025 0 0 -0.001926
1030 0 0 -0.001893
1035 0 0 -0.001670
1040 0 0 -0.001315
1045 0 0 -0.000958
1050 0 0 -0.000748
1055 0 0 -0.000788
1060 0 0 -0.001002
1065 0 0 -0.001266
1070 0 0 -0.001483
1075 0 0 -0.001649
1080 0 0 -0.001786
1085 0 0 -0.001903
1090 0 0 -0.001958
1095 0 0 -0.001900
1100 0 0 -0.001699
1105 0 0 -0.001420
1110 0 0 -0.001152
1115 0 0 -0.000966
1120 0 0 -0.000859
1125 0 0 -0.000806
1130 0 0 -0.000790
1135 0 0 -0.000808
1140 0 0 -0.000864
1145 0 0 -0.000950
1150 0 0 -0.001024
1155 0 0 -0.001036
1160 0 0 -0.000952
1165 0 0 -0.000816
1170 0 0 -0.000690
1175 0 0 -0.000622
1180 0 0 -0.000608
1185 0 0 -0.000632
1190 0 0 -0.000677
1195 0 0 -0.000722
1200 0 0 -0.000748
1205 0 0 -0.000741
1210 0 0 -0.000715
1215 0 0 -0.000692
1220 0 0 -0.000686
1225 0 0 -0.000690
1230 0 0 -0.000692
1235 0 0 -0.000683
1240 0 0 -0.000677
1245 0 0 -0.000692
1250 0 0 -0.000739
1255 0 0 -0.000803
1260 0 0 -0.000864
1265 0 0 -0.000904
1270 0 0 -0.000923
1275 0 0 -0.000922
1280 0 0 -0.000906
1285 0 0 -0.000883
1290 0 0 -0.000864
1295 0 0 -0.000856
1300 0 0 -0.000858
1305 0 0 -0.000864
1310 0 0 -0.000870
1315 0 0 -0.000872
1320 0 0 -0.000864
1325 0 0 -0.000844
1330 0 0 -0.000821
1335 0 0 -0.000806
1340 0 0 -0.000803
1345 0 0 -0.000793
1350 0 0 -0.000750
1355 0 0 -0.000658
1360 0 0 -0.000548
1365 0 0 -0.000462
1370 0 0 -0.000428
1375 0 0 -0.000421
1380 0 0 -0.000404
1385 0 0 -0.000351
1390 0 0 -0.000283
1395 0 0 -0.000230
1400 0 0 -0.000215
1405 0 0 -0.000223
1410 0 0 -0.000230
1415 0 0 -0.000219
1420 0 0 -0.000196
1425 0 0 -0.000172
1430 0 0 -0.000158
1435 0 0 -0.000158
1440 0 0 -0.000174
1445 0 0 -0.000204
1450 0 0 -0.000230
1455 0 0 -0.000230
1460 0 0 -0.000192
1465 0 0 -0.000142
1470 0 0 -0.000116
1475 0 0 -0.000138
1480 0 0 -0.000187
1485 0 0 -0.000230
1490 0 0 -0.000242
1495 0 0 -0.000222
1500 0 0 -0.000174
1505 0 0 -0.000109
1510 0 0 -0.000058
1515 0 0 -0.000058
1520 0 0 -0.000129
1525 0 0 -0.000226
1530 0 0 -0.000288
1535 0 0 -0.000274
1540 0 0 -0.000218
1545 0 0 -0.000174
1550 0 0 -0.000181
1555 0 0 -0.000213
1560 0 0 -0.000230
1565 0 0 -0.000203
1570 0 0 -0.000154
1575 0 0 -0.000114
1580 0 0 -0.000109
1585 0 0 -0.000133
1590 0 0 -0.000172
1595 0 0 -0.000211
1600 0 0 -0.000236
1605 0 0 -0.000230
1610 0 0 -0.000187
1615 0 0 -0.000135
1620 0 0 -0.000114
1625 0 0 -0.000147
1630 0 0 -0.000202
1635 0 0 -0.000232
1640 0 0 -0.000204
1645 0 0 -0.000150
1650 0 0 -0.000114
1655 0 0 -0.000130
1660 0 0 -0.000179
1665 0 0 -0.000230
1670 0 0 -0.000256
1675 0 0 -0.000255
1680 0 0 -0.000230
1685 0 0 -0.000187
1690 0 0 -0.000143
1695 0 0 -0.000116
1700 0 0 -0.000120
1705 0 0 -0.000145
1710 0 0 -0.000172
1715 0 0 -0.000188
1720 0 0 -0.000189
1725 0 0 -0.000172
1730 0 0 -0.000140
1735 0 0 -0.000113
1740 0 0 -0.000114
1745 0 0 -0.000156
1750 0 0 -0.000209
1755 0 0 -0.000230
1760 0 0 -0.000193
1765 0 0 -0.000137
1770 0 0 -0.000116
1775 0 0 -0.000164
1780 0 0 -0.000241
1785 0 0 -0.000288
1790 0 0 -0.000262
1795 0 0 -0.000190
1800 0 0 -0.000116
1805 0 0 -0.000077
1810 0 0 -0.000078
1815 0 0 -0.000116
1820 0 0 -0.000184
1825 0 0 -0.000253
1830 0 0 -0.000288
1835 0 0 -0.000265
1840 0 0 -0.000200
1845 0 0 -0.000116
1850 0 0 -0.000046
1855 0 0 -0.000044
1860 0 0 -0.000172
1865 0 0 -0.000460
1870 0 0 -0.000811
1875 0 0 -0.001094
1880 0 0 -0.001209
1885 0 0 -0.001175
1890 0 0 -0.001038
1895 0 0 -0.000847
1900 0 0 -0.000655
1905 0 0 -0.000518
1910 0 0 -0.000471
1915 0 0 -0.000472
1920 0 0 -0.000462
1925 0 0 -0.000400
1930 0 0 -0.000323
1935 0 0 -0.000288
1940 0 0 -0.000331
1945 0 0 -0.000409
1950 0 0 -0.000460
1955 0 0 -0.000441
1960 0 0 -0.000384
1965 0 0 -0.000344
1970 0 0 -0.000358
1975 0 0 -0.000407
1980 0 0 -0.000460
1985 0 0 -0.000486
1990 0 0 -0.000472
1995 0 0 -0.000404
2000 0 0 -0.000285
2005 0 0 -0.000166
2010 0 0 -0.000114
2015 0 0 -0.000169
2020 0 0 -0.000274
2025 0 0 -0.000346
2030 0 0 -0.000327
2035 0 0 -0.000251
2040 0 0 -0.000174
2045 0 0 -0.000142
2050 0 0 -0.000147
2055 0 0 -0.000172
2060 0 0 -0.000199
2065 0 0 -0.000221
2070 0 0 -0.000230
2075 0 0 -0.000225
2080 0 0 -0.000219
2085 0 0 -0.000230
2090 0 0 -0.000267
2095 0 0 -0.000314
2100 0 0 -0.000346
2105 0 0 -0.000345
2110 0 0 -0.000321
2115 0 0 -0.000288
2120 0 0 -0.000262
2125 0 0 -0.000257
2130 0 0 -0.000288
2135 0 0 -0.000358
2140 0 0 -0.000432
2145 0 0 -0.000462
2150 0 0 -0.000419
2155 0 0 -0.000342
2160 0 0 -0.000288
2165 0 0 -0.000296
2170 0 0 -0.000333
2175 0 0 -0.000346
2180 0 0 -0.000301
2185 0 0 -0.000228
2190 0 0 -0.000172
2195 0 0 -0.000167
2200 0 0 -0.000196
2205 0 0 -0.000230
2210 0 0 -0.000246
2215 0 0 -0.000244
2220 0 0 -0.000232
2225 0 0 -0.000215
2230 0 0 -0.000195
2235 0 0 -0.000172
2240 0 0 -0.000146
2245 0 0 -0.000125
2250 0 0 -0.000116
2255 0 0 -0.000125
2260 0 0 -0.000146
2265 0 0 -0.000172
2270 0 0 -0.000197
2275 0 0 -0.000217
2280 0 0 -0.000230
2285 0 0 -0.000235
2290 0 0 -0.000233
2295 0 0 -0.000230
2300 0 0 -0.000228
2305 0 0 -0.000227
2310 0 0 -0.000230
2315 0 0 -0.000235
2320 0 0 -0.000237
2325 0 0 -0.000230
2330 0 0 -0.000210
2335 0 0 -0.000186
2340 0 0 -0.000172
2345 0 0 -0.000179
2350 0 0 -0.000215
2355 0 0 -0.000288
2360 0 0 -0.000399
2365 0 0 -0.000524
2370 0 0 -0.000634
2375 0 0 -0.000712
2380 0 0 -0.000792
2385 0 0 -0.000920
2390 0 0 -0.001113
2395 0 0 -0.001271
2400 0 0 -0.001266
2405 0 0 -0.001023
2410 0 0 -0.000687
2415 0 0 -0.000460
2420 0 0 -0.000479
2425 0 0 -0.000633
2430 0 0 -0.000750
2435 0 0 -0.000701
2440 0 0 -0.000535
2445 0 0 -0.000346
2450 0 0 -0.000212
2455 0 0 -0.000153
2460 0 0 -0.000174
2465 0 0 -0.000267
2470 0 0 -0.000383
2475 0 0 -0.000460
2480 0 0 -0.000459
2485 0 0 -0.000433
2490 0 0 -0.000460
2495 0 0 -0.000587
2500 0 0 -0.000752
2505 0 0 -0.000864
2510 0 0 -0.000861
2515 0 0 -0.000795
2520 0 0 -0.000750
2525 0 0 -0.000781
2530 0 0 -0.000843
2535 0 0 -0.000864
2540 0 0 -0.000799
2545 0 0 -0.000696
2550 0 0 -0.000632
2555 0 0 -0.000659
2560 0 0 -0.000752
2565 0 0 -0.000864
2570 0 0 -0.000955
2575 0 0 -0.001014
2580 0 0 -0.001036
2585 0 0 -0.001020
2590 0 0 -0.000977
2595 0 0 -0.000922
2600 0 0 -0.000866
2605 0 0 -0.000809
2610 0 0 -0.000748
2615 0 0 -0.000683
2620 0 0 -0.000622
2625 0 0 -0.000576
2630 0 0 -0.000551
2635 0 0 -0.000537
2640 0 0 -0.000518
2645 0 0 -0.000485
2650 0 0 -0.000458
2655 0 0 -0.000460
2660 0 0 -0.000507
2665 0 0 -0.000576
2670 0 0 -0.000634
2675 0 0 -0.000655
2680 0 0 -0.000650
2685 0 0 -0.000634
2690 0 0 -0.000626
2695 0 0 -0.000640
2700 0 0 -0.000690
2705 0 0 -0.000787
2710 0 0 -0.000925
2715 0 0 -0.001094
2720 0 0 -0.001274
2725 0 0 -0.001411
2730 0 0 -0.001440
2735 0 0 -0.001326
2740 0 0 -0.001139
2745 0 0 -0.000980
2750 0 0 -0.000921
2755 0 0 -0.000938
2760 0 0 -0.000978
2765 0 0 -0.000999
2770 0 0 -0.000983
2775 0 0 -0.000922
2780 0 0 -0.000811
2785 0 0 -0.000669
2790 0 0 -0.000520
2795 0 0 -0.000386
2800 0 0 -0.000284
2805 0 0 -0.000230
2810 0 0 -0.000232
2815 0 0 -0.000264
2820 0 0 -0.000288
2825 0 0 -0.000279
2830 0 0 -0.000252
2835 0 0 -0.000230
2840 0 0 -0.000230
2845 0 0 -0.000237
2850 0 0 -0.000230
2855 0 0 -0.000195
2860 0 0 -0.000149
2865 0 0 -0.000116
2870 0 0 -0.000115
2875 0 0 -0.000139
2880 0 0 -0.000174
2885 0 0 -0.000208
2890 0 0 -0.000230
2895 0 0 -0.000230
2900 0 0 -0.000205
2905 0 0 -0.000177
2910 0 0 -0.000172
2915 0 0 -0.000208
2920 0 0 -0.000259
2925 0 0 -0.000288
2930 0 0 -0.000269
2935 0 0 -0.000221
2940 0 0 -0.000172
2945 0 0 -0.000146
2950 0 0 -0.000146
2955 0 0 -0.000172
2960 0 0 -0.000218
2965 0 0 -0.000265
2970 0 0 -0.000288
2975 0 0 -0.000270
2980 0 0 -0.000225
2985 0 0 -0.000172
2990 0 0 -0.000129
2995 0 0 -0.000107
3000 0 0 -0.000114
3005 0 0 -0.000153
3010 0 0 -0.000201
3015 0 0 -0.000230
3020 0 0 -0.000221
3025 0 0 -0.000192
3030 0 0 -0.000172
3035 0 0 -0.000181
3040 0 0 -0.000207
3045 0 0 -0.000230
3050 0 0 -0.000237
3055 0 0 -0.000233
3060 0 0 -0.000230
3065 0 0 -0.000235
3070 0 0 -0.000239
3075 0 0 -0.000230
3080 0 0 -0.000199
3085 0 0 -0.000155
3090 0 0 -0.000114
3095 0 0 -0.000088
3100 0 0 -0.000086
3105 0 0 -0.000114
3110 0 0 -0.000173
3115 0 0 -0.000240
3120 0 0 -0.000288
3125 0 0 -0.000295
3130 0 0 -0.000270
3135 0 0 -0.000230
3140 0 0 -0.000191
3145 0 0 -0.000167
3150 0 0 -0.000174
3155 0 0 -0.000217
3160 0 0 -0.000268
3165 0 0 -0.000288
3170 0 0 -0.000251
3175 0 0 -0.000181
3180 0 0 -0.000114
3185 0 0 -0.000079
3190 0 0 -0.000080
3195 0 0 -0.000114
3200 0 0 -0.000174
3205 0 0 -0.000241
3210 0 0 -0.000288
3215 0 0 -0.000298
3220 0 0 -0.000275
3225 0 0 -0.000230
3230 0 0 -0.000175
3235 0 0 -0.000130
3240 0 0 -0.000116
3245 0 0 -0.000146
3250 0 0 -0.000195
3255 0 0 -0.000230
3260 0 0 -0.000226
3265 0 0 -0.000199
3270 0 0 -0.000172
3275 0 0 -0.000166
3280 0 0 -0.000185
3285 0 0 -0.000232
3290 0 0 -0.000304
3295 0 0 -0.000387
3300 0 0 -0.000462
3305 0 0 -0.000519
3310 0 0 -0.000585
3315 0 0 -0.000692
3320 0 0 -0.000854
3325 0 0 -0.001000
3330 0 0 -0.001036
3335 0 0 -0.000905
3340 0 0 -0.000692
3345 0 0 -0.000518
3350 0 0 -0.000472
3355 0 0 -0.000516
3360 0 0 -0.000576
3365 0 0 -0.000596
3370 0 0 -0.000573
3375 0 0 -0.000518
3380 0 0 -0.000443
3385 0 0 -0.000361
3390 0 0 -0.000288
3395 0 0 -0.000236
3400 0 0 -0.000214
3405 0 0 -0.000230
3410 0 0 -0.000285
3415 0 0 -0.000353
3420 0 0 -0.000404
3425 0 0 -0.000413
3430 0 0 -0.000388
3435 0 0 -0.000346
3440 0 0 -0.000304
3445 0 0 -0.000279
3450 0 0 -0.000288
3455 0 0 -0.000338
3460 0 0 -0.000392
3465 0 0 -0.000402
3470 0 0 -0.000337
3475 0 0 -0.000240
3480 0 0 -0.000172
3485 0 0 -0.000177
3490 0 0 -0.000229
3495 0 0 -0.000288
3500 0 0 -0.000319
3505 0 0 -0.000318
3510 0 0 -0.000288
3515 0 0 -0.000237
3520 0 0 -0.000189
3525 0 0 -0.000172
3530 0 0 -0.000204
3535 0 0 -0.000255
3540 0 0 -0.000288
3545 0 0 -0.000275
3550 0 0 -0.000242
3555 0 0 -0.000230
3560 0 0 -0.000264
3565 0 0 -0.000316
3570 0 0 -0.000346
3575 0 0 -0.000324
3580 0 0 -0.000274
3585 0 0 -0.000230
3590 0 0 -0.000221
3595 0 0 -0.000243
3600 0 0 -0.000288
3605 0 0 -0.000343
3610 0 0 -0.000388
3615 0 0 -0.000404
3620 0 0 -0.000375
3625 0 0 -0.000311
3630 0 0 -0.000230
3635 0 0 -0.000150
3640 0 0 -0.000101
3645 0 0 -0.000114
3650 0 0 -0.000204
3655 0 0 -0.000321
3660 0 0 -0.000402
3665 0 0 -0.000400
3670 0 0 -0.000345
3675 0 0 -0.000288
3680 0 0 -0.000266
3685 0 0 -0.000272
3690 0 0 -0.000288
3695 0 0 -0.000298
3700 0 0 -0.000298
3705 0 0 -0.000288
3710 0 0 -0.000269
3715 0 0 -0.000247
3720 0 0 -0.000230
3725 0 0 -0.000223
3730 0 0 -0.000224
3735 0 0 -0.000230
3740 0 0 -0.000239
3745 0 0 -0.000256
3750 0 0 -0.000288
3755 0 0 -0.000338
3760 0 0 -0.000385
3765 0 0 -0.000404
3770 0 0 -0.000380
3775 0 0 -0.000331
3780 0 0 -0.000288
3785 0 0 -0.000271
3790 0 0 -0.000276
3795 0 0 -0.000288
3800 0 0 -0.000297
3805 0 0 -0.000298
3810 0 0 -0.000288
3815 0 0 -0.000266
3820 0 0 -0.000243
3825 0 0 -0.000230
3830 0 0 -0.000243
3835 0 0 -0.000310
3840 0 0 -0.000460
3845 0 0 -0.000705
3850 0 0 -0.000982
3855 0 0 -0.001210
3860 0 0 -0.001324
3865 0 0 -0.001321
3870 0 0 -0.001210
3875 0 0 -0.001014
3880 0 0 -0.000797
3885 0 0 -0.000634
3890 0 0 -0.000580
3895 0 0 -0.000614
3900 0 0 -0.000692
3905 0 0 -0.000777
3910 0 0 -0.000842
3915 0 0 -0.000864
3920 0 0 -0.000831
3925 0 0 -0.000777
3930 0 0 -0.000750
3935 0 0 -0.000790
3940 0 0 -0.000918
3945 0 0 -0.001152
3950 0 0 -0.001481
3955 0 0 -0.001796
3960 0 0 -0.001958
3965 0 0 -0.001875
3970 0 0 -0.001624
3975 0 0 -0.001326
3980 0 0 -0.001082
3985 0 0 -0.000909
3990 0 0 -0.000806
3995 0 0 -0.000767
4000 0 0 -0.000774
4005 0 0 -0.000806
4010 0 0 -0.000843
4015 0 0 -0.000868
4020 0 0 -0.000864
4025 0 0 -0.000823
4030 0 0 -0.000773
4035 0 0 -0.000748
4040 0 0 -0.000772
4045 0 0 -0.000823
4050 0 0 -0.000864
4055 0 0 -0.000870
4060 0 0 -0.000845
4065 0 0 -0.000806
4070 0 0 -0.000764
4075 0 0 -0.000725
4080 0 0 -0.000692
4085 0 0 -0.000670
4090 0 0 -0.000667
4095 0 0 -0.000690
4100 0 0 -0.000741
4105 0 0 -0.000791
4110 0 0 -0.000806
4115 0 0 -0.000763
4120 0 0 -0.000691
4125 0 0 -0.000634
4130 0 0 -0.000622
4135 0 0 -0.000633
4140 0 0 -0.000634
4145 0 0 -0.000605
4150 0 0 -0.000587
4155 0 0 -0.000634
4160 0 0 -0.000774
4165 0 0 -0.000925
4170 0 0 -0.000978
4175 0 0 -0.000859
4180 0 0 -0.000634
4185 0 0 -0.000404
4190 0 0 -0.000252
4195 0 0 -0.000180
4200 0 0 -0.000172
4205 0 0 -0.000208
4210 0 0 -0.000258
4215 0 0 -0.000288
4220 0 0 -0.000274
4225 0 0 -0.000228
4230 0 0 -0.000172
4235 0 0 -0.000126
4240 0 0 -0.000104
4245 0 0 -0.000114
4250 0 0 -0.000162
4255 0 0 -0.000229
4260 0 0 -0.000288
4265 0 0 -0.000319
4270 0 0 -0.000318
4275 0 0 -0.000288
4280 0 0 -0.000233
4285 0 0 -0.000169
4290 0 0 -0.000114
4295 0 0 -0.000083
4300 0 0 -0.000082
4305 0 0 -0.000116
4310 0 0 -0.000182
4315 0 0 -0.000251
4320 0 0 -0.000288
4325 0 0 -0.000269
4330 0 0 -0.000219
4335 0 0 -0.000172
4340 0 0 -0.000155
4345 0 0 -0.000161
4350 0 0 -0.000172
4355 0 0 -0.000176
4360 0 0 -0.000175
4365 0 0 -0.000172
4370 0 0 -0.000172
4375 0 0 -0.000173
4380 0 0 -0.000172
4385 0 0 -0.000167
4390 0 0 -0.000165
4395 0 0 -0.000172
4400 0 0 -0.000193
4405 0 0 -0.000217
4410 0 0 -0.000232
4415 0 0 -0.000227
4420 0 0 -0.000206
4425 0 0 -0.000174
4430 0 0 -0.000140
4435 0 0 -0.000116
4440 0 0 -0.000116
4445 0 0 -0.000148
4450 0 0 -0.000194
4455 0 0 -0.000230
4460 0 0 -0.000240
4465 0 0 -0.000234
4470 0 0 -0.000232
4475 0 0 -0.000244
4480 0 0 -0.000252
4485 0 0 -0.000230
4490 0 0 -0.000166
4495 0 0 -0.000093
4500 0 0 -0.000058
4505 0 0 -0.000092
4510 0 0 -0.000165
4515 0 0 -0.000232
4520 0 0 -0.000259
4525 0 0 -0.000252
4530 0 0 -0.000230
4535 0 0 -0.000207
4540 0 0 -0.000187
4545 0 0 -0.000174
4550 0 0 -0.000168
4555 0 0 -0.000169
4560 0 0 -0.000174
4565 0 0 -0.000181
4570 0 0 -0.000183
4575 0 0 -0.000174
4580 0 0 -0.000150
4585 0 0 -0.000124
4590 0 0 -0.000116
4595 0 0 -0.000138
4600 0 0 -0.000180
4605 0 0 -0.000230
4610 0 0 -0.000273
4615 0 0 -0.000296
4620 0 0 -0.000288
4625 0 0 -0.000242
4630 0 0 -0.000176
4635 0 0 -0.000116
4640 0 0 -0.000082
4645 0 0 -0.000081
4650 0 0 -0.000116
4655 0 0 -0.000183
4660 0 0 -0.000252
4665 0 0 -0.000288
4670 0 0 -0.000268
4675 0 0 -0.000217
4680 0 0 -0.000174
4685 0 0 -0.000165
4690 0 0 -0.000174
4695 0 0 -0.000172
4700 0 0 -0.000143
4705 0 0 -0.000112
4710 0 0 -0.000116
4715 0 0 -0.000177
4720 0 0 -0.000268
4725 0 0 -0.000346
4730 0 0 -0.000387
4735 0 0 -0.000427
4740 0 0 -0.000520
4745 0 0 -0.000696
4750 0 0 -0.000896
4755 0 0 -0.001036
4760 0 0 -0.001055
4765 0 0 -0.000982
4770 0 0 -0.000864
4775 0 0 -0.000744
4780 0 0 -0.000628
4785 0 0 -0.000518
4790 0 0 -0.000415
4795 0 0 -0.000333
4800 0 0 -0.000288
4805 0 0 -0.000290
4810 0 0 -0.000318
4815 0 0 -0.000346
4820 0 0 -0.000350
4825 0 0 -0.000330
4830 0 0 -0.000288
4835 0 0 -0.000232
4840 0 0 -0.000185
4845 0 0 -0.000172
4850 0 0 -0.000208
4855 0 0 -0.000261
4860 0 0 -0.000288
4865 0 0 -0.000261
4870 0 0 -0.000209
4875 0 0 -0.000174
4880 0 0 -0.000186
4885 0 0 -0.000218
4890 0 0 -0.000230
4895 0 0 -0.000194
4900 0 0 -0.000141
4905 0 0 -0.000114
4910 0 0 -0.000143
4915 0 0 -0.000196
4920 0 0 -0.000230
4925 0 0 -0.000214
4930 0 0 -0.000180
4935 0 0 -0.000174
4940 0 0 -0.000229
4945 0 0 -0.000319
4950 0 0 -0.000402
4955 0 0 -0.000447
4960 0 0 -0.000461
4965 0 0 -0.000462
4970 0 0 -0.000460
4975 0 0 -0.000446
4980 0 0 -0.000404
4985 0 0 -0.000326
4990 0 0 -0.000238
4995 0 0 -0.000172
5000 0 0 -0.000151
5005 0 0 -0.000159
5010 0 0 -0.000172
5015 0 0 -0.000175
5020 0 0 -0.000199
5025 0 0 -0.000288
5030 0 0 -0.000459
5035 0 0 -0.000629
5040 0 0 -0.000692
5045 0 0 -0.000580
5050 0 0 -0.000383
5055 0 0 -0.000230
5060 0 0 -0.000214
5065 0 0 -0.000282
5070 0 0 -0.000346
5075 0 0 -0.000339
5080 0 0 -0.000285
5085 0 0 -0.000230
5090 0 0 -0.000210
5095 0 0 -0.000216
5100 0 0 -0.000230
5105 0 0 -0.000237
5110 0 0 -0.000236
5115 0 0 -0.000232
5120 0 0 -0.000228
5125 0 0 -0.000226
5130 0 0 -0.000230
5135 0 0 -0.000239
5140 0 0 -0.000243
5145 0 0 -0.000232
5150 0 0 -0.000200
5155 0 0 -0.000170
5160 0 0 -0.000172
5165 0 0 -0.000223
5170 0 0 -0.000294
5175 0 0 -0.000346
5180 0 0 -0.000347
5185 0 0 -0.000303
5190 0 0 -0.000232
5195 0 0 -0.000153
5200 0 0 -0.000101
5205 0 0 -0.000116
5210 0 0 -0.000216
5215 0 0 -0.000339
5220 0 0 -0.000404
5225 0 0 -0.000356
5230 0 0 -0.000251
5235 0 0 -0.000172
5240 0 0 -0.000178
5245 0 0 -0.000236
5250 0 0 -0.000288
5255 0 0 -0.000294
5260 0 0 -0.000280
5265 0 0 -0.000288
5270 0 0 -0.000345
5275 0 0 -0.000418
5280 0 0 -0.000460
5285 0 0 -0.000440
5290 0 0 -0.000401
5295 0 0 -0.000402
5300 0 0 -0.000490
5305 0 0 -0.000653
5310 0 0 -0.000864
5315 0 0 -0.001088
5320 0 0 -0.001251
5325 0 0 -0.001268
5330 0 0 -0.001098
5335 0 0 -0.000868
5340 0 0 -0.000748
5345 0 0 -0.000856
5350 0 0 -0.001096
5355 0 0 -0.001324
5360 0 0 -0.001421
5365 0 0 -0.001392
5370 0 0 -0.001268
5375 0 0 -0.001084
5380 0 0 -0.000879
5385 0 0 -0.000692
5390 0 0 -0.000559
5395 0 0 -0.000497
5400 0 0 -0.000518
5405 0 0 -0.000622
5410 0 0 -0.000758
5415 0 0 -0.000862
5420 0 0 -0.000889
5425 0 0 -0.000872
5430 0 0 -0.000864
5435 0 0 -0.000900
5440 0 0 -0.000954
5445 0 0 -0.000980
5450 0 0 -0.000949
5455 0 0 -0.000880
5460 0 0 -0.000806
5465 0 0 -0.000754
5470 0 0 -0.000719
5475 0 0 -0.000692
5480 0 0 -0.000664
5485 0 0 -0.000642
5490 0 0 -0.000634
5495 0 0 -0.000644
5500 0 0 -0.000652
5505 0 0 -0.000634
5510 0 0 -0.000573
5515 0 0 -0.000487
5520 0 0 -0.000402
5525 0 0 -0.000341
5530 0 0 -0.000304
5535 0 0 -0.000288
5540 0 0 -0.000290
5545 0 0 -0.000309
5550 0 0 -0.000346
5555 0 0 -0.000397
5560 0 0 -0.000444
5565 0 0 -0.000462
5570 0 0 -0.000438
5575 0 0 -0.000390
5580 0 0 -0.000346
5585 0 0 -0.000327
5590 0 0 -0.000330
5595 0 0 -0.000346
5600 0 0 -0.000370
5605 0 0 -0.000406
5610 0 0 -0.000462
5615 0 0 -0.000540
5620 0 0 -0.000624
5625 0 0 -0.000692
5630 0 0 -0.000726
5635 0 0 -0.000725
5640 0 0 -0.000690
5645 0 0 -0.000628
5650 0 0 -0.000562
5655 0 0 -0.000518
5660 0 0 -0.000514
5665 0 0 -0.000540
5670 0 0 -0.000576
5675 0 0 -0.000605
5680 0 0 -0.000609
5685 0 0 -0.000574
5690 0 0 -0.000493
5695 0 0 -0.000402
5700 0 0 -0.000348
5705 0 0 -0.000361
5710 0 0 -0.000413
5715 0 0 -0.000460
5720 0 0 -0.000465
5725 0 0 -0.000426
5730 0 0 -0.000346
5735 0 0 -0.000238
5740 0 0 -0.000144
5745 0 0 -0.000114
5750 0 0 -0.000176
5755 0 0 -0.000278
5760 0 0 -0.000344
5765 0 0 -0.000322
5770 0 0 -0.000246
5775 0 0 -0.000172
5780 0 0 -0.000143
5785 0 0 -0.000150
5790 0 0 -0.000172
5795 0 0 -0.000191
5800 0 0 -0.000209
5805 0 0 -0.000232
5810 0 0 -0.000262
5815 0 0 -0.000286
5820 0 0 -0.000288
5825 0 0 -0.000258
5830 0 0 -0.000212
5835 0 0 -0.000172
5840 0 0 -0.000155
5845 0 0 -0.000159
5850 0 0 -0.000174
5855 0 0 -0.000194
5860 0 0 -0.000214
5865 0 0 -0.000230
5870 0 0 -0.000238
5875 0 0 -0.000238
5880 0 0 -0.000230
5885 0 0 -0.000214
5890 0 0 -0.000193
5895 0 0 -0.000172
5900 0 0 -0.000156
5905 0 0 -0.000153
5910 0 0 -0.000172
5915 0 0 -0.000216
5920 0 0 -0.000264
5925 0 0 -0.000288
5930 0 0 -0.000268
5935 0 0 -0.000222
5940 0 0 -0.000174
5945 0 0 -0.000146
5950 0 0 -0.000144
5955 0 0 -0.000172
5960 0 0 -0.000226
5965 0 0 -0.000277
5970 0 0 -0.000288
5975 0 0 -0.000238
5980 0 0 -0.000163
5985 0 0 -0.000114
5990 0 0 -0.000127
5995 0 0 -0.000178
6000 0 0 -0.000230
6005 0 0 -0.000253
6010 0 0 -0.000250
6015 0 0 -0.000230
6020 0 0 -0.000204
6025 0 0 -0.000181
6030 0 0 -0.000172
6035 0 0 -0.000184
6040 0 0 -0.000207
6045 0 0 -0.000230
6050 0 0 -0.000242
6055 0 0 -0.000241
6060 0 0 -0.000230
6065 0 0 -0.000210
6070 0 0 -0.000188
6075 0 0 -0.000172
6080 0 0 -0.000167
6085 0 0 -0.000169
6090 0 0 -0.000172
6095 0 0 -0.000172
6100 0 0 -0.000170
6105 0 0 -0.000172
6110 0 0 -0.000181
6115 0 0 -0.000200
6120 0 0 -0.000230
6125 0 0 -0.000270
6130 0 0 -0.000298
6135 0 0 -0.000288
6140 0 0 -0.000228
6145 0 0 -0.000154
6150 0 0 -0.000116
6155 0 0 -0.000145
6160 0 0 -0.000202
6165 0 0 -0.000232
6170 0 0 -0.000201
6175 0 0 -0.000172
6180 0 0 -0.000230
6185 0 0 -0.000426
6190 0 0 -0.000662
6195 0 0 -0.000808
6200 0 0 -0.000777
6205 0 0 -0.000669
6210 0 0 -0.000632
6215 0 0 -0.000764
6220 0 0 -0.000968
6225 0 0 -0.001096
6230 0 0 -0.001044
6235 0 0 -0.000874
6240 0 0 -0.000692
6245 0 0 -0.000578
6250 0 0 -0.000514
6255 0 0 -0.000460
6260 0 0 -0.000384
6265 0 0 -0.000299
6270 0 0 -0.000228
6275 0 0 -0.000189
6280 0 0 -0.000174
6285 0 0 -0.000172
6290 0 0 -0.000171
6295 0 0 -0.000171
6300 0 0 -0.000174
6305 0 0 -0.000179
6310 0 0 -0.000181
6315 0 0 -0.000172
6320 0 0 -0.000152
6325 0 0 -0.000142
6330 0 0 -0.000172
6335 0 0 -0.000256
6340 0 0 -0.000352
6345 0 0 -0.000404
6350 0 0 -0.000374
6355 0 0 -0.000297
6360 0 0 -0.000230
6365 0 0 -0.000211
6370 0 0 -0.000222
6375 0 0 -0.000230
6380 0 0 -0.000211
6385 0 0 -0.000182
6390 0 0 -0.000172
6395 0 0 -0.000199
6400 0 0 -0.000246
6405 0 0 -0.000288
6410 0 0 -0.000304
6415 0 0 -0.000301
6420 0 0 -0.000290
6425 0 0 -0.000282
6430 0 0 -0.000280
6435 0 0 -0.000288
6440 0 0 -0.000303
6445 0 0 -0.000310
6450 0 0 -0.000288
6455 0 0 -0.000229
6460 0 0 -0.000174
6465 0 0 -0.000172
6470 0 0 -0.000255
6475 0 0 -0.000375
6480 0 0 -0.000460
6485 0 0 -0.000462
6490 0 0 -0.000408
6495 0 0 -0.000346
6500 0 0 -0.000314
6505 0 0 -0.000316
6510 0 0 -0.000346
6515 0 0 -0.000392
6520 0 0 -0.000423
6525 0 0 -0.000402
6530 0 0 -0.000309
6535 0 0 -0.000191
6540 0 0 -0.000114
6545 0 0 -0.000122
6550 0 0 -0.000179
6555 0 0 -0.000230
6560 0 0 -0.000233
6565 0 0 -0.000205
6570 0 0 -0.000174
6575 0 0 -0.000164
6580 0 0 -0.000168
6585 0 0 -0.000174
6590 0 0 -0.000171
6595 0 0 -0.000167
6600 0 0 -0.000172
6605 0 0 -0.000193
6610 0 0 -0.000217
6615 0 0 -0.000230
6620 0 0 -0.000220
6625 0 0 -0.000196
6630 0 0 -0.000172
6635 0 0 -0.000160
6640 0 0 -0.000161
6645 0 0 -0.000174
6650 0 0 -0.000196
6655 0 0 -0.000218
6660 0 0 -0.000230
6665 0 0 -0.000225
6670 0 0 -0.000205
6675 0 0 -0.000174
6680 0 0 -0.000139
6685 0 0 -0.000114
6690 0 0 -0.000116
6695 0 0 -0.000156
6700 0 0 -0.000221
6705 0 0 -0.000288
6710 0 0 -0.000340
6715 0 0 -0.000363
6720 0 0 -0.000346
6725 0 0 -0.000287
6730 0 0 -0.000216
6735 0 0 -0.000174
6740 0 0 -0.000189
6745 0 0 -0.000238
6750 0 0 -0.000288
6755 0 0 -0.000316
6760 0 0 -0.000343
6765 0 0 -0.000404
6770 0 0 -0.000522
6775 0 0 -0.000684
6780 0 0 -0.000864
6785 0 0 -0.001041
6790 0 0 -0.001199
6795 0 0 -0.001326
6800 0 0 -0.001406
6805 0 0 -0.001415
6810 0 0 -0.001324
6815 0 0 -0.001126
6820 0 0 -0.000887
6825 0 0 -0.000692
6830 0 0 -0.000607
6835 0 0 -0.000617
6840 0 0 -0.000692
6845 0 0 -0.000800
6850 0 0 -0.000921
6855 0 0 -0.001038
6860 0 0 -0.001136
6865 0 0 -0.001212
6870 0 0 -0.001266
6875 0 0 -0.001297
6880 0 0 -0.001300
6885 0 0 -0.001268
6890 0 0 -0.001203
6895 0 0 -0.001133
6900 0 0 -0.001094
6905 0 0 -0.001108
6910 0 0 -0.001143
6915 0 0 -0.001152
6920 0 0 -0.001103
6925 0 0 -0.001016
6930 0 0 -0.000922
6935 0 0 -0.000849
6940 0 0 -0.000809
6945 0 0 -0.000806
6950 0 0 -0.000842
6955 0 0 -0.000890
6960 0 0 -0.000920
6965 0 0 -0.000908
6970 0 0 -0.000865
6975 0 0 -0.000808
6980 0 0 -0.000754
6985 0 0 -0.000713
6990 0 0 -0.000692
6995 0 0 -0.000696
7000 0 0 -0.000718
7005 0 0 -0.000750
7010 0 0 -0.000782
7015 0 0 -0.000805
7020 0 0 -0.000806
7025 0 0 -0.000779
7030 0 0 -0.000736
7035 0 0 -0.000690
7040 0 0 -0.000655
7045 0 0 -0.000635
7050 0 0 -0.000632
7055 0 0 -0.000645
7060 0 0 -0.000654
7065 0 0 -0.000634
7070 0 0 -0.000571
7075 0 0 -0.000485
7080 0 0 -0.000404
7085 0 0 -0.000353
7090 0 0 -0.000335
7095 0 0 -0.000346
7100 0 0 -0.000380
7105 0 0 -0.000409
7110 0 0 -0.000404
7115 0 0 -0.000344
7120 0 0 -0.000254
7125 0 0 -0.000172
7130 0 0 -0.000126
7135 0 0 -0.000111
7140 0 0 -0.000116
7145 0 0 -0.000129
7150 0 0 -0.000149
7155 0 0 -0.000174
7160 0 0 -0.000203
7165 0 0 -0.000226
7170 0 0 -0.000230
7175 0 0 -0.000210
7180 0 0 -0.000182
7185 0 0 -0.000172
7190 0 0 -0.000193
7195 0 0 -0.000223
7200 0 0 -0.000230
7205 0 0 -0.000194
7210 0 0 -0.000142
7215 0 0 -0.000114
7220 0 0 -0.000136
7225 0 0 -0.000186
7230 0 0 -0.000230
7235 0 0 -0.000242
7240 0 0 -0.000234
7245 0 0 -0.000230
7250 0 0 -0.000243
7255 0 0 -0.000253
7260 0 0 -0.000230
7265 0 0 -0.000160
7270 0 0 -0.000084
7275 0 0 -0.000058
7280 0 0 -0.000118
7285 0 0 -0.000217
7290 0 0 -0.000288
7295 0 0 -0.000281
7300 0 0 -0.000227
7305 0 0 -0.000172
7310 0 0 -0.000154
7315 0 0 -0.000161
7320 0 0 -0.000172
7325 0 0 -0.000171
7330 0 0 -0.000166
7335 0 0 -0.000172
7340 0 0 -0.000198
7345 0 0 -0.000226
7350 0 0 -0.000232
7355 0 0 -0.000201
7360 0 0 -0.000153
7365 0 0 -0.000114
7370 0 0 -0.000107
7375 0 0 -0.000129
7380 0 0 -0.000172
7385 0 0 -0.000226
7390 0 0 -0.000271
7395 0 0 -0.000288
7400 0 0 -0.000263
7405 0 0 -0.000216
7410 0 0 -0.000174
7415 0 0 -0.000159
7420 0 0 -0.000164
7425 0 0 -0.000174
7430 0 0 -0.000179
7435 0 0 -0.000178
7440 0 0 -0.000174
7445 0 0 -0.000169
7450 0 0 -0.000167
7455 0 0 -0.000174
7460 0 0 -0.000192
7465 0 0 -0.000214
7470 0 0 -0.000230
7475 0 0 -0.000231
7480 0 0 -0.000213
7485 0 0 -0.000172
7490 0 0 -0.000112
7495 0 0 -0.000062
7500 0 0 -0.000058
7505 0 0 -0.000122
7510 0 0 -0.000216
7515 0 0 -0.000288
7520 0 0 -0.000299
7525 0 0 -0.000268
7530 0 0 -0.000230
7535 0 0 -0.000211
7540 0 0 -0.000213
7545 0 0 -0.000230
7550 0 0 -0.000257
7555 0 0 -0.000281
7560 0 0 -0.000288
7565 0 0 -0.000271
7570 0 0 -0.000245
7575 0 0 -0.000230
7580 0 0 -0.000238
7585 0 0 -0.000248
7590 0 0 -0.000230
7595 0 0 -0.000170
7600 0 0 -0.000111
7605 0 0 -0.000114
7610 0 0 -0.000214
7615 0 0 -0.000355
7620 0 0 -0.000460
7625 0 0 -0.000476
7630 0 0 -0.000451
7635 0 0 -0.000460
7640 0 0 -0.000552
7645 0 0 -0.000675
7650 0 0 -0.000750
7655 0 0 -0.000723
7660 0 0 -0.000627
7665 0 0 -0.000518
7670 0 0 -0.000441
7675 0 0 -0.000389
7680 0 0 -0.000344
7685 0 0 -0.000297
7690 0 0 -0.000268
7695 0 0 -0.000288
7700 0 0 -0.000373
7705 0 0 -0.000486
7710 0 0 -0.000576
7715 0 0 -0.000604
7720 0 0 -0.000578
7725 0 0 -0.000518
7730 0 0 -0.000441
7735 0 0 -0.000361
7740 0 0 -0.000288
7745 0 0 -0.000232
7750 0 0 -0.000194
7755 0 0 -0.000174
7760 0 0 -0.000170
7765 0 0 -0.000172
7770 0 0 -0.000172
7775 0 0 -0.000163
7780 0 0 -0.000158
7785 0 0 -0.000174
7790 0 0 -0.000221
7795 0 0 -0.000270
7800 0 0 -0.000288
7805 0 0 -0.000250
7810 0 0 -0.000180
7815 0 0 -0.000116
7820 0 0 -0.000087
7825 0 0 -0.000090
7830 0 0 -0.000116
7835 0 0 -0.000155
7840 0 0 -0.000197
7845 0 0 -0.000230
7850 0 0 -0.000246
7855 0 0 -0.000245
7860 0 0 -0.000230
7865 0 0 -0.000206
7870 0 0 -0.000183
7875 0 0 -0.000172
7880 0 0 -0.000182
7885 0 0 -0.000205
7890 0 0 -0.000230
7895 0 0 -0.000247
7900 0 0 -0.000249
7905 0 0 -0.000230
7910 0 0 -0.000190
7915 0 0 -0.000159
7920 0 0 -0.000172
7925 0 0 -0.000250
7930 0 0 -0.000348
7935 0 0 -0.000404
7940 0 0 -0.000375
7945 0 0 -0.000299
7950 0 0 -0.000230
7955 0 0 -0.000210
7960 0 0 -0.000221
7965 0 0 -0.000230
7970 0 0 -0.000215
7975 0 0 -0.000188
7980 0 0 -0.000174
7985 0 0 -0.000188
7990 0 0 -0.000214
7995 0 0 -0.000230
8000 0 0 -0.000220
8005 0 0 -0.000195
8010 0 0 -0.000172
8015 0 0 -0.000165
8020 0 0 -0.000168
8025 0 0 -0.000172
8030 0 0 -0.000171
8035 0 0 -0.000168
8040 0 0 -0.000172
8045 0 0 -0.000187
8050 0 0 -0.000208
8055 0 0 -0.000230
8060 0 0 -0.000247
8065 0 0 -0.000264
8070 0 0 -0.000288
8075 0 0 -0.000321
8080 0 0 -0.000347
8085 0 0 -0.000346
8090 0 0 -0.000308
8095 0 0 -0.000257
8100 0 0 -0.000230
8105 0 0 -0.000250
8110 0 0 -0.000298
8115 0 0 -0.000346
8120 0 0 -0.000369
8125 0 0 -0.000367
8130 0 0 -0.000346
8135 0 0 -0.000313
8140 0 0 -0.000287
8145 0 0 -0.000288
8150 0 0 -0.000327
8155 0 0 -0.000377
8160 0 0 -0.000404
8165 0 0 -0.000380
8170 0 0 -0.000316
8175 0 0 -0.000232
8180 0 0 -0.000149
8185 0 0 -0.000099
8190 0 0 -0.000116
8195 0 0 -0.000218
8200 0 0 -0.000355
8205 0 0 -0.000460
8210 0 0 -0.000492
8215 0 0 -0.000519
8220 0 0 -0.000634
8225 0 0 -0.000888
8230 0 0 -0.001155
8235 0 0 -0.001266
8240 0 0 -0.001112
8245 0 0 -0.000820
8250 0 0 -0.000576
8255 0 0 -0.000520
8260 0 0 -0.000607
8265 0 0 -0.000748
8270 0 0 -0.000871
8275 0 0 -0.000979
8280 0 0 -0.001096
8285 0 0 -0.001233
8290 0 0 -0.001361
8295 0 0 -0.001440
8300 0 0 -0.001446
8305 0 0 -0.001411
8310 0 0 -0.001382
8315 0 0 -0.001393
8320 0 0 -0.001423
8325 0 0 -0.001440
8330 0 0 -0.001416
8335 0 0 -0.001355
8340 0 0 -0.001266
8345 0 0 -0.001159
8350 0 0 -0.001042
8355 0 0 -0.000920
8360 0 0 -0.000802
8365 0 0 -0.000701
8370 0 0 -0.000632
8375 0 0 -0.000602
8380 0 0 -0.000592
8385 0 0 -0.000576
8390 0 0 -0.000536
8395 0 0 -0.000489
8400 0 0 -0.000462
8405 0 0 -0.000472
8410 0 0 -0.000501
8415 0 0 -0.000520
8420 0 0 -0.000510
8425 0 0 -0.000483
8430 0 0 -0.000460
8435 0 0 -0.000457
8440 0 0 -0.000477
8445 0 0 -0.000518
8450 0 0 -0.000575
8455 0 0 -0.000623
8460 0 0 -0.000634
8465 0 0 -0.000591
8470 0 0 -0.000536
8475 0 0 -0.000520
8480 0 0 -0.000580
8485 0 0 -0.000676
8490 0 0 -0.000750
8495 0 0 -0.000761
8500 0 0 -0.000729
8505 0 0 -0.000690
8510 0 0 -0.000671
8515 0 0 -0.000659
8520 0 0 -0.000634
8525 0 0 -0.000583
8530 0 0 -0.000533
8535 0 0 -0.000518
8540 0 0 -0.000559
8545 0 0 -0.000615
8550 0 0 -0.000634
8555 0 0 -0.000576
8560 0 0 -0.000466
8565 0 0 -0.000346
8570 0 0 -0.000251
8575 0 0 -0.000192
8580 0 0 -0.000174
8585 0 0 -0.000197
8590 0 0 -0.000243
8595 0 0 -0.000288
8600 0 0 -0.000313
8605 0 0 -0.000313
8610 0 0 -0.000288
8615 0 0 -0.000241
8620 0 0 -0.000194
8625 0 0 -0.000174
8630 0 0 -0.000199
8635 0 0 -0.000248
8640 0 0 -0.000288
8645 0 0 -0.000298
8650 0 0 -0.000290
8655 0 0 -0.000288
8660 0 0 -0.000306
8665 0 0 -0.000332
8670 0 0 -0.000346
8675 0 0 -0.000334
8680 0 0 -0.000309
8685 0 0 -0.000288
8690 0 0 -0.000284
8695 0 0 -0.000288
8700 0 0 -0.000288
8705 0 0 -0.000273
8710 0 0 -0.000250
8715 0 0 -0.000230
8720 0 0 -0.000222
8725 0 0 -0.000224
8730 0 0 -0.000232
8735 0 0 -0.000244
8740 0 0 -0.000262
8745 0 0 -0.000288
8750 0 0 -0.000321
8755 0 0 -0.000346
8760 0 0 -0.000346
8765 0 0 -0.000310
8770 0 0 -0.000261
8775 0 0 -0.000230
8780 0 0 -0.000237
8785 0 0 -0.000266
8790 0 0 -0.000288
8795 0 0 -0.000283
8800 0 0 -0.000259
8805 0 0 -0.000230
8810 0 0 -0.000207
8815 0 0 -0.000189
8820 0 0 -0.000174
8825 0 0 -0.000160
8830 0 0 -0.000156
8835 0 0 -0.000174
8840 0 0 -0.000218
8845 0 0 -0.000265
8850 0 0 -0.000288
8855 0 0 -0.000266
8860 0 0 -0.000219
8865 0 0 -0.000174
8870 0 0 -0.000153
8875 0 0 -0.000156
8880 0 0 -0.000174
8885 0 0 -0.000200
8890 0 0 -0.000223
8895 0 0 -0.000232
8900 0 0 -0.000220
8905 0 0 -0.000196
8910 0 0 -0.000172
8915 0 0 -0.000160
8920 0 0 -0.000160
8925 0 0 -0.000172
8930 0 0 -0.000192
8935 0 0 -0.000214
8940 0 0 -0.000230
8945 0 0 -0.000234
8950 0 0 -0.000232
8955 0 0 -0.000230
8960 0 0 -0.000234
8965 0 0 -0.000238
8970 0 0 -0.000232
8975 0 0 -0.000212
8980 0 0 -0.000188
8985 0 0 -0.000174
8990 0 0 -0.000180
8995 0 0 -0.000202
9000 0 0 -0.000230
9005 0 0 -0.000255
9010 0 0 -0.000261
9015 0 0 -0.000230
9020 0 0 -0.000156
9025 0 0 -0.000080
9030 0 0 -0.000056
9035 0 0 -0.000117
9040 0 0 -0.000216
9045 0 0 -0.000288
9050 0 0 -0.000285
9055 0 0 -0.000231
9060 0 0 -0.000172
9065 0 0 -0.000142
9070 0 0 -0.000144
9075 0 0 -0.000174
9080 0 0 -0.000222
9085 0 0 -0.000268
9090 0 0 -0.000288
9095 0 0 -0.000266
9100 0 0 -0.000218
9105 0 0 -0.000172
9110 0 0 -0.000145
9115 0 0 -0.000131
9120 0 0 -0.000114
9125 0 0 -0.000091
9130 0 0 -0.000095
9135 0 0 -0.000172
9140 0 0 -0.000344
9145 0 0 -0.000546
9150 0 0 -0.000692
9155 0 0 -0.000718
9160 0 0 -0.000645
9165 0 0 -0.000516
9170 0 0 -0.000372
9175 0 0 -0.000247
9180 0 0 -0.000174
9185 0 0 -0.000173
9190 0 0 -0.000222
9195 0 0 -0.000288
9200 0 0 -0.000340
9205 0 0 -0.000363
9210 0 0 -0.000344
9215 0 0 -0.000280
9220 0 0 -0.000207
9225 0 0 -0.000172
9230 0 0 -0.000206
9235 0 0 -0.000279
9240 0 0 -0.000344
9245 0 0 -0.000366
9250 0 0 -0.000359
9255 0 0 -0.000346
9260 0 0 -0.000347
9265 0 0 -0.000366
9270 0 0 -0.000402
9275 0 0 -0.000453
9280 0 0 -0.000513
9285 0 0 -0.000576
9290 0 0 -0.000632
9295 0 0 -0.000659
9300 0 0 -0.000634
9305 0 0 -0.000546
9310 0 0 -0.000448
9315 0 0 -0.000404
9320 0 0 -0.000465
9325 0 0 -0.000610
9330 0 0 -0.000804
9335 0 0 -0.001004
9340 0 0 -0.001143
9345 0 0 -0.001152
9350 0 0 -0.000991
9355 0 0 -0.000757
9360 0 0 -0.000576
9365 0 0 -0.000543
9370 0 0 -0.000609
9375 0 0 -0.000690
9380 0 0 -0.000719
9385 0 0 -0.000695
9390 0 0 -0.000634
9395 0 0 -0.000551
9400 0 0 -0.000468
9405 0 0 -0.000404
9410 0 0 -0.000374
9415 0 0 -0.000362
9420 0 0 -0.000346
9425 0 0 -0.000311
9430 0 0 -0.000281
9435 0 0 -0.000288
9440 0 0 -0.000349
9445 0 0 -0.000425
9450 0 0 -0.000460
9455 0 0 -0.000426
9460 0 0 -0.000394
9465 0 0 -0.000460
9470 0 0 -0.000681
9475 0 0 -0.000958
9480 0 0 -0.001152
9485 0 0 -0.001164
9490 0 0 -0.001054
9495 0 0 -0.000922
9500 0 0 -0.000851
9505 0 0 -0.000852
9510 0 0 -0.000920
9515 0 0 -0.001035
9520 0 0 -0.001123
9525 0 0 -0.001094
9530 0 0 -0.000903
9535 0 0 -0.000675
9540 0 0 -0.000576
9545 0 0 -0.000709
9550 0 0 -0.000917
9555 0 0 -0.000978
9560 0 0 -0.000757
9565 0 0 -0.000465
9570 0 0 -0.000402
9575 0 0 -0.000757
9580 0 0 -0.001280
9585 0 0 -0.001614
9590 0 0 -0.001511
9595 0 0 -0.001175
9600 0 0 -0.000922
9605 0 0 -0.000979
9610 0 0 -0.001223
9615 0 0 -0.001440
9620 0 0 -0.001475
9625 0 0 -0.001396
9630 0 0 -0.001326
9635 0 0 -0.001346
9640 0 0 -0.001369
9645 0 0 -0.001266
9650 0 0 -0.000968
9655 0 0 -0.000658
9660 0 0 -0.000576
9665 0 0 -0.000875
9670 0 0 -0.001342
9675 0 0 -0.001670
9680 0 0 -0.001643
9685 0 0 -0.001396
9690 0 0 -0.001152
9695 0 0 -0.001075
9700 0 0 -0.001098
9705 0 0 -0.001094
9710 0 0 -0.000975
9715 0 0 -0.000806
9720 0 0 -0.000692
9725 0 0 -0.000712
9730 0 0 -0.000843
9735 0 0 -0.001036
9740 0 0 -0.001243
9745 0 0 -0.001413
9750 0 0 -0.001498
9755 0 0 -0.001466
9760 0 0 -0.001367
9765 0 0 -0.001266
9770 0 0 -0.001214
9775 0 0 -0.001190
9780 0 0 -0.001152
9785 0 0 -0.001075
9790 0 0 -0.000985
9795 0 0 -0.000920
9800 0 0 -0.000912
9805 0 0 -0.000955
9810 0 0 -0.001036
9815 0 0 -0.001135
9820 0 0 -0.001210
9825 0 0 -0.001210
9830 0 0 -0.001111
9835 0 0 -0.000984
9840 0 0 -0.000920
9845 0 0 -0.000987
9850 0 0 -0.001145
9855 0 0 -0.001324
9860 0 0 -0.001464
9865 0 0 -0.001531
9870 0 0 -0.001498
9875 0 0 -0.001355
9880 0 0 -0.001157
9885 0 0 -0.000978
9890 0 0 -0.000873
9895 0 0 -0.000827
9900 0 0 -0.000808
9905 0 0 -0.000793
9910 0 0 -0.000787
9915 0 0 -0.000808
9920 0 0 -0.000860
9925 0 0 -0.000911
9930 0 0 -0.000922
9935 0 0 -0.000867
9940 0 0 -0.000789
9945 0 0 -0.000748
9950 0 0 -0.000785
9955 0 0 -0.000876
9960 0 0 -0.000978
9965 0 0 -0.001058
9970 0 0 -0.001114
9975 0 0 -0.001152
9980 0 0 -0.001172
9985 0 0 -0.001160
9990 0 0 -0.001094
9995 0 0 -0.000966
10000 0 0 -0.000815
10005 0 0 -0.000690
10010 0 0 -0.000629
10015 0 0 -0.000618
10020 0 0 -0.000634
10025 0 0 -0.000656
10030 0 0 -0.000691
10035 0 0 -0.000748
10040 0 0 -0.000830
10045 0 0 -0.000902
10050 0 0 -0.000920
10055 0 0 -0.000856
10060 0 0 -0.000744
10065 0 0 -0.000634
10070 0 0 -0.000574
10075 0 0 -0.000615
