0 0 0 -0.000172
5 0 0 -0.000288
10 0 0 -0.000341
15 0 0 -0.000346
20 0 0 -0.000319
25 0 0 -0.000275
30 0 0 -0.000230
35 0 0 -0.000196
40 0 0 -0.000178
45 0 0 -0.000174
50 0 0 -0.000185
55 0 0 -0.000206
60 0 0 -0.000230
65 0 0 -0.000252
70 0 0 -0.000272
75 0 0 -0.000288
80 0 0 -0.000300
85 0 0 -0.000302
90 0 0 -0.000288
95 0 0 -0.000255
100 0 0 -0.000212
105 0 0 -0.000172
110 0 0 -0.000145
115 0 0 -0.000142
120 0 0 -0.000172
125 0 0 -0.000236
130 0 0 -0.000306
135 0 0 -0.000346
140 0 0 -0.000331
145 0 0 -0.000281
150 0 0 -0.000230
155 0 0 -0.000201
160 0 0 -0.000187
165 0 0 -0.000172
170 0 0 -0.000149
175 0 0 -0.000139
180 0 0 -0.000172
185 0 0 -0.000262
190 0 0 -0.000360
195 0 0 -0.000404
200 0 0 -0.000352
205 0 0 -0.000252
210 0 0 -0.000172
215 0 0 -0.000163
220 0 0 -0.000198
225 0 0 -0.000230
230 0 0 -0.000224
235 0 0 -0.000196
240 0 0 -0.000172
245 0 0 -0.000174
250 0 0 -0.000198
255 0 0 -0.000230
260 0 0 -0.000261
265 0 0 -0.000282
270 0 0 -0.000288
275 0 0 -0.000275
280 0 0 -0.000251
285 0 0 -0.000230
290 0 0 -0.000221
295 0 0 -0.000222
300 0 0 -0.000230
305 0 0 -0.000239
310 0 0 -0.000241
315 0 0 -0.000230
320 0 0 -0.000202
325 0 0 -0.000175
330 0 0 -0.000172
335 0 0 -0.000206
340 0 0 -0.000255
345 0 0 -0.000288
350 0 0 -0.000282
355 0 0 -0.000255
360 0 0 -0.000232
365 0 0 -0.000232
370 0 0 -0.000240
375 0 0 -0.000230
380 0 0 -0.000190
385 0 0 -0.000156
390 0 0 -0.000172
395 0 0 -0.000266
400 0 0 -0.000387
405 0 0 -0.000462
410 0 0 -0.000445
415 0 0 -0.000382
420 0 0 -0.000346
425 0 0 -0.000390
430 0 0 -0.000497
435 0 0 -0.000634
440 0 0 -0.000768
445 0 0 -0.000873
450 0 0 -0.000922
455 0 0 -0.000898
460 0 0 -0.000814
465 0 0 -0.000690
470 0 0 -0.000549
475 0 0 -0.000424
480 0 0 -0.000348
485 0 0 -0.000340
490 0 0 -0.000358
495 0 0 -0.000344
500 0 0 -0.000261
505 0 0 -0.000161
510 0 0 -0.000116
515 0 0 -0.000174
520 0 0 -0.000278
525 0 0 -0.000344
530 0 0 -0.000314
535 0 0 -0.000233
540 0 0 -0.000172
545 0 0 -0.000181
550 0 0 -0.000235
555 0 0 -0.000288
560 0 0 -0.000305
565 0 0 -0.000283
570 0 0 -0.000230
575 0 0 -0.000157
580 0 0 -0.000090
585 0 0 -0.000058
590 0 0 -0.000082
595 0 0 -0.000148
600 0 0 -0.000232
605 0 0 -0.000311
610 0 0 -0.000358
615 0 0 -0.000346
620 0 0 -0.000264
625 0 0 -0.000165
630 0 0 -0.000114
635 0 0 -0.000156
640 0 0 -0.000239
645 0 0 -0.000288
650 0 0 -0.000250
655 0 0 -0.000170
660 0 0 -0.000114
665 0 0 -0.000130
670 0 0 -0.000187
675 0 0 -0.000230
680 0 0 -0.000223
685 0 0 -0.000191
690 0 0 -0.000172
695 0 0 -0.000194
700 0 0 -0.000242
705 0 0 -0.000288
710 0 0 -0.000312
715 0 0 -0.000325
720 0 0 -0.000346
725 0 0 -0.000384
730 0 0 -0.000415
735 0 0 -0.000404
740 0 0 -0.000335
745 0 0 -0.000256
750 0 0 -0.000232
755 0 0 -0.000303
760 0 0 -0.000408
765 0 0 -0.000460
770 0 0 -0.000403
775 0 0 -0.000296
780 0 0 -0.000230
785 0 0 -0.000265
790 0 0 -0.000349
795 0 0 -0.000402
800 0 0 -0.000367
805 0 0 -0.000273
810 0 0 -0.000174
815 0 0 -0.000112
820 0 0 -0.000093
825 0 0 -0.000114
830 0 0 -0.000167
835 0 0 -0.000232
840 0 0 -0.000288
845 0 0 -0.000315
850 0 0 -0.000314
855 0 0 -0.000288
860 0 0 -0.000244
865 0 0 -0.000199
870 0 0 -0.000174
875 0 0 -0.000181
880 0 0 -0.000207
885 0 0 -0.000232
890 0 0 -0.000241
895 0 0 -0.000238
900 0 0 -0.000230
905 0 0 -0.000225
910 0 0 -0.000225
915 0 0 -0.000230
920 0 0 -0.000238
925 0 0 -0.000242
930 0 0 -0.000230
935 0 0 -0.000199
940 0 0 -0.000170
945 0 0 -0.000172
950 0 0 -0.000221
955 0 0 -0.000291
960 0 0 -0.000346
965 0 0 -0.000358
970 0 0 -0.000333
975 0 0 -0.000288
980 0 0 -0.000237
985 0 0 -0.000194
990 0 0 -0.000174
995 0 0 -0.000187
1000 0 0 -0.000228
1005 0 0 -0.000288
1010 0 0 -0.000360
1015 0 0 -0.000439
1020 0 0 -0.000518
1025 0 0 -0.000592
1030 0 0 -0.000653
1035 0 0 -0.000690
1040 0 0 -0.000700
1045 0 0 -0.000710
1050 0 0 -0.000750
1055 0 0 -0.000843
1060 0 0 -0.000968
1065 0 0 -0.001094
1070 0 0 -0.001191
1075 0 0 -0.001237
1080 0 0 -0.001208
1085 0 0 -0.001103
1090 0 0 -0.000995
1095 0 0 -0.000978
1100 0 0 -0.001117
1105 0 0 -0.001357
1110 0 0 -0.001614
1115 0 0 -0.001819
1120 0 0 -0.001954
1125 0 0 -0.002016
1130 0 0 -0.002000
1135 0 0 -0.001891
1140 0 0 -0.001670
1145 0 0 -0.001340
1150 0 0 -0.000980
1155 0 0 -0.000690
1160 0 0 -0.000539
1165 0 0 -0.000487
1170 0 0 -0.000462
1175 0 0 -0.000417
1180 0 0 -0.000396
1185 0 0 -0.000462
1190 0 0 -0.000654
1195 0 0 -0.000898
1200 0 0 -0.001094
1205 0 0 -0.001167
1210 0 0 -0.001149
1215 0 0 -0.001096
1220 0 0 -0.001054
1225 0 0 -0.001020
1230 0 0 -0.000978
1235 0 0 -0.000918
1240 0 0 -0.000854
1245 0 0 -0.000806
1250 0 0 -0.000789
1255 0 0 -0.000794
1260 0 0 -0.000808
1265 0 0 -0.000819
1270 0 0 -0.000820
1275 0 0 -0.000808
1280 0 0 -0.000782
1285 0 0 -0.000756
1290 0 0 -0.000748
1295 0 0 -0.000769
1300 0 0 -0.000812
1305 0 0 -0.000864
1310 0 0 -0.000908
1315 0 0 -0.000918
1320 0 0 -0.000864
1325 0 0 -0.000733
1330 0 0 -0.000576
1335 0 0 -0.000460
1340 0 0 -0.000429
1345 0 0 -0.000434
1350 0 0 -0.000404
1355 0 0 -0.000295
1360 0 0 -0.000169
1365 0 0 -0.000116
1370 0 0 -0.000193
1375 0 0 -0.000325
1380 0 0 -0.000402
1385 0 0 -0.000352
1390 0 0 -0.000242
1395 0 0 -0.000174
1400 0 0 -0.000223
1405 0 0 -0.000343
1410 0 0 -0.000462
1415 0 0 -0.000522
1420 0 0 -0.000533
1425 0 0 -0.000518
1430 0 0 -0.000500
1435 0 0 -0.000481
1440 0 0 -0.000460
1445 0 0 -0.000436
1450 0 0 -0.000401
1455 0 0 -0.000346
1460 0 0 -0.000271
1465 0 0 -0.000202
1470 0 0 -0.000174
1475 0 0 -0.000209
1480 0 0 -0.000279
1485 0 0 -0.000346
1490 0 0 -0.000377
1495 0 0 -0.000374
1500 0 0 -0.000344
1505 0 0 -0.000299
1510 0 0 -0.000255
1515 0 0 -0.000232
1520 0 0 -0.000242
1525 0 0 -0.000268
1530 0 0 -0.000288
1535 0 0 -0.000287
1540 0 0 -0.000279
1545 0 0 -0.000288
1550 0 0 -0.000328
1555 0 0 -0.000377
1560 0 0 -0.000404
1565 0 0 -0.000388
1570 0 0 -0.000342
1575 0 0 -0.000288
1580 0 0 -0.000245
1585 0 0 -0.000223
1590 0 0 -0.000230
1595 0 0 -0.000267
1600 0 0 -0.000315
1605 0 0 -0.000346
1610 0 0 -0.000343
1615 0 0 -0.000317
1620 0 0 -0.000288
1625 0 0 -0.000272
1630 0 0 -0.000271
1635 0 0 -0.000288
1640 0 0 -0.000318
1645 0 0 -0.000344
1650 0 0 -0.000344
1655 0 0 -0.000306
1660 0 0 -0.000256
1665 0 0 -0.000230
1670 0 0 -0.000253
1675 0 0 -0.000302
1680 0 0 -0.000346
1685 0 0 -0.000357
1690 0 0 -0.000335
1695 0 0 -0.000288
1700 0 0 -0.000226
1705 0 0 -0.000177
1710 0 0 -0.000174
1715 0 0 -0.000237
1720 0 0 -0.000330
1725 0 0 -0.000404
1730 0 0 -0.000422
1735 0 0 -0.000395
1740 0 0 -0.000344
1745 0 0 -0.000291
1750 0 0 -0.000249
1755 0 0 -0.000230
1760 0 0 -0.000241
1765 0 0 -0.000267
1770 0 0 -0.000288
1775 0 0 -0.000290
1780 0 0 -0.000284
1785 0 0 -0.000288
1790 0 0 -0.000313
1795 0 0 -0.000341
1800 0 0 -0.000346
1805 0 0 -0.000312
1810 0 0 -0.000263
1815 0 0 -0.000230
1820 0 0 -0.000237
1825 0 0 -0.000266
1830 0 0 -0.000288
1835 0 0 -0.000287
1840 0 0 -0.000293
1845 0 0 -0.000346
1850 0 0 -0.000469
1855 0 0 -0.000608
1860 0 0 -0.000690
1865 0 0 -0.000671
1870 0 0 -0.000619
1875 0 0 -0.000634
1880 0 0 -0.000775
1885 0 0 -0.000952
1890 0 0 -0.001038
1895 0 0 -0.000946
1900 0 0 -0.000753
1905 0 0 -0.000576
1910 0 0 -0.000501
1915 0 0 -0.000487
1920 0 0 -0.000460
1925 0 0 -0.000370
1930 0 0 -0.000254
1935 0 0 -0.000172
1940 0 0 -0.000165
1945 0 0 -0.000200
1950 0 0 -0.000230
1955 0 0 -0.000218
1960 0 0 -0.000186
1965 0 0 -0.000172
1970 0 0 -0.000200
1975 0 0 -0.000249
1980 0 0 -0.000288
1985 0 0 -0.000293
1990 0 0 -0.000269
1995 0 0 -0.000232
2000 0 0 -0.000195
2005 0 0 -0.000171
2010 0 0 -0.000172
2015 0 0 -0.000205
2020 0 0 -0.000251
2025 0 0 -0.000288
2030 0 0 -0.000296
2035 0 0 -0.000276
2040 0 0 -0.000232
2045 0 0 -0.000173
2050 0 0 -0.000125
2055 0 0 -0.000116
2060 0 0 -0.000163
2065 0 0 -0.000235
2070 0 0 -0.000288
2075 0 0 -0.000290
2080 0 0 -0.000260
2085 0 0 -0.000232
2090 0 0 -0.000230
2095 0 0 -0.000251
2100 0 0 -0.000288
2105 0 0 -0.000331
2110 0 0 -0.000372
2115 0 0 -0.000404
2120 0 0 -0.000423
2125 0 0 -0.000437
2130 0 0 -0.000460
2135 0 0 -0.000497
2140 0 0 -0.000525
2145 0 0 -0.000518
2150 0 0 -0.000457
2155 0 0 -0.000368
2160 0 0 -0.000288
2165 0 0 -0.000246
2170 0 0 -0.000232
2175 0 0 -0.000230
2180 0 0 -0.000225
2185 0 0 -0.000223
2190 0 0 -0.000230
2195 0 0 -0.000252
2200 0 0 -0.000277
2205 0 0 -0.000288
2210 0 0 -0.000276
2215 0 0 -0.000251
2220 0 0 -0.000230
2225 0 0 -0.000226
2230 0 0 -0.000230
2235 0 0 -0.000230
2240 0 0 -0.000217
2245 0 0 -0.000196
2250 0 0 -0.000174
2255 0 0 -0.000159
2260 0 0 -0.000157
2265 0 0 -0.000174
2270 0 0 -0.000213
2275 0 0 -0.000258
2280 0 0 -0.000288
2285 0 0 -0.000289
2290 0 0 -0.000266
2295 0 0 -0.000230
2300 0 0 -0.000192
2305 0 0 -0.000168
2310 0 0 -0.000174
2315 0 0 -0.000216
2320 0 0 -0.000267
2325 0 0 -0.000288
2330 0 0 -0.000256
2335 0 0 -0.000203
2340 0 0 -0.000174
2345 0 0 -0.000197
2350 0 0 -0.000234
2355 0 0 -0.000230
2360 0 0 -0.000161
2365 0 0 -0.000121
2370 0 0 -0.000232
2375 0 0 -0.000563
2380 0 0 -0.000958
2385 0 0 -0.001208
2390 0 0 -0.001167
2395 0 0 -0.000953
2400 0 0 -0.000750
2405 0 0 -0.000693
2410 0 0 -0.000727
2415 0 0 -0.000750
2420 0 0 -0.000691
2425 0 0 -0.000605
2430 0 0 -0.000576
2435 0 0 -0.000668
2440 0 0 -0.000856
2445 0 0 -0.001094
2450 0 0 -0.001332
2455 0 0 -0.001508
2460 0 0 -0.001556
2465 0 0 -0.001442
2470 0 0 -0.001264
2475 0 0 -0.001152
2480 0 0 -0.001194
2485 0 0 -0.001311
2490 0 0 -0.001382
2495 0 0 -0.001332
2500 0 0 -0.001264
2505 0 0 -0.001324
2510 0 0 -0.001600
2515 0 0 -0.001940
2520 0 0 -0.002132
2525 0 0 -0.002029
2530 0 0 -0.001740
2535 0 0 -0.001440
2540 0 0 -0.001266
2545 0 0 -0.001205
2550 0 0 -0.001210
2555 0 0 -0.001236
2560 0 0 -0.001261
2565 0 0 -0.001268
2570 0 0 -0.001247
2575 0 0 -0.001219
2580 0 0 -0.001212
2585 0 0 -0.001254
2590 0 0 -0.001377
2595 0 0 -0.001612
2600 0 0 -0.001956
2605 0 0 -0.002266
2610 0 0 -0.002362
2615 0 0 -0.002132
2620 0 0 -0.001731
2625 0 0 -0.001382
2630 0 0 -0.001249
2635 0 0 -0.001270
2640 0 0 -0.001324
2645 0 0 -0.001317
2650 0 0 -0.001265
2655 0 0 -0.001210
2660 0 0 -0.001183
2665 0 0 -0.001172
2670 0 0 -0.001152
2675 0 0 -0.001109
2680 0 0 -0.001062
2685 0 0 -0.001038
2690 0 0 -0.001054
2695 0 0 -0.001084
2700 0 0 -0.001094
2705 0 0 -0.001060
2710 0 0 -0.001009
2715 0 0 -0.000980
2720 0 0 -0.000999
2725 0 0 -0.001047
2730 0 0 -0.001094
2735 0 0 -0.001115
2740 0 0 -0.001112
2745 0 0 -0.001094
2750 0 0 -0.001067
2755 0 0 -0.001029
2760 0 0 -0.000978
2765 0 0 -0.000912
2770 0 0 -0.000834
2775 0 0 -0.000750
2780 0 0 -0.000668
2785 0 0 -0.000603
2790 0 0 -0.000576
2795 0 0 -0.000595
2800 0 0 -0.000628
2805 0 0 -0.000634
2810 0 0 -0.000586
2815 0 0 -0.000514
2820 0 0 -0.000462
2825 0 0 -0.000460
2830 0 0 -0.000490
2835 0 0 -0.000518
2840 0 0 -0.000521
2845 0 0 -0.000513
2850 0 0 -0.000518
2855 0 0 -0.000548
2860 0 0 -0.000579
2865 0 0 -0.000576
2870 0 0 -0.000518
2875 0 0 -0.000443
2880 0 0 -0.000402
2885 0 0 -0.000426
2890 0 0 -0.000468
2895 0 0 -0.000462
2900 0 0 -0.000366
2905 0 0 -0.000241
2910 0 0 -0.000174
2915 0 0 -0.000223
2920 0 0 -0.000328
2925 0 0 -0.000402
2930 0 0 -0.000381
2935 0 0 -0.000303
2940 0 0 -0.000230
2945 0 0 -0.000207
2950 0 0 -0.000218
2955 0 0 -0.000230
2960 0 0 -0.000220
2965 0 0 -0.000210
2970 0 0 -0.000230
2975 0 0 -0.000297
2980 0 0 -0.000373
2985 0 0 -0.000404
2990 0 0 -0.000354
2995 0 0 -0.000260
3000 0 0 -0.000174
3005 0 0 -0.000138
3010 0 0 -0.000144
3015 0 0 -0.000174
3020 0 0 -0.000210
3025 0 0 -0.000249
3030 0 0 -0.000288
3035 0 0 -0.000324
3040 0 0 -0.000346
3045 0 0 -0.000344
3050 0 0 -0.000311
3055 0 0 -0.000265
3060 0 0 -0.000230
3065 0 0 -0.000223
3070 0 0 -0.000230
3075 0 0 -0.000230
3080 0 0 -0.000210
3085 0 0 -0.000183
3090 0 0 -0.000172
3095 0 0 -0.000192
3100 0 0 -0.000236
3105 0 0 -0.000288
3110 0 0 -0.000335
3115 0 0 -0.000360
3120 0 0 -0.000346
3125 0 0 -0.000286
3130 0 0 -0.000213
3135 0 0 -0.000172
3140 0 0 -0.000192
3145 0 0 -0.000245
3150 0 0 -0.000288
3155 0 0 -0.000290
3160 0 0 -0.000263
3165 0 0 -0.000230
3170 0 0 -0.000212
3175 0 0 -0.000212
3180 0 0 -0.000230
3185 0 0 -0.000263
3190 0 0 -0.000290
3195 0 0 -0.000288
3200 0 0 -0.000244
3205 0 0 -0.000190
3210 0 0 -0.000172
3215 0 0 -0.000218
3220 0 0 -0.000293
3225 0 0 -0.000346
3230 0 0 -0.000339
3235 0 0 -0.000291
3240 0 0 -0.000230
3245 0 0 -0.000184
3250 0 0 -0.000163
3255 0 0 -0.000172
3260 0 0 -0.000211
3265 0 0 -0.000259
3270 0 0 -0.000288
3275 0 0 -0.000285
3280 0 0 -0.000287
3285 0 0 -0.000346
3290 0 0 -0.000490
3295 0 0 -0.000654
3300 0 0 -0.000748
3305 0 0 -0.000713
3310 0 0 -0.000607
3315 0 0 -0.000518
3320 0 0 -0.000509
3325 0 0 -0.000547
3330 0 0 -0.000576
3335 0 0 -0.000555
3340 0 0 -0.000504
3345 0 0 -0.000460
3350 0 0 -0.000448
3355 0 0 -0.000457
3360 0 0 -0.000462
3365 0 0 -0.000448
3370 0 0 -0.000424
3375 0 0 -0.000404
3380 0 0 -0.000399
3385 0 0 -0.000402
3390 0 0 -0.000402
3395 0 0 -0.000392
3400 0 0 -0.000385
3405 0 0 -0.000402
3410 0 0 -0.000451
3415 0 0 -0.000503
3420 0 0 -0.000518
3425 0 0 -0.000472
3430 0 0 -0.000398
3435 0 0 -0.000346
3440 0 0 -0.000349
3445 0 0 -0.000382
3450 0 0 -0.000404
3455 0 0 -0.000384
3460 0 0 -0.000337
3465 0 0 -0.000288
3470 0 0 -0.000256
3475 0 0 -0.000239
3480 0 0 -0.000232
3485 0 0 -0.000228
3490 0 0 -0.000227
3495 0 0 -0.000230
3500 0 0 -0.000235
3505 0 0 -0.000238
3510 0 0 -0.000232
3515 0 0 -0.000216
3520 0 0 -0.000207
3525 0 0 -0.000230
3530 0 0 -0.000295
3535 0 0 -0.000369
3540 0 0 -0.000404
3545 0 0 -0.000370
3550 0 0 -0.000297
3555 0 0 -0.000230
3560 0 0 -0.000203
3565 0 0 -0.000209
3570 0 0 -0.000230
3575 0 0 -0.000250
3580 0 0 -0.000269
3585 0 0 -0.000288
3590 0 0 -0.000310
3595 0 0 -0.000330
3600 0 0 -0.000346
3605 0 0 -0.000353
3610 0 0 -0.000352
3615 0 0 -0.000346
3620 0 0 -0.000337
3625 0 0 -0.000334
3630 0 0 -0.000346
3635 0 0 -0.000378
3640 0 0 -0.000421
3645 0 0 -0.000460
3650 0 0 -0.000483
3655 0 0 -0.000486
3660 0 0 -0.000462
3665 0 0 -0.000416
3670 0 0 -0.000383
3675 0 0 -0.000402
3680 0 0 -0.000495
3685 0 0 -0.000600
3690 0 0 -0.000634
3695 0 0 -0.000543
3700 0 0 -0.000395
3705 0 0 -0.000288
3710 0 0 -0.000289
3715 0 0 -0.000353
3720 0 0 -0.000404
3725 0 0 -0.000385
3730 0 0 -0.000316
3735 0 0 -0.000232
3740 0 0 -0.000166
3745 0 0 -0.000126
3750 0 0 -0.000114
3755 0 0 -0.000131
3760 0 0 -0.000172
3765 0 0 -0.000230
3770 0 0 -0.000296
3775 0 0 -0.000344
3780 0 0 -0.000346
3785 0 0 -0.000286
3790 0 0 -0.000194
3795 0 0 -0.000116
3800 0 0 -0.000086
3805 0 0 -0.000107
3810 0 0 -0.000174
3815 0 0 -0.000276
3820 0 0 -0.000384
3825 0 0 -0.000460
3830 0 0 -0.000479
3835 0 0 -0.000454
3840 0 0 -0.000404
3845 0 0 -0.000352
3850 0 0 -0.000324
3855 0 0 -0.000346
3860 0 0 -0.000442
3865 0 0 -0.000629
3870 0 0 -0.000922
3875 0 0 -0.001311
3880 0 0 -0.001684
3885 0 0 -0.001902
3890 0 0 -0.001872
3895 0 0 -0.001676
3900 0 0 -0.001440
3905 0 0 -0.001263
3910 0 0 -0.001139
3915 0 0 -0.001038
3920 0 0 -0.000937
3925 0 0 -0.000852
3930 0 0 -0.000806
3935 0 0 -0.000813
3940 0 0 -0.000845
3945 0 0 -0.000864
3950 0 0 -0.000846
3955 0 0 -0.000813
3960 0 0 -0.000804
3965 0 0 -0.000839
3970 0 0 -0.000877
3975 0 0 -0.000864
3980 0 0 -0.000767
3985 0 0 -0.000644
3990 0 0 -0.000576
3995 0 0 -0.000618
4000 0 0 -0.000720
4005 0 0 -0.000806
4010 0 0 -0.000823
4015 0 0 -0.000804
4020 0 0 -0.000806
4025 0 0 -0.000867
4030 0 0 -0.000959
4035 0 0 -0.001038
4040 0 0 -0.001072
4045 0 0 -0.001080
4050 0 0 -0.001094
4055 0 0 -0.001137
4060 0 0 -0.001201
4065 0 0 -0.001266
4070 0 0 -0.001325
4075 0 0 -0.001408
4080 0 0 -0.001556
4085 0 0 -0.001789
4090 0 0 -0.002046
4095 0 0 -0.002246
4100 0 0 -0.002328
4105 0 0 -0.002314
4110 0 0 -0.002246
4115 0 0 -0.002155
4120 0 0 -0.002028
4125 0 0 -0.001844
4130 0 0 -0.001595
4135 0 0 -0.001340
4140 0 0 -0.001152
4145 0 0 -0.001085
4150 0 0 -0.001103
4155 0 0 -0.001152
4160 0 0 -0.001185
4165 0 0 -0.001201
4170 0 0 -0.001210
4175 0 0 -0.001217
4180 0 0 -0.001220
4185 0 0 -0.001210
4190 0 0 -0.001184
4195 0 0 -0.001143
4200 0 0 -0.001094
4205 0 0 -0.001038
4210 0 0 -0.000965
4215 0 0 -0.000864
4220 0 0 -0.000730
4225 0 0 -0.000586
4230 0 0 -0.000462
4235 0 0 -0.000381
4240 0 0 -0.000330
4245 0 0 -0.000288
4250 0 0 -0.000241
4255 0 0 -0.000197
4260 0 0 -0.000172
4265 0 0 -0.000176
4270 0 0 -0.000200
4275 0 0 -0.000230
4280 0 0 -0.000254
4285 0 0 -0.000273
4290 0 0 -0.000288
4295 0 0 -0.000301
4300 0 0 -0.000304
4305 0 0 -0.000288
4310 0 0 -0.000248
4315 0 0 -0.000202
4320 0 0 -0.000172
4325 0 0 -0.000174
4330 0 0 -0.000199
4335 0 0 -0.000230
4340 0 0 -0.000254
4345 0 0 -0.000272
4350 0 0 -0.000288
4355 0 0 -0.000302
4360 0 0 -0.000306
4365 0 0 -0.000288
4370 0 0 -0.000243
4375 0 0 -0.000195
4380 0 0 -0.000174
4385 0 0 -0.000201
4390 0 0 -0.000251
4395 0 0 -0.000288
4400 0 0 -0.000287
4405 0 0 -0.000261
4410 0 0 -0.000230
4415 0 0 -0.000213
4420 0 0 -0.000213
4425 0 0 -0.000230
4430 0 0 -0.000260
4435 0 0 -0.000286
4440 0 0 -0.000288
4445 0 0 -0.000255
4450 0 0 -0.000206
4455 0 0 -0.000172
4460 0 0 -0.000173
4465 0 0 -0.000198
4470 0 0 -0.000230
4475 0 0 -0.000253
4480 0 0 -0.000271
4485 0 0 -0.000288
4490 0 0 -0.000307
4495 0 0 -0.000314
4500 0 0 -0.000288
4505 0 0 -0.000221
4510 0 0 -0.000148
4515 0 0 -0.000114
4520 0 0 -0.000149
4525 0 0 -0.000222
4530 0 0 -0.000288
4535 0 0 -0.000313
4540 0 0 -0.000305
4545 0 0 -0.000288
4550 0 0 -0.000276
4555 0 0 -0.000261
4560 0 0 -0.000232
4565 0 0 -0.000182
4570 0 0 -0.000134
4575 0 0 -0.000116
4580 0 0 -0.000149
4585 0 0 -0.000215
4590 0 0 -0.000288
4595 0 0 -0.000344
4600 0 0 -0.000367
4605 0 0 -0.000346
4610 0 0 -0.000276
4615 0 0 -0.000187
4620 0 0 -0.000116
4625 0 0 -0.000094
4630 0 0 -0.000117
4635 0 0 -0.000174
4640 0 0 -0.000251
4645 0 0 -0.000318
4650 0 0 -0.000344
4655 0 0 -0.000308
4660 0 0 -0.000237
4665 0 0 -0.000172
4670 0 0 -0.000143
4675 0 0 -0.000148
4680 0 0 -0.000174
4685 0 0 -0.000210
4690 0 0 -0.000250
4695 0 0 -0.000288
4700 0 0 -0.000316
4705 0 0 -0.000322
4710 0 0 -0.000288
4715 0 0 -0.000214
4720 0 0 -0.000153
4725 0 0 -0.000174
4730 0 0 -0.000318
4735 0 0 -0.000520
4740 0 0 -0.000692
4745 0 0 -0.000766
4750 0 0 -0.000768
4755 0 0 -0.000748
4760 0 0 -0.000744
4765 0 0 -0.000750
4770 0 0 -0.000748
4775 0 0 -0.000723
4780 0 0 -0.000668
4785 0 0 -0.000576
4790 0 0 -0.000452
4795 0 0 -0.000338
4800 0 0 -0.000288
4805 0 0 -0.000332
4810 0 0 -0.000416
4815 0 0 -0.000462
4820 0 0 -0.000416
4825 0 0 -0.000318
4830 0 0 -0.000230
4835 0 0 -0.000199
4840 0 0 -0.000210
4845 0 0 -0.000232
4850 0 0 -0.000240
4855 0 0 -0.000237
4860 0 0 -0.000230
4865 0 0 -0.000227
4870 0 0 -0.000228
4875 0 0 -0.000230
4880 0 0 -0.000231
4885 0 0 -0.000231
4890 0 0 -0.000230
4895 0 0 -0.000228
4900 0 0 -0.000227
4905 0 0 -0.000230
4910 0 0 -0.000237
4915 0 0 -0.000240
4920 0 0 -0.000230
4925 0 0 -0.000202
4930 0 0 -0.000174
4935 0 0 -0.000172
4940 0 0 -0.000209
4945 0 0 -0.000260
4950 0 0 -0.000288
4955 0 0 -0.000269
4960 0 0 -0.000220
4965 0 0 -0.000172
4970 0 0 -0.000148
4975 0 0 -0.000150
4980 0 0 -0.000172
4985 0 0 -0.000209
4990 0 0 -0.000251
4995 0 0 -0.000288
5000 0 0 -0.000310
5005 0 0 -0.000312
5010 0 0 -0.000288
5015 0 0 -0.000240
5020 0 0 -0.000191
5025 0 0 -0.000172
5030 0 0 -0.000200
5035 0 0 -0.000251
5040 0 0 -0.000288
5045 0 0 -0.000288
5050 0 0 -0.000275
5055 0 0 -0.000288
5060 0 0 -0.000350
5065 0 0 -0.000425
5070 0 0 -0.000462
5075 0 0 -0.000428
5080 0 0 -0.000354
5085 0 0 -0.000288
5090 0 0 -0.000265
5095 0 0 -0.000274
5100 0 0 -0.000290
5105 0 0 -0.000296
5110 0 0 -0.000293
5115 0 0 -0.000288
5120 0 0 -0.000287
5125 0 0 -0.000289
5130 0 0 -0.000288
5135 0 0 -0.000282
5140 0 0 -0.000264
5145 0 0 -0.000230
5150 0 0 -0.000181
5155 0 0 -0.000148
5160 0 0 -0.000172
5165 0 0 -0.000274
5170 0 0 -0.000411
5175 0 0 -0.000520
5180 0 0 -0.000555
5185 0 0 -0.000527
5190 0 0 -0.000460
5195 0 0 -0.000380
5200 0 0 -0.000314
5205 0 0 -0.000288
5210 0 0 -0.000317
5215 0 0 -0.000370
5220 0 0 -0.000404
5225 0 0 -0.000389
5230 0 0 -0.000341
5235 0 0 -0.000288
5240 0 0 -0.000252
5245 0 0 -0.000235
5250 0 0 -0.000230
5255 0 0 -0.000235
5260 0 0 -0.000252
5265 0 0 -0.000288
5270 0 0 -0.000339
5275 0 0 -0.000372
5280 0 0 -0.000346
5285 0 0 -0.000244
5290 0 0 -0.000150
5295 0 0 -0.000174
5300 0 0 -0.000388
5305 0 0 -0.000714
5310 0 0 -0.001036
5315 0 0 -0.001267
5320 0 0 -0.001440
5325 0 0 -0.001614
5330 0 0 -0.001820
5335 0 0 -0.001959
5340 0 0 -0.001902
5345 0 0 -0.001575
5350 0 0 -0.001124
5355 0 0 -0.000748
5360 0 0 -0.000597
5365 0 0 -0.000615
5370 0 0 -0.000692
5375 0 0 -0.000746
5380 0 0 -0.000790
5385 0 0 -0.000864
5390 0 0 -0.001001
5395 0 0 -0.001211
5400 0 0 -0.001498
5405 0 0 -0.001846
5410 0 0 -0.002155
5415 0 0 -0.002304
5420 0 0 -0.002211
5425 0 0 -0.001944
5430 0 0 -0.001612
5435 0 0 -0.001307
5440 0 0 -0.001068
5445 0 0 -0.000920
5450 0 0 -0.000875
5455 0 0 -0.000892
5460 0 0 -0.000920
5465 0 0 -0.000917
5470 0 0 -0.000892
5475 0 0 -0.000864
5480 0 0 -0.000851
5485 0 0 -0.000852
5490 0 0 -0.000864
5495 0 0 -0.000882
5500 0 0 -0.000903
5505 0 0 -0.000922
5510 0 0 -0.000934
5515 0 0 -0.000936
5520 0 0 -0.000922
5525 0 0 -0.000891
5530 0 0 -0.000849
5535 0 0 -0.000806
5540 0 0 -0.000776
5545 0 0 -0.000785
5550 0 0 -0.000864
5555 0 0 -0.001023
5560 0 0 -0.001189
5565 0 0 -0.001266
5570 0 0 -0.001194
5575 0 0 -0.001045
5580 0 0 -0.000922
5585 0 0 -0.000900
5590 0 0 -0.000927
5595 0 0 -0.000922
5600 0 0 -0.000830
5605 0 0 -0.000706
5610 0 0 -0.000634
5615 0 0 -0.000672
5620 0 0 -0.000773
5625 0 0 -0.000864
5630 0 0 -0.000887
5635 0 0 -0.000844
5640 0 0 -0.000748
5645 0 0 -0.000619
5650 0 0 -0.000491
5655 0 0 -0.000402
5660 0 0 -0.000376
5665 0 0 -0.000389
5670 0 0 -0.000402
5675 0 0 -0.000386
5680 0 0 -0.000345
5685 0 0 -0.000288
5690 0 0 -0.000229
5695 0 0 -0.000184
5700 0 0 -0.000174
5705 0 0 -0.000208
5710 0 0 -0.000258
5715 0 0 -0.000288
5720 0 0 -0.000274
5725 0 0 -0.000241
5730 0 0 -0.000230
5735 0 0 -0.000266
5740 0 0 -0.000319
5745 0 0 -0.000346
5750 0 0 -0.000317
5755 0 0 -0.000250
5760 0 0 -0.000174
5765 0 0 -0.000117
5770 0 0 -0.000094
5775 0 0 -0.000116
5780 0 0 -0.000187
5785 0 0 -0.000276
5790 0 0 -0.000344
5795 0 0 -0.000360
5800 0 0 -0.000335
5805 0 0 -0.000288
5810 0 0 -0.000237
5815 0 0 -0.000196
5820 0 0 -0.000174
5825 0 0 -0.000179
5830 0 0 -0.000202
5835 0 0 -0.000230
5840 0 0 -0.000252
5845 0 0 -0.000270
5850 0 0 -0.000288
5855 0 0 -0.000306
5860 0 0 -0.000311
5865 0 0 -0.000288
5870 0 0 -0.000229
5875 0 0 -0.000160
5880 0 0 -0.000116
5885 0 0 -0.000122
5890 0 0 -0.000167
5895 0 0 -0.000232
5900 0 0 -0.000297
5905 0 0 -0.000342
5910 0 0 -0.000346
5915 0 0 -0.000298
5920 0 0 -0.000226
5925 0 0 -0.000172
5930 0 0 -0.000163
5935 0 0 -0.000190
5940 0 0 -0.000230
5945 0 0 -0.000265
5950 0 0 -0.000287
5955 0 0 -0.000288
5960 0 0 -0.000267
5965 0 0 -0.000242
5970 0 0 -0.000232
5975 0 0 -0.000251
5980 0 0 -0.000280
5985 0 0 -0.000288
5990 0 0 -0.000258
5995 0 0 -0.000210
6000 0 0 -0.000174
6005 0 0 -0.000173
6010 0 0 -0.000198
6015 0 0 -0.000232
6020 0 0 -0.000260
6025 0 0 -0.000279
6030 0 0 -0.000288
6035 0 0 -0.000285
6040 0 0 -0.000266
6045 0 0 -0.000230
6050 0 0 -0.000177
6055 0 0 -0.000130
6060 0 0 -0.000116
6065 0 0 -0.000152
6070 0 0 -0.000218
6075 0 0 -0.000288
6080 0 0 -0.000336
6085 0 0 -0.000356
6090 0 0 -0.000344
6095 0 0 -0.000301
6100 0 0 -0.000238
6105 0 0 -0.000172
6110 0 0 -0.000117
6115 0 0 -0.000092
6120 0 0 -0.000116
6125 0 0 -0.000195
6130 0 0 -0.000288
6135 0 0 -0.000344
6140 0 0 -0.000327
6145 0 0 -0.000272
6150 0 0 -0.000232
6155 0 0 -0.000243
6160 0 0 -0.000276
6165 0 0 -0.000288
6170 0 0 -0.000252
6175 0 0 -0.000212
6180 0 0 -0.000230
6185 0 0 -0.000345
6190 0 0 -0.000504
6195 0 0 -0.000634
6200 0 0 -0.000681
6205 0 0 -0.000681
6210 0 0 -0.000692
6215 0 0 -0.000751
6220 0 0 -0.000812
6225 0 0 -0.000806
6230 0 0 -0.000694
6235 0 0 -0.000547
6240 0 0 -0.000462
6245 0 0 -0.000506
6250 0 0 -0.000614
6255 0 0 -0.000690
6260 0 0 -0.000662
6265 0 0 -0.000565
6270 0 0 -0.000460
6275 0 0 -0.000398
6280 0 0 -0.000395
6285 0 0 -0.000460
6290 0 0 -0.000591
6295 0 0 -0.000758
6300 0 0 -0.000922
6305 0 0 -0.001054
6310 0 0 -0.001163
6315 0 0 -0.001268
6320 0 0 -0.001380
6325 0 0 -0.001469
6330 0 0 -0.001498
6335 0 0 -0.001440
6340 0 0 -0.001314
6345 0 0 -0.001152
6350 0 0 -0.000994
6355 0 0 -0.000925
6360 0 0 -0.001038
6365 0 0 -0.001377
6370 0 0 -0.001790
6375 0 0 -0.002074
6380 0 0 -0.002081
6385 0 0 -0.001885
6390 0 0 -0.001614
6395 0 0 -0.001377
6400 0 0 -0.001202
6405 0 0 -0.001096
6410 0 0 -0.001055
6415 0 0 -0.001034
6420 0 0 -0.000978
6425 0 0 -0.000851
6430 0 0 -0.000696
6435 0 0 -0.000576
6440 0 0 -0.000537
6445 0 0 -0.000552
6450 0 0 -0.000576
6455 0 0 -0.000577
6460 0 0 -0.000569
6465 0 0 -0.000576
6470 0 0 -0.000612
6475 0 0 -0.000646
6480 0 0 -0.000634
6485 0 0 -0.000550
6490 0 0 -0.000435
6495 0 0 -0.000344
6500 0 0 -0.000319
6505 0 0 -0.000333
6510 0 0 -0.000346
6515 0 0 -0.000328
6520 0 0 -0.000298
6525 0 0 -0.000288
6530 0 0 -0.000319
6535 0 0 -0.000369
6540 0 0 -0.000404
6545 0 0 -0.000401
6550 0 0 -0.000374
6555 0 0 -0.000346
6560 0 0 -0.000335
6565 0 0 -0.000338
6570 0 0 -0.000346
6575 0 0 -0.000351
6580 0 0 -0.000352
6585 0 0 -0.000346
6590 0 0 -0.000337
6595 0 0 -0.000347
6600 0 0 -0.000402
6605 0 0 -0.000518
6610 0 0 -0.000665
6615 0 0 -0.000806
6620 0 0 -0.000900
6625 0 0 -0.000912
6630 0 0 -0.000806
6635 0 0 -0.000578
6640 0 0 -0.000352
6645 0 0 -0.000288
6650 0 0 -0.000478
6655 0 0 -0.000763
6660 0 0 -0.000920
6665 0 0 -0.000795
6670 0 0 -0.000518
6675 0 0 -0.000288
6680 0 0 -0.000254
6685 0 0 -0.000364
6690 0 0 -0.000518
6695 0 0 -0.000631
6700 0 0 -0.000688
6705 0 0 -0.000690
6710 0 0 -0.000643
6715 0 0 -0.000560
6720 0 0 -0.000460
6725 0 0 -0.000367
6730 0 0 -0.000344
6735 0 0 -0.000462
6740 0 0 -0.000750
6745 0 0 -0.001077
6750 0 0 -0.001268
6755 0 0 -0.001205
6760 0 0 -0.000982
6765 0 0 -0.000748
6770 0 0 -0.000618
6775 0 0 -0.000576
6780 0 0 -0.000576
6785 0 0 -0.000579
6790 0 0 -0.000593
6795 0 0 -0.000634
6800 0 0 -0.000713
6805 0 0 -0.000817
6810 0 0 -0.000922
6815 0 0 -0.001011
6820 0 0 -0.001071
6825 0 0 -0.001092
6830 0 0 -0.001069
6835 0 0 -0.001008
6840 0 0 -0.000920
6845 0 0 -0.000822
6850 0 0 -0.000750
6855 0 0 -0.000748
6860 0 0 -0.000843
6865 0 0 -0.000996
6870 0 0 -0.001152
6875 0 0 -0.001264
6880 0 0 -0.001308
6885 0 0 -0.001268
6890 0 0 -0.001139
6895 0 0 -0.000966
6900 0 0 -0.000806
6905 0 0 -0.000705
6910 0 0 -0.000668
6915 0 0 -0.000692
6920 0 0 -0.000763
6925 0 0 -0.000838
6930 0 0 -0.000864
6935 0 0 -0.000810
6940 0 0 -0.000728
6945 0 0 -0.000690
6950 0 0 -0.000747
6955 0 0 -0.000863
6960 0 0 -0.000978
6965 0 0 -0.001045
6970 0 0 -0.001062
6975 0 0 -0.001036
6980 0 0 -0.000980
6985 0 0 -0.000929
6990 0 0 -0.000922
6995 0 0 -0.000981
7000 0 0 -0.001059
7005 0 0 -0.001094
7010 0 0 -0.001047
7015 0 0 -0.000980
7020 0 0 -0.000978
7025 0 0 -0.001104
7030 0 0 -0.001332
7035 0 0 -0.001612
7040 0 0 -0.001884
7045 0 0 -0.002040
7050 0 0 -0.001958
7055 0 0 -0.001582
7060 0 0 -0.001111
7065 0 0 -0.000806
7070 0 0 -0.000846
7075 0 0 -0.001079
7080 0 0 -0.001268
7085 0 0 -0.001240
7090 0 0 -0.001076
7095 0 0 -0.000920
7100 0 0 -0.000882
7105 0 0 -0.000940
7110 0 0 -0.001038
7115 0 0 -0.001128
7120 0 0 -0.001190
7125 0 0 -0.001210
7130 0 0 -0.001182
7135 0 0 -0.001132
7140 0 0 -0.001094
7145 0 0 -0.001094
7150 0 0 -0.001119
7155 0 0 -0.001152
7160 0 0 -0.001173
7165 0 0 -0.001176
7170 0 0 -0.001152
7175 0 0 -0.001101
7180 0 0 -0.001037
7185 0 0 -0.000980
7190 0 0 -0.000944
7195 0 0 -0.000927
7200 0 0 -0.000922
7205 0 0 -0.000923
7210 0 0 -0.000924
7215 0 0 -0.000920
7220 0 0 -0.000908
7225 0 0 -0.000889
7230 0 0 -0.000864
7235 0 0 -0.000835
7240 0 0 -0.000798
7245 0 0 -0.000748
7250 0 0 -0.000683
7255 0 0 -0.000605
7260 0 0 -0.000520
7265 0 0 -0.000434
7270 0 0 -0.000353
7275 0 0 -0.000288
7280 0 0 -0.000245
7285 0 0 -0.000225
7290 0 0 -0.000230
7295 0 0 -0.000256
7300 0 0 -0.000283
7305 0 0 -0.000288
7310 0 0 -0.000256
7315 0 0 -0.000208
7320 0 0 -0.000172
7325 0 0 -0.000169
7330 0 0 -0.000194
7335 0 0 -0.000232
7340 0 0 -0.000270
7345 0 0 -0.000294
7350 0 0 -0.000288
7355 0 0 -0.000246
7360 0 0 -0.000196
7365 0 0 -0.000172
7370 0 0 -0.000199
7375 0 0 -0.000250
7380 0 0 -0.000288
7385 0 0 -0.000284
7390 0 0 -0.000256
7395 0 0 -0.000230
7400 0 0 -0.000226
7405 0 0 -0.000232
7410 0 0 -0.000230
7415 0 0 -0.000208
7420 0 0 -0.000181
7425 0 0 -0.000174
7430 0 0 -0.000201
7435 0 0 -0.000247
7440 0 0 -0.000288
7445 0 0 -0.000307
7450 0 0 -0.000304
7455 0 0 -0.000288
7460 0 0 -0.000265
7465 0 0 -0.000243
7470 0 0 -0.000230
7475 0 0 -0.000232
7480 0 0 -0.000236
7485 0 0 -0.000230
7490 0 0 -0.000204
7495 0 0 -0.000177
7500 0 0 -0.000172
7505 0 0 -0.000205
7510 0 0 -0.000254
7515 0 0 -0.000288
7520 0 0 -0.000285
7525 0 0 -0.000259
7530 0 0 -0.000230
7535 0 0 -0.000216
7540 0 0 -0.000218
7545 0 0 -0.000232
7550 0 0 -0.000253
7555 0 0 -0.000274
7560 0 0 -0.000288
7565 0 0 -0.000287
7570 0 0 -0.000268
7575 0 0 -0.000230
7580 0 0 -0.000175
7585 0 0 -0.000127
7590 0 0 -0.000116
7595 0 0 -0.000159
7600 0 0 -0.000230
7605 0 0 -0.000288
7610 0 0 -0.000306
7615 0 0 -0.000298
7620 0 0 -0.000288
7625 0 0 -0.000294
7630 0 0 -0.000301
7635 0 0 -0.000288
7640 0 0 -0.000244
7645 0 0 -0.000208
7650 0 0 -0.000230
7655 0 0 -0.000353
7660 0 0 -0.000583
7665 0 0 -0.000920
7670 0 0 -0.001341
7675 0 0 -0.001747
7680 0 0 -0.002016
7685 0 0 -0.002067
7690 0 0 -0.001972
7695 0 0 -0.001844
7700 0 0 -0.001759
7705 0 0 -0.001656
7710 0 0 -0.001440
7715 0 0 -0.001063
7720 0 0 -0.000671
7725 0 0 -0.000462
7730 0 0 -0.000566
7735 0 0 -0.000859
7740 0 0 -0.001152
7745 0 0 -0.001297
7750 0 0 -0.001300
7755 0 0 -0.001210
7760 0 0 -0.001069
7765 0 0 -0.000907
7770 0 0 -0.000748
7775 0 0 -0.000619
7780 0 0 -0.000550
7785 0 0 -0.000576
7790 0 0 -0.000707
7795 0 0 -0.000872
7800 0 0 -0.000978
7805 0 0 -0.000960
7810 0 0 -0.000860
7815 0 0 -0.000748
7820 0 0 -0.000682
7825 0 0 -0.000665
7830 0 0 -0.000692
7835 0 0 -0.000748
7840 0 0 -0.000799
7845 0 0 -0.000806
7850 0 0 -0.000752
7855 0 0 -0.000718
7860 0 0 -0.000806
7865 0 0 -0.001070
7870 0 0 -0.001366
7875 0 0 -0.001498
7880 0 0 -0.001341
7885 0 0 -0.001040
7890 0 0 -0.000806
7895 0 0 -0.000794
7900 0 0 -0.000918
7905 0 0 -0.001036
7910 0 0 -0.001038
7915 0 0 -0.000958
7920 0 0 -0.000864
7925 0 0 -0.000813
7930 0 0 -0.000814
7935 0 0 -0.000864
7940 0 0 -0.000953
7945 0 0 -0.001044
7950 0 0 -0.001094
7955 0 0 -0.001076
7960 0 0 -0.001035
7965 0 0 -0.001036
7970 0 0 -0.001115
7975 0 0 -0.001204
7980 0 0 -0.001210
7985 0 0 -0.001076
7990 0 0 -0.000897
7995 0 0 -0.000806
8000 0 0 -0.000896
8005 0 0 -0.001104
8010 0 0 -0.001324
8015 0 0 -0.001471
8020 0 0 -0.001528
8025 0 0 -0.001498
8030 0 0 -0.001389
8035 0 0 -0.001239
8040 0 0 -0.001094
8045 0 0 -0.000988
8050 0 0 -0.000917
8055 0 0 -0.000866
8060 0 0 -0.000825
8065 0 0 -0.000801
8070 0 0 -0.000806
8075 0 0 -0.000846
8080 0 0 -0.000909
8085 0 0 -0.000978
8090 0 0 -0.001037
8095 0 0 -0.001077
8100 0 0 -0.001094
8105 0 0 -0.001085
8110 0 0 -0.001060
8115 0 0 -0.001036
8120 0 0 -0.001022
8125 0 0 -0.001008
8130 0 0 -0.000980
8135 0 0 -0.000934
8140 0 0 -0.000916
8145 0 0 -0.000980
8150 0 0 -0.001154
8155 0 0 -0.001347
8160 0 0 -0.001440
8165 0 0 -0.001350
8170 0 0 -0.001143
8175 0 0 -0.000924
8180 0 0 -0.000783
8185 0 0 -0.000756
8190 0 0 -0.000862
8195 0 0 -0.001095
8200 0 0 -0.001336
8205 0 0 -0.001440
8210 0 0 -0.001314
8215 0 0 -0.001082
8220 0 0 -0.000922
8225 0 0 -0.000957
8230 0 0 -0.001100
8235 0 0 -0.001210
8240 0 0 -0.001184
8245 0 0 -0.001076
8250 0 0 -0.000978
8255 0 0 -0.000959
8260 0 0 -0.000995
8265 0 0 -0.001036
8270 0 0 -0.001048
8275 0 0 -0.001055
8280 0 0 -0.001096
8285 0 0 -0.001197
8290 0 0 -0.001341
8295 0 0 -0.001498
8300 0 0 -0.001641
8305 0 0 -0.001745
8310 0 0 -0.001786
8315 0 0 -0.001754
8320 0 0 -0.001696
8325 0 0 -0.001670
8330 0 0 -0.001715
8335 0 0 -0.001779
8340 0 0 -0.001786
8345 0 0 -0.001689
8350 0 0 -0.001545
8355 0 0 -0.001440
8360 0 0 -0.001429
8365 0 0 -0.001457
8370 0 0 -0.001440
8375 0 0 -0.001329
8380 0 0 -0.001213
8385 0 0 -0.001212
8390 0 0 -0.001406
8395 0 0 -0.001701
8400 0 0 -0.001958
8405 0 0 -0.002071
8410 0 0 -0.002055
8415 0 0 -0.001958
8420 0 0 -0.001825
8425 0 0 -0.001697
8430 0 0 -0.001614
8435 0 0 -0.001601
8440 0 0 -0.001619
8445 0 0 -0.001614
8450 0 0 -0.001548
8455 0 0 -0.001454
8460 0 0 -0.001382
8465 0 0 -0.001367
8470 0 0 -0.001381
8475 0 0 -0.001382
8480 0 0 -0.001342
8485 0 0 -0.001290
8490 0 0 -0.001268
8495 0 0 -0.001303
8500 0 0 -0.001359
8505 0 0 -0.001384
8510 0 0 -0.001342
8515 0 0 -0.001266
8520 0 0 -0.001208
8525 0 0 -0.001204
8530 0 0 -0.001235
8535 0 0 -0.001268
8540 0 0 -0.001280
8545 0 0 -0.001289
8550 0 0 -0.001326
8555 0 0 -0.001405
8560 0 0 -0.001482
8565 0 0 -0.001496
8570 0 0 -0.001417
8575 0 0 -0.001323
8580 0 0 -0.001324
8585 0 0 -0.001482
8590 0 0 -0.001688
8595 0 0 -0.001786
8600 0 0 -0.001673
8605 0 0 -0.001450
8610 0 0 -0.001268
8615 0 0 -0.001240
8620 0 0 -0.001324
8625 0 0 -0.001440
8630 0 0 -0.001520
8635 0 0 -0.001556
8640 0 0 -0.001554
8645 0 0 -0.001523
8650 0 0 -0.001493
8655 0 0 -0.001498
8660 0 0 -0.001557
8665 0 0 -0.001633
8670 0 0 -0.001672
8675 0 0 -0.001639
8680 0 0 -0.001566
8685 0 0 -0.001498
8690 0 0 -0.001472
8695 0 0 -0.001479
8700 0 0 -0.001498
8705 0 0 -0.001509
8710 0 0 -0.001495
8715 0 0 -0.001440
8720 0 0 -0.001334
8725 0 0 -0.001192
8730 0 0 -0.001036
8735 0 0 -0.000884
8740 0 0 -0.000733
8745 0 0 -0.000576
8750 0 0 -0.000412
8755 0 0 -0.000267
8760 0 0 -0.000174
8765 0 0 -0.000153
8770 0 0 -0.000184
8775 0 0 -0.000232
8780 0 0 -0.000270
8785 0 0 -0.000290
8790 0 0 -0.000288
8795 0 0 -0.000264
8800 0 0 -0.000238
8805 0 0 -0.000230
8810 0 0 -0.000255
8815 0 0 -0.000286
8820 0 0 -0.000288
8825 0 0 -0.000241
8830 0 0 -0.000185
8835 0 0 -0.000174
8840 0 0 -0.000242
8845 0 0 -0.000340
8850 0 0 -0.000402
8855 0 0 -0.000379
8860 0 0 -0.000304
8865 0 0 -0.000230
8870 0 0 -0.000199
8875 0 0 -0.000204
8880 0 0 -0.000230
8885 0 0 -0.000260
8890 0 0 -0.000282
8895 0 0 -0.000288
8900 0 0 -0.000271
8905 0 0 -0.000246
8910 0 0 -0.000230
8915 0 0 -0.000237
8920 0 0 -0.000261
8925 0 0 -0.000288
8930 0 0 -0.000307
8935 0 0 -0.000310
8940 0 0 -0.000288
8945 0 0 -0.000240
8950 0 0 -0.000190
8955 0 0 -0.000172
8960 0 0 -0.000204
8965 0 0 -0.000257
8970 0 0 -0.000288
8975 0 0 -0.000268
8980 0 0 -0.000219
8985 0 0 -0.000174
8990 0 0 -0.000160
8995 0 0 -0.000166
9000 0 0 -0.000172
9005 0 0 -0.000166
9010 0 0 -0.000159
9015 0 0 -0.000172
9020 0 0 -0.000215
9025 0 0 -0.000264
9030 0 0 -0.000288
9035 0 0 -0.000266
9040 0 0 -0.000217
9045 0 0 -0.000174
9050 0 0 -0.000161
9055 0 0 -0.000181
9060 0 0 -0.000230
9065 0 0 -0.000301
9070 0 0 -0.000369
9075 0 0 -0.000404
9080 0 0 -0.000388
9085 0 0 -0.000339
9090 0 0 -0.000288
9095 0 0 -0.000256
9100 0 0 -0.000240
9105 0 0 -0.000230
9110 0 0 -0.000221
9115 0 0 -0.000232
9120 0 0 -0.000288
9125 0 0 -0.000399
9130 0 0 -0.000517
9135 0 0 -0.000576
9140 0 0 -0.000532
9145 0 0 -0.000419
9150 0 0 -0.000288
9155 0 0 -0.000193
9160 0 0 -0.000192
9165 0 0 -0.000344
9170 0 0 -0.000675
9175 0 0 -0.001085
9180 0 0 -0.001440
9185 0 0 -0.001632
9190 0 0 -0.001648
9195 0 0 -0.001496
9200 0 0 -0.001204
9205 0 0 -0.000862
9210 0 0 -0.000576
9215 0 0 -0.000425
9220 0 0 -0.000371
9225 0 0 -0.000346
9230 0 0 -0.000307
9235 0 0 -0.000302
9240 0 0 -0.000402
9245 0 0 -0.000643
9250 0 0 -0.000921
9255 0 0 -0.001096
9260 0 0 -0.001075
9265 0 0 -0.000951
9270 0 0 -0.000864
9275 0 0 -0.000912
9280 0 0 -0.001026
9285 0 0 -0.001092
9290 0 0 -0.001033
9295 0 0 -0.000907
9300 0 0 -0.000806
9305 0 0 -0.000793
9310 0 0 -0.000818
9315 0 0 -0.000806
9320 0 0 -0.000702
9325 0 0 -0.000546
9330 0 0 -0.000402
9335 0 0 -0.000324
9340 0 0 -0.000324
9345 0 0 -0.000404
9350 0 0 -0.000554
9355 0 0 -0.000713
9360 0 0 -0.000806
9365 0 0 -0.000781
9370 0 0 -0.000667
9375 0 0 -0.000516
9380 0 0 -0.000378
9385 0 0 -0.000304
9390 0 0 -0.000346
9395 0 0 -0.000524
9400 0 0 -0.000725
9405 0 0 -0.000806
9410 0 0 -0.000672
9415 0 0 -0.000428
9420 0 0 -0.000232
9425 0 0 -0.000195
9430 0 0 -0.000250
9435 0 0 -0.000288
9440 0 0 -0.000242
9445 0 0 -0.000227
9450 0 0 -0.000402
9455 0 0 -0.000854
9460 0 0 -0.001386
9465 0 0 -0.001728
9470 0 0 -0.001690
9475 0 0 -0.001394
9480 0 0 -0.001038
9485 0 0 -0.000782
9490 0 0 -0.000624
9495 0 0 -0.000520
9500 0 0 -0.000440
9505 0 0 -0.000407
9510 0 0 -0.000460
9515 0 0 -0.000615
9520 0 0 -0.000814
9525 0 0 -0.000978
9530 0 0 -0.001053
9535 0 0 -0.001087
9540 0 0 -0.001152
9545 0 0 -0.001286
9550 0 0 -0.001388
9555 0 0 -0.001324
9560 0 0 -0.001012
9565 0 0 -0.000585
9570 0 0 -0.000230
9575 0 0 -0.000087
9580 0 0 -0.000102
9585 0 0 -0.000174
9590 0 0 -0.000221
9595 0 0 -0.000236
9600 0 0 -0.000232
9605 0 0 -0.000223
9610 0 0 -0.000233
9615 0 0 -0.000288
9620 0 0 -0.000408
9625 0 0 -0.000585
9630 0 0 -0.000806
9635 0 0 -0.001043
9640 0 0 -0.001210
9645 0 0 -0.001208
9650 0 0 -0.000983
9655 0 0 -0.000658
9660 0 0 -0.000404
9665 0 0 -0.000341
9670 0 0 -0.000400
9675 0 0 -0.000462
9680 0 0 -0.000443
9685 0 0 -0.000395
9690 0 0 -0.000402
9695 0 0 -0.000521
9700 0 0 -0.000687
9705 0 0 -0.000806
9710 0 0 -0.000812
9715 0 0 -0.000749
9720 0 0 -0.000690
9725 0 0 -0.000691
9730 0 0 -0.000739
9735 0 0 -0.000806
9740 0 0 -0.000865
9745 0 0 -0.000906
9750 0 0 -0.000920
9755 0 0 -0.000906
9760 0 0 -0.000880
9765 0 0 -0.000866
9770 0 0 -0.000878
9775 0 0 -0.000904
9780 0 0 -0.000920
9785 0 0 -0.000917
9790 0 0 -0.000923
9795 0 0 -0.000978
9800 0 0 -0.001103
9805 0 0 -0.001242
9810 0 0 -0.001324
9815 0 0 -0.001297
9820 0 0 -0.001200
9825 0 0 -0.001096
9830 0 0 -0.001032
9835 0 0 -0.001001
9840 0 0 -0.000980
9845 0 0 -0.000954
9850 0 0 -0.000929
9855 0 0 -0.000920
9860 0 0 -0.000932
9865 0 0 -0.000943
9870 0 0 -0.000922
9875 0 0 -0.000851
9880 0 0 -0.000760
9885 0 0 -0.000692
9890 0 0 -0.000684
9895 0 0 -0.000741
9900 0 0 -0.000864
9905 0 0 -0.001036
9910 0 0 -0.001182
9915 0 0 -0.001210
9920 0 0 -0.001066
9925 0 0 -0.000848
9930 0 0 -0.000690
9935 0 0 -0.000688
9940 0 0 -0.000780
9945 0 0 -0.000864
9950 0 0 -0.000863
9955 0 0 -0.000792
9960 0 0 -0.000692
9965 0 0 -0.000596
9970 0 0 -0.000517
9975 0 0 -0.000460
9980 0 0 -0.000429
9985 0 0 -0.000414
9990 0 0 -0.000404
9995 0 0 -0.000391
10000 0 0 -0.000386
10005 0 0 -0.000404
10010 0 0 -0.000451
10015 0 0 -0.000500
10020 0 0 -0.000518
10025 0 0 -0.000481
10030 0 0 -0.000412
10035 0 0 -0.000346
10040 0 0 -0.000310
10045 0 0 -0.000296
10050 0 0 -0.000288
10055 0 0 -0.000272
10060 0 0 -0.000251
10065 0 0 -0.000230
10070 0 0 -0.000216
10075 0 0 -0.000215
