0 0 0 -0.000090
5 0 0 -0.000146
10 0 0 -0.000189
15 0 0 -0.000220
20 0 0 -0.000236
25 0 0 -0.000237
30 0 0 -0.000220
35 0 0 -0.000188
40 0 0 -0.000153
45 0 0 -0.000130
50 0 0 -0.000131
55 0 0 -0.000151
60 0 0 -0.000180
65 0 0 -0.000208
70 0 0 -0.000226
75 0 0 -0.000220
80 0 0 -0.000186
85 0 0 -0.000139
90 0 0 -0.000100
95 0 0 -0.000085
100 0 0 -0.000091
105 0 0 -0.000110
110 0 0 -0.000135
115 0 0 -0.000157
120 0 0 -0.000170
125 0 0 -0.000168
130 0 0 -0.000153
135 0 0 -0.000130
140 0 0 -0.000105
145 0 0 -0.000089
150 0 0 -0.000090
155 0 0 -0.000116
160 0 0 -0.000155
165 0 0 -0.000190
170 0 0 -0.000208
175 0 0 -0.000208
180 0 0 -0.000190
185 0 0 -0.000158
190 0 0 -0.000129
195 0 0 -0.000120
200 0 0 -0.000144
205 0 0 -0.000184
210 0 0 -0.000220
215 0 0 -0.000234
220 0 0 -0.000228
225 0 0 -0.000210
230 0 0 -0.000188
235 0 0 -0.000166
240 0 0 -0.000150
245 0 0 -0.000142
250 0 0 -0.000143
255 0 0 -0.000150
260 0 0 -0.000162
265 0 0 -0.000174
270 0 0 -0.000180
275 0 0 -0.000178
280 0 0 -0.000172
285 0 0 -0.000170
290 0 0 -0.000176
295 0 0 -0.000183
300 0 0 -0.000180
305 0 0 -0.000161
310 0 0 -0.000133
315 0 0 -0.000110
320 0 0 -0.000101
325 0 0 -0.000108
330 0 0 -0.000130
335 0 0 -0.000165
340 0 0 -0.000201
345 0 0 -0.000220
350 0 0 -0.000213
355 0 0 -0.000188
360 0 0 -0.000160
365 0 0 -0.000141
370 0 0 -0.000137
375 0 0 -0.000150
380 0 0 -0.000180
385 0 0 -0.000208
390 0 0 -0.000210
395 0 0 -0.000173
400 0 0 -0.000119
405 0 0 -0.000080
410 0 0 -0.000080
415 0 0 -0.000107
420 0 0 -0.000140
425 0 0 -0.000162
430 0 0 -0.000166
435 0 0 -0.000150
440 0 0 -0.000116
445 0 0 -0.000081
450 0 0 -0.000070
455 0 0 -0.000096
460 0 0 -0.000139
465 0 0 -0.000170
470 0 0 -0.000169
475 0 0 -0.000143
480 0 0 -0.000110
485 0 0 -0.000086
490 0 0 -0.000093
495 0 0 -0.000150
500 0 0 -0.000264
505 0 0 -0.000381
510 0 0 -0.000430
515 0 0 -0.000367
520 0 0 -0.000249
525 0 0 -0.000160
530 0 0 -0.000160
535 0 0 -0.000216
540 0 0 -0.000270
545 0 0 -0.000280
550 0 0 -0.000255
555 0 0 -0.000220
560 0 0 -0.000195
565 0 0 -0.000184
570 0 0 -0.000190
575 0 0 -0.000210
580 0 0 -0.000228
585 0 0 -0.000220
590 0 0 -0.000177
595 0 0 -0.000129
600 0 0 -0.000120
605 0 0 -0.000175
610 0 0 -0.000256
615 0 0 -0.000310
620 0 0 -0.000299
625 0 0 -0.000251
630 0 0 -0.000210
635 0 0 -0.000213
640 0 0 -0.000259
645 0 0 -0.000340
650 0 0 -0.000443
655 0 0 -0.000535
660 0 0 -0.000580
665 0 0 -0.000562
670 0 0 -0.000556
675 0 0 -0.000660
680 0 0 -0.000927
685 0 0 -0.001239
690 0 0 -0.001430
695 0 0 -0.001392
700 0 0 -0.001226
705 0 0 -0.001090
710 0 0 -0.001090
715 0 0 -0.001141
720 0 0 -0.001110
725 0 0 -0.000906
730 0 0 -0.000614
735 0 0 -0.000360
740 0 0 -0.000240
745 0 0 -0.000222
750 0 0 -0.000240
755 0 0 -0.000243
760 0 0 -0.000232
765 0 0 -0.000220
770 0 0 -0.000217
775 0 0 -0.000219
780 0 0 -0.000220
785 0 0 -0.000215
790 0 0 -0.000209
795 0 0 -0.000210
800 0 0 -0.000223
805 0 0 -0.000240
810 0 0 -0.000250
815 0 0 -0.000244
820 0 0 -0.000226
825 0 0 -0.000200
830 0 0 -0.000173
835 0 0 -0.000156
840 0 0 -0.000160
845 0 0 -0.000191
850 0 0 -0.000226
855 0 0 -0.000240
860 0 0 -0.000215
865 0 0 -0.000181
870 0 0 -0.000180
875 0 0 -0.000237
880 0 0 -0.000312
885 0 0 -0.000350
890 0 0 -0.000316
895 0 0 -0.000254
900 0 0 -0.000230
905 0 0 -0.000295
910 0 0 -0.000452
915 0 0 -0.000690
920 0 0 -0.000984
925 0 0 -0.001253
930 0 0 -0.001400
935 0 0 -0.001364
940 0 0 -0.001216
945 0 0 -0.001060
950 0 0 -0.000979
955 0 0 -0.000963
960 0 0 -0.000980
965 0 0 -0.001002
970 0 0 -0.001020
975 0 0 -0.001030
980 0 0 -0.001030
985 0 0 -0.001024
990 0 0 -0.001020
995 0 0 -0.001023
1000 0 0 -0.001036
1005 0 0 -0.001060
1010 0 0 -0.001096
1015 0 0 -0.001144
1020 0 0 -0.001200
1025 0 0 -0.001260
1030 0 0 -0.001304
1035 0 0 -0.001310
1040 0 0 -0.001267
1045 0 0 -0.001209
1050 0 0 -0.001180
1055 0 0 -0.001209
1060 0 0 -0.001267
1065 0 0 -0.001310
1070 0 0 -0.001307
1075 0 0 -0.001281
1080 0 0 -0.001270
1085 0 0 -0.001296
1090 0 0 -0.001321
1095 0 0 -0.001290
1100 0 0 -0.001169
1105 0 0 -0.001004
1110 0 0 -0.000860
1115 0 0 -0.000793
1120 0 0 -0.000822
1125 0 0 -0.000960
1130 0 0 -0.001197
1135 0 0 -0.001444
1140 0 0 -0.001590
1145 0 0 -0.001556
1150 0 0 -0.001382
1155 0 0 -0.001140
1160 0 0 -0.000894
1165 0 0 -0.000678
1170 0 0 -0.000520
1175 0 0 -0.000441
1180 0 0 -0.000430
1185 0 0 -0.000470
1190 0 0 -0.000541
1195 0 0 -0.000615
1200 0 0 -0.000660
1205 0 0 -0.000656
1210 0 0 -0.000620
1215 0 0 -0.000580
1220 0 0 -0.000556
1225 0 0 -0.000543
1230 0 0 -0.000530
1235 0 0 -0.000509
1240 0 0 -0.000481
1245 0 0 -0.000450
1250 0 0 -0.000420
1255 0 0 -0.000392
1260 0 0 -0.000370
1265 0 0 -0.000355
1270 0 0 -0.000348
1275 0 0 -0.000350
1280 0 0 -0.000361
1285 0 0 -0.000377
1290 0 0 -0.000390
1295 0 0 -0.000396
1300 0 0 -0.000395
1305 0 0 -0.000390
1310 0 0 -0.000384
1315 0 0 -0.000379
1320 0 0 -0.000380
1325 0 0 -0.000386
1330 0 0 -0.000390
1335 0 0 -0.000380
1340 0 0 -0.000351
1345 0 0 -0.000325
1350 0 0 -0.000330
1355 0 0 -0.000380
1360 0 0 -0.000436
1365 0 0 -0.000450
1370 0 0 -0.000390
1375 0 0 -0.000306
1380 0 0 -0.000270
1385 0 0 -0.000327
1390 0 0 -0.000426
1395 0 0 -0.000490
1400 0 0 -0.000465
1405 0 0 -0.000382
1410 0 0 -0.000290
1415 0 0 -0.000230
1420 0 0 -0.000199
1425 0 0 -0.000180
1430 0 0 -0.000163
1435 0 0 -0.000154
1440 0 0 -0.000160
1445 0 0 -0.000187
1450 0 0 -0.000222
1455 0 0 -0.000250
1460 0 0 -0.000259
1465 0 0 -0.000250
1470 0 0 -0.000230
1475 0 0 -0.000205
1480 0 0 -0.000183
1485 0 0 -0.000170
1490 0 0 -0.000173
1495 0 0 -0.000185
1500 0 0 -0.000200
1505 0 0 -0.000209
1510 0 0 -0.000208
1515 0 0 -0.000190
1520 0 0 -0.000155
1525 0 0 -0.000118
1530 0 0 -0.000100
1535 0 0 -0.000115
1540 0 0 -0.000148
1545 0 0 -0.000180
1550 0 0 -0.000194
1555 0 0 -0.000189
1560 0 0 -0.000170
1565 0 0 -0.000141
1570 0 0 -0.000113
1575 0 0 -0.000100
1580 0 0 -0.000111
1585 0 0 -0.000141
1590 0 0 -0.000180
1595 0 0 -0.000217
1600 0 0 -0.000242
1605 0 0 -0.000240
1610 0 0 -0.000207
1615 0 0 -0.000164
1620 0 0 -0.000140
1625 0 0 -0.000153
1630 0 0 -0.000188
1635 0 0 -0.000220
1640 0 0 -0.000229
1645 0 0 -0.000219
1650 0 0 -0.000200
1655 0 0 -0.000180
1660 0 0 -0.000163
1665 0 0 -0.000150
1670 0 0 -0.000144
1675 0 0 -0.000144
1680 0 0 -0.000150
1685 0 0 -0.000162
1690 0 0 -0.000177
1695 0 0 -0.000190
1700 0 0 -0.000199
1705 0 0 -0.000202
1710 0 0 -0.000200
1715 0 0 -0.000194
1720 0 0 -0.000188
1725 0 0 -0.000190
1730 0 0 -0.000202
1735 0 0 -0.000214
1740 0 0 -0.000210
1745 0 0 -0.000183
1750 0 0 -0.000149
1755 0 0 -0.000130
1760 0 0 -0.000143
1765 0 0 -0.000176
1770 0 0 -0.000210
1775 0 0 -0.000230
1780 0 0 -0.000233
1785 0 0 -0.000220
1790 0 0 -0.000194
1795 0 0 -0.000166
1800 0 0 -0.000150
1805 0 0 -0.000156
1810 0 0 -0.000174
1815 0 0 -0.000190
1820 0 0 -0.000192
1825 0 0 -0.000182
1830 0 0 -0.000160
1835 0 0 -0.000133
1840 0 0 -0.000111
1845 0 0 -0.000110
1850 0 0 -0.000136
1855 0 0 -0.000171
1860 0 0 -0.000190
1865 0 0 -0.000177
1870 0 0 -0.000146
1875 0 0 -0.000120
1880 0 0 -0.000115
1885 0 0 -0.000129
1890 0 0 -0.000150
1895 0 0 -0.000171
1900 0 0 -0.000183
1905 0 0 -0.000180
1910 0 0 -0.000159
1915 0 0 -0.000138
1920 0 0 -0.000140
1925 0 0 -0.000177
1930 0 0 -0.000222
1935 0 0 -0.000240
1940 0 0 -0.000208
1945 0 0 -0.000164
1950 0 0 -0.000160
1955 0 0 -0.000229
1960 0 0 -0.000327
1965 0 0 -0.000390
1970 0 0 -0.000372
1975 0 0 -0.000300
1980 0 0 -0.000220
1985 0 0 -0.000168
1990 0 0 -0.000147
1995 0 0 -0.000150
2000 0 0 -0.000170
2005 0 0 -0.000195
2010 0 0 -0.000210
2015 0 0 -0.000205
2020 0 0 -0.000185
2025 0 0 -0.000160
2030 0 0 -0.000140
2035 0 0 -0.000141
2040 0 0 -0.000180
2045 0 0 -0.000263
2050 0 0 -0.000348
2055 0 0 -0.000380
2060 0 0 -0.000324
2065 0 0 -0.000223
2070 0 0 -0.000140
2075 0 0 -0.000122
2080 0 0 -0.000152
2085 0 0 -0.000200
2090 0 0 -0.000238
2095 0 0 -0.000257
2100 0 0 -0.000250
2105 0 0 -0.000218
2110 0 0 -0.000177
2115 0 0 -0.000150
2120 0 0 -0.000154
2125 0 0 -0.000187
2130 0 0 -0.000240
2135 0 0 -0.000304
2140 0 0 -0.000361
2145 0 0 -0.000390
2150 0 0 -0.000377
2155 0 0 -0.000336
2160 0 0 -0.000290
2165 0 0 -0.000255
2170 0 0 -0.000232
2175 0 0 -0.000220
2180 0 0 -0.000215
2185 0 0 -0.000216
2190 0 0 -0.000220
2195 0 0 -0.000226
2200 0 0 -0.000233
2205 0 0 -0.000240
2210 0 0 -0.000244
2215 0 0 -0.000237
2220 0 0 -0.000210
2225 0 0 -0.000164
2230 0 0 -0.000138
2235 0 0 -0.000180
2240 0 0 -0.000316
2245 0 0 -0.000477
2250 0 0 -0.000570
2255 0 0 -0.000532
2260 0 0 -0.000414
2265 0 0 -0.000300
2270 0 0 -0.000250
2275 0 0 -0.000243
2280 0 0 -0.000240
2285 0 0 -0.000210
2290 0 0 -0.000174
2295 0 0 -0.000160
2300 0 0 -0.000189
2305 0 0 -0.000235
2310 0 0 -0.000260
2315 0 0 -0.000240
2320 0 0 -0.000201
2325 0 0 -0.000180
2330 0 0 -0.000211
2335 0 0 -0.000306
2340 0 0 -0.000470
2345 0 0 -0.000693
2350 0 0 -0.000895
2355 0 0 -0.000980
2360 0 0 -0.000885
2365 0 0 -0.000688
2370 0 0 -0.000500
2375 0 0 -0.000407
2380 0 0 -0.000397
2385 0 0 -0.000430
2390 0 0 -0.000472
2395 0 0 -0.000506
2400 0 0 -0.000520
2405 0 0 -0.000506
2410 0 0 -0.000482
2415 0 0 -0.000470
2420 0 0 -0.000487
2425 0 0 -0.000518
2430 0 0 -0.000540
2435 0 0 -0.000537
2440 0 0 -0.000513
2445 0 0 -0.000480
2450 0 0 -0.000448
2455 0 0 -0.000427
2460 0 0 -0.000430
2465 0 0 -0.000460
2470 0 0 -0.000493
2475 0 0 -0.000500
2480 0 0 -0.000464
2485 0 0 -0.000421
2490 0 0 -0.000420
2495 0 0 -0.000494
2500 0 0 -0.000605
2505 0 0 -0.000700
2510 0 0 -0.000738
2515 0 0 -0.000733
2520 0 0 -0.000710
2525 0 0 -0.000690
2530 0 0 -0.000669
2535 0 0 -0.000640
2540 0 0 -0.000596
2545 0 0 -0.000541
2550 0 0 -0.000480
2555 0 0 -0.000422
2560 0 0 -0.000380
2565 0 0 -0.000370
2570 0 0 -0.000399
2575 0 0 -0.000446
2580 0 0 -0.000480
2585 0 0 -0.000479
2590 0 0 -0.000454
2595 0 0 -0.000420
2600 0 0 -0.000392
2605 0 0 -0.000370
2610 0 0 -0.000350
2615 0 0 -0.000330
2620 0 0 -0.000312
2625 0 0 -0.000300
2630 0 0 -0.000296
2635 0 0 -0.000298
2640 0 0 -0.000300
2645 0 0 -0.000301
2650 0 0 -0.000311
2655 0 0 -0.000340
2660 0 0 -0.000395
2665 0 0 -0.000460
2670 0 0 -0.000510
2675 0 0 -0.000529
2680 0 0 -0.000522
2685 0 0 -0.000500
2690 0 0 -0.000472
2695 0 0 -0.000441
2700 0 0 -0.000410
2705 0 0 -0.000381
2710 0 0 -0.000354
2715 0 0 -0.000330
2720 0 0 -0.000311
2725 0 0 -0.000302
2730 0 0 -0.000310
2735 0 0 -0.000338
2740 0 0 -0.000368
2745 0 0 -0.000380
2750 0 0 -0.000358
2755 0 0 -0.000318
2760 0 0 -0.000280
2765 0 0 -0.000262
2770 0 0 -0.000261
2775 0 0 -0.000270
2780 0 0 -0.000283
2785 0 0 -0.000289
2790 0 0 -0.000280
2795 0 0 -0.000250
2800 0 0 -0.000214
2805 0 0 -0.000190
2810 0 0 -0.000192
2815 0 0 -0.000208
2820 0 0 -0.000220
2825 0 0 -0.000215
2830 0 0 -0.000197
2835 0 0 -0.000170
2840 0 0 -0.000143
2845 0 0 -0.000126
2850 0 0 -0.000130
2855 0 0 -0.000160
2860 0 0 -0.000195
2865 0 0 -0.000210
2870 0 0 -0.000188
2875 0 0 -0.000148
2880 0 0 -0.000120
2885 0 0 -0.000125
2890 0 0 -0.000152
2895 0 0 -0.000180
2900 0 0 -0.000193
2905 0 0 -0.000189
2910 0 0 -0.000170
2915 0 0 -0.000142
2920 0 0 -0.000119
2925 0 0 -0.000120
2930 0 0 -0.000154
2935 0 0 -0.000195
2940 0 0 -0.000210
2945 0 0 -0.000177
2950 0 0 -0.000121
2955 0 0 -0.000080
2960 0 0 -0.000082
2965 0 0 -0.000111
2970 0 0 -0.000140
2975 0 0 -0.000149
2980 0 0 -0.000143
2985 0 0 -0.000130
2990 0 0 -0.000121
2995 0 0 -0.000122
3000 0 0 -0.000140
3005 0 0 -0.000175
3010 0 0 -0.000209
3015 0 0 -0.000220
3020 0 0 -0.000193
3025 0 0 -0.000149
3030 0 0 -0.000120
3035 0 0 -0.000126
3040 0 0 -0.000154
3045 0 0 -0.000180
3050 0 0 -0.000186
3055 0 0 -0.000173
3060 0 0 -0.000150
3065 0 0 -0.000123
3070 0 0 -0.000103
3075 0 0 -0.000100
3080 0 0 -0.000121
3085 0 0 -0.000150
3090 0 0 -0.000170
3095 0 0 -0.000166
3100 0 0 -0.000148
3105 0 0 -0.000130
3110 0 0 -0.000125
3115 0 0 -0.000133
3120 0 0 -0.000150
3125 0 0 -0.000172
3130 0 0 -0.000194
3135 0 0 -0.000210
3140 0 0 -0.000217
3145 0 0 -0.000218
3150 0 0 -0.000220
3155 0 0 -0.000227
3160 0 0 -0.000230
3165 0 0 -0.000220
3170 0 0 -0.000190
3175 0 0 -0.000151
3180 0 0 -0.000120
3185 0 0 -0.000108
3190 0 0 -0.000114
3195 0 0 -0.000130
3200 0 0 -0.000149
3205 0 0 -0.000160
3210 0 0 -0.000150
3215 0 0 -0.000114
3220 0 0 -0.000076
3225 0 0 -0.000070
3230 0 0 -0.000115
3235 0 0 -0.000179
3240 0 0 -0.000220
3245 0 0 -0.000207
3250 0 0 -0.000164
3255 0 0 -0.000130
3260 0 0 -0.000131
3265 0 0 -0.000156
3270 0 0 -0.000180
3275 0 0 -0.000186
3280 0 0 -0.000177
3285 0 0 -0.000160
3290 0 0 -0.000142
3295 0 0 -0.000130
3300 0 0 -0.000130
3305 0 0 -0.000145
3310 0 0 -0.000160
3315 0 0 -0.000160
3320 0 0 -0.000133
3325 0 0 -0.000099
3330 0 0 -0.000080
3335 0 0 -0.000095
3340 0 0 -0.000126
3345 0 0 -0.000150
3350 0 0 -0.000150
3355 0 0 -0.000137
3360 0 0 -0.000130
3365 0 0 -0.000143
3370 0 0 -0.000162
3375 0 0 -0.000170
3380 0 0 -0.000156
3385 0 0 -0.000142
3390 0 0 -0.000160
3395 0 0 -0.000227
3400 0 0 -0.000309
3405 0 0 -0.000360
3410 0 0 -0.000346
3415 0 0 -0.000285
3420 0 0 -0.000210
3425 0 0 -0.000148
3430 0 0 -0.000109
3435 0 0 -0.000100
3440 0 0 -0.000121
3445 0 0 -0.000155
3450 0 0 -0.000180
3455 0 0 -0.000179
3460 0 0 -0.000158
3465 0 0 -0.000130
3470 0 0 -0.000108
3475 0 0 -0.000106
3480 0 0 -0.000140
3485 0 0 -0.000214
3490 0 0 -0.000290
3495 0 0 -0.000320
3500 0 0 -0.000274
3505 0 0 -0.000189
3510 0 0 -0.000120
3515 0 0 -0.000109
3520 0 0 -0.000146
3525 0 0 -0.000210
3530 0 0 -0.000281
3535 0 0 -0.000342
3540 0 0 -0.000380
3545 0 0 -0.000383
3550 0 0 -0.000349
3555 0 0 -0.000280
3560 0 0 -0.000186
3565 0 0 -0.000113
3570 0 0 -0.000120
3575 0 0 -0.000236
3580 0 0 -0.000383
3585 0 0 -0.000460
3590 0 0 -0.000396
3595 0 0 -0.000256
3600 0 0 -0.000140
3605 0 0 -0.000121
3610 0 0 -0.000170
3615 0 0 -0.000230
3620 0 0 -0.000259
3625 0 0 -0.000260
3630 0 0 -0.000250
3635 0 0 -0.000243
3640 0 0 -0.000240
3645 0 0 -0.000240
3650 0 0 -0.000242
3655 0 0 -0.000243
3660 0 0 -0.000240
3665 0 0 -0.000232
3670 0 0 -0.000215
3675 0 0 -0.000190
3680 0 0 -0.000156
3685 0 0 -0.000128
3690 0 0 -0.000120
3695 0 0 -0.000142
3700 0 0 -0.000174
3705 0 0 -0.000190
3710 0 0 -0.000174
3715 0 0 -0.000149
3720 0 0 -0.000150
3725 0 0 -0.000199
3730 0 0 -0.000271
3735 0 0 -0.000330
3740 0 0 -0.000347
3745 0 0 -0.000329
3750 0 0 -0.000290
3755 0 0 -0.000246
3760 0 0 -0.000214
3765 0 0 -0.000210
3770 0 0 -0.000244
3775 0 0 -0.000286
3780 0 0 -0.000300
3785 0 0 -0.000270
3790 0 0 -0.000263
3795 0 0 -0.000370
3800 0 0 -0.000646
3805 0 0 -0.001011
3810 0 0 -0.001350
3815 0 0 -0.001566
3820 0 0 -0.001630
3825 0 0 -0.001530
3830 0 0 -0.001279
3835 0 0 -0.000985
3840 0 0 -0.000780
3845 0 0 -0.000758
3850 0 0 -0.000853
3855 0 0 -0.000960
3860 0 0 -0.000996
3865 0 0 -0.000966
3870 0 0 -0.000900
3875 0 0 -0.000822
3880 0 0 -0.000745
3885 0 0 -0.000680
3890 0 0 -0.000638
3895 0 0 -0.000633
3900 0 0 -0.000680
3905 0 0 -0.000796
3910 0 0 -0.001011
3915 0 0 -0.001360
3920 0 0 -0.001836
3925 0 0 -0.002269
3930 0 0 -0.002450
3935 0 0 -0.002250
3940 0 0 -0.001861
3945 0 0 -0.001560
3950 0 0 -0.001537
3955 0 0 -0.001651
3960 0 0 -0.001680
3965 0 0 -0.001464
3970 0 0 -0.001101
3975 0 0 -0.000750
3980 0 0 -0.000537
3985 0 0 -0.000445
3990 0 0 -0.000420
3995 0 0 -0.000424
4000 0 0 -0.000471
4005 0 0 -0.000590
4010 0 0 -0.000789
4015 0 0 -0.000991
4020 0 0 -0.001100
4025 0 0 -0.001051
4030 0 0 -0.000908
4035 0 0 -0.000770
4040 0 0 -0.000709
4045 0 0 -0.000697
4050 0 0 -0.000680
4055 0 0 -0.000622
4060 0 0 -0.000553
4065 0 0 -0.000520
4070 0 0 -0.000555
4075 0 0 -0.000632
4080 0 0 -0.000710
4085 0 0 -0.000755
4090 0 0 -0.000766
4095 0 0 -0.000750
4100 0 0 -0.000716
4105 0 0 -0.000680
4110 0 0 -0.000660
4115 0 0 -0.000668
4120 0 0 -0.000691
4125 0 0 -0.000710
4130 0 0 -0.000713
4135 0 0 -0.000708
4140 0 0 -0.000710
4145 0 0 -0.000729
4150 0 0 -0.000754
4155 0 0 -0.000770
4160 0 0 -0.000763
4165 0 0 -0.000728
4170 0 0 -0.000660
4175 0 0 -0.000563
4180 0 0 -0.000473
4185 0 0 -0.000430
4190 0 0 -0.000463
4195 0 0 -0.000539
4200 0 0 -0.000610
4205 0 0 -0.000640
4210 0 0 -0.000638
4215 0 0 -0.000620
4220 0 0 -0.000604
4225 0 0 -0.000596
4230 0 0 -0.000600
4235 0 0 -0.000615
4240 0 0 -0.000620
4245 0 0 -0.000590
4250 0 0 -0.000508
4255 0 0 -0.000398
4260 0 0 -0.000290
4265 0 0 -0.000212
4270 0 0 -0.000172
4275 0 0 -0.000170
4280 0 0 -0.000203
4285 0 0 -0.000247
4290 0 0 -0.000270
4295 0 0 -0.000251
4300 0 0 -0.000207
4305 0 0 -0.000160
4310 0 0 -0.000131
4315 0 0 -0.000122
4320 0 0 -0.000130
4325 0 0 -0.000149
4330 0 0 -0.000167
4335 0 0 -0.000170
4340 0 0 -0.000148
4345 0 0 -0.000118
4350 0 0 -0.000100
4355 0 0 -0.000109
4360 0 0 -0.000132
4365 0 0 -0.000150
4370 0 0 -0.000147
4375 0 0 -0.000130
4380 0 0 -0.000110
4385 0 0 -0.000096
4390 0 0 -0.000095
4395 0 0 -0.000110
4400 0 0 -0.000142
4405 0 0 -0.000175
4410 0 0 -0.000190
4415 0 0 -0.000175
4420 0 0 -0.000146
4425 0 0 -0.000130
4430 0 0 -0.000143
4435 0 0 -0.000170
4440 0 0 -0.000190
4445 0 0 -0.000187
4450 0 0 -0.000168
4455 0 0 -0.000150
4460 0 0 -0.000143
4465 0 0 -0.000148
4470 0 0 -0.000160
4475 0 0 -0.000175
4480 0 0 -0.000183
4485 0 0 -0.000170
4490 0 0 -0.000132
4495 0 0 -0.000089
4500 0 0 -0.000070
4505 0 0 -0.000092
4510 0 0 -0.000133
4515 0 0 -0.000160
4520 0 0 -0.000151
4525 0 0 -0.000122
4530 0 0 -0.000100
4535 0 0 -0.000104
4540 0 0 -0.000124
4545 0 0 -0.000140
4550 0 0 -0.000139
4555 0 0 -0.000128
4560 0 0 -0.000120
4565 0 0 -0.000124
4570 0 0 -0.000139
4575 0 0 -0.000160
4580 0 0 -0.000182
4585 0 0 -0.000203
4590 0 0 -0.000220
4595 0 0 -0.000229
4600 0 0 -0.000230
4605 0 0 -0.000220
4610 0 0 -0.000199
4615 0 0 -0.000174
4620 0 0 -0.000150
4625 0 0 -0.000135
4630 0 0 -0.000131
4635 0 0 -0.000140
4640 0 0 -0.000162
4645 0 0 -0.000181
4650 0 0 -0.000180
4655 0 0 -0.000148
4660 0 0 -0.000105
4665 0 0 -0.000080
4670 0 0 -0.000091
4675 0 0 -0.000123
4680 0 0 -0.000150
4685 0 0 -0.000153
4690 0 0 -0.000139
4695 0 0 -0.000120
4700 0 0 -0.000108
4705 0 0 -0.000104
4710 0 0 -0.000110
4715 0 0 -0.000124
4720 0 0 -0.000137
4725 0 0 -0.000140
4730 0 0 -0.000127
4735 0 0 -0.000108
4740 0 0 -0.000100
4745 0 0 -0.000114
4750 0 0 -0.000152
4755 0 0 -0.000210
4760 0 0 -0.000283
4765 0 0 -0.000348
4770 0 0 -0.000380
4775 0 0 -0.000363
4780 0 0 -0.000319
4785 0 0 -0.000280
4790 0 0 -0.000269
4795 0 0 -0.000276
4800 0 0 -0.000280
4805 0 0 -0.000268
4810 0 0 -0.000252
4815 0 0 -0.000250
4820 0 0 -0.000273
4825 0 0 -0.000299
4830 0 0 -0.000300
4835 0 0 -0.000257
4840 0 0 -0.000197
4845 0 0 -0.000160
4850 0 0 -0.000170
4855 0 0 -0.000201
4860 0 0 -0.000210
4865 0 0 -0.000172
4870 0 0 -0.000120
4875 0 0 -0.000100
4880 0 0 -0.000143
4885 0 0 -0.000213
4890 0 0 -0.000260
4895 0 0 -0.000246
4900 0 0 -0.000194
4905 0 0 -0.000140
4910 0 0 -0.000114
4915 0 0 -0.000117
4920 0 0 -0.000140
4925 0 0 -0.000177
4930 0 0 -0.000214
4935 0 0 -0.000240
4940 0 0 -0.000245
4945 0 0 -0.000235
4950 0 0 -0.000220
4955 0 0 -0.000207
4960 0 0 -0.000196
4965 0 0 -0.000180
4970 0 0 -0.000159
4975 0 0 -0.000136
4980 0 0 -0.000120
4985 0 0 -0.000115
4990 0 0 -0.000116
4995 0 0 -0.000120
5000 0 0 -0.000123
5005 0 0 -0.000135
5010 0 0 -0.000170
5015 0 0 -0.000232
5020 0 0 -0.000294
5025 0 0 -0.000320
5030 0 0 -0.000287
5035 0 0 -0.000224
5040 0 0 -0.000170
5045 0 0 -0.000156
5050 0 0 -0.000170
5055 0 0 -0.000190
5060 0 0 -0.000200
5065 0 0 -0.000204
5070 0 0 -0.000210
5075 0 0 -0.000226
5080 0 0 -0.000245
5085 0 0 -0.000260
5090 0 0 -0.000263
5095 0 0 -0.000254
5100 0 0 -0.000230
5105 0 0 -0.000195
5110 0 0 -0.000163
5115 0 0 -0.000150
5120 0 0 -0.000168
5125 0 0 -0.000202
5130 0 0 -0.000230
5135 0 0 -0.000236
5140 0 0 -0.000221
5145 0 0 -0.000190
5150 0 0 -0.000152
5155 0 0 -0.000120
5160 0 0 -0.000110
5165 0 0 -0.000133
5170 0 0 -0.000176
5175 0 0 -0.000220
5180 0 0 -0.000251
5185 0 0 -0.000262
5190 0 0 -0.000250
5195 0 0 -0.000217
5200 0 0 -0.000180
5205 0 0 -0.000160
5210 0 0 -0.000171
5215 0 0 -0.000193
5220 0 0 -0.000200
5225 0 0 -0.000174
5230 0 0 -0.000136
5235 0 0 -0.000120
5240 0 0 -0.000146
5245 0 0 -0.000194
5250 0 0 -0.000230
5255 0 0 -0.000232
5260 0 0 -0.000211
5265 0 0 -0.000190
5270 0 0 -0.000184
5275 0 0 -0.000190
5280 0 0 -0.000200
5285 0 0 -0.000207
5290 0 0 -0.000211
5295 0 0 -0.000210
5300 0 0 -0.000207
5305 0 0 -0.000211
5310 0 0 -0.000230
5315 0 0 -0.000268
5320 0 0 -0.000304
5325 0 0 -0.000310
5330 0 0 -0.000271
5335 0 0 -0.000229
5340 0 0 -0.000240
5345 0 0 -0.000344
5350 0 0 -0.000519
5355 0 0 -0.000730
5360 0 0 -0.000935
5365 0 0 -0.001076
5370 0 0 -0.001090
5375 0 0 -0.000945
5380 0 0 -0.000721
5385 0 0 -0.000530
5390 0 0 -0.000453
5395 0 0 -0.000454
5400 0 0 -0.000470
5405 0 0 -0.000455
5410 0 0 -0.000436
5415 0 0 -0.000460
5420 0 0 -0.000553
5425 0 0 -0.000664
5430 0 0 -0.000720
5435 0 0 -0.000673
5440 0 0 -0.000562
5445 0 0 -0.000450
5450 0 0 -0.000386
5455 0 0 -0.000363
5460 0 0 -0.000360
5465 0 0 -0.000361
5470 0 0 -0.000361
5475 0 0 -0.000360
5480 0 0 -0.000356
5485 0 0 -0.000349
5490 0 0 -0.000340
5495 0 0 -0.000329
5500 0 0 -0.000318
5505 0 0 -0.000310
5510 0 0 -0.000307
5515 0 0 -0.000306
5520 0 0 -0.000300
5525 0 0 -0.000290
5530 0 0 -0.000295
5535 0 0 -0.000340
5540 0 0 -0.000437
5545 0 0 -0.000547
5550 0 0 -0.000620
5555 0 0 -0.000619
5560 0 0 -0.000572
5565 0 0 -0.000520
5570 0 0 -0.000494
5575 0 0 -0.000482
5580 0 0 -0.000460
5585 0 0 -0.000412
5590 0 0 -0.000357
5595 0 0 -0.000320
5600 0 0 -0.000321
5605 0 0 -0.000348
5610 0 0 -0.000380
5615 0 0 -0.000401
5620 0 0 -0.000405
5625 0 0 -0.000390
5630 0 0 -0.000356
5635 0 0 -0.000316
5640 0 0 -0.000290
5645 0 0 -0.000287
5650 0 0 -0.000294
5655 0 0 -0.000290
5660 0 0 -0.000261
5665 0 0 -0.000223
5670 0 0 -0.000200
5675 0 0 -0.000207
5680 0 0 -0.000233
5685 0 0 -0.000260
5690 0 0 -0.000272
5695 0 0 -0.000268
5700 0 0 -0.000250
5705 0 0 -0.000222
5710 0 0 -0.000195
5715 0 0 -0.000180
5720 0 0 -0.000185
5725 0 0 -0.000197
5730 0 0 -0.000200
5735 0 0 -0.000184
5740 0 0 -0.000161
5745 0 0 -0.000150
5750 0 0 -0.000164
5755 0 0 -0.000190
5760 0 0 -0.000210
5765 0 0 -0.000210
5770 0 0 -0.000194
5775 0 0 -0.000170
5780 0 0 -0.000147
5785 0 0 -0.000134
5790 0 0 -0.000140
5795 0 0 -0.000167
5800 0 0 -0.000196
5805 0 0 -0.000200
5810 0 0 -0.000164
5815 0 0 -0.000112
5820 0 0 -0.000080
5825 0 0 -0.000091
5830 0 0 -0.000124
5835 0 0 -0.000150
5840 0 0 -0.000145
5845 0 0 -0.000122
5850 0 0 -0.000100
5855 0 0 -0.000095
5860 0 0 -0.000105
5865 0 0 -0.000120
5870 0 0 -0.000134
5875 0 0 -0.000139
5880 0 0 -0.000130
5885 0 0 -0.000104
5890 0 0 -0.000080
5895 0 0 -0.000080
5900 0 0 -0.000119
5905 0 0 -0.000171
5910 0 0 -0.000200
5915 0 0 -0.000184
5920 0 0 -0.000145
5925 0 0 -0.000120
5930 0 0 -0.000133
5935 0 0 -0.000166
5940 0 0 -0.000190
5945 0 0 -0.000183
5950 0 0 -0.000160
5955 0 0 -0.000140
5960 0 0 -0.000141
5965 0 0 -0.000155
5970 0 0 -0.000170
5975 0 0 -0.000177
5980 0 0 -0.000173
5985 0 0 -0.000160
5990 0 0 -0.000139
5995 0 0 -0.000119
6000 0 0 -0.000110
6005 0 0 -0.000119
6010 0 0 -0.000139
6015 0 0 -0.000160
6020 0 0 -0.000175
6025 0 0 -0.000181
6030 0 0 -0.000180
6035 0 0 -0.000171
6040 0 0 -0.000155
6045 0 0 -0.000130
6050 0 0 -0.000099
6055 0 0 -0.000076
6060 0 0 -0.000080
6065 0 0 -0.000119
6070 0 0 -0.000170
6075 0 0 -0.000200
6080 0 0 -0.000188
6085 0 0 -0.000154
6090 0 0 -0.000130
6095 0 0 -0.000137
6100 0 0 -0.000161
6105 0 0 -0.000180
6110 0 0 -0.000178
6115 0 0 -0.000163
6120 0 0 -0.000150
6125 0 0 -0.000150
6130 0 0 -0.000157
6135 0 0 -0.000160
6140 0 0 -0.000152
6145 0 0 -0.000137
6150 0 0 -0.000120
6155 0 0 -0.000106
6160 0 0 -0.000099
6165 0 0 -0.000100
6170 0 0 -0.000110
6175 0 0 -0.000122
6180 0 0 -0.000130
6185 0 0 -0.000128
6190 0 0 -0.000117
6195 0 0 -0.000100
6200 0 0 -0.000084
6205 0 0 -0.000087
6210 0 0 -0.000130
6215 0 0 -0.000222
6220 0 0 -0.000325
6225 0 0 -0.000390
6230 0 0 -0.000381
6235 0 0 -0.000319
6240 0 0 -0.000240
6245 0 0 -0.000174
6250 0 0 -0.000137
6255 0 0 -0.000140
6260 0 0 -0.000185
6265 0 0 -0.000240
6270 0 0 -0.000260
6275 0 0 -0.000221
6280 0 0 -0.000165
6285 0 0 -0.000150
6290 0 0 -0.000215
6295 0 0 -0.000311
6300 0 0 -0.000370
6305 0 0 -0.000341
6310 0 0 -0.000258
6315 0 0 -0.000170
6320 0 0 -0.000121
6325 0 0 -0.000110
6330 0 0 -0.000130
6335 0 0 -0.000168
6340 0 0 -0.000203
6345 0 0 -0.000210
6350 0 0 -0.000177
6355 0 0 -0.000131
6360 0 0 -0.000110
6365 0 0 -0.000140
6370 0 0 -0.000191
6375 0 0 -0.000220
6380 0 0 -0.000199
6385 0 0 -0.000152
6390 0 0 -0.000120
6395 0 0 -0.000130
6400 0 0 -0.000171
6405 0 0 -0.000220
6410 0 0 -0.000256
6415 0 0 -0.000266
6420 0 0 -0.000240
6425 0 0 -0.000182
6430 0 0 -0.000151
6435 0 0 -0.000220
6440 0 0 -0.000431
6445 0 0 -0.000702
6450 0 0 -0.000920
6455 0 0 -0.000996
6460 0 0 -0.000936
6465 0 0 -0.000770
6470 0 0 -0.000537
6475 0 0 -0.000302
6480 0 0 -0.000140
6485 0 0 -0.000101
6490 0 0 -0.000143
6495 0 0 -0.000200
6500 0 0 -0.000220
6505 0 0 -0.000212
6510 0 0 -0.000200
6515 0 0 -0.000201
6520 0 0 -0.000209
6525 0 0 -0.000210
6530 0 0 -0.000196
6535 0 0 -0.000175
6540 0 0 -0.000160
6545 0 0 -0.000162
6550 0 0 -0.000185
6555 0 0 -0.000230
6560 0 0 -0.000292
6565 0 0 -0.000349
6570 0 0 -0.000370
6575 0 0 -0.000340
6580 0 0 -0.000297
6585 0 0 -0.000290
6590 0 0 -0.000351
6595 0 0 -0.000438
6600 0 0 -0.000490
6605 0 0 -0.000463
6610 0 0 -0.000385
6615 0 0 -0.000300
6620 0 0 -0.000245
6625 0 0 -0.000218
6630 0 0 -0.000210
6635 0 0 -0.000211
6640 0 0 -0.000219
6645 0 0 -0.000230
6650 0 0 -0.000241
6655 0 0 -0.000244
6660 0 0 -0.000230
6665 0 0 -0.000195
6670 0 0 -0.000157
6675 0 0 -0.000140
6680 0 0 -0.000159
6685 0 0 -0.000192
6690 0 0 -0.000210
6695 0 0 -0.000193
6700 0 0 -0.000160
6705 0 0 -0.000140
6710 0 0 -0.000153
6715 0 0 -0.000182
6720 0 0 -0.000200
6725 0 0 -0.000190
6730 0 0 -0.000168
6735 0 0 -0.000160
6740 0 0 -0.000183
6745 0 0 -0.000218
6750 0 0 -0.000240
6755 0 0 -0.000231
6760 0 0 -0.000211
6765 0 0 -0.000210
6770 0 0 -0.000254
6775 0 0 -0.000362
6780 0 0 -0.000550
6785 0 0 -0.000812
6790 0 0 -0.001057
6795 0 0 -0.001170
6800 0 0 -0.001072
6805 0 0 -0.000822
6810 0 0 -0.000510
6815 0 0 -0.000238
6820 0 0 -0.000141
6825 0 0 -0.000360
6830 0 0 -0.000951
6835 0 0 -0.001611
6840 0 0 -0.001950
6845 0 0 -0.001704
6850 0 0 -0.001112
6855 0 0 -0.000540
6860 0 0 -0.000270
6865 0 0 -0.000254
6870 0 0 -0.000360
6875 0 0 -0.000476
6880 0 0 -0.000565
6885 0 0 -0.000610
6890 0 0 -0.000600
6895 0 0 -0.000554
6900 0 0 -0.000500
6905 0 0 -0.000460
6910 0 0 -0.000438
6915 0 0 -0.000430
6920 0 0 -0.000434
6925 0 0 -0.000444
6930 0 0 -0.000450
6935 0 0 -0.000447
6940 0 0 -0.000436
6945 0 0 -0.000420
6950 0 0 -0.000402
6955 0 0 -0.000386
6960 0 0 -0.000380
6965 0 0 -0.000386
6970 0 0 -0.000399
6975 0 0 -0.000410
6980 0 0 -0.000413
6985 0 0 -0.000410
6990 0 0 -0.000400
6995 0 0 -0.000387
7000 0 0 -0.000376
7005 0 0 -0.000370
7010 0 0 -0.000372
7015 0 0 -0.000372
7020 0 0 -0.000360
7025 0 0 -0.000328
7030 0 0 -0.000289
7035 0 0 -0.000260
7040 0 0 -0.000255
7045 0 0 -0.000271
7050 0 0 -0.000300
7055 0 0 -0.000334
7060 0 0 -0.000359
7065 0 0 -0.000360
7070 0 0 -0.000330
7075 0 0 -0.000287
7080 0 0 -0.000260
7085 0 0 -0.000267
7090 0 0 -0.000297
7095 0 0 -0.000330
7100 0 0 -0.000351
7105 0 0 -0.000355
7110 0 0 -0.000340
7115 0 0 -0.000310
7120 0 0 -0.000287
7125 0 0 -0.000300
7130 0 0 -0.000362
7135 0 0 -0.000430
7140 0 0 -0.000450
7145 0 0 -0.000384
7150 0 0 -0.000269
7155 0 0 -0.000160
7160 0 0 -0.000102
7165 0 0 -0.000091
7170 0 0 -0.000110
7175 0 0 -0.000144
7180 0 0 -0.000174
7185 0 0 -0.000180
7190 0 0 -0.000152
7195 0 0 -0.000109
7200 0 0 -0.000080
7205 0 0 -0.000086
7210 0 0 -0.000112
7215 0 0 -0.000140
7220 0 0 -0.000152
7225 0 0 -0.000149
7230 0 0 -0.000140
7235 0 0 -0.000130
7240 0 0 -0.000127
7245 0 0 -0.000140
7250 0 0 -0.000171
7255 0 0 -0.000201
7260 0 0 -0.000210
7265 0 0 -0.000183
7270 0 0 -0.000142
7275 0 0 -0.000120
7280 0 0 -0.000138
7285 0 0 -0.000175
7290 0 0 -0.000200
7295 0 0 -0.000190
7300 0 0 -0.000160
7305 0 0 -0.000130
7310 0 0 -0.000118
7315 0 0 -0.000121
7320 0 0 -0.000130
7325 0 0 -0.000136
7330 0 0 -0.000137
7335 0 0 -0.000130
7340 0 0 -0.000115
7345 0 0 -0.000101
7350 0 0 -0.000100
7355 0 0 -0.000119
7360 0 0 -0.000143
7365 0 0 -0.000150
7370 0 0 -0.000128
7375 0 0 -0.000096
7380 0 0 -0.000080
7385 0 0 -0.000098
7390 0 0 -0.000133
7395 0 0 -0.000160
7400 0 0 -0.000160
7405 0 0 -0.000147
7410 0 0 -0.000140
7415 0 0 -0.000153
7420 0 0 -0.000175
7425 0 0 -0.000190
7430 0 0 -0.000185
7435 0 0 -0.000170
7440 0 0 -0.000160
7445 0 0 -0.000165
7450 0 0 -0.000182
7455 0 0 -0.000200
7460 0 0 -0.000213
7465 0 0 -0.000220
7470 0 0 -0.000220
7475 0 0 -0.000213
7480 0 0 -0.000197
7485 0 0 -0.000170
7490 0 0 -0.000132
7495 0 0 -0.000097
7500 0 0 -0.000080
7505 0 0 -0.000091
7510 0 0 -0.000117
7515 0 0 -0.000140
7520 0 0 -0.000145
7525 0 0 -0.000135
7530 0 0 -0.000120
7535 0 0 -0.000107
7540 0 0 -0.000099
7545 0 0 -0.000100
7550 0 0 -0.000110
7555 0 0 -0.000123
7560 0 0 -0.000130
7565 0 0 -0.000126
7570 0 0 -0.000122
7575 0 0 -0.000130
7580 0 0 -0.000158
7585 0 0 -0.000190
7590 0 0 -0.000200
7595 0 0 -0.000175
7600 0 0 -0.000138
7605 0 0 -0.000120
7610 0 0 -0.000143
7615 0 0 -0.000184
7620 0 0 -0.000210
7625 0 0 -0.000197
7630 0 0 -0.000156
7635 0 0 -0.000110
7640 0 0 -0.000079
7645 0 0 -0.000083
7650 0 0 -0.000140
7655 0 0 -0.000255
7660 0 0 -0.000379
7665 0 0 -0.000450
7670 0 0 -0.000425
7675 0 0 -0.000342
7680 0 0 -0.000260
7685 0 0 -0.000225
7690 0 0 -0.000226
7695 0 0 -0.000240
7700 0 0 -0.000249
7705 0 0 -0.000251
7710 0 0 -0.000250
7715 0 0 -0.000248
7720 0 0 -0.000240
7725 0 0 -0.000220
7730 0 0 -0.000187
7735 0 0 -0.000162
7740 0 0 -0.000170
7745 0 0 -0.000225
7750 0 0 -0.000293
7755 0 0 -0.000330
7760 0 0 -0.000305
7765 0 0 -0.000243
7770 0 0 -0.000180
7775 0 0 -0.000148
7780 0 0 -0.000144
7785 0 0 -0.000160
7790 0 0 -0.000185
7795 0 0 -0.000204
7800 0 0 -0.000200
7805 0 0 -0.000165
7810 0 0 -0.000119
7815 0 0 -0.000090
7820 0 0 -0.000098
7825 0 0 -0.000129
7830 0 0 -0.000160
7835 0 0 -0.000172
7840 0 0 -0.000167
7845 0 0 -0.000150
7850 0 0 -0.000129
7855 0 0 -0.000125
7860 0 0 -0.000160
7865 0 0 -0.000243
7870 0 0 -0.000325
7875 0 0 -0.000340
7880 0 0 -0.000251
7885 0 0 -0.000131
7890 0 0 -0.000080
7895 0 0 -0.000163
7900 0 0 -0.000309
7905 0 0 -0.000410
7910 0 0 -0.000391
7915 0 0 -0.000298
7920 0 0 -0.000210
7925 0 0 -0.000185
7930 0 0 -0.000207
7935 0 0 -0.000240
7940 0 0 -0.000255
7945 0 0 -0.000255
7950 0 0 -0.000250
7955 0 0 -0.000247
7960 0 0 -0.000243
7965 0 0 -0.000230
7970 0 0 -0.000206
7975 0 0 -0.000176
7980 0 0 -0.000150
7985 0 0 -0.000135
7990 0 0 -0.000132
7995 0 0 -0.000140
8000 0 0 -0.000156
8005 0 0 -0.000170
8010 0 0 -0.000170
8015 0 0 -0.000150
8020 0 0 -0.000125
8025 0 0 -0.000120
8030 0 0 -0.000147
8035 0 0 -0.000184
8040 0 0 -0.000200
8045 0 0 -0.000175
8050 0 0 -0.000133
8055 0 0 -0.000110
8060 0 0 -0.000130
8065 0 0 -0.000173
8070 0 0 -0.000210
8075 0 0 -0.000218
8080 0 0 -0.000204
8085 0 0 -0.000180
8090 0 0 -0.000160
8095 0 0 -0.000156
8100 0 0 -0.000180
8105 0 0 -0.000238
8110 0 0 -0.000308
8115 0 0 -0.000360
8120 0 0 -0.000372
8125 0 0 -0.000355
8130 0 0 -0.000330
8135 0 0 -0.000312
8140 0 0 -0.000302
8145 0 0 -0.000300
8150 0 0 -0.000303
8155 0 0 -0.000305
8160 0 0 -0.000300
8165 0 0 -0.000284
8170 0 0 -0.000264
8175 0 0 -0.000250
8180 0 0 -0.000248
8185 0 0 -0.000249
8190 0 0 -0.000240
8195 0 0 -0.000215
8200 0 0 -0.000200
8205 0 0 -0.000230
8210 0 0 -0.000326
8215 0 0 -0.000455
8220 0 0 -0.000570
8225 0 0 -0.000631
8230 0 0 -0.000628
8235 0 0 -0.000560
8240 0 0 -0.000438
8245 0 0 -0.000333
8250 0 0 -0.000330
8255 0 0 -0.000476
8260 0 0 -0.000666
8265 0 0 -0.000760
8270 0 0 -0.000665
8275 0 0 -0.000491
8280 0 0 -0.000400
8285 0 0 -0.000498
8290 0 0 -0.000684
8295 0 0 -0.000800
8300 0 0 -0.000737
8305 0 0 -0.000563
8310 0 0 -0.000390
8315 0 0 -0.000307
8320 0 0 -0.000300
8325 0 0 -0.000330
8330 0 0 -0.000366
8335 0 0 -0.000402
8340 0 0 -0.000440
8345 0 0 -0.000478
8350 0 0 -0.000501
8355 0 0 -0.000490
8360 0 0 -0.000437
8365 0 0 -0.000368
8370 0 0 -0.000320
8375 0 0 -0.000317
8380 0 0 -0.000343
8385 0 0 -0.000370
8390 0 0 -0.000377
8395 0 0 -0.000372
8400 0 0 -0.000370
8405 0 0 -0.000381
8410 0 0 -0.000401
8415 0 0 -0.000420
8420 0 0 -0.000431
8425 0 0 -0.000431
8430 0 0 -0.000420
8435 0 0 -0.000401
8440 0 0 -0.000391
8445 0 0 -0.000410
8450 0 0 -0.000466
8455 0 0 -0.000522
8460 0 0 -0.000530
8465 0 0 -0.000458
8470 0 0 -0.000348
8475 0 0 -0.000260
8480 0 0 -0.000237
8485 0 0 -0.000262
8490 0 0 -0.000300
8495 0 0 -0.000322
8500 0 0 -0.000323
8505 0 0 -0.000300
8510 0 0 -0.000257
8515 0 0 -0.000216
8520 0 0 -0.000200
8525 0 0 -0.000226
8530 0 0 -0.000270
8535 0 0 -0.000300
8540 0 0 -0.000294
8545 0 0 -0.000266
8550 0 0 -0.000240
8555 0 0 -0.000236
8560 0 0 -0.000249
8565 0 0 -0.000270
8570 0 0 -0.000290
8575 0 0 -0.000298
8580 0 0 -0.000280
8585 0 0 -0.000232
8590 0 0 -0.000176
8595 0 0 -0.000140
8600 0 0 -0.000144
8605 0 0 -0.000172
8610 0 0 -0.000200
8615 0 0 -0.000209
8620 0 0 -0.000201
8625 0 0 -0.000180
8630 0 0 -0.000154
8635 0 0 -0.000134
8640 0 0 -0.000130
8645 0 0 -0.000149
8650 0 0 -0.000173
8655 0 0 -0.000180
8660 0 0 -0.000155
8665 0 0 -0.000118
8670 0 0 -0.000100
8675 0 0 -0.000119
8680 0 0 -0.000156
8685 0 0 -0.000180
8690 0 0 -0.000171
8695 0 0 -0.000140
8700 0 0 -0.000110
8705 0 0 -0.000097
8710 0 0 -0.000102
8715 0 0 -0.000120
8720 0 0 -0.000146
8725 0 0 -0.000168
8730 0 0 -0.000170
8735 0 0 -0.000146
8740 0 0 -0.000117
8745 0 0 -0.000110
8750 0 0 -0.000142
8755 0 0 -0.000191
8760 0 0 -0.000220
8765 0 0 -0.000207
8770 0 0 -0.000171
8775 0 0 -0.000140
8780 0 0 -0.000137
8785 0 0 -0.000152
8790 0 0 -0.000170
8795 0 0 -0.000176
8800 0 0 -0.000169
8805 0 0 -0.000150
8810 0 0 -0.000123
8815 0 0 -0.000101
8820 0 0 -0.000100
8825 0 0 -0.000127
8830 0 0 -0.000160
8835 0 0 -0.000170
8840 0 0 -0.000138
8845 0 0 -0.000092
8850 0 0 -0.000070
8855 0 0 -0.000097
8860 0 0 -0.000146
8865 0 0 -0.000180
8870 0 0 -0.000171
8875 0 0 -0.000137
8880 0 0 -0.000110
8885 0 0 -0.000113
8890 0 0 -0.000138
8895 0 0 -0.000170
8900 0 0 -0.000197
8905 0 0 -0.000217
8910 0 0 -0.000230
8915 0 0 -0.000237
8920 0 0 -0.000234
8925 0 0 -0.000220
8930 0 0 -0.000193
8935 0 0 -0.000162
8940 0 0 -0.000140
8945 0 0 -0.000135
8950 0 0 -0.000144
8955 0 0 -0.000160
8960 0 0 -0.000175
8965 0 0 -0.000181
8970 0 0 -0.000170
8975 0 0 -0.000138
8980 0 0 -0.000103
8985 0 0 -0.000090
8990 0 0 -0.000112
8995 0 0 -0.000149
9000 0 0 -0.000170
9005 0 0 -0.000154
9010 0 0 -0.000118
9015 0 0 -0.000090
9020 0 0 -0.000089
9025 0 0 -0.000107
9030 0 0 -0.000130
9035 0 0 -0.000146
9040 0 0 -0.000151
9045 0 0 -0.000140
9050 0 0 -0.000115
9055 0 0 -0.000091
9060 0 0 -0.000090
9065 0 0 -0.000122
9070 0 0 -0.000165
9075 0 0 -0.000190
9080 0 0 -0.000176
9085 0 0 -0.000145
9090 0 0 -0.000130
9095 0 0 -0.000153
9100 0 0 -0.000191
9105 0 0 -0.000210
9110 0 0 -0.000186
9115 0 0 -0.000145
9120 0 0 -0.000120
9125 0 0 -0.000136
9130 0 0 -0.000168
9135 0 0 -0.000180
9140 0 0 -0.000149
9145 0 0 -0.000110
9150 0 0 -0.000110
9155 0 0 -0.000180
9160 0 0 -0.000277
9165 0 0 -0.000340
9170 0 0 -0.000324
9175 0 0 -0.000254
9180 0 0 -0.000170
9185 0 0 -0.000107
9190 0 0 -0.000075
9195 0 0 -0.000080
9200 0 0 -0.000120
9205 0 0 -0.000168
9210 0 0 -0.000190
9215 0 0 -0.000163
9220 0 0 -0.000116
9225 0 0 -0.000090
9230 0 0 -0.000111
9235 0 0 -0.000154
9240 0 0 -0.000180
9245 0 0 -0.000164
9250 0 0 -0.000140
9255 0 0 -0.000160
9260 0 0 -0.000252
9265 0 0 -0.000368
9270 0 0 -0.000440
9275 0 0 -0.000419
9280 0 0 -0.000338
9285 0 0 -0.000250
9290 0 0 -0.000199
9295 0 0 -0.000182
9300 0 0 -0.000190
9305 0 0 -0.000210
9310 0 0 -0.000230
9315 0 0 -0.000240
9320 0 0 -0.000234
9325 0 0 -0.000229
9330 0 0 -0.000250
9335 0 0 -0.000310
9340 0 0 -0.000380
9345 0 0 -0.000420
9350 0 0 -0.000404
9355 0 0 -0.000366
9360 0 0 -0.000350
9365 0 0 -0.000388
9370 0 0 -0.000442
9375 0 0 -0.000460
9380 0 0 -0.000407
9385 0 0 -0.000318
9390 0 0 -0.000250
9395 0 0 -0.000239
9400 0 0 -0.000252
9405 0 0 -0.000240
9410 0 0 -0.000176
9415 0 0 -0.000131
9420 0 0 -0.000200
9425 0 0 -0.000433
9430 0 0 -0.000706
9435 0 0 -0.000850
9440 0 0 -0.000750
9445 0 0 -0.000511
9450 0 0 -0.000290
9455 0 0 -0.000207
9460 0 0 -0.000220
9465 0 0 -0.000250
9470 0 0 -0.000236
9475 0 0 -0.000204
9480 0 0 -0.000200
9485 0 0 -0.000254
9490 0 0 -0.000329
9495 0 0 -0.000370
9500 0 0 -0.000339
9505 0 0 -0.000266
9510 0 0 -0.000200
9515 0 0 -0.000176
9520 0 0 -0.000183
9525 0 0 -0.000200
9530 0 0 -0.000208
9535 0 0 -0.000207
9540 0 0 -0.000200
9545 0 0 -0.000191
9550 0 0 -0.000187
9555 0 0 -0.000200
9560 0 0 -0.000233
9565 0 0 -0.000272
9570 0 0 -0.000300
9575 0 0 -0.000303
9580 0 0 -0.000288
9585 0 0 -0.000270
9590 0 0 -0.000258
9595 0 0 -0.000253
9600 0 0 -0.000250
9605 0 0 -0.000247
9610 0 0 -0.000246
9615 0 0 -0.000250
9620 0 0 -0.000259
9625 0 0 -0.000271
9630 0 0 -0.000280
9635 0 0 -0.000284
9640 0 0 -0.000286
9645 0 0 -0.000290
9650 0 0 -0.000301
9655 0 0 -0.000315
9660 0 0 -0.000330
9665 0 0 -0.000343
9670 0 0 -0.000363
9675 0 0 -0.000400
9680 0 0 -0.000458
9685 0 0 -0.000519
9690 0 0 -0.000560
9695 0 0 -0.000565
9700 0 0 -0.000548
9705 0 0 -0.000530
9710 0 0 -0.000524
9715 0 0 -0.000515
9720 0 0 -0.000480
9725 0 0 -0.000411
9730 0 0 -0.000369
9735 0 0 -0.000430
9740 0 0 -0.000634
9745 0 0 -0.000877
9750 0 0 -0.001020
9755 0 0 -0.000964
9760 0 0 -0.000785
9765 0 0 -0.000600
9770 0 0 -0.000501
9775 0 0 -0.000478
9780 0 0 -0.000500
9785 0 0 -0.000533
9790 0 0 -0.000554
9795 0 0 -0.000540
9800 0 0 -0.000478
9805 0 0 -0.000398
9810 0 0 -0.000340
9815 0 0 -0.000331
9820 0 0 -0.000349
9825 0 0 -0.000360
9830 0 0 -0.000338
9835 0 0 -0.000300
9840 0 0 -0.000270
9845 0 0 -0.000268
9850 0 0 -0.000286
9855 0 0 -0.000310
9860 0 0 -0.000330
9865 0 0 -0.000343
9870 0 0 -0.000350
9875 0 0 -0.000353
9880 0 0 -0.000352
9885 0 0 -0.000350
9890 0 0 -0.000348
9895 0 0 -0.000347
9900 0 0 -0.000350
9905 0 0 -0.000357
9910 0 0 -0.000364
9915 0 0 -0.000370
9920 0 0 -0.000371
9925 0 0 -0.000370
9930 0 0 -0.000370
9935 0 0 -0.000373
9940 0 0 -0.000373
9945 0 0 -0.000360
9950 0 0 -0.000331
9955 0 0 -0.000295
9960 0 0 -0.000270
9965 0 0 -0.000265
9970 0 0 -0.000275
9975 0 0 -0.000290
9980 0 0 -0.000301
9985 0 0 -0.000305
9990 0 0 -0.000300
9995 0 0 -0.000285
10000 0 0 -0.000263
10005 0 0 -0.000240
10010 0 0 -0.000222
10015 0 0 -0.000216
10020 0 0 -0.000230
10025 0 0 -0.000267
10030 0 0 -0.000307
10035 0 0 -0.000320
10040 0 0 -0.000290
10045 0 0 -0.000237
10050 0 0 -0.000190
10055 0 0 -0.000173
10060 0 0 -0.000180
10065 0 0 -0.000200
10070 0 0 -0.000221
10075 0 0 -0.000232
