0 0.962
5 0.965
10 0.967
15 0.967
20 0.966
25 0.965
30 0.965
35 0.966
40 0.969
45 0.973
50 0.977
55 0.982
60 0.985
65 0.987
70 0.988
75 0.988
80 0.987
85 0.986
90 0.985
95 0.984
100 0.984
105 0.985
110 0.986
115 0.987
120 0.988
125 0.988
130 0.986
135 0.984
140 0.981
145 0.977
150 0.972
155 0.969
160 0.966
165 0.966
170 0.967
175 0.969
180 0.970
185 0.971
190 0.971
195 0.969
200 0.967
205 0.964
210 0.963
215 0.963
220 0.965
225 0.970
230 0.974
235 0.979
240 0.983
245 0.985
250 0.987
255 0.987
260 0.987
265 0.987
270 0.987
275 0.987
280 0.988
285 0.989
290 0.991
295 0.992
300 0.993
305 0.994
310 0.994
315 0.993
320 0.992
325 0.990
330 0.989
335 0.988
340 0.987
345 0.988
350 0.989
355 0.990
360 0.991
365 0.991
370 0.991
375 0.990
380 0.989
385 0.988
390 0.987
395 0.987
400 0.987
405 0.988
410 0.990
415 0.992
420 0.993
425 0.994
430 0.994
435 0.993
440 0.992
445 0.991
450 0.990
455 0.989
460 0.988
465 0.989
470 0.989
475 0.990
480 0.990
485 0.989
490 0.988
495 0.986
500 0.982
505 0.978
510 0.973
515 0.969
520 0.966
525 0.965
530 0.965
535 0.966
540 0.966
545 0.966
550 0.964
555 0.960
560 0.956
565 0.950
570 0.945
575 0.942
580 0.941
585 0.943
590 0.947
595 0.951
600 0.954
605 0.955
610 0.953
615 0.949
620 0.942
625 0.934
630 0.925
635 0.916
640 0.910
645 0.905
650 0.902
655 0.899
660 0.894
665 0.884
670 0.868
675 0.845
680 0.814
685 0.777
690 0.737
695 0.699
700 0.667
705 0.644
710 0.628
715 0.615
720 0.602
725 0.583
730 0.555
735 0.517
740 0.472
745 0.425
750 0.385
755 0.359
760 0.352
765 0.364
770 0.390
775 0.422
780 0.451
785 0.471
790 0.479
795 0.476
800 0.464
805 0.450
810 0.440
815 0.441
820 0.456
825 0.483
830 0.518
835 0.553
840 0.582
845 0.602
850 0.611
855 0.610
860 0.602
865 0.592
870 0.586
875 0.590
880 0.606
885 0.632
890 0.666
895 0.700
900 0.731
905 0.755
910 0.772
915 0.782
920 0.788
925 0.794
930 0.802
935 0.815
940 0.834
945 0.856
950 0.879
955 0.899
960 0.916
965 0.928
970 0.935
975 0.939
980 0.941
985 0.941
990 0.941
995 0.942
1000 0.946
1005 0.950
1010 0.956
1015 0.960
1020 0.964
1025 0.965
1030 0.965
1035 0.962
1040 0.958
1045 0.953
1050 0.948
1055 0.944
1060 0.943
1065 0.945
1070 0.949
1075 0.953
1080 0.957
1085 0.959
1090 0.960
1095 0.959
1100 0.958
1105 0.956
1110 0.955
1115 0.957
1120 0.961
1125 0.966
1130 0.972
1135 0.977
1140 0.982
1145 0.985
1150 0.987
1155 0.988
1160 0.988
1165 0.988
1170 0.988
1175 0.988
1180 0.989
1185 0.991
1190 0.992
1195 0.993
1200 0.994
1205 0.995
1210 0.995
1215 0.994
1220 0.993
1225 0.992
1230 0.991
1235 0.990
1240 0.990
1245 0.990
1250 0.991
1255 0.992
1260 0.993
1265 0.993
1270 0.993
1275 0.992
1280 0.991
1285 0.990
1290 0.989
1295 0.989
1300 0.989
1305 0.990
1310 0.992
1315 0.993
1320 0.994
1325 0.995
1330 0.995
1335 0.995
1340 0.994
1345 0.993
1350 0.992
1355 0.992
1360 0.992
1365 0.992
1370 0.992
1375 0.993
1380 0.993
1385 0.993
1390 0.993
1395 0.991
1400 0.989
1405 0.987
1410 0.985
1415 0.983
1420 0.982
1425 0.982
1430 0.983
1435 0.985
1440 0.986
1445 0.987
1450 0.987
1455 0.986
1460 0.985
1465 0.984
1470 0.984
1475 0.984
1480 0.985
1485 0.987
1490 0.990
1495 0.992
1500 0.994
1505 0.995
1510 0.995
1515 0.995
1520 0.995
1525 0.994
1530 0.994
1535 0.993
1540 0.993
1545 0.994
1550 0.994
1555 0.995
1560 0.995
1565 0.995
1570 0.994
1575 0.993
1580 0.991
1585 0.989
1590 0.986
1595 0.983
1600 0.981
1605 0.980
1610 0.980
1615 0.981
1620 0.981
1625 0.981
1630 0.979
1635 0.977
1640 0.974
1645 0.970
1650 0.967
1655 0.965
1660 0.966
1665 0.968
1670 0.971
1675 0.975
1680 0.977
1685 0.979
1690 0.980
1695 0.979
1700 0.977
1705 0.975
1710 0.973
1715 0.971
1720 0.971
1725 0.972
1730 0.974
1735 0.976
1740 0.977
1745 0.977
1750 0.975
1755 0.972
1760 0.967
1765 0.960
1770 0.954
1775 0.948
1780 0.945
1785 0.943
1790 0.944
1795 0.945
1800 0.946
1805 0.945
1810 0.941
1815 0.935
1820 0.927
1825 0.917
1830 0.908
1835 0.901
1840 0.898
1845 0.898
1850 0.901
1855 0.904
1860 0.905
1865 0.904
1870 0.898
1875 0.886
1880 0.870
1885 0.850
1890 0.828
1895 0.807
1900 0.789
1905 0.776
1910 0.765
1915 0.754
1920 0.740
1925 0.717
1930 0.683
1935 0.636
1940 0.576
1945 0.507
1950 0.435
1955 0.369
1960 0.317
1965 0.282
1970 0.263
1975 0.251
1980 0.240
1985 0.222
1990 0.192
1995 0.149
2000 0.099
2005 0.050
2010 0.014
2015 0.000
2020 0.015
2025 0.056
2030 0.114
2035 0.178
2040 0.237
2045 0.282
2050 0.311
2055 0.325
2060 0.329
2065 0.329
2070 0.333
2075 0.349
2080 0.379
2085 0.420
2090 0.467
2095 0.513
2100 0.551
2105 0.577
2110 0.591
2115 0.593
2120 0.587
2125 0.578
2130 0.573
2135 0.577
2140 0.593
2145 0.619
2150 0.652
2155 0.686
2160 0.716
2165 0.739
2170 0.754
2175 0.763
2180 0.768
2185 0.773
2190 0.780
2195 0.793
2200 0.813
2205 0.837
2210 0.862
2215 0.885
2220 0.904
2225 0.918
2230 0.927
2235 0.933
2240 0.936
2245 0.938
2250 0.940
2255 0.944
2260 0.950
2265 0.956
2270 0.963
2275 0.970
2280 0.974
2285 0.978
2290 0.979
2295 0.979
2300 0.979
2305 0.978
2310 0.978
2315 0.978
2320 0.980
2325 0.983
2330 0.986
2335 0.989
2340 0.992
2345 0.993
2350 0.994
2355 0.995
2360 0.995
2365 0.996
2370 0.996
2375 0.997
2380 0.998
2385 0.999
2390 0.999
2395 1.000
2400 1.000
2405 1.000
2410 1.000
2415 1.000
2420 1.000
2425 1.000
2430 1.000
2435 1.000
2440 1.000
2445 1.000
2450 1.000
2455 1.000
2460 1.000
2465 1.000
2470 1.000
2475 1.000
2480 1.000
2485 1.000
2490 1.000
2495 1.000
2500 1.000
2505 1.000
2510 1.000
2515 1.000
2520 1.000
2525 1.000
2530 1.000
2535 1.000
2540 1.000
2545 1.000
2550 1.000
2555 1.000
2560 1.000
2565 1.000
2570 1.000
2575 1.000
2580 1.000
2585 1.000
2590 1.000
2595 1.000
2600 1.000
2605 0.999
2610 0.999
2615 0.999
2620 0.999
2625 0.999
2630 0.999
2635 0.999
2640 0.999
2645 0.999
2650 0.998
2655 0.997
2660 0.996
2665 0.994
2670 0.992
2675 0.990
2680 0.988
2685 0.986
2690 0.985
2695 0.985
2700 0.984
2705 0.982
2710 0.980
2715 0.975
2720 0.970
2725 0.963
2730 0.957
2735 0.951
2740 0.947
2745 0.946
2750 0.946
2755 0.947
2760 0.947
2765 0.945
2770 0.940
2775 0.931
2780 0.920
2785 0.905
2790 0.889
2795 0.874
2800 0.862
2805 0.853
2810 0.847
2815 0.841
2820 0.832
2825 0.818
2830 0.797
2835 0.767
2840 0.729
2845 0.686
2850 0.641
2855 0.602
2860 0.575
2865 0.560
2870 0.556
2875 0.559
2880 0.562
2885 0.561
2890 0.552
2895 0.536
2900 0.517
2905 0.498
2910 0.488
2915 0.491
2920 0.512
2925 0.546
2930 0.589
2935 0.634
2940 0.673
2945 0.703
2950 0.724
2955 0.736
2960 0.742
2965 0.746
2970 0.751
2975 0.762
2980 0.777
2985 0.798
2990 0.820
2995 0.840
3000 0.857
3005 0.867
3010 0.872
3015 0.871
3020 0.867
3025 0.861
3030 0.856
3035 0.854
3040 0.857
3045 0.865
3050 0.876
3055 0.887
3060 0.896
3065 0.902
3070 0.905
3075 0.904
3080 0.901
3085 0.897
3090 0.895
3095 0.895
3100 0.900
3105 0.908
3110 0.918
3115 0.928
3120 0.935
3125 0.940
3130 0.942
3135 0.941
3140 0.938
3145 0.933
3150 0.929
3155 0.926
3160 0.925
3165 0.927
3170 0.930
3175 0.934
3180 0.936
3185 0.935
3190 0.932
3195 0.925
3200 0.915
3205 0.904
3210 0.892
3215 0.884
3220 0.880
3225 0.881
3230 0.885
3235 0.891
3240 0.897
3245 0.900
3250 0.900
3255 0.898
3260 0.893
3265 0.889
3270 0.886
3275 0.887
3280 0.893
3285 0.903
3290 0.915
3295 0.926
3300 0.936
3305 0.942
3310 0.945
3315 0.946
3320 0.945
3325 0.942
3330 0.940
3335 0.939
3340 0.940
3345 0.943
3350 0.947
3355 0.951
3360 0.953
3365 0.954
3370 0.951
3375 0.946
3380 0.939
3385 0.929
3390 0.920
3395 0.913
3400 0.908
3405 0.908
3410 0.910
3415 0.914
3420 0.917
3425 0.918
3430 0.916
3435 0.912
3440 0.905
3445 0.899
3450 0.894
3455 0.894
3460 0.897
3465 0.905
3470 0.916
3475 0.926
3480 0.935
3485 0.941
3490 0.945
3495 0.945
3500 0.945
3505 0.943
3510 0.942
3515 0.943
3520 0.946
3525 0.950
3530 0.956
3535 0.961
3540 0.965
3545 0.967
3550 0.968
3555 0.967
3560 0.964
3565 0.961
3570 0.958
3575 0.957
3580 0.958
3585 0.961
3590 0.965
3595 0.969
3600 0.973
3605 0.976
3610 0.977
3615 0.977
3620 0.977
3625 0.976
3630 0.976
3635 0.977
3640 0.979
3645 0.982
3650 0.986
3655 0.989
3660 0.991
3665 0.993
3670 0.993
3675 0.993
3680 0.993
3685 0.992
3690 0.992
3695 0.992
3700 0.992
3705 0.992
3710 0.993
3715 0.994
3720 0.994
3725 0.994
3730 0.994
3735 0.993
3740 0.991
3745 0.989
3750 0.987
3755 0.985
3760 0.984
3765 0.984
3770 0.985
3775 0.987
3780 0.988
3785 0.988
3790 0.988
3795 0.987
3800 0.986
3805 0.985
3810 0.985
3815 0.985
3820 0.986
3825 0.988
3830 0.990
3835 0.992
3840 0.994
3845 0.995
3850 0.995
3855 0.995
3860 0.995
3865 0.995
3870 0.994
3875 0.994
3880 0.994
3885 0.995
3890 0.995
3895 0.996
3900 0.996
3905 0.996
3910 0.995
3915 0.994
3920 0.992
3925 0.990
3930 0.987
3935 0.984
3940 0.981
3945 0.980
3950 0.979
3955 0.979
3960 0.978
3965 0.976
3970 0.973
3975 0.968
3980 0.961
3985 0.954
3990 0.946
3995 0.939
4000 0.935
4005 0.934
4010 0.935
4015 0.936
4020 0.937
4025 0.935
4030 0.931
4035 0.923
4040 0.912
4045 0.899
4050 0.885
4055 0.873
4060 0.864
4065 0.860
4070 0.858
4075 0.857
4080 0.855
4085 0.849
4090 0.837
4095 0.819
4100 0.795
4105 0.769
4110 0.744
4115 0.725
4120 0.715
4125 0.715
4130 0.724
4135 0.736
4140 0.747
4145 0.756
4150 0.759
4155 0.757
4160 0.752
4165 0.748
4170 0.748
4175 0.755
4180 0.771
4185 0.794
4190 0.820
4195 0.845
4200 0.866
4205 0.882
4210 0.892
4215 0.897
4220 0.899
4225 0.899
4230 0.900
4235 0.902
4240 0.908
4245 0.915
4250 0.924
4255 0.932
4260 0.937
4265 0.940
4270 0.940
4275 0.936
4280 0.930
4285 0.923
4290 0.915
4295 0.910
4300 0.908
4305 0.909
4310 0.913
4315 0.918
4320 0.922
4325 0.924
4330 0.923
4335 0.920
4340 0.915
4345 0.909
4350 0.905
4355 0.904
4360 0.907
4365 0.914
4370 0.923
4375 0.931
4380 0.939
4385 0.944
4390 0.946
4395 0.946
4400 0.943
4405 0.940
4410 0.937
4415 0.936
4420 0.937
4425 0.940
4430 0.945
4435 0.949
4440 0.952
4445 0.953
4450 0.951
4455 0.948
4460 0.942
4465 0.934
4470 0.927
4475 0.923
4480 0.921
4485 0.922
4490 0.926
4495 0.931
4500 0.935
4505 0.938
4510 0.938
4515 0.936
4520 0.932
4525 0.928
4530 0.925
4535 0.925
4540 0.928
4545 0.933
4550 0.941
4555 0.948
4560 0.954
4565 0.958
4570 0.959
4575 0.958
4580 0.956
4585 0.952
4590 0.949
4595 0.946
4600 0.946
4605 0.947
4610 0.950
4615 0.953
4620 0.954
4625 0.954
4630 0.951
4635 0.945
4640 0.938
4645 0.928
4650 0.919
4655 0.912
4660 0.909
4665 0.910
4670 0.913
4675 0.918
4680 0.923
4685 0.926
4690 0.927
4695 0.925
4700 0.922
4705 0.919
4710 0.918
4715 0.920
4720 0.926
4725 0.935
4730 0.945
4735 0.954
4740 0.962
4745 0.967
4750 0.970
4755 0.972
4760 0.972
4765 0.972
4770 0.972
4775 0.973
4780 0.974
4785 0.977
4790 0.980
4795 0.983
4800 0.985
4805 0.986
4810 0.985
4815 0.984
4820 0.982
4825 0.979
4830 0.976
4835 0.973
4840 0.972
4845 0.973
4850 0.974
4855 0.976
4860 0.977
4865 0.977
4870 0.976
4875 0.974
4880 0.971
4885 0.968
4890 0.965
4895 0.964
4900 0.964
4905 0.966
4910 0.969
4915 0.973
4920 0.975
4925 0.977
4930 0.977
4935 0.975
4940 0.973
4945 0.970
4950 0.967
4955 0.965
4960 0.964
4965 0.965
4970 0.966
4975 0.968
4980 0.969
4985 0.969
4990 0.967
4995 0.963
5000 0.958
5005 0.952
5010 0.946
5015 0.941
5020 0.940
5025 0.941
5030 0.944
5035 0.949
5040 0.953
5045 0.955
5050 0.956
5055 0.955
5060 0.953
5065 0.952
5070 0.951
5075 0.952
5080 0.956
5085 0.961
5090 0.967
5095 0.972
5100 0.977
5105 0.980
5110 0.981
5115 0.981
5120 0.980
5125 0.979
5130 0.977
5135 0.977
5140 0.976
5145 0.977
5150 0.978
5155 0.979
5160 0.980
5165 0.979
5170 0.976
5175 0.972
5180 0.966
5185 0.957
5190 0.948
5195 0.940
5200 0.933
5205 0.929
5210 0.926
5215 0.925
5220 0.923
5225 0.919
5230 0.912
5235 0.902
5240 0.889
5245 0.875
5250 0.862
5255 0.853
5260 0.849
5265 0.852
5270 0.859
5275 0.867
5280 0.874
5285 0.877
5290 0.877
5295 0.872
5300 0.863
5305 0.853
5310 0.844
5315 0.838
5320 0.838
5325 0.842
5330 0.850
5335 0.858
5340 0.864
5345 0.866
5350 0.864
5355 0.856
5360 0.845
5365 0.833
5370 0.822
5375 0.815
5380 0.816
5385 0.823
5390 0.835
5395 0.848
5400 0.861
5405 0.870
5410 0.875
5415 0.876
5420 0.876
5425 0.875
5430 0.876
5435 0.881
5440 0.891
5445 0.904
5450 0.919
5455 0.932
5460 0.943
5465 0.951
5470 0.955
5475 0.957
5480 0.958
5485 0.958
5490 0.957
5495 0.958
5500 0.961
5505 0.964
5510 0.969
5515 0.972
5520 0.975
5525 0.977
5530 0.976
5535 0.975
5540 0.972
5545 0.969
5550 0.966
5555 0.964
5560 0.964
5565 0.966
5570 0.969
5575 0.972
5580 0.975
5585 0.977
5590 0.978
5595 0.978
5600 0.978
5605 0.977
5610 0.977
5615 0.978
5620 0.981
5625 0.984
5630 0.987
5635 0.990
5640 0.993
5645 0.994
5650 0.995
5655 0.995
5660 0.995
5665 0.995
5670 0.995
5675 0.995
5680 0.995
5685 0.996
5690 0.997
5695 0.997
5700 0.998
5705 0.998
5710 0.997
5715 0.997
5720 0.996
5725 0.995
5730 0.993
5735 0.992
5740 0.991
5745 0.990
5750 0.990
5755 0.991
5760 0.991
5765 0.990
5770 0.989
5775 0.987
5780 0.984
5785 0.981
5790 0.978
5795 0.976
5800 0.974
5805 0.975
5810 0.976
5815 0.977
5820 0.978
5825 0.978
5830 0.977
5835 0.974
5840 0.969
5845 0.964
5850 0.958
5855 0.953
5860 0.949
5865 0.947
5870 0.946
5875 0.946
5880 0.944
5885 0.941
5890 0.934
5895 0.924
5900 0.910
5905 0.894
5910 0.877
5915 0.863
5920 0.853
5925 0.849
5930 0.849
5935 0.852
5940 0.854
5945 0.853
5950 0.849
5955 0.840
5960 0.829
5965 0.816
5970 0.807
5975 0.803
5980 0.806
5985 0.816
5990 0.829
5995 0.844
6000 0.855
6005 0.863
6010 0.864
6015 0.861
6020 0.853
6025 0.843
6030 0.833
6035 0.825
6040 0.821
6045 0.822
6050 0.826
6055 0.829
6060 0.830
6065 0.825
6070 0.813
6075 0.793
6080 0.767
6085 0.735
6090 0.703
6095 0.676
6100 0.657
6105 0.649
6110 0.648
6115 0.652
6120 0.655
6125 0.653
6130 0.643
6135 0.627
6140 0.606
6145 0.585
6150 0.570
6155 0.566
6160 0.577
6165 0.601
6170 0.634
6175 0.668
6180 0.699
6185 0.723
6190 0.738
6195 0.746
6200 0.748
6205 0.750
6210 0.753
6215 0.763
6220 0.778
6225 0.799
6230 0.822
6235 0.845
6240 0.863
6245 0.876
6250 0.884
6255 0.887
6260 0.888
6265 0.888
6270 0.889
6275 0.894
6280 0.903
6285 0.914
6290 0.928
6295 0.940
6300 0.951
6305 0.959
6310 0.964
6315 0.967
6320 0.970
6325 0.972
6330 0.974
6335 0.978
6340 0.982
6345 0.986
6350 0.990
6355 0.993
6360 0.995
6365 0.997
6370 0.997
6375 0.998
6380 0.998
6385 0.998
6390 0.998
6395 0.998
6400 0.998
6405 0.998
6410 0.999
6415 0.999
6420 0.999
6425 0.999
6430 0.999
6435 0.999
6440 0.998
6445 0.998
6450 0.997
6455 0.996
6460 0.996
6465 0.996
6470 0.996
6475 0.996
6480 0.996
6485 0.996
6490 0.996
6495 0.995
6500 0.994
6505 0.993
6510 0.992
6515 0.992
6520 0.992
6525 0.992
6530 0.993
6535 0.994
6540 0.995
6545 0.996
6550 0.996
6555 0.995
6560 0.995
6565 0.994
6570 0.993
6575 0.992
6580 0.991
6585 0.992
6590 0.992
6595 0.992
6600 0.992
6605 0.992
6610 0.990
6615 0.988
6620 0.985
6625 0.980
6630 0.976
6635 0.971
6640 0.968
6645 0.966
6650 0.965
6655 0.965
6660 0.964
6665 0.963
6670 0.960
6675 0.955
6680 0.948
6685 0.941
6690 0.934
6695 0.929
6700 0.928
6705 0.930
6710 0.934
6715 0.939
6720 0.943
6725 0.945
6730 0.945
6735 0.942
6740 0.937
6745 0.930
6750 0.924
6755 0.920
6760 0.919
6765 0.921
6770 0.924
6775 0.928
6780 0.931
6785 0.931
6790 0.928
6795 0.922
6800 0.914
6805 0.904
6810 0.895
6815 0.889
6820 0.888
6825 0.892
6830 0.899
6835 0.907
6840 0.914
6845 0.919
6850 0.922
6855 0.922
6860 0.921
6865 0.920
6870 0.920
6875 0.923
6880 0.929
6885 0.938
6890 0.948
6895 0.956
6900 0.964
6905 0.968
6910 0.971
6915 0.972
6920 0.972
6925 0.970
6930 0.969
6935 0.969
6940 0.970
6945 0.971
6950 0.974
6955 0.976
6960 0.977
6965 0.977
6970 0.975
6975 0.971
6980 0.966
6985 0.959
6990 0.952
6995 0.945
7000 0.940
7005 0.938
7010 0.938
7015 0.939
7020 0.939
7025 0.938
7030 0.934
7035 0.928
7040 0.920
7045 0.911
7050 0.904
7055 0.900
7060 0.900
7065 0.904
7070 0.911
7075 0.919
7080 0.925
7085 0.929
7090 0.930
7095 0.928
7100 0.924
7105 0.918
7110 0.913
7115 0.911
7120 0.911
7125 0.914
7130 0.919
7135 0.924
7140 0.927
7145 0.928
7150 0.926
7155 0.920
7160 0.911
7165 0.900
7170 0.890
7175 0.883
7180 0.879
7185 0.881
7190 0.885
7195 0.891
7200 0.896
7205 0.898
7210 0.897
7215 0.892
7220 0.885
7225 0.877
7230 0.871
7235 0.868
7240 0.870
7245 0.876
7250 0.886
7255 0.895
7260 0.902
7265 0.906
7270 0.905
7275 0.901
7280 0.892
7285 0.881
7290 0.870
7295 0.861
7300 0.855
7305 0.853
7310 0.854
7315 0.854
7320 0.852
7325 0.845
7330 0.833
7335 0.813
7340 0.786
7345 0.755
7350 0.724
7355 0.699
7360 0.681
7365 0.674
7370 0.676
7375 0.682
7380 0.688
7385 0.690
7390 0.686
7395 0.676
7400 0.662
7405 0.649
7410 0.643
7415 0.646
7420 0.663
7425 0.689
7430 0.722
7435 0.755
7440 0.784
7445 0.807
7450 0.822
7455 0.831
7460 0.836
7465 0.839
7470 0.844
7475 0.852
7480 0.864
7485 0.879
7490 0.895
7495 0.910
7500 0.922
7505 0.930
7510 0.934
7515 0.935
7520 0.934
7525 0.933
7530 0.932
7535 0.933
7540 0.937
7545 0.944
7550 0.951
7555 0.959
7560 0.965
7565 0.969
7570 0.972
7575 0.974
7580 0.974
7585 0.975
7590 0.976
7595 0.978
7600 0.981
7605 0.985
7610 0.988
7615 0.991
7620 0.994
7625 0.995
7630 0.996
7635 0.996
7640 0.996
7645 0.996
7650 0.996
7655 0.997
7660 0.997
7665 0.997
7670 0.998
7675 0.998
7680 0.999
7685 0.999
7690 0.999
7695 0.999
7700 0.998
7705 0.998
7710 0.998
7715 0.997
7720 0.997
7725 0.998
7730 0.998
7735 0.998
7740 0.999
7745 0.999
7750 0.999
7755 0.999
7760 0.999
7765 0.998
7770 0.998
7775 0.998
7780 0.998
7785 0.999
7790 0.999
7795 0.999
7800 1.000
7805 1.000
7810 1.000
7815 1.000
7820 0.999
7825 0.999
7830 0.999
7835 0.999
7840 0.999
7845 0.999
7850 0.999
7855 0.999
7860 0.999
7865 0.998
7870 0.998
7875 0.997
7880 0.995
7885 0.992
7890 0.989
7895 0.986
7900 0.983
7905 0.981
7910 0.979
7915 0.978
7920 0.976
7925 0.974
7930 0.970
7935 0.965
7940 0.958
7945 0.950
7950 0.943
7955 0.937
7960 0.934
7965 0.935
7970 0.938
7975 0.941
7980 0.944
7985 0.946
7990 0.944
7995 0.941
8000 0.935
8005 0.929
8010 0.922
8015 0.917
8020 0.916
8025 0.917
8030 0.920
8035 0.923
8040 0.925
8045 0.925
8050 0.921
8055 0.913
8060 0.902
8065 0.889
8070 0.877
8075 0.867
8080 0.862
8085 0.863
8090 0.867
8095 0.872
8100 0.877
8105 0.878
8110 0.876
8115 0.871
8120 0.862
8125 0.852
8130 0.844
8135 0.841
8140 0.843
8145 0.851
8150 0.861
8155 0.872
8160 0.881
8165 0.885
8170 0.885
8175 0.880
8180 0.871
8185 0.860
8190 0.848
8195 0.839
8200 0.834
8205 0.833
8210 0.835
8215 0.837
8220 0.836
8225 0.831
8230 0.819
8235 0.800
8240 0.774
8245 0.745
8250 0.716
8255 0.693
8260 0.679
8265 0.675
8270 0.680
8275 0.689
8280 0.698
8285 0.703
8290 0.702
8295 0.695
8300 0.685
8305 0.676
8310 0.672
8315 0.678
8320 0.695
8325 0.722
8330 0.754
8335 0.785
8340 0.812
8345 0.833
8350 0.846
8355 0.855
8360 0.859
8365 0.862
8370 0.865
8375 0.872
8380 0.881
8385 0.894
8390 0.907
8395 0.919
8400 0.929
8405 0.935
8410 0.938
8415 0.937
8420 0.934
8425 0.931
8430 0.927
8435 0.926
8440 0.928
8445 0.932
8450 0.939
8455 0.945
8460 0.950
8465 0.954
8470 0.955
8475 0.955
8480 0.953
8485 0.951
8490 0.949
8495 0.950
8500 0.952
8505 0.957
8510 0.963
8515 0.968
8520 0.972
8525 0.975
8530 0.976
8535 0.975
8540 0.973
8545 0.971
8550 0.969
8555 0.967
8560 0.967
8565 0.968
8570 0.970
8575 0.971
8580 0.972
8585 0.972
8590 0.970
8595 0.966
8600 0.961
8605 0.954
8610 0.948
8615 0.943
8620 0.940
8625 0.940
8630 0.943
8635 0.946
8640 0.949
8645 0.951
8650 0.951
8655 0.949
8660 0.946
8665 0.943
8670 0.941
8675 0.941
8680 0.944
8685 0.950
8690 0.957
8695 0.963
8700 0.969
8705 0.972
8710 0.974
8715 0.974
8720 0.973
8725 0.971
8730 0.970
8735 0.969
8740 0.970
8745 0.972
8750 0.974
8755 0.976
8760 0.977
8765 0.977
8770 0.976
8775 0.973
8780 0.969
8785 0.963
8790 0.958
8795 0.953
8800 0.951
8805 0.951
8810 0.952
8815 0.955
8820 0.957
8825 0.958
8830 0.957
8835 0.955
8840 0.951
8845 0.948
8850 0.945
8855 0.945
8860 0.948
8865 0.953
8870 0.959
8875 0.966
8880 0.971
8885 0.974
8890 0.976
8895 0.977
8900 0.976
8905 0.976
8910 0.975
8915 0.975
8920 0.977
8925 0.979
8930 0.982
8935 0.984
8940 0.986
8945 0.987
8950 0.987
8955 0.986
8960 0.984
8965 0.982
8970 0.980
8975 0.978
8980 0.978
8985 0.979
8990 0.981
8995 0.983
9000 0.984
9005 0.985
9010 0.985
9015 0.984
9020 0.983
9025 0.981
9030 0.979
9035 0.979
9040 0.979
9045 0.981
9050 0.983
9055 0.985
9060 0.987
9065 0.988
9070 0.988
9075 0.987
9080 0.984
9085 0.982
9090 0.979
9095 0.976
9100 0.974
9105 0.973
9110 0.973
9115 0.973
9120 0.972
9125 0.970
9130 0.965
9135 0.958
9140 0.949
9145 0.937
9150 0.924
9155 0.913
9160 0.905
9165 0.900
9170 0.899
9175 0.900
9180 0.900
9185 0.899
9190 0.895
9195 0.888
9200 0.879
9205 0.869
9210 0.863
9215 0.861
9220 0.865
9225 0.874
9230 0.887
9235 0.900
9240 0.911
9245 0.919
9250 0.924
9255 0.925
9260 0.924
9265 0.922
9270 0.921
9275 0.921
9280 0.924
9285 0.930
9290 0.936
9295 0.942
9300 0.947
9305 0.949
9310 0.948
9315 0.945
9320 0.939
9325 0.933
9330 0.926
9335 0.921
9340 0.920
9345 0.921
9350 0.925
9355 0.929
9360 0.933
9365 0.935
9370 0.934
9375 0.931
9380 0.926
9385 0.920
9390 0.916
9395 0.914
9400 0.916
9405 0.921
9410 0.929
9415 0.936
9420 0.942
9425 0.946
9430 0.947
9435 0.945
9440 0.942
9445 0.937
9450 0.933
9455 0.930
9460 0.930
9465 0.932
9470 0.936
9475 0.940
9480 0.943
9485 0.943
9490 0.941
9495 0.936
9500 0.929
9505 0.921
9510 0.914
9515 0.909
9520 0.908
9525 0.911
9530 0.918
9535 0.925
9540 0.931
9545 0.936
9550 0.938
9555 0.939
9560 0.938
9565 0.937
9570 0.938
9575 0.941
9580 0.947
9585 0.954
9590 0.962
9595 0.970
9600 0.976
9605 0.980
9610 0.982
9615 0.983
9620 0.983
9625 0.983
9630 0.982
9635 0.982
9640 0.983
9645 0.985
9650 0.986
9655 0.988
9660 0.989
9665 0.989
9670 0.988
9675 0.987
9680 0.984
9685 0.980
9690 0.976
9695 0.973
9700 0.970
9705 0.969
9710 0.969
9715 0.970
9720 0.970
9725 0.969
9730 0.967
9735 0.963
9740 0.957
9745 0.951
9750 0.946
9755 0.942
9760 0.941
9765 0.942
9770 0.945
9775 0.949
9780 0.952
9785 0.953
9790 0.952
9795 0.949
9800 0.943
9805 0.936
9810 0.929
9815 0.923
9820 0.920
9825 0.919
9830 0.920
9835 0.921
9840 0.920
9845 0.917
9850 0.910
9855 0.899
9860 0.883
9865 0.864
9870 0.845
9875 0.828
9880 0.817
9885 0.812
9890 0.812
9895 0.814
9900 0.815
9905 0.812
9910 0.805
9915 0.793
9920 0.776
9925 0.758
9930 0.743
9935 0.734
9940 0.734
9945 0.743
9950 0.758
9955 0.773
9960 0.787
9965 0.794
9970 0.795
9975 0.789
9980 0.777
9985 0.763
9990 0.750
9995 0.741
10000 0.739
10005 0.744
10010 0.753
10015 0.762
10020 0.769
10025 0.770
10030 0.764
10035 0.750
10040 0.731
10045 0.710
10050 0.692
10055 0.681
10060 0.681
10065 0.692
10070 0.711
10075 0.734
10080 0.755
