0 0 0 -0.000174
5 0 0 -0.000227
10 0 0 -0.000241
15 0 0 -0.000230
20 0 0 -0.000206
25 0 0 -0.000182
30 0 0 -0.000172
35 0 0 -0.000183
40 0 0 -0.000208
45 0 0 -0.000232
50 0 0 -0.000246
55 0 0 -0.000246
60 0 0 -0.000232
65 0 0 -0.000207
70 0 0 -0.000182
75 0 0 -0.000174
80 0 0 -0.000191
85 0 0 -0.000218
90 0 0 -0.000230
95 0 0 -0.000214
100 0 0 -0.000186
105 0 0 -0.000174
110 0 0 -0.000194
115 0 0 -0.000223
120 0 0 -0.000230
125 0 0 -0.000195
130 0 0 -0.000145
135 0 0 -0.000116
140 0 0 -0.000135
145 0 0 -0.000183
150 0 0 -0.000230
155 0 0 -0.000251
160 0 0 -0.000249
165 0 0 -0.000232
170 0 0 -0.000209
175 0 0 -0.000186
180 0 0 -0.000172
185 0 0 -0.000170
190 0 0 -0.000173
195 0 0 -0.000172
200 0 0 -0.000162
205 0 0 -0.000155
210 0 0 -0.000172
215 0 0 -0.000220
220 0 0 -0.000271
225 0 0 -0.000288
230 0 0 -0.000245
235 0 0 -0.000174
240 0 0 -0.000116
245 0 0 -0.000105
250 0 0 -0.000132
255 0 0 -0.000174
260 0 0 -0.000213
265 0 0 -0.000235
270 0 0 -0.000230
275 0 0 -0.000193
280 0 0 -0.000145
285 0 0 -0.000116
290 0 0 -0.000127
295 0 0 -0.000170
300 0 0 -0.000230
305 0 0 -0.000291
310 0 0 -0.000334
315 0 0 -0.000344
320 0 0 -0.000310
325 0 0 -0.000260
330 0 0 -0.000230
335 0 0 -0.000243
340 0 0 -0.000275
345 0 0 -0.000288
350 0 0 -0.000257
355 0 0 -0.000206
360 0 0 -0.000172
365 0 0 -0.000181
370 0 0 -0.000211
375 0 0 -0.000230
380 0 0 -0.000216
385 0 0 -0.000187
390 0 0 -0.000172
395 0 0 -0.000189
400 0 0 -0.000218
405 0 0 -0.000230
410 0 0 -0.000207
415 0 0 -0.000176
420 0 0 -0.000174
425 0 0 -0.000230
430 0 0 -0.000332
435 0 0 -0.000460
440 0 0 -0.000590
445 0 0 -0.000681
450 0 0 -0.000690
455 0 0 -0.000594
460 0 0 -0.000453
465 0 0 -0.000346
470 0 0 -0.000331
475 0 0 -0.000369
480 0 0 -0.000402
485 0 0 -0.000382
490 0 0 -0.000317
495 0 0 -0.000230
500 0 0 -0.000146
505 0 0 -0.000096
510 0 0 -0.000116
515 0 0 -0.000220
520 0 0 -0.000345
525 0 0 -0.000404
530 0 0 -0.000345
535 0 0 -0.000235
540 0 0 -0.000172
545 0 0 -0.000223
550 0 0 -0.000331
555 0 0 -0.000404
560 0 0 -0.000380
565 0 0 -0.000300
570 0 0 -0.000230
575 0 0 -0.000221
580 0 0 -0.000253
585 0 0 -0.000288
590 0 0 -0.000300
595 0 0 -0.000309
600 0 0 -0.000346
605 0 0 -0.000426
610 0 0 -0.000504
615 0 0 -0.000520
620 0 0 -0.000437
625 0 0 -0.000313
630 0 0 -0.000230
635 0 0 -0.000244
640 0 0 -0.000307
645 0 0 -0.000346
650 0 0 -0.000310
655 0 0 -0.000234
660 0 0 -0.000174
665 0 0 -0.000172
670 0 0 -0.000218
675 0 0 -0.000288
680 0 0 -0.000359
685 0 0 -0.000406
690 0 0 -0.000404
695 0 0 -0.000342
700 0 0 -0.000264
705 0 0 -0.000230
710 0 0 -0.000280
715 0 0 -0.000376
720 0 0 -0.000462
725 0 0 -0.000495
730 0 0 -0.000487
735 0 0 -0.000462
740 0 0 -0.000441
745 0 0 -0.000423
750 0 0 -0.000402
755 0 0 -0.000376
760 0 0 -0.000353
765 0 0 -0.000344
770 0 0 -0.000356
775 0 0 -0.000380
780 0 0 -0.000402
785 0 0 -0.000412
790 0 0 -0.000412
795 0 0 -0.000404
800 0 0 -0.000392
805 0 0 -0.000374
810 0 0 -0.000348
815 0 0 -0.000312
820 0 0 -0.000271
825 0 0 -0.000230
830 0 0 -0.000196
835 0 0 -0.000175
840 0 0 -0.000174
845 0 0 -0.000196
850 0 0 -0.000223
855 0 0 -0.000230
860 0 0 -0.000205
865 0 0 -0.000173
870 0 0 -0.000172
875 0 0 -0.000228
880 0 0 -0.000330
885 0 0 -0.000460
890 0 0 -0.000599
895 0 0 -0.000736
900 0 0 -0.000864
905 0 0 -0.000969
910 0 0 -0.001019
915 0 0 -0.000980
920 0 0 -0.000834
925 0 0 -0.000636
930 0 0 -0.000462
935 0 0 -0.000367
940 0 0 -0.000339
945 0 0 -0.000346
950 0 0 -0.000361
955 0 0 -0.000366
960 0 0 -0.000344
965 0 0 -0.000296
970 0 0 -0.000289
975 0 0 -0.000404
980 0 0 -0.000682
985 0 0 -0.000990
990 0 0 -0.001152
995 0 0 -0.001051
1000 0 0 -0.000802
1005 0 0 -0.000576
1010 0 0 -0.000506
1015 0 0 -0.000566
1020 0 0 -0.000690
1025 0 0 -0.000817
1030 0 0 -0.000907
1035 0 0 -0.000922
1040 0 0 -0.000849
1045 0 0 -0.000760
1050 0 0 -0.000750
1055 0 0 -0.000878
1060 0 0 -0.001068
1065 0 0 -0.001210
1070 0 0 -0.001223
1075 0 0 -0.001143
1080 0 0 -0.001036
1085 0 0 -0.000955
1090 0 0 -0.000902
1095 0 0 -0.000864
1100 0 0 -0.000834
1105 0 0 -0.000813
1110 0 0 -0.000806
1115 0 0 -0.000816
1120 0 0 -0.000838
1125 0 0 -0.000864
1130 0 0 -0.000885
1135 0 0 -0.000889
1140 0 0 -0.000864
1145 0 0 -0.000807
1150 0 0 -0.000754
1155 0 0 -0.000748
1160 0 0 -0.000814
1165 0 0 -0.000897
1170 0 0 -0.000922
1175 0 0 -0.000840
1180 0 0 -0.000714
1185 0 0 -0.000632
1190 0 0 -0.000657
1195 0 0 -0.000740
1200 0 0 -0.000806
1205 0 0 -0.000799
1210 0 0 -0.000745
1215 0 0 -0.000690
1220 0 0 -0.000669
1225 0 0 -0.000676
1230 0 0 -0.000692
1235 0 0 -0.000702
1240 0 0 -0.000702
1245 0 0 -0.000690
1250 0 0 -0.000669
1255 0 0 -0.000660
1260 0 0 -0.000692
1265 0 0 -0.000781
1270 0 0 -0.000906
1275 0 0 -0.001036
1280 0 0 -0.001141
1285 0 0 -0.001190
1290 0 0 -0.001152
1295 0 0 -0.001014
1300 0 0 -0.000834
1305 0 0 -0.000690
1310 0 0 -0.000638
1315 0 0 -0.000653
1320 0 0 -0.000690
1325 0 0 -0.000713
1330 0 0 -0.000728
1335 0 0 -0.000748
1340 0 0 -0.000782
1345 0 0 -0.000810
1350 0 0 -0.000804
1355 0 0 -0.000746
1360 0 0 -0.000660
1365 0 0 -0.000578
1370 0 0 -0.000526
1375 0 0 -0.000494
1380 0 0 -0.000462
1385 0 0 -0.000419
1390 0 0 -0.000374
1395 0 0 -0.000344
1400 0 0 -0.000337
1405 0 0 -0.000330
1410 0 0 -0.000288
1415 0 0 -0.000196
1420 0 0 -0.000099
1425 0 0 -0.000058
1430 0 0 -0.000112
1435 0 0 -0.000213
1440 0 0 -0.000288
1445 0 0 -0.000286
1450 0 0 -0.000233
1455 0 0 -0.000172
1460 0 0 -0.000141
1465 0 0 -0.000142
1470 0 0 -0.000172
1475 0 0 -0.000222
1480 0 0 -0.000269
1485 0 0 -0.000288
1490 0 0 -0.000261
1495 0 0 -0.000212
1500 0 0 -0.000172
1505 0 0 -0.000165
1510 0 0 -0.000174
1515 0 0 -0.000174
1520 0 0 -0.000148
1525 0 0 -0.000118
1530 0 0 -0.000116
1535 0 0 -0.000162
1540 0 0 -0.000231
1545 0 0 -0.000288
1550 0 0 -0.000304
1555 0 0 -0.000281
1560 0 0 -0.000230
1565 0 0 -0.000164
1570 0 0 -0.000115
1575 0 0 -0.000116
1580 0 0 -0.000186
1585 0 0 -0.000283
1590 0 0 -0.000346
1595 0 0 -0.000335
1600 0 0 -0.000281
1605 0 0 -0.000232
1610 0 0 -0.000226
1615 0 0 -0.000253
1620 0 0 -0.000288
1625 0 0 -0.000312
1630 0 0 -0.000314
1635 0 0 -0.000288
1640 0 0 -0.000232
1645 0 0 -0.000166
1650 0 0 -0.000116
1655 0 0 -0.000103
1660 0 0 -0.000124
1665 0 0 -0.000172
1670 0 0 -0.000234
1675 0 0 -0.000284
1680 0 0 -0.000288
1685 0 0 -0.000230
1690 0 0 -0.000154
1695 0 0 -0.000116
1700 0 0 -0.000155
1705 0 0 -0.000232
1710 0 0 -0.000288
1715 0 0 -0.000281
1720 0 0 -0.000230
1725 0 0 -0.000174
1730 0 0 -0.000142
1735 0 0 -0.000141
1740 0 0 -0.000172
1745 0 0 -0.000229
1750 0 0 -0.000281
1755 0 0 -0.000288
1760 0 0 -0.000229
1765 0 0 -0.000150
1770 0 0 -0.000114
1775 0 0 -0.000160
1780 0 0 -0.000242
1785 0 0 -0.000288
1790 0 0 -0.000251
1795 0 0 -0.000172
1800 0 0 -0.000114
1805 0 0 -0.000123
1810 0 0 -0.000176
1815 0 0 -0.000230
1820 0 0 -0.000254
1825 0 0 -0.000250
1830 0 0 -0.000230
1835 0 0 -0.000205
1840 0 0 -0.000184
1845 0 0 -0.000174
1850 0 0 -0.000185
1855 0 0 -0.000236
1860 0 0 -0.000346
1865 0 0 -0.000522
1870 0 0 -0.000716
1875 0 0 -0.000864
1880 0 0 -0.000921
1885 0 0 -0.000909
1890 0 0 -0.000864
1895 0 0 -0.000814
1900 0 0 -0.000746
1905 0 0 -0.000634
1910 0 0 -0.000469
1915 0 0 -0.000295
1920 0 0 -0.000174
1925 0 0 -0.000146
1930 0 0 -0.000181
1935 0 0 -0.000232
1940 0 0 -0.000258
1945 0 0 -0.000256
1950 0 0 -0.000230
1955 0 0 -0.000187
1960 0 0 -0.000143
1965 0 0 -0.000116
1970 0 0 -0.000119
1975 0 0 -0.000142
1980 0 0 -0.000172
1985 0 0 -0.000197
1990 0 0 -0.000216
1995 0 0 -0.000230
2000 0 0 -0.000240
2005 0 0 -0.000241
2010 0 0 -0.000230
2015 0 0 -0.000205
2020 0 0 -0.000181
2025 0 0 -0.000174
2030 0 0 -0.000195
2035 0 0 -0.000223
2040 0 0 -0.000232
2045 0 0 -0.000202
2050 0 0 -0.000154
2055 0 0 -0.000114
2060 0 0 -0.000106
2065 0 0 -0.000128
2070 0 0 -0.000172
2075 0 0 -0.000227
2080 0 0 -0.000274
2085 0 0 -0.000288
2090 0 0 -0.000257
2095 0 0 -0.000206
2100 0 0 -0.000172
2105 0 0 -0.000179
2110 0 0 -0.000209
2115 0 0 -0.000232
2120 0 0 -0.000226
2125 0 0 -0.000200
2130 0 0 -0.000172
2135 0 0 -0.000155
2140 0 0 -0.000154
2145 0 0 -0.000172
2150 0 0 -0.000208
2155 0 0 -0.000251
2160 0 0 -0.000288
2165 0 0 -0.000309
2170 0 0 -0.000309
2175 0 0 -0.000288
2180 0 0 -0.000247
2185 0 0 -0.000202
2190 0 0 -0.000174
2195 0 0 -0.000177
2200 0 0 -0.000201
2205 0 0 -0.000230
2210 0 0 -0.000251
2215 0 0 -0.000253
2220 0 0 -0.000230
2225 0 0 -0.000180
2230 0 0 -0.000130
2235 0 0 -0.000116
2240 0 0 -0.000160
2245 0 0 -0.000231
2250 0 0 -0.000288
2255 0 0 -0.000298
2260 0 0 -0.000271
2265 0 0 -0.000230
2270 0 0 -0.000193
2275 0 0 -0.000171
2280 0 0 -0.000172
2285 0 0 -0.000198
2290 0 0 -0.000228
2295 0 0 -0.000232
2300 0 0 -0.000195
2305 0 0 -0.000143
2310 0 0 -0.000116
2315 0 0 -0.000140
2320 0 0 -0.000191
2325 0 0 -0.000230
2330 0 0 -0.000235
2335 0 0 -0.000239
2340 0 0 -0.000288
2345 0 0 -0.000414
2350 0 0 -0.000584
2355 0 0 -0.000748
2360 0 0 -0.000865
2365 0 0 -0.000923
2370 0 0 -0.000922
2375 0 0 -0.000864
2380 0 0 -0.000776
2385 0 0 -0.000692
2390 0 0 -0.000637
2395 0 0 -0.000604
2400 0 0 -0.000576
2405 0 0 -0.000541
2410 0 0 -0.000501
2415 0 0 -0.000462
2420 0 0 -0.000436
2425 0 0 -0.000460
2430 0 0 -0.000576
2435 0 0 -0.000800
2440 0 0 -0.001048
2445 0 0 -0.001210
2450 0 0 -0.001219
2455 0 0 -0.001187
2460 0 0 -0.001268
2465 0 0 -0.001551
2470 0 0 -0.001862
2475 0 0 -0.001958
2480 0 0 -0.001682
2485 0 0 -0.001211
2490 0 0 -0.000806
2495 0 0 -0.000659
2500 0 0 -0.000690
2505 0 0 -0.000748
2510 0 0 -0.000727
2515 0 0 -0.000692
2520 0 0 -0.000750
2525 0 0 -0.000966
2530 0 0 -0.001229
2535 0 0 -0.001382
2540 0 0 -0.001323
2545 0 0 -0.001156
2550 0 0 -0.001038
2555 0 0 -0.001078
2560 0 0 -0.001196
2565 0 0 -0.001266
2570 0 0 -0.001199
2575 0 0 -0.001052
2580 0 0 -0.000922
2585 0 0 -0.000880
2590 0 0 -0.000912
2595 0 0 -0.000980
2600 0 0 -0.001047
2605 0 0 -0.001078
2610 0 0 -0.001038
2615 0 0 -0.000920
2620 0 0 -0.000821
2625 0 0 -0.000864
2630 0 0 -0.001120
2635 0 0 -0.001452
2640 0 0 -0.001670
2645 0 0 -0.001640
2650 0 0 -0.001455
2655 0 0 -0.001266
2660 0 0 -0.001185
2665 0 0 -0.001172
2670 0 0 -0.001152
2675 0 0 -0.001068
2680 0 0 -0.000954
2685 0 0 -0.000862
2690 0 0 -0.000832
2695 0 0 -0.000844
2700 0 0 -0.000864
2705 0 0 -0.000866
2710 0 0 -0.000859
2715 0 0 -0.000862
2720 0 0 -0.000886
2725 0 0 -0.000914
2730 0 0 -0.000922
2735 0 0 -0.000892
2740 0 0 -0.000830
2745 0 0 -0.000748
2750 0 0 -0.000658
2755 0 0 -0.000576
2760 0 0 -0.000520
2765 0 0 -0.000500
2770 0 0 -0.000506
2775 0 0 -0.000518
2780 0 0 -0.000523
2785 0 0 -0.000522
2790 0 0 -0.000520
2795 0 0 -0.000517
2800 0 0 -0.000503
2805 0 0 -0.000462
2810 0 0 -0.000387
2815 0 0 -0.000301
2820 0 0 -0.000232
2825 0 0 -0.000203
2830 0 0 -0.000206
2835 0 0 -0.000230
2840 0 0 -0.000260
2845 0 0 -0.000283
2850 0 0 -0.000288
2855 0 0 -0.000267
2860 0 0 -0.000240
2865 0 0 -0.000230
2870 0 0 -0.000252
2875 0 0 -0.000283
2880 0 0 -0.000288
2885 0 0 -0.000247
2890 0 0 -0.000194
2895 0 0 -0.000172
2900 0 0 -0.000211
2905 0 0 -0.000269
2910 0 0 -0.000288
2915 0 0 -0.000230
2920 0 0 -0.000148
2925 0 0 -0.000116
2930 0 0 -0.000181
2935 0 0 -0.000286
2940 0 0 -0.000346
2945 0 0 -0.000304
2950 0 0 -0.000203
2955 0 0 -0.000114
2960 0 0 -0.000090
2965 0 0 -0.000120
2970 0 0 -0.000174
2975 0 0 -0.000228
2980 0 0 -0.000269
2985 0 0 -0.000288
2990 0 0 -0.000279
2995 0 0 -0.000254
3000 0 0 -0.000230
3005 0 0 -0.000220
3010 0 0 -0.000222
3015 0 0 -0.000230
3020 0 0 -0.000238
3025 0 0 -0.000240
3030 0 0 -0.000232
3035 0 0 -0.000212
3040 0 0 -0.000188
3045 0 0 -0.000174
3050 0 0 -0.000178
3055 0 0 -0.000199
3060 0 0 -0.000232
3065 0 0 -0.000270
3070 0 0 -0.000295
3075 0 0 -0.000288
3080 0 0 -0.000239
3085 0 0 -0.000186
3090 0 0 -0.000174
3095 0 0 -0.000233
3100 0 0 -0.000313
3105 0 0 -0.000346
3110 0 0 -0.000287
3115 0 0 -0.000186
3120 0 0 -0.000116
3125 0 0 -0.000127
3130 0 0 -0.000185
3135 0 0 -0.000232
3140 0 0 -0.000228
3145 0 0 -0.000195
3150 0 0 -0.000174
3155 0 0 -0.000193
3160 0 0 -0.000239
3165 0 0 -0.000288
3170 0 0 -0.000318
3175 0 0 -0.000321
3180 0 0 -0.000288
3185 0 0 -0.000221
3190 0 0 -0.000151
3195 0 0 -0.000116
3200 0 0 -0.000141
3205 0 0 -0.000195
3210 0 0 -0.000232
3215 0 0 -0.000221
3220 0 0 -0.000188
3225 0 0 -0.000172
3230 0 0 -0.000200
3235 0 0 -0.000249
3240 0 0 -0.000288
3245 0 0 -0.000290
3250 0 0 -0.000266
3255 0 0 -0.000232
3260 0 0 -0.000204
3265 0 0 -0.000184
3270 0 0 -0.000172
3275 0 0 -0.000169
3280 0 0 -0.000184
3285 0 0 -0.000232
3290 0 0 -0.000317
3295 0 0 -0.000422
3300 0 0 -0.000520
3305 0 0 -0.000591
3310 0 0 -0.000629
3315 0 0 -0.000634
3320 0 0 -0.000607
3325 0 0 -0.000562
3330 0 0 -0.000518
3335 0 0 -0.000486
3340 0 0 -0.000454
3345 0 0 -0.000404
3350 0 0 -0.000329
3355 0 0 -0.000258
3360 0 0 -0.000232
3365 0 0 -0.000276
3370 0 0 -0.000350
3375 0 0 -0.000402
3380 0 0 -0.000392
3385 0 0 -0.000341
3390 0 0 -0.000286
3395 0 0 -0.000255
3400 0 0 -0.000241
3405 0 0 -0.000230
3410 0 0 -0.000211
3415 0 0 -0.000189
3420 0 0 -0.000172
3425 0 0 -0.000169
3430 0 0 -0.000187
3435 0 0 -0.000230
3440 0 0 -0.000299
3445 0 0 -0.000368
3450 0 0 -0.000404
3455 0 0 -0.000387
3460 0 0 -0.000337
3465 0 0 -0.000288
3470 0 0 -0.000262
3475 0 0 -0.000250
3480 0 0 -0.000232
3485 0 0 -0.000196
3490 0 0 -0.000152
3495 0 0 -0.000116
3500 0 0 -0.000103
3505 0 0 -0.000120
3510 0 0 -0.000172
3515 0 0 -0.000255
3520 0 0 -0.000329
3525 0 0 -0.000346
3530 0 0 -0.000278
3535 0 0 -0.000177
3540 0 0 -0.000116
3545 0 0 -0.000145
3550 0 0 -0.000224
3555 0 0 -0.000288
3560 0 0 -0.000289
3565 0 0 -0.000241
3570 0 0 -0.000172
3575 0 0 -0.000111
3580 0 0 -0.000084
3585 0 0 -0.000116
3590 0 0 -0.000217
3595 0 0 -0.000336
3600 0 0 -0.000404
3605 0 0 -0.000377
3610 0 0 -0.000297
3615 0 0 -0.000230
3620 0 0 -0.000224
3625 0 0 -0.000257
3630 0 0 -0.000288
3635 0 0 -0.000287
3640 0 0 -0.000262
3645 0 0 -0.000230
3650 0 0 -0.000206
3655 0 0 -0.000189
3660 0 0 -0.000174
3665 0 0 -0.000159
3670 0 0 -0.000155
3675 0 0 -0.000174
3680 0 0 -0.000222
3685 0 0 -0.000272
3690 0 0 -0.000288
3695 0 0 -0.000250
3700 0 0 -0.000194
3705 0 0 -0.000174
3710 0 0 -0.000222
3715 0 0 -0.000299
3720 0 0 -0.000346
3725 0 0 -0.000324
3730 0 0 -0.000268
3735 0 0 -0.000230
3740 0 0 -0.000248
3745 0 0 -0.000299
3750 0 0 -0.000346
3755 0 0 -0.000358
3760 0 0 -0.000336
3765 0 0 -0.000288
3770 0 0 -0.000226
3775 0 0 -0.000178
3780 0 0 -0.000174
3785 0 0 -0.000231
3790 0 0 -0.000307
3795 0 0 -0.000346
3800 0 0 -0.000311
3805 0 0 -0.000236
3810 0 0 -0.000174
3815 0 0 -0.000165
3820 0 0 -0.000194
3825 0 0 -0.000230
3830 0 0 -0.000250
3835 0 0 -0.000250
3840 0 0 -0.000232
3845 0 0 -0.000199
3850 0 0 -0.000158
3855 0 0 -0.000116
3860 0 0 -0.000085
3865 0 0 -0.000093
3870 0 0 -0.000174
3875 0 0 -0.000348
3880 0 0 -0.000590
3885 0 0 -0.000864
3890 0 0 -0.001124
3895 0 0 -0.001289
3900 0 0 -0.001268
3905 0 0 -0.001015
3910 0 0 -0.000652
3915 0 0 -0.000346
3920 0 0 -0.000223
3925 0 0 -0.000248
3930 0 0 -0.000346
3935 0 0 -0.000451
3940 0 0 -0.000534
3945 0 0 -0.000576
3950 0 0 -0.000566
3955 0 0 -0.000534
3960 0 0 -0.000518
3965 0 0 -0.000548
3970 0 0 -0.000613
3975 0 0 -0.000692
3980 0 0 -0.000766
3985 0 0 -0.000826
3990 0 0 -0.000864
3995 0 0 -0.000877
4000 0 0 -0.000887
4005 0 0 -0.000922
4010 0 0 -0.000995
4015 0 0 -0.001070
4020 0 0 -0.001094
4025 0 0 -0.001034
4030 0 0 -0.000922
4035 0 0 -0.000806
4040 0 0 -0.000724
4045 0 0 -0.000671
4050 0 0 -0.000632
4055 0 0 -0.000598
4060 0 0 -0.000575
4065 0 0 -0.000578
4070 0 0 -0.000611
4075 0 0 -0.000657
4080 0 0 -0.000690
4085 0 0 -0.000691
4090 0 0 -0.000668
4095 0 0 -0.000634
4100 0 0 -0.000601
4105 0 0 -0.000579
4110 0 0 -0.000576
4115 0 0 -0.000597
4120 0 0 -0.000624
4125 0 0 -0.000634
4130 0 0 -0.000616
4135 0 0 -0.000602
4140 0 0 -0.000634
4145 0 0 -0.000737
4150 0 0 -0.000871
4155 0 0 -0.000978
4160 0 0 -0.001017
4165 0 0 -0.001005
4170 0 0 -0.000978
4175 0 0 -0.000961
4180 0 0 -0.000947
4185 0 0 -0.000922
4190 0 0 -0.000877
4195 0 0 -0.000831
4200 0 0 -0.000806
4205 0 0 -0.000819
4210 0 0 -0.000848
4215 0 0 -0.000864
4220 0 0 -0.000847
4225 0 0 -0.000818
4230 0 0 -0.000808
4235 0 0 -0.000836
4240 0 0 -0.000870
4245 0 0 -0.000864
4250 0 0 -0.000788
4255 0 0 -0.000676
4260 0 0 -0.000576
4265 0 0 -0.000523
4270 0 0 -0.000496
4275 0 0 -0.000460
4280 0 0 -0.000389
4285 0 0 -0.000303
4290 0 0 -0.000230
4295 0 0 -0.000194
4300 0 0 -0.000195
4305 0 0 -0.000230
4310 0 0 -0.000288
4315 0 0 -0.000339
4320 0 0 -0.000346
4325 0 0 -0.000290
4330 0 0 -0.000213
4335 0 0 -0.000172
4340 0 0 -0.000207
4345 0 0 -0.000283
4350 0 0 -0.000346
4355 0 0 -0.000356
4360 0 0 -0.000328
4365 0 0 -0.000288
4370 0 0 -0.000259
4375 0 0 -0.000241
4380 0 0 -0.000230
4385 0 0 -0.000223
4390 0 0 -0.000222
4395 0 0 -0.000230
4400 0 0 -0.000248
4405 0 0 -0.000271
4410 0 0 -0.000288
4415 0 0 -0.000294
4420 0 0 -0.000292
4425 0 0 -0.000288
4430 0 0 -0.000285
4435 0 0 -0.000285
4440 0 0 -0.000288
4445 0 0 -0.000292
4450 0 0 -0.000294
4455 0 0 -0.000288
4460 0 0 -0.000271
4465 0 0 -0.000249
4470 0 0 -0.000230
4475 0 0 -0.000220
4480 0 0 -0.000220
4485 0 0 -0.000230
4490 0 0 -0.000248
4495 0 0 -0.000269
4500 0 0 -0.000288
4505 0 0 -0.000299
4510 0 0 -0.000300
4515 0 0 -0.000288
4520 0 0 -0.000263
4525 0 0 -0.000239
4530 0 0 -0.000230
4535 0 0 -0.000246
4540 0 0 -0.000272
4545 0 0 -0.000288
4550 0 0 -0.000279
4555 0 0 -0.000255
4560 0 0 -0.000232
4565 0 0 -0.000222
4570 0 0 -0.000224
4575 0 0 -0.000230
4580 0 0 -0.000236
4585 0 0 -0.000237
4590 0 0 -0.000232
4595 0 0 -0.000220
4600 0 0 -0.000213
4605 0 0 -0.000230
4610 0 0 -0.000277
4615 0 0 -0.000328
4620 0 0 -0.000346
4625 0 0 -0.000308
4630 0 0 -0.000238
4635 0 0 -0.000172
4640 0 0 -0.000138
4645 0 0 -0.000140
4650 0 0 -0.000172
4655 0 0 -0.000226
4660 0 0 -0.000275
4665 0 0 -0.000288
4670 0 0 -0.000247
4675 0 0 -0.000191
4680 0 0 -0.000172
4685 0 0 -0.000224
4690 0 0 -0.000303
4695 0 0 -0.000346
4700 0 0 -0.000311
4705 0 0 -0.000235
4710 0 0 -0.000172
4715 0 0 -0.000165
4720 0 0 -0.000195
4725 0 0 -0.000230
4730 0 0 -0.000245
4735 0 0 -0.000241
4740 0 0 -0.000230
4745 0 0 -0.000224
4750 0 0 -0.000252
4755 0 0 -0.000346
4760 0 0 -0.000521
4765 0 0 -0.000719
4770 0 0 -0.000864
4775 0 0 -0.000899
4780 0 0 -0.000847
4785 0 0 -0.000748
4790 0 0 -0.000639
4795 0 0 -0.000539
4800 0 0 -0.000460
4805 0 0 -0.000414
4810 0 0 -0.000397
4815 0 0 -0.000404
4820 0 0 -0.000425
4825 0 0 -0.000435
4830 0 0 -0.000404
4835 0 0 -0.000317
4840 0 0 -0.000220
4845 0 0 -0.000172
4850 0 0 -0.000212
4855 0 0 -0.000293
4860 0 0 -0.000346
4865 0 0 -0.000327
4870 0 0 -0.000283
4875 0 0 -0.000288
4880 0 0 -0.000386
4885 0 0 -0.000513
4890 0 0 -0.000576
4895 0 0 -0.000515
4900 0 0 -0.000389
4905 0 0 -0.000288
4910 0 0 -0.000279
4915 0 0 -0.000334
4920 0 0 -0.000404
4925 0 0 -0.000446
4930 0 0 -0.000447
4935 0 0 -0.000402
4940 0 0 -0.000314
4945 0 0 -0.000223
4950 0 0 -0.000174
4955 0 0 -0.000198
4960 0 0 -0.000256
4965 0 0 -0.000288
4970 0 0 -0.000257
4975 0 0 -0.000200
4980 0 0 -0.000174
4985 0 0 -0.000217
4990 0 0 -0.000292
4995 0 0 -0.000346
5000 0 0 -0.000339
5005 0 0 -0.000289
5010 0 0 -0.000232
5015 0 0 -0.000197
5020 0 0 -0.000194
5025 0 0 -0.000230
5030 0 0 -0.000302
5035 0 0 -0.000374
5040 0 0 -0.000402
5045 0 0 -0.000357
5050 0 0 -0.000281
5055 0 0 -0.000232
5060 0 0 -0.000250
5065 0 0 -0.000304
5070 0 0 -0.000346
5075 0 0 -0.000342
5080 0 0 -0.000312
5085 0 0 -0.000288
5090 0 0 -0.000299
5095 0 0 -0.000355
5100 0 0 -0.000460
5105 0 0 -0.000608
5110 0 0 -0.000745
5115 0 0 -0.000806
5120 0 0 -0.000749
5125 0 0 -0.000627
5130 0 0 -0.000518
5135 0 0 -0.000478
5140 0 0 -0.000477
5145 0 0 -0.000460
5150 0 0 -0.000391
5155 0 0 -0.000300
5160 0 0 -0.000230
5165 0 0 -0.000213
5170 0 0 -0.000226
5175 0 0 -0.000230
5180 0 0 -0.000202
5185 0 0 -0.000170
5190 0 0 -0.000174
5195 0 0 -0.000243
5200 0 0 -0.000352
5205 0 0 -0.000462
5210 0 0 -0.000543
5215 0 0 -0.000597
5220 0 0 -0.000634
5225 0 0 -0.000662
5230 0 0 -0.000681
5235 0 0 -0.000690
5240 0 0 -0.000688
5245 0 0 -0.000670
5250 0 0 -0.000634
5255 0 0 -0.000578
5260 0 0 -0.000515
5265 0 0 -0.000460
5270 0 0 -0.000425
5275 0 0 -0.000407
5280 0 0 -0.000404
5285 0 0 -0.000409
5290 0 0 -0.000412
5295 0 0 -0.000404
5300 0 0 -0.000384
5305 0 0 -0.000388
5310 0 0 -0.000460
5315 0 0 -0.000627
5320 0 0 -0.000842
5325 0 0 -0.001038
5330 0 0 -0.001160
5335 0 0 -0.001198
5340 0 0 -0.001152
5345 0 0 -0.001033
5350 0 0 -0.000897
5355 0 0 -0.000808
5360 0 0 -0.000808
5365 0 0 -0.000835
5370 0 0 -0.000806
5375 0 0 -0.000678
5380 0 0 -0.000581
5385 0 0 -0.000690
5390 0 0 -0.001109
5395 0 0 -0.001669
5400 0 0 -0.002130
5405 0 0 -0.002321
5410 0 0 -0.002341
5415 0 0 -0.002360
5420 0 0 -0.002494
5425 0 0 -0.002655
5430 0 0 -0.002706
5435 0 0 -0.002549
5440 0 0 -0.002247
5445 0 0 -0.001902
5450 0 0 -0.001606
5455 0 0 -0.001404
5460 0 0 -0.001326
5465 0 0 -0.001387
5470 0 0 -0.001527
5475 0 0 -0.001670
5480 0 0 -0.001750
5485 0 0 -0.001752
5490 0 0 -0.001670
5495 0 0 -0.001513
5500 0 0 -0.001337
5505 0 0 -0.001210
5510 0 0 -0.001182
5515 0 0 -0.001233
5520 0 0 -0.001326
5525 0 0 -0.001425
5530 0 0 -0.001494
5535 0 0 -0.001498
5540 0 0 -0.001418
5545 0 0 -0.001301
5550 0 0 -0.001210
5555 0 0 -0.001188
5560 0 0 -0.001204
5565 0 0 -0.001208
5570 0 0 -0.001163
5575 0 0 -0.001094
5580 0 0 -0.001036
5585 0 0 -0.001020
5590 0 0 -0.001044
5595 0 0 -0.001096
5600 0 0 -0.001162
5605 0 0 -0.001211
5610 0 0 -0.001210
5615 0 0 -0.001137
5620 0 0 -0.001026
5625 0 0 -0.000922
5630 0 0 -0.000863
5635 0 0 -0.000846
5640 0 0 -0.000862
5645 0 0 -0.000896
5650 0 0 -0.000924
5655 0 0 -0.000920
5660 0 0 -0.000865
5665 0 0 -0.000780
5670 0 0 -0.000692
5675 0 0 -0.000624
5680 0 0 -0.000570
5685 0 0 -0.000518
5690 0 0 -0.000459
5695 0 0 -0.000399
5700 0 0 -0.000346
5705 0 0 -0.000308
5710 0 0 -0.000287
5715 0 0 -0.000288
5720 0 0 -0.000309
5725 0 0 -0.000334
5730 0 0 -0.000346
5735 0 0 -0.000332
5740 0 0 -0.000306
5745 0 0 -0.000288
5750 0 0 -0.000292
5755 0 0 -0.000314
5760 0 0 -0.000344
5765 0 0 -0.000374
5770 0 0 -0.000395
5775 0 0 -0.000402
5780 0 0 -0.000389
5785 0 0 -0.000367
5790 0 0 -0.000346
5795 0 0 -0.000337
5800 0 0 -0.000338
5805 0 0 -0.000346
5810 0 0 -0.000356
5815 0 0 -0.000359
5820 0 0 -0.000346
5825 0 0 -0.000313
5830 0 0 -0.000284
5835 0 0 -0.000288
5840 0 0 -0.000342
5845 0 0 -0.000415
5850 0 0 -0.000462
5855 0 0 -0.000452
5860 0 0 -0.000403
5865 0 0 -0.000346
5870 0 0 -0.000307
5875 0 0 -0.000288
5880 0 0 -0.000288
5885 0 0 -0.000302
5890 0 0 -0.000324
5895 0 0 -0.000346
5900 0 0 -0.000361
5905 0 0 -0.000363
5910 0 0 -0.000346
5915 0 0 -0.000310
5920 0 0 -0.000280
5925 0 0 -0.000288
5930 0 0 -0.000350
5935 0 0 -0.000426
5940 0 0 -0.000460
5945 0 0 -0.000418
5950 0 0 -0.000340
5955 0 0 -0.000288
5960 0 0 -0.000305
5965 0 0 -0.000360
5970 0 0 -0.000404
5975 0 0 -0.000403
5980 0 0 -0.000373
5985 0 0 -0.000346
5990 0 0 -0.000343
5995 0 0 -0.000351
6000 0 0 -0.000346
6005 0 0 -0.000313
6010 0 0 -0.000267
6015 0 0 -0.000232
6020 0 0 -0.000225
6025 0 0 -0.000245
6030 0 0 -0.000288
6035 0 0 -0.000344
6040 0 0 -0.000392
6045 0 0 -0.000404
6050 0 0 -0.000367
6055 0 0 -0.000313
6060 0 0 -0.000288
6065 0 0 -0.000320
6070 0 0 -0.000375
6075 0 0 -0.000404
6080 0 0 -0.000374
6085 0 0 -0.000319
6090 0 0 -0.000288
6095 0 0 -0.000316
6100 0 0 -0.000370
6105 0 0 -0.000402
6110 0 0 -0.000378
6115 0 0 -0.000326
6120 0 0 -0.000288
6125 0 0 -0.000293
6130 0 0 -0.000322
6135 0 0 -0.000344
6140 0 0 -0.000336
6145 0 0 -0.000310
6150 0 0 -0.000288
6155 0 0 -0.000285
6160 0 0 -0.000291
6165 0 0 -0.000288
6170 0 0 -0.000272
6175 0 0 -0.000291
6180 0 0 -0.000402
6185 0 0 -0.000634
6190 0 0 -0.000889
6195 0 0 -0.001038
6200 0 0 -0.000994
6205 0 0 -0.000837
6210 0 0 -0.000690
6215 0 0 -0.000645
6220 0 0 -0.000668
6225 0 0 -0.000692
6230 0 0 -0.000667
6235 0 0 -0.000601
6240 0 0 -0.000518
6245 0 0 -0.000437
6250 0 0 -0.000361
6255 0 0 -0.000288
6260 0 0 -0.000220
6265 0 0 -0.000174
6270 0 0 -0.000172
6275 0 0 -0.000224
6280 0 0 -0.000297
6285 0 0 -0.000346
6290 0 0 -0.000338
6295 0 0 -0.000290
6300 0 0 -0.000230
6305 0 0 -0.000182
6310 0 0 -0.000160
6315 0 0 -0.000172
6320 0 0 -0.000220
6325 0 0 -0.000272
6330 0 0 -0.000288
6335 0 0 -0.000242
6340 0 0 -0.000168
6345 0 0 -0.000116
6350 0 0 -0.000125
6355 0 0 -0.000188
6360 0 0 -0.000288
6365 0 0 -0.000404
6370 0 0 -0.000495
6375 0 0 -0.000518
6380 0 0 -0.000446
6385 0 0 -0.000327
6390 0 0 -0.000230
6395 0 0 -0.000204
6400 0 0 -0.000234
6405 0 0 -0.000288
6410 0 0 -0.000336
6415 0 0 -0.000361
6420 0 0 -0.000346
6425 0 0 -0.000286
6430 0 0 -0.000214
6435 0 0 -0.000172
6440 0 0 -0.000192
6445 0 0 -0.000259
6450 0 0 -0.000346
6455 0 0 -0.000425
6460 0 0 -0.000472
6465 0 0 -0.000460
6470 0 0 -0.000378
6475 0 0 -0.000265
6480 0 0 -0.000172
6485 0 0 -0.000140
6490 0 0 -0.000165
6495 0 0 -0.000230
6500 0 0 -0.000315
6505 0 0 -0.000386
6510 0 0 -0.000404
6515 0 0 -0.000345
6520 0 0 -0.000249
6525 0 0 -0.000172
6530 0 0 -0.000155
6535 0 0 -0.000184
6540 0 0 -0.000232
6545 0 0 -0.000274
6550 0 0 -0.000296
6555 0 0 -0.000288
6560 0 0 -0.000246
6565 0 0 -0.000196
6570 0 0 -0.000172
6575 0 0 -0.000197
6580 0 0 -0.000247
6585 0 0 -0.000288
6590 0 0 -0.000295
6595 0 0 -0.000286
6600 0 0 -0.000288
6605 0 0 -0.000323
6610 0 0 -0.000385
6615 0 0 -0.000460
6620 0 0 -0.000533
6625 0 0 -0.000581
6630 0 0 -0.000576
6635 0 0 -0.000506
6640 0 0 -0.000412
6645 0 0 -0.000346
6650 0 0 -0.000346
6655 0 0 -0.000381
6660 0 0 -0.000404
6665 0 0 -0.000382
6670 0 0 -0.000333
6675 0 0 -0.000288
6680 0 0 -0.000272
6685 0 0 -0.000277
6690 0 0 -0.000288
6695 0 0 -0.000295
6700 0 0 -0.000309
6705 0 0 -0.000346
6710 0 0 -0.000414
6715 0 0 -0.000484
6720 0 0 -0.000520
6725 0 0 -0.000497
6730 0 0 -0.000444
6735 0 0 -0.000402
6740 0 0 -0.000401
6745 0 0 -0.000428
6750 0 0 -0.000460
6755 0 0 -0.000483
6760 0 0 -0.000528
6765 0 0 -0.000632
6770 0 0 -0.000820
6775 0 0 -0.001051
6780 0 0 -0.001268
6785 0 0 -0.001417
6790 0 0 -0.001465
6795 0 0 -0.001382
6800 0 0 -0.001162
6805 0 0 -0.000895
6810 0 0 -0.000692
6815 0 0 -0.000635
6820 0 0 -0.000680
6825 0 0 -0.000750
6830 0 0 -0.000787
6835 0 0 -0.000797
6840 0 0 -0.000806
6845 0 0 -0.000828
6850 0 0 -0.000839
6855 0 0 -0.000808
6860 0 0 -0.000717
6865 0 0 -0.000618
6870 0 0 -0.000576
6875 0 0 -0.000635
6880 0 0 -0.000739
6885 0 0 -0.000808
6890 0 0 -0.000787
6895 0 0 -0.000724
6900 0 0 -0.000690
6905 0 0 -0.000737
6910 0 0 -0.000833
6915 0 0 -0.000922
6920 0 0 -0.000958
6925 0 0 -0.000922
6930 0 0 -0.000806
6935 0 0 -0.000614
6940 0 0 -0.000414
6945 0 0 -0.000290
6950 0 0 -0.000298
6955 0 0 -0.000383
6960 0 0 -0.000462
6965 0 0 -0.000474
6970 0 0 -0.000441
6975 0 0 -0.000404
6980 0 0 -0.000395
6985 0 0 -0.000401
6990 0 0 -0.000402
6995 0 0 -0.000382
7000 0 0 -0.000356
7005 0 0 -0.000344
7010 0 0 -0.000361
7015 0 0 -0.000389
7020 0 0 -0.000402
7025 0 0 -0.000384
7030 0 0 -0.000355
7035 0 0 -0.000344
7040 0 0 -0.000372
7045 0 0 -0.000419
7050 0 0 -0.000460
7055 0 0 -0.000477
7060 0 0 -0.000502
7065 0 0 -0.000576
7070 0 0 -0.000722
7075 0 0 -0.000882
7080 0 0 -0.000980
7085 0 0 -0.000962
7090 0 0 -0.000866
7095 0 0 -0.000750
7100 0 0 -0.000661
7105 0 0 -0.000592
7110 0 0 -0.000520
7115 0 0 -0.000433
7120 0 0 -0.000347
7125 0 0 -0.000288
7130 0 0 -0.000271
7135 0 0 -0.000280
7140 0 0 -0.000288
7145 0 0 -0.000277
7150 0 0 -0.000253
7155 0 0 -0.000230
7160 0 0 -0.000219
7165 0 0 -0.000220
7170 0 0 -0.000230
7175 0 0 -0.000247
7180 0 0 -0.000267
7185 0 0 -0.000288
7190 0 0 -0.000304
7195 0 0 -0.000307
7200 0 0 -0.000288
7205 0 0 -0.000243
7210 0 0 -0.000195
7215 0 0 -0.000172
7220 0 0 -0.000194
7225 0 0 -0.000242
7230 0 0 -0.000288
7235 0 0 -0.000309
7240 0 0 -0.000307
7245 0 0 -0.000288
7250 0 0 -0.000260
7255 0 0 -0.000237
7260 0 0 -0.000232
7265 0 0 -0.000253
7270 0 0 -0.000280
7275 0 0 -0.000288
7280 0 0 -0.000259
7285 0 0 -0.000212
7290 0 0 -0.000174
7295 0 0 -0.000167
7300 0 0 -0.000189
7305 0 0 -0.000232
7310 0 0 -0.000285
7315 0 0 -0.000329
7320 0 0 -0.000346
7325 0 0 -0.000322
7330 0 0 -0.000275
7335 0 0 -0.000230
7340 0 0 -0.000208
7345 0 0 -0.000211
7350 0 0 -0.000232
7355 0 0 -0.000266
7360 0 0 -0.000292
7365 0 0 -0.000288
7370 0 0 -0.000243
7375 0 0 -0.000190
7380 0 0 -0.000172
7385 0 0 -0.000217
7390 0 0 -0.000292
7395 0 0 -0.000344
7400 0 0 -0.000338
7405 0 0 -0.000290
7410 0 0 -0.000230
7415 0 0 -0.000185
7420 0 0 -0.000165
7425 0 0 -0.000174
7430 0 0 -0.000212
7435 0 0 -0.000259
7440 0 0 -0.000288
7445 0 0 -0.000281
7450 0 0 -0.000254
7455 0 0 -0.000232
7460 0 0 -0.000234
7465 0 0 -0.000256
7470 0 0 -0.000288
7475 0 0 -0.000320
7480 0 0 -0.000342
7485 0 0 -0.000344
7490 0 0 -0.000319
7495 0 0 -0.000277
7500 0 0 -0.000230
7505 0 0 -0.000191
7510 0 0 -0.000169
7515 0 0 -0.000172
7520 0 0 -0.000203
7525 0 0 -0.000248
7530 0 0 -0.000288
7535 0 0 -0.000307
7540 0 0 -0.000305
7545 0 0 -0.000288
7550 0 0 -0.000262
7555 0 0 -0.000238
7560 0 0 -0.000230
7565 0 0 -0.000246
7570 0 0 -0.000272
7575 0 0 -0.000288
7580 0 0 -0.000279
7585 0 0 -0.000255
7590 0 0 -0.000230
7595 0 0 -0.000217
7600 0 0 -0.000217
7605 0 0 -0.000230
7610 0 0 -0.000254
7615 0 0 -0.000277
7620 0 0 -0.000288
7625 0 0 -0.000277
7630 0 0 -0.000254
7635 0 0 -0.000230
7640 0 0 -0.000217
7645 0 0 -0.000216
7650 0 0 -0.000230
7655 0 0 -0.000256
7660 0 0 -0.000280
7665 0 0 -0.000288
7670 0 0 -0.000269
7675 0 0 -0.000242
7680 0 0 -0.000230
7685 0 0 -0.000249
7690 0 0 -0.000278
7695 0 0 -0.000288
7700 0 0 -0.000259
7705 0 0 -0.000211
7710 0 0 -0.000172
7715 0 0 -0.000165
7720 0 0 -0.000188
7725 0 0 -0.000232
7730 0 0 -0.000287
7735 0 0 -0.000332
7740 0 0 -0.000344
7745 0 0 -0.000310
7750 0 0 -0.000259
7755 0 0 -0.000232
7760 0 0 -0.000258
7765 0 0 -0.000323
7770 0 0 -0.000404
7775 0 0 -0.000478
7780 0 0 -0.000523
7785 0 0 -0.000520
7790 0 0 -0.000458
7795 0 0 -0.000367
7800 0 0 -0.000288
7805 0 0 -0.000250
7810 0 0 -0.000239
7815 0 0 -0.000232
7820 0 0 -0.000211
7825 0 0 -0.000186
7830 0 0 -0.000174
7835 0 0 -0.000185
7840 0 0 -0.000208
7845 0 0 -0.000228
7850 0 0 -0.000233
7855 0 0 -0.000230
7860 0 0 -0.000230
7865 0 0 -0.000242
7870 0 0 -0.000264
7875 0 0 -0.000288
7880 0 0 -0.000310
7885 0 0 -0.000329
7890 0 0 -0.000346
7895 0 0 -0.000361
7900 0 0 -0.000379
7905 0 0 -0.000404
7910 0 0 -0.000438
7915 0 0 -0.000478
7920 0 0 -0.000518
7925 0 0 -0.000551
7930 0 0 -0.000573
7935 0 0 -0.000576
7940 0 0 -0.000559
7945 0 0 -0.000534
7950 0 0 -0.000518
7955 0 0 -0.000528
7960 0 0 -0.000595
7965 0 0 -0.000748
7970 0 0 -0.000993
7975 0 0 -0.001228
7980 0 0 -0.001324
7985 0 0 -0.001196
7990 0 0 -0.000938
7995 0 0 -0.000692
8000 0 0 -0.000561
8005 0 0 -0.000508
8010 0 0 -0.000462
8015 0 0 -0.000372
8020 0 0 -0.000275
8025 0 0 -0.000230
8030 0 0 -0.000274
8035 0 0 -0.000357
8040 0 0 -0.000404
8045 0 0 -0.000366
8050 0 0 -0.000286
8055 0 0 -0.000230
8060 0 0 -0.000245
8065 0 0 -0.000300
8070 0 0 -0.000344
8075 0 0 -0.000340
8080 0 0 -0.000310
8085 0 0 -0.000288
8090 0 0 -0.000300
8095 0 0 -0.000328
8100 0 0 -0.000344
8105 0 0 -0.000329
8110 0 0 -0.000301
8115 0 0 -0.000288
8120 0 0 -0.000308
8125 0 0 -0.000339
8130 0 0 -0.000346
8135 0 0 -0.000312
8140 0 0 -0.000274
8145 0 0 -0.000288
8150 0 0 -0.000390
8155 0 0 -0.000557
8160 0 0 -0.000750
8165 0 0 -0.000927
8170 0 0 -0.001040
8175 0 0 -0.001036
8180 0 0 -0.000890
8185 0 0 -0.000682
8190 0 0 -0.000518
8195 0 0 -0.000476
8200 0 0 -0.000517
8205 0 0 -0.000576
8210 0 0 -0.000607
8215 0 0 -0.000645
8220 0 0 -0.000750
8225 0 0 -0.000945
8230 0 0 -0.001125
8235 0 0 -0.001152
8240 0 0 -0.000947
8245 0 0 -0.000665
8250 0 0 -0.000520
8255 0 0 -0.000656
8260 0 0 -0.000936
8265 0 0 -0.001152
8270 0 0 -0.001154
8275 0 0 -0.001015
8280 0 0 -0.000864
8285 0 0 -0.000801
8290 0 0 -0.000815
8295 0 0 -0.000864
8300 0 0 -0.000912
8305 0 0 -0.000936
8310 0 0 -0.000920
8315 0 0 -0.000857
8320 0 0 -0.000783
8325 0 0 -0.000748
8330 0 0 -0.000784
8335 0 0 -0.000858
8340 0 0 -0.000922
8345 0 0 -0.000939
8350 0 0 -0.000914
8355 0 0 -0.000862
8360 0 0 -0.000799
8365 0 0 -0.000738
8370 0 0 -0.000692
8375 0 0 -0.000672
8380 0 0 -0.000673
8385 0 0 -0.000690
8390 0 0 -0.000715
8395 0 0 -0.000738
8400 0 0 -0.000748
8405 0 0 -0.000741
8410 0 0 -0.000734
8415 0 0 -0.000750
8420 0 0 -0.000802
8425 0 0 -0.000869
8430 0 0 -0.000920
8435 0 0 -0.000928
8440 0 0 -0.000890
8445 0 0 -0.000806
8450 0 0 -0.000685
8455 0 0 -0.000572
8460 0 0 -0.000520
8465 0 0 -0.000560
8470 0 0 -0.000641
8475 0 0 -0.000692
8480 0 0 -0.000662
8485 0 0 -0.000585
8490 0 0 -0.000518
8495 0 0 -0.000504
8500 0 0 -0.000531
8505 0 0 -0.000576
8510 0 0 -0.000616
8515 0 0 -0.000639
8520 0 0 -0.000634
8525 0 0 -0.000598
8530 0 0 -0.000551
8535 0 0 -0.000520
8540 0 0 -0.000524
8545 0 0 -0.000550
8550 0 0 -0.000576
8555 0 0 -0.000585
8560 0 0 -0.000582
8565 0 0 -0.000576
8570 0 0 -0.000574
8575 0 0 -0.000575
8580 0 0 -0.000576
8585 0 0 -0.000575
8590 0 0 -0.000574
8595 0 0 -0.000576
8600 0 0 -0.000580
8605 0 0 -0.000569
8610 0 0 -0.000518
8615 0 0 -0.000420
8620 0 0 -0.000323
8625 0 0 -0.000288
8630 0 0 -0.000353
8635 0 0 -0.000458
8640 0 0 -0.000518
8645 0 0 -0.000475
8650 0 0 -0.000375
8655 0 0 -0.000288
8660 0 0 -0.000268
8665 0 0 -0.000299
8670 0 0 -0.000346
8675 0 0 -0.000381
8680 0 0 -0.000400
8685 0 0 -0.000404
8690 0 0 -0.000395
8695 0 0 -0.000374
8700 0 0 -0.000344
8705 0 0 -0.000309
8710 0 0 -0.000285
8715 0 0 -0.000288
8720 0 0 -0.000327
8725 0 0 -0.000376
8730 0 0 -0.000402
8735 0 0 -0.000380
8740 0 0 -0.000332
8745 0 0 -0.000288
8750 0 0 -0.000272
8755 0 0 -0.000276
8760 0 0 -0.000288
8765 0 0 -0.000295
8770 0 0 -0.000294
8775 0 0 -0.000288
8780 0 0 -0.000276
8785 0 0 -0.000258
8790 0 0 -0.000232
8795 0 0 -0.000200
8800 0 0 -0.000175
8805 0 0 -0.000172
8810 0 0 -0.000201
8815 0 0 -0.000247
8820 0 0 -0.000288
8825 0 0 -0.000308
8830 0 0 -0.000306
8835 0 0 -0.000288
8840 0 0 -0.000259
8845 0 0 -0.000234
8850 0 0 -0.000230
8855 0 0 -0.000255
8860 0 0 -0.000285
8865 0 0 -0.000288
8870 0 0 -0.000246
8875 0 0 -0.000191
8880 0 0 -0.000172
8885 0 0 -0.000218
8890 0 0 -0.000293
8895 0 0 -0.000346
8900 0 0 -0.000339
8905 0 0 -0.000290
8910 0 0 -0.000230
8915 0 0 -0.000187
8920 0 0 -0.000167
8925 0 0 -0.000172
8930 0 0 -0.000202
8935 0 0 -0.000245
8940 0 0 -0.000288
8945 0 0 -0.000318
8950 0 0 -0.000323
8955 0 0 -0.000288
8960 0 0 -0.000212
8965 0 0 -0.000137
8970 0 0 -0.000114
8975 0 0 -0.000176
8980 0 0 -0.000275
8985 0 0 -0.000346
8990 0 0 -0.000341
8995 0 0 -0.000287
9000 0 0 -0.000232
9005 0 0 -0.000211
9010 0 0 -0.000216
9015 0 0 -0.000230
9020 0 0 -0.000237
9025 0 0 -0.000236
9030 0 0 -0.000230
9035 0 0 -0.000223
9040 0 0 -0.000221
9045 0 0 -0.000230
9050 0 0 -0.000254
9055 0 0 -0.000279
9060 0 0 -0.000288
9065 0 0 -0.000271
9070 0 0 -0.000245
9075 0 0 -0.000232
9080 0 0 -0.000248
9085 0 0 -0.000275
9090 0 0 -0.000288
9095 0 0 -0.000271
9100 0 0 -0.000242
9105 0 0 -0.000230
9110 0 0 -0.000254
9115 0 0 -0.000300
9120 0 0 -0.000346
9125 0 0 -0.000373
9130 0 0 -0.000374
9135 0 0 -0.000346
9140 0 0 -0.000295
9145 0 0 -0.000259
9150 0 0 -0.000288
9155 0 0 -0.000406
9160 0 0 -0.000550
9165 0 0 -0.000632
9170 0 0 -0.000592
9175 0 0 -0.000472
9180 0 0 -0.000344
9185 0 0 -0.000263
9190 0 0 -0.000229
9195 0 0 -0.000230
9200 0 0 -0.000252
9205 0 0 -0.000277
9210 0 0 -0.000288
9215 0 0 -0.000273
9220 0 0 -0.000247
9225 0 0 -0.000230
9230 0 0 -0.000237
9235 0 0 -0.000261
9240 0 0 -0.000290
9245 0 0 -0.000313
9250 0 0 -0.000331
9255 0 0 -0.000346
9260 0 0 -0.000364
9265 0 0 -0.000398
9270 0 0 -0.000462
9275 0 0 -0.000567
9280 0 0 -0.000706
9285 0 0 -0.000864
9290 0 0 -0.001023
9295 0 0 -0.001136
9300 0 0 -0.001152
9305 0 0 -0.001043
9310 0 0 -0.000877
9315 0 0 -0.000748
9320 0 0 -0.000734
9325 0 0 -0.000850
9330 0 0 -0.001096
9335 0 0 -0.001444
9340 0 0 -0.001749
9345 0 0 -0.001842
9350 0 0 -0.001612
9355 0 0 -0.001200
9360 0 0 -0.000808
9365 0 0 -0.000593
9370 0 0 -0.000523
9375 0 0 -0.000518
9380 0 0 -0.000513
9385 0 0 -0.000494
9390 0 0 -0.000462
9395 0 0 -0.000419
9400 0 0 -0.000377
9405 0 0 -0.000346
9410 0 0 -0.000336
9415 0 0 -0.000340
9420 0 0 -0.000346
9425 0 0 -0.000346
9430 0 0 -0.000344
9435 0 0 -0.000346
9440 0 0 -0.000358
9445 0 0 -0.000378
9450 0 0 -0.000404
9455 0 0 -0.000433
9460 0 0 -0.000455
9465 0 0 -0.000460
9470 0 0 -0.000440
9475 0 0 -0.000399
9480 0 0 -0.000346
9485 0 0 -0.000289
9490 0 0 -0.000245
9495 0 0 -0.000230
9500 0 0 -0.000255
9505 0 0 -0.000302
9510 0 0 -0.000346
9515 0 0 -0.000366
9520 0 0 -0.000364
9525 0 0 -0.000346
9530 0 0 -0.000319
9535 0 0 -0.000295
9540 0 0 -0.000286
9545 0 0 -0.000300
9550 0 0 -0.000325
9555 0 0 -0.000346
9560 0 0 -0.000349
9565 0 0 -0.000330
9570 0 0 -0.000288
9575 0 0 -0.000228
9580 0 0 -0.000178
9585 0 0 -0.000172
9590 0 0 -0.000230
9595 0 0 -0.000307
9600 0 0 -0.000346
9605 0 0 -0.000306
9610 0 0 -0.000228
9615 0 0 -0.000172
9620 0 0 -0.000181
9625 0 0 -0.000233
9630 0 0 -0.000288
9635 0 0 -0.000315
9640 0 0 -0.000312
9645 0 0 -0.000288
9650 0 0 -0.000254
9655 0 0 -0.000241
9660 0 0 -0.000288
9665 0 0 -0.000413
9670 0 0 -0.000569
9675 0 0 -0.000690
9680 0 0 -0.000727
9685 0 0 -0.000697
9690 0 0 -0.000634
9695 0 0 -0.000566
9700 0 0 -0.000506
9705 0 0 -0.000460
9710 0 0 -0.000436
9715 0 0 -0.000436
9720 0 0 -0.000460
9725 0 0 -0.000506
9730 0 0 -0.000553
9735 0 0 -0.000576
9740 0 0 -0.000562
9745 0 0 -0.000546
9750 0 0 -0.000574
9755 0 0 -0.000675
9760 0 0 -0.000810
9765 0 0 -0.000922
9770 0 0 -0.000966
9775 0 0 -0.000942
9780 0 0 -0.000864
9785 0 0 -0.000747
9790 0 0 -0.000620
9795 0 0 -0.000518
9800 0 0 -0.000467
9805 0 0 -0.000469
9810 0 0 -0.000518
9815 0 0 -0.000604
9820 0 0 -0.000694
9825 0 0 -0.000750
9830 0 0 -0.000748
9835 0 0 -0.000714
9840 0 0 -0.000690
9845 0 0 -0.000703
9850 0 0 -0.000733
9855 0 0 -0.000750
9860 0 0 -0.000730
9865 0 0 -0.000685
9870 0 0 -0.000634
9875 0 0 -0.000595
9880 0 0 -0.000575
9885 0 0 -0.000576
9890 0 0 -0.000599
9895 0 0 -0.000626
9900 0 0 -0.000634
9905 0 0 -0.000609
9910 0 0 -0.000564
9915 0 0 -0.000518
9920 0 0 -0.000489
9925 0 0 -0.000486
9930 0 0 -0.000518
9935 0 0 -0.000582
9940 0 0 -0.000637
9945 0 0 -0.000634
9950 0 0 -0.000542
9955 0 0 -0.000405
9960 0 0 -0.000288
9965 0 0 -0.000240
9970 0 0 -0.000249
9975 0 0 -0.000288
9980 0 0 -0.000334
9985 0 0 -0.000375
9990 0 0 -0.000402
9995 0 0 -0.000408
10000 0 0 -0.000390
10005 0 0 -0.000346
10010 0 0 -0.000282
10015 0 0 -0.000230
10020 0 0 -0.000230
10025 0 0 -0.000304
10030 0 0 -0.000404
10035 0 0 -0.000462
10040 0 0 -0.000434
10045 0 0 -0.000357
10050 0 0 -0.000288
10055 0 0 -0.000272
10060 0 0 -0.000299
10065 0 0 -0.000344
10070 0 0 -0.000383
10075 0 0 -0.000392
