0 0 0 -0.000288
5 0 0 -0.000329
10 0 0 -0.000323
15 0 0 -0.000288
20 0 0 -0.000240
25 0 0 -0.000197
30 0 0 -0.000174
35 0 0 -0.000185
40 0 0 -0.000226
45 0 0 -0.000288
50 0 0 -0.000362
55 0 0 -0.000427
60 0 0 -0.000460
65 0 0 -0.000446
70 0 0 -0.000400
75 0 0 -0.000346
80 0 0 -0.000303
85 0 0 -0.000282
90 0 0 -0.000288
95 0 0 -0.000324
100 0 0 -0.000370
105 0 0 -0.000402
110 0 0 -0.000402
115 0 0 -0.000378
120 0 0 -0.000346
125 0 0 -0.000319
130 0 0 -0.000300
135 0 0 -0.000288
140 0 0 -0.000282
145 0 0 -0.000282
150 0 0 -0.000288
155 0 0 -0.000297
160 0 0 -0.000300
165 0 0 -0.000288
170 0 0 -0.000254
175 0 0 -0.000211
180 0 0 -0.000174
185 0 0 -0.000157
190 0 0 -0.000158
195 0 0 -0.000174
200 0 0 -0.000199
205 0 0 -0.000223
210 0 0 -0.000232
215 0 0 -0.000219
220 0 0 -0.000195
225 0 0 -0.000174
230 0 0 -0.000168
235 0 0 -0.000171
240 0 0 -0.000174
245 0 0 -0.000170
250 0 0 -0.000166
255 0 0 -0.000174
260 0 0 -0.000199
265 0 0 -0.000225
270 0 0 -0.000230
275 0 0 -0.000199
280 0 0 -0.000151
285 0 0 -0.000114
290 0 0 -0.000108
295 0 0 -0.000131
300 0 0 -0.000174
305 0 0 -0.000227
310 0 0 -0.000272
315 0 0 -0.000288
320 0 0 -0.000262
325 0 0 -0.000214
330 0 0 -0.000174
335 0 0 -0.000161
340 0 0 -0.000167
345 0 0 -0.000174
350 0 0 -0.000170
355 0 0 -0.000165
360 0 0 -0.000172
365 0 0 -0.000199
370 0 0 -0.000227
375 0 0 -0.000230
380 0 0 -0.000192
385 0 0 -0.000141
390 0 0 -0.000116
395 0 0 -0.000142
400 0 0 -0.000193
405 0 0 -0.000232
410 0 0 -0.000231
415 0 0 -0.000203
420 0 0 -0.000172
425 0 0 -0.000157
430 0 0 -0.000158
435 0 0 -0.000172
440 0 0 -0.000195
445 0 0 -0.000218
450 0 0 -0.000232
455 0 0 -0.000229
460 0 0 -0.000209
465 0 0 -0.000172
470 0 0 -0.000129
475 0 0 -0.000130
480 0 0 -0.000230
485 0 0 -0.000457
490 0 0 -0.000712
495 0 0 -0.000864
500 0 0 -0.000821
505 0 0 -0.000651
510 0 0 -0.000460
515 0 0 -0.000332
520 0 0 -0.000264
525 0 0 -0.000230
530 0 0 -0.000211
535 0 0 -0.000209
540 0 0 -0.000232
545 0 0 -0.000282
550 0 0 -0.000331
555 0 0 -0.000346
560 0 0 -0.000307
565 0 0 -0.000252
570 0 0 -0.000230
575 0 0 -0.000276
580 0 0 -0.000352
585 0 0 -0.000404
590 0 0 -0.000392
595 0 0 -0.000340
600 0 0 -0.000288
605 0 0 -0.000270
610 0 0 -0.000290
615 0 0 -0.000346
620 0 0 -0.000437
625 0 0 -0.000569
630 0 0 -0.000750
635 0 0 -0.000974
640 0 0 -0.001173
645 0 0 -0.001266
650 0 0 -0.001201
655 0 0 -0.001051
660 0 0 -0.000922
665 0 0 -0.000888
670 0 0 -0.000896
675 0 0 -0.000864
680 0 0 -0.000739
685 0 0 -0.000591
690 0 0 -0.000520
695 0 0 -0.000587
700 0 0 -0.000705
705 0 0 -0.000748
710 0 0 -0.000631
715 0 0 -0.000437
720 0 0 -0.000288
725 0 0 -0.000280
730 0 0 -0.000392
735 0 0 -0.000576
740 0 0 -0.000782
745 0 0 -0.000955
750 0 0 -0.001038
755 0 0 -0.000996
760 0 0 -0.000877
765 0 0 -0.000748
770 0 0 -0.000663
775 0 0 -0.000613
780 0 0 -0.000576
785 0 0 -0.000534
790 0 0 -0.000491
795 0 0 -0.000460
800 0 0 -0.000446
805 0 0 -0.000433
810 0 0 -0.000404
815 0 0 -0.000346
820 0 0 -0.000278
825 0 0 -0.000230
830 0 0 -0.000226
835 0 0 -0.000280
840 0 0 -0.000402
845 0 0 -0.000588
850 0 0 -0.000770
855 0 0 -0.000864
860 0 0 -0.000813
865 0 0 -0.000656
870 0 0 -0.000460
875 0 0 -0.000289
880 0 0 -0.000210
885 0 0 -0.000288
890 0 0 -0.000555
895 0 0 -0.000908
900 0 0 -0.001208
905 0 0 -0.001346
910 0 0 -0.001319
915 0 0 -0.001152
920 0 0 -0.000887
925 0 0 -0.000633
930 0 0 -0.000518
935 0 0 -0.000620
940 0 0 -0.000827
945 0 0 -0.000980
950 0 0 -0.000969
955 0 0 -0.000883
960 0 0 -0.000864
965 0 0 -0.000999
970 0 0 -0.001171
975 0 0 -0.001210
980 0 0 -0.001003
985 0 0 -0.000660
990 0 0 -0.000346
995 0 0 -0.000199
1000 0 0 -0.000254
1005 0 0 -0.000518
1010 0 0 -0.000959
1015 0 0 -0.001383
1020 0 0 -0.001556
1025 0 0 -0.001328
1030 0 0 -0.000890
1035 0 0 -0.000518
1040 0 0 -0.000417
1045 0 0 -0.000507
1050 0 0 -0.000634
1055 0 0 -0.000679
1060 0 0 -0.000648
1065 0 0 -0.000578
1070 0 0 -0.000506
1075 0 0 -0.000458
1080 0 0 -0.000460
1085 0 0 -0.000524
1090 0 0 -0.000617
1095 0 0 -0.000692
1100 0 0 -0.000717
1105 0 0 -0.000707
1110 0 0 -0.000690
1115 0 0 -0.000687
1120 0 0 -0.000691
1125 0 0 -0.000690
1130 0 0 -0.000675
1135 0 0 -0.000652
1140 0 0 -0.000634
1145 0 0 -0.000628
1150 0 0 -0.000630
1155 0 0 -0.000634
1160 0 0 -0.000637
1165 0 0 -0.000650
1170 0 0 -0.000690
1175 0 0 -0.000764
1180 0 0 -0.000850
1185 0 0 -0.000920
1190 0 0 -0.000951
1195 0 0 -0.000949
1200 0 0 -0.000922
1205 0 0 -0.000883
1210 0 0 -0.000841
1215 0 0 -0.000806
1220 0 0 -0.000787
1225 0 0 -0.000788
1230 0 0 -0.000808
1235 0 0 -0.000847
1240 0 0 -0.000890
1245 0 0 -0.000922
1250 0 0 -0.000929
1255 0 0 -0.000910
1260 0 0 -0.000864
1265 0 0 -0.000797
1270 0 0 -0.000731
1275 0 0 -0.000692
1280 0 0 -0.000696
1285 0 0 -0.000724
1290 0 0 -0.000748
1295 0 0 -0.000748
1300 0 0 -0.000740
1305 0 0 -0.000750
1310 0 0 -0.000790
1315 0 0 -0.000825
1320 0 0 -0.000808
1325 0 0 -0.000710
1330 0 0 -0.000574
1335 0 0 -0.000462
1340 0 0 -0.000420
1345 0 0 -0.000431
1350 0 0 -0.000462
1355 0 0 -0.000484
1360 0 0 -0.000487
1365 0 0 -0.000462
1370 0 0 -0.000410
1375 0 0 -0.000359
1380 0 0 -0.000346
1385 0 0 -0.000393
1390 0 0 -0.000466
1395 0 0 -0.000518
1400 0 0 -0.000513
1405 0 0 -0.000466
1410 0 0 -0.000404
1415 0 0 -0.000352
1420 0 0 -0.000327
1425 0 0 -0.000346
1430 0 0 -0.000412
1435 0 0 -0.000487
1440 0 0 -0.000518
1445 0 0 -0.000472
1450 0 0 -0.000380
1455 0 0 -0.000288
1460 0 0 -0.000235
1465 0 0 -0.000220
1470 0 0 -0.000232
1475 0 0 -0.000259
1480 0 0 -0.000284
1485 0 0 -0.000288
1490 0 0 -0.000259
1495 0 0 -0.000213
1500 0 0 -0.000172
1505 0 0 -0.000155
1510 0 0 -0.000158
1515 0 0 -0.000174
1520 0 0 -0.000195
1525 0 0 -0.000216
1530 0 0 -0.000230
1535 0 0 -0.000235
1540 0 0 -0.000234
1545 0 0 -0.000232
1550 0 0 -0.000234
1555 0 0 -0.000235
1560 0 0 -0.000230
1565 0 0 -0.000216
1570 0 0 -0.000196
1575 0 0 -0.000174
1580 0 0 -0.000157
1585 0 0 -0.000153
1590 0 0 -0.000172
1595 0 0 -0.000218
1600 0 0 -0.000267
1605 0 0 -0.000288
1610 0 0 -0.000262
1615 0 0 -0.000212
1620 0 0 -0.000174
1625 0 0 -0.000173
1630 0 0 -0.000198
1635 0 0 -0.000230
1640 0 0 -0.000252
1645 0 0 -0.000254
1650 0 0 -0.000230
1655 0 0 -0.000180
1660 0 0 -0.000131
1665 0 0 -0.000116
1670 0 0 -0.000157
1675 0 0 -0.000227
1680 0 0 -0.000288
1685 0 0 -0.000311
1690 0 0 -0.000305
1695 0 0 -0.000288
1700 0 0 -0.000274
1705 0 0 -0.000259
1710 0 0 -0.000230
1715 0 0 -0.000184
1720 0 0 -0.000138
1725 0 0 -0.000116
1730 0 0 -0.000134
1735 0 0 -0.000179
1740 0 0 -0.000232
1745 0 0 -0.000274
1750 0 0 -0.000295
1755 0 0 -0.000288
1760 0 0 -0.000250
1765 0 0 -0.000202
1770 0 0 -0.000174
1775 0 0 -0.000183
1780 0 0 -0.000212
1785 0 0 -0.000232
1790 0 0 -0.000224
1795 0 0 -0.000197
1800 0 0 -0.000172
1805 0 0 -0.000162
1810 0 0 -0.000165
1815 0 0 -0.000174
1820 0 0 -0.000186
1825 0 0 -0.000203
1830 0 0 -0.000230
1835 0 0 -0.000268
1840 0 0 -0.000296
1845 0 0 -0.000288
1850 0 0 -0.000234
1855 0 0 -0.000176
1860 0 0 -0.000174
1865 0 0 -0.000266
1870 0 0 -0.000418
1875 0 0 -0.000576
1880 0 0 -0.000694
1885 0 0 -0.000755
1890 0 0 -0.000750
1895 0 0 -0.000677
1900 0 0 -0.000568
1905 0 0 -0.000462
1910 0 0 -0.000390
1915 0 0 -0.000354
1920 0 0 -0.000346
1925 0 0 -0.000359
1930 0 0 -0.000382
1935 0 0 -0.000402
1940 0 0 -0.000411
1945 0 0 -0.000410
1950 0 0 -0.000404
1955 0 0 -0.000394
1960 0 0 -0.000377
1965 0 0 -0.000346
1970 0 0 -0.000300
1975 0 0 -0.000255
1980 0 0 -0.000230
1985 0 0 -0.000239
1990 0 0 -0.000266
1995 0 0 -0.000288
2000 0 0 -0.000289
2005 0 0 -0.000282
2010 0 0 -0.000288
2015 0 0 -0.000320
2020 0 0 -0.000365
2025 0 0 -0.000404
2030 0 0 -0.000421
2035 0 0 -0.000418
2040 0 0 -0.000404
2045 0 0 -0.000385
2050 0 0 -0.000365
2055 0 0 -0.000346
2060 0 0 -0.000332
2065 0 0 -0.000329
2070 0 0 -0.000346
2075 0 0 -0.000385
2080 0 0 -0.000431
2085 0 0 -0.000462
2090 0 0 -0.000463
2095 0 0 -0.000439
2100 0 0 -0.000402
2105 0 0 -0.000364
2110 0 0 -0.000340
2115 0 0 -0.000346
2120 0 0 -0.000389
2125 0 0 -0.000440
2130 0 0 -0.000460
2135 0 0 -0.000423
2140 0 0 -0.000353
2145 0 0 -0.000288
2150 0 0 -0.000254
2155 0 0 -0.000242
2160 0 0 -0.000232
2165 0 0 -0.000213
2170 0 0 -0.000204
2175 0 0 -0.000232
2180 0 0 -0.000312
2185 0 0 -0.000405
2190 0 0 -0.000462
2195 0 0 -0.000446
2200 0 0 -0.000376
2205 0 0 -0.000288
2210 0 0 -0.000212
2215 0 0 -0.000169
2220 0 0 -0.000174
2225 0 0 -0.000233
2230 0 0 -0.000307
2235 0 0 -0.000346
2240 0 0 -0.000314
2245 0 0 -0.000242
2250 0 0 -0.000174
2255 0 0 -0.000145
2260 0 0 -0.000150
2265 0 0 -0.000174
2270 0 0 -0.000202
2275 0 0 -0.000224
2280 0 0 -0.000232
2285 0 0 -0.000221
2290 0 0 -0.000197
2295 0 0 -0.000174
2300 0 0 -0.000160
2305 0 0 -0.000159
2310 0 0 -0.000172
2315 0 0 -0.000199
2320 0 0 -0.000224
2325 0 0 -0.000230
2330 0 0 -0.000215
2335 0 0 -0.000245
2340 0 0 -0.000402
2345 0 0 -0.000724
2350 0 0 -0.001073
2355 0 0 -0.001266
2360 0 0 -0.001177
2365 0 0 -0.000912
2370 0 0 -0.000634
2375 0 0 -0.000473
2380 0 0 -0.000428
2385 0 0 -0.000462
2390 0 0 -0.000539
2395 0 0 -0.000612
2400 0 0 -0.000634
2405 0 0 -0.000583
2410 0 0 -0.000545
2415 0 0 -0.000634
2420 0 0 -0.000912
2425 0 0 -0.001243
2430 0 0 -0.001440
2435 0 0 -0.001373
2440 0 0 -0.001133
2445 0 0 -0.000864
2450 0 0 -0.000683
2455 0 0 -0.000580
2460 0 0 -0.000518
2465 0 0 -0.000465
2470 0 0 -0.000424
2475 0 0 -0.000402
2480 0 0 -0.000407
2485 0 0 -0.000430
2490 0 0 -0.000462
2495 0 0 -0.000494
2500 0 0 -0.000530
2505 0 0 -0.000576
2510 0 0 -0.000632
2515 0 0 -0.000679
2520 0 0 -0.000692
2525 0 0 -0.000656
2530 0 0 -0.000603
2535 0 0 -0.000576
2540 0 0 -0.000605
2545 0 0 -0.000672
2550 0 0 -0.000748
2555 0 0 -0.000811
2560 0 0 -0.000865
2565 0 0 -0.000922
2570 0 0 -0.000994
2575 0 0 -0.001087
2580 0 0 -0.001208
2585 0 0 -0.001356
2590 0 0 -0.001503
2595 0 0 -0.001612
2600 0 0 -0.001654
2605 0 0 -0.001632
2610 0 0 -0.001556
2615 0 0 -0.001437
2620 0 0 -0.001294
2625 0 0 -0.001150
2630 0 0 -0.001021
2635 0 0 -0.000908
2640 0 0 -0.000806
2645 0 0 -0.000714
2650 0 0 -0.000650
2655 0 0 -0.000634
2660 0 0 -0.000676
2665 0 0 -0.000748
2670 0 0 -0.000808
2675 0 0 -0.000828
2680 0 0 -0.000819
2685 0 0 -0.000806
2690 0 0 -0.000811
2695 0 0 -0.000860
2700 0 0 -0.000978
2705 0 0 -0.001170
2710 0 0 -0.001357
2715 0 0 -0.001440
2720 0 0 -0.001352
2725 0 0 -0.001163
2730 0 0 -0.000978
2735 0 0 -0.000877
2740 0 0 -0.000851
2745 0 0 -0.000864
2750 0 0 -0.000888
2755 0 0 -0.000909
2760 0 0 -0.000920
2765 0 0 -0.000911
2770 0 0 -0.000876
2775 0 0 -0.000806
2780 0 0 -0.000700
2785 0 0 -0.000577
2790 0 0 -0.000460
2795 0 0 -0.000370
2800 0 0 -0.000312
2805 0 0 -0.000286
2810 0 0 -0.000288
2815 0 0 -0.000298
2820 0 0 -0.000288
2825 0 0 -0.000244
2830 0 0 -0.000193
2835 0 0 -0.000172
2840 0 0 -0.000205
2845 0 0 -0.000260
2850 0 0 -0.000288
2855 0 0 -0.000259
2860 0 0 -0.000204
2865 0 0 -0.000174
2870 0 0 -0.000200
2875 0 0 -0.000253
2880 0 0 -0.000288
2885 0 0 -0.000272
2890 0 0 -0.000223
2895 0 0 -0.000172
2900 0 0 -0.000145
2905 0 0 -0.000145
2910 0 0 -0.000172
2915 0 0 -0.000219
2920 0 0 -0.000266
2925 0 0 -0.000288
2930 0 0 -0.000268
2935 0 0 -0.000221
2940 0 0 -0.000172
2945 0 0 -0.000141
2950 0 0 -0.000138
2955 0 0 -0.000172
2960 0 0 -0.000243
2965 0 0 -0.000315
2970 0 0 -0.000346
2975 0 0 -0.000307
2980 0 0 -0.000232
2985 0 0 -0.000172
2990 0 0 -0.000163
2995 0 0 -0.000191
3000 0 0 -0.000230
3005 0 0 -0.000259
3010 0 0 -0.000277
3015 0 0 -0.000288
3020 0 0 -0.000295
3025 0 0 -0.000296
3030 0 0 -0.000288
3035 0 0 -0.000271
3040 0 0 -0.000249
3045 0 0 -0.000230
3050 0 0 -0.000219
3055 0 0 -0.000219
3060 0 0 -0.000230
3065 0 0 -0.000252
3070 0 0 -0.000275
3075 0 0 -0.000288
3080 0 0 -0.000282
3085 0 0 -0.000260
3090 0 0 -0.000230
3095 0 0 -0.000199
3100 0 0 -0.000176
3105 0 0 -0.000172
3110 0 0 -0.000191
3115 0 0 -0.000218
3120 0 0 -0.000232
3125 0 0 -0.000219
3130 0 0 -0.000193
3135 0 0 -0.000174
3140 0 0 -0.000178
3145 0 0 -0.000200
3150 0 0 -0.000230
3155 0 0 -0.000259
3160 0 0 -0.000280
3165 0 0 -0.000288
3170 0 0 -0.000279
3175 0 0 -0.000258
3180 0 0 -0.000230
3185 0 0 -0.000201
3190 0 0 -0.000180
3195 0 0 -0.000174
3200 0 0 -0.000188
3205 0 0 -0.000212
3210 0 0 -0.000232
3215 0 0 -0.000237
3220 0 0 -0.000233
3225 0 0 -0.000230
3230 0 0 -0.000234
3235 0 0 -0.000238
3240 0 0 -0.000230
3245 0 0 -0.000204
3250 0 0 -0.000177
3255 0 0 -0.000172
3260 0 0 -0.000204
3265 0 0 -0.000252
3270 0 0 -0.000288
3275 0 0 -0.000293
3280 0 0 -0.000284
3285 0 0 -0.000288
3290 0 0 -0.000325
3295 0 0 -0.000388
3300 0 0 -0.000462
3305 0 0 -0.000537
3310 0 0 -0.000612
3315 0 0 -0.000690
3320 0 0 -0.000768
3325 0 0 -0.000819
3330 0 0 -0.000806
3335 0 0 -0.000712
3340 0 0 -0.000578
3345 0 0 -0.000462
3350 0 0 -0.000407
3355 0 0 -0.000398
3360 0 0 -0.000404
3365 0 0 -0.000401
3370 0 0 -0.000382
3375 0 0 -0.000346
3380 0 0 -0.000295
3385 0 0 -0.000249
3390 0 0 -0.000230
3395 0 0 -0.000253
3400 0 0 -0.000300
3405 0 0 -0.000346
3410 0 0 -0.000370
3415 0 0 -0.000369
3420 0 0 -0.000346
3425 0 0 -0.000306
3430 0 0 -0.000262
3435 0 0 -0.000230
3440 0 0 -0.000220
3445 0 0 -0.000224
3450 0 0 -0.000230
3455 0 0 -0.000230
3460 0 0 -0.000228
3465 0 0 -0.000230
3470 0 0 -0.000240
3475 0 0 -0.000246
3480 0 0 -0.000230
3485 0 0 -0.000185
3490 0 0 -0.000135
3495 0 0 -0.000114
3500 0 0 -0.000144
3505 0 0 -0.000197
3510 0 0 -0.000232
3515 0 0 -0.000222
3520 0 0 -0.000191
3525 0 0 -0.000172
3530 0 0 -0.000190
3535 0 0 -0.000221
3540 0 0 -0.000230
3545 0 0 -0.000195
3550 0 0 -0.000158
3555 0 0 -0.000172
3560 0 0 -0.000271
3565 0 0 -0.000394
3570 0 0 -0.000460
3575 0 0 -0.000413
3580 0 0 -0.000309
3585 0 0 -0.000230
3590 0 0 -0.000235
3595 0 0 -0.000291
3600 0 0 -0.000344
3605 0 0 -0.000351
3610 0 0 -0.000324
3615 0 0 -0.000288
3620 0 0 -0.000262
3625 0 0 -0.000245
3630 0 0 -0.000232
3635 0 0 -0.000220
3640 0 0 -0.000216
3645 0 0 -0.000230
3650 0 0 -0.000268
3655 0 0 -0.000314
3660 0 0 -0.000346
3665 0 0 -0.000349
3670 0 0 -0.000327
3675 0 0 -0.000286
3680 0 0 -0.000237
3685 0 0 -0.000194
3690 0 0 -0.000172
3695 0 0 -0.000182
3700 0 0 -0.000208
3705 0 0 -0.000230
3710 0 0 -0.000233
3715 0 0 -0.000229
3720 0 0 -0.000232
3725 0 0 -0.000254
3730 0 0 -0.000279
3735 0 0 -0.000288
3740 0 0 -0.000267
3745 0 0 -0.000238
3750 0 0 -0.000230
3755 0 0 -0.000263
3760 0 0 -0.000312
3765 0 0 -0.000346
3770 0 0 -0.000338
3775 0 0 -0.000295
3780 0 0 -0.000232
3785 0 0 -0.000166
3790 0 0 -0.000120
3795 0 0 -0.000116
3800 0 0 -0.000167
3805 0 0 -0.000240
3810 0 0 -0.000288
3815 0 0 -0.000281
3820 0 0 -0.000248
3825 0 0 -0.000232
3830 0 0 -0.000264
3835 0 0 -0.000330
3840 0 0 -0.000404
3845 0 0 -0.000481
3850 0 0 -0.000639
3855 0 0 -0.000978
3860 0 0 -0.001528
3865 0 0 -0.002038
3870 0 0 -0.002188
3875 0 0 -0.001777
3880 0 0 -0.001072
3885 0 0 -0.000460
3890 0 0 -0.000229
3895 0 0 -0.000276
3900 0 0 -0.000402
3905 0 0 -0.000449
3910 0 0 -0.000431
3915 0 0 -0.000404
3920 0 0 -0.000413
3925 0 0 -0.000456
3930 0 0 -0.000518
3935 0 0 -0.000586
3940 0 0 -0.000647
3945 0 0 -0.000690
3950 0 0 -0.000709
3955 0 0 -0.000720
3960 0 0 -0.000748
3965 0 0 -0.000806
3970 0 0 -0.000873
3975 0 0 -0.000922
3980 0 0 -0.000932
3985 0 0 -0.000923
3990 0 0 -0.000922
3995 0 0 -0.000947
4000 0 0 -0.000977
4005 0 0 -0.000980
4010 0 0 -0.000936
4015 0 0 -0.000868
4020 0 0 -0.000808
4025 0 0 -0.000780
4030 0 0 -0.000768
4035 0 0 -0.000748
4040 0 0 -0.000703
4045 0 0 -0.000654
4050 0 0 -0.000634
4055 0 0 -0.000661
4060 0 0 -0.000712
4065 0 0 -0.000748
4070 0 0 -0.000745
4075 0 0 -0.000717
4080 0 0 -0.000690
4085 0 0 -0.000683
4090 0 0 -0.000687
4095 0 0 -0.000690
4100 0 0 -0.000680
4105 0 0 -0.000659
4110 0 0 -0.000634
4115 0 0 -0.000610
4120 0 0 -0.000590
4125 0 0 -0.000576
4130 0 0 -0.000569
4135 0 0 -0.000568
4140 0 0 -0.000576
4145 0 0 -0.000589
4150 0 0 -0.000594
4155 0 0 -0.000576
4160 0 0 -0.000528
4165 0 0 -0.000478
4170 0 0 -0.000460
4175 0 0 -0.000499
4180 0 0 -0.000569
4185 0 0 -0.000634
4190 0 0 -0.000666
4195 0 0 -0.000677
4200 0 0 -0.000690
4205 0 0 -0.000721
4210 0 0 -0.000763
4215 0 0 -0.000806
4220 0 0 -0.000837
4225 0 0 -0.000842
4230 0 0 -0.000808
4235 0 0 -0.000728
4240 0 0 -0.000622
4245 0 0 -0.000520
4250 0 0 -0.000442
4255 0 0 -0.000387
4260 0 0 -0.000346
4265 0 0 -0.000310
4270 0 0 -0.000274
4275 0 0 -0.000230
4280 0 0 -0.000179
4285 0 0 -0.000149
4290 0 0 -0.000174
4295 0 0 -0.000272
4300 0 0 -0.000390
4305 0 0 -0.000462
4310 0 0 -0.000440
4315 0 0 -0.000362
4320 0 0 -0.000288
4325 0 0 -0.000264
4330 0 0 -0.000274
4335 0 0 -0.000288
4340 0 0 -0.000284
4345 0 0 -0.000262
4350 0 0 -0.000232
4355 0 0 -0.000202
4360 0 0 -0.000179
4365 0 0 -0.000172
4370 0 0 -0.000185
4375 0 0 -0.000209
4380 0 0 -0.000230
4385 0 0 -0.000238
4390 0 0 -0.000236
4395 0 0 -0.000230
4400 0 0 -0.000224
4405 0 0 -0.000223
4410 0 0 -0.000230
4415 0 0 -0.000244
4420 0 0 -0.000251
4425 0 0 -0.000230
4430 0 0 -0.000174
4435 0 0 -0.000120
4440 0 0 -0.000116
4445 0 0 -0.000191
4450 0 0 -0.000291
4455 0 0 -0.000344
4460 0 0 -0.000300
4465 0 0 -0.000201
4470 0 0 -0.000114
4475 0 0 -0.000090
4480 0 0 -0.000119
4485 0 0 -0.000174
4490 0 0 -0.000232
4495 0 0 -0.000275
4500 0 0 -0.000288
4505 0 0 -0.000261
4510 0 0 -0.000214
4515 0 0 -0.000172
4520 0 0 -0.000156
4525 0 0 -0.000161
4530 0 0 -0.000174
4535 0 0 -0.000187
4540 0 0 -0.000203
4545 0 0 -0.000230
4550 0 0 -0.000269
4555 0 0 -0.000298
4560 0 0 -0.000288
4565 0 0 -0.000226
4570 0 0 -0.000151
4575 0 0 -0.000116
4580 0 0 -0.000157
4585 0 0 -0.000234
4590 0 0 -0.000288
4595 0 0 -0.000278
4600 0 0 -0.000226
4605 0 0 -0.000172
4610 0 0 -0.000148
4615 0 0 -0.000151
4620 0 0 -0.000172
4625 0 0 -0.000200
4630 0 0 -0.000224
4635 0 0 -0.000230
4640 0 0 -0.000212
4645 0 0 -0.000186
4650 0 0 -0.000174
4655 0 0 -0.000190
4660 0 0 -0.000217
4665 0 0 -0.000232
4670 0 0 -0.000218
4675 0 0 -0.000190
4680 0 0 -0.000172
4685 0 0 -0.000181
4690 0 0 -0.000207
4695 0 0 -0.000232
4700 0 0 -0.000243
4705 0 0 -0.000242
4710 0 0 -0.000232
4715 0 0 -0.000222
4720 0 0 -0.000233
4725 0 0 -0.000288
4730 0 0 -0.000400
4735 0 0 -0.000546
4740 0 0 -0.000690
4745 0 0 -0.000802
4750 0 0 -0.000865
4755 0 0 -0.000864
4760 0 0 -0.000795
4765 0 0 -0.000686
4770 0 0 -0.000576
4775 0 0 -0.000493
4780 0 0 -0.000438
4785 0 0 -0.000402
4790 0 0 -0.000377
4795 0 0 -0.000360
4800 0 0 -0.000346
4805 0 0 -0.000332
4810 0 0 -0.000314
4815 0 0 -0.000288
4820 0 0 -0.000255
4825 0 0 -0.000230
4830 0 0 -0.000232
4835 0 0 -0.000272
4840 0 0 -0.000322
4845 0 0 -0.000346
4850 0 0 -0.000320
4855 0 0 -0.000269
4860 0 0 -0.000230
4865 0 0 -0.000230
4870 0 0 -0.000257
4875 0 0 -0.000288
4880 0 0 -0.000304
4885 0 0 -0.000304
4890 0 0 -0.000288
4895 0 0 -0.000261
4900 0 0 -0.000237
4905 0 0 -0.000230
4910 0 0 -0.000249
4915 0 0 -0.000277
4920 0 0 -0.000288
4925 0 0 -0.000268
4930 0 0 -0.000238
4935 0 0 -0.000230
4940 0 0 -0.000264
4945 0 0 -0.000315
4950 0 0 -0.000346
4955 0 0 -0.000332
4960 0 0 -0.000285
4965 0 0 -0.000230
4970 0 0 -0.000187
4975 0 0 -0.000166
4980 0 0 -0.000172
4985 0 0 -0.000208
4990 0 0 -0.000254
4995 0 0 -0.000288
5000 0 0 -0.000291
5005 0 0 -0.000268
5010 0 0 -0.000230
5015 0 0 -0.000192
5020 0 0 -0.000182
5025 0 0 -0.000232
5030 0 0 -0.000355
5035 0 0 -0.000494
5040 0 0 -0.000576
5045 0 0 -0.000549
5050 0 0 -0.000452
5055 0 0 -0.000346
5060 0 0 -0.000282
5065 0 0 -0.000265
5070 0 0 -0.000288
5075 0 0 -0.000340
5080 0 0 -0.000391
5085 0 0 -0.000404
5090 0 0 -0.000358
5095 0 0 -0.000284
5100 0 0 -0.000230
5105 0 0 -0.000227
5110 0 0 -0.000258
5115 0 0 -0.000288
5120 0 0 -0.000295
5125 0 0 -0.000289
5130 0 0 -0.000288
5135 0 0 -0.000305
5140 0 0 -0.000330
5145 0 0 -0.000346
5150 0 0 -0.000341
5155 0 0 -0.000319
5160 0 0 -0.000288
5165 0 0 -0.000256
5170 0 0 -0.000234
5175 0 0 -0.000232
5180 0 0 -0.000258
5185 0 0 -0.000301
5190 0 0 -0.000346
5195 0 0 -0.000381
5200 0 0 -0.000401
5205 0 0 -0.000404
5210 0 0 -0.000390
5215 0 0 -0.000366
5220 0 0 -0.000344
5225 0 0 -0.000332
5230 0 0 -0.000332
5235 0 0 -0.000346
5240 0 0 -0.000372
5245 0 0 -0.000396
5250 0 0 -0.000402
5255 0 0 -0.000379
5260 0 0 -0.000336
5265 0 0 -0.000288
5270 0 0 -0.000251
5275 0 0 -0.000244
5280 0 0 -0.000288
5285 0 0 -0.000391
5290 0 0 -0.000507
5295 0 0 -0.000576
5300 0 0 -0.000555
5305 0 0 -0.000466
5310 0 0 -0.000346
5315 0 0 -0.000255
5320 0 0 -0.000349
5325 0 0 -0.000806
5330 0 0 -0.001694
5335 0 0 -0.002642
5340 0 0 -0.003168
5345 0 0 -0.002941
5350 0 0 -0.002226
5355 0 0 -0.001438
5360 0 0 -0.000919
5365 0 0 -0.000717
5370 0 0 -0.000806
5375 0 0 -0.001132
5380 0 0 -0.001525
5385 0 0 -0.001786
5390 0 0 -0.001776
5395 0 0 -0.001604
5400 0 0 -0.001438
5405 0 0 -0.001406
5410 0 0 -0.001471
5415 0 0 -0.001556
5420 0 0 -0.001595
5425 0 0 -0.001576
5430 0 0 -0.001498
5435 0 0 -0.001365
5440 0 0 -0.001202
5445 0 0 -0.001036
5450 0 0 -0.000892
5455 0 0 -0.000775
5460 0 0 -0.000690
5465 0 0 -0.000637
5470 0 0 -0.000619
5475 0 0 -0.000634
5480 0 0 -0.000679
5485 0 0 -0.000728
5490 0 0 -0.000750
5495 0 0 -0.000723
5500 0 0 -0.000658
5505 0 0 -0.000576
5510 0 0 -0.000497
5515 0 0 -0.000434
5520 0 0 -0.000402
5525 0 0 -0.000407
5530 0 0 -0.000434
5535 0 0 -0.000462
5540 0 0 -0.000474
5545 0 0 -0.000472
5550 0 0 -0.000460
5555 0 0 -0.000443
5560 0 0 -0.000423
5565 0 0 -0.000404
5570 0 0 -0.000388
5575 0 0 -0.000385
5580 0 0 -0.000404
5585 0 0 -0.000448
5590 0 0 -0.000496
5595 0 0 -0.000518
5600 0 0 -0.000499
5605 0 0 -0.000466
5610 0 0 -0.000460
5615 0 0 -0.000507
5620 0 0 -0.000579
5625 0 0 -0.000634
5630 0 0 -0.000641
5635 0 0 -0.000614
5640 0 0 -0.000578
5645 0 0 -0.000554
5650 0 0 -0.000537
5655 0 0 -0.000518
5660 0 0 -0.000492
5665 0 0 -0.000468
5670 0 0 -0.000460
5675 0 0 -0.000477
5680 0 0 -0.000503
5685 0 0 -0.000518
5690 0 0 -0.000504
5695 0 0 -0.000463
5700 0 0 -0.000402
5705 0 0 -0.000329
5710 0 0 -0.000265
5715 0 0 -0.000232
5720 0 0 -0.000245
5725 0 0 -0.000291
5730 0 0 -0.000346
5735 0 0 -0.000391
5740 0 0 -0.000414
5745 0 0 -0.000404
5750 0 0 -0.000360
5755 0 0 -0.000309
5760 0 0 -0.000288
5765 0 0 -0.000319
5770 0 0 -0.000372
5775 0 0 -0.000404
5780 0 0 -0.000383
5785 0 0 -0.000333
5790 0 0 -0.000288
5795 0 0 -0.000277
5800 0 0 -0.000299
5805 0 0 -0.000346
5810 0 0 -0.000407
5815 0 0 -0.000455
5820 0 0 -0.000462
5825 0 0 -0.000408
5830 0 0 -0.000320
5835 0 0 -0.000232
5840 0 0 -0.000174
5845 0 0 -0.000139
5850 0 0 -0.000116
5855 0 0 -0.000095
5860 0 0 -0.000089
5865 0 0 -0.000114
5870 0 0 -0.000177
5875 0 0 -0.000248
5880 0 0 -0.000288
5885 0 0 -0.000270
5890 0 0 -0.000219
5895 0 0 -0.000172
5900 0 0 -0.000157
5905 0 0 -0.000164
5910 0 0 -0.000174
5915 0 0 -0.000174
5920 0 0 -0.000169
5925 0 0 -0.000174
5930 0 0 -0.000195
5935 0 0 -0.000220
5940 0 0 -0.000232
5945 0 0 -0.000221
5950 0 0 -0.000195
5955 0 0 -0.000172
5960 0 0 -0.000162
5965 0 0 -0.000164
5970 0 0 -0.000172
5975 0 0 -0.000180
5980 0 0 -0.000183
5985 0 0 -0.000172
5990 0 0 -0.000146
5995 0 0 -0.000121
6000 0 0 -0.000116
6005 0 0 -0.000145
6010 0 0 -0.000192
6015 0 0 -0.000232
6020 0 0 -0.000247
6025 0 0 -0.000243
6030 0 0 -0.000230
6035 0 0 -0.000217
6040 0 0 -0.000200
6045 0 0 -0.000174
6050 0 0 -0.000137
6055 0 0 -0.000109
6060 0 0 -0.000116
6065 0 0 -0.000171
6070 0 0 -0.000242
6075 0 0 -0.000288
6080 0 0 -0.000277
6085 0 0 -0.000228
6090 0 0 -0.000172
6095 0 0 -0.000134
6100 0 0 -0.000116
6105 0 0 -0.000114
6110 0 0 -0.000125
6115 0 0 -0.000145
6120 0 0 -0.000172
6125 0 0 -0.000201
6130 0 0 -0.000224
6135 0 0 -0.000230
6140 0 0 -0.000214
6145 0 0 -0.000189
6150 0 0 -0.000172
6155 0 0 -0.000177
6160 0 0 -0.000199
6165 0 0 -0.000230
6170 0 0 -0.000265
6175 0 0 -0.000318
6180 0 0 -0.000404
6185 0 0 -0.000528
6190 0 0 -0.000644
6195 0 0 -0.000692
6200 0 0 -0.000637
6205 0 0 -0.000534
6210 0 0 -0.000462
6215 0 0 -0.000473
6220 0 0 -0.000518
6225 0 0 -0.000520
6230 0 0 -0.000428
6235 0 0 -0.000288
6240 0 0 -0.000172
6245 0 0 -0.000131
6250 0 0 -0.000145
6255 0 0 -0.000174
6260 0 0 -0.000186
6265 0 0 -0.000182
6270 0 0 -0.000172
6275 0 0 -0.000163
6280 0 0 -0.000161
6285 0 0 -0.000172
6290 0 0 -0.000196
6295 0 0 -0.000221
6300 0 0 -0.000230
6305 0 0 -0.000213
6310 0 0 -0.000186
6315 0 0 -0.000172
6320 0 0 -0.000185
6325 0 0 -0.000211
6330 0 0 -0.000230
6335 0 0 -0.000226
6340 0 0 -0.000203
6345 0 0 -0.000172
6350 0 0 -0.000149
6355 0 0 -0.000173
6360 0 0 -0.000288
6365 0 0 -0.000511
6370 0 0 -0.000745
6375 0 0 -0.000864
6380 0 0 -0.000781
6385 0 0 -0.000571
6390 0 0 -0.000346
6395 0 0 -0.000205
6400 0 0 -0.000180
6405 0 0 -0.000288
6410 0 0 -0.000519
6415 0 0 -0.000759
6420 0 0 -0.000864
6425 0 0 -0.000743
6430 0 0 -0.000500
6435 0 0 -0.000288
6440 0 0 -0.000223
6445 0 0 -0.000268
6450 0 0 -0.000346
6455 0 0 -0.000397
6460 0 0 -0.000414
6465 0 0 -0.000404
6470 0 0 -0.000377
6475 0 0 -0.000351
6480 0 0 -0.000346
6485 0 0 -0.000372
6490 0 0 -0.000403
6495 0 0 -0.000404
6500 0 0 -0.000354
6505 0 0 -0.000282
6510 0 0 -0.000230
6515 0 0 -0.000229
6520 0 0 -0.000259
6525 0 0 -0.000288
6530 0 0 -0.000291
6535 0 0 -0.000269
6540 0 0 -0.000230
6545 0 0 -0.000183
6550 0 0 -0.000141
6555 0 0 -0.000116
6560 0 0 -0.000118
6565 0 0 -0.000140
6570 0 0 -0.000172
6575 0 0 -0.000204
6580 0 0 -0.000226
6585 0 0 -0.000230
6590 0 0 -0.000212
6595 0 0 -0.000187
6600 0 0 -0.000174
6605 0 0 -0.000187
6610 0 0 -0.000212
6615 0 0 -0.000230
6620 0 0 -0.000226
6625 0 0 -0.000204
6630 0 0 -0.000172
6635 0 0 -0.000138
6640 0 0 -0.000115
6645 0 0 -0.000114
6650 0 0 -0.000143
6655 0 0 -0.000188
6660 0 0 -0.000230
6665 0 0 -0.000253
6670 0 0 -0.000254
6675 0 0 -0.000232
6680 0 0 -0.000190
6685 0 0 -0.000145
6690 0 0 -0.000116
6695 0 0 -0.000117
6700 0 0 -0.000141
6705 0 0 -0.000174
6710 0 0 -0.000207
6715 0 0 -0.000244
6720 0 0 -0.000288
6725 0 0 -0.000346
6730 0 0 -0.000422
6735 0 0 -0.000518
6740 0 0 -0.000628
6745 0 0 -0.000705
6750 0 0 -0.000692
6755 0 0 -0.000562
6760 0 0 -0.000406
6765 0 0 -0.000346
6770 0 0 -0.000459
6775 0 0 -0.000642
6780 0 0 -0.000750
6785 0 0 -0.000682
6790 0 0 -0.000522
6795 0 0 -0.000402
6800 0 0 -0.000419
6805 0 0 -0.000538
6810 0 0 -0.000692
6815 0 0 -0.000826
6820 0 0 -0.000938
6825 0 0 -0.001038
6830 0 0 -0.001133
6835 0 0 -0.001213
6840 0 0 -0.001266
6845 0 0 -0.001283
6850 0 0 -0.001277
6855 0 0 -0.001268
6860 0 0 -0.001268
6865 0 0 -0.001272
6870 0 0 -0.001268
6875 0 0 -0.001246
6880 0 0 -0.001192
6885 0 0 -0.001094
6890 0 0 -0.000952
6895 0 0 -0.000816
6900 0 0 -0.000748
6905 0 0 -0.000791
6910 0 0 -0.000907
6915 0 0 -0.001036
6920 0 0 -0.001130
6925 0 0 -0.001186
6930 0 0 -0.001210
6935 0 0 -0.001210
6940 0 0 -0.001189
6945 0 0 -0.001152
6950 0 0 -0.001103
6955 0 0 -0.001044
6960 0 0 -0.000978
6965 0 0 -0.000908
6970 0 0 -0.000832
6975 0 0 -0.000748
6980 0 0 -0.000660
6985 0 0 -0.000592
6990 0 0 -0.000576
6995 0 0 -0.000627
7000 0 0 -0.000703
7005 0 0 -0.000750
7010 0 0 -0.000730
7015 0 0 -0.000674
7020 0 0 -0.000634
7025 0 0 -0.000646
7030 0 0 -0.000694
7035 0 0 -0.000750
7040 0 0 -0.000790
7045 0 0 -0.000809
7050 0 0 -0.000806
7055 0 0 -0.000783
7060 0 0 -0.000758
7065 0 0 -0.000748
7070 0 0 -0.000769
7075 0 0 -0.000812
7080 0 0 -0.000864
7085 0 0 -0.000913
7090 0 0 -0.000953
7095 0 0 -0.000980
7100 0 0 -0.000986
7105 0 0 -0.000954
7110 0 0 -0.000864
7115 0 0 -0.000708
7120 0 0 -0.000520
7125 0 0 -0.000346
7130 0 0 -0.000223
7135 0 0 -0.000149
7140 0 0 -0.000116
7145 0 0 -0.000114
7150 0 0 -0.000135
7155 0 0 -0.000172
7160 0 0 -0.000218
7165 0 0 -0.000261
7170 0 0 -0.000288
7175 0 0 -0.000289
7180 0 0 -0.000268
7185 0 0 -0.000230
7190 0 0 -0.000183
7195 0 0 -0.000140
7200 0 0 -0.000114
7205 0 0 -0.000115
7210 0 0 -0.000138
7215 0 0 -0.000174
7220 0 0 -0.000211
7225 0 0 -0.000235
7230 0 0 -0.000230
7235 0 0 -0.000188
7240 0 0 -0.000137
7245 0 0 -0.000116
7250 0 0 -0.000148
7255 0 0 -0.000201
7260 0 0 -0.000232
7265 0 0 -0.000208
7270 0 0 -0.000156
7275 0 0 -0.000114
7280 0 0 -0.000112
7285 0 0 -0.000139
7290 0 0 -0.000174
7295 0 0 -0.000201
7300 0 0 -0.000220
7305 0 0 -0.000232
7310 0 0 -0.000240
7315 0 0 -0.000241
7320 0 0 -0.000230
7325 0 0 -0.000204
7330 0 0 -0.000165
7335 0 0 -0.000114
7340 0 0 -0.000059
7345 0 0 -0.000029
7350 0 0 -0.000058
7355 0 0 -0.000163
7360 0 0 -0.000284
7365 0 0 -0.000346
7370 0 0 -0.000297
7375 0 0 -0.000194
7380 0 0 -0.000116
7385 0 0 -0.000123
7390 0 0 -0.000181
7395 0 0 -0.000232
7400 0 0 -0.000234
7405 0 0 -0.000203
7410 0 0 -0.000174
7415 0 0 -0.000169
7420 0 0 -0.000176
7425 0 0 -0.000174
7430 0 0 -0.000150
7435 0 0 -0.000123
7440 0 0 -0.000116
7445 0 0 -0.000147
7450 0 0 -0.000195
7455 0 0 -0.000232
7460 0 0 -0.000235
7465 0 0 -0.000211
7470 0 0 -0.000174
7475 0 0 -0.000138
7480 0 0 -0.000114
7485 0 0 -0.000114
7490 0 0 -0.000144
7495 0 0 -0.000189
7500 0 0 -0.000230
7505 0 0 -0.000250
7510 0 0 -0.000249
7515 0 0 -0.000230
7520 0 0 -0.000196
7525 0 0 -0.000155
7530 0 0 -0.000116
7535 0 0 -0.000089
7540 0 0 -0.000085
7545 0 0 -0.000116
7550 0 0 -0.000185
7555 0 0 -0.000258
7560 0 0 -0.000288
7565 0 0 -0.000248
7570 0 0 -0.000172
7575 0 0 -0.000114
7580 0 0 -0.000111
7585 0 0 -0.000141
7590 0 0 -0.000172
7595 0 0 -0.000179
7600 0 0 -0.000187
7605 0 0 -0.000230
7610 0 0 -0.000334
7615 0 0 -0.000479
7620 0 0 -0.000634
7625 0 0 -0.000772
7630 0 0 -0.000873
7635 0 0 -0.000920
7640 0 0 -0.000904
7645 0 0 -0.000840
7650 0 0 -0.000750
7655 0 0 -0.000654
7660 0 0 -0.000557
7665 0 0 -0.000462
7670 0 0 -0.000372
7675 0 0 -0.000293
7680 0 0 -0.000230
7685 0 0 -0.000188
7690 0 0 -0.000169
7695 0 0 -0.000174
7700 0 0 -0.000199
7705 0 0 -0.000225
7710 0 0 -0.000230
7715 0 0 -0.000199
7720 0 0 -0.000152
7725 0 0 -0.000116
7730 0 0 -0.000113
7735 0 0 -0.000135
7740 0 0 -0.000172
7745 0 0 -0.000209
7750 0 0 -0.000233
7755 0 0 -0.000230
7760 0 0 -0.000193
7765 0 0 -0.000145
7770 0 0 -0.000114
7775 0 0 -0.000121
7780 0 0 -0.000149
7785 0 0 -0.000174
7790 0 0 -0.000178
7795 0 0 -0.000171
7800 0 0 -0.000172
7805 0 0 -0.000193
7810 0 0 -0.000219
7815 0 0 -0.000230
7820 0 0 -0.000211
7825 0 0 -0.000169
7830 0 0 -0.000116
7835 0 0 -0.000068
7840 0 0 -0.000056
7845 0 0 -0.000114
7850 0 0 -0.000256
7855 0 0 -0.000418
7860 0 0 -0.000518
7865 0 0 -0.000498
7870 0 0 -0.000399
7875 0 0 -0.000288
7880 0 0 -0.000219
7885 0 0 -0.000201
7890 0 0 -0.000230
7895 0 0 -0.000296
7900 0 0 -0.000367
7905 0 0 -0.000404
7910 0 0 -0.000383
7915 0 0 -0.000331
7920 0 0 -0.000288
7925 0 0 -0.000283
7930 0 0 -0.000295
7935 0 0 -0.000288
7940 0 0 -0.000242
7945 0 0 -0.000188
7950 0 0 -0.000174
7955 0 0 -0.000227
7960 0 0 -0.000304
7965 0 0 -0.000344
7970 0 0 -0.000307
7975 0 0 -0.000230
7980 0 0 -0.000172
7985 0 0 -0.000175
7990 0 0 -0.000223
7995 0 0 -0.000288
8000 0 0 -0.000342
8005 0 0 -0.000366
8010 0 0 -0.000346
8015 0 0 -0.000274
8020 0 0 -0.000183
8025 0 0 -0.000114
8030 0 0 -0.000098
8035 0 0 -0.000125
8040 0 0 -0.000174
8045 0 0 -0.000226
8050 0 0 -0.000267
8055 0 0 -0.000288
8060 0 0 -0.000280
8065 0 0 -0.000256
8070 0 0 -0.000230
8075 0 0 -0.000216
8080 0 0 -0.000215
8085 0 0 -0.000230
8090 0 0 -0.000257
8095 0 0 -0.000282
8100 0 0 -0.000288
8105 0 0 -0.000268
8110 0 0 -0.000255
8115 0 0 -0.000288
8120 0 0 -0.000391
8125 0 0 -0.000511
8130 0 0 -0.000576
8135 0 0 -0.000536
8140 0 0 -0.000437
8145 0 0 -0.000346
8150 0 0 -0.000314
8155 0 0 -0.000325
8160 0 0 -0.000346
8165 0 0 -0.000352
8170 0 0 -0.000347
8175 0 0 -0.000344
8180 0 0 -0.000353
8185 0 0 -0.000374
8190 0 0 -0.000404
8195 0 0 -0.000438
8200 0 0 -0.000462
8205 0 0 -0.000462
8210 0 0 -0.000431
8215 0 0 -0.000398
8220 0 0 -0.000402
8225 0 0 -0.000466
8230 0 0 -0.000559
8235 0 0 -0.000634
8240 0 0 -0.000656
8245 0 0 -0.000631
8250 0 0 -0.000576
8255 0 0 -0.000509
8260 0 0 -0.000446
8265 0 0 -0.000404
8270 0 0 -0.000394
8275 0 0 -0.000400
8280 0 0 -0.000404
8285 0 0 -0.000392
8290 0 0 -0.000383
8295 0 0 -0.000404
8300 0 0 -0.000470
8305 0 0 -0.000543
8310 0 0 -0.000576
8315 0 0 -0.000536
8320 0 0 -0.000460
8325 0 0 -0.000404
8330 0 0 -0.000408
8335 0 0 -0.000456
8340 0 0 -0.000518
8345 0 0 -0.000569
8350 0 0 -0.000607
8355 0 0 -0.000634
8360 0 0 -0.000651
8365 0 0 -0.000653
8370 0 0 -0.000634
8375 0 0 -0.000593
8380 0 0 -0.000547
8385 0 0 -0.000518
8390 0 0 -0.000521
8395 0 0 -0.000546
8400 0 0 -0.000576
8405 0 0 -0.000595
8410 0 0 -0.000597
8415 0 0 -0.000576
8420 0 0 -0.000531
8425 0 0 -0.000485
8430 0 0 -0.000462
8435 0 0 -0.000482
8440 0 0 -0.000528
8445 0 0 -0.000576
8450 0 0 -0.000608
8455 0 0 -0.000625
8460 0 0 -0.000634
8465 0 0 -0.000645
8470 0 0 -0.000677
8475 0 0 -0.000748
8480 0 0 -0.000870
8485 0 0 -0.001017
8490 0 0 -0.001152
8495 0 0 -0.001244
8500 0 0 -0.001269
8505 0 0 -0.001210
8510 0 0 -0.001059
8515 0 0 -0.000866
8520 0 0 -0.000692
8525 0 0 -0.000587
8530 0 0 -0.000552
8535 0 0 -0.000578
8540 0 0 -0.000648
8545 0 0 -0.000720
8550 0 0 -0.000748
8555 0 0 -0.000697
8560 0 0 -0.000589
8565 0 0 -0.000460
8570 0 0 -0.000340
8575 0 0 -0.000242
8580 0 0 -0.000174
8585 0 0 -0.000141
8590 0 0 -0.000142
8595 0 0 -0.000174
8600 0 0 -0.000229
8605 0 0 -0.000278
8610 0 0 -0.000288
8615 0 0 -0.000240
8620 0 0 -0.000167
8625 0 0 -0.000116
8630 0 0 -0.000123
8635 0 0 -0.000170
8640 0 0 -0.000230
8645 0 0 -0.000277
8650 0 0 -0.000299
8655 0 0 -0.000288
8660 0 0 -0.000241
8665 0 0 -0.000175
8670 0 0 -0.000116
8675 0 0 -0.000083
8680 0 0 -0.000082
8685 0 0 -0.000116
8690 0 0 -0.000182
8695 0 0 -0.000251
8700 0 0 -0.000288
8705 0 0 -0.000270
8710 0 0 -0.000221
8715 0 0 -0.000174
8720 0 0 -0.000157
8725 0 0 -0.000162
8730 0 0 -0.000174
8735 0 0 -0.000179
8740 0 0 -0.000178
8745 0 0 -0.000172
8750 0 0 -0.000165
8755 0 0 -0.000162
8760 0 0 -0.000172
8765 0 0 -0.000197
8770 0 0 -0.000223
8775 0 0 -0.000232
8780 0 0 -0.000214
8785 0 0 -0.000186
8790 0 0 -0.000174
8795 0 0 -0.000194
8800 0 0 -0.000223
8805 0 0 -0.000232
8810 0 0 -0.000200
8815 0 0 -0.000150
8820 0 0 -0.000116
8825 0 0 -0.000124
8830 0 0 -0.000167
8835 0 0 -0.000230
8840 0 0 -0.000296
8845 0 0 -0.000343
8850 0 0 -0.000344
8855 0 0 -0.000286
8860 0 0 -0.000197
8865 0 0 -0.000116
8870 0 0 -0.000074
8875 0 0 -0.000075
8880 0 0 -0.000114
8885 0 0 -0.000183
8890 0 0 -0.000252
8895 0 0 -0.000288
8900 0 0 -0.000269
8905 0 0 -0.000219
8910 0 0 -0.000172
8915 0 0 -0.000156
8920 0 0 -0.000162
8925 0 0 -0.000174
8930 0 0 -0.000179
8935 0 0 -0.000177
8940 0 0 -0.000172
8945 0 0 -0.000166
8950 0 0 -0.000165
8955 0 0 -0.000172
8960 0 0 -0.000190
8965 0 0 -0.000212
8970 0 0 -0.000230
8975 0 0 -0.000238
8980 0 0 -0.000237
8985 0 0 -0.000230
8990 0 0 -0.000219
8995 0 0 -0.000200
9000 0 0 -0.000172
9005 0 0 -0.000134
9010 0 0 -0.000108
9015 0 0 -0.000116
9020 0 0 -0.000173
9025 0 0 -0.000245
9030 0 0 -0.000288
9035 0 0 -0.000272
9040 0 0 -0.000221
9045 0 0 -0.000172
9050 0 0 -0.000154
9055 0 0 -0.000159
9060 0 0 -0.000172
9065 0 0 -0.000179
9070 0 0 -0.000179
9075 0 0 -0.000174
9080 0 0 -0.000167
9085 0 0 -0.000164
9090 0 0 -0.000172
9095 0 0 -0.000194
9100 0 0 -0.000219
9105 0 0 -0.000230
9110 0 0 -0.000217
9115 0 0 -0.000193
9120 0 0 -0.000174
9125 0 0 -0.000173
9130 0 0 -0.000179
9135 0 0 -0.000174
9140 0 0 -0.000153
9145 0 0 -0.000154
9150 0 0 -0.000230
9155 0 0 -0.000402
9160 0 0 -0.000577
9165 0 0 -0.000634
9170 0 0 -0.000496
9175 0 0 -0.000272
9180 0 0 -0.000114
9185 0 0 -0.000131
9190 0 0 -0.000249
9195 0 0 -0.000346
9200 0 0 -0.000335
9205 0 0 -0.000254
9210 0 0 -0.000172
9215 0 0 -0.000143
9220 0 0 -0.000154
9225 0 0 -0.000174
9230 0 0 -0.000184
9235 0 0 -0.000209
9240 0 0 -0.000288
9245 0 0 -0.000435
9250 0 0 -0.000581
9255 0 0 -0.000634
9260 0 0 -0.000537
9265 0 0 -0.000365
9270 0 0 -0.000230
9275 0 0 -0.000211
9280 0 0 -0.000272
9285 0 0 -0.000344
9290 0 0 -0.000377
9295 0 0 -0.000386
9300 0 0 -0.000402
9305 0 0 -0.000446
9310 0 0 -0.000495
9315 0 0 -0.000518
9320 0 0 -0.000492
9325 0 0 -0.000442
9330 0 0 -0.000404
9335 0 0 -0.000406
9340 0 0 -0.000447
9345 0 0 -0.000520
9350 0 0 -0.000608
9355 0 0 -0.000664
9360 0 0 -0.000634
9365 0 0 -0.000496
9370 0 0 -0.000369
9375 0 0 -0.000404
9380 0 0 -0.000691
9385 0 0 -0.001072
9390 0 0 -0.001326
9395 0 0 -0.001296
9400 0 0 -0.001086
9405 0 0 -0.000864
9410 0 0 -0.000764
9415 0 0 -0.000778
9420 0 0 -0.000864
9425 0 0 -0.000978
9430 0 0 -0.001072
9435 0 0 -0.001094
9440 0 0 -0.001018
9445 0 0 -0.000911
9450 0 0 -0.000862
9455 0 0 -0.000932
9460 0 0 -0.001059
9465 0 0 -0.001152
9470 0 0 -0.001140
9475 0 0 -0.001033
9480 0 0 -0.000864
9485 0 0 -0.000668
9490 0 0 -0.000496
9495 0 0 -0.000404
9500 0 0 -0.000426
9505 0 0 -0.000509
9510 0 0 -0.000576
9515 0 0 -0.000574
9520 0 0 -0.000537
9525 0 0 -0.000518
9530 0 0 -0.000554
9535 0 0 -0.000611
9540 0 0 -0.000634
9545 0 0 -0.000589
9550 0 0 -0.000512
9555 0 0 -0.000460
9560 0 0 -0.000471
9565 0 0 -0.000523
9570 0 0 -0.000576
9575 0 0 -0.000600
9580 0 0 -0.000597
9585 0 0 -0.000576
9590 0 0 -0.000547
9595 0 0 -0.000508
9600 0 0 -0.000460
9605 0 0 -0.000404
9610 0 0 -0.000357
9615 0 0 -0.000344
9620 0 0 -0.000378
9625 0 0 -0.000444
9630 0 0 -0.000518
9635 0 0 -0.000582
9640 0 0 -0.000638
9645 0 0 -0.000692
9650 0 0 -0.000745
9655 0 0 -0.000774
9660 0 0 -0.000748
9665 0 0 -0.000654
9670 0 0 -0.000552
9675 0 0 -0.000518
9680 0 0 -0.000612
9685 0 0 -0.000830
9690 0 0 -0.001152
9695 0 0 -0.001537
9700 0 0 -0.001855
9705 0 0 -0.001958
9710 0 0 -0.001757
9715 0 0 -0.001413
9720 0 0 -0.001152
9725 0 0 -0.001131
9730 0 0 -0.001246
9735 0 0 -0.001324
9740 0 0 -0.001242
9745 0 0 -0.001069
9750 0 0 -0.000922
9755 0 0 -0.000885
9760 0 0 -0.000912
9765 0 0 -0.000922
9770 0 0 -0.000866
9775 0 0 -0.000814
9780 0 0 -0.000866
9785 0 0 -0.001079
9790 0 0 -0.001341
9795 0 0 -0.001498
9800 0 0 -0.001442
9805 0 0 -0.001248
9810 0 0 -0.001036
9815 0 0 -0.000900
9820 0 0 -0.000835
9825 0 0 -0.000806
9830 0 0 -0.000787
9835 0 0 -0.000769
9840 0 0 -0.000748
9845 0 0 -0.000722
9850 0 0 -0.000699
9855 0 0 -0.000690
9860 0 0 -0.000707
9865 0 0 -0.000761
9870 0 0 -0.000864
9875 0 0 -0.001015
9880 0 0 -0.001154
9885 0 0 -0.001208
9890 0 0 -0.001131
9895 0 0 -0.000987
9900 0 0 -0.000864
9905 0 0 -0.000828
9910 0 0 -0.000847
9915 0 0 -0.000864
9920 0 0 -0.000837
9925 0 0 -0.000787
9930 0 0 -0.000750
9935 0 0 -0.000751
9940 0 0 -0.000777
9945 0 0 -0.000806
9950 0 0 -0.000819
9955 0 0 -0.000817
9960 0 0 -0.000806
9965 0 0 -0.000790
9970 0 0 -0.000770
9975 0 0 -0.000750
9980 0 0 -0.000730
9985 0 0 -0.000710
9990 0 0 -0.000692
9995 0 0 -0.000677
10000 0 0 -0.000673
10005 0 0 -0.000692
10010 0 0 -0.000740
10015 0 0 -0.000817
10020 0 0 -0.000920
10025 0 0 -0.001038
10030 0 0 -0.001131
10035 0 0 -0.001152
10040 0 0 -0.001073
10045 0 0 -0.000937
10050 0 0 -0.000804
10055 0 0 -0.000723
10060 0 0 -0.000690
10065 0 0 -0.000692
10070 0 0 -0.000712
10075 0 0 -0.000736
