0 0 0 -0.000170
5 0 0 -0.000203
10 0 0 -0.000222
15 0 0 -0.000230
20 0 0 -0.000229
25 0 0 -0.000222
30 0 0 -0.000210
35 0 0 -0.000197
40 0 0 -0.000188
45 0 0 -0.000190
50 0 0 -0.000207
55 0 0 -0.000231
60 0 0 -0.000250
65 0 0 -0.000257
70 0 0 -0.000255
75 0 0 -0.000250
80 0 0 -0.000247
85 0 0 -0.000245
90 0 0 -0.000240
95 0 0 -0.000230
100 0 0 -0.000217
105 0 0 -0.000200
110 0 0 -0.000183
115 0 0 -0.000173
120 0 0 -0.000180
125 0 0 -0.000207
130 0 0 -0.000238
135 0 0 -0.000250
140 0 0 -0.000230
145 0 0 -0.000192
150 0 0 -0.000160
155 0 0 -0.000152
160 0 0 -0.000168
165 0 0 -0.000200
170 0 0 -0.000242
175 0 0 -0.000281
180 0 0 -0.000300
185 0 0 -0.000292
190 0 0 -0.000274
195 0 0 -0.000270
200 0 0 -0.000295
205 0 0 -0.000331
210 0 0 -0.000350
215 0 0 -0.000333
220 0 0 -0.000298
225 0 0 -0.000270
230 0 0 -0.000270
235 0 0 -0.000288
240 0 0 -0.000310
245 0 0 -0.000322
250 0 0 -0.000319
255 0 0 -0.000300
260 0 0 -0.000267
265 0 0 -0.000244
270 0 0 -0.000260
275 0 0 -0.000331
280 0 0 -0.000426
285 0 0 -0.000500
290 0 0 -0.000520
295 0 0 -0.000486
300 0 0 -0.000410
305 0 0 -0.000311
310 0 0 -0.000238
315 0 0 -0.000250
320 0 0 -0.000379
325 0 0 -0.000552
330 0 0 -0.000670
335 0 0 -0.000661
340 0 0 -0.000563
345 0 0 -0.000440
350 0 0 -0.000344
355 0 0 -0.000275
360 0 0 -0.000220
365 0 0 -0.000169
370 0 0 -0.000128
375 0 0 -0.000110
380 0 0 -0.000119
385 0 0 -0.000137
390 0 0 -0.000140
395 0 0 -0.000112
400 0 0 -0.000072
405 0 0 -0.000050
410 0 0 -0.000065
415 0 0 -0.000100
420 0 0 -0.000130
425 0 0 -0.000136
430 0 0 -0.000122
435 0 0 -0.000100
440 0 0 -0.000081
445 0 0 -0.000072
450 0 0 -0.000080
455 0 0 -0.000108
460 0 0 -0.000138
465 0 0 -0.000150
470 0 0 -0.000129
475 0 0 -0.000092
480 0 0 -0.000060
485 0 0 -0.000052
490 0 0 -0.000068
495 0 0 -0.000100
500 0 0 -0.000141
505 0 0 -0.000174
510 0 0 -0.000180
515 0 0 -0.000150
520 0 0 -0.000106
525 0 0 -0.000080
530 0 0 -0.000094
535 0 0 -0.000130
540 0 0 -0.000160
545 0 0 -0.000165
550 0 0 -0.000155
555 0 0 -0.000150
560 0 0 -0.000163
565 0 0 -0.000188
570 0 0 -0.000210
575 0 0 -0.000220
580 0 0 -0.000216
585 0 0 -0.000200
590 0 0 -0.000175
595 0 0 -0.000154
600 0 0 -0.000150
605 0 0 -0.000172
610 0 0 -0.000204
615 0 0 -0.000220
620 0 0 -0.000207
625 0 0 -0.000184
630 0 0 -0.000180
635 0 0 -0.000214
640 0 0 -0.000267
645 0 0 -0.000310
650 0 0 -0.000321
655 0 0 -0.000306
660 0 0 -0.000280
665 0 0 -0.000256
670 0 0 -0.000243
675 0 0 -0.000250
680 0 0 -0.000280
685 0 0 -0.000315
690 0 0 -0.000330
695 0 0 -0.000309
700 0 0 -0.000268
705 0 0 -0.000230
710 0 0 -0.000216
715 0 0 -0.000237
720 0 0 -0.000300
725 0 0 -0.000402
730 0 0 -0.000500
735 0 0 -0.000540
740 0 0 -0.000488
745 0 0 -0.000389
750 0 0 -0.000310
755 0 0 -0.000297
760 0 0 -0.000325
765 0 0 -0.000350
770 0 0 -0.000341
775 0 0 -0.000312
780 0 0 -0.000290
785 0 0 -0.000295
790 0 0 -0.000317
795 0 0 -0.000340
800 0 0 -0.000351
805 0 0 -0.000345
810 0 0 -0.000320
815 0 0 -0.000278
820 0 0 -0.000234
825 0 0 -0.000210
830 0 0 -0.000218
835 0 0 -0.000242
840 0 0 -0.000260
845 0 0 -0.000258
850 0 0 -0.000256
855 0 0 -0.000280
860 0 0 -0.000346
865 0 0 -0.000419
870 0 0 -0.000450
875 0 0 -0.000408
880 0 0 -0.000327
885 0 0 -0.000260
890 0 0 -0.000243
895 0 0 -0.000255
900 0 0 -0.000260
905 0 0 -0.000231
910 0 0 -0.000185
915 0 0 -0.000150
920 0 0 -0.000145
925 0 0 -0.000163
930 0 0 -0.000190
935 0 0 -0.000213
940 0 0 -0.000233
945 0 0 -0.000250
950 0 0 -0.000266
955 0 0 -0.000272
960 0 0 -0.000260
965 0 0 -0.000227
970 0 0 -0.000196
975 0 0 -0.000200
980 0 0 -0.000258
985 0 0 -0.000343
990 0 0 -0.000420
995 0 0 -0.000459
1000 0 0 -0.000468
1005 0 0 -0.000460
1010 0 0 -0.000450
1015 0 0 -0.000442
1020 0 0 -0.000440
1025 0 0 -0.000445
1030 0 0 -0.000451
1035 0 0 -0.000450
1040 0 0 -0.000437
1045 0 0 -0.000420
1050 0 0 -0.000410
1055 0 0 -0.000413
1060 0 0 -0.000421
1065 0 0 -0.000420
1070 0 0 -0.000402
1075 0 0 -0.000375
1080 0 0 -0.000350
1085 0 0 -0.000341
1090 0 0 -0.000362
1095 0 0 -0.000430
1100 0 0 -0.000548
1105 0 0 -0.000666
1110 0 0 -0.000720
1115 0 0 -0.000668
1120 0 0 -0.000551
1125 0 0 -0.000430
1130 0 0 -0.000354
1135 0 0 -0.000325
1140 0 0 -0.000330
1145 0 0 -0.000358
1150 0 0 -0.000391
1155 0 0 -0.000410
1160 0 0 -0.000403
1165 0 0 -0.000378
1170 0 0 -0.000350
1175 0 0 -0.000332
1180 0 0 -0.000330
1185 0 0 -0.000350
1190 0 0 -0.000394
1195 0 0 -0.000450
1200 0 0 -0.000500
1205 0 0 -0.000532
1210 0 0 -0.000545
1215 0 0 -0.000540
1220 0 0 -0.000521
1225 0 0 -0.000499
1230 0 0 -0.000490
1235 0 0 -0.000502
1240 0 0 -0.000522
1245 0 0 -0.000530
1250 0 0 -0.000514
1255 0 0 -0.000485
1260 0 0 -0.000460
1265 0 0 -0.000451
1270 0 0 -0.000456
1275 0 0 -0.000470
1280 0 0 -0.000486
1285 0 0 -0.000501
1290 0 0 -0.000510
1295 0 0 -0.000510
1300 0 0 -0.000497
1305 0 0 -0.000470
1310 0 0 -0.000429
1315 0 0 -0.000389
1320 0 0 -0.000370
1325 0 0 -0.000383
1330 0 0 -0.000408
1335 0 0 -0.000420
1340 0 0 -0.000400
1345 0 0 -0.000370
1350 0 0 -0.000360
1355 0 0 -0.000391
1360 0 0 -0.000444
1365 0 0 -0.000490
1370 0 0 -0.000507
1375 0 0 -0.000502
1380 0 0 -0.000490
1385 0 0 -0.000483
1390 0 0 -0.000483
1395 0 0 -0.000490
1400 0 0 -0.000506
1405 0 0 -0.000540
1410 0 0 -0.000600
1415 0 0 -0.000687
1420 0 0 -0.000760
1425 0 0 -0.000770
1430 0 0 -0.000687
1435 0 0 -0.000560
1440 0 0 -0.000460
1445 0 0 -0.000439
1450 0 0 -0.000475
1455 0 0 -0.000530
1460 0 0 -0.000571
1465 0 0 -0.000589
1470 0 0 -0.000580
1475 0 0 -0.000547
1480 0 0 -0.000511
1485 0 0 -0.000500
1490 0 0 -0.000532
1495 0 0 -0.000586
1500 0 0 -0.000630
1505 0 0 -0.000642
1510 0 0 -0.000630
1515 0 0 -0.000610
1520 0 0 -0.000595
1525 0 0 -0.000583
1530 0 0 -0.000570
1535 0 0 -0.000553
1540 0 0 -0.000534
1545 0 0 -0.000520
1550 0 0 -0.000513
1555 0 0 -0.000508
1560 0 0 -0.000500
1565 0 0 -0.000484
1570 0 0 -0.000465
1575 0 0 -0.000450
1580 0 0 -0.000445
1585 0 0 -0.000446
1590 0 0 -0.000450
1595 0 0 -0.000452
1600 0 0 -0.000453
1605 0 0 -0.000450
1610 0 0 -0.000444
1615 0 0 -0.000432
1620 0 0 -0.000410
1625 0 0 -0.000378
1630 0 0 -0.000350
1635 0 0 -0.000340
1640 0 0 -0.000359
1645 0 0 -0.000395
1650 0 0 -0.000430
1655 0 0 -0.000449
1660 0 0 -0.000449
1665 0 0 -0.000430
1670 0 0 -0.000396
1675 0 0 -0.000360
1680 0 0 -0.000340
1685 0 0 -0.000348
1690 0 0 -0.000373
1695 0 0 -0.000400
1700 0 0 -0.000417
1705 0 0 -0.000426
1710 0 0 -0.000430
1715 0 0 -0.000435
1720 0 0 -0.000441
1725 0 0 -0.000450
1730 0 0 -0.000461
1735 0 0 -0.000467
1740 0 0 -0.000460
1745 0 0 -0.000435
1750 0 0 -0.000399
1755 0 0 -0.000360
1760 0 0 -0.000326
1765 0 0 -0.000297
1770 0 0 -0.000270
1775 0 0 -0.000245
1780 0 0 -0.000229
1785 0 0 -0.000230
1790 0 0 -0.000252
1795 0 0 -0.000281
1800 0 0 -0.000300
1805 0 0 -0.000296
1810 0 0 -0.000275
1815 0 0 -0.000250
1820 0 0 -0.000231
1825 0 0 -0.000226
1830 0 0 -0.000240
1835 0 0 -0.000274
1840 0 0 -0.000309
1845 0 0 -0.000320
1850 0 0 -0.000292
1855 0 0 -0.000245
1860 0 0 -0.000210
1865 0 0 -0.000208
1870 0 0 -0.000230
1875 0 0 -0.000260
1880 0 0 -0.000284
1885 0 0 -0.000296
1890 0 0 -0.000290
1895 0 0 -0.000266
1900 0 0 -0.000237
1905 0 0 -0.000220
1910 0 0 -0.000227
1915 0 0 -0.000248
1920 0 0 -0.000270
1925 0 0 -0.000280
1930 0 0 -0.000282
1935 0 0 -0.000280
1940 0 0 -0.000279
1945 0 0 -0.000277
1950 0 0 -0.000270
1955 0 0 -0.000258
1960 0 0 -0.000248
1965 0 0 -0.000250
1970 0 0 -0.000271
1975 0 0 -0.000299
1980 0 0 -0.000320
1985 0 0 -0.000322
1990 0 0 -0.000311
1995 0 0 -0.000300
2000 0 0 -0.000297
2005 0 0 -0.000307
2010 0 0 -0.000330
2015 0 0 -0.000365
2020 0 0 -0.000398
2025 0 0 -0.000410
2030 0 0 -0.000391
2035 0 0 -0.000356
2040 0 0 -0.000330
2045 0 0 -0.000329
2050 0 0 -0.000346
2055 0 0 -0.000370
2060 0 0 -0.000390
2065 0 0 -0.000406
2070 0 0 -0.000420
2075 0 0 -0.000431
2080 0 0 -0.000434
2085 0 0 -0.000420
2090 0 0 -0.000388
2095 0 0 -0.000354
2100 0 0 -0.000340
2105 0 0 -0.000361
2110 0 0 -0.000402
2115 0 0 -0.000440
2120 0 0 -0.000458
2125 0 0 -0.000453
2130 0 0 -0.000430
2135 0 0 -0.000395
2140 0 0 -0.000375
2145 0 0 -0.000400
2150 0 0 -0.000485
2155 0 0 -0.000588
2160 0 0 -0.000650
2165 0 0 -0.000632
2170 0 0 -0.000565
2175 0 0 -0.000500
2180 0 0 -0.000476
2185 0 0 -0.000488
2190 0 0 -0.000520
2195 0 0 -0.000557
2200 0 0 -0.000587
2205 0 0 -0.000600
2210 0 0 -0.000589
2215 0 0 -0.000554
2220 0 0 -0.000500
2225 0 0 -0.000436
2230 0 0 -0.000396
2235 0 0 -0.000420
2240 0 0 -0.000527
2245 0 0 -0.000660
2250 0 0 -0.000740
2255 0 0 -0.000714
2260 0 0 -0.000620
2265 0 0 -0.000520
2270 0 0 -0.000462
2275 0 0 -0.000441
2280 0 0 -0.000440
2285 0 0 -0.000444
2290 0 0 -0.000455
2295 0 0 -0.000480
2300 0 0 -0.000518
2305 0 0 -0.000542
2310 0 0 -0.000520
2315 0 0 -0.000444
2320 0 0 -0.000405
2325 0 0 -0.000520
2330 0 0 -0.000855
2335 0 0 -0.001279
2340 0 0 -0.001610
2345 0 0 -0.001712
2350 0 0 -0.001637
2355 0 0 -0.001480
2360 0 0 -0.001323
2365 0 0 -0.001183
2370 0 0 -0.001060
2375 0 0 -0.000952
2380 0 0 -0.000849
2385 0 0 -0.000740
2390 0 0 -0.000619
2395 0 0 -0.000502
2400 0 0 -0.000410
2405 0 0 -0.000359
2410 0 0 -0.000343
2415 0 0 -0.000350
2420 0 0 -0.000369
2425 0 0 -0.000389
2430 0 0 -0.000400
2435 0 0 -0.000398
2440 0 0 -0.000400
2445 0 0 -0.000430
2450 0 0 -0.000500
2455 0 0 -0.000578
2460 0 0 -0.000620
2465 0 0 -0.000602
2470 0 0 -0.000583
2475 0 0 -0.000640
2480 0 0 -0.000817
2485 0 0 -0.001023
2490 0 0 -0.001130
2495 0 0 -0.001054
2500 0 0 -0.000873
2505 0 0 -0.000710
2510 0 0 -0.000654
2515 0 0 -0.000669
2520 0 0 -0.000690
2525 0 0 -0.000667
2530 0 0 -0.000616
2535 0 0 -0.000570
2540 0 0 -0.000553
2545 0 0 -0.000556
2550 0 0 -0.000560
2555 0 0 -0.000551
2560 0 0 -0.000532
2565 0 0 -0.000510
2570 0 0 -0.000493
2575 0 0 -0.000485
2580 0 0 -0.000490
2585 0 0 -0.000510
2590 0 0 -0.000532
2595 0 0 -0.000540
2600 0 0 -0.000527
2605 0 0 -0.000522
2610 0 0 -0.000560
2615 0 0 -0.000661
2620 0 0 -0.000774
2625 0 0 -0.000830
2630 0 0 -0.000782
2635 0 0 -0.000669
2640 0 0 -0.000550
2645 0 0 -0.000476
2650 0 0 -0.000451
2655 0 0 -0.000470
2660 0 0 -0.000524
2665 0 0 -0.000584
2670 0 0 -0.000620
2675 0 0 -0.000609
2680 0 0 -0.000569
2685 0 0 -0.000530
2690 0 0 -0.000513
2695 0 0 -0.000516
2700 0 0 -0.000530
2705 0 0 -0.000547
2710 0 0 -0.000562
2715 0 0 -0.000570
2720 0 0 -0.000568
2725 0 0 -0.000558
2730 0 0 -0.000540
2735 0 0 -0.000518
2740 0 0 -0.000498
2745 0 0 -0.000490
2750 0 0 -0.000499
2755 0 0 -0.000518
2760 0 0 -0.000540
2765 0 0 -0.000556
2770 0 0 -0.000566
2775 0 0 -0.000570
2780 0 0 -0.000569
2785 0 0 -0.000563
2790 0 0 -0.000550
2795 0 0 -0.000530
2800 0 0 -0.000511
2805 0 0 -0.000500
2810 0 0 -0.000503
2815 0 0 -0.000518
2820 0 0 -0.000540
2825 0 0 -0.000563
2830 0 0 -0.000580
2835 0 0 -0.000580
2840 0 0 -0.000558
2845 0 0 -0.000527
2850 0 0 -0.000500
2855 0 0 -0.000491
2860 0 0 -0.000499
2865 0 0 -0.000520
2870 0 0 -0.000549
2875 0 0 -0.000581
2880 0 0 -0.000610
2885 0 0 -0.000629
2890 0 0 -0.000637
2895 0 0 -0.000630
2900 0 0 -0.000608
2905 0 0 -0.000573
2910 0 0 -0.000530
2915 0 0 -0.000485
2920 0 0 -0.000447
2925 0 0 -0.000430
2930 0 0 -0.000440
2935 0 0 -0.000465
2940 0 0 -0.000490
2945 0 0 -0.000501
2950 0 0 -0.000502
2955 0 0 -0.000500
2960 0 0 -0.000500
2965 0 0 -0.000498
2970 0 0 -0.000490
2975 0 0 -0.000472
2980 0 0 -0.000452
2985 0 0 -0.000440
2990 0 0 -0.000443
2995 0 0 -0.000446
3000 0 0 -0.000430
3005 0 0 -0.000384
3010 0 0 -0.000320
3015 0 0 -0.000260
3020 0 0 -0.000219
3025 0 0 -0.000200
3030 0 0 -0.000200
3035 0 0 -0.000216
3040 0 0 -0.000237
3045 0 0 -0.000250
3050 0 0 -0.000246
3055 0 0 -0.000231
3060 0 0 -0.000210
3065 0 0 -0.000192
3070 0 0 -0.000184
3075 0 0 -0.000190
3080 0 0 -0.000213
3085 0 0 -0.000239
3090 0 0 -0.000250
3095 0 0 -0.000233
3100 0 0 -0.000203
3105 0 0 -0.000180
3110 0 0 -0.000178
3115 0 0 -0.000189
3120 0 0 -0.000200
3125 0 0 -0.000199
3130 0 0 -0.000185
3135 0 0 -0.000160
3140 0 0 -0.000127
3145 0 0 -0.000096
3150 0 0 -0.000080
3155 0 0 -0.000088
3160 0 0 -0.000109
3165 0 0 -0.000130
3170 0 0 -0.000139
3175 0 0 -0.000135
3180 0 0 -0.000120
3185 0 0 -0.000098
3190 0 0 -0.000080
3195 0 0 -0.000080
3200 0 0 -0.000106
3205 0 0 -0.000141
3210 0 0 -0.000160
3215 0 0 -0.000147
3220 0 0 -0.000116
3225 0 0 -0.000090
3230 0 0 -0.000086
3235 0 0 -0.000100
3240 0 0 -0.000120
3245 0 0 -0.000138
3250 0 0 -0.000146
3255 0 0 -0.000140
3260 0 0 -0.000117
3265 0 0 -0.000091
3270 0 0 -0.000080
3275 0 0 -0.000094
3280 0 0 -0.000121
3285 0 0 -0.000140
3290 0 0 -0.000137
3295 0 0 -0.000120
3300 0 0 -0.000100
3305 0 0 -0.000089
3310 0 0 -0.000091
3315 0 0 -0.000110
3320 0 0 -0.000144
3325 0 0 -0.000178
3330 0 0 -0.000190
3335 0 0 -0.000168
3340 0 0 -0.000132
3345 0 0 -0.000110
3350 0 0 -0.000121
3355 0 0 -0.000149
3360 0 0 -0.000170
3365 0 0 -0.000166
3370 0 0 -0.000150
3375 0 0 -0.000140
3380 0 0 -0.000151
3385 0 0 -0.000178
3390 0 0 -0.000210
3395 0 0 -0.000241
3400 0 0 -0.000270
3405 0 0 -0.000300
3410 0 0 -0.000335
3415 0 0 -0.000385
3420 0 0 -0.000460
3425 0 0 -0.000560
3430 0 0 -0.000647
3435 0 0 -0.000670
3440 0 0 -0.000599
3445 0 0 -0.000479
3450 0 0 -0.000370
3455 0 0 -0.000321
3460 0 0 -0.000320
3465 0 0 -0.000340
3470 0 0 -0.000359
3475 0 0 -0.000373
3480 0 0 -0.000380
3485 0 0 -0.000381
3490 0 0 -0.000379
3495 0 0 -0.000380
3500 0 0 -0.000388
3505 0 0 -0.000405
3510 0 0 -0.000430
3515 0 0 -0.000464
3520 0 0 -0.000505
3525 0 0 -0.000550
3530 0 0 -0.000596
3535 0 0 -0.000631
3540 0 0 -0.000640
3545 0 0 -0.000617
3550 0 0 -0.000584
3555 0 0 -0.000570
3560 0 0 -0.000606
3565 0 0 -0.000734
3570 0 0 -0.001000
3575 0 0 -0.001419
3580 0 0 -0.001884
3585 0 0 -0.002260
3590 0 0 -0.002442
3595 0 0 -0.002455
3600 0 0 -0.002360
3605 0 0 -0.002213
3610 0 0 -0.002069
3615 0 0 -0.001980
3620 0 0 -0.001976
3625 0 0 -0.001996
3630 0 0 -0.001960
3635 0 0 -0.001803
3640 0 0 -0.001539
3645 0 0 -0.001200
3650 0 0 -0.000830
3655 0 0 -0.000517
3660 0 0 -0.000360
3665 0 0 -0.000418
3670 0 0 -0.000587
3675 0 0 -0.000720
3680 0 0 -0.000714
3685 0 0 -0.000632
3690 0 0 -0.000580
3695 0 0 -0.000642
3700 0 0 -0.000811
3705 0 0 -0.001060
3710 0 0 -0.001350
3715 0 0 -0.001605
3720 0 0 -0.001740
3725 0 0 -0.001703
3730 0 0 -0.001582
3735 0 0 -0.001500
3740 0 0 -0.001534
3745 0 0 -0.001580
3750 0 0 -0.001490
3755 0 0 -0.001167
3760 0 0 -0.000718
3765 0 0 -0.000300
3770 0 0 -0.000050
3775 0 0 -0.000012
3780 0 0 -0.000210
3785 0 0 -0.000625
3790 0 0 -0.001068
3795 0 0 -0.001310
3800 0 0 -0.001203
3805 0 0 -0.000936
3810 0 0 -0.000780
3815 0 0 -0.000925
3820 0 0 -0.001232
3825 0 0 -0.001480
3830 0 0 -0.001504
3835 0 0 -0.001370
3840 0 0 -0.001200
3845 0 0 -0.001099
3850 0 0 -0.001098
3855 0 0 -0.001210
3860 0 0 -0.001430
3865 0 0 -0.001681
3870 0 0 -0.001870
3875 0 0 -0.001928
3880 0 0 -0.001893
3885 0 0 -0.001830
3890 0 0 -0.001791
3895 0 0 -0.001780
3900 0 0 -0.001790
3905 0 0 -0.001808
3910 0 0 -0.001804
3915 0 0 -0.001740
3920 0 0 -0.001592
3925 0 0 -0.001376
3930 0 0 -0.001120
3935 0 0 -0.000853
3940 0 0 -0.000618
3945 0 0 -0.000460
3950 0 0 -0.000407
3955 0 0 -0.000419
3960 0 0 -0.000440
3965 0 0 -0.000428
3970 0 0 -0.000393
3975 0 0 -0.000360
3980 0 0 -0.000347
3985 0 0 -0.000353
3990 0 0 -0.000370
3995 0 0 -0.000392
4000 0 0 -0.000411
4005 0 0 -0.000420
4010 0 0 -0.000415
4015 0 0 -0.000400
4020 0 0 -0.000380
4025 0 0 -0.000362
4030 0 0 -0.000354
4035 0 0 -0.000360
4040 0 0 -0.000384
4045 0 0 -0.000408
4050 0 0 -0.000410
4055 0 0 -0.000377
4060 0 0 -0.000325
4065 0 0 -0.000280
4070 0 0 -0.000260
4075 0 0 -0.000262
4080 0 0 -0.000280
4085 0 0 -0.000304
4090 0 0 -0.000325
4095 0 0 -0.000330
4100 0 0 -0.000313
4105 0 0 -0.000285
4110 0 0 -0.000260
4115 0 0 -0.000251
4120 0 0 -0.000259
4125 0 0 -0.000280
4130 0 0 -0.000311
4135 0 0 -0.000336
4140 0 0 -0.000340
4145 0 0 -0.000313
4150 0 0 -0.000274
4155 0 0 -0.000250
4160 0 0 -0.000258
4165 0 0 -0.000283
4170 0 0 -0.000300
4175 0 0 -0.000294
4180 0 0 -0.000288
4185 0 0 -0.000310
4190 0 0 -0.000381
4195 0 0 -0.000476
4200 0 0 -0.000560
4205 0 0 -0.000606
4210 0 0 -0.000624
4215 0 0 -0.000630
4220 0 0 -0.000639
4225 0 0 -0.000642
4230 0 0 -0.000630
4235 0 0 -0.000597
4240 0 0 -0.000572
4245 0 0 -0.000590
4250 0 0 -0.000670
4255 0 0 -0.000767
4260 0 0 -0.000820
4265 0 0 -0.000787
4270 0 0 -0.000704
4275 0 0 -0.000630
4280 0 0 -0.000605
4285 0 0 -0.000610
4290 0 0 -0.000610
4295 0 0 -0.000581
4300 0 0 -0.000546
4305 0 0 -0.000540
4310 0 0 -0.000586
4315 0 0 -0.000656
4320 0 0 -0.000710
4325 0 0 -0.000722
4330 0 0 -0.000724
4335 0 0 -0.000760
4340 0 0 -0.000869
4345 0 0 -0.001054
4350 0 0 -0.001310
4355 0 0 -0.001621
4360 0 0 -0.001923
4365 0 0 -0.002140
4370 0 0 -0.002218
4375 0 0 -0.002197
4380 0 0 -0.002140
4385 0 0 -0.002099
4390 0 0 -0.002080
4395 0 0 -0.002080
4400 0 0 -0.002088
4405 0 0 -0.002070
4410 0 0 -0.001990
4415 0 0 -0.001820
4420 0 0 -0.001585
4425 0 0 -0.001320
4430 0 0 -0.001058
4435 0 0 -0.000818
4440 0 0 -0.000620
4445 0 0 -0.000475
4450 0 0 -0.000376
4455 0 0 -0.000310
4460 0 0 -0.000267
4465 0 0 -0.000241
4470 0 0 -0.000230
4475 0 0 -0.000229
4480 0 0 -0.000237
4485 0 0 -0.000250
4490 0 0 -0.000267
4495 0 0 -0.000285
4500 0 0 -0.000300
4505 0 0 -0.000308
4510 0 0 -0.000301
4515 0 0 -0.000270
4520 0 0 -0.000212
4525 0 0 -0.000152
4530 0 0 -0.000120
4535 0 0 -0.000137
4540 0 0 -0.000182
4545 0 0 -0.000220
4550 0 0 -0.000227
4555 0 0 -0.000210
4560 0 0 -0.000180
4565 0 0 -0.000151
4570 0 0 -0.000132
4575 0 0 -0.000130
4580 0 0 -0.000149
4585 0 0 -0.000178
4590 0 0 -0.000200
4595 0 0 -0.000204
4600 0 0 -0.000192
4605 0 0 -0.000170
4610 0 0 -0.000146
4615 0 0 -0.000129
4620 0 0 -0.000130
4625 0 0 -0.000156
4630 0 0 -0.000189
4635 0 0 -0.000210
4640 0 0 -0.000203
4645 0 0 -0.000177
4650 0 0 -0.000150
4655 0 0 -0.000135
4660 0 0 -0.000134
4665 0 0 -0.000150
4670 0 0 -0.000179
4675 0 0 -0.000205
4680 0 0 -0.000210
4685 0 0 -0.000183
4690 0 0 -0.000144
4695 0 0 -0.000120
4700 0 0 -0.000130
4705 0 0 -0.000161
4710 0 0 -0.000190
4715 0 0 -0.000200
4720 0 0 -0.000192
4725 0 0 -0.000170
4730 0 0 -0.000141
4735 0 0 -0.000119
4740 0 0 -0.000120
4745 0 0 -0.000152
4750 0 0 -0.000195
4755 0 0 -0.000220
4760 0 0 -0.000209
4765 0 0 -0.000174
4770 0 0 -0.000140
4775 0 0 -0.000125
4780 0 0 -0.000137
4785 0 0 -0.000180
4790 0 0 -0.000252
4795 0 0 -0.000327
4800 0 0 -0.000370
4805 0 0 -0.000360
4810 0 0 -0.000324
4815 0 0 -0.000300
4820 0 0 -0.000316
4825 0 0 -0.000352
4830 0 0 -0.000380
4835 0 0 -0.000377
4840 0 0 -0.000357
4845 0 0 -0.000340
4850 0 0 -0.000343
4855 0 0 -0.000361
4860 0 0 -0.000380
4865 0 0 -0.000392
4870 0 0 -0.000392
4875 0 0 -0.000380
4880 0 0 -0.000358
4885 0 0 -0.000347
4890 0 0 -0.000370
4895 0 0 -0.000440
4900 0 0 -0.000517
4905 0 0 -0.000550
4910 0 0 -0.000505
4915 0 0 -0.000415
4920 0 0 -0.000330
4925 0 0 -0.000290
4930 0 0 -0.000289
4935 0 0 -0.000310
4940 0 0 -0.000337
4945 0 0 -0.000362
4950 0 0 -0.000380
4955 0 0 -0.000390
4960 0 0 -0.000407
4965 0 0 -0.000450
4970 0 0 -0.000526
4975 0 0 -0.000599
4980 0 0 -0.000620
4985 0 0 -0.000558
4990 0 0 -0.000455
4995 0 0 -0.000370
5000 0 0 -0.000346
5005 0 0 -0.000361
5010 0 0 -0.000380
5015 0 0 -0.000373
5020 0 0 -0.000348
5025 0 0 -0.000320
5030 0 0 -0.000303
5035 0 0 -0.000299
5040 0 0 -0.000310
5045 0 0 -0.000334
5050 0 0 -0.000359
5055 0 0 -0.000370
5060 0 0 -0.000366
5065 0 0 -0.000397
5070 0 0 -0.000530
5075 0 0 -0.000802
5080 0 0 -0.001147
5085 0 0 -0.001470
5090 0 0 -0.001695
5095 0 0 -0.001810
5100 0 0 -0.001820
5105 0 0 -0.001734
5110 0 0 -0.001575
5115 0 0 -0.001370
5120 0 0 -0.001152
5125 0 0 -0.000967
5130 0 0 -0.000870
5135 0 0 -0.000887
5140 0 0 -0.000949
5145 0 0 -0.000960
5150 0 0 -0.000855
5155 0 0 -0.000683
5160 0 0 -0.000520
5165 0 0 -0.000426
5170 0 0 -0.000389
5175 0 0 -0.000380
5180 0 0 -0.000375
5185 0 0 -0.000376
5190 0 0 -0.000390
5195 0 0 -0.000420
5200 0 0 -0.000450
5205 0 0 -0.000460
5210 0 0 -0.000438
5215 0 0 -0.000400
5220 0 0 -0.000370
5225 0 0 -0.000365
5230 0 0 -0.000381
5235 0 0 -0.000410
5240 0 0 -0.000442
5245 0 0 -0.000471
5250 0 0 -0.000490
5255 0 0 -0.000496
5260 0 0 -0.000493
5265 0 0 -0.000490
5270 0 0 -0.000492
5275 0 0 -0.000497
5280 0 0 -0.000500
5285 0 0 -0.000498
5290 0 0 -0.000493
5295 0 0 -0.000490
5300 0 0 -0.000492
5305 0 0 -0.000494
5310 0 0 -0.000490
5315 0 0 -0.000476
5320 0 0 -0.000465
5325 0 0 -0.000470
5330 0 0 -0.000501
5335 0 0 -0.000541
5340 0 0 -0.000570
5345 0 0 -0.000572
5350 0 0 -0.000556
5355 0 0 -0.000540
5360 0 0 -0.000536
5365 0 0 -0.000541
5370 0 0 -0.000550
5375 0 0 -0.000557
5380 0 0 -0.000555
5385 0 0 -0.000540
5390 0 0 -0.000510
5395 0 0 -0.000485
5400 0 0 -0.000490
5405 0 0 -0.000539
5410 0 0 -0.000609
5415 0 0 -0.000670
5420 0 0 -0.000695
5425 0 0 -0.000686
5430 0 0 -0.000650
5435 0 0 -0.000597
5440 0 0 -0.000547
5445 0 0 -0.000520
5450 0 0 -0.000530
5455 0 0 -0.000559
5460 0 0 -0.000580
5465 0 0 -0.000575
5470 0 0 -0.000550
5475 0 0 -0.000520
5480 0 0 -0.000498
5485 0 0 -0.000489
5490 0 0 -0.000500
5495 0 0 -0.000530
5500 0 0 -0.000561
5505 0 0 -0.000570
5510 0 0 -0.000542
5515 0 0 -0.000496
5520 0 0 -0.000460
5525 0 0 -0.000455
5530 0 0 -0.000473
5535 0 0 -0.000500
5540 0 0 -0.000522
5545 0 0 -0.000533
5550 0 0 -0.000530
5555 0 0 -0.000511
5560 0 0 -0.000487
5565 0 0 -0.000470
5570 0 0 -0.000469
5575 0 0 -0.000476
5580 0 0 -0.000480
5585 0 0 -0.000471
5590 0 0 -0.000452
5595 0 0 -0.000430
5600 0 0 -0.000412
5605 0 0 -0.000405
5610 0 0 -0.000420
5615 0 0 -0.000459
5620 0 0 -0.000501
5625 0 0 -0.000520
5630 0 0 -0.000497
5635 0 0 -0.000454
5640 0 0 -0.000420
5645 0 0 -0.000417
5650 0 0 -0.000436
5655 0 0 -0.000460
5660 0 0 -0.000474
5665 0 0 -0.000474
5670 0 0 -0.000460
5675 0 0 -0.000436
5680 0 0 -0.000426
5685 0 0 -0.000460
5690 0 0 -0.000555
5695 0 0 -0.000676
5700 0 0 -0.000780
5705 0 0 -0.000832
5710 0 0 -0.000849
5715 0 0 -0.000860
5720 0 0 -0.000888
5725 0 0 -0.000928
5730 0 0 -0.000970
5735 0 0 -0.001002
5740 0 0 -0.001016
5745 0 0 -0.001000
5750 0 0 -0.000952
5755 0 0 -0.000896
5760 0 0 -0.000860
5765 0 0 -0.000874
5770 0 0 -0.000963
5775 0 0 -0.001150
5780 0 0 -0.001437
5785 0 0 -0.001739
5790 0 0 -0.001950
5795 0 0 -0.001988
5800 0 0 -0.001870
5805 0 0 -0.001640
5810 0 0 -0.001343
5815 0 0 -0.001036
5820 0 0 -0.000780
5825 0 0 -0.000619
5830 0 0 -0.000527
5835 0 0 -0.000460
5840 0 0 -0.000385
5845 0 0 -0.000312
5850 0 0 -0.000260
5855 0 0 -0.000242
5860 0 0 -0.000248
5865 0 0 -0.000260
5870 0 0 -0.000266
5875 0 0 -0.000262
5880 0 0 -0.000250
5885 0 0 -0.000231
5890 0 0 -0.000209
5895 0 0 -0.000190
5900 0 0 -0.000177
5905 0 0 -0.000170
5910 0 0 -0.000170
5915 0 0 -0.000173
5920 0 0 -0.000173
5925 0 0 -0.000160
5930 0 0 -0.000130
5935 0 0 -0.000097
5940 0 0 -0.000080
5945 0 0 -0.000092
5950 0 0 -0.000122
5955 0 0 -0.000150
5960 0 0 -0.000162
5965 0 0 -0.000158
5970 0 0 -0.000140
5975 0 0 -0.000113
5980 0 0 -0.000090
5985 0 0 -0.000090
5990 0 0 -0.000120
5995 0 0 -0.000160
6000 0 0 -0.000180
6005 0 0 -0.000161
6010 0 0 -0.000122
6015 0 0 -0.000090
6020 0 0 -0.000086
6025 0 0 -0.000103
6030 0 0 -0.000130
6035 0 0 -0.000154
6040 0 0 -0.000167
6045 0 0 -0.000160
6050 0 0 -0.000130
6055 0 0 -0.000095
6060 0 0 -0.000080
6065 0 0 -0.000099
6070 0 0 -0.000135
6075 0 0 -0.000160
6080 0 0 -0.000155
6085 0 0 -0.000132
6090 0 0 -0.000110
6095 0 0 -0.000103
6100 0 0 -0.000109
6105 0 0 -0.000120
6110 0 0 -0.000131
6115 0 0 -0.000135
6120 0 0 -0.000130
6125 0 0 -0.000113
6130 0 0 -0.000098
6135 0 0 -0.000100
6140 0 0 -0.000128
6145 0 0 -0.000163
6150 0 0 -0.000180
6155 0 0 -0.000162
6160 0 0 -0.000126
6165 0 0 -0.000100
6170 0 0 -0.000104
6175 0 0 -0.000131
6180 0 0 -0.000170
6185 0 0 -0.000208
6190 0 0 -0.000230
6195 0 0 -0.000220
6200 0 0 -0.000177
6205 0 0 -0.000149
6210 0 0 -0.000200
6215 0 0 -0.000363
6220 0 0 -0.000559
6225 0 0 -0.000680
6230 0 0 -0.000652
6235 0 0 -0.000534
6240 0 0 -0.000420
6245 0 0 -0.000383
6250 0 0 -0.000410
6255 0 0 -0.000470
6260 0 0 -0.000532
6265 0 0 -0.000575
6270 0 0 -0.000580
6275 0 0 -0.000538
6280 0 0 -0.000473
6285 0 0 -0.000420
6290 0 0 -0.000403
6295 0 0 -0.000410
6300 0 0 -0.000420
6305 0 0 -0.000417
6310 0 0 -0.000404
6315 0 0 -0.000390
6320 0 0 -0.000380
6325 0 0 -0.000377
6330 0 0 -0.000380
6335 0 0 -0.000387
6340 0 0 -0.000391
6345 0 0 -0.000380
6350 0 0 -0.000349
6355 0 0 -0.000307
6360 0 0 -0.000270
6365 0 0 -0.000248
6370 0 0 -0.000242
6375 0 0 -0.000250
6380 0 0 -0.000267
6385 0 0 -0.000282
6390 0 0 -0.000280
6395 0 0 -0.000253
6400 0 0 -0.000219
6405 0 0 -0.000200
6410 0 0 -0.000212
6415 0 0 -0.000243
6420 0 0 -0.000270
6425 0 0 -0.000278
6430 0 0 -0.000269
6435 0 0 -0.000250
6440 0 0 -0.000228
6445 0 0 -0.000214
6450 0 0 -0.000220
6455 0 0 -0.000251
6460 0 0 -0.000287
6465 0 0 -0.000300
6470 0 0 -0.000274
6475 0 0 -0.000231
6480 0 0 -0.000200
6485 0 0 -0.000205
6490 0 0 -0.000232
6495 0 0 -0.000260
6500 0 0 -0.000271
6505 0 0 -0.000266
6510 0 0 -0.000250
6515 0 0 -0.000229
6520 0 0 -0.000215
6525 0 0 -0.000220
6530 0 0 -0.000251
6535 0 0 -0.000286
6540 0 0 -0.000300
6545 0 0 -0.000275
6550 0 0 -0.000231
6555 0 0 -0.000200
6560 0 0 -0.000204
6565 0 0 -0.000230
6570 0 0 -0.000260
6575 0 0 -0.000276
6580 0 0 -0.000276
6585 0 0 -0.000260
6590 0 0 -0.000232
6595 0 0 -0.000209
6600 0 0 -0.000210
6605 0 0 -0.000247
6610 0 0 -0.000292
6615 0 0 -0.000310
6620 0 0 -0.000278
6625 0 0 -0.000227
6630 0 0 -0.000200
6635 0 0 -0.000229
6640 0 0 -0.000291
6645 0 0 -0.000350
6650 0 0 -0.000377
6655 0 0 -0.000377
6660 0 0 -0.000360
6665 0 0 -0.000338
6670 0 0 -0.000321
6675 0 0 -0.000320
6680 0 0 -0.000340
6685 0 0 -0.000367
6690 0 0 -0.000380
6695 0 0 -0.000374
6700 0 0 -0.000397
6705 0 0 -0.000510
6710 0 0 -0.000742
6715 0 0 -0.000995
6720 0 0 -0.001140
6725 0 0 -0.001089
6730 0 0 -0.000916
6735 0 0 -0.000740
6740 0 0 -0.000646
6745 0 0 -0.000603
6750 0 0 -0.000550
6755 0 0 -0.000452
6760 0 0 -0.000387
6765 0 0 -0.000460
6770 0 0 -0.000725
6775 0 0 -0.001032
6780 0 0 -0.001180
6785 0 0 -0.001037
6790 0 0 -0.000745
6795 0 0 -0.000510
6800 0 0 -0.000490
6805 0 0 -0.000629
6810 0 0 -0.000820
6815 0 0 -0.000974
6820 0 0 -0.001073
6825 0 0 -0.001120
6830 0 0 -0.001116
6835 0 0 -0.001065
6840 0 0 -0.000970
6845 0 0 -0.000838
6850 0 0 -0.000695
6855 0 0 -0.000570
6860 0 0 -0.000486
6865 0 0 -0.000439
6870 0 0 -0.000420
6875 0 0 -0.000418
6880 0 0 -0.000415
6885 0 0 -0.000390
6890 0 0 -0.000335
6895 0 0 -0.000287
6900 0 0 -0.000290
6905 0 0 -0.000374
6910 0 0 -0.000495
6915 0 0 -0.000590
6920 0 0 -0.000613
6925 0 0 -0.000584
6930 0 0 -0.000540
6935 0 0 -0.000511
6940 0 0 -0.000499
6945 0 0 -0.000500
6950 0 0 -0.000508
6955 0 0 -0.000515
6960 0 0 -0.000510
6965 0 0 -0.000489
6970 0 0 -0.000466
6975 0 0 -0.000460
6980 0 0 -0.000482
6985 0 0 -0.000515
6990 0 0 -0.000530
6995 0 0 -0.000511
7000 0 0 -0.000473
7005 0 0 -0.000440
7010 0 0 -0.000431
7015 0 0 -0.000438
7020 0 0 -0.000450
7025 0 0 -0.000456
7030 0 0 -0.000456
7035 0 0 -0.000450
7040 0 0 -0.000440
7045 0 0 -0.000424
7050 0 0 -0.000400
7055 0 0 -0.000368
7060 0 0 -0.000340
7065 0 0 -0.000330
7070 0 0 -0.000347
7075 0 0 -0.000381
7080 0 0 -0.000420
7085 0 0 -0.000452
7090 0 0 -0.000472
7095 0 0 -0.000480
7100 0 0 -0.000474
7105 0 0 -0.000464
7110 0 0 -0.000460
7115 0 0 -0.000470
7120 0 0 -0.000489
7125 0 0 -0.000510
7130 0 0 -0.000528
7135 0 0 -0.000547
7140 0 0 -0.000570
7145 0 0 -0.000597
7150 0 0 -0.000604
7155 0 0 -0.000560
7160 0 0 -0.000460
7165 0 0 -0.000400
7170 0 0 -0.000500
7175 0 0 -0.000824
7180 0 0 -0.001205
7185 0 0 -0.001420
7190 0 0 -0.001316
7195 0 0 -0.001017
7200 0 0 -0.000720
7205 0 0 -0.000574
7210 0 0 -0.000555
7215 0 0 -0.000590
7220 0 0 -0.000619
7225 0 0 -0.000618
7230 0 0 -0.000570
7235 0 0 -0.000471
7240 0 0 -0.000358
7245 0 0 -0.000280
7250 0 0 -0.000270
7255 0 0 -0.000304
7260 0 0 -0.000340
7265 0 0 -0.000349
7270 0 0 -0.000336
7275 0 0 -0.000320
7280 0 0 -0.000312
7285 0 0 -0.000314
7290 0 0 -0.000320
7295 0 0 -0.000327
7300 0 0 -0.000324
7305 0 0 -0.000300
7310 0 0 -0.000250
7315 0 0 -0.000192
7320 0 0 -0.000150
7325 0 0 -0.000141
7330 0 0 -0.000159
7335 0 0 -0.000190
7340 0 0 -0.000222
7345 0 0 -0.000242
7350 0 0 -0.000240
7355 0 0 -0.000210
7360 0 0 -0.000169
7365 0 0 -0.000140
7370 0 0 -0.000141
7375 0 0 -0.000162
7380 0 0 -0.000190
7385 0 0 -0.000212
7390 0 0 -0.000220
7395 0 0 -0.000210
7400 0 0 -0.000181
7405 0 0 -0.000150
7410 0 0 -0.000140
7415 0 0 -0.000164
7420 0 0 -0.000203
7425 0 0 -0.000230
7430 0 0 -0.000226
7435 0 0 -0.000198
7440 0 0 -0.000160
7445 0 0 -0.000129
7450 0 0 -0.000130
7455 0 0 -0.000190
7460 0 0 -0.000320
7465 0 0 -0.000462
7470 0 0 -0.000540
7475 0 0 -0.000506
7480 0 0 -0.000413
7485 0 0 -0.000340
7490 0 0 -0.000345
7495 0 0 -0.000391
7500 0 0 -0.000420
7505 0 0 -0.000389
7510 0 0 -0.000317
7515 0 0 -0.000240
7520 0 0 -0.000187
7525 0 0 -0.000163
7530 0 0 -0.000170
7535 0 0 -0.000203
7540 0 0 -0.000241
7545 0 0 -0.000260
7550 0 0 -0.000244
7555 0 0 -0.000206
7560 0 0 -0.000170
7565 0 0 -0.000153
7570 0 0 -0.000156
7575 0 0 -0.000180
7580 0 0 -0.000219
7585 0 0 -0.000258
7590 0 0 -0.000280
7595 0 0 -0.000273
7600 0 0 -0.000255
7605 0 0 -0.000250
7610 0 0 -0.000274
7615 0 0 -0.000309
7620 0 0 -0.000330
7625 0 0 -0.000319
7630 0 0 -0.000289
7635 0 0 -0.000260
7640 0 0 -0.000249
7645 0 0 -0.000254
7650 0 0 -0.000270
7655 0 0 -0.000290
7660 0 0 -0.000304
7665 0 0 -0.000300
7670 0 0 -0.000273
7675 0 0 -0.000241
7680 0 0 -0.000230
7685 0 0 -0.000256
7690 0 0 -0.000307
7695 0 0 -0.000360
7700 0 0 -0.000398
7705 0 0 -0.000418
7710 0 0 -0.000420
7715 0 0 -0.000407
7720 0 0 -0.000386
7725 0 0 -0.000370
7730 0 0 -0.000364
7735 0 0 -0.000361
7740 0 0 -0.000350
7745 0 0 -0.000322
7750 0 0 -0.000286
7755 0 0 -0.000250
7760 0 0 -0.000225
7765 0 0 -0.000211
7770 0 0 -0.000210
7775 0 0 -0.000220
7780 0 0 -0.000239
7785 0 0 -0.000260
7790 0 0 -0.000280
7795 0 0 -0.000294
7800 0 0 -0.000300
7805 0 0 -0.000295
7810 0 0 -0.000286
7815 0 0 -0.000280
7820 0 0 -0.000283
7825 0 0 -0.000286
7830 0 0 -0.000280
7835 0 0 -0.000256
7840 0 0 -0.000220
7845 0 0 -0.000180
7850 0 0 -0.000146
7855 0 0 -0.000139
7860 0 0 -0.000180
7865 0 0 -0.000274
7870 0 0 -0.000361
7875 0 0 -0.000360
7880 0 0 -0.000239
7885 0 0 -0.000142
7890 0 0 -0.000260
7895 0 0 -0.000700
7900 0 0 -0.001247
7905 0 0 -0.001600
7910 0 0 -0.001552
7915 0 0 -0.001252
7920 0 0 -0.000940
7925 0 0 -0.000801
7930 0 0 -0.000808
7935 0 0 -0.000880
7940 0 0 -0.000942
7945 0 0 -0.000946
7950 0 0 -0.000850
7955 0 0 -0.000638
7960 0 0 -0.000389
7965 0 0 -0.000210
7970 0 0 -0.000174
7975 0 0 -0.000228
7980 0 0 -0.000290
7985 0 0 -0.000295
7990 0 0 -0.000260
7995 0 0 -0.000220
8000 0 0 -0.000204
8005 0 0 -0.000210
8010 0 0 -0.000230
8015 0 0 -0.000255
8020 0 0 -0.000278
8025 0 0 -0.000290
8030 0 0 -0.000287
8035 0 0 -0.000277
8040 0 0 -0.000270
8045 0 0 -0.000275
8050 0 0 -0.000294
8055 0 0 -0.000330
8060 0 0 -0.000380
8065 0 0 -0.000424
8070 0 0 -0.000440
8075 0 0 -0.000414
8080 0 0 -0.000370
8085 0 0 -0.000340
8090 0 0 -0.000348
8095 0 0 -0.000379
8100 0 0 -0.000410
8105 0 0 -0.000424
8110 0 0 -0.000426
8115 0 0 -0.000430
8120 0 0 -0.000444
8125 0 0 -0.000458
8130 0 0 -0.000460
8135 0 0 -0.000441
8140 0 0 -0.000417
8145 0 0 -0.000410
8150 0 0 -0.000433
8155 0 0 -0.000474
8160 0 0 -0.000510
8165 0 0 -0.000527
8170 0 0 -0.000530
8175 0 0 -0.000530
8180 0 0 -0.000535
8185 0 0 -0.000536
8190 0 0 -0.000520
8195 0 0 -0.000484
8200 0 0 -0.000467
8205 0 0 -0.000520
8210 0 0 -0.000681
8215 0 0 -0.000936
8220 0 0 -0.001260
8225 0 0 -0.001608
8230 0 0 -0.001856
8235 0 0 -0.001860
8240 0 0 -0.001538
8245 0 0 -0.001055
8250 0 0 -0.000640
8255 0 0 -0.000462
8260 0 0 -0.000459
8265 0 0 -0.000510
8270 0 0 -0.000522
8275 0 0 -0.000501
8280 0 0 -0.000480
8285 0 0 -0.000483
8290 0 0 -0.000494
8295 0 0 -0.000490
8300 0 0 -0.000454
8305 0 0 -0.000402
8310 0 0 -0.000360
8315 0 0 -0.000347
8320 0 0 -0.000363
8325 0 0 -0.000400
8330 0 0 -0.000452
8335 0 0 -0.000509
8340 0 0 -0.000560
8345 0 0 -0.000596
8350 0 0 -0.000621
8355 0 0 -0.000640
8360 0 0 -0.000656
8365 0 0 -0.000663
8370 0 0 -0.000650
8375 0 0 -0.000615
8380 0 0 -0.000579
8385 0 0 -0.000570
8390 0 0 -0.000604
8395 0 0 -0.000654
8400 0 0 -0.000680
8405 0 0 -0.000656
8410 0 0 -0.000602
8415 0 0 -0.000550
8420 0 0 -0.000525
8425 0 0 -0.000530
8430 0 0 -0.000560
8435 0 0 -0.000606
8440 0 0 -0.000641
8445 0 0 -0.000630
8450 0 0 -0.000565
8455 0 0 -0.000529
8460 0 0 -0.000630
8465 0 0 -0.000926
8470 0 0 -0.001284
8475 0 0 -0.001520
8480 0 0 -0.001508
8485 0 0 -0.001346
8490 0 0 -0.001190
8495 0 0 -0.001157
8500 0 0 -0.001222
8505 0 0 -0.001320
8510 0 0 -0.001395
8515 0 0 -0.001409
8520 0 0 -0.001330
8525 0 0 -0.001144
8530 0 0 -0.000912
8535 0 0 -0.000710
8540 0 0 -0.000599
8545 0 0 -0.000566
8550 0 0 -0.000580
8555 0 0 -0.000612
8560 0 0 -0.000642
8565 0 0 -0.000650
8570 0 0 -0.000626
8575 0 0 -0.000595
8580 0 0 -0.000590
8585 0 0 -0.000633
8590 0 0 -0.000694
8595 0 0 -0.000730
8600 0 0 -0.000712
8605 0 0 -0.000658
8610 0 0 -0.000600
8615 0 0 -0.000563
8620 0 0 -0.000545
8625 0 0 -0.000540
8630 0 0 -0.000541
8635 0 0 -0.000545
8640 0 0 -0.000550
8645 0 0 -0.000556
8650 0 0 -0.000565
8655 0 0 -0.000580
8660 0 0 -0.000602
8665 0 0 -0.000625
8670 0 0 -0.000640
8675 0 0 -0.000640
8680 0 0 -0.000618
8685 0 0 -0.000570
8690 0 0 -0.000495
8695 0 0 -0.000413
8700 0 0 -0.000350
8705 0 0 -0.000323
8710 0 0 -0.000323
8715 0 0 -0.000330
8720 0 0 -0.000330
8725 0 0 -0.000318
8730 0 0 -0.000290
8735 0 0 -0.000246
8740 0 0 -0.000201
8745 0 0 -0.000170
8750 0 0 -0.000165
8755 0 0 -0.000174
8760 0 0 -0.000180
8765 0 0 -0.000169
8770 0 0 -0.000147
8775 0 0 -0.000120
8780 0 0 -0.000098
8785 0 0 -0.000086
8790 0 0 -0.000090
8795 0 0 -0.000113
8800 0 0 -0.000144
8805 0 0 -0.000170
8810 0 0 -0.000180
8815 0 0 -0.000173
8820 0 0 -0.000150
8825 0 0 -0.000116
8830 0 0 -0.000087
8835 0 0 -0.000080
8840 0 0 -0.000107
8845 0 0 -0.000149
8850 0 0 -0.000180
8855 0 0 -0.000181
8860 0 0 -0.000160
8865 0 0 -0.000130
8870 0 0 -0.000105
8875 0 0 -0.000090
8880 0 0 -0.000090
8885 0 0 -0.000108
8890 0 0 -0.000137
8895 0 0 -0.000170
8900 0 0 -0.000201
8905 0 0 -0.000232
8910 0 0 -0.000270
8915 0 0 -0.000317
8920 0 0 -0.000364
8925 0 0 -0.000400
8930 0 0 -0.000414
8935 0 0 -0.000407
8940 0 0 -0.000380
8945 0 0 -0.000337
8950 0 0 -0.000287
8955 0 0 -0.000240
8960 0 0 -0.000206
8965 0 0 -0.000189
8970 0 0 -0.000190
8975 0 0 -0.000211
8980 0 0 -0.000241
8985 0 0 -0.000270
8990 0 0 -0.000289
8995 0 0 -0.000297
9000 0 0 -0.000300
9005 0 0 -0.000300
9010 0 0 -0.000302
9015 0 0 -0.000310
9020 0 0 -0.000327
9025 0 0 -0.000341
9030 0 0 -0.000340
9035 0 0 -0.000314
9040 0 0 -0.000278
9045 0 0 -0.000250
9050 0 0 -0.000245
9055 0 0 -0.000258
9060 0 0 -0.000280
9065 0 0 -0.000301
9070 0 0 -0.000314
9075 0 0 -0.000310
9080 0 0 -0.000286
9085 0 0 -0.000256
9090 0 0 -0.000240
9095 0 0 -0.000252
9100 0 0 -0.000278
9105 0 0 -0.000300
9110 0 0 -0.000305
9115 0 0 -0.000305
9120 0 0 -0.000320
9125 0 0 -0.000361
9130 0 0 -0.000417
9135 0 0 -0.000470
9140 0 0 -0.000504
9145 0 0 -0.000515
9150 0 0 -0.000500
9155 0 0 -0.000461
9160 0 0 -0.000417
9165 0 0 -0.000390
9170 0 0 -0.000396
9175 0 0 -0.000423
9180 0 0 -0.000450
9185 0 0 -0.000462
9190 0 0 -0.000463
9195 0 0 -0.000460
9200 0 0 -0.000458
9205 0 0 -0.000450
9210 0 0 -0.000430
9215 0 0 -0.000396
9220 0 0 -0.000377
9225 0 0 -0.000410
9230 0 0 -0.000512
9235 0 0 -0.000624
9240 0 0 -0.000670
9245 0 0 -0.000598
9250 0 0 -0.000466
9255 0 0 -0.000360
9260 0 0 -0.000341
9265 0 0 -0.000378
9270 0 0 -0.000420
9275 0 0 -0.000424
9280 0 0 -0.000392
9285 0 0 -0.000340
9290 0 0 -0.000281
9295 0 0 -0.000229
9300 0 0 -0.000200
9305 0 0 -0.000202
9310 0 0 -0.000224
9315 0 0 -0.000250
9320 0 0 -0.000270
9325 0 0 -0.000299
9330 0 0 -0.000360
9335 0 0 -0.000463
9340 0 0 -0.000580
9345 0 0 -0.000670
9350 0 0 -0.000704
9355 0 0 -0.000686
9360 0 0 -0.000630
9365 0 0 -0.000552
9370 0 0 -0.000479
9375 0 0 -0.000440
9380 0 0 -0.000455
9385 0 0 -0.000502
9390 0 0 -0.000550
9395 0 0 -0.000572
9400 0 0 -0.000563
9405 0 0 -0.000520
9410 0 0 -0.000454
9415 0 0 -0.000419
9420 0 0 -0.000480
9425 0 0 -0.000678
9430 0 0 -0.000962
9435 0 0 -0.001260
9440 0 0 -0.001510
9445 0 0 -0.001702
9450 0 0 -0.001840
9455 0 0 -0.001926
9460 0 0 -0.001959
9465 0 0 -0.001940
9470 0 0 -0.001875
9475 0 0 -0.001800
9480 0 0 -0.001760
9485 0 0 -0.001780
9490 0 0 -0.001814
9495 0 0 -0.001800
9500 0 0 -0.001695
9505 0 0 -0.001541
9510 0 0 -0.001400
9515 0 0 -0.001314
9520 0 0 -0.001247
9525 0 0 -0.001140
9530 0 0 -0.000962
9535 0 0 -0.000786
9540 0 0 -0.000710
9545 0 0 -0.000793
9550 0 0 -0.000931
9555 0 0 -0.000980
9560 0 0 -0.000841
9565 0 0 -0.000596
9570 0 0 -0.000370
9575 0 0 -0.000259
9580 0 0 -0.000237
9585 0 0 -0.000250
9590 0 0 -0.000253
9595 0 0 -0.000249
9600 0 0 -0.000250
9605 0 0 -0.000266
9610 0 0 -0.000288
9615 0 0 -0.000300
9620 0 0 -0.000295
9625 0 0 -0.000290
9630 0 0 -0.000310
9635 0 0 -0.000371
9640 0 0 -0.000451
9645 0 0 -0.000520
9650 0 0 -0.000564
9655 0 0 -0.000640
9660 0 0 -0.000820
9665 0 0 -0.001140
9670 0 0 -0.001485
9675 0 0 -0.001700
9680 0 0 -0.001680
9685 0 0 -0.001512
9690 0 0 -0.001330
9695 0 0 -0.001241
9700 0 0 -0.001237
9705 0 0 -0.001280
9710 0 0 -0.001334
9715 0 0 -0.001373
9720 0 0 -0.001370
9725 0 0 -0.001308
9730 0 0 -0.001204
9735 0 0 -0.001080
9740 0 0 -0.000974
9745 0 0 -0.000971
9750 0 0 -0.001170
9755 0 0 -0.001614
9760 0 0 -0.002125
9765 0 0 -0.002470
9770 0 0 -0.002483
9775 0 0 -0.002269
9780 0 0 -0.002000
9785 0 0 -0.001813
9790 0 0 -0.001711
9795 0 0 -0.001660
9800 0 0 -0.001632
9805 0 0 -0.001615
9810 0 0 -0.001600
9815 0 0 -0.001582
9820 0 0 -0.001568
9825 0 0 -0.001570
9830 0 0 -0.001592
9835 0 0 -0.001614
9840 0 0 -0.001610
9845 0 0 -0.001560
9850 0 0 -0.001480
9855 0 0 -0.001390
9860 0 0 -0.001311
9865 0 0 -0.001254
9870 0 0 -0.001230
9875 0 0 -0.001245
9880 0 0 -0.001299
9885 0 0 -0.001390
9890 0 0 -0.001510
9895 0 0 -0.001630
9900 0 0 -0.001720
9905 0 0 -0.001752
9910 0 0 -0.001724
9915 0 0 -0.001640
9920 0 0 -0.001512
9925 0 0 -0.001382
9930 0 0 -0.001300
9935 0 0 -0.001292
9940 0 0 -0.001294
9945 0 0 -0.001220
9950 0 0 -0.001017
9955 0 0 -0.000770
9960 0 0 -0.000600
9965 0 0 -0.000598
9970 0 0 -0.000736
9975 0 0 -0.000960
9980 0 0 -0.001217
9985 0 0 -0.001468
9990 0 0 -0.001680
9995 0 0 -0.001824
10000 0 0 -0.001894
10005 0 0 -0.001890
10010 0 0 -0.001820
10015 0 0 -0.001721
10020 0 0 -0.001640
10025 0 0 -0.001610
10030 0 0 -0.001621
10035 0 0 -0.001650
10040 0 0 -0.001671
10045 0 0 -0.001642
10050 0 0 -0.001520
10055 0 0 -0.001279
10060 0 0 -0.000977
10065 0 0 -0.000690
10070 0 0 -0.000495
10075 0 0 -0.000470
