0 0 0 -0.000230
5 0 0 -0.000271
10 0 0 -0.000289
15 0 0 -0.000288
20 0 0 -0.000274
25 0 0 -0.000253
30 0 0 -0.000230
35 0 0 -0.000209
40 0 0 -0.000191
45 0 0 -0.000172
50 0 0 -0.000155
55 0 0 -0.000150
60 0 0 -0.000172
65 0 0 -0.000228
70 0 0 -0.000295
75 0 0 -0.000344
80 0 0 -0.000353
85 0 0 -0.000330
90 0 0 -0.000288
95 0 0 -0.000242
100 0 0 -0.000200
105 0 0 -0.000172
110 0 0 -0.000162
115 0 0 -0.000165
120 0 0 -0.000172
125 0 0 -0.000175
130 0 0 -0.000174
135 0 0 -0.000172
140 0 0 -0.000170
145 0 0 -0.000170
150 0 0 -0.000172
155 0 0 -0.000177
160 0 0 -0.000179
165 0 0 -0.000172
170 0 0 -0.000151
175 0 0 -0.000128
180 0 0 -0.000114
185 0 0 -0.000120
190 0 0 -0.000142
195 0 0 -0.000172
200 0 0 -0.000202
205 0 0 -0.000223
210 0 0 -0.000230
215 0 0 -0.000217
220 0 0 -0.000194
225 0 0 -0.000172
230 0 0 -0.000162
235 0 0 -0.000163
240 0 0 -0.000174
245 0 0 -0.000190
250 0 0 -0.000196
255 0 0 -0.000174
260 0 0 -0.000118
265 0 0 -0.000063
270 0 0 -0.000058
275 0 0 -0.000129
280 0 0 -0.000229
285 0 0 -0.000288
290 0 0 -0.000263
295 0 0 -0.000201
300 0 0 -0.000174
305 0 0 -0.000228
310 0 0 -0.000310
315 0 0 -0.000346
320 0 0 -0.000284
325 0 0 -0.000180
330 0 0 -0.000114
335 0 0 -0.000143
340 0 0 -0.000224
345 0 0 -0.000288
350 0 0 -0.000284
355 0 0 -0.000233
360 0 0 -0.000174
365 0 0 -0.000137
370 0 0 -0.000120
375 0 0 -0.000116
380 0 0 -0.000116
385 0 0 -0.000117
390 0 0 -0.000116
395 0 0 -0.000112
400 0 0 -0.000110
405 0 0 -0.000114
410 0 0 -0.000128
415 0 0 -0.000150
420 0 0 -0.000174
425 0 0 -0.000195
430 0 0 -0.000200
435 0 0 -0.000174
440 0 0 -0.000116
445 0 0 -0.000090
450 0 0 -0.000172
455 0 0 -0.000400
460 0 0 -0.000647
465 0 0 -0.000748
470 0 0 -0.000597
475 0 0 -0.000337
480 0 0 -0.000172
485 0 0 -0.000243
490 0 0 -0.000437
495 0 0 -0.000576
500 0 0 -0.000532
505 0 0 -0.000376
510 0 0 -0.000230
515 0 0 -0.000184
520 0 0 -0.000206
525 0 0 -0.000232
530 0 0 -0.000218
535 0 0 -0.000185
540 0 0 -0.000174
545 0 0 -0.000213
550 0 0 -0.000281
555 0 0 -0.000346
560 0 0 -0.000384
565 0 0 -0.000399
570 0 0 -0.000402
575 0 0 -0.000404
580 0 0 -0.000405
585 0 0 -0.000404
590 0 0 -0.000401
595 0 0 -0.000400
600 0 0 -0.000404
605 0 0 -0.000417
610 0 0 -0.000437
615 0 0 -0.000460
620 0 0 -0.000481
625 0 0 -0.000486
630 0 0 -0.000460
635 0 0 -0.000396
640 0 0 -0.000311
645 0 0 -0.000230
650 0 0 -0.000178
655 0 0 -0.000172
660 0 0 -0.000230
665 0 0 -0.000364
670 0 0 -0.000562
675 0 0 -0.000806
680 0 0 -0.001064
685 0 0 -0.001236
690 0 0 -0.001210
695 0 0 -0.000926
700 0 0 -0.000546
705 0 0 -0.000288
710 0 0 -0.000302
715 0 0 -0.000462
720 0 0 -0.000576
725 0 0 -0.000509
730 0 0 -0.000360
735 0 0 -0.000288
740 0 0 -0.000396
745 0 0 -0.000568
750 0 0 -0.000634
755 0 0 -0.000490
760 0 0 -0.000298
765 0 0 -0.000288
770 0 0 -0.000610
775 0 0 -0.001095
780 0 0 -0.001496
785 0 0 -0.001629
790 0 0 -0.001566
795 0 0 -0.001440
800 0 0 -0.001359
805 0 0 -0.001314
810 0 0 -0.001268
815 0 0 -0.001197
820 0 0 -0.001127
825 0 0 -0.001094
830 0 0 -0.001121
835 0 0 -0.001161
840 0 0 -0.001152
845 0 0 -0.001056
850 0 0 -0.000932
855 0 0 -0.000862
860 0 0 -0.000901
865 0 0 -0.000989
870 0 0 -0.001036
875 0 0 -0.000980
880 0 0 -0.000862
885 0 0 -0.000748
890 0 0 -0.000687
895 0 0 -0.000660
900 0 0 -0.000634
905 0 0 -0.000586
910 0 0 -0.000551
915 0 0 -0.000576
920 0 0 -0.000685
925 0 0 -0.000811
930 0 0 -0.000864
935 0 0 -0.000784
940 0 0 -0.000637
945 0 0 -0.000520
950 0 0 -0.000499
955 0 0 -0.000525
960 0 0 -0.000518
965 0 0 -0.000432
970 0 0 -0.000353
975 0 0 -0.000404
980 0 0 -0.000651
985 0 0 -0.000948
990 0 0 -0.001094
995 0 0 -0.000966
1000 0 0 -0.000745
1005 0 0 -0.000690
1010 0 0 -0.000972
1015 0 0 -0.001408
1020 0 0 -0.001728
1025 0 0 -0.001733
1030 0 0 -0.001509
1035 0 0 -0.001212
1040 0 0 -0.000970
1045 0 0 -0.000800
1050 0 0 -0.000692
1055 0 0 -0.000632
1060 0 0 -0.000601
1065 0 0 -0.000576
1070 0 0 -0.000545
1075 0 0 -0.000534
1080 0 0 -0.000576
1085 0 0 -0.000688
1090 0 0 -0.000810
1095 0 0 -0.000864
1100 0 0 -0.000804
1105 0 0 -0.000709
1110 0 0 -0.000692
1115 0 0 -0.000824
1120 0 0 -0.001019
1125 0 0 -0.001150
1130 0 0 -0.001132
1135 0 0 -0.001051
1140 0 0 -0.001036
1145 0 0 -0.001173
1150 0 0 -0.001386
1155 0 0 -0.001556
1160 0 0 -0.001595
1165 0 0 -0.001535
1170 0 0 -0.001438
1175 0 0 -0.001355
1180 0 0 -0.001283
1185 0 0 -0.001208
1190 0 0 -0.001120
1195 0 0 -0.001022
1200 0 0 -0.000922
1205 0 0 -0.000831
1210 0 0 -0.000766
1215 0 0 -0.000748
1220 0 0 -0.000788
1225 0 0 -0.000859
1230 0 0 -0.000922
1235 0 0 -0.000949
1240 0 0 -0.000944
1245 0 0 -0.000922
1250 0 0 -0.000894
1255 0 0 -0.000872
1260 0 0 -0.000864
1265 0 0 -0.000876
1270 0 0 -0.000900
1275 0 0 -0.000922
1280 0 0 -0.000933
1285 0 0 -0.000932
1290 0 0 -0.000922
1295 0 0 -0.000903
1300 0 0 -0.000868
1305 0 0 -0.000806
1310 0 0 -0.000715
1315 0 0 -0.000626
1320 0 0 -0.000576
1325 0 0 -0.000589
1330 0 0 -0.000626
1335 0 0 -0.000634
1340 0 0 -0.000578
1345 0 0 -0.000499
1350 0 0 -0.000460
1355 0 0 -0.000499
1360 0 0 -0.000562
1365 0 0 -0.000576
1370 0 0 -0.000489
1375 0 0 -0.000349
1380 0 0 -0.000230
1385 0 0 -0.000186
1390 0 0 -0.000198
1395 0 0 -0.000232
1400 0 0 -0.000255
1405 0 0 -0.000257
1410 0 0 -0.000230
1415 0 0 -0.000176
1420 0 0 -0.000126
1425 0 0 -0.000116
1430 0 0 -0.000169
1435 0 0 -0.000245
1440 0 0 -0.000288
1445 0 0 -0.000262
1450 0 0 -0.000205
1455 0 0 -0.000172
1460 0 0 -0.000201
1465 0 0 -0.000257
1470 0 0 -0.000288
1475 0 0 -0.000257
1480 0 0 -0.000186
1485 0 0 -0.000114
1490 0 0 -0.000074
1495 0 0 -0.000074
1500 0 0 -0.000116
1505 0 0 -0.000197
1510 0 0 -0.000286
1515 0 0 -0.000346
1520 0 0 -0.000352
1525 0 0 -0.000322
1530 0 0 -0.000288
1535 0 0 -0.000273
1540 0 0 -0.000276
1545 0 0 -0.000288
1550 0 0 -0.000300
1555 0 0 -0.000303
1560 0 0 -0.000288
1565 0 0 -0.000250
1570 0 0 -0.000206
1575 0 0 -0.000174
1580 0 0 -0.000169
1585 0 0 -0.000176
1590 0 0 -0.000172
1595 0 0 -0.000145
1600 0 0 -0.000116
1605 0 0 -0.000116
1610 0 0 -0.000164
1615 0 0 -0.000233
1620 0 0 -0.000288
1625 0 0 -0.000299
1630 0 0 -0.000274
1635 0 0 -0.000230
1640 0 0 -0.000182
1645 0 0 -0.000140
1650 0 0 -0.000114
1655 0 0 -0.000112
1660 0 0 -0.000132
1665 0 0 -0.000172
1670 0 0 -0.000226
1675 0 0 -0.000273
1680 0 0 -0.000288
1685 0 0 -0.000258
1690 0 0 -0.000208
1695 0 0 -0.000174
1700 0 0 -0.000180
1705 0 0 -0.000209
1710 0 0 -0.000230
1715 0 0 -0.000222
1720 0 0 -0.000197
1725 0 0 -0.000174
1730 0 0 -0.000167
1735 0 0 -0.000171
1740 0 0 -0.000174
1745 0 0 -0.000169
1750 0 0 -0.000165
1755 0 0 -0.000174
1760 0 0 -0.000203
1765 0 0 -0.000230
1770 0 0 -0.000230
1775 0 0 -0.000186
1780 0 0 -0.000133
1785 0 0 -0.000114
1790 0 0 -0.000159
1795 0 0 -0.000234
1800 0 0 -0.000288
1805 0 0 -0.000283
1810 0 0 -0.000235
1815 0 0 -0.000172
1820 0 0 -0.000121
1825 0 0 -0.000097
1830 0 0 -0.000116
1835 0 0 -0.000181
1840 0 0 -0.000254
1845 0 0 -0.000288
1850 0 0 -0.000251
1855 0 0 -0.000177
1860 0 0 -0.000116
1865 0 0 -0.000109
1870 0 0 -0.000166
1875 0 0 -0.000288
1880 0 0 -0.000465
1885 0 0 -0.000642
1890 0 0 -0.000750
1895 0 0 -0.000744
1900 0 0 -0.000666
1905 0 0 -0.000576
1910 0 0 -0.000523
1915 0 0 -0.000494
1920 0 0 -0.000462
1925 0 0 -0.000407
1930 0 0 -0.000341
1935 0 0 -0.000288
1940 0 0 -0.000261
1945 0 0 -0.000248
1950 0 0 -0.000230
1955 0 0 -0.000196
1960 0 0 -0.000166
1965 0 0 -0.000172
1970 0 0 -0.000229
1975 0 0 -0.000303
1980 0 0 -0.000346
1985 0 0 -0.000326
1990 0 0 -0.000273
1995 0 0 -0.000230
2000 0 0 -0.000230
2005 0 0 -0.000257
2010 0 0 -0.000286
2015 0 0 -0.000296
2020 0 0 -0.000293
2025 0 0 -0.000288
2030 0 0 -0.000290
2035 0 0 -0.000293
2040 0 0 -0.000288
2045 0 0 -0.000270
2050 0 0 -0.000247
2055 0 0 -0.000230
2060 0 0 -0.000229
2065 0 0 -0.000248
2070 0 0 -0.000288
2075 0 0 -0.000351
2080 0 0 -0.000445
2085 0 0 -0.000576
2090 0 0 -0.000741
2095 0 0 -0.000894
2100 0 0 -0.000978
2105 0 0 -0.000952
2110 0 0 -0.000841
2115 0 0 -0.000690
2120 0 0 -0.000538
2125 0 0 -0.000413
2130 0 0 -0.000344
2135 0 0 -0.000344
2140 0 0 -0.000379
2145 0 0 -0.000402
2150 0 0 -0.000380
2155 0 0 -0.000331
2160 0 0 -0.000288
2165 0 0 -0.000275
2170 0 0 -0.000281
2175 0 0 -0.000288
2180 0 0 -0.000284
2185 0 0 -0.000278
2190 0 0 -0.000288
2195 0 0 -0.000323
2200 0 0 -0.000369
2205 0 0 -0.000404
2210 0 0 -0.000414
2215 0 0 -0.000408
2220 0 0 -0.000402
2225 0 0 -0.000407
2230 0 0 -0.000413
2235 0 0 -0.000404
2240 0 0 -0.000371
2245 0 0 -0.000326
2250 0 0 -0.000288
2255 0 0 -0.000269
2260 0 0 -0.000256
2265 0 0 -0.000230
2270 0 0 -0.000181
2275 0 0 -0.000133
2280 0 0 -0.000116
2285 0 0 -0.000152
2290 0 0 -0.000220
2295 0 0 -0.000288
2300 0 0 -0.000332
2305 0 0 -0.000349
2310 0 0 -0.000346
2315 0 0 -0.000327
2320 0 0 -0.000304
2325 0 0 -0.000288
2330 0 0 -0.000287
2335 0 0 -0.000292
2340 0 0 -0.000288
2345 0 0 -0.000267
2350 0 0 -0.000242
2355 0 0 -0.000232
2360 0 0 -0.000248
2365 0 0 -0.000275
2370 0 0 -0.000288
2375 0 0 -0.000273
2380 0 0 -0.000245
2385 0 0 -0.000230
2390 0 0 -0.000243
2395 0 0 -0.000270
2400 0 0 -0.000288
2405 0 0 -0.000281
2410 0 0 -0.000258
2415 0 0 -0.000230
2420 0 0 -0.000211
2425 0 0 -0.000209
2430 0 0 -0.000230
2435 0 0 -0.000276
2440 0 0 -0.000324
2445 0 0 -0.000346
2450 0 0 -0.000322
2455 0 0 -0.000274
2460 0 0 -0.000230
2465 0 0 -0.000214
2470 0 0 -0.000218
2475 0 0 -0.000230
2480 0 0 -0.000240
2485 0 0 -0.000255
2490 0 0 -0.000288
2495 0 0 -0.000344
2500 0 0 -0.000409
2505 0 0 -0.000462
2510 0 0 -0.000490
2515 0 0 -0.000503
2520 0 0 -0.000518
2525 0 0 -0.000545
2530 0 0 -0.000571
2535 0 0 -0.000576
2540 0 0 -0.000549
2545 0 0 -0.000517
2550 0 0 -0.000518
2555 0 0 -0.000573
2560 0 0 -0.000647
2565 0 0 -0.000690
2570 0 0 -0.000667
2575 0 0 -0.000612
2580 0 0 -0.000574
2585 0 0 -0.000589
2590 0 0 -0.000639
2595 0 0 -0.000692
2600 0 0 -0.000722
2605 0 0 -0.000723
2610 0 0 -0.000692
2615 0 0 -0.000632
2620 0 0 -0.000566
2625 0 0 -0.000520
2630 0 0 -0.000514
2635 0 0 -0.000538
2640 0 0 -0.000576
2645 0 0 -0.000612
2650 0 0 -0.000634
2655 0 0 -0.000632
2660 0 0 -0.000600
2665 0 0 -0.000555
2670 0 0 -0.000518
2675 0 0 -0.000508
2680 0 0 -0.000528
2685 0 0 -0.000576
2690 0 0 -0.000645
2695 0 0 -0.000712
2700 0 0 -0.000748
2705 0 0 -0.000733
2710 0 0 -0.000686
2715 0 0 -0.000632
2720 0 0 -0.000597
2725 0 0 -0.000594
2730 0 0 -0.000634
2735 0 0 -0.000720
2740 0 0 -0.000812
2745 0 0 -0.000864
2750 0 0 -0.000842
2755 0 0 -0.000770
2760 0 0 -0.000690
2765 0 0 -0.000634
2770 0 0 -0.000613
2775 0 0 -0.000632
2780 0 0 -0.000686
2785 0 0 -0.000740
2790 0 0 -0.000748
2795 0 0 -0.000683
2800 0 0 -0.000587
2805 0 0 -0.000516
2810 0 0 -0.000510
2815 0 0 -0.000530
2820 0 0 -0.000518
2825 0 0 -0.000435
2830 0 0 -0.000319
2835 0 0 -0.000230
2840 0 0 -0.000208
2845 0 0 -0.000223
2850 0 0 -0.000230
2855 0 0 -0.000195
2860 0 0 -0.000143
2865 0 0 -0.000114
2870 0 0 -0.000134
2875 0 0 -0.000183
2880 0 0 -0.000230
2885 0 0 -0.000250
2890 0 0 -0.000246
2895 0 0 -0.000230
2900 0 0 -0.000210
2905 0 0 -0.000190
2910 0 0 -0.000172
2915 0 0 -0.000159
2920 0 0 -0.000157
2925 0 0 -0.000172
2930 0 0 -0.000206
2935 0 0 -0.000235
2940 0 0 -0.000232
2945 0 0 -0.000182
2950 0 0 -0.000125
2955 0 0 -0.000116
2960 0 0 -0.000188
2965 0 0 -0.000289
2970 0 0 -0.000346
2975 0 0 -0.000308
2980 0 0 -0.000212
2985 0 0 -0.000116
2990 0 0 -0.000068
2995 0 0 -0.000071
3000 0 0 -0.000114
3005 0 0 -0.000185
3010 0 0 -0.000254
3015 0 0 -0.000288
3020 0 0 -0.000265
3025 0 0 -0.000213
3030 0 0 -0.000174
3035 0 0 -0.000177
3040 0 0 -0.000205
3045 0 0 -0.000230
3050 0 0 -0.000231
3055 0 0 -0.000210
3060 0 0 -0.000174
3065 0 0 -0.000134
3070 0 0 -0.000107
3075 0 0 -0.000114
3080 0 0 -0.000166
3085 0 0 -0.000236
3090 0 0 -0.000288
3095 0 0 -0.000294
3100 0 0 -0.000268
3105 0 0 -0.000230
3110 0 0 -0.000199
3115 0 0 -0.000180
3120 0 0 -0.000174
3125 0 0 -0.000179
3130 0 0 -0.000183
3135 0 0 -0.000172
3140 0 0 -0.000140
3145 0 0 -0.000110
3150 0 0 -0.000116
3155 0 0 -0.000177
3160 0 0 -0.000267
3165 0 0 -0.000346
3170 0 0 -0.000383
3175 0 0 -0.000380
3180 0 0 -0.000346
3185 0 0 -0.000292
3190 0 0 -0.000244
3195 0 0 -0.000230
3200 0 0 -0.000265
3205 0 0 -0.000319
3210 0 0 -0.000346
3215 0 0 -0.000316
3220 0 0 -0.000247
3225 0 0 -0.000172
3230 0 0 -0.000118
3235 0 0 -0.000097
3240 0 0 -0.000116
3245 0 0 -0.000175
3250 0 0 -0.000245
3255 0 0 -0.000288
3260 0 0 -0.000278
3265 0 0 -0.000232
3270 0 0 -0.000174
3275 0 0 -0.000129
3280 0 0 -0.000107
3285 0 0 -0.000116
3290 0 0 -0.000162
3295 0 0 -0.000241
3300 0 0 -0.000346
3305 0 0 -0.000470
3310 0 0 -0.000606
3315 0 0 -0.000750
3320 0 0 -0.000888
3325 0 0 -0.000980
3330 0 0 -0.000978
3335 0 0 -0.000854
3340 0 0 -0.000658
3345 0 0 -0.000460
3350 0 0 -0.000321
3355 0 0 -0.000260
3360 0 0 -0.000288
3365 0 0 -0.000398
3370 0 0 -0.000522
3375 0 0 -0.000576
3380 0 0 -0.000505
3385 0 0 -0.000362
3390 0 0 -0.000230
3395 0 0 -0.000172
3400 0 0 -0.000180
3405 0 0 -0.000230
3410 0 0 -0.000295
3415 0 0 -0.000344
3420 0 0 -0.000346
3425 0 0 -0.000283
3430 0 0 -0.000190
3435 0 0 -0.000116
3440 0 0 -0.000097
3445 0 0 -0.000122
3450 0 0 -0.000172
3455 0 0 -0.000226
3460 0 0 -0.000269
3465 0 0 -0.000288
3470 0 0 -0.000276
3475 0 0 -0.000250
3480 0 0 -0.000232
3485 0 0 -0.000238
3490 0 0 -0.000261
3495 0 0 -0.000288
3500 0 0 -0.000308
3505 0 0 -0.000310
3510 0 0 -0.000288
3515 0 0 -0.000239
3520 0 0 -0.000190
3525 0 0 -0.000172
3530 0 0 -0.000206
3535 0 0 -0.000259
3540 0 0 -0.000288
3545 0 0 -0.000262
3550 0 0 -0.000209
3555 0 0 -0.000174
3560 0 0 -0.000190
3565 0 0 -0.000253
3570 0 0 -0.000346
3575 0 0 -0.000450
3580 0 0 -0.000524
3585 0 0 -0.000520
3590 0 0 -0.000414
3595 0 0 -0.000270
3600 0 0 -0.000174
3605 0 0 -0.000186
3610 0 0 -0.000265
3615 0 0 -0.000344
3620 0 0 -0.000370
3625 0 0 -0.000346
3630 0 0 -0.000288
3635 0 0 -0.000216
3640 0 0 -0.000164
3645 0 0 -0.000172
3650 0 0 -0.000260
3655 0 0 -0.000378
3660 0 0 -0.000460
3665 0 0 -0.000458
3670 0 0 -0.000404
3675 0 0 -0.000346
3680 0 0 -0.000324
3685 0 0 -0.000330
3690 0 0 -0.000346
3695 0 0 -0.000355
3700 0 0 -0.000355
3705 0 0 -0.000346
3710 0 0 -0.000330
3715 0 0 -0.000310
3720 0 0 -0.000288
3725 0 0 -0.000272
3730 0 0 -0.000283
3735 0 0 -0.000346
3740 0 0 -0.000469
3745 0 0 -0.000591
3750 0 0 -0.000632
3755 0 0 -0.000542
3760 0 0 -0.000379
3765 0 0 -0.000230
3770 0 0 -0.000162
3775 0 0 -0.000170
3780 0 0 -0.000230
3785 0 0 -0.000315
3790 0 0 -0.000386
3795 0 0 -0.000404
3800 0 0 -0.000344
3805 0 0 -0.000247
3810 0 0 -0.000172
3815 0 0 -0.000161
3820 0 0 -0.000193
3825 0 0 -0.000230
3830 0 0 -0.000246
3835 0 0 -0.000257
3840 0 0 -0.000288
3845 0 0 -0.000354
3850 0 0 -0.000426
3855 0 0 -0.000462
3860 0 0 -0.000437
3865 0 0 -0.000382
3870 0 0 -0.000346
3875 0 0 -0.000360
3880 0 0 -0.000394
3885 0 0 -0.000404
3890 0 0 -0.000363
3895 0 0 -0.000321
3900 0 0 -0.000346
3905 0 0 -0.000483
3910 0 0 -0.000681
3915 0 0 -0.000864
3920 0 0 -0.000970
3925 0 0 -0.000989
3930 0 0 -0.000922
3935 0 0 -0.000782
3940 0 0 -0.000626
3945 0 0 -0.000520
3950 0 0 -0.000517
3955 0 0 -0.000602
3960 0 0 -0.000748
3965 0 0 -0.000923
3970 0 0 -0.001090
3975 0 0 -0.001210
3980 0 0 -0.001255
3985 0 0 -0.001244
3990 0 0 -0.001208
3995 0 0 -0.001171
4000 0 0 -0.001135
4005 0 0 -0.001094
4010 0 0 -0.001047
4015 0 0 -0.001005
4020 0 0 -0.000980
4025 0 0 -0.000980
4030 0 0 -0.000987
4035 0 0 -0.000978
4040 0 0 -0.000938
4045 0 0 -0.000889
4050 0 0 -0.000864
4055 0 0 -0.000883
4060 0 0 -0.000916
4065 0 0 -0.000922
4070 0 0 -0.000874
4075 0 0 -0.000801
4080 0 0 -0.000748
4085 0 0 -0.000747
4090 0 0 -0.000777
4095 0 0 -0.000808
4100 0 0 -0.000815
4105 0 0 -0.000809
4110 0 0 -0.000808
4115 0 0 -0.000824
4120 0 0 -0.000833
4125 0 0 -0.000806
4130 0 0 -0.000725
4135 0 0 -0.000631
4140 0 0 -0.000576
4145 0 0 -0.000598
4150 0 0 -0.000670
4155 0 0 -0.000748
4160 0 0 -0.000796
4165 0 0 -0.000814
4170 0 0 -0.000806
4175 0 0 -0.000782
4180 0 0 -0.000757
4185 0 0 -0.000750
4190 0 0 -0.000770
4195 0 0 -0.000798
4200 0 0 -0.000806
4205 0 0 -0.000773
4210 0 0 -0.000710
4215 0 0 -0.000634
4220 0 0 -0.000560
4225 0 0 -0.000499
4230 0 0 -0.000460
4235 0 0 -0.000448
4240 0 0 -0.000453
4245 0 0 -0.000462
4250 0 0 -0.000461
4255 0 0 -0.000444
4260 0 0 -0.000402
4265 0 0 -0.000336
4270 0 0 -0.000269
4275 0 0 -0.000232
4280 0 0 -0.000242
4285 0 0 -0.000274
4290 0 0 -0.000288
4295 0 0 -0.000259
4300 0 0 -0.000208
4305 0 0 -0.000172
4310 0 0 -0.000175
4315 0 0 -0.000202
4320 0 0 -0.000230
4325 0 0 -0.000241
4330 0 0 -0.000238
4335 0 0 -0.000230
4340 0 0 -0.000225
4345 0 0 -0.000225
4350 0 0 -0.000230
4355 0 0 -0.000238
4360 0 0 -0.000241
4365 0 0 -0.000230
4370 0 0 -0.000202
4375 0 0 -0.000174
4380 0 0 -0.000172
4385 0 0 -0.000209
4390 0 0 -0.000259
4395 0 0 -0.000288
4400 0 0 -0.000270
4405 0 0 -0.000222
4410 0 0 -0.000174
4415 0 0 -0.000148
4420 0 0 -0.000148
4425 0 0 -0.000174
4430 0 0 -0.000221
4435 0 0 -0.000268
4440 0 0 -0.000288
4445 0 0 -0.000265
4450 0 0 -0.000216
4455 0 0 -0.000172
4460 0 0 -0.000153
4465 0 0 -0.000156
4470 0 0 -0.000172
4475 0 0 -0.000193
4480 0 0 -0.000213
4485 0 0 -0.000230
4490 0 0 -0.000240
4495 0 0 -0.000241
4500 0 0 -0.000230
4505 0 0 -0.000208
4510 0 0 -0.000185
4515 0 0 -0.000174
4520 0 0 -0.000184
4525 0 0 -0.000207
4530 0 0 -0.000230
4535 0 0 -0.000242
4540 0 0 -0.000242
4545 0 0 -0.000230
4550 0 0 -0.000207
4555 0 0 -0.000184
4560 0 0 -0.000174
4565 0 0 -0.000184
4570 0 0 -0.000207
4575 0 0 -0.000230
4580 0 0 -0.000243
4585 0 0 -0.000243
4590 0 0 -0.000230
4595 0 0 -0.000205
4600 0 0 -0.000181
4605 0 0 -0.000174
4610 0 0 -0.000193
4615 0 0 -0.000220
4620 0 0 -0.000230
4625 0 0 -0.000208
4630 0 0 -0.000178
4635 0 0 -0.000174
4640 0 0 -0.000215
4645 0 0 -0.000269
4650 0 0 -0.000288
4655 0 0 -0.000242
4660 0 0 -0.000167
4665 0 0 -0.000114
4670 0 0 -0.000121
4675 0 0 -0.000170
4680 0 0 -0.000230
4685 0 0 -0.000274
4690 0 0 -0.000294
4695 0 0 -0.000288
4700 0 0 -0.000256
4705 0 0 -0.000212
4710 0 0 -0.000174
4715 0 0 -0.000156
4720 0 0 -0.000156
4725 0 0 -0.000172
4730 0 0 -0.000201
4735 0 0 -0.000255
4740 0 0 -0.000346
4745 0 0 -0.000479
4750 0 0 -0.000625
4755 0 0 -0.000748
4760 0 0 -0.000815
4765 0 0 -0.000816
4770 0 0 -0.000748
4775 0 0 -0.000615
4780 0 0 -0.000463
4785 0 0 -0.000346
4790 0 0 -0.000304
4795 0 0 -0.000315
4800 0 0 -0.000344
4805 0 0 -0.000358
4810 0 0 -0.000342
4815 0 0 -0.000288
4820 0 0 -0.000202
4825 0 0 -0.000154
4830 0 0 -0.000230
4835 0 0 -0.000479
4840 0 0 -0.000796
4845 0 0 -0.001038
4850 0 0 -0.001100
4855 0 0 -0.001032
4860 0 0 -0.000922
4865 0 0 -0.000838
4870 0 0 -0.000771
4875 0 0 -0.000692
4880 0 0 -0.000583
4885 0 0 -0.000473
4890 0 0 -0.000404
4895 0 0 -0.000401
4900 0 0 -0.000435
4905 0 0 -0.000460
4910 0 0 -0.000444
4915 0 0 -0.000398
4920 0 0 -0.000344
4925 0 0 -0.000302
4930 0 0 -0.000281
4935 0 0 -0.000288
4940 0 0 -0.000324
4945 0 0 -0.000370
4950 0 0 -0.000404
4955 0 0 -0.000408
4960 0 0 -0.000386
4965 0 0 -0.000346
4970 0 0 -0.000300
4975 0 0 -0.000272
4980 0 0 -0.000288
4985 0 0 -0.000361
4990 0 0 -0.000455
4995 0 0 -0.000518
5000 0 0 -0.000514
5005 0 0 -0.000464
5010 0 0 -0.000402
5015 0 0 -0.000356
5020 0 0 -0.000336
5025 0 0 -0.000344
5030 0 0 -0.000382
5035 0 0 -0.000443
5040 0 0 -0.000518
5045 0 0 -0.000595
5050 0 0 -0.000644
5055 0 0 -0.000634
5060 0 0 -0.000548
5065 0 0 -0.000431
5070 0 0 -0.000346
5075 0 0 -0.000336
5080 0 0 -0.000371
5085 0 0 -0.000402
5090 0 0 -0.000394
5095 0 0 -0.000364
5100 0 0 -0.000346
5105 0 0 -0.000361
5110 0 0 -0.000389
5115 0 0 -0.000402
5120 0 0 -0.000381
5125 0 0 -0.000351
5130 0 0 -0.000346
5135 0 0 -0.000388
5140 0 0 -0.000443
5145 0 0 -0.000460
5150 0 0 -0.000412
5155 0 0 -0.000349
5160 0 0 -0.000344
5165 0 0 -0.000446
5170 0 0 -0.000619
5175 0 0 -0.000806
5180 0 0 -0.000954
5185 0 0 -0.001023
5190 0 0 -0.000978
5195 0 0 -0.000806
5200 0 0 -0.000582
5205 0 0 -0.000402
5210 0 0 -0.000337
5215 0 0 -0.000357
5220 0 0 -0.000404
5225 0 0 -0.000431
5230 0 0 -0.000431
5235 0 0 -0.000404
5240 0 0 -0.000356
5245 0 0 -0.000309
5250 0 0 -0.000288
5255 0 0 -0.000310
5260 0 0 -0.000357
5265 0 0 -0.000404
5270 0 0 -0.000429
5275 0 0 -0.000428
5280 0 0 -0.000404
5285 0 0 -0.000363
5290 0 0 -0.000333
5295 0 0 -0.000346
5300 0 0 -0.000420
5305 0 0 -0.000515
5310 0 0 -0.000576
5315 0 0 -0.000565
5320 0 0 -0.000512
5325 0 0 -0.000462
5330 0 0 -0.000450
5335 0 0 -0.000459
5340 0 0 -0.000460
5345 0 0 -0.000434
5350 0 0 -0.000404
5355 0 0 -0.000402
5360 0 0 -0.000450
5365 0 0 -0.000521
5370 0 0 -0.000576
5375 0 0 -0.000587
5380 0 0 -0.000563
5385 0 0 -0.000520
5390 0 0 -0.000477
5395 0 0 -0.000452
5400 0 0 -0.000460
5405 0 0 -0.000511
5410 0 0 -0.000580
5415 0 0 -0.000634
5420 0 0 -0.000647
5425 0 0 -0.000624
5430 0 0 -0.000576
5435 0 0 -0.000518
5440 0 0 -0.000472
5445 0 0 -0.000462
5450 0 0 -0.000500
5455 0 0 -0.000552
5460 0 0 -0.000576
5465 0 0 -0.000543
5470 0 0 -0.000487
5475 0 0 -0.000462
5480 0 0 -0.000501
5485 0 0 -0.000575
5490 0 0 -0.000634
5495 0 0 -0.000644
5500 0 0 -0.000617
5505 0 0 -0.000576
5510 0 0 -0.000542
5515 0 0 -0.000522
5520 0 0 -0.000520
5525 0 0 -0.000536
5530 0 0 -0.000560
5535 0 0 -0.000576
5540 0 0 -0.000576
5545 0 0 -0.000570
5550 0 0 -0.000576
5555 0 0 -0.000605
5560 0 0 -0.000648
5565 0 0 -0.000690
5570 0 0 -0.000718
5575 0 0 -0.000722
5580 0 0 -0.000690
5585 0 0 -0.000622
5590 0 0 -0.000550
5595 0 0 -0.000518
5600 0 0 -0.000554
5605 0 0 -0.000642
5610 0 0 -0.000750
5615 0 0 -0.000848
5620 0 0 -0.000899
5625 0 0 -0.000864
5630 0 0 -0.000726
5635 0 0 -0.000545
5640 0 0 -0.000404
5645 0 0 -0.000360
5650 0 0 -0.000378
5655 0 0 -0.000402
5660 0 0 -0.000386
5665 0 0 -0.000341
5670 0 0 -0.000288
5675 0 0 -0.000248
5680 0 0 -0.000229
5685 0 0 -0.000232
5690 0 0 -0.000258
5695 0 0 -0.000285
5700 0 0 -0.000288
5705 0 0 -0.000252
5710 0 0 -0.000201
5715 0 0 -0.000172
5720 0 0 -0.000186
5725 0 0 -0.000219
5730 0 0 -0.000230
5735 0 0 -0.000196
5740 0 0 -0.000143
5745 0 0 -0.000114
5750 0 0 -0.000136
5755 0 0 -0.000187
5760 0 0 -0.000230
5765 0 0 -0.000240
5770 0 0 -0.000232
5775 0 0 -0.000230
5780 0 0 -0.000251
5785 0 0 -0.000279
5790 0 0 -0.000288
5795 0 0 -0.000262
5800 0 0 -0.000216
5805 0 0 -0.000174
5810 0 0 -0.000155
5815 0 0 -0.000157
5820 0 0 -0.000172
5825 0 0 -0.000194
5830 0 0 -0.000216
5835 0 0 -0.000230
5840 0 0 -0.000232
5845 0 0 -0.000229
5850 0 0 -0.000230
5855 0 0 -0.000240
5860 0 0 -0.000246
5865 0 0 -0.000232
5870 0 0 -0.000189
5875 0 0 -0.000140
5880 0 0 -0.000116
5885 0 0 -0.000138
5890 0 0 -0.000186
5895 0 0 -0.000230
5900 0 0 -0.000246
5905 0 0 -0.000242
5910 0 0 -0.000230
5915 0 0 -0.000223
5920 0 0 -0.000223
5925 0 0 -0.000230
5930 0 0 -0.000242
5935 0 0 -0.000246
5940 0 0 -0.000230
5945 0 0 -0.000186
5950 0 0 -0.000137
5955 0 0 -0.000114
5960 0 0 -0.000137
5965 0 0 -0.000187
5970 0 0 -0.000230
5975 0 0 -0.000245
5980 0 0 -0.000239
5985 0 0 -0.000230
5990 0 0 -0.000229
5995 0 0 -0.000232
6000 0 0 -0.000230
6005 0 0 -0.000217
6010 0 0 -0.000196
6015 0 0 -0.000174
6020 0 0 -0.000157
6025 0 0 -0.000154
6030 0 0 -0.000174
6035 0 0 -0.000220
6040 0 0 -0.000269
6045 0 0 -0.000288
6050 0 0 -0.000259
6055 0 0 -0.000208
6060 0 0 -0.000172
6065 0 0 -0.000177
6070 0 0 -0.000206
6075 0 0 -0.000232
6080 0 0 -0.000232
6085 0 0 -0.000210
6090 0 0 -0.000174
6095 0 0 -0.000134
6100 0 0 -0.000108
6105 0 0 -0.000116
6110 0 0 -0.000167
6115 0 0 -0.000236
6120 0 0 -0.000288
6125 0 0 -0.000296
6130 0 0 -0.000271
6135 0 0 -0.000232
6140 0 0 -0.000197
6145 0 0 -0.000174
6150 0 0 -0.000174
6155 0 0 -0.000197
6160 0 0 -0.000225
6165 0 0 -0.000230
6170 0 0 -0.000197
6175 0 0 -0.000148
6180 0 0 -0.000116
6185 0 0 -0.000125
6190 0 0 -0.000168
6195 0 0 -0.000232
6200 0 0 -0.000301
6205 0 0 -0.000348
6210 0 0 -0.000344
6215 0 0 -0.000274
6220 0 0 -0.000179
6225 0 0 -0.000114
6230 0 0 -0.000118
6235 0 0 -0.000169
6240 0 0 -0.000230
6245 0 0 -0.000271
6250 0 0 -0.000289
6255 0 0 -0.000288
6260 0 0 -0.000274
6265 0 0 -0.000252
6270 0 0 -0.000230
6275 0 0 -0.000211
6280 0 0 -0.000194
6285 0 0 -0.000174
6290 0 0 -0.000151
6295 0 0 -0.000143
6300 0 0 -0.000172
6305 0 0 -0.000249
6310 0 0 -0.000341
6315 0 0 -0.000402
6320 0 0 -0.000403
6325 0 0 -0.000370
6330 0 0 -0.000346
6335 0 0 -0.000361
6340 0 0 -0.000405
6345 0 0 -0.000460
6350 0 0 -0.000506
6355 0 0 -0.000529
6360 0 0 -0.000518
6365 0 0 -0.000468
6370 0 0 -0.000415
6375 0 0 -0.000402
6380 0 0 -0.000456
6385 0 0 -0.000534
6390 0 0 -0.000576
6395 0 0 -0.000541
6400 0 0 -0.000465
6405 0 0 -0.000404
6410 0 0 -0.000395
6415 0 0 -0.000410
6420 0 0 -0.000402
6425 0 0 -0.000343
6430 0 0 -0.000283
6435 0 0 -0.000288
6440 0 0 -0.000402
6445 0 0 -0.000565
6450 0 0 -0.000692
6455 0 0 -0.000722
6460 0 0 -0.000685
6465 0 0 -0.000634
6470 0 0 -0.000608
6475 0 0 -0.000597
6480 0 0 -0.000578
6485 0 0 -0.000535
6490 0 0 -0.000487
6495 0 0 -0.000460
6500 0 0 -0.000470
6505 0 0 -0.000499
6510 0 0 -0.000518
6515 0 0 -0.000505
6520 0 0 -0.000463
6525 0 0 -0.000402
6530 0 0 -0.000334
6535 0 0 -0.000287
6540 0 0 -0.000290
6545 0 0 -0.000359
6550 0 0 -0.000453
6555 0 0 -0.000518
6560 0 0 -0.000513
6565 0 0 -0.000462
6570 0 0 -0.000404
6575 0 0 -0.000368
6580 0 0 -0.000353
6585 0 0 -0.000346
6590 0 0 -0.000338
6595 0 0 -0.000321
6600 0 0 -0.000288
6605 0 0 -0.000237
6610 0 0 -0.000189
6615 0 0 -0.000172
6620 0 0 -0.000202
6625 0 0 -0.000253
6630 0 0 -0.000288
6635 0 0 -0.000282
6640 0 0 -0.000253
6645 0 0 -0.000232
6650 0 0 -0.000240
6655 0 0 -0.000265
6660 0 0 -0.000288
6665 0 0 -0.000291
6670 0 0 -0.000272
6675 0 0 -0.000232
6680 0 0 -0.000175
6685 0 0 -0.000126
6690 0 0 -0.000114
6695 0 0 -0.000156
6700 0 0 -0.000226
6705 0 0 -0.000288
6710 0 0 -0.000313
6715 0 0 -0.000308
6720 0 0 -0.000288
6725 0 0 -0.000266
6730 0 0 -0.000247
6735 0 0 -0.000230
6740 0 0 -0.000218
6745 0 0 -0.000217
6750 0 0 -0.000232
6755 0 0 -0.000267
6760 0 0 -0.000310
6765 0 0 -0.000346
6770 0 0 -0.000366
6775 0 0 -0.000381
6780 0 0 -0.000404
6785 0 0 -0.000443
6790 0 0 -0.000474
6795 0 0 -0.000462
6800 0 0 -0.000391
6805 0 0 -0.000310
6810 0 0 -0.000286
6815 0 0 -0.000360
6820 0 0 -0.000482
6825 0 0 -0.000576
6830 0 0 -0.000589
6835 0 0 -0.000552
6840 0 0 -0.000518
6845 0 0 -0.000531
6850 0 0 -0.000605
6855 0 0 -0.000748
6860 0 0 -0.000947
6865 0 0 -0.001116
6870 0 0 -0.001152
6875 0 0 -0.000996
6880 0 0 -0.000768
6885 0 0 -0.000634
6890 0 0 -0.000710
6895 0 0 -0.000909
6900 0 0 -0.001094
6905 0 0 -0.001159
6910 0 0 -0.001123
6915 0 0 -0.001036
6920 0 0 -0.000943
6925 0 0 -0.000862
6930 0 0 -0.000806
6935 0 0 -0.000782
6940 0 0 -0.000771
6945 0 0 -0.000748
6950 0 0 -0.000696
6955 0 0 -0.000631
6960 0 0 -0.000576
6965 0 0 -0.000551
6970 0 0 -0.000554
6975 0 0 -0.000578
6980 0 0 -0.000613
6985 0 0 -0.000640
6990 0 0 -0.000636
6995 0 0 -0.000590
7000 0 0 -0.000536
7005 0 0 -0.000518
7010 0 0 -0.000564
7015 0 0 -0.000639
7020 0 0 -0.000692
7025 0 0 -0.000685
7030 0 0 -0.000635
7035 0 0 -0.000576
7040 0 0 -0.000534
7045 0 0 -0.000514
7050 0 0 -0.000518
7055 0 0 -0.000543
7060 0 0 -0.000569
7065 0 0 -0.000576
7070 0 0 -0.000548
7075 0 0 -0.000502
7080 0 0 -0.000462
7085 0 0 -0.000448
7090 0 0 -0.000451
7095 0 0 -0.000460
7100 0 0 -0.000463
7105 0 0 -0.000463
7110 0 0 -0.000462
7115 0 0 -0.000464
7120 0 0 -0.000465
7125 0 0 -0.000462
7130 0 0 -0.000451
7135 0 0 -0.000431
7140 0 0 -0.000402
7145 0 0 -0.000366
7150 0 0 -0.000340
7155 0 0 -0.000344
7160 0 0 -0.000390
7165 0 0 -0.000457
7170 0 0 -0.000518
7175 0 0 -0.000549
7180 0 0 -0.000549
7185 0 0 -0.000518
7190 0 0 -0.000463
7195 0 0 -0.000399
7200 0 0 -0.000346
7205 0 0 -0.000320
7210 0 0 -0.000320
7215 0 0 -0.000344
7220 0 0 -0.000386
7225 0 0 -0.000431
7230 0 0 -0.000460
7235 0 0 -0.000463
7240 0 0 -0.000456
7245 0 0 -0.000460
7250 0 0 -0.000488
7255 0 0 -0.000518
7260 0 0 -0.000518
7265 0 0 -0.000468
7270 0 0 -0.000397
7275 0 0 -0.000346
7280 0 0 -0.000345
7285 0 0 -0.000375
7290 0 0 -0.000404
7295 0 0 -0.000410
7300 0 0 -0.000404
7305 0 0 -0.000404
7310 0 0 -0.000423
7315 0 0 -0.000449
7320 0 0 -0.000462
7325 0 0 -0.000448
7330 0 0 -0.000407
7335 0 0 -0.000344
7340 0 0 -0.000264
7345 0 0 -0.000182
7350 0 0 -0.000116
7355 0 0 -0.000079
7360 0 0 -0.000078
7365 0 0 -0.000114
7370 0 0 -0.000184
7375 0 0 -0.000255
7380 0 0 -0.000288
7385 0 0 -0.000258
7390 0 0 -0.000203
7395 0 0 -0.000174
7400 0 0 -0.000205
7405 0 0 -0.000261
7410 0 0 -0.000288
7415 0 0 -0.000249
7420 0 0 -0.000176
7425 0 0 -0.000116
7430 0 0 -0.000105
7435 0 0 -0.000131
7440 0 0 -0.000172
7445 0 0 -0.000207
7450 0 0 -0.000229
7455 0 0 -0.000230
7460 0 0 -0.000210
7465 0 0 -0.000184
7470 0 0 -0.000172
7475 0 0 -0.000186
7480 0 0 -0.000213
7485 0 0 -0.000232
7490 0 0 -0.000228
7495 0 0 -0.000205
7500 0 0 -0.000172
7505 0 0 -0.000138
7510 0 0 -0.000115
7515 0 0 -0.000116
7520 0 0 -0.000147
7525 0 0 -0.000193
7530 0 0 -0.000230
7535 0 0 -0.000243
7540 0 0 -0.000239
7545 0 0 -0.000232
7550 0 0 -0.000231
7555 0 0 -0.000233
7560 0 0 -0.000232
7565 0 0 -0.000222
7570 0 0 -0.000202
7575 0 0 -0.000174
7580 0 0 -0.000140
7585 0 0 -0.000115
7590 0 0 -0.000116
7595 0 0 -0.000152
7600 0 0 -0.000200
7605 0 0 -0.000230
7610 0 0 -0.000221
7615 0 0 -0.000193
7620 0 0 -0.000174
7625 0 0 -0.000185
7630 0 0 -0.000212
7635 0 0 -0.000232
7640 0 0 -0.000227
7645 0 0 -0.000204
7650 0 0 -0.000172
7655 0 0 -0.000144
7660 0 0 -0.000138
7665 0 0 -0.000172
7670 0 0 -0.000254
7675 0 0 -0.000347
7680 0 0 -0.000404
7685 0 0 -0.000392
7690 0 0 -0.000339
7695 0 0 -0.000288
7700 0 0 -0.000272
7705 0 0 -0.000280
7710 0 0 -0.000288
7715 0 0 -0.000279
7720 0 0 -0.000257
7725 0 0 -0.000230
7730 0 0 -0.000205
7735 0 0 -0.000185
7740 0 0 -0.000172
7745 0 0 -0.000167
7750 0 0 -0.000168
7755 0 0 -0.000172
7760 0 0 -0.000176
7765 0 0 -0.000177
7770 0 0 -0.000172
7775 0 0 -0.000162
7780 0 0 -0.000157
7785 0 0 -0.000172
7790 0 0 -0.000214
7795 0 0 -0.000262
7800 0 0 -0.000288
7805 0 0 -0.000272
7810 0 0 -0.000227
7815 0 0 -0.000172
7820 0 0 -0.000126
7825 0 0 -0.000103
7830 0 0 -0.000116
7835 0 0 -0.000170
7840 0 0 -0.000238
7845 0 0 -0.000288
7850 0 0 -0.000295
7855 0 0 -0.000269
7860 0 0 -0.000230
7865 0 0 -0.000195
7870 0 0 -0.000173
7875 0 0 -0.000172
7880 0 0 -0.000193
7885 0 0 -0.000220
7890 0 0 -0.000232
7895 0 0 -0.000216
7900 0 0 -0.000188
7905 0 0 -0.000174
7910 0 0 -0.000190
7915 0 0 -0.000218
7920 0 0 -0.000230
7925 0 0 -0.000210
7930 0 0 -0.000180
7935 0 0 -0.000172
7940 0 0 -0.000205
7945 0 0 -0.000256
7950 0 0 -0.000288
7955 0 0 -0.000275
7960 0 0 -0.000229
7965 0 0 -0.000172
7970 0 0 -0.000124
7975 0 0 -0.000100
7980 0 0 -0.000116
7985 0 0 -0.000177
7990 0 0 -0.000248
7995 0 0 -0.000288
8000 0 0 -0.000266
8005 0 0 -0.000213
8010 0 0 -0.000172
8015 0 0 -0.000175
8020 0 0 -0.000204
8025 0 0 -0.000230
8030 0 0 -0.000230
8035 0 0 -0.000208
8040 0 0 -0.000174
8045 0 0 -0.000141
8050 0 0 -0.000132
8055 0 0 -0.000172
8060 0 0 -0.000273
8065 0 0 -0.000390
8070 0 0 -0.000462
8075 0 0 -0.000448
8080 0 0 -0.000375
8085 0 0 -0.000288
8090 0 0 -0.000224
8095 0 0 -0.000188
8100 0 0 -0.000174
8105 0 0 -0.000179
8110 0 0 -0.000199
8115 0 0 -0.000230
8120 0 0 -0.000267
8125 0 0 -0.000293
8130 0 0 -0.000288
8135 0 0 -0.000243
8140 0 0 -0.000190
8145 0 0 -0.000172
8150 0 0 -0.000216
8155 0 0 -0.000289
8160 0 0 -0.000346
8165 0 0 -0.000351
8170 0 0 -0.000322
8175 0 0 -0.000288
8180 0 0 -0.000272
8185 0 0 -0.000275
8190 0 0 -0.000288
8195 0 0 -0.000304
8200 0 0 -0.000309
8205 0 0 -0.000288
8210 0 0 -0.000235
8215 0 0 -0.000183
8220 0 0 -0.000172
8225 0 0 -0.000229
8230 0 0 -0.000322
8235 0 0 -0.000402
8240 0 0 -0.000432
8245 0 0 -0.000410
8250 0 0 -0.000344
8255 0 0 -0.000254
8260 0 0 -0.000209
8265 0 0 -0.000288
8270 0 0 -0.000536
8275 0 0 -0.000851
8280 0 0 -0.001094
8285 0 0 -0.001162
8290 0 0 -0.001098
8295 0 0 -0.000980
8300 0 0 -0.000875
8305 0 0 -0.000797
8310 0 0 -0.000748
8315 0 0 -0.000726
8320 0 0 -0.000714
8325 0 0 -0.000692
8330 0 0 -0.000647
8335 0 0 -0.000598
8340 0 0 -0.000574
8345 0 0 -0.000593
8350 0 0 -0.000640
8355 0 0 -0.000692
8360 0 0 -0.000731
8365 0 0 -0.000750
8370 0 0 -0.000750
8375 0 0 -0.000731
8380 0 0 -0.000707
8385 0 0 -0.000692
8390 0 0 -0.000697
8395 0 0 -0.000704
8400 0 0 -0.000692
8405 0 0 -0.000645
8410 0 0 -0.000579
8415 0 0 -0.000518
8420 0 0 -0.000478
8425 0 0 -0.000446
8430 0 0 -0.000402
8435 0 0 -0.000335
8440 0 0 -0.000267
8445 0 0 -0.000230
8450 0 0 -0.000245
8455 0 0 -0.000293
8460 0 0 -0.000346
8465 0 0 -0.000381
8470 0 0 -0.000398
8475 0 0 -0.000404
8480 0 0 -0.000405
8485 0 0 -0.000404
8490 0 0 -0.000404
8495 0 0 -0.000406
8500 0 0 -0.000407
8505 0 0 -0.000402
8510 0 0 -0.000389
8515 0 0 -0.000369
8520 0 0 -0.000346
8525 0 0 -0.000323
8530 0 0 -0.000303
8535 0 0 -0.000288
8540 0 0 -0.000279
8545 0 0 -0.000278
8550 0 0 -0.000288
8555 0 0 -0.000308
8560 0 0 -0.000330
8565 0 0 -0.000346
8570 0 0 -0.000349
8575 0 0 -0.000346
8580 0 0 -0.000346
8585 0 0 -0.000355
8590 0 0 -0.000361
8595 0 0 -0.000346
8600 0 0 -0.000301
8605 0 0 -0.000252
8610 0 0 -0.000230
8615 0 0 -0.000258
8620 0 0 -0.000308
8625 0 0 -0.000344
8630 0 0 -0.000338
8635 0 0 -0.000309
8640 0 0 -0.000288
8645 0 0 -0.000297
8650 0 0 -0.000323
8655 0 0 -0.000346
8660 0 0 -0.000351
8665 0 0 -0.000346
8670 0 0 -0.000344
8675 0 0 -0.000353
8680 0 0 -0.000359
8685 0 0 -0.000346
8690 0 0 -0.000303
8695 0 0 -0.000253
8700 0 0 -0.000230
8705 0 0 -0.000252
8710 0 0 -0.000286
8715 0 0 -0.000288
8720 0 0 -0.000229
8725 0 0 -0.000152
8730 0 0 -0.000116
8735 0 0 -0.000160
8740 0 0 -0.000240
8745 0 0 -0.000288
8750 0 0 -0.000258
8755 0 0 -0.000183
8760 0 0 -0.000116
8765 0 0 -0.000097
8770 0 0 -0.000122
8775 0 0 -0.000172
8780 0 0 -0.000230
8785 0 0 -0.000276
8790 0 0 -0.000288
8795 0 0 -0.000256
8800 0 0 -0.000205
8805 0 0 -0.000174
8810 0 0 -0.000186
8815 0 0 -0.000217
8820 0 0 -0.000230
8825 0 0 -0.000200
8830 0 0 -0.000151
8835 0 0 -0.000116
8840 0 0 -0.000124
8845 0 0 -0.000182
8850 0 0 -0.000288
8855 0 0 -0.000432
8860 0 0 -0.000552
8865 0 0 -0.000578
8870 0 0 -0.000467
8875 0 0 -0.000296
8880 0 0 -0.000172
8885 0 0 -0.000170
8890 0 0 -0.000237
8895 0 0 -0.000288
8900 0 0 -0.000260
8905 0 0 -0.000184
8910 0 0 -0.000116
8915 0 0 -0.000097
8920 0 0 -0.000123
8925 0 0 -0.000174
8930 0 0 -0.000233
8935 0 0 -0.000278
8940 0 0 -0.000288
8945 0 0 -0.000251
8950 0 0 -0.000198
8955 0 0 -0.000174
8960 0 0 -0.000206
8965 0 0 -0.000260
8970 0 0 -0.000288
8975 0 0 -0.000255
8980 0 0 -0.000185
8985 0 0 -0.000116
8990 0 0 -0.000078
8995 0 0 -0.000078
9000 0 0 -0.000116
9005 0 0 -0.000185
9010 0 0 -0.000254
9015 0 0 -0.000288
9020 0 0 -0.000263
9025 0 0 -0.000209
9030 0 0 -0.000172
9035 0 0 -0.000182
9040 0 0 -0.000214
9045 0 0 -0.000230
9050 0 0 -0.000204
9055 0 0 -0.000155
9060 0 0 -0.000116
9065 0 0 -0.000110
9070 0 0 -0.000133
9075 0 0 -0.000174
9080 0 0 -0.000221
9085 0 0 -0.000263
9090 0 0 -0.000288
9095 0 0 -0.000289
9100 0 0 -0.000268
9105 0 0 -0.000230
9110 0 0 -0.000183
9115 0 0 -0.000139
9120 0 0 -0.000114
9125 0 0 -0.000118
9130 0 0 -0.000141
9135 0 0 -0.000172
9140 0 0 -0.000199
9145 0 0 -0.000218
9150 0 0 -0.000230
9155 0 0 -0.000233
9160 0 0 -0.000232
9165 0 0 -0.000230
9170 0 0 -0.000231
9175 0 0 -0.000233
9180 0 0 -0.000230
9185 0 0 -0.000220
9190 0 0 -0.000202
9195 0 0 -0.000174
9200 0 0 -0.000140
9205 0 0 -0.000115
9210 0 0 -0.000116
9215 0 0 -0.000154
9220 0 0 -0.000203
9225 0 0 -0.000230
9230 0 0 -0.000214
9235 0 0 -0.000182
9240 0 0 -0.000172
9245 0 0 -0.000209
9250 0 0 -0.000263
9255 0 0 -0.000288
9260 0 0 -0.000256
9265 0 0 -0.000201
9270 0 0 -0.000174
9275 0 0 -0.000211
9280 0 0 -0.000283
9285 0 0 -0.000346
9290 0 0 -0.000368
9295 0 0 -0.000360
9300 0 0 -0.000346
9305 0 0 -0.000343
9310 0 0 -0.000346
9315 0 0 -0.000346
9320 0 0 -0.000334
9325 0 0 -0.000314
9330 0 0 -0.000288
9335 0 0 -0.000262
9340 0 0 -0.000241
9345 0 0 -0.000230
9350 0 0 -0.000233
9355 0 0 -0.000252
9360 0 0 -0.000288
9365 0 0 -0.000339
9370 0 0 -0.000385
9375 0 0 -0.000404
9380 0 0 -0.000382
9385 0 0 -0.000349
9390 0 0 -0.000344
9395 0 0 -0.000391
9400 0 0 -0.000449
9405 0 0 -0.000462
9410 0 0 -0.000393
9415 0 0 -0.000292
9420 0 0 -0.000230
9425 0 0 -0.000258
9430 0 0 -0.000349
9435 0 0 -0.000460
9440 0 0 -0.000549
9445 0 0 -0.000593
9450 0 0 -0.000576
9455 0 0 -0.000499
9460 0 0 -0.000446
9465 0 0 -0.000518
9470 0 0 -0.000774
9475 0 0 -0.001097
9480 0 0 -0.001324
9485 0 0 -0.001339
9490 0 0 -0.001207
9495 0 0 -0.001036
9500 0 0 -0.000916
9505 0 0 -0.000861
9510 0 0 -0.000864
9515 0 0 -0.000912
9520 0 0 -0.000965
9525 0 0 -0.000980
9530 0 0 -0.000923
9535 0 0 -0.000816
9540 0 0 -0.000692
9545 0 0 -0.000582
9550 0 0 -0.000501
9555 0 0 -0.000462
9560 0 0 -0.000473
9565 0 0 -0.000532
9570 0 0 -0.000634
9575 0 0 -0.000766
9580 0 0 -0.000881
9585 0 0 -0.000922
9590 0 0 -0.000851
9595 0 0 -0.000699
9600 0 0 -0.000518
9605 0 0 -0.000357
9610 0 0 -0.000264
9615 0 0 -0.000288
9620 0 0 -0.000455
9625 0 0 -0.000696
9630 0 0 -0.000922
9635 0 0 -0.001059
9640 0 0 -0.001109
9645 0 0 -0.001094
9650 0 0 -0.001031
9655 0 0 -0.000932
9660 0 0 -0.000806
9665 0 0 -0.000663
9670 0 0 -0.000523
9675 0 0 -0.000404
9680 0 0 -0.000324
9685 0 0 -0.000285
9690 0 0 -0.000288
9695 0 0 -0.000327
9700 0 0 -0.000376
9705 0 0 -0.000404
9710 0 0 -0.000392
9715 0 0 -0.000361
9720 0 0 -0.000344
9725 0 0 -0.000364
9730 0 0 -0.000410
9735 0 0 -0.000460
9740 0 0 -0.000500
9745 0 0 -0.000534
9750 0 0 -0.000576
9755 0 0 -0.000630
9760 0 0 -0.000676
9765 0 0 -0.000690
9770 0 0 -0.000655
9775 0 0 -0.000589
9780 0 0 -0.000520
9785 0 0 -0.000472
9790 0 0 -0.000451
9795 0 0 -0.000460
9800 0 0 -0.000498
9805 0 0 -0.000545
9810 0 0 -0.000576
9815 0 0 -0.000573
9820 0 0 -0.000547
9825 0 0 -0.000518
9830 0 0 -0.000499
9835 0 0 -0.000484
9840 0 0 -0.000460
9845 0 0 -0.000421
9850 0 0 -0.000377
9855 0 0 -0.000346
9860 0 0 -0.000338
9865 0 0 -0.000343
9870 0 0 -0.000346
9875 0 0 -0.000336
9880 0 0 -0.000330
9885 0 0 -0.000346
9890 0 0 -0.000396
9895 0 0 -0.000448
9900 0 0 -0.000460
9905 0 0 -0.000406
9910 0 0 -0.000329
9915 0 0 -0.000288
9920 0 0 -0.000323
9925 0 0 -0.000398
9930 0 0 -0.000460
9935 0 0 -0.000469
9940 0 0 -0.000439
9945 0 0 -0.000402
9950 0 0 -0.000381
9955 0 0 -0.000381
9960 0 0 -0.000402
9965 0 0 -0.000438
9970 0 0 -0.000467
9975 0 0 -0.000460
9980 0 0 -0.000402
9985 0 0 -0.000328
9990 0 0 -0.000288
9995 0 0 -0.000313
10000 0 0 -0.000369
10005 0 0 -0.000404
10010 0 0 -0.000381
10015 0 0 -0.000328
10020 0 0 -0.000288
10025 0 0 -0.000291
10030 0 0 -0.000320
10035 0 0 -0.000346
10040 0 0 -0.000349
10045 0 0 -0.000342
10050 0 0 -0.000346
10055 0 0 -0.000376
10060 0 0 -0.000420
10065 0 0 -0.000462
10070 0 0 -0.000485
10075 0 0 -0.000470
