0 0 0 -0.000470
5 0 0 -0.000498
10 0 0 -0.000510
15 0 0 -0.000510
20 0 0 -0.000503
25 0 0 -0.000491
30 0 0 -0.000480
35 0 0 -0.000472
40 0 0 -0.000465
45 0 0 -0.000460
50 0 0 -0.000454
55 0 0 -0.000447
60 0 0 -0.000440
65 0 0 -0.000431
70 0 0 -0.000416
75 0 0 -0.000390
80 0 0 -0.000350
85 0 0 -0.000305
90 0 0 -0.000270
95 0 0 -0.000253
100 0 0 -0.000250
105 0 0 -0.000250
110 0 0 -0.000248
115 0 0 -0.000243
120 0 0 -0.000240
125 0 0 -0.000239
130 0 0 -0.000235
135 0 0 -0.000220
140 0 0 -0.000192
145 0 0 -0.000163
150 0 0 -0.000150
155 0 0 -0.000164
160 0 0 -0.000193
165 0 0 -0.000220
170 0 0 -0.000232
175 0 0 -0.000228
180 0 0 -0.000210
185 0 0 -0.000184
190 0 0 -0.000162
195 0 0 -0.000160
200 0 0 -0.000186
205 0 0 -0.000222
210 0 0 -0.000240
215 0 0 -0.000223
220 0 0 -0.000188
225 0 0 -0.000160
230 0 0 -0.000159
235 0 0 -0.000177
240 0 0 -0.000200
245 0 0 -0.000217
250 0 0 -0.000221
255 0 0 -0.000210
260 0 0 -0.000183
265 0 0 -0.000157
270 0 0 -0.000150
275 0 0 -0.000175
280 0 0 -0.000217
285 0 0 -0.000250
290 0 0 -0.000259
295 0 0 -0.000256
300 0 0 -0.000260
305 0 0 -0.000283
310 0 0 -0.000313
315 0 0 -0.000330
320 0 0 -0.000320
325 0 0 -0.000294
330 0 0 -0.000270
335 0 0 -0.000261
340 0 0 -0.000268
345 0 0 -0.000290
350 0 0 -0.000322
355 0 0 -0.000349
360 0 0 -0.000350
365 0 0 -0.000316
370 0 0 -0.000272
375 0 0 -0.000250
380 0 0 -0.000273
385 0 0 -0.000318
390 0 0 -0.000350
395 0 0 -0.000345
400 0 0 -0.000317
405 0 0 -0.000290
410 0 0 -0.000282
415 0 0 -0.000289
420 0 0 -0.000300
425 0 0 -0.000307
430 0 0 -0.000307
435 0 0 -0.000300
440 0 0 -0.000289
445 0 0 -0.000284
450 0 0 -0.000300
455 0 0 -0.000342
460 0 0 -0.000383
465 0 0 -0.000390
470 0 0 -0.000341
475 0 0 -0.000267
480 0 0 -0.000210
485 0 0 -0.000201
490 0 0 -0.000221
495 0 0 -0.000240
500 0 0 -0.000235
505 0 0 -0.000213
510 0 0 -0.000190
515 0 0 -0.000178
520 0 0 -0.000181
525 0 0 -0.000200
530 0 0 -0.000234
535 0 0 -0.000267
540 0 0 -0.000280
545 0 0 -0.000260
550 0 0 -0.000222
555 0 0 -0.000190
560 0 0 -0.000183
565 0 0 -0.000208
570 0 0 -0.000270
575 0 0 -0.000368
580 0 0 -0.000481
585 0 0 -0.000580
590 0 0 -0.000643
595 0 0 -0.000664
600 0 0 -0.000640
605 0 0 -0.000578
610 0 0 -0.000510
615 0 0 -0.000480
620 0 0 -0.000513
625 0 0 -0.000579
630 0 0 -0.000630
635 0 0 -0.000635
640 0 0 -0.000613
645 0 0 -0.000600
650 0 0 -0.000616
655 0 0 -0.000631
660 0 0 -0.000600
665 0 0 -0.000510
670 0 0 -0.000462
675 0 0 -0.000590
680 0 0 -0.000970
685 0 0 -0.001459
690 0 0 -0.001860
695 0 0 -0.002027
700 0 0 -0.002020
705 0 0 -0.001950
710 0 0 -0.001907
715 0 0 -0.001889
720 0 0 -0.001870
725 0 0 -0.001833
730 0 0 -0.001782
735 0 0 -0.001730
740 0 0 -0.001687
745 0 0 -0.001656
750 0 0 -0.001640
755 0 0 -0.001644
760 0 0 -0.001689
765 0 0 -0.001800
770 0 0 -0.001979
775 0 0 -0.002147
780 0 0 -0.002200
785 0 0 -0.002077
790 0 0 -0.001875
795 0 0 -0.001730
800 0 0 -0.001741
805 0 0 -0.001849
810 0 0 -0.001960
815 0 0 -0.001999
820 0 0 -0.001980
825 0 0 -0.001940
830 0 0 -0.001909
835 0 0 -0.001885
840 0 0 -0.001860
845 0 0 -0.001825
850 0 0 -0.001766
855 0 0 -0.001670
860 0 0 -0.001527
865 0 0 -0.001344
870 0 0 -0.001130
875 0 0 -0.000900
880 0 0 -0.000688
885 0 0 -0.000530
890 0 0 -0.000451
895 0 0 -0.000427
900 0 0 -0.000420
905 0 0 -0.000413
910 0 0 -0.000472
915 0 0 -0.000680
920 0 0 -0.001079
925 0 0 -0.001538
930 0 0 -0.001880
935 0 0 -0.001993
940 0 0 -0.002013
945 0 0 -0.002140
950 0 0 -0.002503
955 0 0 -0.002945
960 0 0 -0.003240
965 0 0 -0.003215
970 0 0 -0.002923
975 0 0 -0.002470
980 0 0 -0.001969
985 0 0 -0.001553
990 0 0 -0.001360
995 0 0 -0.001468
1000 0 0 -0.001720
1005 0 0 -0.001900
1010 0 0 -0.001857
1015 0 0 -0.001709
1020 0 0 -0.001640
1025 0 0 -0.001775
1030 0 0 -0.002009
1035 0 0 -0.002180
1040 0 0 -0.002167
1045 0 0 -0.002019
1050 0 0 -0.001830
1055 0 0 -0.001676
1060 0 0 -0.001575
1065 0 0 -0.001530
1070 0 0 -0.001538
1075 0 0 -0.001572
1080 0 0 -0.001600
1085 0 0 -0.001599
1090 0 0 -0.001585
1095 0 0 -0.001580
1100 0 0 -0.001599
1105 0 0 -0.001612
1110 0 0 -0.001580
1115 0 0 -0.001476
1120 0 0 -0.001329
1125 0 0 -0.001180
1130 0 0 -0.001061
1135 0 0 -0.000959
1140 0 0 -0.000850
1145 0 0 -0.000722
1150 0 0 -0.000609
1155 0 0 -0.000560
1160 0 0 -0.000603
1165 0 0 -0.000694
1170 0 0 -0.000770
1175 0 0 -0.000785
1180 0 0 -0.000754
1185 0 0 -0.000710
1190 0 0 -0.000677
1195 0 0 -0.000650
1200 0 0 -0.000620
1205 0 0 -0.000579
1210 0 0 -0.000538
1215 0 0 -0.000510
1220 0 0 -0.000507
1225 0 0 -0.000530
1230 0 0 -0.000580
1235 0 0 -0.000650
1240 0 0 -0.000714
1245 0 0 -0.000740
1250 0 0 -0.000709
1255 0 0 -0.000651
1260 0 0 -0.000610
1265 0 0 -0.000616
1270 0 0 -0.000647
1275 0 0 -0.000670
1280 0 0 -0.000660
1285 0 0 -0.000629
1290 0 0 -0.000600
1295 0 0 -0.000590
1300 0 0 -0.000598
1305 0 0 -0.000620
1310 0 0 -0.000651
1315 0 0 -0.000686
1320 0 0 -0.000720
1325 0 0 -0.000747
1330 0 0 -0.000762
1335 0 0 -0.000760
1340 0 0 -0.000736
1345 0 0 -0.000692
1350 0 0 -0.000630
1355 0 0 -0.000557
1360 0 0 -0.000503
1365 0 0 -0.000500
1370 0 0 -0.000567
1375 0 0 -0.000663
1380 0 0 -0.000730
1385 0 0 -0.000727
1390 0 0 -0.000672
1395 0 0 -0.000600
1400 0 0 -0.000539
1405 0 0 -0.000500
1410 0 0 -0.000490
1415 0 0 -0.000510
1420 0 0 -0.000539
1425 0 0 -0.000550
1430 0 0 -0.000526
1435 0 0 -0.000478
1440 0 0 -0.000430
1445 0 0 -0.000398
1450 0 0 -0.000385
1455 0 0 -0.000390
1460 0 0 -0.000411
1465 0 0 -0.000436
1470 0 0 -0.000450
1475 0 0 -0.000444
1480 0 0 -0.000421
1485 0 0 -0.000390
1490 0 0 -0.000358
1495 0 0 -0.000330
1500 0 0 -0.000310
1505 0 0 -0.000301
1510 0 0 -0.000299
1515 0 0 -0.000300
1520 0 0 -0.000300
1525 0 0 -0.000297
1530 0 0 -0.000290
1535 0 0 -0.000278
1540 0 0 -0.000264
1545 0 0 -0.000250
1550 0 0 -0.000240
1555 0 0 -0.000239
1560 0 0 -0.000250
1565 0 0 -0.000277
1570 0 0 -0.000318
1575 0 0 -0.000370
1580 0 0 -0.000429
1585 0 0 -0.000480
1590 0 0 -0.000510
1595 0 0 -0.000508
1600 0 0 -0.000485
1605 0 0 -0.000460
1610 0 0 -0.000445
1615 0 0 -0.000434
1620 0 0 -0.000420
1625 0 0 -0.000395
1630 0 0 -0.000360
1635 0 0 -0.000320
1640 0 0 -0.000279
1645 0 0 -0.000244
1650 0 0 -0.000220
1655 0 0 -0.000212
1660 0 0 -0.000215
1665 0 0 -0.000220
1670 0 0 -0.000221
1675 0 0 -0.000215
1680 0 0 -0.000200
1685 0 0 -0.000177
1690 0 0 -0.000156
1695 0 0 -0.000150
1700 0 0 -0.000167
1705 0 0 -0.000196
1710 0 0 -0.000220
1715 0 0 -0.000228
1720 0 0 -0.000224
1725 0 0 -0.000220
1730 0 0 -0.000223
1735 0 0 -0.000236
1740 0 0 -0.000260
1745 0 0 -0.000293
1750 0 0 -0.000324
1755 0 0 -0.000340
1760 0 0 -0.000333
1765 0 0 -0.000309
1770 0 0 -0.000280
1775 0 0 -0.000257
1780 0 0 -0.000245
1785 0 0 -0.000250
1790 0 0 -0.000273
1795 0 0 -0.000302
1800 0 0 -0.000320
1805 0 0 -0.000315
1810 0 0 -0.000295
1815 0 0 -0.000270
1820 0 0 -0.000251
1825 0 0 -0.000243
1830 0 0 -0.000250
1835 0 0 -0.000274
1840 0 0 -0.000300
1845 0 0 -0.000310
1850 0 0 -0.000294
1855 0 0 -0.000264
1860 0 0 -0.000240
1865 0 0 -0.000238
1870 0 0 -0.000254
1875 0 0 -0.000280
1880 0 0 -0.000309
1885 0 0 -0.000334
1890 0 0 -0.000350
1895 0 0 -0.000351
1900 0 0 -0.000340
1905 0 0 -0.000320
1910 0 0 -0.000295
1915 0 0 -0.000273
1920 0 0 -0.000260
1925 0 0 -0.000261
1930 0 0 -0.000263
1935 0 0 -0.000250
1940 0 0 -0.000213
1945 0 0 -0.000169
1950 0 0 -0.000140
1955 0 0 -0.000143
1960 0 0 -0.000168
1965 0 0 -0.000200
1970 0 0 -0.000224
1975 0 0 -0.000235
1980 0 0 -0.000230
1985 0 0 -0.000210
1990 0 0 -0.000188
1995 0 0 -0.000180
2000 0 0 -0.000196
2005 0 0 -0.000223
2010 0 0 -0.000240
2015 0 0 -0.000235
2020 0 0 -0.000219
2025 0 0 -0.000210
2030 0 0 -0.000219
2035 0 0 -0.000235
2040 0 0 -0.000240
2045 0 0 -0.000223
2050 0 0 -0.000197
2055 0 0 -0.000180
2060 0 0 -0.000187
2065 0 0 -0.000214
2070 0 0 -0.000250
2075 0 0 -0.000287
2080 0 0 -0.000314
2085 0 0 -0.000320
2090 0 0 -0.000299
2095 0 0 -0.000263
2100 0 0 -0.000230
2105 0 0 -0.000214
2110 0 0 -0.000223
2115 0 0 -0.000260
2120 0 0 -0.000324
2125 0 0 -0.000388
2130 0 0 -0.000420
2135 0 0 -0.000399
2140 0 0 -0.000350
2145 0 0 -0.000310
2150 0 0 -0.000307
2155 0 0 -0.000335
2160 0 0 -0.000380
2165 0 0 -0.000427
2170 0 0 -0.000459
2175 0 0 -0.000460
2180 0 0 -0.000420
2185 0 0 -0.000366
2190 0 0 -0.000330
2195 0 0 -0.000337
2200 0 0 -0.000369
2205 0 0 -0.000400
2210 0 0 -0.000408
2215 0 0 -0.000395
2220 0 0 -0.000370
2225 0 0 -0.000341
2230 0 0 -0.000318
2235 0 0 -0.000310
2240 0 0 -0.000323
2245 0 0 -0.000343
2250 0 0 -0.000350
2255 0 0 -0.000332
2260 0 0 -0.000303
2265 0 0 -0.000280
2270 0 0 -0.000279
2275 0 0 -0.000292
2280 0 0 -0.000310
2285 0 0 -0.000321
2290 0 0 -0.000322
2295 0 0 -0.000310
2300 0 0 -0.000285
2305 0 0 -0.000262
2310 0 0 -0.000260
2315 0 0 -0.000289
2320 0 0 -0.000328
2325 0 0 -0.000350
2330 0 0 -0.000335
2335 0 0 -0.000300
2340 0 0 -0.000270
2345 0 0 -0.000264
2350 0 0 -0.000278
2355 0 0 -0.000300
2360 0 0 -0.000320
2365 0 0 -0.000329
2370 0 0 -0.000320
2375 0 0 -0.000289
2380 0 0 -0.000254
2385 0 0 -0.000240
2390 0 0 -0.000261
2395 0 0 -0.000300
2400 0 0 -0.000330
2405 0 0 -0.000333
2410 0 0 -0.000317
2415 0 0 -0.000300
2420 0 0 -0.000307
2425 0 0 -0.000405
2430 0 0 -0.000670
2435 0 0 -0.001128
2440 0 0 -0.001602
2445 0 0 -0.001860
2450 0 0 -0.001753
2455 0 0 -0.001445
2460 0 0 -0.001180
2465 0 0 -0.001144
2470 0 0 -0.001299
2475 0 0 -0.001550
2480 0 0 -0.001809
2485 0 0 -0.002019
2490 0 0 -0.002130
2495 0 0 -0.002113
2500 0 0 -0.002020
2505 0 0 -0.001920
2510 0 0 -0.001865
2515 0 0 -0.001825
2520 0 0 -0.001750
2525 0 0 -0.001610
2530 0 0 -0.001454
2535 0 0 -0.001350
2540 0 0 -0.001345
2545 0 0 -0.001396
2550 0 0 -0.001440
2555 0 0 -0.001427
2560 0 0 -0.001373
2565 0 0 -0.001310
2570 0 0 -0.001261
2575 0 0 -0.001225
2580 0 0 -0.001190
2585 0 0 -0.001154
2590 0 0 -0.001138
2595 0 0 -0.001170
2600 0 0 -0.001260
2605 0 0 -0.001349
2610 0 0 -0.001360
2615 0 0 -0.001241
2620 0 0 -0.001035
2625 0 0 -0.000810
2630 0 0 -0.000624
2635 0 0 -0.000489
2640 0 0 -0.000410
2645 0 0 -0.000385
2650 0 0 -0.000401
2655 0 0 -0.000440
2660 0 0 -0.000487
2665 0 0 -0.000536
2670 0 0 -0.000580
2675 0 0 -0.000616
2680 0 0 -0.000640
2685 0 0 -0.000650
2690 0 0 -0.000645
2695 0 0 -0.000637
2700 0 0 -0.000640
2705 0 0 -0.000662
2710 0 0 -0.000687
2715 0 0 -0.000690
2720 0 0 -0.000659
2725 0 0 -0.000620
2730 0 0 -0.000610
2735 0 0 -0.000652
2740 0 0 -0.000714
2745 0 0 -0.000750
2750 0 0 -0.000728
2755 0 0 -0.000674
2760 0 0 -0.000630
2765 0 0 -0.000624
2770 0 0 -0.000638
2775 0 0 -0.000640
2780 0 0 -0.000608
2785 0 0 -0.000559
2790 0 0 -0.000520
2795 0 0 -0.000511
2800 0 0 -0.000530
2805 0 0 -0.000570
2810 0 0 -0.000622
2815 0 0 -0.000664
2820 0 0 -0.000670
2825 0 0 -0.000627
2830 0 0 -0.000564
2835 0 0 -0.000520
2840 0 0 -0.000522
2845 0 0 -0.000550
2850 0 0 -0.000570
2855 0 0 -0.000564
2860 0 0 -0.000572
2865 0 0 -0.000650
2870 0 0 -0.000824
2875 0 0 -0.000998
2880 0 0 -0.001050
2885 0 0 -0.000899
2890 0 0 -0.000645
2895 0 0 -0.000430
2900 0 0 -0.000361
2905 0 0 -0.000392
2910 0 0 -0.000440
2915 0 0 -0.000441
2920 0 0 -0.000407
2925 0 0 -0.000370
2930 0 0 -0.000354
2935 0 0 -0.000348
2940 0 0 -0.000330
2945 0 0 -0.000289
2950 0 0 -0.000241
2955 0 0 -0.000210
2960 0 0 -0.000214
2965 0 0 -0.000237
2970 0 0 -0.000260
2975 0 0 -0.000265
2980 0 0 -0.000258
2985 0 0 -0.000250
2990 0 0 -0.000248
2995 0 0 -0.000250
3000 0 0 -0.000250
3005 0 0 -0.000243
3010 0 0 -0.000230
3015 0 0 -0.000210
3020 0 0 -0.000187
3025 0 0 -0.000170
3030 0 0 -0.000170
3035 0 0 -0.000193
3040 0 0 -0.000226
3045 0 0 -0.000250
3050 0 0 -0.000251
3055 0 0 -0.000235
3060 0 0 -0.000210
3065 0 0 -0.000187
3070 0 0 -0.000174
3075 0 0 -0.000180
3080 0 0 -0.000207
3085 0 0 -0.000238
3090 0 0 -0.000250
3095 0 0 -0.000229
3100 0 0 -0.000193
3105 0 0 -0.000170
3110 0 0 -0.000179
3115 0 0 -0.000206
3120 0 0 -0.000230
3125 0 0 -0.000234
3130 0 0 -0.000221
3135 0 0 -0.000200
3140 0 0 -0.000179
3145 0 0 -0.000171
3150 0 0 -0.000190
3155 0 0 -0.000243
3160 0 0 -0.000304
3165 0 0 -0.000340
3170 0 0 -0.000328
3175 0 0 -0.000293
3180 0 0 -0.000270
3185 0 0 -0.000284
3190 0 0 -0.000317
3195 0 0 -0.000340
3200 0 0 -0.000332
3205 0 0 -0.000305
3210 0 0 -0.000280
3215 0 0 -0.000273
3220 0 0 -0.000283
3225 0 0 -0.000300
3230 0 0 -0.000318
3235 0 0 -0.000328
3240 0 0 -0.000320
3245 0 0 -0.000291
3250 0 0 -0.000259
3255 0 0 -0.000250
3260 0 0 -0.000278
3265 0 0 -0.000319
3270 0 0 -0.000340
3275 0 0 -0.000319
3280 0 0 -0.000278
3285 0 0 -0.000250
3290 0 0 -0.000259
3295 0 0 -0.000291
3300 0 0 -0.000320
3305 0 0 -0.000329
3310 0 0 -0.000324
3315 0 0 -0.000320
3320 0 0 -0.000326
3325 0 0 -0.000338
3330 0 0 -0.000350
3335 0 0 -0.000356
3340 0 0 -0.000348
3345 0 0 -0.000320
3350 0 0 -0.000271
3355 0 0 -0.000222
3360 0 0 -0.000200
3365 0 0 -0.000221
3370 0 0 -0.000265
3375 0 0 -0.000300
3380 0 0 -0.000303
3385 0 0 -0.000284
3390 0 0 -0.000260
3395 0 0 -0.000246
3400 0 0 -0.000246
3405 0 0 -0.000260
3410 0 0 -0.000285
3415 0 0 -0.000310
3420 0 0 -0.000320
3425 0 0 -0.000306
3430 0 0 -0.000288
3435 0 0 -0.000290
3440 0 0 -0.000329
3445 0 0 -0.000385
3450 0 0 -0.000430
3455 0 0 -0.000444
3460 0 0 -0.000436
3465 0 0 -0.000420
3470 0 0 -0.000412
3475 0 0 -0.000417
3480 0 0 -0.000440
3485 0 0 -0.000480
3490 0 0 -0.000510
3495 0 0 -0.000500
3500 0 0 -0.000430
3505 0 0 -0.000337
3510 0 0 -0.000270
3515 0 0 -0.000263
3520 0 0 -0.000291
3525 0 0 -0.000310
3530 0 0 -0.000293
3535 0 0 -0.000269
3540 0 0 -0.000280
3545 0 0 -0.000348
3550 0 0 -0.000417
3555 0 0 -0.000410
3560 0 0 -0.000290
3565 0 0 -0.000187
3570 0 0 -0.000270
3575 0 0 -0.000646
3580 0 0 -0.001169
3585 0 0 -0.001630
3590 0 0 -0.001860
3595 0 0 -0.001850
3600 0 0 -0.001630
3605 0 0 -0.001256
3610 0 0 -0.000893
3615 0 0 -0.000730
3620 0 0 -0.000886
3625 0 0 -0.001190
3630 0 0 -0.001400
3635 0 0 -0.001338
3640 0 0 -0.001084
3645 0 0 -0.000780
3650 0 0 -0.000554
3655 0 0 -0.000463
3660 0 0 -0.000550
3665 0 0 -0.000824
3670 0 0 -0.001169
3675 0 0 -0.001440
3680 0 0 -0.001531
3685 0 0 -0.001495
3690 0 0 -0.001430
3695 0 0 -0.001407
3700 0 0 -0.001413
3705 0 0 -0.001410
3710 0 0 -0.001373
3715 0 0 -0.001314
3720 0 0 -0.001260
3725 0 0 -0.001221
3730 0 0 -0.001161
3735 0 0 -0.001030
3740 0 0 -0.000804
3745 0 0 -0.000555
3750 0 0 -0.000380
3755 0 0 -0.000344
3760 0 0 -0.000387
3765 0 0 -0.000420
3770 0 0 -0.000382
3775 0 0 -0.000338
3780 0 0 -0.000380
3785 0 0 -0.000575
3790 0 0 -0.000873
3795 0 0 -0.001200
3800 0 0 -0.001487
3805 0 0 -0.001701
3810 0 0 -0.001820
3815 0 0 -0.001831
3820 0 0 -0.001764
3825 0 0 -0.001660
3830 0 0 -0.001556
3835 0 0 -0.001466
3840 0 0 -0.001400
3845 0 0 -0.001361
3850 0 0 -0.001327
3855 0 0 -0.001270
3860 0 0 -0.001184
3865 0 0 -0.001150
3870 0 0 -0.001270
3875 0 0 -0.001604
3880 0 0 -0.002034
3885 0 0 -0.002400
3890 0 0 -0.002582
3895 0 0 -0.002626
3900 0 0 -0.002620
3905 0 0 -0.002627
3910 0 0 -0.002615
3915 0 0 -0.002530
3920 0 0 -0.002345
3925 0 0 -0.002155
3930 0 0 -0.002080
3935 0 0 -0.002186
3940 0 0 -0.002302
3945 0 0 -0.002200
3950 0 0 -0.001736
3955 0 0 -0.001104
3960 0 0 -0.000580
3965 0 0 -0.000370
3970 0 0 -0.000389
3975 0 0 -0.000480
3980 0 0 -0.000517
3985 0 0 -0.000505
3990 0 0 -0.000480
3995 0 0 -0.000472
4000 0 0 -0.000489
4005 0 0 -0.000530
4010 0 0 -0.000591
4015 0 0 -0.000645
4020 0 0 -0.000660
4025 0 0 -0.000616
4030 0 0 -0.000539
4035 0 0 -0.000470
4040 0 0 -0.000438
4045 0 0 -0.000434
4050 0 0 -0.000440
4055 0 0 -0.000442
4060 0 0 -0.000445
4065 0 0 -0.000460
4070 0 0 -0.000495
4075 0 0 -0.000545
4080 0 0 -0.000600
4085 0 0 -0.000652
4090 0 0 -0.000689
4095 0 0 -0.000700
4100 0 0 -0.000678
4105 0 0 -0.000643
4110 0 0 -0.000620
4115 0 0 -0.000626
4120 0 0 -0.000644
4125 0 0 -0.000650
4130 0 0 -0.000629
4135 0 0 -0.000602
4140 0 0 -0.000600
4145 0 0 -0.000643
4150 0 0 -0.000705
4155 0 0 -0.000750
4160 0 0 -0.000751
4165 0 0 -0.000718
4170 0 0 -0.000670
4175 0 0 -0.000624
4180 0 0 -0.000593
4185 0 0 -0.000590
4190 0 0 -0.000619
4195 0 0 -0.000658
4200 0 0 -0.000680
4205 0 0 -0.000664
4210 0 0 -0.000626
4215 0 0 -0.000590
4220 0 0 -0.000575
4225 0 0 -0.000575
4230 0 0 -0.000580
4235 0 0 -0.000580
4240 0 0 -0.000576
4245 0 0 -0.000570
4250 0 0 -0.000563
4255 0 0 -0.000554
4260 0 0 -0.000540
4265 0 0 -0.000522
4270 0 0 -0.000509
4275 0 0 -0.000510
4280 0 0 -0.000531
4285 0 0 -0.000558
4290 0 0 -0.000570
4295 0 0 -0.000554
4300 0 0 -0.000521
4305 0 0 -0.000490
4310 0 0 -0.000475
4315 0 0 -0.000476
4320 0 0 -0.000490
4325 0 0 -0.000512
4330 0 0 -0.000535
4335 0 0 -0.000550
4340 0 0 -0.000552
4345 0 0 -0.000543
4350 0 0 -0.000530
4355 0 0 -0.000516
4360 0 0 -0.000498
4365 0 0 -0.000470
4370 0 0 -0.000436
4375 0 0 -0.000432
4380 0 0 -0.000500
4385 0 0 -0.000660
4390 0 0 -0.000831
4395 0 0 -0.000910
4400 0 0 -0.000828
4405 0 0 -0.000655
4410 0 0 -0.000500
4415 0 0 -0.000440
4420 0 0 -0.000441
4425 0 0 -0.000440
4430 0 0 -0.000390
4435 0 0 -0.000314
4440 0 0 -0.000250
4445 0 0 -0.000228
4450 0 0 -0.000232
4455 0 0 -0.000240
4460 0 0 -0.000232
4465 0 0 -0.000211
4470 0 0 -0.000190
4475 0 0 -0.000176
4480 0 0 -0.000172
4485 0 0 -0.000180
4490 0 0 -0.000198
4495 0 0 -0.000219
4500 0 0 -0.000230
4505 0 0 -0.000225
4510 0 0 -0.000209
4515 0 0 -0.000190
4520 0 0 -0.000177
4525 0 0 -0.000172
4530 0 0 -0.000180
4535 0 0 -0.000200
4540 0 0 -0.000221
4545 0 0 -0.000230
4550 0 0 -0.000218
4555 0 0 -0.000201
4560 0 0 -0.000200
4565 0 0 -0.000230
4570 0 0 -0.000277
4575 0 0 -0.000320
4580 0 0 -0.000341
4585 0 0 -0.000340
4590 0 0 -0.000320
4595 0 0 -0.000286
4600 0 0 -0.000256
4605 0 0 -0.000250
4610 0 0 -0.000280
4615 0 0 -0.000321
4620 0 0 -0.000340
4625 0 0 -0.000316
4630 0 0 -0.000271
4635 0 0 -0.000240
4640 0 0 -0.000248
4645 0 0 -0.000279
4650 0 0 -0.000310
4655 0 0 -0.000321
4660 0 0 -0.000312
4665 0 0 -0.000290
4670 0 0 -0.000261
4675 0 0 -0.000240
4680 0 0 -0.000240
4685 0 0 -0.000270
4690 0 0 -0.000309
4695 0 0 -0.000330
4700 0 0 -0.000314
4705 0 0 -0.000284
4710 0 0 -0.000270
4715 0 0 -0.000294
4720 0 0 -0.000337
4725 0 0 -0.000370
4730 0 0 -0.000370
4735 0 0 -0.000348
4740 0 0 -0.000320
4745 0 0 -0.000302
4750 0 0 -0.000298
4755 0 0 -0.000310
4760 0 0 -0.000337
4765 0 0 -0.000363
4770 0 0 -0.000370
4775 0 0 -0.000345
4780 0 0 -0.000300
4785 0 0 -0.000250
4790 0 0 -0.000212
4795 0 0 -0.000196
4800 0 0 -0.000210
4805 0 0 -0.000257
4810 0 0 -0.000311
4815 0 0 -0.000340
4820 0 0 -0.000321
4825 0 0 -0.000280
4830 0 0 -0.000250
4835 0 0 -0.000261
4840 0 0 -0.000313
4845 0 0 -0.000400
4850 0 0 -0.000509
4855 0 0 -0.000599
4860 0 0 -0.000620
4865 0 0 -0.000543
4870 0 0 -0.000417
4875 0 0 -0.000310
4880 0 0 -0.000272
4885 0 0 -0.000282
4890 0 0 -0.000300
4895 0 0 -0.000299
4900 0 0 -0.000297
4905 0 0 -0.000320
4910 0 0 -0.000385
4915 0 0 -0.000454
4920 0 0 -0.000480
4925 0 0 -0.000430
4930 0 0 -0.000342
4935 0 0 -0.000270
4940 0 0 -0.000254
4945 0 0 -0.000278
4950 0 0 -0.000310
4955 0 0 -0.000325
4960 0 0 -0.000324
4965 0 0 -0.000310
4970 0 0 -0.000290
4975 0 0 -0.000268
4980 0 0 -0.000250
4985 0 0 -0.000239
4990 0 0 -0.000236
4995 0 0 -0.000240
5000 0 0 -0.000252
5005 0 0 -0.000272
5010 0 0 -0.000300
5015 0 0 -0.000334
5020 0 0 -0.000367
5025 0 0 -0.000390
5030 0 0 -0.000398
5035 0 0 -0.000400
5040 0 0 -0.000410
5045 0 0 -0.000436
5050 0 0 -0.000463
5055 0 0 -0.000470
5060 0 0 -0.000442
5065 0 0 -0.000395
5070 0 0 -0.000350
5075 0 0 -0.000326
5080 0 0 -0.000327
5085 0 0 -0.000350
5090 0 0 -0.000392
5095 0 0 -0.000438
5100 0 0 -0.000470
5105 0 0 -0.000474
5110 0 0 -0.000453
5115 0 0 -0.000410
5120 0 0 -0.000354
5125 0 0 -0.000298
5130 0 0 -0.000260
5135 0 0 -0.000254
5140 0 0 -0.000286
5145 0 0 -0.000360
5150 0 0 -0.000475
5155 0 0 -0.000603
5160 0 0 -0.000710
5165 0 0 -0.000767
5170 0 0 -0.000765
5175 0 0 -0.000700
5180 0 0 -0.000576
5185 0 0 -0.000438
5190 0 0 -0.000340
5195 0 0 -0.000319
5200 0 0 -0.000350
5205 0 0 -0.000390
5210 0 0 -0.000407
5215 0 0 -0.000401
5220 0 0 -0.000380
5225 0 0 -0.000352
5230 0 0 -0.000324
5235 0 0 -0.000300
5240 0 0 -0.000286
5245 0 0 -0.000282
5250 0 0 -0.000290
5255 0 0 -0.000308
5260 0 0 -0.000331
5265 0 0 -0.000350
5270 0 0 -0.000361
5275 0 0 -0.000371
5280 0 0 -0.000390
5285 0 0 -0.000424
5290 0 0 -0.000459
5295 0 0 -0.000480
5300 0 0 -0.000476
5305 0 0 -0.000461
5310 0 0 -0.000460
5315 0 0 -0.000485
5320 0 0 -0.000518
5325 0 0 -0.000530
5330 0 0 -0.000507
5335 0 0 -0.000479
5340 0 0 -0.000490
5345 0 0 -0.000572
5350 0 0 -0.000716
5355 0 0 -0.000900
5360 0 0 -0.001094
5365 0 0 -0.001225
5370 0 0 -0.001210
5375 0 0 -0.001004
5380 0 0 -0.000713
5385 0 0 -0.000480
5390 0 0 -0.000411
5395 0 0 -0.000454
5400 0 0 -0.000520
5405 0 0 -0.000540
5410 0 0 -0.000534
5415 0 0 -0.000540
5420 0 0 -0.000586
5425 0 0 -0.000640
5430 0 0 -0.000660
5435 0 0 -0.000616
5440 0 0 -0.000540
5445 0 0 -0.000480
5450 0 0 -0.000471
5455 0 0 -0.000499
5460 0 0 -0.000540
5465 0 0 -0.000572
5470 0 0 -0.000592
5475 0 0 -0.000600
5480 0 0 -0.000600
5485 0 0 -0.000602
5490 0 0 -0.000620
5495 0 0 -0.000660
5500 0 0 -0.000707
5505 0 0 -0.000740
5510 0 0 -0.000743
5515 0 0 -0.000728
5520 0 0 -0.000710
5525 0 0 -0.000703
5530 0 0 -0.000703
5535 0 0 -0.000700
5540 0 0 -0.000690
5545 0 0 -0.000680
5550 0 0 -0.000680
5555 0 0 -0.000696
5560 0 0 -0.000715
5565 0 0 -0.000720
5570 0 0 -0.000698
5575 0 0 -0.000660
5580 0 0 -0.000620
5585 0 0 -0.000591
5590 0 0 -0.000575
5595 0 0 -0.000570
5600 0 0 -0.000575
5605 0 0 -0.000588
5610 0 0 -0.000610
5615 0 0 -0.000638
5620 0 0 -0.000667
5625 0 0 -0.000690
5630 0 0 -0.000701
5635 0 0 -0.000693
5640 0 0 -0.000660
5645 0 0 -0.000605
5650 0 0 -0.000560
5655 0 0 -0.000570
5660 0 0 -0.000656
5665 0 0 -0.000764
5670 0 0 -0.000820
5675 0 0 -0.000774
5680 0 0 -0.000671
5685 0 0 -0.000580
5690 0 0 -0.000552
5695 0 0 -0.000562
5700 0 0 -0.000570
5705 0 0 -0.000545
5710 0 0 -0.000505
5715 0 0 -0.000480
5720 0 0 -0.000494
5725 0 0 -0.000554
5730 0 0 -0.000660
5735 0 0 -0.000809
5740 0 0 -0.000980
5745 0 0 -0.001150
5750 0 0 -0.001289
5755 0 0 -0.001353
5760 0 0 -0.001290
5765 0 0 -0.001079
5770 0 0 -0.000807
5775 0 0 -0.000590
5780 0 0 -0.000512
5785 0 0 -0.000525
5790 0 0 -0.000550
5795 0 0 -0.000528
5800 0 0 -0.000475
5805 0 0 -0.000430
5810 0 0 -0.000417
5815 0 0 -0.000417
5820 0 0 -0.000400
5825 0 0 -0.000345
5830 0 0 -0.000274
5835 0 0 -0.000220
5840 0 0 -0.000206
5845 0 0 -0.000219
5850 0 0 -0.000240
5855 0 0 -0.000251
5860 0 0 -0.000253
5865 0 0 -0.000250
5870 0 0 -0.000247
5875 0 0 -0.000244
5880 0 0 -0.000240
5885 0 0 -0.000234
5890 0 0 -0.000230
5895 0 0 -0.000230
5900 0 0 -0.000236
5905 0 0 -0.000241
5910 0 0 -0.000240
5915 0 0 -0.000226
5920 0 0 -0.000204
5925 0 0 -0.000180
5930 0 0 -0.000159
5935 0 0 -0.000150
5940 0 0 -0.000160
5945 0 0 -0.000191
5950 0 0 -0.000226
5955 0 0 -0.000240
5960 0 0 -0.000220
5965 0 0 -0.000184
5970 0 0 -0.000160
5975 0 0 -0.000169
5980 0 0 -0.000204
5985 0 0 -0.000250
5990 0 0 -0.000293
5995 0 0 -0.000322
6000 0 0 -0.000330
6005 0 0 -0.000311
6010 0 0 -0.000281
6015 0 0 -0.000260
6020 0 0 -0.000262
6025 0 0 -0.000283
6030 0 0 -0.000310
6035 0 0 -0.000334
6040 0 0 -0.000346
6045 0 0 -0.000340
6050 0 0 -0.000312
6055 0 0 -0.000277
6060 0 0 -0.000250
6065 0 0 -0.000245
6070 0 0 -0.000258
6075 0 0 -0.000280
6080 0 0 -0.000301
6085 0 0 -0.000314
6090 0 0 -0.000310
6095 0 0 -0.000285
6100 0 0 -0.000256
6105 0 0 -0.000240
6110 0 0 -0.000252
6115 0 0 -0.000282
6120 0 0 -0.000310
6125 0 0 -0.000323
6130 0 0 -0.000319
6135 0 0 -0.000300
6140 0 0 -0.000269
6145 0 0 -0.000243
6150 0 0 -0.000240
6155 0 0 -0.000270
6160 0 0 -0.000306
6165 0 0 -0.000310
6170 0 0 -0.000262
6175 0 0 -0.000203
6180 0 0 -0.000190
6185 0 0 -0.000260
6190 0 0 -0.000373
6195 0 0 -0.000470
6200 0 0 -0.000507
6205 0 0 -0.000495
6210 0 0 -0.000460
6215 0 0 -0.000422
6220 0 0 -0.000384
6225 0 0 -0.000340
6230 0 0 -0.000291
6235 0 0 -0.000252
6240 0 0 -0.000240
6245 0 0 -0.000267
6250 0 0 -0.000326
6255 0 0 -0.000400
6260 0 0 -0.000475
6265 0 0 -0.000526
6270 0 0 -0.000530
6275 0 0 -0.000473
6280 0 0 -0.000396
6285 0 0 -0.000350
6290 0 0 -0.000370
6295 0 0 -0.000419
6300 0 0 -0.000440
6305 0 0 -0.000396
6310 0 0 -0.000320
6315 0 0 -0.000260
6320 0 0 -0.000254
6325 0 0 -0.000284
6330 0 0 -0.000320
6335 0 0 -0.000337
6340 0 0 -0.000338
6345 0 0 -0.000330
6350 0 0 -0.000320
6355 0 0 -0.000313
6360 0 0 -0.000310
6365 0 0 -0.000313
6370 0 0 -0.000316
6375 0 0 -0.000310
6380 0 0 -0.000289
6385 0 0 -0.000260
6390 0 0 -0.000230
6395 0 0 -0.000210
6400 0 0 -0.000220
6405 0 0 -0.000280
6410 0 0 -0.000398
6415 0 0 -0.000524
6420 0 0 -0.000590
6425 0 0 -0.000553
6430 0 0 -0.000456
6435 0 0 -0.000360
6440 0 0 -0.000317
6445 0 0 -0.000324
6450 0 0 -0.000370
6455 0 0 -0.000438
6460 0 0 -0.000506
6465 0 0 -0.000550
6470 0 0 -0.000553
6475 0 0 -0.000525
6480 0 0 -0.000480
6485 0 0 -0.000433
6490 0 0 -0.000396
6495 0 0 -0.000380
6500 0 0 -0.000391
6505 0 0 -0.000414
6510 0 0 -0.000430
6515 0 0 -0.000425
6520 0 0 -0.000407
6525 0 0 -0.000390
6530 0 0 -0.000385
6535 0 0 -0.000392
6540 0 0 -0.000410
6545 0 0 -0.000436
6550 0 0 -0.000459
6555 0 0 -0.000470
6560 0 0 -0.000461
6565 0 0 -0.000440
6570 0 0 -0.000420
6575 0 0 -0.000411
6580 0 0 -0.000415
6585 0 0 -0.000430
6590 0 0 -0.000453
6595 0 0 -0.000471
6600 0 0 -0.000470
6605 0 0 -0.000441
6610 0 0 -0.000406
6615 0 0 -0.000390
6620 0 0 -0.000412
6625 0 0 -0.000452
6630 0 0 -0.000480
6635 0 0 -0.000473
6640 0 0 -0.000435
6645 0 0 -0.000380
6650 0 0 -0.000319
6655 0 0 -0.000267
6660 0 0 -0.000240
6665 0 0 -0.000248
6670 0 0 -0.000275
6675 0 0 -0.000300
6680 0 0 -0.000307
6685 0 0 -0.000298
6690 0 0 -0.000280
6695 0 0 -0.000260
6700 0 0 -0.000247
6705 0 0 -0.000250
6710 0 0 -0.000275
6715 0 0 -0.000305
6720 0 0 -0.000320
6725 0 0 -0.000306
6730 0 0 -0.000276
6735 0 0 -0.000250
6740 0 0 -0.000243
6745 0 0 -0.000253
6750 0 0 -0.000270
6755 0 0 -0.000288
6760 0 0 -0.000303
6765 0 0 -0.000310
6770 0 0 -0.000306
6775 0 0 -0.000295
6780 0 0 -0.000280
6785 0 0 -0.000266
6790 0 0 -0.000258
6795 0 0 -0.000260
6800 0 0 -0.000275
6805 0 0 -0.000302
6810 0 0 -0.000340
6815 0 0 -0.000385
6820 0 0 -0.000434
6825 0 0 -0.000480
6830 0 0 -0.000519
6835 0 0 -0.000547
6840 0 0 -0.000560
6845 0 0 -0.000555
6850 0 0 -0.000534
6855 0 0 -0.000500
6860 0 0 -0.000458
6865 0 0 -0.000415
6870 0 0 -0.000380
6875 0 0 -0.000360
6880 0 0 -0.000357
6885 0 0 -0.000370
6890 0 0 -0.000397
6895 0 0 -0.000421
6900 0 0 -0.000420
6905 0 0 -0.000384
6910 0 0 -0.000342
6915 0 0 -0.000330
6920 0 0 -0.000375
6925 0 0 -0.000453
6930 0 0 -0.000530
6935 0 0 -0.000577
6940 0 0 -0.000595
6945 0 0 -0.000590
6950 0 0 -0.000571
6955 0 0 -0.000553
6960 0 0 -0.000550
6965 0 0 -0.000572
6970 0 0 -0.000600
6975 0 0 -0.000610
6980 0 0 -0.000586
6985 0 0 -0.000545
6990 0 0 -0.000510
6995 0 0 -0.000500
7000 0 0 -0.000511
7005 0 0 -0.000530
7010 0 0 -0.000548
7015 0 0 -0.000557
7020 0 0 -0.000550
7025 0 0 -0.000524
7030 0 0 -0.000496
7035 0 0 -0.000490
7040 0 0 -0.000519
7045 0 0 -0.000565
7050 0 0 -0.000600
7055 0 0 -0.000605
7060 0 0 -0.000590
7065 0 0 -0.000570
7070 0 0 -0.000560
7075 0 0 -0.000563
7080 0 0 -0.000580
7085 0 0 -0.000610
7090 0 0 -0.000636
7095 0 0 -0.000640
7100 0 0 -0.000609
7105 0 0 -0.000561
7110 0 0 -0.000520
7115 0 0 -0.000505
7120 0 0 -0.000512
7125 0 0 -0.000530
7130 0 0 -0.000550
7135 0 0 -0.000563
7140 0 0 -0.000560
7145 0 0 -0.000537
7150 0 0 -0.000502
7155 0 0 -0.000470
7160 0 0 -0.000451
7165 0 0 -0.000450
7170 0 0 -0.000470
7175 0 0 -0.000510
7180 0 0 -0.000552
7185 0 0 -0.000570
7190 0 0 -0.000549
7195 0 0 -0.000505
7200 0 0 -0.000460
7205 0 0 -0.000433
7210 0 0 -0.000427
7215 0 0 -0.000440
7220 0 0 -0.000467
7225 0 0 -0.000498
7230 0 0 -0.000520
7235 0 0 -0.000523
7240 0 0 -0.000513
7245 0 0 -0.000500
7250 0 0 -0.000491
7255 0 0 -0.000486
7260 0 0 -0.000480
7265 0 0 -0.000472
7270 0 0 -0.000466
7275 0 0 -0.000470
7280 0 0 -0.000487
7285 0 0 -0.000511
7290 0 0 -0.000530
7295 0 0 -0.000538
7300 0 0 -0.000538
7305 0 0 -0.000540
7310 0 0 -0.000546
7315 0 0 -0.000542
7320 0 0 -0.000510
7325 0 0 -0.000440
7330 0 0 -0.000354
7335 0 0 -0.000280
7340 0 0 -0.000241
7345 0 0 -0.000230
7350 0 0 -0.000230
7355 0 0 -0.000229
7360 0 0 -0.000220
7365 0 0 -0.000200
7370 0 0 -0.000170
7375 0 0 -0.000149
7380 0 0 -0.000160
7385 0 0 -0.000218
7390 0 0 -0.000297
7395 0 0 -0.000360
7400 0 0 -0.000381
7405 0 0 -0.000366
7410 0 0 -0.000330
7415 0 0 -0.000287
7420 0 0 -0.000253
7425 0 0 -0.000240
7430 0 0 -0.000257
7435 0 0 -0.000288
7440 0 0 -0.000310
7445 0 0 -0.000309
7450 0 0 -0.000304
7455 0 0 -0.000320
7460 0 0 -0.000376
7465 0 0 -0.000457
7470 0 0 -0.000540
7475 0 0 -0.000604
7480 0 0 -0.000635
7485 0 0 -0.000620
7490 0 0 -0.000553
7495 0 0 -0.000464
7500 0 0 -0.000390
7505 0 0 -0.000357
7510 0 0 -0.000352
7515 0 0 -0.000350
7520 0 0 -0.000332
7525 0 0 -0.000303
7530 0 0 -0.000270
7535 0 0 -0.000243
7540 0 0 -0.000230
7545 0 0 -0.000240
7550 0 0 -0.000274
7555 0 0 -0.000311
7560 0 0 -0.000320
7565 0 0 -0.000284
7570 0 0 -0.000227
7575 0 0 -0.000180
7580 0 0 -0.000170
7585 0 0 -0.000192
7590 0 0 -0.000230
7595 0 0 -0.000271
7600 0 0 -0.000300
7605 0 0 -0.000300
7610 0 0 -0.000264
7615 0 0 -0.000221
7620 0 0 -0.000210
7625 0 0 -0.000256
7630 0 0 -0.000336
7635 0 0 -0.000410
7640 0 0 -0.000450
7645 0 0 -0.000460
7650 0 0 -0.000450
7655 0 0 -0.000430
7660 0 0 -0.000403
7665 0 0 -0.000370
7670 0 0 -0.000334
7675 0 0 -0.000307
7680 0 0 -0.000300
7685 0 0 -0.000321
7690 0 0 -0.000354
7695 0 0 -0.000380
7700 0 0 -0.000383
7705 0 0 -0.000361
7710 0 0 -0.000320
7715 0 0 -0.000265
7720 0 0 -0.000215
7725 0 0 -0.000190
7730 0 0 -0.000203
7735 0 0 -0.000233
7740 0 0 -0.000250
7745 0 0 -0.000233
7750 0 0 -0.000198
7755 0 0 -0.000170
7760 0 0 -0.000167
7765 0 0 -0.000187
7770 0 0 -0.000220
7775 0 0 -0.000258
7780 0 0 -0.000289
7785 0 0 -0.000300
7790 0 0 -0.000288
7795 0 0 -0.000282
7800 0 0 -0.000320
7805 0 0 -0.000421
7810 0 0 -0.000537
7815 0 0 -0.000600
7820 0 0 -0.000566
7825 0 0 -0.000475
7830 0 0 -0.000390
7835 0 0 -0.000359
7840 0 0 -0.000371
7845 0 0 -0.000400
7850 0 0 -0.000429
7855 0 0 -0.000474
7860 0 0 -0.000560
7865 0 0 -0.000696
7870 0 0 -0.000834
7875 0 0 -0.000910
7880 0 0 -0.000881
7885 0 0 -0.000778
7890 0 0 -0.000650
7895 0 0 -0.000545
7900 0 0 -0.000498
7905 0 0 -0.000540
7910 0 0 -0.000679
7915 0 0 -0.000832
7920 0 0 -0.000890
7925 0 0 -0.000784
7930 0 0 -0.000592
7935 0 0 -0.000430
7940 0 0 -0.000383
7945 0 0 -0.000411
7950 0 0 -0.000440
7955 0 0 -0.000417
7960 0 0 -0.000367
7965 0 0 -0.000330
7970 0 0 -0.000338
7975 0 0 -0.000375
7980 0 0 -0.000410
7985 0 0 -0.000421
7990 0 0 -0.000411
7995 0 0 -0.000390
8000 0 0 -0.000366
8005 0 0 -0.000350
8010 0 0 -0.000350
8015 0 0 -0.000372
8020 0 0 -0.000402
8025 0 0 -0.000420
8030 0 0 -0.000413
8035 0 0 -0.000388
8040 0 0 -0.000360
8045 0 0 -0.000340
8050 0 0 -0.000330
8055 0 0 -0.000330
8060 0 0 -0.000337
8065 0 0 -0.000340
8070 0 0 -0.000330
8075 0 0 -0.000299
8080 0 0 -0.000262
8085 0 0 -0.000240
8090 0 0 -0.000246
8095 0 0 -0.000271
8100 0 0 -0.000300
8105 0 0 -0.000320
8110 0 0 -0.000322
8115 0 0 -0.000300
8120 0 0 -0.000256
8125 0 0 -0.000224
8130 0 0 -0.000250
8135 0 0 -0.000356
8140 0 0 -0.000483
8145 0 0 -0.000550
8150 0 0 -0.000503
8155 0 0 -0.000399
8160 0 0 -0.000320
8165 0 0 -0.000326
8170 0 0 -0.000382
8175 0 0 -0.000430
8180 0 0 -0.000428
8185 0 0 -0.000396
8190 0 0 -0.000370
8195 0 0 -0.000377
8200 0 0 -0.000407
8205 0 0 -0.000440
8210 0 0 -0.000459
8215 0 0 -0.000464
8220 0 0 -0.000460
8225 0 0 -0.000451
8230 0 0 -0.000444
8235 0 0 -0.000450
8240 0 0 -0.000474
8245 0 0 -0.000507
8250 0 0 -0.000540
8255 0 0 -0.000564
8260 0 0 -0.000587
8265 0 0 -0.000620
8270 0 0 -0.000669
8275 0 0 -0.000727
8280 0 0 -0.000780
8285 0 0 -0.000813
8290 0 0 -0.000797
8295 0 0 -0.000700
8300 0 0 -0.000523
8305 0 0 -0.000400
8310 0 0 -0.000500
8315 0 0 -0.000922
8320 0 0 -0.001488
8325 0 0 -0.001950
8330 0 0 -0.002128
8335 0 0 -0.002102
8340 0 0 -0.002020
8345 0 0 -0.001994
8350 0 0 -0.001997
8355 0 0 -0.001970
8360 0 0 -0.001877
8365 0 0 -0.001783
8370 0 0 -0.001780
8375 0 0 -0.001915
8380 0 0 -0.002065
8385 0 0 -0.002060
8390 0 0 -0.001792
8395 0 0 -0.001384
8400 0 0 -0.001020
8405 0 0 -0.000836
8410 0 0 -0.000789
8415 0 0 -0.000790
8420 0 0 -0.000766
8425 0 0 -0.000705
8430 0 0 -0.000610
8435 0 0 -0.000503
8440 0 0 -0.000479
8445 0 0 -0.000650
8450 0 0 -0.001076
8455 0 0 -0.001605
8460 0 0 -0.002030
8465 0 0 -0.002202
8470 0 0 -0.002192
8475 0 0 -0.002130
8480 0 0 -0.002112
8485 0 0 -0.002114
8490 0 0 -0.002080
8495 0 0 -0.001975
8500 0 0 -0.001846
8505 0 0 -0.001760
8510 0 0 -0.001761
8515 0 0 -0.001809
8520 0 0 -0.001840
8525 0 0 -0.001811
8530 0 0 -0.001751
8535 0 0 -0.001710
8540 0 0 -0.001718
8545 0 0 -0.001729
8550 0 0 -0.001680
8555 0 0 -0.001525
8560 0 0 -0.001295
8565 0 0 -0.001040
8570 0 0 -0.000806
8575 0 0 -0.000622
8580 0 0 -0.000510
8585 0 0 -0.000484
8590 0 0 -0.000514
8595 0 0 -0.000560
8600 0 0 -0.000589
8605 0 0 -0.000595
8610 0 0 -0.000580
8615 0 0 -0.000550
8620 0 0 -0.000533
8625 0 0 -0.000560
8630 0 0 -0.000648
8635 0 0 -0.000754
8640 0 0 -0.000820
8645 0 0 -0.000803
8650 0 0 -0.000732
8655 0 0 -0.000650
8660 0 0 -0.000592
8665 0 0 -0.000556
8670 0 0 -0.000530
8675 0 0 -0.000505
8680 0 0 -0.000491
8685 0 0 -0.000500
8690 0 0 -0.000537
8695 0 0 -0.000578
8700 0 0 -0.000590
8705 0 0 -0.000550
8710 0 0 -0.000467
8715 0 0 -0.000360
8720 0 0 -0.000258
8725 0 0 -0.000238
8730 0 0 -0.000390
8735 0 0 -0.000754
8740 0 0 -0.001186
8745 0 0 -0.001490
8750 0 0 -0.001532
8755 0 0 -0.001405
8760 0 0 -0.001260
8765 0 0 -0.001215
8770 0 0 -0.001249
8775 0 0 -0.001310
8780 0 0 -0.001350
8785 0 0 -0.001351
8790 0 0 -0.001300
8795 0 0 -0.001190
8800 0 0 -0.001032
8805 0 0 -0.000840
8810 0 0 -0.000634
8815 0 0 -0.000450
8820 0 0 -0.000330
8825 0 0 -0.000300
8830 0 0 -0.000324
8835 0 0 -0.000350
8840 0 0 -0.000339
8845 0 0 -0.000304
8850 0 0 -0.000270
8855 0 0 -0.000257
8860 0 0 -0.000265
8865 0 0 -0.000290
8870 0 0 -0.000323
8875 0 0 -0.000347
8880 0 0 -0.000340
8885 0 0 -0.000293
8890 0 0 -0.000245
8895 0 0 -0.000250
8900 0 0 -0.000340
8905 0 0 -0.000473
8910 0 0 -0.000590
8915 0 0 -0.000645
8920 0 0 -0.000658
8925 0 0 -0.000660
8930 0 0 -0.000676
8935 0 0 -0.000686
8940 0 0 -0.000660
8945 0 0 -0.000581
8950 0 0 -0.000477
8955 0 0 -0.000390
8960 0 0 -0.000349
8965 0 0 -0.000343
8970 0 0 -0.000350
8975 0 0 -0.000351
8980 0 0 -0.000342
8985 0 0 -0.000320
8990 0 0 -0.000287
8995 0 0 -0.000257
9000 0 0 -0.000250
9005 0 0 -0.000276
9010 0 0 -0.000312
9015 0 0 -0.000330
9020 0 0 -0.000308
9025 0 0 -0.000261
9030 0 0 -0.000210
9035 0 0 -0.000176
9040 0 0 -0.000162
9045 0 0 -0.000170
9050 0 0 -0.000198
9055 0 0 -0.000231
9060 0 0 -0.000250
9065 0 0 -0.000243
9070 0 0 -0.000219
9075 0 0 -0.000190
9080 0 0 -0.000169
9085 0 0 -0.000167
9090 0 0 -0.000190
9095 0 0 -0.000243
9100 0 0 -0.000304
9105 0 0 -0.000350
9110 0 0 -0.000360
9115 0 0 -0.000339
9120 0 0 -0.000300
9125 0 0 -0.000254
9130 0 0 -0.000215
9135 0 0 -0.000200
9140 0 0 -0.000217
9145 0 0 -0.000251
9150 0 0 -0.000280
9155 0 0 -0.000287
9160 0 0 -0.000279
9165 0 0 -0.000270
9170 0 0 -0.000269
9175 0 0 -0.000272
9180 0 0 -0.000270
9185 0 0 -0.000258
9190 0 0 -0.000244
9195 0 0 -0.000240
9200 0 0 -0.000255
9205 0 0 -0.000279
9210 0 0 -0.000300
9215 0 0 -0.000308
9220 0 0 -0.000306
9225 0 0 -0.000300
9230 0 0 -0.000296
9235 0 0 -0.000298
9240 0 0 -0.000310
9245 0 0 -0.000333
9250 0 0 -0.000355
9255 0 0 -0.000360
9260 0 0 -0.000339
9265 0 0 -0.000313
9270 0 0 -0.000310
9275 0 0 -0.000347
9280 0 0 -0.000404
9285 0 0 -0.000450
9290 0 0 -0.000465
9295 0 0 -0.000463
9300 0 0 -0.000470
9305 0 0 -0.000501
9310 0 0 -0.000536
9315 0 0 -0.000550
9320 0 0 -0.000524
9325 0 0 -0.000480
9330 0 0 -0.000450
9335 0 0 -0.000463
9340 0 0 -0.000540
9345 0 0 -0.000700
9350 0 0 -0.000948
9355 0 0 -0.001232
9360 0 0 -0.001490
9365 0 0 -0.001670
9370 0 0 -0.001772
9375 0 0 -0.001810
9380 0 0 -0.001797
9385 0 0 -0.001742
9390 0 0 -0.001650
9395 0 0 -0.001535
9400 0 0 -0.001428
9405 0 0 -0.001370
9410 0 0 -0.001384
9415 0 0 -0.001442
9420 0 0 -0.001500
9425 0 0 -0.001525
9430 0 0 -0.001521
9435 0 0 -0.001500
9440 0 0 -0.001475
9445 0 0 -0.001460
9450 0 0 -0.001470
9455 0 0 -0.001505
9460 0 0 -0.001508
9465 0 0 -0.001410
9470 0 0 -0.001175
9475 0 0 -0.000911
9480 0 0 -0.000760
9485 0 0 -0.000813
9490 0 0 -0.000950
9495 0 0 -0.001000
9500 0 0 -0.000843
9505 0 0 -0.000566
9510 0 0 -0.000310
9515 0 0 -0.000182
9520 0 0 -0.000155
9525 0 0 -0.000170
9530 0 0 -0.000179
9535 0 0 -0.000182
9540 0 0 -0.000190
9545 0 0 -0.000210
9550 0 0 -0.000229
9555 0 0 -0.000230
9560 0 0 -0.000201
9565 0 0 -0.000160
9570 0 0 -0.000130
9575 0 0 -0.000128
9580 0 0 -0.000149
9585 0 0 -0.000180
9590 0 0 -0.000209
9595 0 0 -0.000228
9600 0 0 -0.000230
9605 0 0 -0.000212
9610 0 0 -0.000191
9615 0 0 -0.000190
9620 0 0 -0.000223
9625 0 0 -0.000267
9630 0 0 -0.000290
9635 0 0 -0.000283
9640 0 0 -0.000321
9645 0 0 -0.000500
9650 0 0 -0.000874
9655 0 0 -0.001319
9660 0 0 -0.001670
9665 0 0 -0.001801
9670 0 0 -0.001749
9675 0 0 -0.001590
9680 0 0 -0.001392
9685 0 0 -0.001183
9690 0 0 -0.000980
9695 0 0 -0.000800
9700 0 0 -0.000658
9705 0 0 -0.000570
9710 0 0 -0.000544
9715 0 0 -0.000554
9720 0 0 -0.000570
9725 0 0 -0.000566
9730 0 0 -0.000549
9735 0 0 -0.000530
9740 0 0 -0.000522
9745 0 0 -0.000531
9750 0 0 -0.000560
9755 0 0 -0.000615
9760 0 0 -0.000705
9765 0 0 -0.000840
9770 0 0 -0.001016
9775 0 0 -0.001181
9780 0 0 -0.001270
9785 0 0 -0.001237
9790 0 0 -0.001116
9795 0 0 -0.000960
9800 0 0 -0.000824
9805 0 0 -0.000777
9810 0 0 -0.000890
9815 0 0 -0.001195
9820 0 0 -0.001570
9825 0 0 -0.001850
9830 0 0 -0.001920
9835 0 0 -0.001843
9840 0 0 -0.001730
9845 0 0 -0.001667
9850 0 0 -0.001642
9855 0 0 -0.001620
9860 0 0 -0.001569
9865 0 0 -0.001476
9870 0 0 -0.001330
9875 0 0 -0.001133
9880 0 0 -0.000926
9885 0 0 -0.000760
9890 0 0 -0.000672
9895 0 0 -0.000643
9900 0 0 -0.000640
9905 0 0 -0.000638
9910 0 0 -0.000646
9915 0 0 -0.000680
9920 0 0 -0.000748
9925 0 0 -0.000818
9930 0 0 -0.000850
9935 0 0 -0.000816
9940 0 0 -0.000745
9945 0 0 -0.000680
9950 0 0 -0.000653
9955 0 0 -0.000651
9960 0 0 -0.000650
9965 0 0 -0.000631
9970 0 0 -0.000603
9975 0 0 -0.000580
9980 0 0 -0.000574
9985 0 0 -0.000590
9990 0 0 -0.000630
9995 0 0 -0.000692
10000 0 0 -0.000747
10005 0 0 -0.000760
10010 0 0 -0.000710
10015 0 0 -0.000626
10020 0 0 -0.000550
10025 0 0 -0.000513
10030 0 0 -0.000503
10035 0 0 -0.000500
10040 0 0 -0.000487
10045 0 0 -0.000475
10050 0 0 -0.000480
10055 0 0 -0.000514
10060 0 0 -0.000566
10065 0 0 -0.000620
10070 0 0 -0.000659
10075 0 0 -0.000668
