0 0 0 -0.000190
5 0 0 -0.000188
10 0 0 -0.000196
15 0 0 -0.000210
20 0 0 -0.000226
25 0 0 -0.000241
30 0 0 -0.000250
35 0 0 -0.000251
40 0 0 -0.000246
45 0 0 -0.000240
50 0 0 -0.000235
55 0 0 -0.000232
60 0 0 -0.000230
65 0 0 -0.000228
70 0 0 -0.000221
75 0 0 -0.000200
80 0 0 -0.000164
85 0 0 -0.000127
90 0 0 -0.000110
95 0 0 -0.000126
100 0 0 -0.000159
105 0 0 -0.000190
110 0 0 -0.000200
115 0 0 -0.000192
120 0 0 -0.000170
125 0 0 -0.000142
130 0 0 -0.000115
135 0 0 -0.000100
140 0 0 -0.000103
145 0 0 -0.000122
150 0 0 -0.000150
155 0 0 -0.000182
160 0 0 -0.000209
165 0 0 -0.000220
170 0 0 -0.000209
175 0 0 -0.000185
180 0 0 -0.000160
185 0 0 -0.000144
190 0 0 -0.000140
195 0 0 -0.000150
200 0 0 -0.000172
205 0 0 -0.000196
210 0 0 -0.000210
215 0 0 -0.000204
220 0 0 -0.000185
225 0 0 -0.000160
230 0 0 -0.000138
235 0 0 -0.000124
240 0 0 -0.000120
245 0 0 -0.000129
250 0 0 -0.000145
255 0 0 -0.000160
260 0 0 -0.000169
265 0 0 -0.000172
270 0 0 -0.000170
275 0 0 -0.000166
280 0 0 -0.000164
285 0 0 -0.000170
290 0 0 -0.000186
295 0 0 -0.000201
300 0 0 -0.000200
305 0 0 -0.000174
310 0 0 -0.000140
315 0 0 -0.000120
320 0 0 -0.000130
325 0 0 -0.000159
330 0 0 -0.000190
335 0 0 -0.000209
340 0 0 -0.000210
345 0 0 -0.000190
350 0 0 -0.000150
355 0 0 -0.000108
360 0 0 -0.000090
365 0 0 -0.000110
370 0 0 -0.000146
375 0 0 -0.000170
380 0 0 -0.000159
385 0 0 -0.000128
390 0 0 -0.000100
395 0 0 -0.000092
400 0 0 -0.000102
405 0 0 -0.000120
410 0 0 -0.000139
415 0 0 -0.000152
420 0 0 -0.000150
425 0 0 -0.000131
430 0 0 -0.000111
435 0 0 -0.000110
440 0 0 -0.000140
445 0 0 -0.000183
450 0 0 -0.000210
455 0 0 -0.000203
460 0 0 -0.000176
465 0 0 -0.000150
470 0 0 -0.000142
475 0 0 -0.000149
480 0 0 -0.000160
485 0 0 -0.000169
490 0 0 -0.000178
495 0 0 -0.000190
500 0 0 -0.000208
505 0 0 -0.000224
510 0 0 -0.000230
515 0 0 -0.000219
520 0 0 -0.000199
525 0 0 -0.000180
530 0 0 -0.000169
535 0 0 -0.000154
540 0 0 -0.000120
545 0 0 -0.000067
550 0 0 -0.000050
555 0 0 -0.000140
560 0 0 -0.000376
565 0 0 -0.000666
570 0 0 -0.000890
575 0 0 -0.000956
580 0 0 -0.000906
585 0 0 -0.000810
590 0 0 -0.000731
595 0 0 -0.000686
600 0 0 -0.000680
605 0 0 -0.000714
610 0 0 -0.000761
615 0 0 -0.000790
620 0 0 -0.000777
625 0 0 -0.000734
630 0 0 -0.000680
635 0 0 -0.000634
640 0 0 -0.000607
645 0 0 -0.000610
650 0 0 -0.000651
655 0 0 -0.000728
660 0 0 -0.000840
665 0 0 -0.000973
670 0 0 -0.001077
675 0 0 -0.001090
680 0 0 -0.000978
685 0 0 -0.000805
690 0 0 -0.000660
695 0 0 -0.000611
700 0 0 -0.000635
705 0 0 -0.000690
710 0 0 -0.000736
715 0 0 -0.000754
720 0 0 -0.000730
725 0 0 -0.000656
730 0 0 -0.000556
735 0 0 -0.000460
740 0 0 -0.000391
745 0 0 -0.000347
750 0 0 -0.000320
755 0 0 -0.000301
760 0 0 -0.000286
765 0 0 -0.000270
770 0 0 -0.000250
775 0 0 -0.000229
780 0 0 -0.000210
785 0 0 -0.000196
790 0 0 -0.000189
795 0 0 -0.000190
800 0 0 -0.000198
805 0 0 -0.000207
810 0 0 -0.000210
815 0 0 -0.000201
820 0 0 -0.000188
825 0 0 -0.000180
830 0 0 -0.000184
835 0 0 -0.000191
840 0 0 -0.000190
845 0 0 -0.000173
850 0 0 -0.000153
855 0 0 -0.000150
860 0 0 -0.000175
865 0 0 -0.000213
870 0 0 -0.000240
875 0 0 -0.000241
880 0 0 -0.000230
885 0 0 -0.000230
890 0 0 -0.000255
895 0 0 -0.000285
900 0 0 -0.000290
905 0 0 -0.000252
910 0 0 -0.000199
915 0 0 -0.000170
920 0 0 -0.000192
925 0 0 -0.000236
930 0 0 -0.000260
935 0 0 -0.000236
940 0 0 -0.000189
945 0 0 -0.000160
950 0 0 -0.000178
955 0 0 -0.000231
960 0 0 -0.000300
965 0 0 -0.000365
970 0 0 -0.000412
975 0 0 -0.000430
980 0 0 -0.000414
985 0 0 -0.000387
990 0 0 -0.000380
995 0 0 -0.000410
1000 0 0 -0.000450
1005 0 0 -0.000460
1010 0 0 -0.000422
1015 0 0 -0.000408
1020 0 0 -0.000510
1025 0 0 -0.000780
1030 0 0 -0.001108
1035 0 0 -0.001340
1040 0 0 -0.001369
1045 0 0 -0.001264
1050 0 0 -0.001140
1055 0 0 -0.001086
1060 0 0 -0.001095
1065 0 0 -0.001140
1070 0 0 -0.001194
1075 0 0 -0.001246
1080 0 0 -0.001290
1085 0 0 -0.001318
1090 0 0 -0.001314
1095 0 0 -0.001260
1100 0 0 -0.001150
1105 0 0 -0.001026
1110 0 0 -0.000940
1115 0 0 -0.000932
1120 0 0 -0.000980
1125 0 0 -0.001050
1130 0 0 -0.001109
1135 0 0 -0.001132
1140 0 0 -0.001100
1145 0 0 -0.001002
1150 0 0 -0.000878
1155 0 0 -0.000780
1160 0 0 -0.000745
1165 0 0 -0.000755
1170 0 0 -0.000780
1175 0 0 -0.000793
1180 0 0 -0.000795
1185 0 0 -0.000790
1190 0 0 -0.000780
1195 0 0 -0.000752
1200 0 0 -0.000690
1205 0 0 -0.000591
1210 0 0 -0.000511
1215 0 0 -0.000520
1220 0 0 -0.000660
1225 0 0 -0.000857
1230 0 0 -0.001010
1235 0 0 -0.001045
1240 0 0 -0.001002
1245 0 0 -0.000950
1250 0 0 -0.000941
1255 0 0 -0.000954
1260 0 0 -0.000950
1265 0 0 -0.000903
1270 0 0 -0.000840
1275 0 0 -0.000800
1280 0 0 -0.000808
1285 0 0 -0.000838
1290 0 0 -0.000850
1295 0 0 -0.000816
1300 0 0 -0.000755
1305 0 0 -0.000700
1310 0 0 -0.000674
1315 0 0 -0.000674
1320 0 0 -0.000690
1325 0 0 -0.000712
1330 0 0 -0.000728
1335 0 0 -0.000730
1340 0 0 -0.000710
1345 0 0 -0.000679
1350 0 0 -0.000650
1355 0 0 -0.000634
1360 0 0 -0.000632
1365 0 0 -0.000640
1370 0 0 -0.000654
1375 0 0 -0.000662
1380 0 0 -0.000650
1385 0 0 -0.000609
1390 0 0 -0.000546
1395 0 0 -0.000470
1400 0 0 -0.000391
1405 0 0 -0.000316
1410 0 0 -0.000250
1415 0 0 -0.000198
1420 0 0 -0.000162
1425 0 0 -0.000140
1430 0 0 -0.000132
1435 0 0 -0.000136
1440 0 0 -0.000150
1445 0 0 -0.000168
1450 0 0 -0.000180
1455 0 0 -0.000170
1460 0 0 -0.000133
1465 0 0 -0.000090
1470 0 0 -0.000070
1475 0 0 -0.000093
1480 0 0 -0.000137
1485 0 0 -0.000170
1490 0 0 -0.000170
1495 0 0 -0.000144
1500 0 0 -0.000110
1505 0 0 -0.000082
1510 0 0 -0.000072
1515 0 0 -0.000090
1520 0 0 -0.000139
1525 0 0 -0.000193
1530 0 0 -0.000220
1535 0 0 -0.000198
1540 0 0 -0.000152
1545 0 0 -0.000120
1550 0 0 -0.000127
1555 0 0 -0.000159
1560 0 0 -0.000190
1565 0 0 -0.000200
1570 0 0 -0.000189
1575 0 0 -0.000160
1580 0 0 -0.000121
1585 0 0 -0.000088
1590 0 0 -0.000080
1595 0 0 -0.000108
1600 0 0 -0.000148
1605 0 0 -0.000170
1610 0 0 -0.000153
1615 0 0 -0.000116
1620 0 0 -0.000090
1625 0 0 -0.000096
1630 0 0 -0.000121
1635 0 0 -0.000140
1640 0 0 -0.000138
1645 0 0 -0.000125
1650 0 0 -0.000120
1655 0 0 -0.000134
1660 0 0 -0.000156
1665 0 0 -0.000170
1670 0 0 -0.000166
1675 0 0 -0.000154
1680 0 0 -0.000150
1685 0 0 -0.000165
1690 0 0 -0.000190
1695 0 0 -0.000210
1700 0 0 -0.000215
1705 0 0 -0.000209
1710 0 0 -0.000200
1715 0 0 -0.000193
1720 0 0 -0.000185
1725 0 0 -0.000170
1730 0 0 -0.000146
1735 0 0 -0.000119
1740 0 0 -0.000100
1745 0 0 -0.000095
1750 0 0 -0.000103
1755 0 0 -0.000120
1760 0 0 -0.000142
1765 0 0 -0.000156
1770 0 0 -0.000150
1775 0 0 -0.000117
1780 0 0 -0.000080
1785 0 0 -0.000070
1790 0 0 -0.000105
1795 0 0 -0.000161
1800 0 0 -0.000200
1805 0 0 -0.000197
1810 0 0 -0.000169
1815 0 0 -0.000140
1820 0 0 -0.000132
1825 0 0 -0.000142
1830 0 0 -0.000160
1835 0 0 -0.000178
1840 0 0 -0.000185
1845 0 0 -0.000170
1850 0 0 -0.000129
1855 0 0 -0.000085
1860 0 0 -0.000070
1865 0 0 -0.000102
1870 0 0 -0.000151
1875 0 0 -0.000170
1880 0 0 -0.000134
1885 0 0 -0.000084
1890 0 0 -0.000080
1895 0 0 -0.000160
1900 0 0 -0.000276
1905 0 0 -0.000360
1910 0 0 -0.000361
1915 0 0 -0.000306
1920 0 0 -0.000240
1925 0 0 -0.000200
1930 0 0 -0.000191
1935 0 0 -0.000210
1940 0 0 -0.000249
1945 0 0 -0.000288
1950 0 0 -0.000300
1955 0 0 -0.000272
1960 0 0 -0.000229
1965 0 0 -0.000210
1970 0 0 -0.000238
1975 0 0 -0.000285
1980 0 0 -0.000310
1985 0 0 -0.000283
1990 0 0 -0.000221
1995 0 0 -0.000150
2000 0 0 -0.000097
2005 0 0 -0.000076
2010 0 0 -0.000100
2015 0 0 -0.000172
2020 0 0 -0.000254
2025 0 0 -0.000300
2030 0 0 -0.000277
2035 0 0 -0.000210
2040 0 0 -0.000140
2045 0 0 -0.000098
2050 0 0 -0.000087
2055 0 0 -0.000100
2060 0 0 -0.000131
2065 0 0 -0.000166
2070 0 0 -0.000190
2075 0 0 -0.000191
2080 0 0 -0.000177
2085 0 0 -0.000160
2090 0 0 -0.000149
2095 0 0 -0.000143
2100 0 0 -0.000140
2105 0 0 -0.000139
2110 0 0 -0.000149
2115 0 0 -0.000180
2120 0 0 -0.000240
2125 0 0 -0.000320
2130 0 0 -0.000410
2135 0 0 -0.000494
2140 0 0 -0.000544
2145 0 0 -0.000530
2150 0 0 -0.000436
2155 0 0 -0.000306
2160 0 0 -0.000200
2165 0 0 -0.000162
2170 0 0 -0.000179
2175 0 0 -0.000220
2180 0 0 -0.000261
2185 0 0 -0.000290
2190 0 0 -0.000300
2195 0 0 -0.000286
2200 0 0 -0.000260
2205 0 0 -0.000240
2210 0 0 -0.000236
2215 0 0 -0.000240
2220 0 0 -0.000240
2225 0 0 -0.000226
2230 0 0 -0.000203
2235 0 0 -0.000180
2240 0 0 -0.000164
2245 0 0 -0.000160
2250 0 0 -0.000170
2255 0 0 -0.000195
2260 0 0 -0.000221
2265 0 0 -0.000230
2270 0 0 -0.000212
2275 0 0 -0.000179
2280 0 0 -0.000150
2285 0 0 -0.000140
2290 0 0 -0.000148
2295 0 0 -0.000170
2300 0 0 -0.000200
2305 0 0 -0.000222
2310 0 0 -0.000220
2315 0 0 -0.000185
2320 0 0 -0.000148
2325 0 0 -0.000150
2330 0 0 -0.000214
2335 0 0 -0.000297
2340 0 0 -0.000340
2345 0 0 -0.000306
2350 0 0 -0.000255
2355 0 0 -0.000270
2360 0 0 -0.000402
2365 0 0 -0.000568
2370 0 0 -0.000650
2375 0 0 -0.000570
2380 0 0 -0.000401
2385 0 0 -0.000250
2390 0 0 -0.000199
2395 0 0 -0.000216
2400 0 0 -0.000240
2405 0 0 -0.000225
2410 0 0 -0.000187
2415 0 0 -0.000160
2420 0 0 -0.000168
2425 0 0 -0.000208
2430 0 0 -0.000270
2435 0 0 -0.000341
2440 0 0 -0.000400
2445 0 0 -0.000420
2450 0 0 -0.000387
2455 0 0 -0.000326
2460 0 0 -0.000270
2465 0 0 -0.000247
2470 0 0 -0.000254
2475 0 0 -0.000280
2480 0 0 -0.000316
2485 0 0 -0.000358
2490 0 0 -0.000400
2495 0 0 -0.000440
2500 0 0 -0.000480
2505 0 0 -0.000520
2510 0 0 -0.000559
2515 0 0 -0.000579
2520 0 0 -0.000560
2525 0 0 -0.000491
2530 0 0 -0.000406
2535 0 0 -0.000350
2540 0 0 -0.000354
2545 0 0 -0.000389
2550 0 0 -0.000410
2555 0 0 -0.000386
2560 0 0 -0.000340
2565 0 0 -0.000310
2570 0 0 -0.000321
2575 0 0 -0.000357
2580 0 0 -0.000390
2585 0 0 -0.000399
2590 0 0 -0.000387
2595 0 0 -0.000360
2600 0 0 -0.000327
2605 0 0 -0.000300
2610 0 0 -0.000290
2615 0 0 -0.000303
2620 0 0 -0.000327
2625 0 0 -0.000340
2630 0 0 -0.000331
2635 0 0 -0.000309
2640 0 0 -0.000290
2645 0 0 -0.000287
2650 0 0 -0.000299
2655 0 0 -0.000320
2660 0 0 -0.000345
2665 0 0 -0.000370
2670 0 0 -0.000390
2675 0 0 -0.000402
2680 0 0 -0.000402
2685 0 0 -0.000390
2690 0 0 -0.000365
2695 0 0 -0.000334
2700 0 0 -0.000310
2705 0 0 -0.000300
2710 0 0 -0.000307
2715 0 0 -0.000330
2720 0 0 -0.000367
2725 0 0 -0.000401
2730 0 0 -0.000410
2735 0 0 -0.000383
2740 0 0 -0.000340
2745 0 0 -0.000310
2750 0 0 -0.000314
2755 0 0 -0.000338
2760 0 0 -0.000360
2765 0 0 -0.000362
2770 0 0 -0.000347
2775 0 0 -0.000320
2780 0 0 -0.000289
2785 0 0 -0.000263
2790 0 0 -0.000250
2795 0 0 -0.000254
2800 0 0 -0.000257
2805 0 0 -0.000240
2810 0 0 -0.000189
2815 0 0 -0.000128
2820 0 0 -0.000090
2825 0 0 -0.000097
2830 0 0 -0.000127
2835 0 0 -0.000150
2840 0 0 -0.000142
2845 0 0 -0.000117
2850 0 0 -0.000100
2855 0 0 -0.000107
2860 0 0 -0.000131
2865 0 0 -0.000160
2870 0 0 -0.000182
2875 0 0 -0.000190
2880 0 0 -0.000180
2885 0 0 -0.000151
2890 0 0 -0.000123
2895 0 0 -0.000120
2900 0 0 -0.000156
2905 0 0 -0.000202
2910 0 0 -0.000220
2915 0 0 -0.000185
2920 0 0 -0.000124
2925 0 0 -0.000080
2930 0 0 -0.000082
2935 0 0 -0.000112
2940 0 0 -0.000140
2945 0 0 -0.000143
2950 0 0 -0.000128
2955 0 0 -0.000110
2960 0 0 -0.000101
2965 0 0 -0.000101
2970 0 0 -0.000110
2975 0 0 -0.000124
2980 0 0 -0.000136
2985 0 0 -0.000140
2990 0 0 -0.000132
2995 0 0 -0.000123
3000 0 0 -0.000130
3005 0 0 -0.000161
3010 0 0 -0.000197
3015 0 0 -0.000210
3020 0 0 -0.000184
3025 0 0 -0.000143
3030 0 0 -0.000120
3035 0 0 -0.000137
3040 0 0 -0.000172
3045 0 0 -0.000190
3050 0 0 -0.000168
3055 0 0 -0.000125
3060 0 0 -0.000090
3065 0 0 -0.000086
3070 0 0 -0.000102
3075 0 0 -0.000120
3080 0 0 -0.000126
3085 0 0 -0.000124
3090 0 0 -0.000120
3095 0 0 -0.000121
3100 0 0 -0.000123
3105 0 0 -0.000120
3110 0 0 -0.000110
3115 0 0 -0.000103
3120 0 0 -0.000110
3125 0 0 -0.000140
3130 0 0 -0.000179
3135 0 0 -0.000210
3140 0 0 -0.000219
3145 0 0 -0.000214
3150 0 0 -0.000210
3155 0 0 -0.000214
3160 0 0 -0.000216
3165 0 0 -0.000200
3170 0 0 -0.000157
3175 0 0 -0.000111
3180 0 0 -0.000090
3185 0 0 -0.000114
3190 0 0 -0.000157
3195 0 0 -0.000180
3200 0 0 -0.000157
3205 0 0 -0.000112
3210 0 0 -0.000080
3215 0 0 -0.000086
3220 0 0 -0.000115
3225 0 0 -0.000140
3230 0 0 -0.000142
3235 0 0 -0.000128
3240 0 0 -0.000110
3245 0 0 -0.000100
3250 0 0 -0.000103
3255 0 0 -0.000120
3260 0 0 -0.000151
3265 0 0 -0.000181
3270 0 0 -0.000190
3275 0 0 -0.000167
3280 0 0 -0.000134
3285 0 0 -0.000120
3290 0 0 -0.000144
3295 0 0 -0.000183
3300 0 0 -0.000200
3305 0 0 -0.000173
3310 0 0 -0.000122
3315 0 0 -0.000080
3320 0 0 -0.000073
3325 0 0 -0.000101
3330 0 0 -0.000160
3335 0 0 -0.000240
3340 0 0 -0.000319
3345 0 0 -0.000370
3350 0 0 -0.000375
3355 0 0 -0.000348
3360 0 0 -0.000310
3365 0 0 -0.000280
3370 0 0 -0.000261
3375 0 0 -0.000250
3380 0 0 -0.000247
3385 0 0 -0.000251
3390 0 0 -0.000260
3395 0 0 -0.000271
3400 0 0 -0.000275
3405 0 0 -0.000260
3410 0 0 -0.000221
3415 0 0 -0.000184
3420 0 0 -0.000180
3425 0 0 -0.000229
3430 0 0 -0.000290
3435 0 0 -0.000310
3440 0 0 -0.000254
3445 0 0 -0.000164
3450 0 0 -0.000100
3455 0 0 -0.000105
3460 0 0 -0.000155
3465 0 0 -0.000210
3470 0 0 -0.000238
3475 0 0 -0.000241
3480 0 0 -0.000230
3485 0 0 -0.000215
3490 0 0 -0.000201
3495 0 0 -0.000190
3500 0 0 -0.000185
3505 0 0 -0.000180
3510 0 0 -0.000170
3515 0 0 -0.000151
3520 0 0 -0.000136
3525 0 0 -0.000140
3530 0 0 -0.000173
3535 0 0 -0.000218
3540 0 0 -0.000250
3545 0 0 -0.000251
3550 0 0 -0.000224
3555 0 0 -0.000180
3560 0 0 -0.000136
3565 0 0 -0.000143
3570 0 0 -0.000260
3575 0 0 -0.000511
3580 0 0 -0.000768
3585 0 0 -0.000870
3590 0 0 -0.000710
3595 0 0 -0.000410
3600 0 0 -0.000150
3605 0 0 -0.000063
3610 0 0 -0.000104
3615 0 0 -0.000180
3620 0 0 -0.000218
3625 0 0 -0.000222
3630 0 0 -0.000210
3635 0 0 -0.000201
3640 0 0 -0.000195
3645 0 0 -0.000190
3650 0 0 -0.000184
3655 0 0 -0.000176
3660 0 0 -0.000170
3665 0 0 -0.000166
3670 0 0 -0.000168
3675 0 0 -0.000180
3680 0 0 -0.000203
3685 0 0 -0.000225
3690 0 0 -0.000230
3695 0 0 -0.000210
3700 0 0 -0.000179
3705 0 0 -0.000160
3710 0 0 -0.000166
3715 0 0 -0.000183
3720 0 0 -0.000190
3725 0 0 -0.000173
3730 0 0 -0.000148
3735 0 0 -0.000140
3740 0 0 -0.000164
3745 0 0 -0.000203
3750 0 0 -0.000230
3755 0 0 -0.000228
3760 0 0 -0.000205
3765 0 0 -0.000180
3770 0 0 -0.000164
3775 0 0 -0.000146
3780 0 0 -0.000110
3785 0 0 -0.000058
3790 0 0 -0.000062
3795 0 0 -0.000210
3800 0 0 -0.000547
3805 0 0 -0.000942
3810 0 0 -0.001220
3815 0 0 -0.001257
3820 0 0 -0.001138
3825 0 0 -0.001000
3830 0 0 -0.000942
3835 0 0 -0.000911
3840 0 0 -0.000820
3845 0 0 -0.000611
3850 0 0 -0.000358
3855 0 0 -0.000170
3860 0 0 -0.000123
3865 0 0 -0.000171
3870 0 0 -0.000240
3875 0 0 -0.000269
3880 0 0 -0.000262
3885 0 0 -0.000240
3890 0 0 -0.000224
3895 0 0 -0.000244
3900 0 0 -0.000330
3905 0 0 -0.000503
3910 0 0 -0.000748
3915 0 0 -0.001040
3920 0 0 -0.001346
3925 0 0 -0.001593
3930 0 0 -0.001700
3935 0 0 -0.001611
3940 0 0 -0.001383
3945 0 0 -0.001100
3950 0 0 -0.000837
3955 0 0 -0.000636
3960 0 0 -0.000530
3965 0 0 -0.000534
3970 0 0 -0.000579
3975 0 0 -0.000580
3980 0 0 -0.000480
3985 0 0 -0.000352
3990 0 0 -0.000300
3995 0 0 -0.000392
4000 0 0 -0.000550
4005 0 0 -0.000660
4010 0 0 -0.000639
4015 0 0 -0.000531
4020 0 0 -0.000410
4025 0 0 -0.000336
4030 0 0 -0.000306
4035 0 0 -0.000300
4040 0 0 -0.000303
4045 0 0 -0.000313
4050 0 0 -0.000330
4055 0 0 -0.000355
4060 0 0 -0.000378
4065 0 0 -0.000390
4070 0 0 -0.000384
4075 0 0 -0.000364
4080 0 0 -0.000340
4085 0 0 -0.000321
4090 0 0 -0.000319
4095 0 0 -0.000350
4100 0 0 -0.000418
4105 0 0 -0.000489
4110 0 0 -0.000520
4115 0 0 -0.000482
4120 0 0 -0.000402
4125 0 0 -0.000320
4130 0 0 -0.000268
4135 0 0 -0.000244
4140 0 0 -0.000240
4145 0 0 -0.000247
4150 0 0 -0.000261
4155 0 0 -0.000280
4160 0 0 -0.000299
4165 0 0 -0.000309
4170 0 0 -0.000300
4175 0 0 -0.000268
4180 0 0 -0.000233
4185 0 0 -0.000220
4190 0 0 -0.000246
4195 0 0 -0.000292
4200 0 0 -0.000330
4205 0 0 -0.000338
4210 0 0 -0.000318
4215 0 0 -0.000280
4220 0 0 -0.000233
4225 0 0 -0.000191
4230 0 0 -0.000170
4235 0 0 -0.000179
4240 0 0 -0.000198
4245 0 0 -0.000200
4250 0 0 -0.000167
4255 0 0 -0.000123
4260 0 0 -0.000100
4265 0 0 -0.000120
4270 0 0 -0.000158
4275 0 0 -0.000180
4280 0 0 -0.000160
4285 0 0 -0.000120
4290 0 0 -0.000090
4295 0 0 -0.000094
4300 0 0 -0.000118
4305 0 0 -0.000140
4310 0 0 -0.000143
4315 0 0 -0.000132
4320 0 0 -0.000120
4325 0 0 -0.000116
4330 0 0 -0.000122
4335 0 0 -0.000140
4340 0 0 -0.000167
4345 0 0 -0.000190
4350 0 0 -0.000190
4355 0 0 -0.000160
4360 0 0 -0.000122
4365 0 0 -0.000110
4370 0 0 -0.000143
4375 0 0 -0.000190
4380 0 0 -0.000210
4385 0 0 -0.000174
4390 0 0 -0.000113
4395 0 0 -0.000070
4400 0 0 -0.000077
4405 0 0 -0.000112
4410 0 0 -0.000140
4415 0 0 -0.000135
4420 0 0 -0.000110
4425 0 0 -0.000090
4430 0 0 -0.000092
4435 0 0 -0.000110
4440 0 0 -0.000130
4445 0 0 -0.000141
4450 0 0 -0.000144
4455 0 0 -0.000140
4460 0 0 -0.000134
4465 0 0 -0.000131
4470 0 0 -0.000140
4475 0 0 -0.000163
4480 0 0 -0.000186
4485 0 0 -0.000190
4490 0 0 -0.000163
4495 0 0 -0.000127
4500 0 0 -0.000110
4505 0 0 -0.000131
4510 0 0 -0.000166
4515 0 0 -0.000180
4520 0 0 -0.000152
4525 0 0 -0.000106
4530 0 0 -0.000080
4535 0 0 -0.000099
4540 0 0 -0.000141
4545 0 0 -0.000170
4550 0 0 -0.000162
4555 0 0 -0.000132
4560 0 0 -0.000110
4565 0 0 -0.000114
4570 0 0 -0.000136
4575 0 0 -0.000160
4580 0 0 -0.000174
4585 0 0 -0.000182
4590 0 0 -0.000190
4595 0 0 -0.000203
4600 0 0 -0.000211
4605 0 0 -0.000200
4610 0 0 -0.000163
4615 0 0 -0.000124
4620 0 0 -0.000110
4625 0 0 -0.000140
4630 0 0 -0.000187
4635 0 0 -0.000210
4640 0 0 -0.000183
4645 0 0 -0.000131
4650 0 0 -0.000090
4655 0 0 -0.000088
4660 0 0 -0.000110
4665 0 0 -0.000130
4670 0 0 -0.000129
4675 0 0 -0.000115
4680 0 0 -0.000100
4685 0 0 -0.000095
4690 0 0 -0.000100
4695 0 0 -0.000110
4700 0 0 -0.000121
4705 0 0 -0.000129
4710 0 0 -0.000130
4715 0 0 -0.000121
4720 0 0 -0.000114
4725 0 0 -0.000120
4730 0 0 -0.000147
4735 0 0 -0.000178
4740 0 0 -0.000190
4745 0 0 -0.000168
4750 0 0 -0.000132
4755 0 0 -0.000110
4760 0 0 -0.000122
4765 0 0 -0.000161
4770 0 0 -0.000210
4775 0 0 -0.000257
4780 0 0 -0.000295
4785 0 0 -0.000320
4790 0 0 -0.000328
4795 0 0 -0.000321
4800 0 0 -0.000300
4805 0 0 -0.000269
4810 0 0 -0.000238
4815 0 0 -0.000220
4820 0 0 -0.000222
4825 0 0 -0.000233
4830 0 0 -0.000240
4835 0 0 -0.000232
4840 0 0 -0.000215
4845 0 0 -0.000200
4850 0 0 -0.000196
4855 0 0 -0.000203
4860 0 0 -0.000220
4865 0 0 -0.000244
4870 0 0 -0.000260
4875 0 0 -0.000250
4880 0 0 -0.000206
4885 0 0 -0.000154
4890 0 0 -0.000130
4895 0 0 -0.000157
4900 0 0 -0.000205
4905 0 0 -0.000230
4910 0 0 -0.000204
4915 0 0 -0.000151
4920 0 0 -0.000110
4925 0 0 -0.000111
4930 0 0 -0.000144
4935 0 0 -0.000190
4940 0 0 -0.000232
4945 0 0 -0.000258
4950 0 0 -0.000260
4955 0 0 -0.000235
4960 0 0 -0.000210
4965 0 0 -0.000220
4970 0 0 -0.000286
4975 0 0 -0.000373
4980 0 0 -0.000430
4985 0 0 -0.000422
4990 0 0 -0.000372
4995 0 0 -0.000320
5000 0 0 -0.000298
5005 0 0 -0.000319
5010 0 0 -0.000390
5015 0 0 -0.000507
5020 0 0 -0.000618
5025 0 0 -0.000660
5030 0 0 -0.000591
5035 0 0 -0.000455
5040 0 0 -0.000320
5045 0 0 -0.000237
5050 0 0 -0.000200
5055 0 0 -0.000190
5060 0 0 -0.000189
5065 0 0 -0.000192
5070 0 0 -0.000200
5075 0 0 -0.000210
5080 0 0 -0.000219
5085 0 0 -0.000220
5090 0 0 -0.000211
5095 0 0 -0.000190
5100 0 0 -0.000160
5105 0 0 -0.000124
5110 0 0 -0.000097
5115 0 0 -0.000100
5120 0 0 -0.000142
5125 0 0 -0.000200
5130 0 0 -0.000240
5135 0 0 -0.000239
5140 0 0 -0.000211
5145 0 0 -0.000180
5150 0 0 -0.000165
5155 0 0 -0.000169
5160 0 0 -0.000190
5165 0 0 -0.000223
5170 0 0 -0.000245
5175 0 0 -0.000230
5180 0 0 -0.000166
5185 0 0 -0.000104
5190 0 0 -0.000110
5195 0 0 -0.000222
5200 0 0 -0.000368
5205 0 0 -0.000450
5210 0 0 -0.000400
5215 0 0 -0.000276
5220 0 0 -0.000170
5225 0 0 -0.000149
5230 0 0 -0.000191
5235 0 0 -0.000250
5240 0 0 -0.000289
5245 0 0 -0.000306
5250 0 0 -0.000310
5255 0 0 -0.000306
5260 0 0 -0.000293
5265 0 0 -0.000270
5270 0 0 -0.000237
5275 0 0 -0.000206
5280 0 0 -0.000190
5285 0 0 -0.000197
5290 0 0 -0.000213
5295 0 0 -0.000220
5300 0 0 -0.000205
5305 0 0 -0.000186
5310 0 0 -0.000190
5315 0 0 -0.000230
5320 0 0 -0.000274
5325 0 0 -0.000280
5330 0 0 -0.000224
5335 0 0 -0.000160
5340 0 0 -0.000160
5345 0 0 -0.000273
5350 0 0 -0.000448
5355 0 0 -0.000610
5360 0 0 -0.000702
5365 0 0 -0.000740
5370 0 0 -0.000760
5375 0 0 -0.000784
5380 0 0 -0.000792
5385 0 0 -0.000750
5390 0 0 -0.000640
5395 0 0 -0.000505
5400 0 0 -0.000400
5405 0 0 -0.000366
5410 0 0 -0.000376
5415 0 0 -0.000390
5420 0 0 -0.000378
5425 0 0 -0.000365
5430 0 0 -0.000390
5435 0 0 -0.000474
5440 0 0 -0.000570
5445 0 0 -0.000610
5450 0 0 -0.000551
5455 0 0 -0.000434
5460 0 0 -0.000320
5465 0 0 -0.000259
5470 0 0 -0.000248
5475 0 0 -0.000270
5480 0 0 -0.000308
5485 0 0 -0.000344
5490 0 0 -0.000360
5495 0 0 -0.000343
5500 0 0 -0.000305
5505 0 0 -0.000260
5510 0 0 -0.000225
5515 0 0 -0.000208
5520 0 0 -0.000220
5525 0 0 -0.000262
5530 0 0 -0.000314
5535 0 0 -0.000350
5540 0 0 -0.000352
5545 0 0 -0.000337
5550 0 0 -0.000330
5555 0 0 -0.000348
5560 0 0 -0.000376
5565 0 0 -0.000390
5570 0 0 -0.000372
5575 0 0 -0.000331
5580 0 0 -0.000280
5585 0 0 -0.000233
5590 0 0 -0.000203
5595 0 0 -0.000200
5600 0 0 -0.000230
5605 0 0 -0.000269
5610 0 0 -0.000290
5615 0 0 -0.000272
5620 0 0 -0.000233
5625 0 0 -0.000200
5630 0 0 -0.000193
5635 0 0 -0.000212
5640 0 0 -0.000250
5645 0 0 -0.000297
5650 0 0 -0.000337
5655 0 0 -0.000350
5660 0 0 -0.000325
5665 0 0 -0.000282
5670 0 0 -0.000250
5675 0 0 -0.000247
5680 0 0 -0.000259
5685 0 0 -0.000260
5690 0 0 -0.000235
5695 0 0 -0.000195
5700 0 0 -0.000160
5705 0 0 -0.000145
5710 0 0 -0.000148
5715 0 0 -0.000160
5720 0 0 -0.000174
5725 0 0 -0.000181
5730 0 0 -0.000170
5735 0 0 -0.000138
5740 0 0 -0.000104
5745 0 0 -0.000090
5750 0 0 -0.000112
5755 0 0 -0.000149
5760 0 0 -0.000170
5765 0 0 -0.000155
5770 0 0 -0.000120
5775 0 0 -0.000090
5780 0 0 -0.000086
5785 0 0 -0.000103
5790 0 0 -0.000130
5795 0 0 -0.000158
5800 0 0 -0.000177
5805 0 0 -0.000180
5810 0 0 -0.000164
5815 0 0 -0.000143
5820 0 0 -0.000140
5825 0 0 -0.000166
5830 0 0 -0.000199
5835 0 0 -0.000210
5840 0 0 -0.000180
5845 0 0 -0.000131
5850 0 0 -0.000100
5855 0 0 -0.000109
5860 0 0 -0.000139
5865 0 0 -0.000160
5870 0 0 -0.000150
5875 0 0 -0.000122
5880 0 0 -0.000100
5885 0 0 -0.000100
5890 0 0 -0.000112
5895 0 0 -0.000120
5900 0 0 -0.000114
5905 0 0 -0.000103
5910 0 0 -0.000100
5915 0 0 -0.000115
5920 0 0 -0.000139
5925 0 0 -0.000160
5930 0 0 -0.000168
5935 0 0 -0.000166
5940 0 0 -0.000160
5945 0 0 -0.000154
5950 0 0 -0.000150
5955 0 0 -0.000150
5960 0 0 -0.000155
5965 0 0 -0.000162
5970 0 0 -0.000170
5975 0 0 -0.000175
5980 0 0 -0.000173
5985 0 0 -0.000160
5990 0 0 -0.000136
5995 0 0 -0.000111
6000 0 0 -0.000100
6005 0 0 -0.000112
6010 0 0 -0.000137
6015 0 0 -0.000160
6020 0 0 -0.000170
6025 0 0 -0.000171
6030 0 0 -0.000170
6035 0 0 -0.000172
6040 0 0 -0.000168
6045 0 0 -0.000150
6050 0 0 -0.000113
6055 0 0 -0.000080
6060 0 0 -0.000080
6065 0 0 -0.000130
6070 0 0 -0.000195
6075 0 0 -0.000230
6080 0 0 -0.000203
6085 0 0 -0.000146
6090 0 0 -0.000110
6095 0 0 -0.000127
6100 0 0 -0.000171
6105 0 0 -0.000200
6110 0 0 -0.000185
6115 0 0 -0.000144
6120 0 0 -0.000110
6125 0 0 -0.000104
6130 0 0 -0.000117
6135 0 0 -0.000130
6140 0 0 -0.000129
6145 0 0 -0.000119
6150 0 0 -0.000110
6155 0 0 -0.000109
6160 0 0 -0.000114
6165 0 0 -0.000120
6170 0 0 -0.000124
6175 0 0 -0.000125
6180 0 0 -0.000120
6185 0 0 -0.000111
6190 0 0 -0.000104
6195 0 0 -0.000110
6200 0 0 -0.000134
6205 0 0 -0.000176
6210 0 0 -0.000230
6215 0 0 -0.000291
6220 0 0 -0.000349
6225 0 0 -0.000390
6230 0 0 -0.000405
6235 0 0 -0.000392
6240 0 0 -0.000350
6245 0 0 -0.000285
6250 0 0 -0.000222
6255 0 0 -0.000190
6260 0 0 -0.000208
6265 0 0 -0.000248
6270 0 0 -0.000270
6275 0 0 -0.000248
6280 0 0 -0.000203
6285 0 0 -0.000170
6290 0 0 -0.000173
6295 0 0 -0.000195
6300 0 0 -0.000210
6305 0 0 -0.000198
6310 0 0 -0.000171
6315 0 0 -0.000150
6320 0 0 -0.000150
6325 0 0 -0.000171
6330 0 0 -0.000210
6335 0 0 -0.000260
6340 0 0 -0.000298
6345 0 0 -0.000300
6350 0 0 -0.000252
6355 0 0 -0.000184
6360 0 0 -0.000140
6365 0 0 -0.000149
6370 0 0 -0.000185
6375 0 0 -0.000210
6380 0 0 -0.000196
6385 0 0 -0.000160
6390 0 0 -0.000130
6395 0 0 -0.000127
6400 0 0 -0.000142
6405 0 0 -0.000160
6410 0 0 -0.000168
6415 0 0 -0.000165
6420 0 0 -0.000150
6425 0 0 -0.000128
6430 0 0 -0.000117
6435 0 0 -0.000140
6440 0 0 -0.000209
6445 0 0 -0.000301
6450 0 0 -0.000380
6455 0 0 -0.000420
6460 0 0 -0.000418
6465 0 0 -0.000380
6470 0 0 -0.000314
6475 0 0 -0.000245
6480 0 0 -0.000200
6485 0 0 -0.000198
6490 0 0 -0.000223
6495 0 0 -0.000250
6500 0 0 -0.000259
6505 0 0 -0.000253
6510 0 0 -0.000240
6515 0 0 -0.000227
6520 0 0 -0.000217
6525 0 0 -0.000210
6530 0 0 -0.000207
6535 0 0 -0.000208
6540 0 0 -0.000210
6545 0 0 -0.000212
6550 0 0 -0.000208
6555 0 0 -0.000190
6560 0 0 -0.000155
6565 0 0 -0.000119
6570 0 0 -0.000100
6575 0 0 -0.000113
6580 0 0 -0.000149
6585 0 0 -0.000190
6590 0 0 -0.000222
6595 0 0 -0.000233
6600 0 0 -0.000210
6605 0 0 -0.000153
6610 0 0 -0.000112
6615 0 0 -0.000150
6620 0 0 -0.000299
6625 0 0 -0.000474
6630 0 0 -0.000560
6635 0 0 -0.000481
6640 0 0 -0.000318
6645 0 0 -0.000190
6650 0 0 -0.000188
6655 0 0 -0.000279
6660 0 0 -0.000400
6665 0 0 -0.000498
6670 0 0 -0.000557
6675 0 0 -0.000570
6680 0 0 -0.000536
6685 0 0 -0.000481
6690 0 0 -0.000440
6695 0 0 -0.000439
6700 0 0 -0.000478
6705 0 0 -0.000550
6710 0 0 -0.000641
6715 0 0 -0.000718
6720 0 0 -0.000740
6725 0 0 -0.000685
6730 0 0 -0.000603
6735 0 0 -0.000560
6740 0 0 -0.000602
6745 0 0 -0.000687
6750 0 0 -0.000750
6755 0 0 -0.000741
6760 0 0 -0.000667
6765 0 0 -0.000550
6770 0 0 -0.000413
6775 0 0 -0.000288
6780 0 0 -0.000210
6785 0 0 -0.000199
6790 0 0 -0.000227
6795 0 0 -0.000250
6800 0 0 -0.000238
6805 0 0 -0.000211
6810 0 0 -0.000200
6815 0 0 -0.000228
6820 0 0 -0.000290
6825 0 0 -0.000370
6830 0 0 -0.000452
6835 0 0 -0.000509
6840 0 0 -0.000510
6845 0 0 -0.000441
6850 0 0 -0.000348
6855 0 0 -0.000290
6860 0 0 -0.000309
6865 0 0 -0.000368
6870 0 0 -0.000410
6875 0 0 -0.000394
6880 0 0 -0.000342
6885 0 0 -0.000290
6890 0 0 -0.000268
6895 0 0 -0.000277
6900 0 0 -0.000310
6905 0 0 -0.000358
6910 0 0 -0.000397
6915 0 0 -0.000400
6920 0 0 -0.000351
6925 0 0 -0.000283
6930 0 0 -0.000240
6935 0 0 -0.000252
6940 0 0 -0.000294
6945 0 0 -0.000330
6950 0 0 -0.000331
6955 0 0 -0.000308
6960 0 0 -0.000280
6965 0 0 -0.000266
6970 0 0 -0.000274
6975 0 0 -0.000310
6980 0 0 -0.000375
6985 0 0 -0.000443
6990 0 0 -0.000480
6995 0 0 -0.000466
7000 0 0 -0.000421
7005 0 0 -0.000380
7010 0 0 -0.000366
7015 0 0 -0.000369
7020 0 0 -0.000370
7025 0 0 -0.000356
7030 0 0 -0.000332
7035 0 0 -0.000310
7040 0 0 -0.000299
7045 0 0 -0.000300
7050 0 0 -0.000310
7055 0 0 -0.000327
7060 0 0 -0.000340
7065 0 0 -0.000340
7070 0 0 -0.000319
7075 0 0 -0.000284
7080 0 0 -0.000250
7085 0 0 -0.000227
7090 0 0 -0.000221
7095 0 0 -0.000240
7100 0 0 -0.000282
7105 0 0 -0.000323
7110 0 0 -0.000330
7115 0 0 -0.000285
7120 0 0 -0.000220
7125 0 0 -0.000180
7130 0 0 -0.000196
7135 0 0 -0.000243
7140 0 0 -0.000280
7145 0 0 -0.000277
7150 0 0 -0.000244
7155 0 0 -0.000200
7160 0 0 -0.000164
7165 0 0 -0.000145
7170 0 0 -0.000150
7175 0 0 -0.000181
7180 0 0 -0.000214
7185 0 0 -0.000220
7190 0 0 -0.000181
7195 0 0 -0.000122
7200 0 0 -0.000080
7205 0 0 -0.000082
7210 0 0 -0.000111
7215 0 0 -0.000140
7220 0 0 -0.000147
7225 0 0 -0.000137
7230 0 0 -0.000120
7235 0 0 -0.000105
7240 0 0 -0.000099
7245 0 0 -0.000110
7250 0 0 -0.000139
7255 0 0 -0.000169
7260 0 0 -0.000180
7265 0 0 -0.000159
7270 0 0 -0.000126
7275 0 0 -0.000110
7280 0 0 -0.000130
7285 0 0 -0.000170
7290 0 0 -0.000200
7295 0 0 -0.000202
7300 0 0 -0.000183
7305 0 0 -0.000160
7310 0 0 -0.000144
7315 0 0 -0.000138
7320 0 0 -0.000140
7325 0 0 -0.000148
7330 0 0 -0.000151
7335 0 0 -0.000140
7340 0 0 -0.000108
7345 0 0 -0.000076
7350 0 0 -0.000070
7355 0 0 -0.000105
7360 0 0 -0.000155
7365 0 0 -0.000180
7370 0 0 -0.000156
7375 0 0 -0.000109
7380 0 0 -0.000080
7385 0 0 -0.000096
7390 0 0 -0.000136
7395 0 0 -0.000170
7400 0 0 -0.000174
7405 0 0 -0.000161
7410 0 0 -0.000150
7415 0 0 -0.000157
7420 0 0 -0.000172
7425 0 0 -0.000180
7430 0 0 -0.000170
7435 0 0 -0.000152
7440 0 0 -0.000140
7445 0 0 -0.000144
7450 0 0 -0.000158
7455 0 0 -0.000170
7460 0 0 -0.000173
7465 0 0 -0.000170
7470 0 0 -0.000170
7475 0 0 -0.000177
7480 0 0 -0.000181
7485 0 0 -0.000170
7490 0 0 -0.000138
7495 0 0 -0.000100
7500 0 0 -0.000080
7505 0 0 -0.000092
7510 0 0 -0.000123
7515 0 0 -0.000150
7520 0 0 -0.000157
7525 0 0 -0.000150
7530 0 0 -0.000140
7535 0 0 -0.000136
7540 0 0 -0.000139
7545 0 0 -0.000150
7550 0 0 -0.000167
7555 0 0 -0.000181
7560 0 0 -0.000180
7565 0 0 -0.000159
7570 0 0 -0.000133
7575 0 0 -0.000120
7580 0 0 -0.000133
7585 0 0 -0.000154
7590 0 0 -0.000160
7595 0 0 -0.000134
7600 0 0 -0.000098
7605 0 0 -0.000080
7610 0 0 -0.000100
7615 0 0 -0.000137
7620 0 0 -0.000160
7625 0 0 -0.000148
7630 0 0 -0.000114
7635 0 0 -0.000080
7640 0 0 -0.000066
7645 0 0 -0.000083
7650 0 0 -0.000140
7655 0 0 -0.000237
7660 0 0 -0.000338
7665 0 0 -0.000400
7670 0 0 -0.000393
7675 0 0 -0.000345
7680 0 0 -0.000300
7685 0 0 -0.000290
7690 0 0 -0.000301
7695 0 0 -0.000310
7700 0 0 -0.000299
7705 0 0 -0.000277
7710 0 0 -0.000260
7715 0 0 -0.000257
7720 0 0 -0.000256
7725 0 0 -0.000240
7730 0 0 -0.000200
7735 0 0 -0.000160
7740 0 0 -0.000150
7745 0 0 -0.000190
7750 0 0 -0.000248
7755 0 0 -0.000280
7760 0 0 -0.000258
7765 0 0 -0.000210
7770 0 0 -0.000180
7775 0 0 -0.000199
7780 0 0 -0.000244
7785 0 0 -0.000280
7790 0 0 -0.000282
7795 0 0 -0.000261
7800 0 0 -0.000240
7805 0 0 -0.000234
7810 0 0 -0.000235
7815 0 0 -0.000230
7820 0 0 -0.000210
7825 0 0 -0.000188
7830 0 0 -0.000180
7835 0 0 -0.000196
7840 0 0 -0.000221
7845 0 0 -0.000230
7850 0 0 -0.000209
7855 0 0 -0.000172
7860 0 0 -0.000140
7865 0 0 -0.000131
7870 0 0 -0.000143
7875 0 0 -0.000170
7880 0 0 -0.000202
7885 0 0 -0.000207
7890 0 0 -0.000150
7895 0 0 -0.000029
7900 0 0 0.000023
7905 0 0 -0.000160
7910 0 0 -0.000661
7915 0 0 -0.001234
7920 0 0 -0.001550
7925 0 0 -0.001383
7930 0 0 -0.000925
7935 0 0 -0.000470
7940 0 0 -0.000247
7945 0 0 -0.000211
7950 0 0 -0.000250
7955 0 0 -0.000273
7960 0 0 -0.000272
7965 0 0 -0.000260
7970 0 0 -0.000248
7975 0 0 -0.000236
7980 0 0 -0.000220
7985 0 0 -0.000199
7990 0 0 -0.000174
7995 0 0 -0.000150
8000 0 0 -0.000130
8005 0 0 -0.000121
8010 0 0 -0.000130
8015 0 0 -0.000158
8020 0 0 -0.000189
8025 0 0 -0.000200
8030 0 0 -0.000177
8035 0 0 -0.000138
8040 0 0 -0.000110
8045 0 0 -0.000112
8050 0 0 -0.000137
8055 0 0 -0.000170
8060 0 0 -0.000199
8065 0 0 -0.000218
8070 0 0 -0.000220
8075 0 0 -0.000206
8080 0 0 -0.000192
8085 0 0 -0.000200
8090 0 0 -0.000242
8095 0 0 -0.000292
8100 0 0 -0.000310
8105 0 0 -0.000274
8110 0 0 -0.000210
8115 0 0 -0.000160
8120 0 0 -0.000154
8125 0 0 -0.000181
8130 0 0 -0.000220
8135 0 0 -0.000253
8140 0 0 -0.000271
8145 0 0 -0.000270
8150 0 0 -0.000246
8155 0 0 -0.000212
8160 0 0 -0.000180
8165 0 0 -0.000163
8170 0 0 -0.000161
8175 0 0 -0.000170
8180 0 0 -0.000187
8185 0 0 -0.000204
8190 0 0 -0.000210
8195 0 0 -0.000201
8200 0 0 -0.000189
8205 0 0 -0.000190
8210 0 0 -0.000216
8215 0 0 -0.000257
8220 0 0 -0.000300
8225 0 0 -0.000333
8230 0 0 -0.000360
8235 0 0 -0.000390
8240 0 0 -0.000428
8245 0 0 -0.000475
8250 0 0 -0.000530
8255 0 0 -0.000585
8260 0 0 -0.000613
8265 0 0 -0.000580
8270 0 0 -0.000471
8275 0 0 -0.000345
8280 0 0 -0.000280
8285 0 0 -0.000328
8290 0 0 -0.000430
8295 0 0 -0.000500
8300 0 0 -0.000477
8305 0 0 -0.000395
8310 0 0 -0.000310
8315 0 0 -0.000267
8320 0 0 -0.000265
8325 0 0 -0.000290
8330 0 0 -0.000326
8335 0 0 -0.000356
8340 0 0 -0.000360
8345 0 0 -0.000327
8350 0 0 -0.000283
8355 0 0 -0.000260
8360 0 0 -0.000282
8365 0 0 -0.000326
8370 0 0 -0.000360
8375 0 0 -0.000359
8380 0 0 -0.000333
8385 0 0 -0.000300
8390 0 0 -0.000276
8395 0 0 -0.000261
8400 0 0 -0.000250
8405 0 0 -0.000243
8410 0 0 -0.000254
8415 0 0 -0.000300
8420 0 0 -0.000386
8425 0 0 -0.000475
8430 0 0 -0.000520
8435 0 0 -0.000488
8440 0 0 -0.000409
8445 0 0 -0.000330
8450 0 0 -0.000287
8455 0 0 -0.000276
8460 0 0 -0.000280
8465 0 0 -0.000287
8470 0 0 -0.000294
8475 0 0 -0.000300
8480 0 0 -0.000304
8485 0 0 -0.000303
8490 0 0 -0.000290
8495 0 0 -0.000265
8500 0 0 -0.000240
8505 0 0 -0.000230
8510 0 0 -0.000247
8515 0 0 -0.000279
8520 0 0 -0.000310
8525 0 0 -0.000326
8530 0 0 -0.000324
8535 0 0 -0.000300
8540 0 0 -0.000256
8545 0 0 -0.000207
8550 0 0 -0.000170
8555 0 0 -0.000156
8560 0 0 -0.000155
8565 0 0 -0.000150
8570 0 0 -0.000130
8575 0 0 -0.000109
8580 0 0 -0.000110
8585 0 0 -0.000144
8590 0 0 -0.000189
8595 0 0 -0.000210
8600 0 0 -0.000188
8605 0 0 -0.000146
8610 0 0 -0.000120
8615 0 0 -0.000135
8620 0 0 -0.000172
8625 0 0 -0.000200
8630 0 0 -0.000196
8635 0 0 -0.000170
8640 0 0 -0.000140
8645 0 0 -0.000121
8650 0 0 -0.000115
8655 0 0 -0.000120
8660 0 0 -0.000132
8665 0 0 -0.000142
8670 0 0 -0.000140
8675 0 0 -0.000119
8680 0 0 -0.000095
8685 0 0 -0.000090
8690 0 0 -0.000115
8695 0 0 -0.000149
8700 0 0 -0.000160
8705 0 0 -0.000130
8710 0 0 -0.000087
8715 0 0 -0.000070
8720 0 0 -0.000104
8725 0 0 -0.000161
8730 0 0 -0.000200
8735 0 0 -0.000191
8740 0 0 -0.000157
8745 0 0 -0.000130
8750 0 0 -0.000136
8755 0 0 -0.000161
8760 0 0 -0.000180
8765 0 0 -0.000177
8770 0 0 -0.000159
8775 0 0 -0.000140
8780 0 0 -0.000130
8785 0 0 -0.000129
8790 0 0 -0.000130
8795 0 0 -0.000130
8800 0 0 -0.000128
8805 0 0 -0.000120
8810 0 0 -0.000108
8815 0 0 -0.000098
8820 0 0 -0.000100
8825 0 0 -0.000118
8830 0 0 -0.000137
8835 0 0 -0.000140
8840 0 0 -0.000115
8845 0 0 -0.000085
8850 0 0 -0.000080
8855 0 0 -0.000120
8860 0 0 -0.000179
8865 0 0 -0.000220
8870 0 0 -0.000217
8875 0 0 -0.000188
8880 0 0 -0.000160
8885 0 0 -0.000155
8890 0 0 -0.000168
8895 0 0 -0.000190
8900 0 0 -0.000209
8905 0 0 -0.000218
8910 0 0 -0.000210
8915 0 0 -0.000181
8920 0 0 -0.000142
8925 0 0 -0.000110
8930 0 0 -0.000097
8935 0 0 -0.000099
8940 0 0 -0.000110
8945 0 0 -0.000124
8950 0 0 -0.000133
8955 0 0 -0.000130
8960 0 0 -0.000113
8965 0 0 -0.000094
8970 0 0 -0.000090
8975 0 0 -0.000112
8980 0 0 -0.000143
8985 0 0 -0.000160
8990 0 0 -0.000149
8995 0 0 -0.000127
9000 0 0 -0.000120
9005 0 0 -0.000145
9010 0 0 -0.000182
9015 0 0 -0.000200
9020 0 0 -0.000179
9025 0 0 -0.000142
9030 0 0 -0.000120
9035 0 0 -0.000135
9040 0 0 -0.000165
9045 0 0 -0.000180
9050 0 0 -0.000158
9055 0 0 -0.000118
9060 0 0 -0.000090
9065 0 0 -0.000093
9070 0 0 -0.000114
9075 0 0 -0.000130
9080 0 0 -0.000124
9085 0 0 -0.000106
9090 0 0 -0.000090
9095 0 0 -0.000090
9100 0 0 -0.000107
9105 0 0 -0.000140
9110 0 0 -0.000186
9115 0 0 -0.000234
9120 0 0 -0.000270
9125 0 0 -0.000284
9130 0 0 -0.000278
9135 0 0 -0.000260
9140 0 0 -0.000235
9145 0 0 -0.000215
9150 0 0 -0.000210
9155 0 0 -0.000226
9160 0 0 -0.000249
9165 0 0 -0.000260
9170 0 0 -0.000245
9175 0 0 -0.000219
9180 0 0 -0.000200
9185 0 0 -0.000203
9190 0 0 -0.000213
9195 0 0 -0.000210
9200 0 0 -0.000181
9205 0 0 -0.000140
9210 0 0 -0.000110
9215 0 0 -0.000107
9220 0 0 -0.000117
9225 0 0 -0.000120
9230 0 0 -0.000106
9235 0 0 -0.000101
9240 0 0 -0.000140
9245 0 0 -0.000243
9250 0 0 -0.000364
9255 0 0 -0.000440
9260 0 0 -0.000427
9265 0 0 -0.000354
9270 0 0 -0.000270
9275 0 0 -0.000213
9280 0 0 -0.000190
9285 0 0 -0.000200
9290 0 0 -0.000235
9295 0 0 -0.000269
9300 0 0 -0.000270
9305 0 0 -0.000220
9310 0 0 -0.000159
9315 0 0 -0.000140
9320 0 0 -0.000197
9325 0 0 -0.000292
9330 0 0 -0.000370
9335 0 0 -0.000392
9340 0 0 -0.000397
9345 0 0 -0.000440
9350 0 0 -0.000555
9355 0 0 -0.000680
9360 0 0 -0.000730
9365 0 0 -0.000647
9370 0 0 -0.000476
9375 0 0 -0.000290
9380 0 0 -0.000155
9385 0 0 -0.000120
9390 0 0 -0.000230
9395 0 0 -0.000493
9400 0 0 -0.000778
9405 0 0 -0.000920
9410 0 0 -0.000807
9415 0 0 -0.000549
9420 0 0 -0.000310
9425 0 0 -0.000214
9430 0 0 -0.000228
9435 0 0 -0.000280
9440 0 0 -0.000310
9445 0 0 -0.000312
9450 0 0 -0.000290
9455 0 0 -0.000255
9460 0 0 -0.000229
9465 0 0 -0.000240
9470 0 0 -0.000301
9475 0 0 -0.000374
9480 0 0 -0.000410
9485 0 0 -0.000375
9490 0 0 -0.000299
9495 0 0 -0.000230
9500 0 0 -0.000203
9505 0 0 -0.000206
9510 0 0 -0.000220
9515 0 0 -0.000226
9520 0 0 -0.000227
9525 0 0 -0.000230
9530 0 0 -0.000240
9535 0 0 -0.000252
9540 0 0 -0.000260
9545 0 0 -0.000260
9550 0 0 -0.000255
9555 0 0 -0.000250
9560 0 0 -0.000248
9565 0 0 -0.000247
9570 0 0 -0.000240
9575 0 0 -0.000226
9580 0 0 -0.000212
9585 0 0 -0.000210
9590 0 0 -0.000226
9595 0 0 -0.000248
9600 0 0 -0.000260
9605 0 0 -0.000251
9610 0 0 -0.000230
9615 0 0 -0.000210
9620 0 0 -0.000201
9625 0 0 -0.000199
9630 0 0 -0.000200
9635 0 0 -0.000198
9640 0 0 -0.000199
9645 0 0 -0.000210
9650 0 0 -0.000236
9655 0 0 -0.000276
9660 0 0 -0.000330
9665 0 0 -0.000393
9670 0 0 -0.000446
9675 0 0 -0.000470
9680 0 0 -0.000454
9685 0 0 -0.000430
9690 0 0 -0.000440
9695 0 0 -0.000511
9700 0 0 -0.000606
9705 0 0 -0.000670
9710 0 0 -0.000665
9715 0 0 -0.000616
9720 0 0 -0.000560
9725 0 0 -0.000528
9730 0 0 -0.000513
9735 0 0 -0.000500
9740 0 0 -0.000477
9745 0 0 -0.000448
9750 0 0 -0.000420
9755 0 0 -0.000399
9760 0 0 -0.000383
9765 0 0 -0.000370
9770 0 0 -0.000357
9775 0 0 -0.000347
9780 0 0 -0.000340
9785 0 0 -0.000338
9790 0 0 -0.000340
9795 0 0 -0.000340
9800 0 0 -0.000338
9805 0 0 -0.000336
9810 0 0 -0.000340
9815 0 0 -0.000350
9820 0 0 -0.000353
9825 0 0 -0.000330
9830 0 0 -0.000276
9835 0 0 -0.000234
9840 0 0 -0.000260
9845 0 0 -0.000385
9850 0 0 -0.000540
9855 0 0 -0.000630
9860 0 0 -0.000591
9865 0 0 -0.000476
9870 0 0 -0.000370
9875 0 0 -0.000335
9880 0 0 -0.000352
9885 0 0 -0.000380
9890 0 0 -0.000389
9895 0 0 -0.000381
9900 0 0 -0.000370
9905 0 0 -0.000365
9910 0 0 -0.000369
9915 0 0 -0.000380
9920 0 0 -0.000398
9925 0 0 -0.000417
9930 0 0 -0.000430
9935 0 0 -0.000431
9940 0 0 -0.000423
9945 0 0 -0.000410
9950 0 0 -0.000396
9955 0 0 -0.000382
9960 0 0 -0.000370
9965 0 0 -0.000360
9970 0 0 -0.000348
9975 0 0 -0.000330
9980 0 0 -0.000304
9985 0 0 -0.000275
9990 0 0 -0.000250
9995 0 0 -0.000233
10000 0 0 -0.000224
10005 0 0 -0.000220
10010 0 0 -0.000218
10015 0 0 -0.000216
10020 0 0 -0.000210
10025 0 0 -0.000198
10030 0 0 -0.000186
10035 0 0 -0.000180
10040 0 0 -0.000185
10045 0 0 -0.000197
10050 0 0 -0.000210
10055 0 0 -0.000218
10060 0 0 -0.000221
10065 0 0 -0.000220
10070 0 0 -0.000216
10075 0 0 -0.000209
