0 0 0 -0.000370
5 0 0 -0.000372
10 0 0 -0.000372
15 0 0 -0.000370
20 0 0 -0.000368
25 0 0 -0.000368
30 0 0 -0.000370
35 0 0 -0.000375
40 0 0 -0.000380
45 0 0 -0.000380
50 0 0 -0.000372
55 0 0 -0.000355
60 0 0 -0.000330
65 0 0 -0.000301
70 0 0 -0.000276
75 0 0 -0.000270
80 0 0 -0.000287
85 0 0 -0.000312
90 0 0 -0.000320
95 0 0 -0.000298
100 0 0 -0.000262
105 0 0 -0.000240
110 0 0 -0.000249
115 0 0 -0.000273
120 0 0 -0.000290
125 0 0 -0.000282
130 0 0 -0.000258
135 0 0 -0.000230
140 0 0 -0.000209
145 0 0 -0.000194
150 0 0 -0.000180
155 0 0 -0.000164
160 0 0 -0.000152
165 0 0 -0.000150
170 0 0 -0.000163
175 0 0 -0.000181
180 0 0 -0.000190
185 0 0 -0.000182
190 0 0 -0.000162
195 0 0 -0.000140
200 0 0 -0.000125
205 0 0 -0.000121
210 0 0 -0.000130
215 0 0 -0.000153
220 0 0 -0.000178
225 0 0 -0.000190
230 0 0 -0.000179
235 0 0 -0.000155
240 0 0 -0.000130
245 0 0 -0.000116
250 0 0 -0.000119
255 0 0 -0.000140
260 0 0 -0.000179
265 0 0 -0.000219
270 0 0 -0.000240
275 0 0 -0.000228
280 0 0 -0.000197
285 0 0 -0.000170
290 0 0 -0.000162
295 0 0 -0.000172
300 0 0 -0.000190
305 0 0 -0.000210
310 0 0 -0.000222
315 0 0 -0.000220
320 0 0 -0.000198
325 0 0 -0.000167
330 0 0 -0.000140
335 0 0 -0.000129
340 0 0 -0.000134
345 0 0 -0.000150
350 0 0 -0.000173
355 0 0 -0.000192
360 0 0 -0.000190
365 0 0 -0.000161
370 0 0 -0.000123
375 0 0 -0.000100
380 0 0 -0.000109
385 0 0 -0.000139
390 0 0 -0.000170
395 0 0 -0.000186
400 0 0 -0.000188
405 0 0 -0.000180
410 0 0 -0.000166
415 0 0 -0.000153
420 0 0 -0.000150
425 0 0 -0.000162
430 0 0 -0.000181
435 0 0 -0.000200
440 0 0 -0.000211
445 0 0 -0.000218
450 0 0 -0.000230
455 0 0 -0.000250
460 0 0 -0.000266
465 0 0 -0.000260
470 0 0 -0.000224
475 0 0 -0.000178
480 0 0 -0.000150
485 0 0 -0.000158
490 0 0 -0.000187
495 0 0 -0.000210
500 0 0 -0.000210
505 0 0 -0.000195
510 0 0 -0.000180
515 0 0 -0.000177
520 0 0 -0.000183
525 0 0 -0.000190
530 0 0 -0.000192
535 0 0 -0.000191
540 0 0 -0.000190
545 0 0 -0.000192
550 0 0 -0.000193
555 0 0 -0.000190
560 0 0 -0.000181
565 0 0 -0.000174
570 0 0 -0.000180
575 0 0 -0.000207
580 0 0 -0.000254
585 0 0 -0.000320
590 0 0 -0.000397
595 0 0 -0.000460
600 0 0 -0.000480
605 0 0 -0.000439
610 0 0 -0.000361
615 0 0 -0.000280
620 0 0 -0.000225
625 0 0 -0.000196
630 0 0 -0.000190
635 0 0 -0.000200
640 0 0 -0.000220
645 0 0 -0.000240
650 0 0 -0.000253
655 0 0 -0.000255
660 0 0 -0.000240
665 0 0 -0.000209
670 0 0 -0.000176
675 0 0 -0.000160
680 0 0 -0.000175
685 0 0 -0.000210
690 0 0 -0.000250
695 0 0 -0.000281
700 0 0 -0.000296
705 0 0 -0.000290
710 0 0 -0.000265
715 0 0 -0.000248
720 0 0 -0.000270
725 0 0 -0.000349
730 0 0 -0.000440
735 0 0 -0.000480
740 0 0 -0.000428
745 0 0 -0.000325
750 0 0 -0.000230
755 0 0 -0.000190
760 0 0 -0.000197
765 0 0 -0.000230
770 0 0 -0.000268
775 0 0 -0.000296
780 0 0 -0.000300
785 0 0 -0.000273
790 0 0 -0.000236
795 0 0 -0.000220
800 0 0 -0.000242
805 0 0 -0.000280
810 0 0 -0.000300
815 0 0 -0.000279
820 0 0 -0.000236
825 0 0 -0.000200
830 0 0 -0.000190
835 0 0 -0.000194
840 0 0 -0.000190
845 0 0 -0.000164
850 0 0 -0.000130
855 0 0 -0.000110
860 0 0 -0.000121
865 0 0 -0.000153
870 0 0 -0.000190
875 0 0 -0.000219
880 0 0 -0.000234
885 0 0 -0.000230
890 0 0 -0.000206
895 0 0 -0.000176
900 0 0 -0.000160
905 0 0 -0.000170
910 0 0 -0.000195
915 0 0 -0.000220
920 0 0 -0.000232
925 0 0 -0.000236
930 0 0 -0.000240
935 0 0 -0.000248
940 0 0 -0.000252
945 0 0 -0.000240
950 0 0 -0.000207
955 0 0 -0.000169
960 0 0 -0.000150
965 0 0 -0.000164
970 0 0 -0.000195
975 0 0 -0.000220
980 0 0 -0.000224
985 0 0 -0.000217
990 0 0 -0.000220
995 0 0 -0.000245
1000 0 0 -0.000283
1005 0 0 -0.000320
1010 0 0 -0.000343
1015 0 0 -0.000353
1020 0 0 -0.000350
1025 0 0 -0.000338
1030 0 0 -0.000323
1035 0 0 -0.000310
1040 0 0 -0.000305
1045 0 0 -0.000311
1050 0 0 -0.000330
1055 0 0 -0.000364
1060 0 0 -0.000419
1065 0 0 -0.000500
1070 0 0 -0.000603
1075 0 0 -0.000689
1080 0 0 -0.000710
1085 0 0 -0.000638
1090 0 0 -0.000522
1095 0 0 -0.000430
1100 0 0 -0.000412
1105 0 0 -0.000441
1110 0 0 -0.000470
1115 0 0 -0.000462
1120 0 0 -0.000421
1125 0 0 -0.000360
1130 0 0 -0.000295
1135 0 0 -0.000242
1140 0 0 -0.000220
1145 0 0 -0.000238
1150 0 0 -0.000275
1155 0 0 -0.000300
1160 0 0 -0.000292
1165 0 0 -0.000265
1170 0 0 -0.000240
1175 0 0 -0.000236
1180 0 0 -0.000251
1185 0 0 -0.000280
1190 0 0 -0.000317
1195 0 0 -0.000348
1200 0 0 -0.000360
1205 0 0 -0.000343
1210 0 0 -0.000310
1215 0 0 -0.000280
1220 0 0 -0.000267
1225 0 0 -0.000272
1230 0 0 -0.000290
1235 0 0 -0.000318
1240 0 0 -0.000347
1245 0 0 -0.000370
1250 0 0 -0.000380
1255 0 0 -0.000379
1260 0 0 -0.000370
1265 0 0 -0.000358
1270 0 0 -0.000347
1275 0 0 -0.000340
1280 0 0 -0.000339
1285 0 0 -0.000336
1290 0 0 -0.000320
1295 0 0 -0.000287
1300 0 0 -0.000253
1305 0 0 -0.000240
1310 0 0 -0.000261
1315 0 0 -0.000300
1320 0 0 -0.000330
1325 0 0 -0.000333
1330 0 0 -0.000316
1335 0 0 -0.000290
1340 0 0 -0.000268
1345 0 0 -0.000258
1350 0 0 -0.000270
1355 0 0 -0.000307
1360 0 0 -0.000352
1365 0 0 -0.000380
1370 0 0 -0.000376
1375 0 0 -0.000349
1380 0 0 -0.000320
1385 0 0 -0.000302
1390 0 0 -0.000299
1395 0 0 -0.000310
1400 0 0 -0.000335
1405 0 0 -0.000367
1410 0 0 -0.000400
1415 0 0 -0.000426
1420 0 0 -0.000434
1425 0 0 -0.000410
1430 0 0 -0.000351
1435 0 0 -0.000280
1440 0 0 -0.000230
1445 0 0 -0.000223
1450 0 0 -0.000243
1455 0 0 -0.000260
1460 0 0 -0.000255
1465 0 0 -0.000237
1470 0 0 -0.000220
1475 0 0 -0.000216
1480 0 0 -0.000222
1485 0 0 -0.000230
1490 0 0 -0.000233
1495 0 0 -0.000227
1500 0 0 -0.000210
1505 0 0 -0.000181
1510 0 0 -0.000152
1515 0 0 -0.000140
1520 0 0 -0.000155
1525 0 0 -0.000186
1530 0 0 -0.000220
1535 0 0 -0.000243
1540 0 0 -0.000250
1545 0 0 -0.000240
1550 0 0 -0.000214
1555 0 0 -0.000187
1560 0 0 -0.000180
1565 0 0 -0.000203
1570 0 0 -0.000239
1575 0 0 -0.000260
1580 0 0 -0.000248
1585 0 0 -0.000212
1590 0 0 -0.000170
1595 0 0 -0.000136
1600 0 0 -0.000118
1605 0 0 -0.000120
1610 0 0 -0.000143
1615 0 0 -0.000171
1620 0 0 -0.000180
1625 0 0 -0.000157
1630 0 0 -0.000119
1635 0 0 -0.000090
1640 0 0 -0.000088
1645 0 0 -0.000106
1650 0 0 -0.000130
1655 0 0 -0.000147
1660 0 0 -0.000151
1665 0 0 -0.000140
1670 0 0 -0.000113
1675 0 0 -0.000087
1680 0 0 -0.000080
1685 0 0 -0.000105
1690 0 0 -0.000146
1695 0 0 -0.000180
1700 0 0 -0.000189
1705 0 0 -0.000179
1710 0 0 -0.000160
1715 0 0 -0.000142
1720 0 0 -0.000133
1725 0 0 -0.000140
1730 0 0 -0.000165
1735 0 0 -0.000192
1740 0 0 -0.000200
1745 0 0 -0.000176
1750 0 0 -0.000140
1755 0 0 -0.000120
1760 0 0 -0.000134
1765 0 0 -0.000163
1770 0 0 -0.000180
1775 0 0 -0.000165
1780 0 0 -0.000131
1785 0 0 -0.000100
1790 0 0 -0.000087
1795 0 0 -0.000093
1800 0 0 -0.000110
1805 0 0 -0.000133
1810 0 0 -0.000150
1815 0 0 -0.000150
1820 0 0 -0.000126
1825 0 0 -0.000096
1830 0 0 -0.000080
1835 0 0 -0.000094
1840 0 0 -0.000125
1845 0 0 -0.000150
1850 0 0 -0.000154
1855 0 0 -0.000146
1860 0 0 -0.000140
1865 0 0 -0.000146
1870 0 0 -0.000159
1875 0 0 -0.000170
1880 0 0 -0.000171
1885 0 0 -0.000169
1890 0 0 -0.000170
1895 0 0 -0.000180
1900 0 0 -0.000190
1905 0 0 -0.000190
1910 0 0 -0.000171
1915 0 0 -0.000144
1920 0 0 -0.000120
1925 0 0 -0.000112
1930 0 0 -0.000130
1935 0 0 -0.000180
1940 0 0 -0.000263
1945 0 0 -0.000343
1950 0 0 -0.000380
1955 0 0 -0.000344
1960 0 0 -0.000263
1965 0 0 -0.000180
1970 0 0 -0.000128
1975 0 0 -0.000104
1980 0 0 -0.000100
1985 0 0 -0.000106
1990 0 0 -0.000119
1995 0 0 -0.000140
2000 0 0 -0.000166
2005 0 0 -0.000187
2010 0 0 -0.000190
2015 0 0 -0.000169
2020 0 0 -0.000144
2025 0 0 -0.000140
2030 0 0 -0.000172
2035 0 0 -0.000219
2040 0 0 -0.000250
2045 0 0 -0.000242
2050 0 0 -0.000213
2055 0 0 -0.000190
2060 0 0 -0.000191
2065 0 0 -0.000204
2070 0 0 -0.000210
2075 0 0 -0.000196
2080 0 0 -0.000178
2085 0 0 -0.000180
2090 0 0 -0.000220
2095 0 0 -0.000286
2100 0 0 -0.000360
2105 0 0 -0.000429
2110 0 0 -0.000494
2115 0 0 -0.000560
2120 0 0 -0.000629
2125 0 0 -0.000685
2130 0 0 -0.000710
2135 0 0 -0.000691
2140 0 0 -0.000642
2145 0 0 -0.000580
2150 0 0 -0.000525
2155 0 0 -0.000493
2160 0 0 -0.000500
2165 0 0 -0.000554
2170 0 0 -0.000636
2175 0 0 -0.000720
2180 0 0 -0.000785
2185 0 0 -0.000834
2190 0 0 -0.000880
2195 0 0 -0.000922
2200 0 0 -0.000919
2205 0 0 -0.000820
2210 0 0 -0.000610
2215 0 0 -0.000413
2220 0 0 -0.000390
2225 0 0 -0.000638
2230 0 0 -0.001011
2235 0 0 -0.001300
2240 0 0 -0.001352
2245 0 0 -0.001237
2250 0 0 -0.001080
2255 0 0 -0.000980
2260 0 0 -0.000931
2265 0 0 -0.000900
2270 0 0 -0.000861
2275 0 0 -0.000817
2280 0 0 -0.000780
2285 0 0 -0.000756
2290 0 0 -0.000732
2295 0 0 -0.000690
2300 0 0 -0.000622
2305 0 0 -0.000551
2310 0 0 -0.000510
2315 0 0 -0.000521
2320 0 0 -0.000575
2325 0 0 -0.000650
2330 0 0 -0.000728
2335 0 0 -0.000788
2340 0 0 -0.000810
2345 0 0 -0.000783
2350 0 0 -0.000732
2355 0 0 -0.000690
2360 0 0 -0.000683
2365 0 0 -0.000697
2370 0 0 -0.000710
2375 0 0 -0.000705
2380 0 0 -0.000687
2385 0 0 -0.000670
2390 0 0 -0.000665
2395 0 0 -0.000687
2400 0 0 -0.000750
2405 0 0 -0.000858
2410 0 0 -0.000966
2415 0 0 -0.001020
2420 0 0 -0.000981
2425 0 0 -0.000886
2430 0 0 -0.000790
2435 0 0 -0.000734
2440 0 0 -0.000714
2445 0 0 -0.000710
2450 0 0 -0.000706
2455 0 0 -0.000687
2460 0 0 -0.000640
2465 0 0 -0.000558
2470 0 0 -0.000465
2475 0 0 -0.000390
2480 0 0 -0.000355
2485 0 0 -0.000354
2490 0 0 -0.000370
2495 0 0 -0.000389
2500 0 0 -0.000400
2505 0 0 -0.000390
2510 0 0 -0.000355
2515 0 0 -0.000311
2520 0 0 -0.000280
2525 0 0 -0.000278
2530 0 0 -0.000291
2535 0 0 -0.000300
2540 0 0 -0.000292
2545 0 0 -0.000283
2550 0 0 -0.000300
2555 0 0 -0.000356
2560 0 0 -0.000430
2565 0 0 -0.000490
2570 0 0 -0.000511
2575 0 0 -0.000500
2580 0 0 -0.000470
2585 0 0 -0.000434
2590 0 0 -0.000394
2595 0 0 -0.000350
2600 0 0 -0.000304
2605 0 0 -0.000267
2610 0 0 -0.000250
2615 0 0 -0.000260
2620 0 0 -0.000280
2625 0 0 -0.000290
2630 0 0 -0.000275
2635 0 0 -0.000251
2640 0 0 -0.000240
2645 0 0 -0.000257
2650 0 0 -0.000290
2655 0 0 -0.000320
2660 0 0 -0.000331
2665 0 0 -0.000328
2670 0 0 -0.000320
2675 0 0 -0.000314
2680 0 0 -0.000316
2685 0 0 -0.000330
2690 0 0 -0.000356
2695 0 0 -0.000369
2700 0 0 -0.000340
2705 0 0 -0.000260
2710 0 0 -0.000197
2715 0 0 -0.000240
2720 0 0 -0.000443
2725 0 0 -0.000712
2730 0 0 -0.000920
2735 0 0 -0.000973
2740 0 0 -0.000913
2745 0 0 -0.000820
2750 0 0 -0.000757
2755 0 0 -0.000732
2760 0 0 -0.000740
2765 0 0 -0.000771
2770 0 0 -0.000800
2775 0 0 -0.000800
2780 0 0 -0.000751
2785 0 0 -0.000667
2790 0 0 -0.000570
2795 0 0 -0.000478
2800 0 0 -0.000395
2805 0 0 -0.000320
2810 0 0 -0.000255
2815 0 0 -0.000207
2820 0 0 -0.000180
2825 0 0 -0.000179
2830 0 0 -0.000194
2835 0 0 -0.000210
2840 0 0 -0.000218
2845 0 0 -0.000222
2850 0 0 -0.000230
2855 0 0 -0.000246
2860 0 0 -0.000261
2865 0 0 -0.000260
2870 0 0 -0.000235
2875 0 0 -0.000204
2880 0 0 -0.000190
2885 0 0 -0.000208
2890 0 0 -0.000242
2895 0 0 -0.000270
2900 0 0 -0.000273
2905 0 0 -0.000259
2910 0 0 -0.000240
2915 0 0 -0.000225
2920 0 0 -0.000209
2925 0 0 -0.000180
2930 0 0 -0.000134
2935 0 0 -0.000090
2940 0 0 -0.000070
2945 0 0 -0.000090
2950 0 0 -0.000130
2955 0 0 -0.000160
2960 0 0 -0.000159
2965 0 0 -0.000137
2970 0 0 -0.000110
2975 0 0 -0.000094
2980 0 0 -0.000090
2985 0 0 -0.000100
2990 0 0 -0.000120
2995 0 0 -0.000139
3000 0 0 -0.000140
3005 0 0 -0.000117
3010 0 0 -0.000091
3015 0 0 -0.000090
3020 0 0 -0.000132
3025 0 0 -0.000188
3030 0 0 -0.000220
3035 0 0 -0.000201
3040 0 0 -0.000155
3045 0 0 -0.000120
3050 0 0 -0.000123
3055 0 0 -0.000149
3060 0 0 -0.000170
3065 0 0 -0.000168
3070 0 0 -0.000153
3075 0 0 -0.000140
3080 0 0 -0.000142
3085 0 0 -0.000152
3090 0 0 -0.000160
3095 0 0 -0.000156
3100 0 0 -0.000144
3105 0 0 -0.000130
3110 0 0 -0.000118
3115 0 0 -0.000111
3120 0 0 -0.000110
3125 0 0 -0.000116
3130 0 0 -0.000122
3135 0 0 -0.000120
3140 0 0 -0.000107
3145 0 0 -0.000092
3150 0 0 -0.000090
3155 0 0 -0.000108
3160 0 0 -0.000131
3165 0 0 -0.000140
3170 0 0 -0.000121
3175 0 0 -0.000093
3180 0 0 -0.000080
3185 0 0 -0.000099
3190 0 0 -0.000131
3195 0 0 -0.000150
3200 0 0 -0.000139
3205 0 0 -0.000116
3210 0 0 -0.000110
3215 0 0 -0.000138
3220 0 0 -0.000179
3225 0 0 -0.000200
3230 0 0 -0.000180
3235 0 0 -0.000143
3240 0 0 -0.000120
3245 0 0 -0.000135
3250 0 0 -0.000169
3255 0 0 -0.000190
3260 0 0 -0.000177
3265 0 0 -0.000146
3270 0 0 -0.000120
3275 0 0 -0.000117
3280 0 0 -0.000126
3285 0 0 -0.000130
3290 0 0 -0.000118
3295 0 0 -0.000100
3300 0 0 -0.000090
3305 0 0 -0.000099
3310 0 0 -0.000118
3315 0 0 -0.000130
3320 0 0 -0.000126
3325 0 0 -0.000115
3330 0 0 -0.000110
3335 0 0 -0.000119
3340 0 0 -0.000134
3345 0 0 -0.000140
3350 0 0 -0.000128
3355 0 0 -0.000110
3360 0 0 -0.000100
3365 0 0 -0.000112
3370 0 0 -0.000146
3375 0 0 -0.000200
3380 0 0 -0.000267
3385 0 0 -0.000324
3390 0 0 -0.000340
3395 0 0 -0.000300
3400 0 0 -0.000232
3405 0 0 -0.000180
3410 0 0 -0.000173
3415 0 0 -0.000201
3420 0 0 -0.000240
3425 0 0 -0.000272
3430 0 0 -0.000288
3435 0 0 -0.000280
3440 0 0 -0.000248
3445 0 0 -0.000207
3450 0 0 -0.000180
3455 0 0 -0.000181
3460 0 0 -0.000200
3465 0 0 -0.000220
3470 0 0 -0.000229
3475 0 0 -0.000235
3480 0 0 -0.000250
3485 0 0 -0.000280
3490 0 0 -0.000307
3495 0 0 -0.000310
3500 0 0 -0.000274
3505 0 0 -0.000223
3510 0 0 -0.000190
3515 0 0 -0.000197
3520 0 0 -0.000231
3525 0 0 -0.000270
3530 0 0 -0.000296
3535 0 0 -0.000315
3540 0 0 -0.000340
3545 0 0 -0.000379
3550 0 0 -0.000423
3555 0 0 -0.000460
3560 0 0 -0.000480
3565 0 0 -0.000475
3570 0 0 -0.000440
3575 0 0 -0.000376
3580 0 0 -0.000308
3585 0 0 -0.000270
3590 0 0 -0.000284
3595 0 0 -0.000335
3600 0 0 -0.000400
3605 0 0 -0.000455
3610 0 0 -0.000480
3615 0 0 -0.000460
3620 0 0 -0.000385
3625 0 0 -0.000280
3630 0 0 -0.000180
3635 0 0 -0.000116
3640 0 0 -0.000105
3645 0 0 -0.000160
3650 0 0 -0.000279
3655 0 0 -0.000404
3660 0 0 -0.000460
3665 0 0 -0.000400
3670 0 0 -0.000280
3675 0 0 -0.000180
3680 0 0 -0.000158
3685 0 0 -0.000183
3690 0 0 -0.000200
3695 0 0 -0.000176
3700 0 0 -0.000165
3705 0 0 -0.000240
3710 0 0 -0.000445
3715 0 0 -0.000700
3720 0 0 -0.000890
3725 0 0 -0.000935
3730 0 0 -0.000880
3735 0 0 -0.000800
3740 0 0 -0.000754
3745 0 0 -0.000736
3750 0 0 -0.000720
3755 0 0 -0.000689
3760 0 0 -0.000646
3765 0 0 -0.000600
3770 0 0 -0.000557
3775 0 0 -0.000505
3780 0 0 -0.000430
3785 0 0 -0.000324
3790 0 0 -0.000213
3795 0 0 -0.000130
3800 0 0 -0.000102
3805 0 0 -0.000126
3810 0 0 -0.000190
3815 0 0 -0.000279
3820 0 0 -0.000359
3825 0 0 -0.000390
3830 0 0 -0.000350
3835 0 0 -0.000278
3840 0 0 -0.000230
3845 0 0 -0.000245
3850 0 0 -0.000298
3855 0 0 -0.000350
3860 0 0 -0.000369
3865 0 0 -0.000366
3870 0 0 -0.000360
3875 0 0 -0.000365
3880 0 0 -0.000373
3885 0 0 -0.000370
3890 0 0 -0.000349
3895 0 0 -0.000330
3900 0 0 -0.000340
3905 0 0 -0.000392
3910 0 0 -0.000449
3915 0 0 -0.000460
3920 0 0 -0.000398
3925 0 0 -0.000336
3930 0 0 -0.000370
3935 0 0 -0.000559
3940 0 0 -0.000809
3945 0 0 -0.000990
3950 0 0 -0.001005
3955 0 0 -0.000891
3960 0 0 -0.000720
3965 0 0 -0.000558
3970 0 0 -0.000441
3975 0 0 -0.000400
3980 0 0 -0.000449
3985 0 0 -0.000533
3990 0 0 -0.000580
3995 0 0 -0.000540
4000 0 0 -0.000447
4005 0 0 -0.000360
4010 0 0 -0.000321
4015 0 0 -0.000320
4020 0 0 -0.000330
4025 0 0 -0.000332
4030 0 0 -0.000319
4035 0 0 -0.000290
4040 0 0 -0.000248
4045 0 0 -0.000213
4050 0 0 -0.000210
4055 0 0 -0.000252
4060 0 0 -0.000311
4065 0 0 -0.000350
4070 0 0 -0.000341
4075 0 0 -0.000304
4080 0 0 -0.000270
4085 0 0 -0.000262
4090 0 0 -0.000276
4095 0 0 -0.000300
4100 0 0 -0.000322
4105 0 0 -0.000330
4110 0 0 -0.000310
4115 0 0 -0.000261
4120 0 0 -0.000229
4125 0 0 -0.000270
4130 0 0 -0.000416
4135 0 0 -0.000595
4140 0 0 -0.000710
4145 0 0 -0.000691
4150 0 0 -0.000583
4155 0 0 -0.000460
4160 0 0 -0.000381
4165 0 0 -0.000351
4170 0 0 -0.000360
4175 0 0 -0.000394
4180 0 0 -0.000428
4185 0 0 -0.000430
4190 0 0 -0.000382
4195 0 0 -0.000310
4200 0 0 -0.000250
4205 0 0 -0.000231
4210 0 0 -0.000243
4215 0 0 -0.000270
4220 0 0 -0.000295
4225 0 0 -0.000311
4230 0 0 -0.000310
4235 0 0 -0.000290
4240 0 0 -0.000264
4245 0 0 -0.000250
4250 0 0 -0.000258
4255 0 0 -0.000275
4260 0 0 -0.000280
4265 0 0 -0.000259
4270 0 0 -0.000223
4275 0 0 -0.000190
4280 0 0 -0.000175
4285 0 0 -0.000181
4290 0 0 -0.000210
4295 0 0 -0.000258
4300 0 0 -0.000303
4305 0 0 -0.000320
4310 0 0 -0.000293
4315 0 0 -0.000245
4320 0 0 -0.000210
4325 0 0 -0.000212
4330 0 0 -0.000236
4335 0 0 -0.000260
4340 0 0 -0.000266
4345 0 0 -0.000256
4350 0 0 -0.000240
4355 0 0 -0.000222
4360 0 0 -0.000201
4365 0 0 -0.000170
4370 0 0 -0.000129
4375 0 0 -0.000093
4380 0 0 -0.000080
4385 0 0 -0.000102
4390 0 0 -0.000138
4395 0 0 -0.000160
4400 0 0 -0.000149
4405 0 0 -0.000121
4410 0 0 -0.000100
4415 0 0 -0.000104
4420 0 0 -0.000128
4425 0 0 -0.000160
4430 0 0 -0.000190
4435 0 0 -0.000207
4440 0 0 -0.000200
4445 0 0 -0.000166
4450 0 0 -0.000126
4455 0 0 -0.000110
4460 0 0 -0.000136
4465 0 0 -0.000181
4470 0 0 -0.000210
4475 0 0 -0.000199
4480 0 0 -0.000164
4485 0 0 -0.000130
4490 0 0 -0.000117
4495 0 0 -0.000120
4500 0 0 -0.000130
4505 0 0 -0.000138
4510 0 0 -0.000139
4515 0 0 -0.000130
4520 0 0 -0.000110
4525 0 0 -0.000091
4530 0 0 -0.000090
4535 0 0 -0.000116
4540 0 0 -0.000148
4545 0 0 -0.000160
4550 0 0 -0.000134
4555 0 0 -0.000093
4560 0 0 -0.000070
4565 0 0 -0.000088
4570 0 0 -0.000125
4575 0 0 -0.000150
4580 0 0 -0.000141
4585 0 0 -0.000115
4590 0 0 -0.000100
4595 0 0 -0.000116
4600 0 0 -0.000150
4605 0 0 -0.000180
4610 0 0 -0.000189
4615 0 0 -0.000181
4620 0 0 -0.000160
4625 0 0 -0.000136
4630 0 0 -0.000118
4635 0 0 -0.000120
4640 0 0 -0.000146
4645 0 0 -0.000178
4650 0 0 -0.000190
4655 0 0 -0.000165
4660 0 0 -0.000125
4665 0 0 -0.000100
4670 0 0 -0.000111
4675 0 0 -0.000137
4680 0 0 -0.000150
4685 0 0 -0.000129
4690 0 0 -0.000095
4695 0 0 -0.000080
4700 0 0 -0.000103
4705 0 0 -0.000141
4710 0 0 -0.000160
4715 0 0 -0.000137
4720 0 0 -0.000096
4725 0 0 -0.000070
4730 0 0 -0.000083
4735 0 0 -0.000116
4740 0 0 -0.000140
4745 0 0 -0.000133
4750 0 0 -0.000109
4755 0 0 -0.000090
4760 0 0 -0.000093
4765 0 0 -0.000115
4770 0 0 -0.000150
4775 0 0 -0.000190
4780 0 0 -0.000221
4785 0 0 -0.000230
4790 0 0 -0.000208
4795 0 0 -0.000171
4800 0 0 -0.000140
4805 0 0 -0.000135
4810 0 0 -0.000161
4815 0 0 -0.000220
4820 0 0 -0.000308
4825 0 0 -0.000392
4830 0 0 -0.000430
4835 0 0 -0.000397
4840 0 0 -0.000320
4845 0 0 -0.000240
4850 0 0 -0.000192
4855 0 0 -0.000177
4860 0 0 -0.000190
4865 0 0 -0.000223
4870 0 0 -0.000257
4875 0 0 -0.000270
4880 0 0 -0.000249
4885 0 0 -0.000216
4890 0 0 -0.000200
4895 0 0 -0.000222
4900 0 0 -0.000260
4905 0 0 -0.000280
4910 0 0 -0.000261
4915 0 0 -0.000227
4920 0 0 -0.000210
4925 0 0 -0.000236
4930 0 0 -0.000288
4935 0 0 -0.000340
4940 0 0 -0.000371
4945 0 0 -0.000380
4950 0 0 -0.000370
4955 0 0 -0.000347
4960 0 0 -0.000320
4965 0 0 -0.000300
4970 0 0 -0.000293
4975 0 0 -0.000296
4980 0 0 -0.000300
4985 0 0 -0.000303
4990 0 0 -0.000314
4995 0 0 -0.000350
5000 0 0 -0.000418
5005 0 0 -0.000502
5010 0 0 -0.000580
5015 0 0 -0.000634
5020 0 0 -0.000660
5025 0 0 -0.000660
5030 0 0 -0.000635
5035 0 0 -0.000587
5040 0 0 -0.000520
5045 0 0 -0.000438
5050 0 0 -0.000358
5055 0 0 -0.000300
5060 0 0 -0.000277
5065 0 0 -0.000284
5070 0 0 -0.000310
5075 0 0 -0.000343
5080 0 0 -0.000368
5085 0 0 -0.000370
5090 0 0 -0.000341
5095 0 0 -0.000299
5100 0 0 -0.000270
5105 0 0 -0.000272
5110 0 0 -0.000287
5115 0 0 -0.000290
5120 0 0 -0.000264
5125 0 0 -0.000225
5130 0 0 -0.000200
5135 0 0 -0.000206
5140 0 0 -0.000230
5145 0 0 -0.000250
5150 0 0 -0.000251
5155 0 0 -0.000232
5160 0 0 -0.000200
5165 0 0 -0.000164
5170 0 0 -0.000150
5175 0 0 -0.000190
5180 0 0 -0.000298
5185 0 0 -0.000420
5190 0 0 -0.000490
5195 0 0 -0.000459
5200 0 0 -0.000365
5205 0 0 -0.000270
5210 0 0 -0.000221
5215 0 0 -0.000219
5220 0 0 -0.000250
5225 0 0 -0.000302
5230 0 0 -0.000352
5235 0 0 -0.000380
5240 0 0 -0.000370
5245 0 0 -0.000341
5250 0 0 -0.000320
5255 0 0 -0.000324
5260 0 0 -0.000339
5265 0 0 -0.000340
5270 0 0 -0.000313
5275 0 0 -0.000283
5280 0 0 -0.000280
5285 0 0 -0.000327
5290 0 0 -0.000396
5295 0 0 -0.000450
5300 0 0 -0.000461
5305 0 0 -0.000445
5310 0 0 -0.000430
5315 0 0 -0.000442
5320 0 0 -0.000500
5325 0 0 -0.000620
5330 0 0 -0.000802
5335 0 0 -0.000979
5340 0 0 -0.001070
5345 0 0 -0.001021
5350 0 0 -0.000896
5355 0 0 -0.000790
5360 0 0 -0.000769
5365 0 0 -0.000784
5370 0 0 -0.000760
5375 0 0 -0.000644
5380 0 0 -0.000484
5385 0 0 -0.000350
5390 0 0 -0.000296
5395 0 0 -0.000302
5400 0 0 -0.000330
5405 0 0 -0.000349
5410 0 0 -0.000363
5415 0 0 -0.000380
5420 0 0 -0.000407
5425 0 0 -0.000433
5430 0 0 -0.000440
5435 0 0 -0.000419
5440 0 0 -0.000387
5445 0 0 -0.000370
5450 0 0 -0.000384
5455 0 0 -0.000414
5460 0 0 -0.000440
5465 0 0 -0.000443
5470 0 0 -0.000425
5475 0 0 -0.000390
5480 0 0 -0.000345
5485 0 0 -0.000303
5490 0 0 -0.000280
5495 0 0 -0.000286
5500 0 0 -0.000306
5505 0 0 -0.000320
5510 0 0 -0.000312
5515 0 0 -0.000289
5520 0 0 -0.000260
5525 0 0 -0.000239
5530 0 0 -0.000240
5535 0 0 -0.000280
5540 0 0 -0.000364
5545 0 0 -0.000452
5550 0 0 -0.000490
5555 0 0 -0.000446
5560 0 0 -0.000362
5565 0 0 -0.000300
5570 0 0 -0.000304
5575 0 0 -0.000351
5580 0 0 -0.000400
5585 0 0 -0.000419
5590 0 0 -0.000409
5595 0 0 -0.000380
5600 0 0 -0.000343
5605 0 0 -0.000313
5610 0 0 -0.000310
5615 0 0 -0.000341
5620 0 0 -0.000383
5625 0 0 -0.000400
5630 0 0 -0.000372
5635 0 0 -0.000323
5640 0 0 -0.000290
5645 0 0 -0.000298
5650 0 0 -0.000328
5655 0 0 -0.000350
5660 0 0 -0.000342
5665 0 0 -0.000318
5670 0 0 -0.000300
5675 0 0 -0.000304
5680 0 0 -0.000322
5685 0 0 -0.000340
5690 0 0 -0.000345
5695 0 0 -0.000333
5700 0 0 -0.000300
5705 0 0 -0.000247
5710 0 0 -0.000195
5715 0 0 -0.000170
5720 0 0 -0.000187
5725 0 0 -0.000227
5730 0 0 -0.000260
5735 0 0 -0.000263
5740 0 0 -0.000243
5745 0 0 -0.000210
5750 0 0 -0.000177
5755 0 0 -0.000154
5760 0 0 -0.000150
5765 0 0 -0.000169
5770 0 0 -0.000198
5775 0 0 -0.000220
5780 0 0 -0.000221
5785 0 0 -0.000207
5790 0 0 -0.000190
5795 0 0 -0.000177
5800 0 0 -0.000163
5805 0 0 -0.000140
5810 0 0 -0.000106
5815 0 0 -0.000076
5820 0 0 -0.000070
5825 0 0 -0.000100
5830 0 0 -0.000144
5835 0 0 -0.000170
5840 0 0 -0.000156
5845 0 0 -0.000121
5850 0 0 -0.000090
5855 0 0 -0.000085
5860 0 0 -0.000099
5865 0 0 -0.000120
5870 0 0 -0.000138
5875 0 0 -0.000149
5880 0 0 -0.000150
5885 0 0 -0.000142
5890 0 0 -0.000134
5895 0 0 -0.000140
5900 0 0 -0.000166
5905 0 0 -0.000193
5910 0 0 -0.000200
5915 0 0 -0.000171
5920 0 0 -0.000130
5925 0 0 -0.000110
5930 0 0 -0.000133
5935 0 0 -0.000174
5940 0 0 -0.000200
5945 0 0 -0.000186
5950 0 0 -0.000150
5955 0 0 -0.000120
5960 0 0 -0.000118
5965 0 0 -0.000131
5970 0 0 -0.000140
5975 0 0 -0.000131
5980 0 0 -0.000114
5985 0 0 -0.000100
5990 0 0 -0.000101
5995 0 0 -0.000111
6000 0 0 -0.000120
6005 0 0 -0.000121
6010 0 0 -0.000117
6015 0 0 -0.000110
6020 0 0 -0.000105
6025 0 0 -0.000104
6030 0 0 -0.000110
6035 0 0 -0.000122
6040 0 0 -0.000132
6045 0 0 -0.000130
6050 0 0 -0.000110
6055 0 0 -0.000090
6060 0 0 -0.000090
6065 0 0 -0.000124
6070 0 0 -0.000168
6075 0 0 -0.000190
6080 0 0 -0.000169
6085 0 0 -0.000130
6090 0 0 -0.000110
6095 0 0 -0.000134
6100 0 0 -0.000176
6105 0 0 -0.000200
6110 0 0 -0.000181
6115 0 0 -0.000142
6120 0 0 -0.000120
6125 0 0 -0.000139
6130 0 0 -0.000174
6135 0 0 -0.000190
6140 0 0 -0.000161
6145 0 0 -0.000113
6150 0 0 -0.000080
6155 0 0 -0.000088
6160 0 0 -0.000118
6165 0 0 -0.000140
6170 0 0 -0.000132
6175 0 0 -0.000108
6180 0 0 -0.000090
6185 0 0 -0.000094
6190 0 0 -0.000110
6195 0 0 -0.000120
6200 0 0 -0.000114
6205 0 0 -0.000102
6210 0 0 -0.000100
6215 0 0 -0.000119
6220 0 0 -0.000143
6225 0 0 -0.000150
6230 0 0 -0.000127
6235 0 0 -0.000097
6240 0 0 -0.000090
6245 0 0 -0.000126
6250 0 0 -0.000181
6255 0 0 -0.000220
6260 0 0 -0.000220
6265 0 0 -0.000208
6270 0 0 -0.000220
6275 0 0 -0.000281
6280 0 0 -0.000357
6285 0 0 -0.000400
6290 0 0 -0.000378
6295 0 0 -0.000320
6300 0 0 -0.000270
6305 0 0 -0.000259
6310 0 0 -0.000269
6315 0 0 -0.000270
6320 0 0 -0.000241
6325 0 0 -0.000203
6330 0 0 -0.000190
6335 0 0 -0.000221
6340 0 0 -0.000266
6345 0 0 -0.000280
6350 0 0 -0.000237
6355 0 0 -0.000170
6360 0 0 -0.000130
6365 0 0 -0.000152
6370 0 0 -0.000214
6375 0 0 -0.000280
6380 0 0 -0.000320
6385 0 0 -0.000331
6390 0 0 -0.000320
6395 0 0 -0.000291
6400 0 0 -0.000255
6405 0 0 -0.000220
6410 0 0 -0.000196
6415 0 0 -0.000185
6420 0 0 -0.000190
6425 0 0 -0.000209
6430 0 0 -0.000231
6435 0 0 -0.000240
6440 0 0 -0.000233
6445 0 0 -0.000244
6450 0 0 -0.000320
6455 0 0 -0.000486
6460 0 0 -0.000688
6465 0 0 -0.000850
6470 0 0 -0.000912
6475 0 0 -0.000869
6480 0 0 -0.000730
6485 0 0 -0.000516
6490 0 0 -0.000303
6495 0 0 -0.000180
6500 0 0 -0.000204
6505 0 0 -0.000307
6510 0 0 -0.000390
6515 0 0 -0.000379
6520 0 0 -0.000300
6525 0 0 -0.000200
6530 0 0 -0.000130
6535 0 0 -0.000137
6540 0 0 -0.000270
6545 0 0 -0.000549
6550 0 0 -0.000879
6555 0 0 -0.001140
6560 0 0 -0.001239
6565 0 0 -0.001211
6570 0 0 -0.001120
6575 0 0 -0.001019
6580 0 0 -0.000914
6585 0 0 -0.000800
6590 0 0 -0.000674
6595 0 0 -0.000543
6600 0 0 -0.000420
6605 0 0 -0.000315
6610 0 0 -0.000238
6615 0 0 -0.000200
6620 0 0 -0.000205
6625 0 0 -0.000234
6630 0 0 -0.000260
6635 0 0 -0.000264
6640 0 0 -0.000250
6645 0 0 -0.000230
6650 0 0 -0.000213
6655 0 0 -0.000204
6660 0 0 -0.000210
6665 0 0 -0.000231
6670 0 0 -0.000259
6675 0 0 -0.000280
6680 0 0 -0.000285
6685 0 0 -0.000279
6690 0 0 -0.000270
6695 0 0 -0.000263
6700 0 0 -0.000252
6705 0 0 -0.000230
6710 0 0 -0.000195
6715 0 0 -0.000166
6720 0 0 -0.000170
6725 0 0 -0.000221
6730 0 0 -0.000293
6735 0 0 -0.000350
6740 0 0 -0.000365
6745 0 0 -0.000349
6750 0 0 -0.000320
6755 0 0 -0.000296
6760 0 0 -0.000282
6765 0 0 -0.000280
6770 0 0 -0.000290
6775 0 0 -0.000306
6780 0 0 -0.000320
6785 0 0 -0.000323
6790 0 0 -0.000311
6795 0 0 -0.000280
6800 0 0 -0.000238
6805 0 0 -0.000244
6810 0 0 -0.000370
6815 0 0 -0.000646
6820 0 0 -0.000943
6825 0 0 -0.001090
6830 0 0 -0.000973
6835 0 0 -0.000706
6840 0 0 -0.000460
6845 0 0 -0.000364
6850 0 0 -0.000373
6855 0 0 -0.000400
6860 0 0 -0.000378
6865 0 0 -0.000325
6870 0 0 -0.000280
6875 0 0 -0.000272
6880 0 0 -0.000289
6885 0 0 -0.000310
6890 0 0 -0.000317
6895 0 0 -0.000306
6900 0 0 -0.000280
6905 0 0 -0.000242
6910 0 0 -0.000209
6915 0 0 -0.000200
6920 0 0 -0.000225
6925 0 0 -0.000260
6930 0 0 -0.000270
6935 0 0 -0.000236
6940 0 0 -0.000193
6945 0 0 -0.000190
6950 0 0 -0.000257
6955 0 0 -0.000354
6960 0 0 -0.000420
6965 0 0 -0.000414
6970 0 0 -0.000365
6975 0 0 -0.000320
6980 0 0 -0.000315
6985 0 0 -0.000342
6990 0 0 -0.000380
6995 0 0 -0.000412
7000 0 0 -0.000425
7005 0 0 -0.000410
7010 0 0 -0.000362
7015 0 0 -0.000308
7020 0 0 -0.000280
7025 0 0 -0.000300
7030 0 0 -0.000342
7035 0 0 -0.000370
7040 0 0 -0.000358
7045 0 0 -0.000320
7050 0 0 -0.000280
7055 0 0 -0.000258
7060 0 0 -0.000253
7065 0 0 -0.000260
7070 0 0 -0.000274
7075 0 0 -0.000284
7080 0 0 -0.000280
7085 0 0 -0.000255
7090 0 0 -0.000228
7095 0 0 -0.000220
7100 0 0 -0.000246
7105 0 0 -0.000280
7110 0 0 -0.000290
7115 0 0 -0.000253
7120 0 0 -0.000195
7125 0 0 -0.000150
7130 0 0 -0.000146
7135 0 0 -0.000170
7140 0 0 -0.000200
7145 0 0 -0.000217
7150 0 0 -0.000220
7155 0 0 -0.000210
7160 0 0 -0.000192
7165 0 0 -0.000180
7170 0 0 -0.000190
7175 0 0 -0.000229
7180 0 0 -0.000273
7185 0 0 -0.000290
7190 0 0 -0.000260
7195 0 0 -0.000210
7200 0 0 -0.000180
7205 0 0 -0.000197
7210 0 0 -0.000241
7215 0 0 -0.000280
7220 0 0 -0.000290
7225 0 0 -0.000276
7230 0 0 -0.000250
7235 0 0 -0.000220
7240 0 0 -0.000188
7245 0 0 -0.000150
7250 0 0 -0.000108
7255 0 0 -0.000075
7260 0 0 -0.000070
7265 0 0 -0.000101
7270 0 0 -0.000145
7275 0 0 -0.000170
7280 0 0 -0.000155
7285 0 0 -0.000118
7290 0 0 -0.000090
7295 0 0 -0.000091
7300 0 0 -0.000110
7305 0 0 -0.000130
7310 0 0 -0.000135
7315 0 0 -0.000127
7320 0 0 -0.000110
7325 0 0 -0.000090
7330 0 0 -0.000080
7335 0 0 -0.000090
7340 0 0 -0.000127
7345 0 0 -0.000170
7350 0 0 -0.000190
7355 0 0 -0.000170
7360 0 0 -0.000134
7365 0 0 -0.000120
7370 0 0 -0.000150
7375 0 0 -0.000197
7380 0 0 -0.000220
7385 0 0 -0.000192
7390 0 0 -0.000141
7395 0 0 -0.000110
7400 0 0 -0.000128
7405 0 0 -0.000168
7410 0 0 -0.000190
7415 0 0 -0.000167
7420 0 0 -0.000122
7425 0 0 -0.000090
7430 0 0 -0.000096
7435 0 0 -0.000121
7440 0 0 -0.000140
7445 0 0 -0.000131
7450 0 0 -0.000108
7455 0 0 -0.000090
7460 0 0 -0.000092
7465 0 0 -0.000107
7470 0 0 -0.000120
7475 0 0 -0.000122
7480 0 0 -0.000117
7485 0 0 -0.000110
7490 0 0 -0.000108
7495 0 0 -0.000109
7500 0 0 -0.000110
7505 0 0 -0.000110
7510 0 0 -0.000109
7515 0 0 -0.000110
7520 0 0 -0.000115
7525 0 0 -0.000125
7530 0 0 -0.000140
7535 0 0 -0.000160
7540 0 0 -0.000177
7545 0 0 -0.000180
7550 0 0 -0.000164
7555 0 0 -0.000142
7560 0 0 -0.000130
7565 0 0 -0.000140
7570 0 0 -0.000160
7575 0 0 -0.000170
7580 0 0 -0.000159
7585 0 0 -0.000137
7590 0 0 -0.000120
7595 0 0 -0.000120
7600 0 0 -0.000128
7605 0 0 -0.000130
7610 0 0 -0.000116
7615 0 0 -0.000097
7620 0 0 -0.000090
7625 0 0 -0.000104
7630 0 0 -0.000124
7635 0 0 -0.000130
7640 0 0 -0.000109
7645 0 0 -0.000083
7650 0 0 -0.000080
7655 0 0 -0.000119
7660 0 0 -0.000171
7665 0 0 -0.000200
7670 0 0 -0.000178
7675 0 0 -0.000130
7680 0 0 -0.000090
7685 0 0 -0.000088
7690 0 0 -0.000123
7695 0 0 -0.000190
7700 0 0 -0.000277
7705 0 0 -0.000352
7710 0 0 -0.000380
7715 0 0 -0.000337
7720 0 0 -0.000256
7725 0 0 -0.000180
7730 0 0 -0.000146
7735 0 0 -0.000150
7740 0 0 -0.000180
7745 0 0 -0.000223
7750 0 0 -0.000262
7755 0 0 -0.000280
7760 0 0 -0.000265
7765 0 0 -0.000231
7770 0 0 -0.000200
7775 0 0 -0.000188
7780 0 0 -0.000198
7785 0 0 -0.000230
7790 0 0 -0.000278
7795 0 0 -0.000326
7800 0 0 -0.000350
7805 0 0 -0.000336
7810 0 0 -0.000294
7815 0 0 -0.000240
7820 0 0 -0.000189
7825 0 0 -0.000155
7830 0 0 -0.000150
7835 0 0 -0.000180
7840 0 0 -0.000221
7845 0 0 -0.000240
7850 0 0 -0.000219
7855 0 0 -0.000185
7860 0 0 -0.000180
7865 0 0 -0.000229
7870 0 0 -0.000299
7875 0 0 -0.000340
7880 0 0 -0.000319
7885 0 0 -0.000269
7890 0 0 -0.000240
7895 0 0 -0.000273
7900 0 0 -0.000384
7905 0 0 -0.000580
7910 0 0 -0.000856
7915 0 0 -0.001151
7920 0 0 -0.001390
7925 0 0 -0.001507
7930 0 0 -0.001478
7935 0 0 -0.001290
7940 0 0 -0.000952
7945 0 0 -0.000572
7950 0 0 -0.000280
7955 0 0 -0.000171
7960 0 0 -0.000186
7965 0 0 -0.000230
7970 0 0 -0.000230
7975 0 0 -0.000200
7980 0 0 -0.000180
7985 0 0 -0.000196
7990 0 0 -0.000232
7995 0 0 -0.000260
8000 0 0 -0.000261
8005 0 0 -0.000243
8010 0 0 -0.000220
8015 0 0 -0.000205
8020 0 0 -0.000204
8025 0 0 -0.000220
8030 0 0 -0.000252
8035 0 0 -0.000282
8040 0 0 -0.000290
8045 0 0 -0.000262
8050 0 0 -0.000219
8055 0 0 -0.000190
8060 0 0 -0.000195
8065 0 0 -0.000222
8070 0 0 -0.000250
8075 0 0 -0.000262
8080 0 0 -0.000258
8085 0 0 -0.000240
8090 0 0 -0.000215
8095 0 0 -0.000199
8100 0 0 -0.000210
8105 0 0 -0.000257
8110 0 0 -0.000308
8115 0 0 -0.000320
8120 0 0 -0.000268
8125 0 0 -0.000192
8130 0 0 -0.000150
8135 0 0 -0.000180
8140 0 0 -0.000243
8145 0 0 -0.000280
8150 0 0 -0.000254
8155 0 0 -0.000214
8160 0 0 -0.000230
8165 0 0 -0.000345
8170 0 0 -0.000495
8175 0 0 -0.000590
8180 0 0 -0.000565
8185 0 0 -0.000460
8190 0 0 -0.000340
8195 0 0 -0.000263
8200 0 0 -0.000249
8205 0 0 -0.000310
8210 0 0 -0.000447
8215 0 0 -0.000623
8220 0 0 -0.000790
8225 0 0 -0.000906
8230 0 0 -0.000951
8235 0 0 -0.000910
8240 0 0 -0.000780
8245 0 0 -0.000610
8250 0 0 -0.000460
8255 0 0 -0.000378
8260 0 0 -0.000353
8265 0 0 -0.000360
8270 0 0 -0.000377
8275 0 0 -0.000393
8280 0 0 -0.000400
8285 0 0 -0.000393
8290 0 0 -0.000372
8295 0 0 -0.000340
8300 0 0 -0.000301
8305 0 0 -0.000266
8310 0 0 -0.000250
8315 0 0 -0.000261
8320 0 0 -0.000282
8325 0 0 -0.000290
8330 0 0 -0.000271
8335 0 0 -0.000239
8340 0 0 -0.000220
8345 0 0 -0.000229
8350 0 0 -0.000258
8355 0 0 -0.000290
8360 0 0 -0.000312
8365 0 0 -0.000322
8370 0 0 -0.000320
8375 0 0 -0.000310
8380 0 0 -0.000309
8385 0 0 -0.000340
8390 0 0 -0.000412
8395 0 0 -0.000483
8400 0 0 -0.000500
8405 0 0 -0.000430
8410 0 0 -0.000323
8415 0 0 -0.000250
8420 0 0 -0.000261
8425 0 0 -0.000318
8430 0 0 -0.000360
8435 0 0 -0.000345
8440 0 0 -0.000297
8445 0 0 -0.000260
8450 0 0 -0.000264
8455 0 0 -0.000296
8460 0 0 -0.000330
8465 0 0 -0.000347
8470 0 0 -0.000353
8475 0 0 -0.000360
8480 0 0 -0.000376
8485 0 0 -0.000397
8490 0 0 -0.000420
8495 0 0 -0.000437
8500 0 0 -0.000443
8505 0 0 -0.000430
8510 0 0 -0.000397
8515 0 0 -0.000363
8520 0 0 -0.000350
8525 0 0 -0.000372
8530 0 0 -0.000404
8535 0 0 -0.000410
8540 0 0 -0.000366
8545 0 0 -0.000300
8550 0 0 -0.000250
8555 0 0 -0.000245
8560 0 0 -0.000267
8565 0 0 -0.000290
8570 0 0 -0.000292
8575 0 0 -0.000278
8580 0 0 -0.000260
8585 0 0 -0.000249
8590 0 0 -0.000246
8595 0 0 -0.000250
8600 0 0 -0.000261
8605 0 0 -0.000275
8610 0 0 -0.000290
8615 0 0 -0.000300
8620 0 0 -0.000297
8625 0 0 -0.000270
8630 0 0 -0.000217
8635 0 0 -0.000161
8640 0 0 -0.000130
8645 0 0 -0.000145
8650 0 0 -0.000185
8655 0 0 -0.000220
8660 0 0 -0.000227
8665 0 0 -0.000213
8670 0 0 -0.000190
8675 0 0 -0.000169
8680 0 0 -0.000152
8685 0 0 -0.000140
8690 0 0 -0.000132
8695 0 0 -0.000128
8700 0 0 -0.000130
8705 0 0 -0.000136
8710 0 0 -0.000142
8715 0 0 -0.000140
8720 0 0 -0.000129
8725 0 0 -0.000120
8730 0 0 -0.000130
8735 0 0 -0.000167
8740 0 0 -0.000210
8745 0 0 -0.000230
8750 0 0 -0.000208
8755 0 0 -0.000166
8760 0 0 -0.000140
8765 0 0 -0.000152
8770 0 0 -0.000185
8775 0 0 -0.000210
8780 0 0 -0.000208
8785 0 0 -0.000189
8790 0 0 -0.000170
8795 0 0 -0.000165
8800 0 0 -0.000168
8805 0 0 -0.000170
8810 0 0 -0.000164
8815 0 0 -0.000150
8820 0 0 -0.000130
8825 0 0 -0.000108
8830 0 0 -0.000092
8835 0 0 -0.000090
8840 0 0 -0.000106
8845 0 0 -0.000128
8850 0 0 -0.000140
8855 0 0 -0.000131
8860 0 0 -0.000112
8865 0 0 -0.000100
8870 0 0 -0.000106
8875 0 0 -0.000123
8880 0 0 -0.000140
8885 0 0 -0.000149
8890 0 0 -0.000154
8895 0 0 -0.000160
8900 0 0 -0.000172
8905 0 0 -0.000185
8910 0 0 -0.000190
8915 0 0 -0.000182
8920 0 0 -0.000169
8925 0 0 -0.000160
8930 0 0 -0.000162
8935 0 0 -0.000169
8940 0 0 -0.000170
8945 0 0 -0.000159
8950 0 0 -0.000145
8955 0 0 -0.000140
8960 0 0 -0.000153
8965 0 0 -0.000169
8970 0 0 -0.000170
8975 0 0 -0.000144
8980 0 0 -0.000108
8985 0 0 -0.000090
8990 0 0 -0.000105
8995 0 0 -0.000137
9000 0 0 -0.000160
9005 0 0 -0.000155
9010 0 0 -0.000135
9015 0 0 -0.000120
9020 0 0 -0.000124
9025 0 0 -0.000136
9030 0 0 -0.000140
9035 0 0 -0.000125
9040 0 0 -0.000102
9045 0 0 -0.000090
9050 0 0 -0.000100
9055 0 0 -0.000120
9060 0 0 -0.000130
9065 0 0 -0.000117
9070 0 0 -0.000097
9075 0 0 -0.000090
9080 0 0 -0.000111
9085 0 0 -0.000150
9090 0 0 -0.000190
9095 0 0 -0.000216
9100 0 0 -0.000226
9105 0 0 -0.000220
9110 0 0 -0.000199
9115 0 0 -0.000172
9120 0 0 -0.000150
9125 0 0 -0.000144
9130 0 0 -0.000161
9135 0 0 -0.000210
9140 0 0 -0.000289
9145 0 0 -0.000363
9150 0 0 -0.000390
9155 0 0 -0.000342
9160 0 0 -0.000260
9165 0 0 -0.000200
9170 0 0 -0.000204
9175 0 0 -0.000245
9180 0 0 -0.000280
9185 0 0 -0.000278
9190 0 0 -0.000253
9195 0 0 -0.000230
9200 0 0 -0.000226
9205 0 0 -0.000235
9210 0 0 -0.000240
9215 0 0 -0.000232
9220 0 0 -0.000218
9225 0 0 -0.000210
9230 0 0 -0.000215
9235 0 0 -0.000222
9240 0 0 -0.000220
9245 0 0 -0.000201
9250 0 0 -0.000191
9255 0 0 -0.000220
9260 0 0 -0.000307
9265 0 0 -0.000409
9270 0 0 -0.000470
9275 0 0 -0.000452
9280 0 0 -0.000388
9285 0 0 -0.000330
9290 0 0 -0.000320
9295 0 0 -0.000359
9300 0 0 -0.000440
9305 0 0 -0.000548
9310 0 0 -0.000641
9315 0 0 -0.000670
9320 0 0 -0.000604
9325 0 0 -0.000479
9330 0 0 -0.000350
9335 0 0 -0.000262
9340 0 0 -0.000223
9345 0 0 -0.000230
9350 0 0 -0.000276
9355 0 0 -0.000334
9360 0 0 -0.000370
9365 0 0 -0.000361
9370 0 0 -0.000318
9375 0 0 -0.000260
9380 0 0 -0.000205
9385 0 0 -0.000165
9390 0 0 -0.000150
9395 0 0 -0.000165
9400 0 0 -0.000198
9405 0 0 -0.000230
9410 0 0 -0.000247
9415 0 0 -0.000250
9420 0 0 -0.000240
9425 0 0 -0.000223
9430 0 0 -0.000208
9435 0 0 -0.000210
9440 0 0 -0.000234
9445 0 0 -0.000262
9450 0 0 -0.000270
9455 0 0 -0.000244
9460 0 0 -0.000206
9465 0 0 -0.000190
9470 0 0 -0.000216
9475 0 0 -0.000256
9480 0 0 -0.000270
9485 0 0 -0.000234
9490 0 0 -0.000181
9495 0 0 -0.000160
9500 0 0 -0.000202
9505 0 0 -0.000275
9510 0 0 -0.000330
9515 0 0 -0.000330
9520 0 0 -0.000294
9525 0 0 -0.000250
9530 0 0 -0.000224
9535 0 0 -0.000215
9540 0 0 -0.000220
9545 0 0 -0.000234
9550 0 0 -0.000254
9555 0 0 -0.000280
9560 0 0 -0.000312
9565 0 0 -0.000356
9570 0 0 -0.000420
9575 0 0 -0.000503
9580 0 0 -0.000568
9585 0 0 -0.000570
9590 0 0 -0.000482
9595 0 0 -0.000357
9600 0 0 -0.000270
9605 0 0 -0.000271
9610 0 0 -0.000329
9615 0 0 -0.000390
9620 0 0 -0.000412
9625 0 0 -0.000405
9630 0 0 -0.000390
9635 0 0 -0.000381
9640 0 0 -0.000363
9645 0 0 -0.000310
9650 0 0 -0.000222
9655 0 0 -0.000182
9660 0 0 -0.000300
9665 0 0 -0.000631
9670 0 0 -0.001035
9675 0 0 -0.001320
9680 0 0 -0.001345
9685 0 0 -0.001174
9690 0 0 -0.000920
9695 0 0 -0.000682
9700 0 0 -0.000493
9705 0 0 -0.000370
9710 0 0 -0.000323
9715 0 0 -0.000327
9720 0 0 -0.000350
9725 0 0 -0.000366
9730 0 0 -0.000374
9735 0 0 -0.000380
9740 0 0 -0.000391
9745 0 0 -0.000410
9750 0 0 -0.000440
9755 0 0 -0.000482
9760 0 0 -0.000521
9765 0 0 -0.000540
9770 0 0 -0.000528
9775 0 0 -0.000497
9780 0 0 -0.000470
9785 0 0 -0.000461
9790 0 0 -0.000472
9795 0 0 -0.000500
9800 0 0 -0.000537
9805 0 0 -0.000562
9810 0 0 -0.000550
9815 0 0 -0.000487
9820 0 0 -0.000413
9825 0 0 -0.000380
9830 0 0 -0.000421
9835 0 0 -0.000494
9840 0 0 -0.000540
9845 0 0 -0.000514
9850 0 0 -0.000440
9855 0 0 -0.000360
9860 0 0 -0.000306
9865 0 0 -0.000284
9870 0 0 -0.000290
9875 0 0 -0.000319
9880 0 0 -0.000352
9885 0 0 -0.000370
9890 0 0 -0.000359
9895 0 0 -0.000337
9900 0 0 -0.000330
9905 0 0 -0.000355
9910 0 0 -0.000389
9915 0 0 -0.000400
9920 0 0 -0.000368
9925 0 0 -0.000317
9930 0 0 -0.000280
9935 0 0 -0.000283
9940 0 0 -0.000308
9945 0 0 -0.000330
9950 0 0 -0.000327
9955 0 0 -0.000307
9960 0 0 -0.000280
9965 0 0 -0.000258
9970 0 0 -0.000247
9975 0 0 -0.000250
9980 0 0 -0.000268
9985 0 0 -0.000286
9990 0 0 -0.000290
9995 0 0 -0.000268
10000 0 0 -0.000234
10005 0 0 -0.000210
10010 0 0 -0.000210
10015 0 0 -0.000222
10020 0 0 -0.000230
10025 0 0 -0.000220
10030 0 0 -0.000197
10035 0 0 -0.000170
10040 0 0 -0.000148
10045 0 0 -0.000139
10050 0 0 -0.000150
10055 0 0 -0.000184
10060 0 0 -0.000226
10065 0 0 -0.000260
10070 0 0 -0.000267
10075 0 0 -0.000230
