0 0 0 -0.000230
5 0 0 -0.000312
10 0 0 -0.000345
15 0 0 -0.000344
20 0 0 -0.000324
25 0 0 -0.000300
30 0 0 -0.000288
35 0 0 -0.000297
40 0 0 -0.000320
45 0 0 -0.000344
50 0 0 -0.000358
55 0 0 -0.000360
60 0 0 -0.000346
65 0 0 -0.000319
70 0 0 -0.000294
75 0 0 -0.000288
80 0 0 -0.000312
85 0 0 -0.000342
90 0 0 -0.000346
95 0 0 -0.000304
100 0 0 -0.000250
105 0 0 -0.000230
110 0 0 -0.000274
115 0 0 -0.000348
120 0 0 -0.000402
125 0 0 -0.000400
130 0 0 -0.000353
135 0 0 -0.000288
140 0 0 -0.000229
145 0 0 -0.000201
150 0 0 -0.000230
155 0 0 -0.000325
160 0 0 -0.000426
165 0 0 -0.000460
170 0 0 -0.000379
175 0 0 -0.000251
180 0 0 -0.000172
185 0 0 -0.000208
190 0 0 -0.000311
195 0 0 -0.000402
200 0 0 -0.000423
205 0 0 -0.000391
210 0 0 -0.000346
215 0 0 -0.000316
220 0 0 -0.000301
225 0 0 -0.000288
230 0 0 -0.000271
235 0 0 -0.000250
240 0 0 -0.000230
245 0 0 -0.000214
250 0 0 -0.000212
255 0 0 -0.000232
260 0 0 -0.000278
265 0 0 -0.000326
270 0 0 -0.000346
275 0 0 -0.000320
280 0 0 -0.000270
285 0 0 -0.000232
290 0 0 -0.000230
295 0 0 -0.000255
300 0 0 -0.000288
305 0 0 -0.000313
310 0 0 -0.000316
315 0 0 -0.000288
320 0 0 -0.000226
325 0 0 -0.000171
330 0 0 -0.000172
335 0 0 -0.000256
340 0 0 -0.000361
345 0 0 -0.000402
350 0 0 -0.000326
355 0 0 -0.000198
360 0 0 -0.000116
365 0 0 -0.000147
370 0 0 -0.000248
375 0 0 -0.000346
380 0 0 -0.000383
385 0 0 -0.000358
390 0 0 -0.000288
395 0 0 -0.000192
400 0 0 -0.000117
405 0 0 -0.000114
410 0 0 -0.000211
415 0 0 -0.000339
420 0 0 -0.000404
425 0 0 -0.000348
430 0 0 -0.000251
435 0 0 -0.000230
440 0 0 -0.000357
445 0 0 -0.000538
450 0 0 -0.000634
455 0 0 -0.000552
460 0 0 -0.000374
465 0 0 -0.000230
470 0 0 -0.000212
475 0 0 -0.000276
480 0 0 -0.000346
485 0 0 -0.000361
490 0 0 -0.000332
495 0 0 -0.000288
500 0 0 -0.000252
505 0 0 -0.000232
510 0 0 -0.000232
515 0 0 -0.000252
520 0 0 -0.000277
525 0 0 -0.000288
530 0 0 -0.000273
535 0 0 -0.000247
540 0 0 -0.000230
545 0 0 -0.000238
550 0 0 -0.000262
555 0 0 -0.000288
560 0 0 -0.000304
565 0 0 -0.000305
570 0 0 -0.000288
575 0 0 -0.000256
580 0 0 -0.000228
585 0 0 -0.000230
590 0 0 -0.000274
595 0 0 -0.000327
600 0 0 -0.000344
605 0 0 -0.000297
610 0 0 -0.000222
615 0 0 -0.000172
620 0 0 -0.000184
625 0 0 -0.000235
630 0 0 -0.000288
635 0 0 -0.000313
640 0 0 -0.000310
645 0 0 -0.000288
650 0 0 -0.000257
655 0 0 -0.000233
660 0 0 -0.000232
665 0 0 -0.000264
670 0 0 -0.000310
675 0 0 -0.000344
680 0 0 -0.000349
685 0 0 -0.000340
690 0 0 -0.000344
695 0 0 -0.000374
700 0 0 -0.000406
705 0 0 -0.000404
710 0 0 -0.000355
715 0 0 -0.000340
720 0 0 -0.000460
725 0 0 -0.000773
730 0 0 -0.001156
735 0 0 -0.001440
740 0 0 -0.001500
745 0 0 -0.001391
750 0 0 -0.001212
755 0 0 -0.001044
760 0 0 -0.000894
765 0 0 -0.000750
770 0 0 -0.000604
775 0 0 -0.000465
780 0 0 -0.000346
785 0 0 -0.000258
790 0 0 -0.000202
795 0 0 -0.000172
800 0 0 -0.000167
805 0 0 -0.000187
810 0 0 -0.000232
815 0 0 -0.000296
820 0 0 -0.000346
825 0 0 -0.000344
830 0 0 -0.000268
835 0 0 -0.000168
840 0 0 -0.000114
845 0 0 -0.000152
850 0 0 -0.000233
855 0 0 -0.000288
860 0 0 -0.000267
865 0 0 -0.000208
870 0 0 -0.000172
875 0 0 -0.000199
880 0 0 -0.000255
885 0 0 -0.000288
890 0 0 -0.000261
895 0 0 -0.000206
900 0 0 -0.000172
905 0 0 -0.000192
910 0 0 -0.000243
915 0 0 -0.000288
920 0 0 -0.000297
925 0 0 -0.000274
930 0 0 -0.000230
935 0 0 -0.000179
940 0 0 -0.000150
945 0 0 -0.000174
950 0 0 -0.000264
955 0 0 -0.000365
960 0 0 -0.000402
965 0 0 -0.000331
970 0 0 -0.000221
975 0 0 -0.000172
980 0 0 -0.000251
985 0 0 -0.000397
990 0 0 -0.000518
995 0 0 -0.000543
1000 0 0 -0.000491
1005 0 0 -0.000404
1010 0 0 -0.000319
1015 0 0 -0.000256
1020 0 0 -0.000232
1025 0 0 -0.000255
1030 0 0 -0.000303
1035 0 0 -0.000346
1040 0 0 -0.000362
1045 0 0 -0.000358
1050 0 0 -0.000346
1055 0 0 -0.000339
1060 0 0 -0.000339
1065 0 0 -0.000346
1070 0 0 -0.000363
1075 0 0 -0.000397
1080 0 0 -0.000460
1085 0 0 -0.000552
1090 0 0 -0.000643
1095 0 0 -0.000692
1100 0 0 -0.000674
1105 0 0 -0.000620
1110 0 0 -0.000576
1115 0 0 -0.000576
1120 0 0 -0.000605
1125 0 0 -0.000634
1130 0 0 -0.000644
1135 0 0 -0.000639
1140 0 0 -0.000634
1145 0 0 -0.000638
1150 0 0 -0.000657
1155 0 0 -0.000692
1160 0 0 -0.000749
1165 0 0 -0.000840
1170 0 0 -0.000980
1175 0 0 -0.001167
1180 0 0 -0.001331
1185 0 0 -0.001384
1190 0 0 -0.001274
1195 0 0 -0.001081
1200 0 0 -0.000922
1205 0 0 -0.000881
1210 0 0 -0.000922
1215 0 0 -0.000980
1220 0 0 -0.001002
1225 0 0 -0.000995
1230 0 0 -0.000978
1235 0 0 -0.000968
1240 0 0 -0.000969
1245 0 0 -0.000978
1250 0 0 -0.000995
1255 0 0 -0.001016
1260 0 0 -0.001038
1265 0 0 -0.001058
1270 0 0 -0.001076
1275 0 0 -0.001094
1280 0 0 -0.001109
1285 0 0 -0.001098
1290 0 0 -0.001036
1295 0 0 -0.000911
1300 0 0 -0.000774
1305 0 0 -0.000692
1310 0 0 -0.000707
1315 0 0 -0.000770
1320 0 0 -0.000806
1325 0 0 -0.000765
1330 0 0 -0.000687
1335 0 0 -0.000634
1340 0 0 -0.000650
1345 0 0 -0.000705
1350 0 0 -0.000748
1355 0 0 -0.000744
1360 0 0 -0.000714
1365 0 0 -0.000692
1370 0 0 -0.000702
1375 0 0 -0.000729
1380 0 0 -0.000750
1385 0 0 -0.000745
1390 0 0 -0.000722
1395 0 0 -0.000692
1400 0 0 -0.000668
1405 0 0 -0.000664
1410 0 0 -0.000692
1415 0 0 -0.000755
1420 0 0 -0.000811
1425 0 0 -0.000806
1430 0 0 -0.000708
1435 0 0 -0.000569
1440 0 0 -0.000460
1445 0 0 -0.000432
1450 0 0 -0.000451
1455 0 0 -0.000460
1460 0 0 -0.000420
1465 0 0 -0.000365
1470 0 0 -0.000346
1475 0 0 -0.000395
1480 0 0 -0.000473
1485 0 0 -0.000518
1490 0 0 -0.000490
1495 0 0 -0.000417
1500 0 0 -0.000346
1505 0 0 -0.000312
1510 0 0 -0.000316
1515 0 0 -0.000346
1520 0 0 -0.000391
1525 0 0 -0.000435
1530 0 0 -0.000460
1535 0 0 -0.000452
1540 0 0 -0.000412
1545 0 0 -0.000346
1550 0 0 -0.000264
1555 0 0 -0.000194
1560 0 0 -0.000172
1565 0 0 -0.000216
1570 0 0 -0.000290
1575 0 0 -0.000344
1580 0 0 -0.000339
1585 0 0 -0.000293
1590 0 0 -0.000232
1595 0 0 -0.000184
1600 0 0 -0.000161
1605 0 0 -0.000174
1610 0 0 -0.000226
1615 0 0 -0.000294
1620 0 0 -0.000346
1625 0 0 -0.000360
1630 0 0 -0.000337
1635 0 0 -0.000288
1640 0 0 -0.000226
1645 0 0 -0.000177
1650 0 0 -0.000174
1655 0 0 -0.000232
1660 0 0 -0.000309
1665 0 0 -0.000346
1670 0 0 -0.000306
1675 0 0 -0.000228
1680 0 0 -0.000172
1685 0 0 -0.000180
1690 0 0 -0.000231
1695 0 0 -0.000288
1700 0 0 -0.000319
1705 0 0 -0.000318
1710 0 0 -0.000288
1715 0 0 -0.000234
1720 0 0 -0.000184
1725 0 0 -0.000172
1730 0 0 -0.000218
1735 0 0 -0.000291
1740 0 0 -0.000344
1745 0 0 -0.000346
1750 0 0 -0.000317
1755 0 0 -0.000288
1760 0 0 -0.000283
1765 0 0 -0.000289
1770 0 0 -0.000288
1775 0 0 -0.000266
1780 0 0 -0.000239
1785 0 0 -0.000232
1790 0 0 -0.000260
1795 0 0 -0.000306
1800 0 0 -0.000344
1805 0 0 -0.000353
1810 0 0 -0.000333
1815 0 0 -0.000288
1820 0 0 -0.000228
1825 0 0 -0.000179
1830 0 0 -0.000174
1835 0 0 -0.000229
1840 0 0 -0.000304
1845 0 0 -0.000344
1850 0 0 -0.000311
1855 0 0 -0.000237
1860 0 0 -0.000174
1865 0 0 -0.000160
1870 0 0 -0.000185
1875 0 0 -0.000230
1880 0 0 -0.000274
1885 0 0 -0.000299
1890 0 0 -0.000288
1895 0 0 -0.000236
1900 0 0 -0.000181
1905 0 0 -0.000172
1910 0 0 -0.000242
1915 0 0 -0.000355
1920 0 0 -0.000460
1925 0 0 -0.000514
1930 0 0 -0.000512
1935 0 0 -0.000460
1940 0 0 -0.000370
1945 0 0 -0.000279
1950 0 0 -0.000232
1955 0 0 -0.000255
1960 0 0 -0.000312
1965 0 0 -0.000346
1970 0 0 -0.000321
1975 0 0 -0.000267
1980 0 0 -0.000230
1985 0 0 -0.000243
1990 0 0 -0.000277
1995 0 0 -0.000288
2000 0 0 -0.000247
2005 0 0 -0.000191
2010 0 0 -0.000172
2015 0 0 -0.000223
2020 0 0 -0.000302
2025 0 0 -0.000346
2030 0 0 -0.000313
2035 0 0 -0.000237
2040 0 0 -0.000172
2045 0 0 -0.000160
2050 0 0 -0.000187
2055 0 0 -0.000230
2060 0 0 -0.000266
2065 0 0 -0.000286
2070 0 0 -0.000288
2075 0 0 -0.000269
2080 0 0 -0.000245
2085 0 0 -0.000232
2090 0 0 -0.000243
2095 0 0 -0.000267
2100 0 0 -0.000288
2105 0 0 -0.000292
2110 0 0 -0.000274
2115 0 0 -0.000230
2120 0 0 -0.000166
2125 0 0 -0.000128
2130 0 0 -0.000174
2135 0 0 -0.000332
2140 0 0 -0.000522
2145 0 0 -0.000634
2150 0 0 -0.000599
2155 0 0 -0.000500
2160 0 0 -0.000462
2165 0 0 -0.000567
2170 0 0 -0.000740
2175 0 0 -0.000864
2180 0 0 -0.000854
2185 0 0 -0.000753
2190 0 0 -0.000634
2195 0 0 -0.000554
2200 0 0 -0.000505
2205 0 0 -0.000462
2210 0 0 -0.000406
2215 0 0 -0.000344
2220 0 0 -0.000288
2225 0 0 -0.000249
2230 0 0 -0.000229
2235 0 0 -0.000230
2240 0 0 -0.000250
2245 0 0 -0.000275
2250 0 0 -0.000288
2255 0 0 -0.000278
2260 0 0 -0.000269
2265 0 0 -0.000290
2270 0 0 -0.000358
2275 0 0 -0.000433
2280 0 0 -0.000462
2285 0 0 -0.000413
2290 0 0 -0.000332
2295 0 0 -0.000288
2300 0 0 -0.000326
2305 0 0 -0.000405
2310 0 0 -0.000462
2315 0 0 -0.000454
2320 0 0 -0.000415
2325 0 0 -0.000402
2330 0 0 -0.000451
2335 0 0 -0.000527
2340 0 0 -0.000576
2345 0 0 -0.000562
2350 0 0 -0.000510
2355 0 0 -0.000462
2360 0 0 -0.000451
2365 0 0 -0.000474
2370 0 0 -0.000518
2375 0 0 -0.000569
2380 0 0 -0.000598
2385 0 0 -0.000576
2390 0 0 -0.000488
2395 0 0 -0.000388
2400 0 0 -0.000346
2405 0 0 -0.000407
2410 0 0 -0.000512
2415 0 0 -0.000576
2420 0 0 -0.000548
2425 0 0 -0.000510
2430 0 0 -0.000576
2435 0 0 -0.000820
2440 0 0 -0.001152
2445 0 0 -0.001440
2450 0 0 -0.001584
2455 0 0 -0.001605
2460 0 0 -0.001554
2465 0 0 -0.001479
2470 0 0 -0.001413
2475 0 0 -0.001382
2480 0 0 -0.001404
2485 0 0 -0.001455
2490 0 0 -0.001498
2495 0 0 -0.001504
2500 0 0 -0.001466
2505 0 0 -0.001384
2510 0 0 -0.001262
2515 0 0 -0.001119
2520 0 0 -0.000978
2525 0 0 -0.000862
2530 0 0 -0.000797
2535 0 0 -0.000808
2540 0 0 -0.000904
2545 0 0 -0.001024
2550 0 0 -0.001094
2555 0 0 -0.001062
2560 0 0 -0.000978
2565 0 0 -0.000920
2570 0 0 -0.000942
2575 0 0 -0.001017
2580 0 0 -0.001096
2585 0 0 -0.001138
2590 0 0 -0.001137
2595 0 0 -0.001094
2600 0 0 -0.001014
2605 0 0 -0.000912
2610 0 0 -0.000804
2615 0 0 -0.000708
2620 0 0 -0.000645
2625 0 0 -0.000634
2630 0 0 -0.000685
2635 0 0 -0.000759
2640 0 0 -0.000806
2645 0 0 -0.000790
2650 0 0 -0.000737
2655 0 0 -0.000690
2660 0 0 -0.000680
2665 0 0 -0.000704
2670 0 0 -0.000750
2675 0 0 -0.000801
2680 0 0 -0.000830
2685 0 0 -0.000806
2690 0 0 -0.000713
2695 0 0 -0.000596
2700 0 0 -0.000518
2705 0 0 -0.000522
2710 0 0 -0.000577
2715 0 0 -0.000634
2720 0 0 -0.000656
2725 0 0 -0.000650
2730 0 0 -0.000634
2735 0 0 -0.000621
2740 0 0 -0.000605
2745 0 0 -0.000576
2750 0 0 -0.000528
2755 0 0 -0.000481
2760 0 0 -0.000460
2765 0 0 -0.000481
2770 0 0 -0.000528
2775 0 0 -0.000576
2780 0 0 -0.000604
2785 0 0 -0.000605
2790 0 0 -0.000576
2795 0 0 -0.000519
2800 0 0 -0.000468
2805 0 0 -0.000462
2810 0 0 -0.000523
2815 0 0 -0.000603
2820 0 0 -0.000634
2825 0 0 -0.000572
2830 0 0 -0.000456
2835 0 0 -0.000346
2840 0 0 -0.000289
2845 0 0 -0.000277
2850 0 0 -0.000288
2855 0 0 -0.000301
2860 0 0 -0.000305
2865 0 0 -0.000288
2870 0 0 -0.000247
2875 0 0 -0.000200
2880 0 0 -0.000172
2885 0 0 -0.000179
2890 0 0 -0.000206
2895 0 0 -0.000230
2900 0 0 -0.000234
2905 0 0 -0.000229
2910 0 0 -0.000230
2915 0 0 -0.000249
2920 0 0 -0.000274
2925 0 0 -0.000288
2930 0 0 -0.000280
2935 0 0 -0.000257
2940 0 0 -0.000232
2945 0 0 -0.000217
2950 0 0 -0.000215
2955 0 0 -0.000230
2960 0 0 -0.000260
2965 0 0 -0.000287
2970 0 0 -0.000288
2975 0 0 -0.000250
2980 0 0 -0.000199
2985 0 0 -0.000174
2990 0 0 -0.000199
2995 0 0 -0.000249
3000 0 0 -0.000288
3005 0 0 -0.000287
3010 0 0 -0.000260
3015 0 0 -0.000230
3020 0 0 -0.000215
3025 0 0 -0.000216
3030 0 0 -0.000230
3035 0 0 -0.000254
3040 0 0 -0.000277
3045 0 0 -0.000288
3050 0 0 -0.000280
3055 0 0 -0.000258
3060 0 0 -0.000232
3065 0 0 -0.000212
3070 0 0 -0.000208
3075 0 0 -0.000230
3080 0 0 -0.000280
3085 0 0 -0.000331
3090 0 0 -0.000346
3095 0 0 -0.000303
3100 0 0 -0.000232
3105 0 0 -0.000174
3110 0 0 -0.000163
3115 0 0 -0.000188
3120 0 0 -0.000230
3125 0 0 -0.000270
3130 0 0 -0.000294
3135 0 0 -0.000288
3140 0 0 -0.000248
3145 0 0 -0.000198
3150 0 0 -0.000172
3155 0 0 -0.000191
3160 0 0 -0.000239
3165 0 0 -0.000288
3170 0 0 -0.000315
3175 0 0 -0.000315
3180 0 0 -0.000288
3185 0 0 -0.000239
3190 0 0 -0.000192
3195 0 0 -0.000172
3200 0 0 -0.000198
3205 0 0 -0.000248
3210 0 0 -0.000288
3215 0 0 -0.000294
3220 0 0 -0.000270
3225 0 0 -0.000230
3230 0 0 -0.000187
3235 0 0 -0.000161
3240 0 0 -0.000174
3245 0 0 -0.000236
3250 0 0 -0.000309
3255 0 0 -0.000346
3260 0 0 -0.000313
3265 0 0 -0.000240
3270 0 0 -0.000174
3275 0 0 -0.000154
3280 0 0 -0.000191
3285 0 0 -0.000288
3290 0 0 -0.000439
3295 0 0 -0.000594
3300 0 0 -0.000692
3305 0 0 -0.000689
3310 0 0 -0.000615
3315 0 0 -0.000518
3320 0 0 -0.000436
3325 0 0 -0.000378
3330 0 0 -0.000344
3335 0 0 -0.000332
3340 0 0 -0.000336
3345 0 0 -0.000346
3350 0 0 -0.000355
3355 0 0 -0.000357
3360 0 0 -0.000346
3365 0 0 -0.000321
3370 0 0 -0.000295
3375 0 0 -0.000288
3380 0 0 -0.000310
3385 0 0 -0.000339
3390 0 0 -0.000346
3395 0 0 -0.000312
3400 0 0 -0.000261
3405 0 0 -0.000230
3410 0 0 -0.000247
3415 0 0 -0.000308
3420 0 0 -0.000402
3425 0 0 -0.000513
3430 0 0 -0.000605
3435 0 0 -0.000634
3440 0 0 -0.000575
3445 0 0 -0.000462
3450 0 0 -0.000344
3455 0 0 -0.000263
3460 0 0 -0.000226
3465 0 0 -0.000230
3470 0 0 -0.000269
3475 0 0 -0.000318
3480 0 0 -0.000346
3485 0 0 -0.000332
3490 0 0 -0.000286
3495 0 0 -0.000230
3500 0 0 -0.000182
3505 0 0 -0.000158
3510 0 0 -0.000172
3515 0 0 -0.000230
3520 0 0 -0.000301
3525 0 0 -0.000346
3530 0 0 -0.000336
3535 0 0 -0.000289
3540 0 0 -0.000232
3545 0 0 -0.000190
3550 0 0 -0.000169
3555 0 0 -0.000172
3560 0 0 -0.000199
3565 0 0 -0.000242
3570 0 0 -0.000288
3575 0 0 -0.000327
3580 0 0 -0.000349
3585 0 0 -0.000346
3590 0 0 -0.000314
3595 0 0 -0.000268
3600 0 0 -0.000230
3605 0 0 -0.000217
3610 0 0 -0.000236
3615 0 0 -0.000288
3620 0 0 -0.000368
3625 0 0 -0.000441
3630 0 0 -0.000460
3635 0 0 -0.000400
3640 0 0 -0.000303
3645 0 0 -0.000230
3650 0 0 -0.000223
3655 0 0 -0.000257
3660 0 0 -0.000288
3665 0 0 -0.000284
3670 0 0 -0.000257
3675 0 0 -0.000232
3680 0 0 -0.000226
3685 0 0 -0.000232
3690 0 0 -0.000232
3695 0 0 -0.000219
3700 0 0 -0.000210
3705 0 0 -0.000230
3710 0 0 -0.000292
3715 0 0 -0.000364
3720 0 0 -0.000404
3725 0 0 -0.000384
3730 0 0 -0.000331
3735 0 0 -0.000288
3740 0 0 -0.000286
3745 0 0 -0.000313
3750 0 0 -0.000346
3755 0 0 -0.000364
3760 0 0 -0.000365
3765 0 0 -0.000346
3770 0 0 -0.000310
3775 0 0 -0.000268
3780 0 0 -0.000232
3785 0 0 -0.000212
3790 0 0 -0.000212
3795 0 0 -0.000230
3800 0 0 -0.000263
3805 0 0 -0.000291
3810 0 0 -0.000288
3815 0 0 -0.000241
3820 0 0 -0.000187
3825 0 0 -0.000172
3830 0 0 -0.000226
3835 0 0 -0.000305
3840 0 0 -0.000346
3845 0 0 -0.000308
3850 0 0 -0.000230
3855 0 0 -0.000174
3860 0 0 -0.000182
3865 0 0 -0.000233
3870 0 0 -0.000288
3875 0 0 -0.000313
3880 0 0 -0.000297
3885 0 0 -0.000232
3890 0 0 -0.000137
3895 0 0 -0.000128
3900 0 0 -0.000346
3905 0 0 -0.000855
3910 0 0 -0.001405
3915 0 0 -0.001670
3920 0 0 -0.001430
3925 0 0 -0.000900
3930 0 0 -0.000402
3935 0 0 -0.000185
3940 0 0 -0.000206
3945 0 0 -0.000346
3950 0 0 -0.000504
3955 0 0 -0.000644
3960 0 0 -0.000748
3965 0 0 -0.000806
3970 0 0 -0.000849
3975 0 0 -0.000922
3980 0 0 -0.001046
3985 0 0 -0.001167
3990 0 0 -0.001210
3995 0 0 -0.001128
4000 0 0 -0.000983
4005 0 0 -0.000864
4010 0 0 -0.000835
4015 0 0 -0.000856
4020 0 0 -0.000864
4025 0 0 -0.000812
4030 0 0 -0.000722
4035 0 0 -0.000636
4040 0 0 -0.000586
4045 0 0 -0.000569
4050 0 0 -0.000576
4055 0 0 -0.000596
4060 0 0 -0.000618
4065 0 0 -0.000634
4070 0 0 -0.000636
4075 0 0 -0.000633
4080 0 0 -0.000634
4085 0 0 -0.000650
4090 0 0 -0.000686
4095 0 0 -0.000748
4100 0 0 -0.000833
4105 0 0 -0.000906
4110 0 0 -0.000922
4115 0 0 -0.000856
4120 0 0 -0.000756
4125 0 0 -0.000690
4130 0 0 -0.000705
4135 0 0 -0.000763
4140 0 0 -0.000808
4145 0 0 -0.000799
4150 0 0 -0.000765
4155 0 0 -0.000750
4160 0 0 -0.000785
4165 0 0 -0.000838
4170 0 0 -0.000862
4175 0 0 -0.000827
4180 0 0 -0.000771
4185 0 0 -0.000748
4190 0 0 -0.000795
4195 0 0 -0.000872
4200 0 0 -0.000922
4205 0 0 -0.000903
4210 0 0 -0.000849
4215 0 0 -0.000808
4220 0 0 -0.000816
4225 0 0 -0.000848
4230 0 0 -0.000864
4235 0 0 -0.000836
4240 0 0 -0.000785
4245 0 0 -0.000748
4250 0 0 -0.000749
4255 0 0 -0.000775
4260 0 0 -0.000806
4265 0 0 -0.000820
4270 0 0 -0.000806
4275 0 0 -0.000750
4280 0 0 -0.000649
4285 0 0 -0.000524
4290 0 0 -0.000404
4295 0 0 -0.000312
4300 0 0 -0.000253
4305 0 0 -0.000230
4310 0 0 -0.000240
4315 0 0 -0.000266
4320 0 0 -0.000288
4325 0 0 -0.000292
4330 0 0 -0.000286
4335 0 0 -0.000288
4340 0 0 -0.000307
4345 0 0 -0.000331
4350 0 0 -0.000344
4355 0 0 -0.000334
4360 0 0 -0.000311
4365 0 0 -0.000288
4370 0 0 -0.000278
4375 0 0 -0.000279
4380 0 0 -0.000288
4385 0 0 -0.000302
4390 0 0 -0.000321
4395 0 0 -0.000346
4400 0 0 -0.000376
4405 0 0 -0.000400
4410 0 0 -0.000404
4415 0 0 -0.000379
4420 0 0 -0.000336
4425 0 0 -0.000288
4430 0 0 -0.000249
4435 0 0 -0.000227
4440 0 0 -0.000230
4445 0 0 -0.000260
4450 0 0 -0.000304
4455 0 0 -0.000344
4460 0 0 -0.000365
4465 0 0 -0.000365
4470 0 0 -0.000346
4475 0 0 -0.000312
4480 0 0 -0.000270
4485 0 0 -0.000230
4490 0 0 -0.000199
4495 0 0 -0.000179
4500 0 0 -0.000174
4505 0 0 -0.000184
4510 0 0 -0.000204
4515 0 0 -0.000230
4520 0 0 -0.000255
4525 0 0 -0.000276
4530 0 0 -0.000288
4535 0 0 -0.000287
4540 0 0 -0.000269
4545 0 0 -0.000230
4550 0 0 -0.000173
4555 0 0 -0.000124
4560 0 0 -0.000114
4565 0 0 -0.000161
4570 0 0 -0.000234
4575 0 0 -0.000288
4580 0 0 -0.000290
4585 0 0 -0.000260
4590 0 0 -0.000230
4595 0 0 -0.000223
4600 0 0 -0.000230
4605 0 0 -0.000230
4610 0 0 -0.000212
4615 0 0 -0.000187
4620 0 0 -0.000174
4625 0 0 -0.000185
4630 0 0 -0.000209
4635 0 0 -0.000230
4640 0 0 -0.000236
4645 0 0 -0.000233
4650 0 0 -0.000230
4655 0 0 -0.000235
4660 0 0 -0.000239
4665 0 0 -0.000230
4670 0 0 -0.000203
4675 0 0 -0.000175
4680 0 0 -0.000174
4685 0 0 -0.000213
4690 0 0 -0.000264
4695 0 0 -0.000288
4700 0 0 -0.000260
4705 0 0 -0.000208
4710 0 0 -0.000172
4715 0 0 -0.000181
4720 0 0 -0.000212
4725 0 0 -0.000230
4730 0 0 -0.000212
4735 0 0 -0.000181
4740 0 0 -0.000172
4745 0 0 -0.000209
4750 0 0 -0.000261
4755 0 0 -0.000288
4760 0 0 -0.000261
4765 0 0 -0.000208
4770 0 0 -0.000172
4775 0 0 -0.000181
4780 0 0 -0.000212
4785 0 0 -0.000230
4790 0 0 -0.000211
4795 0 0 -0.000180
4800 0 0 -0.000172
4805 0 0 -0.000211
4810 0 0 -0.000265
4815 0 0 -0.000288
4820 0 0 -0.000252
4825 0 0 -0.000196
4830 0 0 -0.000172
4835 0 0 -0.000218
4840 0 0 -0.000294
4845 0 0 -0.000346
4850 0 0 -0.000336
4855 0 0 -0.000313
4860 0 0 -0.000344
4865 0 0 -0.000469
4870 0 0 -0.000618
4875 0 0 -0.000692
4880 0 0 -0.000621
4885 0 0 -0.000459
4890 0 0 -0.000288
4895 0 0 -0.000181
4900 0 0 -0.000172
4905 0 0 -0.000288
4910 0 0 -0.000525
4915 0 0 -0.000766
4920 0 0 -0.000866
4925 0 0 -0.000731
4930 0 0 -0.000466
4935 0 0 -0.000230
4940 0 0 -0.000140
4945 0 0 -0.000165
4950 0 0 -0.000232
4955 0 0 -0.000283
4960 0 0 -0.000303
4965 0 0 -0.000290
4970 0 0 -0.000251
4975 0 0 -0.000232
4980 0 0 -0.000288
4985 0 0 -0.000444
4990 0 0 -0.000602
4995 0 0 -0.000632
5000 0 0 -0.000460
5005 0 0 -0.000224
5010 0 0 -0.000116
5015 0 0 -0.000266
5020 0 0 -0.000557
5025 0 0 -0.000806
5030 0 0 -0.000878
5035 0 0 -0.000812
5040 0 0 -0.000692
5045 0 0 -0.000586
5050 0 0 -0.000495
5055 0 0 -0.000404
5060 0 0 -0.000305
5065 0 0 -0.000219
5070 0 0 -0.000174
5075 0 0 -0.000189
5080 0 0 -0.000253
5085 0 0 -0.000346
5090 0 0 -0.000449
5095 0 0 -0.000534
5100 0 0 -0.000576
5105 0 0 -0.000557
5110 0 0 -0.000506
5115 0 0 -0.000462
5120 0 0 -0.000452
5125 0 0 -0.000460
5130 0 0 -0.000460
5135 0 0 -0.000432
5140 0 0 -0.000388
5145 0 0 -0.000346
5150 0 0 -0.000325
5155 0 0 -0.000340
5160 0 0 -0.000402
5165 0 0 -0.000513
5170 0 0 -0.000629
5175 0 0 -0.000692
5180 0 0 -0.000669
5185 0 0 -0.000622
5190 0 0 -0.000634
5195 0 0 -0.000755
5200 0 0 -0.000894
5205 0 0 -0.000922
5210 0 0 -0.000758
5215 0 0 -0.000499
5220 0 0 -0.000288
5225 0 0 -0.000229
5230 0 0 -0.000276
5235 0 0 -0.000346
5240 0 0 -0.000374
5245 0 0 -0.000365
5250 0 0 -0.000346
5255 0 0 -0.000335
5260 0 0 -0.000336
5265 0 0 -0.000346
5270 0 0 -0.000361
5275 0 0 -0.000366
5280 0 0 -0.000346
5285 0 0 -0.000294
5290 0 0 -0.000241
5295 0 0 -0.000230
5300 0 0 -0.000285
5305 0 0 -0.000362
5310 0 0 -0.000404
5315 0 0 -0.000369
5320 0 0 -0.000293
5325 0 0 -0.000230
5330 0 0 -0.000222
5335 0 0 -0.000251
5340 0 0 -0.000288
5345 0 0 -0.000307
5350 0 0 -0.000305
5355 0 0 -0.000288
5360 0 0 -0.000262
5365 0 0 -0.000253
5370 0 0 -0.000288
5375 0 0 -0.000383
5380 0 0 -0.000497
5385 0 0 -0.000576
5390 0 0 -0.000581
5395 0 0 -0.000531
5400 0 0 -0.000460
5405 0 0 -0.000397
5410 0 0 -0.000356
5415 0 0 -0.000346
5420 0 0 -0.000372
5425 0 0 -0.000417
5430 0 0 -0.000460
5435 0 0 -0.000484
5440 0 0 -0.000499
5445 0 0 -0.000518
5450 0 0 -0.000550
5455 0 0 -0.000577
5460 0 0 -0.000576
5465 0 0 -0.000535
5470 0 0 -0.000483
5475 0 0 -0.000460
5480 0 0 -0.000492
5485 0 0 -0.000546
5490 0 0 -0.000576
5495 0 0 -0.000550
5500 0 0 -0.000497
5505 0 0 -0.000460
5510 0 0 -0.000468
5515 0 0 -0.000499
5520 0 0 -0.000518
5525 0 0 -0.000500
5530 0 0 -0.000470
5535 0 0 -0.000460
5540 0 0 -0.000494
5545 0 0 -0.000546
5550 0 0 -0.000576
5555 0 0 -0.000558
5560 0 0 -0.000510
5565 0 0 -0.000460
5570 0 0 -0.000434
5575 0 0 -0.000434
5580 0 0 -0.000460
5585 0 0 -0.000506
5590 0 0 -0.000553
5595 0 0 -0.000576
5600 0 0 -0.000561
5605 0 0 -0.000530
5610 0 0 -0.000518
5615 0 0 -0.000546
5620 0 0 -0.000595
5625 0 0 -0.000634
5630 0 0 -0.000639
5635 0 0 -0.000615
5640 0 0 -0.000576
5645 0 0 -0.000534
5650 0 0 -0.000508
5655 0 0 -0.000518
5660 0 0 -0.000570
5665 0 0 -0.000626
5670 0 0 -0.000634
5675 0 0 -0.000563
5680 0 0 -0.000463
5685 0 0 -0.000404
5690 0 0 -0.000432
5695 0 0 -0.000495
5700 0 0 -0.000518
5705 0 0 -0.000450
5710 0 0 -0.000346
5715 0 0 -0.000288
5720 0 0 -0.000329
5725 0 0 -0.000414
5730 0 0 -0.000460
5735 0 0 -0.000411
5740 0 0 -0.000311
5745 0 0 -0.000230
5750 0 0 -0.000218
5755 0 0 -0.000252
5760 0 0 -0.000286
5765 0 0 -0.000288
5770 0 0 -0.000263
5775 0 0 -0.000230
5780 0 0 -0.000202
5785 0 0 -0.000183
5790 0 0 -0.000174
5795 0 0 -0.000174
5800 0 0 -0.000177
5805 0 0 -0.000174
5810 0 0 -0.000162
5815 0 0 -0.000155
5820 0 0 -0.000172
5825 0 0 -0.000221
5830 0 0 -0.000272
5835 0 0 -0.000288
5840 0 0 -0.000243
5845 0 0 -0.000169
5850 0 0 -0.000114
5855 0 0 -0.000111
5860 0 0 -0.000141
5865 0 0 -0.000172
5870 0 0 -0.000179
5875 0 0 -0.000174
5880 0 0 -0.000174
5885 0 0 -0.000193
5890 0 0 -0.000219
5895 0 0 -0.000230
5900 0 0 -0.000215
5905 0 0 -0.000189
5910 0 0 -0.000172
5915 0 0 -0.000181
5920 0 0 -0.000205
5925 0 0 -0.000230
5930 0 0 -0.000242
5935 0 0 -0.000241
5940 0 0 -0.000232
5945 0 0 -0.000217
5950 0 0 -0.000196
5955 0 0 -0.000172
5960 0 0 -0.000145
5965 0 0 -0.000123
5970 0 0 -0.000114
5975 0 0 -0.000123
5980 0 0 -0.000145
5985 0 0 -0.000174
5990 0 0 -0.000203
5995 0 0 -0.000224
6000 0 0 -0.000230
6005 0 0 -0.000216
6010 0 0 -0.000192
6015 0 0 -0.000172
6020 0 0 -0.000165
6025 0 0 -0.000168
6030 0 0 -0.000174
6035 0 0 -0.000177
6040 0 0 -0.000176
6045 0 0 -0.000174
6050 0 0 -0.000173
6055 0 0 -0.000187
6060 0 0 -0.000230
6065 0 0 -0.000307
6070 0 0 -0.000380
6075 0 0 -0.000402
6080 0 0 -0.000344
6085 0 0 -0.000247
6090 0 0 -0.000172
6095 0 0 -0.000161
6100 0 0 -0.000193
6105 0 0 -0.000230
6110 0 0 -0.000242
6115 0 0 -0.000236
6120 0 0 -0.000230
6125 0 0 -0.000234
6130 0 0 -0.000239
6135 0 0 -0.000230
6140 0 0 -0.000199
6145 0 0 -0.000170
6150 0 0 -0.000172
6155 0 0 -0.000225
6160 0 0 -0.000312
6165 0 0 -0.000402
6170 0 0 -0.000472
6175 0 0 -0.000513
6180 0 0 -0.000518
6185 0 0 -0.000485
6190 0 0 -0.000424
6195 0 0 -0.000346
6200 0 0 -0.000267
6205 0 0 -0.000217
6210 0 0 -0.000230
6215 0 0 -0.000324
6220 0 0 -0.000444
6225 0 0 -0.000520
6230 0 0 -0.000500
6235 0 0 -0.000408
6240 0 0 -0.000288
6245 0 0 -0.000181
6250 0 0 -0.000115
6255 0 0 -0.000116
6260 0 0 -0.000194
6265 0 0 -0.000294
6270 0 0 -0.000346
6275 0 0 -0.000304
6280 0 0 -0.000221
6285 0 0 -0.000172
6290 0 0 -0.000210
6295 0 0 -0.000290
6300 0 0 -0.000346
6305 0 0 -0.000328
6310 0 0 -0.000257
6315 0 0 -0.000172
6320 0 0 -0.000109
6325 0 0 -0.000086
6330 0 0 -0.000116
6335 0 0 -0.000201
6340 0 0 -0.000297
6345 0 0 -0.000346
6350 0 0 -0.000312
6355 0 0 -0.000234
6360 0 0 -0.000174
6365 0 0 -0.000173
6370 0 0 -0.000206
6375 0 0 -0.000230
6380 0 0 -0.000215
6385 0 0 -0.000183
6390 0 0 -0.000172
6395 0 0 -0.000205
6400 0 0 -0.000257
6405 0 0 -0.000288
6410 0 0 -0.000273
6415 0 0 -0.000240
6420 0 0 -0.000230
6425 0 0 -0.000268
6430 0 0 -0.000323
6435 0 0 -0.000346
6440 0 0 -0.000308
6445 0 0 -0.000250
6450 0 0 -0.000230
6455 0 0 -0.000284
6460 0 0 -0.000365
6465 0 0 -0.000402
6470 0 0 -0.000348
6475 0 0 -0.000249
6480 0 0 -0.000172
6485 0 0 -0.000166
6490 0 0 -0.000202
6495 0 0 -0.000230
6500 0 0 -0.000217
6505 0 0 -0.000186
6510 0 0 -0.000174
6515 0 0 -0.000207
6520 0 0 -0.000258
6525 0 0 -0.000288
6530 0 0 -0.000268
6535 0 0 -0.000219
6540 0 0 -0.000172
6545 0 0 -0.000152
6550 0 0 -0.000156
6555 0 0 -0.000172
6560 0 0 -0.000193
6565 0 0 -0.000227
6570 0 0 -0.000288
6575 0 0 -0.000388
6580 0 0 -0.000538
6585 0 0 -0.000748
6590 0 0 -0.001011
6595 0 0 -0.001239
6600 0 0 -0.001326
6605 0 0 -0.001206
6610 0 0 -0.000971
6615 0 0 -0.000750
6620 0 0 -0.000641
6625 0 0 -0.000606
6630 0 0 -0.000576
6635 0 0 -0.000498
6640 0 0 -0.000390
6645 0 0 -0.000290
6650 0 0 -0.000226
6655 0 0 -0.000192
6660 0 0 -0.000174
6665 0 0 -0.000161
6670 0 0 -0.000158
6675 0 0 -0.000174
6680 0 0 -0.000213
6685 0 0 -0.000258
6690 0 0 -0.000288
6695 0 0 -0.000286
6700 0 0 -0.000262
6705 0 0 -0.000230
6710 0 0 -0.000204
6715 0 0 -0.000185
6720 0 0 -0.000174
6725 0 0 -0.000173
6730 0 0 -0.000189
6735 0 0 -0.000232
6740 0 0 -0.000304
6745 0 0 -0.000374
6750 0 0 -0.000404
6755 0 0 -0.000369
6760 0 0 -0.000297
6765 0 0 -0.000230
6770 0 0 -0.000200
6775 0 0 -0.000203
6780 0 0 -0.000230
6785 0 0 -0.000268
6790 0 0 -0.000310
6795 0 0 -0.000346
6800 0 0 -0.000371
6805 0 0 -0.000389
6810 0 0 -0.000404
6815 0 0 -0.000421
6820 0 0 -0.000441
6825 0 0 -0.000460
6830 0 0 -0.000479
6835 0 0 -0.000498
6840 0 0 -0.000518
6845 0 0 -0.000545
6850 0 0 -0.000596
6855 0 0 -0.000692
6860 0 0 -0.000837
6865 0 0 -0.000962
6870 0 0 -0.000978
6875 0 0 -0.000834
6880 0 0 -0.000620
6885 0 0 -0.000462
6890 0 0 -0.000450
6895 0 0 -0.000535
6900 0 0 -0.000632
6905 0 0 -0.000674
6910 0 0 -0.000667
6915 0 0 -0.000634
6920 0 0 -0.000598
6925 0 0 -0.000574
6930 0 0 -0.000576
6935 0 0 -0.000608
6940 0 0 -0.000639
6945 0 0 -0.000632
6950 0 0 -0.000565
6955 0 0 -0.000486
6960 0 0 -0.000460
6965 0 0 -0.000528
6970 0 0 -0.000633
6975 0 0 -0.000692
6980 0 0 -0.000648
6985 0 0 -0.000547
6990 0 0 -0.000460
6995 0 0 -0.000442
7000 0 0 -0.000474
7005 0 0 -0.000520
7010 0 0 -0.000552
7015 0 0 -0.000569
7020 0 0 -0.000576
7025 0 0 -0.000579
7030 0 0 -0.000579
7035 0 0 -0.000576
7040 0 0 -0.000568
7045 0 0 -0.000551
7050 0 0 -0.000518
7055 0 0 -0.000469
7060 0 0 -0.000423
7065 0 0 -0.000404
7070 0 0 -0.000430
7075 0 0 -0.000492
7080 0 0 -0.000576
7085 0 0 -0.000662
7090 0 0 -0.000714
7095 0 0 -0.000690
7100 0 0 -0.000569
7105 0 0 -0.000408
7110 0 0 -0.000288
7115 0 0 -0.000264
7120 0 0 -0.000302
7125 0 0 -0.000346
7130 0 0 -0.000355
7135 0 0 -0.000344
7140 0 0 -0.000346
7145 0 0 -0.000379
7150 0 0 -0.000412
7155 0 0 -0.000402
7160 0 0 -0.000325
7165 0 0 -0.000227
7170 0 0 -0.000174
7175 0 0 -0.000208
7180 0 0 -0.000287
7185 0 0 -0.000346
7190 0 0 -0.000340
7195 0 0 -0.000302
7200 0 0 -0.000288
7205 0 0 -0.000332
7210 0 0 -0.000391
7215 0 0 -0.000404
7220 0 0 -0.000330
7225 0 0 -0.000213
7230 0 0 -0.000116
7235 0 0 -0.000088
7240 0 0 -0.000115
7245 0 0 -0.000172
7250 0 0 -0.000232
7255 0 0 -0.000276
7260 0 0 -0.000288
7265 0 0 -0.000259
7270 0 0 -0.000212
7275 0 0 -0.000174
7280 0 0 -0.000166
7285 0 0 -0.000174
7290 0 0 -0.000172
7295 0 0 -0.000146
7300 0 0 -0.000116
7305 0 0 -0.000114
7310 0 0 -0.000159
7315 0 0 -0.000228
7320 0 0 -0.000288
7325 0 0 -0.000314
7330 0 0 -0.000309
7335 0 0 -0.000288
7340 0 0 -0.000261
7345 0 0 -0.000239
7350 0 0 -0.000230
7355 0 0 -0.000241
7360 0 0 -0.000264
7365 0 0 -0.000288
7370 0 0 -0.000303
7375 0 0 -0.000304
7380 0 0 -0.000288
7385 0 0 -0.000255
7390 0 0 -0.000213
7395 0 0 -0.000172
7400 0 0 -0.000141
7405 0 0 -0.000122
7410 0 0 -0.000114
7415 0 0 -0.000119
7420 0 0 -0.000138
7425 0 0 -0.000174
7430 0 0 -0.000226
7435 0 0 -0.000272
7440 0 0 -0.000288
7445 0 0 -0.000258
7450 0 0 -0.000208
7455 0 0 -0.000174
7460 0 0 -0.000182
7465 0 0 -0.000211
7470 0 0 -0.000230
7475 0 0 -0.000216
7480 0 0 -0.000188
7485 0 0 -0.000174
7490 0 0 -0.000192
7495 0 0 -0.000221
7500 0 0 -0.000230
7505 0 0 -0.000199
7510 0 0 -0.000150
7515 0 0 -0.000114
7520 0 0 -0.000116
7525 0 0 -0.000143
7530 0 0 -0.000174
7535 0 0 -0.000194
7540 0 0 -0.000209
7545 0 0 -0.000230
7550 0 0 -0.000262
7555 0 0 -0.000289
7560 0 0 -0.000288
7565 0 0 -0.000245
7570 0 0 -0.000178
7575 0 0 -0.000116
7580 0 0 -0.000081
7585 0 0 -0.000079
7590 0 0 -0.000114
7595 0 0 -0.000180
7600 0 0 -0.000250
7605 0 0 -0.000288
7610 0 0 -0.000271
7615 0 0 -0.000220
7620 0 0 -0.000172
7625 0 0 -0.000152
7630 0 0 -0.000156
7635 0 0 -0.000172
7640 0 0 -0.000189
7645 0 0 -0.000194
7650 0 0 -0.000174
7655 0 0 -0.000130
7660 0 0 -0.000124
7665 0 0 -0.000230
7670 0 0 -0.000483
7675 0 0 -0.000751
7680 0 0 -0.000864
7685 0 0 -0.000709
7690 0 0 -0.000416
7695 0 0 -0.000174
7700 0 0 -0.000122
7705 0 0 -0.000197
7710 0 0 -0.000288
7715 0 0 -0.000310
7720 0 0 -0.000291
7725 0 0 -0.000288
7730 0 0 -0.000338
7735 0 0 -0.000412
7740 0 0 -0.000462
7745 0 0 -0.000455
7750 0 0 -0.000421
7755 0 0 -0.000404
7760 0 0 -0.000436
7765 0 0 -0.000488
7770 0 0 -0.000518
7775 0 0 -0.000494
7780 0 0 -0.000429
7785 0 0 -0.000346
7790 0 0 -0.000266
7795 0 0 -0.000203
7800 0 0 -0.000172
7805 0 0 -0.000179
7810 0 0 -0.000207
7815 0 0 -0.000230
7820 0 0 -0.000231
7825 0 0 -0.000224
7830 0 0 -0.000230
7835 0 0 -0.000260
7840 0 0 -0.000291
7845 0 0 -0.000288
7850 0 0 -0.000232
7855 0 0 -0.000158
7860 0 0 -0.000114
7865 0 0 -0.000133
7870 0 0 -0.000187
7875 0 0 -0.000230
7880 0 0 -0.000230
7885 0 0 -0.000202
7890 0 0 -0.000174
7895 0 0 -0.000166
7900 0 0 -0.000170
7905 0 0 -0.000174
7910 0 0 -0.000168
7915 0 0 -0.000162
7920 0 0 -0.000172
7925 0 0 -0.000207
7930 0 0 -0.000252
7935 0 0 -0.000288
7940 0 0 -0.000302
7945 0 0 -0.000312
7950 0 0 -0.000346
7955 0 0 -0.000412
7960 0 0 -0.000455
7965 0 0 -0.000402
7970 0 0 -0.000228
7975 0 0 -0.000100
7980 0 0 -0.000232
7985 0 0 -0.000740
7990 0 0 -0.001345
7995 0 0 -0.001670
8000 0 0 -0.001464
8005 0 0 -0.000990
8010 0 0 -0.000634
8015 0 0 -0.000672
8020 0 0 -0.000924
8025 0 0 -0.001094
8030 0 0 -0.000970
8035 0 0 -0.000673
8040 0 0 -0.000404
8045 0 0 -0.000317
8050 0 0 -0.000368
8055 0 0 -0.000460
8060 0 0 -0.000517
8065 0 0 -0.000533
8070 0 0 -0.000520
8075 0 0 -0.000489
8080 0 0 -0.000447
8085 0 0 -0.000402
8090 0 0 -0.000361
8095 0 0 -0.000338
8100 0 0 -0.000346
8105 0 0 -0.000394
8110 0 0 -0.000460
8115 0 0 -0.000518
8120 0 0 -0.000546
8125 0 0 -0.000544
8130 0 0 -0.000518
8135 0 0 -0.000479
8140 0 0 -0.000451
8145 0 0 -0.000462
8150 0 0 -0.000524
8155 0 0 -0.000585
8160 0 0 -0.000576
8165 0 0 -0.000457
8170 0 0 -0.000307
8175 0 0 -0.000232
8180 0 0 -0.000305
8185 0 0 -0.000454
8190 0 0 -0.000576
8195 0 0 -0.000589
8200 0 0 -0.000516
8205 0 0 -0.000404
8210 0 0 -0.000304
8215 0 0 -0.000281
8220 0 0 -0.000402
8225 0 0 -0.000692
8230 0 0 -0.001004
8235 0 0 -0.001152
8240 0 0 -0.001009
8245 0 0 -0.000697
8250 0 0 -0.000404
8255 0 0 -0.000270
8260 0 0 -0.000258
8265 0 0 -0.000288
8270 0 0 -0.000297
8275 0 0 -0.000289
8280 0 0 -0.000288
8285 0 0 -0.000308
8290 0 0 -0.000335
8295 0 0 -0.000346
8300 0 0 -0.000327
8305 0 0 -0.000297
8310 0 0 -0.000288
8315 0 0 -0.000315
8320 0 0 -0.000349
8325 0 0 -0.000346
8330 0 0 -0.000282
8335 0 0 -0.000202
8340 0 0 -0.000172
8345 0 0 -0.000232
8350 0 0 -0.000334
8355 0 0 -0.000404
8360 0 0 -0.000392
8365 0 0 -0.000334
8370 0 0 -0.000288
8375 0 0 -0.000294
8380 0 0 -0.000327
8385 0 0 -0.000346
8390 0 0 -0.000323
8395 0 0 -0.000289
8400 0 0 -0.000288
8405 0 0 -0.000347
8410 0 0 -0.000425
8415 0 0 -0.000462
8420 0 0 -0.000419
8425 0 0 -0.000340
8430 0 0 -0.000288
8435 0 0 -0.000308
8440 0 0 -0.000364
8445 0 0 -0.000404
8450 0 0 -0.000390
8455 0 0 -0.000353
8460 0 0 -0.000344
8465 0 0 -0.000394
8470 0 0 -0.000470
8475 0 0 -0.000520
8480 0 0 -0.000509
8485 0 0 -0.000457
8490 0 0 -0.000402
8495 0 0 -0.000370
8500 0 0 -0.000356
8505 0 0 -0.000346
8510 0 0 -0.000330
8515 0 0 -0.000324
8520 0 0 -0.000346
8525 0 0 -0.000407
8530 0 0 -0.000477
8535 0 0 -0.000518
8540 0 0 -0.000502
8545 0 0 -0.000452
8550 0 0 -0.000402
8555 0 0 -0.000379
8560 0 0 -0.000383
8565 0 0 -0.000402
8570 0 0 -0.000428
8575 0 0 -0.000451
8580 0 0 -0.000460
8585 0 0 -0.000448
8590 0 0 -0.000424
8595 0 0 -0.000402
8600 0 0 -0.000393
8605 0 0 -0.000395
8610 0 0 -0.000404
8615 0 0 -0.000414
8620 0 0 -0.000416
8625 0 0 -0.000404
8630 0 0 -0.000374
8635 0 0 -0.000346
8640 0 0 -0.000346
8645 0 0 -0.000389
8650 0 0 -0.000442
8655 0 0 -0.000462
8660 0 0 -0.000421
8665 0 0 -0.000348
8670 0 0 -0.000288
8675 0 0 -0.000275
8680 0 0 -0.000301
8685 0 0 -0.000346
8690 0 0 -0.000394
8695 0 0 -0.000434
8700 0 0 -0.000460
8705 0 0 -0.000467
8710 0 0 -0.000463
8715 0 0 -0.000460
8720 0 0 -0.000465
8725 0 0 -0.000470
8730 0 0 -0.000462
8735 0 0 -0.000435
8740 0 0 -0.000408
8745 0 0 -0.000404
8750 0 0 -0.000439
8755 0 0 -0.000489
8760 0 0 -0.000518
8765 0 0 -0.000502
8770 0 0 -0.000456
8775 0 0 -0.000402
8780 0 0 -0.000360
8785 0 0 -0.000325
8790 0 0 -0.000288
8795 0 0 -0.000246
8800 0 0 -0.000218
8805 0 0 -0.000232
8810 0 0 -0.000300
8815 0 0 -0.000376
8820 0 0 -0.000404
8825 0 0 -0.000345
8830 0 0 -0.000245
8835 0 0 -0.000172
8840 0 0 -0.000173
8845 0 0 -0.000212
8850 0 0 -0.000230
8855 0 0 -0.000190
8860 0 0 -0.000131
8865 0 0 -0.000114
8870 0 0 -0.000176
8875 0 0 -0.000275
8880 0 0 -0.000346
8885 0 0 -0.000343
8890 0 0 -0.000291
8895 0 0 -0.000232
8900 0 0 -0.000198
8905 0 0 -0.000184
8910 0 0 -0.000172
8915 0 0 -0.000154
8920 0 0 -0.000146
8925 0 0 -0.000174
8930 0 0 -0.000247
8935 0 0 -0.000323
8940 0 0 -0.000346
8945 0 0 -0.000281
8950 0 0 -0.000180
8955 0 0 -0.000114
8960 0 0 -0.000132
8965 0 0 -0.000193
8970 0 0 -0.000230
8975 0 0 -0.000200
8980 0 0 -0.000141
8985 0 0 -0.000114
8990 0 0 -0.000158
8995 0 0 -0.000235
9000 0 0 -0.000288
9005 0 0 -0.000277
9010 0 0 -0.000224
9015 0 0 -0.000172
9020 0 0 -0.000151
9025 0 0 -0.000155
9030 0 0 -0.000172
9035 0 0 -0.000192
9040 0 0 -0.000225
9045 0 0 -0.000288
9050 0 0 -0.000386
9055 0 0 -0.000479
9060 0 0 -0.000518
9065 0 0 -0.000471
9070 0 0 -0.000376
9075 0 0 -0.000288
9080 0 0 -0.000248
9085 0 0 -0.000240
9090 0 0 -0.000230
9095 0 0 -0.000199
9100 0 0 -0.000168
9105 0 0 -0.000172
9110 0 0 -0.000230
9115 0 0 -0.000305
9120 0 0 -0.000346
9125 0 0 -0.000317
9130 0 0 -0.000246
9135 0 0 -0.000172
9140 0 0 -0.000130
9145 0 0 -0.000115
9150 0 0 -0.000116
9155 0 0 -0.000124
9160 0 0 -0.000141
9165 0 0 -0.000174
9170 0 0 -0.000224
9175 0 0 -0.000270
9180 0 0 -0.000288
9185 0 0 -0.000262
9190 0 0 -0.000213
9195 0 0 -0.000172
9200 0 0 -0.000160
9205 0 0 -0.000166
9210 0 0 -0.000172
9215 0 0 -0.000164
9220 0 0 -0.000157
9225 0 0 -0.000172
9230 0 0 -0.000220
9235 0 0 -0.000272
9240 0 0 -0.000288
9245 0 0 -0.000243
9250 0 0 -0.000169
9255 0 0 -0.000114
9260 0 0 -0.000113
9265 0 0 -0.000158
9270 0 0 -0.000230
9275 0 0 -0.000309
9280 0 0 -0.000375
9285 0 0 -0.000404
9290 0 0 -0.000384
9295 0 0 -0.000335
9300 0 0 -0.000288
9305 0 0 -0.000266
9310 0 0 -0.000268
9315 0 0 -0.000288
9320 0 0 -0.000317
9325 0 0 -0.000342
9330 0 0 -0.000346
9335 0 0 -0.000321
9340 0 0 -0.000291
9345 0 0 -0.000288
9350 0 0 -0.000330
9355 0 0 -0.000384
9360 0 0 -0.000404
9365 0 0 -0.000360
9370 0 0 -0.000286
9375 0 0 -0.000230
9380 0 0 -0.000227
9385 0 0 -0.000258
9390 0 0 -0.000288
9395 0 0 -0.000292
9400 0 0 -0.000285
9405 0 0 -0.000288
9410 0 0 -0.000316
9415 0 0 -0.000346
9420 0 0 -0.000346
9425 0 0 -0.000297
9430 0 0 -0.000225
9435 0 0 -0.000172
9440 0 0 -0.000166
9445 0 0 -0.000193
9450 0 0 -0.000230
9455 0 0 -0.000257
9460 0 0 -0.000274
9465 0 0 -0.000288
9470 0 0 -0.000301
9475 0 0 -0.000305
9480 0 0 -0.000288
9485 0 0 -0.000244
9490 0 0 -0.000196
9495 0 0 -0.000172
9500 0 0 -0.000193
9505 0 0 -0.000240
9510 0 0 -0.000288
9515 0 0 -0.000314
9520 0 0 -0.000314
9525 0 0 -0.000288
9530 0 0 -0.000240
9535 0 0 -0.000192
9540 0 0 -0.000172
9545 0 0 -0.000197
9550 0 0 -0.000246
9555 0 0 -0.000288
9560 0 0 -0.000300
9565 0 0 -0.000294
9570 0 0 -0.000288
9575 0 0 -0.000295
9580 0 0 -0.000302
9585 0 0 -0.000288
9590 0 0 -0.000243
9595 0 0 -0.000193
9600 0 0 -0.000172
9605 0 0 -0.000202
9610 0 0 -0.000255
9615 0 0 -0.000288
9620 0 0 -0.000274
9625 0 0 -0.000240
9630 0 0 -0.000230
9635 0 0 -0.000269
9640 0 0 -0.000325
9645 0 0 -0.000346
9650 0 0 -0.000301
9655 0 0 -0.000226
9660 0 0 -0.000172
9665 0 0 -0.000178
9670 0 0 -0.000228
9675 0 0 -0.000288
9680 0 0 -0.000335
9685 0 0 -0.000370
9690 0 0 -0.000402
9695 0 0 -0.000436
9700 0 0 -0.000461
9705 0 0 -0.000462
9710 0 0 -0.000430
9715 0 0 -0.000383
9720 0 0 -0.000346
9725 0 0 -0.000337
9730 0 0 -0.000344
9735 0 0 -0.000346
9740 0 0 -0.000330
9745 0 0 -0.000305
9750 0 0 -0.000286
9755 0 0 -0.000287
9760 0 0 -0.000307
9765 0 0 -0.000344
9770 0 0 -0.000393
9775 0 0 -0.000439
9780 0 0 -0.000462
9785 0 0 -0.000452
9790 0 0 -0.000425
9795 0 0 -0.000404
9800 0 0 -0.000405
9805 0 0 -0.000412
9810 0 0 -0.000404
9815 0 0 -0.000366
9820 0 0 -0.000318
9825 0 0 -0.000288
9830 0 0 -0.000294
9835 0 0 -0.000322
9840 0 0 -0.000346
9845 0 0 -0.000350
9850 0 0 -0.000344
9855 0 0 -0.000346
9860 0 0 -0.000367
9865 0 0 -0.000394
9870 0 0 -0.000404
9875 0 0 -0.000385
9880 0 0 -0.000357
9885 0 0 -0.000346
9890 0 0 -0.000372
9895 0 0 -0.000418
9900 0 0 -0.000460
9905 0 0 -0.000480
9910 0 0 -0.000493
9915 0 0 -0.000518
9920 0 0 -0.000568
9925 0 0 -0.000618
9930 0 0 -0.000634
9935 0 0 -0.000594
9940 0 0 -0.000523
9945 0 0 -0.000462
9950 0 0 -0.000439
9955 0 0 -0.000444
9960 0 0 -0.000460
9965 0 0 -0.000472
9970 0 0 -0.000487
9975 0 0 -0.000518
9980 0 0 -0.000569
9985 0 0 -0.000618
9990 0 0 -0.000634
9995 0 0 -0.000599
10000 0 0 -0.000545
10005 0 0 -0.000518
10010 0 0 -0.000546
10015 0 0 -0.000600
10020 0 0 -0.000634
10025 0 0 -0.000616
10030 0 0 -0.000566
10035 0 0 -0.000520
10040 0 0 -0.000500
10045 0 0 -0.000490
10050 0 0 -0.000462
10055 0 0 -0.000397
10060 0 0 -0.000311
10065 0 0 -0.000232
10070 0 0 -0.000184
10075 0 0 -0.000194
