0 0 0 -0.000690
5 0 0 -0.001100
10 0 0 -0.001401
15 0 0 -0.001600
20 0 0 -0.001701
25 0 0 -0.001709
30 0 0 -0.001630
35 0 0 -0.001476
40 0 0 -0.001290
45 0 0 -0.001120
50 0 0 -0.001003
55 0 0 -0.000928
60 0 0 -0.000870
65 0 0 -0.000812
70 0 0 -0.000760
75 0 0 -0.000730
80 0 0 -0.000729
85 0 0 -0.000746
90 0 0 -0.000760
95 0 0 -0.000759
100 0 0 -0.000746
105 0 0 -0.000730
110 0 0 -0.000717
115 0 0 -0.000707
120 0 0 -0.000700
125 0 0 -0.000692
130 0 0 -0.000676
135 0 0 -0.000640
140 0 0 -0.000579
145 0 0 -0.000504
150 0 0 -0.000430
155 0 0 -0.000371
160 0 0 -0.000328
165 0 0 -0.000300
170 0 0 -0.000283
175 0 0 -0.000268
180 0 0 -0.000240
185 0 0 -0.000194
190 0 0 -0.000146
195 0 0 -0.000120
200 0 0 -0.000131
205 0 0 -0.000164
210 0 0 -0.000200
215 0 0 -0.000220
220 0 0 -0.000223
225 0 0 -0.000210
230 0 0 -0.000185
235 0 0 -0.000158
240 0 0 -0.000140
245 0 0 -0.000138
250 0 0 -0.000150
255 0 0 -0.000170
260 0 0 -0.000191
265 0 0 -0.000207
270 0 0 -0.000210
275 0 0 -0.000196
280 0 0 -0.000170
285 0 0 -0.000140
290 0 0 -0.000114
295 0 0 -0.000111
300 0 0 -0.000150
305 0 0 -0.000241
310 0 0 -0.000352
315 0 0 -0.000440
320 0 0 -0.000475
325 0 0 -0.000470
330 0 0 -0.000450
335 0 0 -0.000433
340 0 0 -0.000416
345 0 0 -0.000390
350 0 0 -0.000350
355 0 0 -0.000303
360 0 0 -0.000260
365 0 0 -0.000230
370 0 0 -0.000208
375 0 0 -0.000190
380 0 0 -0.000171
385 0 0 -0.000158
390 0 0 -0.000160
395 0 0 -0.000182
400 0 0 -0.000211
405 0 0 -0.000230
410 0 0 -0.000227
415 0 0 -0.000206
420 0 0 -0.000180
425 0 0 -0.000158
430 0 0 -0.000151
435 0 0 -0.000170
440 0 0 -0.000220
445 0 0 -0.000279
450 0 0 -0.000320
455 0 0 -0.000324
460 0 0 -0.000304
465 0 0 -0.000280
470 0 0 -0.000268
475 0 0 -0.000269
480 0 0 -0.000280
485 0 0 -0.000297
490 0 0 -0.000315
495 0 0 -0.000330
500 0 0 -0.000336
505 0 0 -0.000333
510 0 0 -0.000320
515 0 0 -0.000299
520 0 0 -0.000278
525 0 0 -0.000270
530 0 0 -0.000281
535 0 0 -0.000302
540 0 0 -0.000320
545 0 0 -0.000326
550 0 0 -0.000324
555 0 0 -0.000320
560 0 0 -0.000320
565 0 0 -0.000322
570 0 0 -0.000320
575 0 0 -0.000313
580 0 0 -0.000310
585 0 0 -0.000320
590 0 0 -0.000349
595 0 0 -0.000383
600 0 0 -0.000400
605 0 0 -0.000388
610 0 0 -0.000361
615 0 0 -0.000340
620 0 0 -0.000340
625 0 0 -0.000351
630 0 0 -0.000360
635 0 0 -0.000355
640 0 0 -0.000339
645 0 0 -0.000320
650 0 0 -0.000303
655 0 0 -0.000289
660 0 0 -0.000280
665 0 0 -0.000275
670 0 0 -0.000272
675 0 0 -0.000270
680 0 0 -0.000266
685 0 0 -0.000255
690 0 0 -0.000230
695 0 0 -0.000192
700 0 0 -0.000165
705 0 0 -0.000180
710 0 0 -0.000253
715 0 0 -0.000345
720 0 0 -0.000400
725 0 0 -0.000383
730 0 0 -0.000326
735 0 0 -0.000280
740 0 0 -0.000280
745 0 0 -0.000301
750 0 0 -0.000300
755 0 0 -0.000250
760 0 0 -0.000179
765 0 0 -0.000130
770 0 0 -0.000133
775 0 0 -0.000175
780 0 0 -0.000230
785 0 0 -0.000277
790 0 0 -0.000303
795 0 0 -0.000300
800 0 0 -0.000264
805 0 0 -0.000215
810 0 0 -0.000180
815 0 0 -0.000178
820 0 0 -0.000200
825 0 0 -0.000230
830 0 0 -0.000253
835 0 0 -0.000259
840 0 0 -0.000240
845 0 0 -0.000196
850 0 0 -0.000165
855 0 0 -0.000190
860 0 0 -0.000298
865 0 0 -0.000430
870 0 0 -0.000510
875 0 0 -0.000484
880 0 0 -0.000398
885 0 0 -0.000320
890 0 0 -0.000302
895 0 0 -0.000325
900 0 0 -0.000350
905 0 0 -0.000350
910 0 0 -0.000339
915 0 0 -0.000340
920 0 0 -0.000368
925 0 0 -0.000407
930 0 0 -0.000430
935 0 0 -0.000420
940 0 0 -0.000393
945 0 0 -0.000370
950 0 0 -0.000368
955 0 0 -0.000380
960 0 0 -0.000390
965 0 0 -0.000387
970 0 0 -0.000367
975 0 0 -0.000330
980 0 0 -0.000283
985 0 0 -0.000272
990 0 0 -0.000350
995 0 0 -0.000544
1000 0 0 -0.000763
1005 0 0 -0.000890
1010 0 0 -0.000848
1015 0 0 -0.000730
1020 0 0 -0.000670
1025 0 0 -0.000759
1030 0 0 -0.000907
1035 0 0 -0.000980
1040 0 0 -0.000885
1045 0 0 -0.000697
1050 0 0 -0.000530
1055 0 0 -0.000472
1060 0 0 -0.000489
1065 0 0 -0.000520
1070 0 0 -0.000518
1075 0 0 -0.000498
1080 0 0 -0.000490
1085 0 0 -0.000514
1090 0 0 -0.000550
1095 0 0 -0.000570
1100 0 0 -0.000554
1105 0 0 -0.000522
1110 0 0 -0.000500
1115 0 0 -0.000510
1120 0 0 -0.000539
1125 0 0 -0.000570
1130 0 0 -0.000586
1135 0 0 -0.000588
1140 0 0 -0.000580
1145 0 0 -0.000566
1150 0 0 -0.000548
1155 0 0 -0.000530
1160 0 0 -0.000515
1165 0 0 -0.000504
1170 0 0 -0.000500
1175 0 0 -0.000504
1180 0 0 -0.000509
1185 0 0 -0.000510
1190 0 0 -0.000502
1195 0 0 -0.000492
1200 0 0 -0.000490
1205 0 0 -0.000502
1210 0 0 -0.000519
1215 0 0 -0.000530
1220 0 0 -0.000525
1225 0 0 -0.000512
1230 0 0 -0.000500
1235 0 0 -0.000498
1240 0 0 -0.000503
1245 0 0 -0.000510
1250 0 0 -0.000516
1255 0 0 -0.000519
1260 0 0 -0.000520
1265 0 0 -0.000519
1270 0 0 -0.000516
1275 0 0 -0.000510
1280 0 0 -0.000502
1285 0 0 -0.000502
1290 0 0 -0.000520
1295 0 0 -0.000562
1300 0 0 -0.000605
1305 0 0 -0.000620
1310 0 0 -0.000588
1315 0 0 -0.000533
1320 0 0 -0.000490
1325 0 0 -0.000483
1330 0 0 -0.000497
1335 0 0 -0.000510
1340 0 0 -0.000503
1345 0 0 -0.000479
1350 0 0 -0.000450
1355 0 0 -0.000426
1360 0 0 -0.000421
1365 0 0 -0.000450
1370 0 0 -0.000519
1375 0 0 -0.000594
1380 0 0 -0.000630
1385 0 0 -0.000598
1390 0 0 -0.000527
1395 0 0 -0.000460
1400 0 0 -0.000429
1405 0 0 -0.000425
1410 0 0 -0.000430
1415 0 0 -0.000430
1420 0 0 -0.000432
1425 0 0 -0.000450
1430 0 0 -0.000492
1435 0 0 -0.000542
1440 0 0 -0.000580
1445 0 0 -0.000590
1450 0 0 -0.000582
1455 0 0 -0.000570
1460 0 0 -0.000565
1465 0 0 -0.000565
1470 0 0 -0.000560
1475 0 0 -0.000547
1480 0 0 -0.000533
1485 0 0 -0.000530
1490 0 0 -0.000542
1495 0 0 -0.000550
1500 0 0 -0.000530
1505 0 0 -0.000471
1510 0 0 -0.000411
1515 0 0 -0.000400
1520 0 0 -0.000469
1525 0 0 -0.000567
1530 0 0 -0.000620
1535 0 0 -0.000579
1540 0 0 -0.000481
1545 0 0 -0.000390
1550 0 0 -0.000350
1555 0 0 -0.000341
1560 0 0 -0.000330
1565 0 0 -0.000291
1570 0 0 -0.000237
1575 0 0 -0.000190
1580 0 0 -0.000168
1585 0 0 -0.000168
1590 0 0 -0.000180
1595 0 0 -0.000197
1600 0 0 -0.000215
1605 0 0 -0.000230
1610 0 0 -0.000238
1615 0 0 -0.000235
1620 0 0 -0.000220
1625 0 0 -0.000192
1630 0 0 -0.000163
1635 0 0 -0.000150
1640 0 0 -0.000161
1645 0 0 -0.000182
1650 0 0 -0.000190
1655 0 0 -0.000171
1660 0 0 -0.000135
1665 0 0 -0.000100
1670 0 0 -0.000080
1675 0 0 -0.000077
1680 0 0 -0.000090
1685 0 0 -0.000116
1690 0 0 -0.000144
1695 0 0 -0.000160
1700 0 0 -0.000155
1705 0 0 -0.000130
1710 0 0 -0.000090
1715 0 0 -0.000048
1720 0 0 -0.000042
1725 0 0 -0.000120
1730 0 0 -0.000303
1735 0 0 -0.000517
1740 0 0 -0.000660
1745 0 0 -0.000661
1750 0 0 -0.000562
1755 0 0 -0.000430
1760 0 0 -0.000324
1765 0 0 -0.000257
1770 0 0 -0.000230
1775 0 0 -0.000239
1780 0 0 -0.000262
1785 0 0 -0.000270
1790 0 0 -0.000244
1795 0 0 -0.000200
1800 0 0 -0.000160
1805 0 0 -0.000143
1810 0 0 -0.000149
1815 0 0 -0.000170
1820 0 0 -0.000200
1825 0 0 -0.000224
1830 0 0 -0.000230
1835 0 0 -0.000209
1840 0 0 -0.000177
1845 0 0 -0.000160
1850 0 0 -0.000175
1855 0 0 -0.000215
1860 0 0 -0.000270
1865 0 0 -0.000327
1870 0 0 -0.000375
1875 0 0 -0.000400
1880 0 0 -0.000395
1885 0 0 -0.000371
1890 0 0 -0.000340
1895 0 0 -0.000316
1900 0 0 -0.000302
1905 0 0 -0.000300
1910 0 0 -0.000310
1915 0 0 -0.000324
1920 0 0 -0.000330
1925 0 0 -0.000322
1930 0 0 -0.000306
1935 0 0 -0.000290
1940 0 0 -0.000282
1945 0 0 -0.000281
1950 0 0 -0.000280
1955 0 0 -0.000277
1960 0 0 -0.000273
1965 0 0 -0.000270
1970 0 0 -0.000269
1975 0 0 -0.000270
1980 0 0 -0.000270
1985 0 0 -0.000268
1990 0 0 -0.000264
1995 0 0 -0.000260
2000 0 0 -0.000256
2005 0 0 -0.000253
2010 0 0 -0.000250
2015 0 0 -0.000246
2020 0 0 -0.000243
2025 0 0 -0.000240
2030 0 0 -0.000240
2035 0 0 -0.000248
2040 0 0 -0.000270
2045 0 0 -0.000309
2050 0 0 -0.000346
2055 0 0 -0.000360
2060 0 0 -0.000336
2065 0 0 -0.000293
2070 0 0 -0.000260
2075 0 0 -0.000257
2080 0 0 -0.000276
2085 0 0 -0.000300
2090 0 0 -0.000316
2095 0 0 -0.000322
2100 0 0 -0.000320
2105 0 0 -0.000312
2110 0 0 -0.000303
2115 0 0 -0.000300
2120 0 0 -0.000306
2125 0 0 -0.000311
2130 0 0 -0.000300
2135 0 0 -0.000266
2140 0 0 -0.000226
2145 0 0 -0.000200
2150 0 0 -0.000205
2155 0 0 -0.000228
2160 0 0 -0.000250
2165 0 0 -0.000255
2170 0 0 -0.000238
2175 0 0 -0.000200
2180 0 0 -0.000143
2185 0 0 -0.000086
2190 0 0 -0.000050
2195 0 0 -0.000051
2200 0 0 -0.000077
2205 0 0 -0.000110
2210 0 0 -0.000134
2215 0 0 -0.000143
2220 0 0 -0.000130
2225 0 0 -0.000096
2230 0 0 -0.000058
2235 0 0 -0.000040
2240 0 0 -0.000057
2245 0 0 -0.000092
2250 0 0 -0.000120
2255 0 0 -0.000123
2260 0 0 -0.000111
2265 0 0 -0.000100
2270 0 0 -0.000100
2275 0 0 -0.000091
2280 0 0 -0.000050
2285 0 0 0.000024
2290 0 0 0.000030
2295 0 0 -0.000160
2300 0 0 -0.000612
2305 0 0 -0.001148
2310 0 0 -0.001530
2315 0 0 -0.001583
2320 0 0 -0.001388
2325 0 0 -0.001090
2330 0 0 -0.000811
2335 0 0 -0.000585
2340 0 0 -0.000420
2345 0 0 -0.000321
2350 0 0 -0.000264
2355 0 0 -0.000220
2360 0 0 -0.000169
2365 0 0 -0.000127
2370 0 0 -0.000120
2375 0 0 -0.000164
2380 0 0 -0.000243
2385 0 0 -0.000330
2390 0 0 -0.000402
2395 0 0 -0.000445
2400 0 0 -0.000450
2405 0 0 -0.000412
2410 0 0 -0.000355
2415 0 0 -0.000310
2420 0 0 -0.000306
2425 0 0 -0.000373
2430 0 0 -0.000540
2435 0 0 -0.000821
2440 0 0 -0.001168
2445 0 0 -0.001520
2450 0 0 -0.001813
2455 0 0 -0.001974
2460 0 0 -0.001930
2465 0 0 -0.001654
2470 0 0 -0.001315
2475 0 0 -0.001130
2480 0 0 -0.001238
2485 0 0 -0.001470
2490 0 0 -0.001580
2495 0 0 -0.001395
2500 0 0 -0.001037
2505 0 0 -0.000700
2510 0 0 -0.000533
2515 0 0 -0.000500
2520 0 0 -0.000520
2525 0 0 -0.000528
2530 0 0 -0.000524
2535 0 0 -0.000520
2540 0 0 -0.000529
2545 0 0 -0.000551
2550 0 0 -0.000580
2555 0 0 -0.000613
2560 0 0 -0.000640
2565 0 0 -0.000650
2570 0 0 -0.000640
2575 0 0 -0.000631
2580 0 0 -0.000650
2585 0 0 -0.000711
2590 0 0 -0.000772
2595 0 0 -0.000780
2600 0 0 -0.000699
2605 0 0 -0.000574
2610 0 0 -0.000470
2615 0 0 -0.000433
2620 0 0 -0.000443
2625 0 0 -0.000460
2630 0 0 -0.000454
2635 0 0 -0.000427
2640 0 0 -0.000390
2645 0 0 -0.000353
2650 0 0 -0.000327
2655 0 0 -0.000320
2660 0 0 -0.000340
2665 0 0 -0.000379
2670 0 0 -0.000430
2675 0 0 -0.000480
2680 0 0 -0.000511
2685 0 0 -0.000500
2690 0 0 -0.000438
2695 0 0 -0.000367
2700 0 0 -0.000340
2705 0 0 -0.000391
2710 0 0 -0.000473
2715 0 0 -0.000520
2720 0 0 -0.000486
2725 0 0 -0.000406
2730 0 0 -0.000340
2735 0 0 -0.000328
2740 0 0 -0.000350
2745 0 0 -0.000370
2750 0 0 -0.000360
2755 0 0 -0.000328
2760 0 0 -0.000290
2765 0 0 -0.000261
2770 0 0 -0.000248
2775 0 0 -0.000260
2780 0 0 -0.000297
2785 0 0 -0.000344
2790 0 0 -0.000380
2795 0 0 -0.000388
2800 0 0 -0.000372
2805 0 0 -0.000340
2810 0 0 -0.000302
2815 0 0 -0.000271
2820 0 0 -0.000260
2825 0 0 -0.000278
2830 0 0 -0.000311
2835 0 0 -0.000340
2840 0 0 -0.000351
2845 0 0 -0.000351
2850 0 0 -0.000350
2855 0 0 -0.000358
2860 0 0 -0.000373
2865 0 0 -0.000390
2870 0 0 -0.000406
2875 0 0 -0.000422
2880 0 0 -0.000440
2885 0 0 -0.000460
2890 0 0 -0.000478
2895 0 0 -0.000490
2900 0 0 -0.000493
2905 0 0 -0.000496
2910 0 0 -0.000510
2915 0 0 -0.000540
2920 0 0 -0.000573
2925 0 0 -0.000590
2930 0 0 -0.000579
2935 0 0 -0.000550
2940 0 0 -0.000520
2945 0 0 -0.000502
2950 0 0 -0.000494
2955 0 0 -0.000490
2960 0 0 -0.000485
2965 0 0 -0.000481
2970 0 0 -0.000480
2975 0 0 -0.000483
2980 0 0 -0.000485
2985 0 0 -0.000480
2990 0 0 -0.000465
2995 0 0 -0.000440
3000 0 0 -0.000410
3005 0 0 -0.000377
3010 0 0 -0.000343
3015 0 0 -0.000310
3020 0 0 -0.000280
3025 0 0 -0.000259
3030 0 0 -0.000250
3035 0 0 -0.000256
3040 0 0 -0.000265
3045 0 0 -0.000260
3050 0 0 -0.000231
3055 0 0 -0.000189
3060 0 0 -0.000150
3065 0 0 -0.000128
3070 0 0 -0.000122
3075 0 0 -0.000130
3080 0 0 -0.000145
3085 0 0 -0.000157
3090 0 0 -0.000150
3095 0 0 -0.000118
3100 0 0 -0.000080
3105 0 0 -0.000060
3110 0 0 -0.000075
3115 0 0 -0.000109
3120 0 0 -0.000140
3125 0 0 -0.000150
3130 0 0 -0.000141
3135 0 0 -0.000120
3140 0 0 -0.000095
3145 0 0 -0.000078
3150 0 0 -0.000080
3155 0 0 -0.000108
3160 0 0 -0.000143
3165 0 0 -0.000160
3170 0 0 -0.000143
3175 0 0 -0.000109
3180 0 0 -0.000080
3185 0 0 -0.000075
3190 0 0 -0.000089
3195 0 0 -0.000110
3200 0 0 -0.000129
3205 0 0 -0.000137
3210 0 0 -0.000130
3215 0 0 -0.000105
3220 0 0 -0.000078
3225 0 0 -0.000070
3230 0 0 -0.000093
3235 0 0 -0.000129
3240 0 0 -0.000150
3245 0 0 -0.000138
3250 0 0 -0.000106
3255 0 0 -0.000080
3260 0 0 -0.000076
3265 0 0 -0.000089
3270 0 0 -0.000110
3275 0 0 -0.000129
3280 0 0 -0.000138
3285 0 0 -0.000130
3290 0 0 -0.000106
3295 0 0 -0.000091
3300 0 0 -0.000120
3305 0 0 -0.000210
3310 0 0 -0.000319
3315 0 0 -0.000390
3320 0 0 -0.000384
3325 0 0 -0.000338
3330 0 0 -0.000310
3335 0 0 -0.000339
3340 0 0 -0.000403
3345 0 0 -0.000460
3350 0 0 -0.000480
3355 0 0 -0.000469
3360 0 0 -0.000440
3365 0 0 -0.000408
3370 0 0 -0.000381
3375 0 0 -0.000370
3380 0 0 -0.000378
3385 0 0 -0.000393
3390 0 0 -0.000400
3395 0 0 -0.000388
3400 0 0 -0.000369
3405 0 0 -0.000360
3410 0 0 -0.000373
3415 0 0 -0.000398
3420 0 0 -0.000420
3425 0 0 -0.000427
3430 0 0 -0.000423
3435 0 0 -0.000420
3440 0 0 -0.000423
3445 0 0 -0.000429
3450 0 0 -0.000430
3455 0 0 -0.000421
3460 0 0 -0.000404
3465 0 0 -0.000380
3470 0 0 -0.000355
3475 0 0 -0.000337
3480 0 0 -0.000340
3485 0 0 -0.000368
3490 0 0 -0.000403
3495 0 0 -0.000420
3500 0 0 -0.000403
3505 0 0 -0.000369
3510 0 0 -0.000340
3515 0 0 -0.000334
3520 0 0 -0.000345
3525 0 0 -0.000360
3530 0 0 -0.000366
3535 0 0 -0.000358
3540 0 0 -0.000330
3545 0 0 -0.000282
3550 0 0 -0.000236
3555 0 0 -0.000220
3560 0 0 -0.000249
3565 0 0 -0.000285
3570 0 0 -0.000280
3575 0 0 -0.000207
3580 0 0 -0.000138
3585 0 0 -0.000170
3590 0 0 -0.000357
3595 0 0 -0.000585
3600 0 0 -0.000700
3605 0 0 -0.000597
3610 0 0 -0.000379
3615 0 0 -0.000200
3620 0 0 -0.000173
3625 0 0 -0.000245
3630 0 0 -0.000320
3635 0 0 -0.000326
3640 0 0 -0.000284
3645 0 0 -0.000240
3650 0 0 -0.000227
3655 0 0 -0.000235
3660 0 0 -0.000240
3665 0 0 -0.000227
3670 0 0 -0.000205
3675 0 0 -0.000190
3680 0 0 -0.000192
3685 0 0 -0.000200
3690 0 0 -0.000200
3695 0 0 -0.000181
3700 0 0 -0.000160
3705 0 0 -0.000160
3710 0 0 -0.000193
3715 0 0 -0.000232
3720 0 0 -0.000240
3725 0 0 -0.000198
3730 0 0 -0.000159
3735 0 0 -0.000190
3740 0 0 -0.000332
3745 0 0 -0.000506
3750 0 0 -0.000600
3755 0 0 -0.000540
3760 0 0 -0.000388
3765 0 0 -0.000240
3770 0 0 -0.000172
3775 0 0 -0.000181
3780 0 0 -0.000240
3785 0 0 -0.000325
3790 0 0 -0.000405
3795 0 0 -0.000450
3800 0 0 -0.000439
3805 0 0 -0.000397
3810 0 0 -0.000360
3815 0 0 -0.000355
3820 0 0 -0.000381
3825 0 0 -0.000430
3830 0 0 -0.000491
3835 0 0 -0.000547
3840 0 0 -0.000580
3845 0 0 -0.000581
3850 0 0 -0.000573
3855 0 0 -0.000590
3860 0 0 -0.000660
3865 0 0 -0.000797
3870 0 0 -0.001010
3875 0 0 -0.001299
3880 0 0 -0.001615
3885 0 0 -0.001900
3890 0 0 -0.002097
3895 0 0 -0.002161
3900 0 0 -0.002050
3905 0 0 -0.001748
3910 0 0 -0.001351
3915 0 0 -0.000980
3920 0 0 -0.000732
3925 0 0 -0.000599
3930 0 0 -0.000550
3935 0 0 -0.000554
3940 0 0 -0.000585
3945 0 0 -0.000620
3950 0 0 -0.000638
3955 0 0 -0.000628
3960 0 0 -0.000580
3965 0 0 -0.000494
3970 0 0 -0.000414
3975 0 0 -0.000390
3980 0 0 -0.000456
3985 0 0 -0.000559
3990 0 0 -0.000630
3995 0 0 -0.000616
4000 0 0 -0.000546
4005 0 0 -0.000470
4010 0 0 -0.000426
4015 0 0 -0.000416
4020 0 0 -0.000430
4025 0 0 -0.000458
4030 0 0 -0.000489
4035 0 0 -0.000510
4040 0 0 -0.000512
4045 0 0 -0.000504
4050 0 0 -0.000500
4055 0 0 -0.000509
4060 0 0 -0.000528
4065 0 0 -0.000550
4070 0 0 -0.000570
4075 0 0 -0.000581
4080 0 0 -0.000580
4085 0 0 -0.000563
4090 0 0 -0.000536
4095 0 0 -0.000510
4100 0 0 -0.000492
4105 0 0 -0.000485
4110 0 0 -0.000490
4115 0 0 -0.000506
4120 0 0 -0.000528
4125 0 0 -0.000550
4130 0 0 -0.000565
4135 0 0 -0.000566
4140 0 0 -0.000550
4145 0 0 -0.000514
4150 0 0 -0.000474
4155 0 0 -0.000450
4160 0 0 -0.000456
4165 0 0 -0.000484
4170 0 0 -0.000520
4175 0 0 -0.000550
4180 0 0 -0.000564
4185 0 0 -0.000550
4190 0 0 -0.000507
4195 0 0 -0.000464
4200 0 0 -0.000460
4205 0 0 -0.000518
4210 0 0 -0.000610
4215 0 0 -0.000690
4220 0 0 -0.000725
4225 0 0 -0.000712
4230 0 0 -0.000660
4235 0 0 -0.000579
4240 0 0 -0.000498
4245 0 0 -0.000450
4250 0 0 -0.000459
4255 0 0 -0.000508
4260 0 0 -0.000570
4265 0 0 -0.000620
4270 0 0 -0.000641
4275 0 0 -0.000620
4280 0 0 -0.000553
4285 0 0 -0.000480
4290 0 0 -0.000450
4295 0 0 -0.000495
4300 0 0 -0.000577
4305 0 0 -0.000640
4310 0 0 -0.000645
4315 0 0 -0.000612
4320 0 0 -0.000580
4325 0 0 -0.000577
4330 0 0 -0.000598
4335 0 0 -0.000630
4340 0 0 -0.000661
4345 0 0 -0.000678
4350 0 0 -0.000670
4355 0 0 -0.000633
4360 0 0 -0.000592
4365 0 0 -0.000580
4370 0 0 -0.000619
4375 0 0 -0.000682
4380 0 0 -0.000730
4385 0 0 -0.000735
4390 0 0 -0.000713
4395 0 0 -0.000690
4400 0 0 -0.000686
4405 0 0 -0.000693
4410 0 0 -0.000700
4415 0 0 -0.000696
4420 0 0 -0.000687
4425 0 0 -0.000680
4430 0 0 -0.000682
4435 0 0 -0.000687
4440 0 0 -0.000690
4445 0 0 -0.000684
4450 0 0 -0.000667
4455 0 0 -0.000640
4460 0 0 -0.000600
4465 0 0 -0.000540
4470 0 0 -0.000450
4475 0 0 -0.000328
4480 0 0 -0.000205
4485 0 0 -0.000120
4490 0 0 -0.000100
4495 0 0 -0.000122
4500 0 0 -0.000150
4505 0 0 -0.000156
4510 0 0 -0.000143
4515 0 0 -0.000120
4520 0 0 -0.000097
4525 0 0 -0.000084
4530 0 0 -0.000090
4535 0 0 -0.000120
4540 0 0 -0.000155
4545 0 0 -0.000170
4550 0 0 -0.000149
4555 0 0 -0.000110
4560 0 0 -0.000080
4565 0 0 -0.000078
4570 0 0 -0.000097
4575 0 0 -0.000120
4580 0 0 -0.000136
4585 0 0 -0.000140
4590 0 0 -0.000130
4595 0 0 -0.000108
4600 0 0 -0.000086
4605 0 0 -0.000080
4610 0 0 -0.000100
4615 0 0 -0.000130
4620 0 0 -0.000150
4625 0 0 -0.000145
4630 0 0 -0.000123
4635 0 0 -0.000100
4640 0 0 -0.000087
4645 0 0 -0.000088
4650 0 0 -0.000100
4655 0 0 -0.000122
4660 0 0 -0.000140
4665 0 0 -0.000140
4670 0 0 -0.000114
4675 0 0 -0.000082
4680 0 0 -0.000070
4685 0 0 -0.000095
4690 0 0 -0.000136
4695 0 0 -0.000160
4700 0 0 -0.000145
4705 0 0 -0.000107
4710 0 0 -0.000070
4715 0 0 -0.000056
4720 0 0 -0.000077
4725 0 0 -0.000140
4730 0 0 -0.000243
4735 0 0 -0.000347
4740 0 0 -0.000400
4745 0 0 -0.000373
4750 0 0 -0.000316
4755 0 0 -0.000300
4760 0 0 -0.000370
4765 0 0 -0.000476
4770 0 0 -0.000540
4775 0 0 -0.000511
4780 0 0 -0.000434
4785 0 0 -0.000380
4790 0 0 -0.000396
4795 0 0 -0.000443
4800 0 0 -0.000460
4805 0 0 -0.000404
4810 0 0 -0.000309
4815 0 0 -0.000230
4820 0 0 -0.000205
4825 0 0 -0.000216
4830 0 0 -0.000230
4835 0 0 -0.000223
4840 0 0 -0.000207
4845 0 0 -0.000200
4850 0 0 -0.000217
4855 0 0 -0.000246
4860 0 0 -0.000270
4865 0 0 -0.000276
4870 0 0 -0.000269
4875 0 0 -0.000260
4880 0 0 -0.000255
4885 0 0 -0.000251
4890 0 0 -0.000240
4895 0 0 -0.000218
4900 0 0 -0.000194
4905 0 0 -0.000180
4910 0 0 -0.000186
4915 0 0 -0.000203
4920 0 0 -0.000220
4925 0 0 -0.000227
4930 0 0 -0.000221
4935 0 0 -0.000200
4940 0 0 -0.000166
4945 0 0 -0.000133
4950 0 0 -0.000120
4955 0 0 -0.000137
4960 0 0 -0.000163
4965 0 0 -0.000170
4970 0 0 -0.000140
4975 0 0 -0.000095
4980 0 0 -0.000070
4985 0 0 -0.000085
4990 0 0 -0.000117
4995 0 0 -0.000130
5000 0 0 -0.000103
5005 0 0 -0.000076
5010 0 0 -0.000100
5015 0 0 -0.000207
5020 0 0 -0.000338
5025 0 0 -0.000410
5030 0 0 -0.000366
5035 0 0 -0.000250
5040 0 0 -0.000130
5045 0 0 -0.000061
5050 0 0 -0.000050
5055 0 0 -0.000090
5060 0 0 -0.000169
5065 0 0 -0.000255
5070 0 0 -0.000310
5075 0 0 -0.000306
5080 0 0 -0.000260
5085 0 0 -0.000200
5090 0 0 -0.000150
5095 0 0 -0.000123
5100 0 0 -0.000130
5105 0 0 -0.000175
5110 0 0 -0.000233
5115 0 0 -0.000270
5120 0 0 -0.000263
5125 0 0 -0.000223
5130 0 0 -0.000170
5135 0 0 -0.000133
5140 0 0 -0.000168
5145 0 0 -0.000340
5150 0 0 -0.000676
5155 0 0 -0.001055
5160 0 0 -0.001320
5165 0 0 -0.001363
5170 0 0 -0.001276
5175 0 0 -0.001200
5180 0 0 -0.001237
5185 0 0 -0.001330
5190 0 0 -0.001380
5195 0 0 -0.001319
5200 0 0 -0.001196
5205 0 0 -0.001090
5210 0 0 -0.001060
5215 0 0 -0.001087
5220 0 0 -0.001130
5225 0 0 -0.001159
5230 0 0 -0.001173
5235 0 0 -0.001180
5240 0 0 -0.001189
5245 0 0 -0.001211
5250 0 0 -0.001260
5255 0 0 -0.001338
5260 0 0 -0.001405
5265 0 0 -0.001410
5270 0 0 -0.001321
5275 0 0 -0.001181
5280 0 0 -0.001050
5285 0 0 -0.000975
5290 0 0 -0.000952
5295 0 0 -0.000960
5300 0 0 -0.000980
5305 0 0 -0.000983
5310 0 0 -0.000940
5315 0 0 -0.000834
5320 0 0 -0.000696
5325 0 0 -0.000570
5330 0 0 -0.000491
5335 0 0 -0.000461
5340 0 0 -0.000470
5345 0 0 -0.000509
5350 0 0 -0.000556
5355 0 0 -0.000590
5360 0 0 -0.000593
5365 0 0 -0.000577
5370 0 0 -0.000560
5375 0 0 -0.000555
5380 0 0 -0.000557
5385 0 0 -0.000560
5390 0 0 -0.000557
5395 0 0 -0.000555
5400 0 0 -0.000560
5405 0 0 -0.000577
5410 0 0 -0.000590
5415 0 0 -0.000580
5420 0 0 -0.000535
5425 0 0 -0.000472
5430 0 0 -0.000420
5435 0 0 -0.000397
5440 0 0 -0.000398
5445 0 0 -0.000410
5450 0 0 -0.000422
5455 0 0 -0.000429
5460 0 0 -0.000430
5465 0 0 -0.000423
5470 0 0 -0.000409
5475 0 0 -0.000390
5480 0 0 -0.000369
5485 0 0 -0.000353
5490 0 0 -0.000350
5495 0 0 -0.000366
5500 0 0 -0.000401
5505 0 0 -0.000450
5510 0 0 -0.000509
5515 0 0 -0.000559
5520 0 0 -0.000580
5525 0 0 -0.000561
5530 0 0 -0.000526
5535 0 0 -0.000510
5540 0 0 -0.000535
5545 0 0 -0.000584
5550 0 0 -0.000630
5555 0 0 -0.000650
5560 0 0 -0.000642
5565 0 0 -0.000610
5570 0 0 -0.000561
5575 0 0 -0.000519
5580 0 0 -0.000510
5585 0 0 -0.000550
5590 0 0 -0.000610
5595 0 0 -0.000650
5600 0 0 -0.000642
5605 0 0 -0.000597
5610 0 0 -0.000540
5615 0 0 -0.000490
5620 0 0 -0.000455
5625 0 0 -0.000440
5630 0 0 -0.000449
5635 0 0 -0.000472
5640 0 0 -0.000500
5645 0 0 -0.000522
5650 0 0 -0.000528
5655 0 0 -0.000510
5660 0 0 -0.000469
5665 0 0 -0.000447
5670 0 0 -0.000500
5675 0 0 -0.000656
5680 0 0 -0.000850
5685 0 0 -0.000990
5690 0 0 -0.001009
5695 0 0 -0.000932
5700 0 0 -0.000810
5705 0 0 -0.000686
5710 0 0 -0.000586
5715 0 0 -0.000530
5720 0 0 -0.000531
5725 0 0 -0.000565
5730 0 0 -0.000600
5735 0 0 -0.000611
5740 0 0 -0.000601
5745 0 0 -0.000580
5750 0 0 -0.000556
5755 0 0 -0.000540
5760 0 0 -0.000540
5765 0 0 -0.000562
5770 0 0 -0.000599
5775 0 0 -0.000640
5780 0 0 -0.000674
5785 0 0 -0.000696
5790 0 0 -0.000700
5795 0 0 -0.000684
5800 0 0 -0.000659
5805 0 0 -0.000640
5810 0 0 -0.000637
5815 0 0 -0.000646
5820 0 0 -0.000660
5825 0 0 -0.000671
5830 0 0 -0.000678
5835 0 0 -0.000680
5840 0 0 -0.000675
5845 0 0 -0.000655
5850 0 0 -0.000610
5855 0 0 -0.000536
5860 0 0 -0.000451
5865 0 0 -0.000380
5870 0 0 -0.000340
5875 0 0 -0.000323
5880 0 0 -0.000310
5885 0 0 -0.000289
5890 0 0 -0.000259
5895 0 0 -0.000220
5900 0 0 -0.000176
5905 0 0 -0.000138
5910 0 0 -0.000120
5915 0 0 -0.000130
5920 0 0 -0.000158
5925 0 0 -0.000190
5930 0 0 -0.000213
5935 0 0 -0.000220
5940 0 0 -0.000210
5945 0 0 -0.000181
5950 0 0 -0.000149
5955 0 0 -0.000130
5960 0 0 -0.000138
5965 0 0 -0.000163
5970 0 0 -0.000190
5975 0 0 -0.000207
5980 0 0 -0.000208
5985 0 0 -0.000190
5990 0 0 -0.000154
5995 0 0 -0.000119
6000 0 0 -0.000110
6005 0 0 -0.000140
6010 0 0 -0.000188
6015 0 0 -0.000220
6020 0 0 -0.000214
6025 0 0 -0.000183
6030 0 0 -0.000150
6035 0 0 -0.000133
6040 0 0 -0.000133
6045 0 0 -0.000150
6050 0 0 -0.000178
6055 0 0 -0.000204
6060 0 0 -0.000210
6065 0 0 -0.000188
6070 0 0 -0.000153
6075 0 0 -0.000130
6080 0 0 -0.000135
6085 0 0 -0.000157
6090 0 0 -0.000180
6095 0 0 -0.000190
6100 0 0 -0.000185
6105 0 0 -0.000170
6110 0 0 -0.000148
6115 0 0 -0.000130
6120 0 0 -0.000130
6125 0 0 -0.000155
6130 0 0 -0.000188
6135 0 0 -0.000210
6140 0 0 -0.000204
6145 0 0 -0.000174
6150 0 0 -0.000130
6155 0 0 -0.000090
6160 0 0 -0.000099
6165 0 0 -0.000210
6170 0 0 -0.000446
6175 0 0 -0.000704
6180 0 0 -0.000850
6185 0 0 -0.000794
6190 0 0 -0.000626
6195 0 0 -0.000480
6200 0 0 -0.000454
6205 0 0 -0.000506
6210 0 0 -0.000560
6215 0 0 -0.000557
6220 0 0 -0.000505
6225 0 0 -0.000430
6230 0 0 -0.000357
6235 0 0 -0.000305
6240 0 0 -0.000290
6245 0 0 -0.000322
6250 0 0 -0.000379
6255 0 0 -0.000430
6260 0 0 -0.000450
6265 0 0 -0.000441
6270 0 0 -0.000410
6275 0 0 -0.000368
6280 0 0 -0.000338
6285 0 0 -0.000350
6290 0 0 -0.000417
6295 0 0 -0.000501
6300 0 0 -0.000550
6305 0 0 -0.000529
6310 0 0 -0.000470
6315 0 0 -0.000420
6320 0 0 -0.000416
6325 0 0 -0.000452
6330 0 0 -0.000510
6335 0 0 -0.000571
6340 0 0 -0.000614
6345 0 0 -0.000620
6350 0 0 -0.000576
6355 0 0 -0.000511
6360 0 0 -0.000460
6365 0 0 -0.000450
6370 0 0 -0.000457
6375 0 0 -0.000450
6380 0 0 -0.000403
6385 0 0 -0.000329
6390 0 0 -0.000250
6395 0 0 -0.000186
6400 0 0 -0.000147
6405 0 0 -0.000140
6410 0 0 -0.000167
6415 0 0 -0.000206
6420 0 0 -0.000230
6425 0 0 -0.000220
6430 0 0 -0.000189
6435 0 0 -0.000160
6440 0 0 -0.000150
6445 0 0 -0.000156
6450 0 0 -0.000170
6455 0 0 -0.000186
6460 0 0 -0.000201
6465 0 0 -0.000210
6470 0 0 -0.000210
6475 0 0 -0.000193
6480 0 0 -0.000150
6485 0 0 -0.000088
6490 0 0 -0.000079
6495 0 0 -0.000210
6500 0 0 -0.000535
6505 0 0 -0.000963
6510 0 0 -0.001370
6515 0 0 -0.001657
6520 0 0 -0.001824
6525 0 0 -0.001900
6530 0 0 -0.001910
6535 0 0 -0.001873
6540 0 0 -0.001810
6545 0 0 -0.001739
6550 0 0 -0.001676
6555 0 0 -0.001640
6560 0 0 -0.001633
6565 0 0 -0.001610
6570 0 0 -0.001510
6575 0 0 -0.001307
6580 0 0 -0.001102
6585 0 0 -0.001030
6590 0 0 -0.001177
6595 0 0 -0.001435
6600 0 0 -0.001650
6605 0 0 -0.001698
6610 0 0 -0.001586
6615 0 0 -0.001350
6620 0 0 -0.001047
6625 0 0 -0.000808
6630 0 0 -0.000780
6635 0 0 -0.001049
6640 0 0 -0.001438
6645 0 0 -0.001710
6650 0 0 -0.001708
6655 0 0 -0.001616
6660 0 0 -0.001700
6665 0 0 -0.002136
6670 0 0 -0.002733
6675 0 0 -0.003210
6680 0 0 -0.003352
6685 0 0 -0.003204
6690 0 0 -0.002880
6695 0 0 -0.002495
6700 0 0 -0.002182
6705 0 0 -0.002080
6710 0 0 -0.002265
6715 0 0 -0.002573
6720 0 0 -0.002780
6725 0 0 -0.002731
6730 0 0 -0.002560
6735 0 0 -0.002470
6740 0 0 -0.002597
6745 0 0 -0.002805
6750 0 0 -0.002890
6755 0 0 -0.002713
6760 0 0 -0.002397
6765 0 0 -0.002130
6770 0 0 -0.002051
6775 0 0 -0.002103
6780 0 0 -0.002180
6785 0 0 -0.002201
6790 0 0 -0.002178
6795 0 0 -0.002150
6800 0 0 -0.002140
6805 0 0 -0.002115
6810 0 0 -0.002030
6815 0 0 -0.001861
6820 0 0 -0.001679
6825 0 0 -0.001580
6830 0 0 -0.001626
6835 0 0 -0.001749
6840 0 0 -0.001850
6845 0 0 -0.001858
6850 0 0 -0.001818
6855 0 0 -0.001800
6860 0 0 -0.001854
6865 0 0 -0.001934
6870 0 0 -0.001970
6875 0 0 -0.001917
6880 0 0 -0.001828
6885 0 0 -0.001780
6890 0 0 -0.001817
6895 0 0 -0.001851
6900 0 0 -0.001760
6905 0 0 -0.001476
6910 0 0 -0.001139
6915 0 0 -0.000940
6920 0 0 -0.001015
6925 0 0 -0.001266
6930 0 0 -0.001540
6935 0 0 -0.001714
6940 0 0 -0.001792
6945 0 0 -0.001810
6950 0 0 -0.001802
6955 0 0 -0.001790
6960 0 0 -0.001790
6965 0 0 -0.001815
6970 0 0 -0.001849
6975 0 0 -0.001870
6980 0 0 -0.001856
6985 0 0 -0.001781
6990 0 0 -0.001620
6995 0 0 -0.001362
7000 0 0 -0.001054
7005 0 0 -0.000760
7010 0 0 -0.000544
7015 0 0 -0.000479
7020 0 0 -0.000640
7025 0 0 -0.001055
7030 0 0 -0.001564
7035 0 0 -0.001960
7040 0 0 -0.002088
7045 0 0 -0.002005
7050 0 0 -0.001820
7055 0 0 -0.001628
7060 0 0 -0.001461
7065 0 0 -0.001340
7070 0 0 -0.001275
7075 0 0 -0.001250
7080 0 0 -0.001240
7085 0 0 -0.001221
7090 0 0 -0.001162
7095 0 0 -0.001030
7100 0 0 -0.000824
7105 0 0 -0.000661
7110 0 0 -0.000690
7115 0 0 -0.000996
7120 0 0 -0.001418
7125 0 0 -0.001730
7130 0 0 -0.001771
7135 0 0 -0.001629
7140 0 0 -0.001450
7145 0 0 -0.001352
7150 0 0 -0.001321
7155 0 0 -0.001310
7160 0 0 -0.001283
7165 0 0 -0.001248
7170 0 0 -0.001220
7175 0 0 -0.001206
7180 0 0 -0.001166
7185 0 0 -0.001050
7190 0 0 -0.000831
7195 0 0 -0.000579
7200 0 0 -0.000390
7205 0 0 -0.000331
7210 0 0 -0.000366
7215 0 0 -0.000430
7220 0 0 -0.000471
7225 0 0 -0.000481
7230 0 0 -0.000460
7235 0 0 -0.000415
7240 0 0 -0.000366
7245 0 0 -0.000340
7250 0 0 -0.000352
7255 0 0 -0.000385
7260 0 0 -0.000410
7265 0 0 -0.000407
7270 0 0 -0.000383
7275 0 0 -0.000350
7280 0 0 -0.000320
7285 0 0 -0.000296
7290 0 0 -0.000280
7295 0 0 -0.000273
7300 0 0 -0.000271
7305 0 0 -0.000270
7310 0 0 -0.000266
7315 0 0 -0.000256
7320 0 0 -0.000240
7325 0 0 -0.000217
7330 0 0 -0.000195
7335 0 0 -0.000180
7340 0 0 -0.000178
7345 0 0 -0.000184
7350 0 0 -0.000190
7355 0 0 -0.000189
7360 0 0 -0.000185
7365 0 0 -0.000180
7370 0 0 -0.000178
7375 0 0 -0.000174
7380 0 0 -0.000160
7385 0 0 -0.000134
7390 0 0 -0.000109
7395 0 0 -0.000100
7400 0 0 -0.000119
7405 0 0 -0.000152
7410 0 0 -0.000180
7415 0 0 -0.000188
7420 0 0 -0.000184
7425 0 0 -0.000180
7430 0 0 -0.000182
7435 0 0 -0.000173
7440 0 0 -0.000130
7445 0 0 -0.000051
7450 0 0 -0.000015
7455 0 0 -0.000120
7460 0 0 -0.000418
7465 0 0 -0.000762
7470 0 0 -0.000960
7475 0 0 -0.000879
7480 0 0 -0.000631
7485 0 0 -0.000390
7490 0 0 -0.000289
7495 0 0 -0.000292
7500 0 0 -0.000320
7505 0 0 -0.000313
7510 0 0 -0.000275
7515 0 0 -0.000230
7520 0 0 -0.000196
7525 0 0 -0.000178
7530 0 0 -0.000180
7535 0 0 -0.000200
7540 0 0 -0.000226
7545 0 0 -0.000240
7550 0 0 -0.000232
7555 0 0 -0.000208
7560 0 0 -0.000180
7565 0 0 -0.000160
7570 0 0 -0.000159
7575 0 0 -0.000190
7580 0 0 -0.000256
7585 0 0 -0.000328
7590 0 0 -0.000370
7595 0 0 -0.000356
7600 0 0 -0.000313
7605 0 0 -0.000280
7610 0 0 -0.000286
7615 0 0 -0.000324
7620 0 0 -0.000380
7625 0 0 -0.000438
7630 0 0 -0.000482
7635 0 0 -0.000500
7640 0 0 -0.000482
7645 0 0 -0.000445
7650 0 0 -0.000410
7655 0 0 -0.000394
7660 0 0 -0.000386
7665 0 0 -0.000370
7670 0 0 -0.000335
7675 0 0 -0.000295
7680 0 0 -0.000270
7685 0 0 -0.000273
7690 0 0 -0.000293
7695 0 0 -0.000310
7700 0 0 -0.000312
7705 0 0 -0.000302
7710 0 0 -0.000290
7715 0 0 -0.000283
7720 0 0 -0.000283
7725 0 0 -0.000290
7730 0 0 -0.000302
7735 0 0 -0.000317
7740 0 0 -0.000330
7745 0 0 -0.000338
7750 0 0 -0.000341
7755 0 0 -0.000340
7760 0 0 -0.000336
7765 0 0 -0.000332
7770 0 0 -0.000330
7775 0 0 -0.000330
7780 0 0 -0.000326
7785 0 0 -0.000310
7790 0 0 -0.000276
7795 0 0 -0.000230
7800 0 0 -0.000180
7805 0 0 -0.000134
7810 0 0 -0.000101
7815 0 0 -0.000090
7820 0 0 -0.000105
7825 0 0 -0.000132
7830 0 0 -0.000150
7835 0 0 -0.000148
7840 0 0 -0.000144
7845 0 0 -0.000160
7850 0 0 -0.000212
7855 0 0 -0.000277
7860 0 0 -0.000320
7865 0 0 -0.000318
7870 0 0 -0.000284
7875 0 0 -0.000240
7880 0 0 -0.000206
7885 0 0 -0.000198
7890 0 0 -0.000230
7895 0 0 -0.000307
7900 0 0 -0.000395
7905 0 0 -0.000450
7910 0 0 -0.000442
7915 0 0 -0.000391
7920 0 0 -0.000330
7925 0 0 -0.000285
7930 0 0 -0.000259
7935 0 0 -0.000250
7940 0 0 -0.000254
7945 0 0 -0.000258
7950 0 0 -0.000250
7955 0 0 -0.000221
7960 0 0 -0.000187
7965 0 0 -0.000170
7970 0 0 -0.000185
7975 0 0 -0.000214
7980 0 0 -0.000230
7985 0 0 -0.000215
7990 0 0 -0.000185
7995 0 0 -0.000160
8000 0 0 -0.000157
8005 0 0 -0.000164
8010 0 0 -0.000160
8015 0 0 -0.000133
8020 0 0 -0.000099
8025 0 0 -0.000080
8030 0 0 -0.000092
8035 0 0 -0.000124
8040 0 0 -0.000160
8045 0 0 -0.000187
8050 0 0 -0.000207
8055 0 0 -0.000230
8060 0 0 -0.000261
8065 0 0 -0.000301
8070 0 0 -0.000350
8075 0 0 -0.000405
8080 0 0 -0.000448
8085 0 0 -0.000460
8090 0 0 -0.000428
8095 0 0 -0.000370
8100 0 0 -0.000310
8105 0 0 -0.000271
8110 0 0 -0.000259
8115 0 0 -0.000280
8120 0 0 -0.000333
8125 0 0 -0.000402
8130 0 0 -0.000470
8135 0 0 -0.000517
8140 0 0 -0.000529
8145 0 0 -0.000490
8150 0 0 -0.000403
8155 0 0 -0.000333
8160 0 0 -0.000360
8165 0 0 -0.000533
8170 0 0 -0.000769
8175 0 0 -0.000950
8180 0 0 -0.000990
8185 0 0 -0.000917
8190 0 0 -0.000790
8195 0 0 -0.000658
8200 0 0 -0.000544
8205 0 0 -0.000460
8210 0 0 -0.000416
8215 0 0 -0.000404
8220 0 0 -0.000410
8225 0 0 -0.000422
8230 0 0 -0.000432
8235 0 0 -0.000430
8240 0 0 -0.000412
8245 0 0 -0.000382
8250 0 0 -0.000350
8255 0 0 -0.000322
8260 0 0 -0.000302
8265 0 0 -0.000290
8270 0 0 -0.000286
8275 0 0 -0.000282
8280 0 0 -0.000270
8285 0 0 -0.000244
8290 0 0 -0.000215
8295 0 0 -0.000200
8300 0 0 -0.000209
8305 0 0 -0.000233
8310 0 0 -0.000260
8315 0 0 -0.000278
8320 0 0 -0.000284
8325 0 0 -0.000280
8330 0 0 -0.000266
8335 0 0 -0.000247
8340 0 0 -0.000230
8345 0 0 -0.000220
8350 0 0 -0.000218
8355 0 0 -0.000220
8360 0 0 -0.000227
8365 0 0 -0.000245
8370 0 0 -0.000280
8375 0 0 -0.000336
8380 0 0 -0.000398
8385 0 0 -0.000450
8390 0 0 -0.000478
8395 0 0 -0.000493
8400 0 0 -0.000510
8405 0 0 -0.000537
8410 0 0 -0.000558
8415 0 0 -0.000550
8420 0 0 -0.000499
8425 0 0 -0.000434
8430 0 0 -0.000390
8435 0 0 -0.000394
8440 0 0 -0.000424
8445 0 0 -0.000450
8450 0 0 -0.000450
8455 0 0 -0.000451
8460 0 0 -0.000490
8465 0 0 -0.000589
8470 0 0 -0.000701
8475 0 0 -0.000760
8480 0 0 -0.000723
8485 0 0 -0.000629
8490 0 0 -0.000540
8495 0 0 -0.000501
8500 0 0 -0.000505
8505 0 0 -0.000530
8510 0 0 -0.000557
8515 0 0 -0.000580
8520 0 0 -0.000600
8525 0 0 -0.000615
8530 0 0 -0.000627
8535 0 0 -0.000640
8540 0 0 -0.000654
8545 0 0 -0.000661
8550 0 0 -0.000650
8555 0 0 -0.000621
8560 0 0 -0.000616
8565 0 0 -0.000690
8570 0 0 -0.000867
8575 0 0 -0.001054
8580 0 0 -0.001130
8585 0 0 -0.001017
8590 0 0 -0.000805
8595 0 0 -0.000630
8600 0 0 -0.000590
8605 0 0 -0.000640
8610 0 0 -0.000700
8615 0 0 -0.000708
8620 0 0 -0.000673
8625 0 0 -0.000620
8630 0 0 -0.000573
8635 0 0 -0.000538
8640 0 0 -0.000520
8645 0 0 -0.000520
8650 0 0 -0.000533
8655 0 0 -0.000550
8660 0 0 -0.000564
8665 0 0 -0.000572
8670 0 0 -0.000570
8675 0 0 -0.000557
8680 0 0 -0.000531
8685 0 0 -0.000490
8690 0 0 -0.000437
8695 0 0 -0.000382
8700 0 0 -0.000340
8705 0 0 -0.000321
8710 0 0 -0.000315
8715 0 0 -0.000310
8720 0 0 -0.000295
8725 0 0 -0.000273
8730 0 0 -0.000250
8735 0 0 -0.000231
8740 0 0 -0.000218
8745 0 0 -0.000210
8750 0 0 -0.000207
8755 0 0 -0.000207
8760 0 0 -0.000210
8765 0 0 -0.000215
8770 0 0 -0.000219
8775 0 0 -0.000220
8780 0 0 -0.000216
8785 0 0 -0.000207
8790 0 0 -0.000190
8795 0 0 -0.000168
8800 0 0 -0.000148
8805 0 0 -0.000140
8810 0 0 -0.000151
8815 0 0 -0.000175
8820 0 0 -0.000200
8825 0 0 -0.000218
8830 0 0 -0.000223
8835 0 0 -0.000210
8840 0 0 -0.000177
8845 0 0 -0.000141
8850 0 0 -0.000120
8855 0 0 -0.000129
8860 0 0 -0.000158
8865 0 0 -0.000190
8870 0 0 -0.000211
8875 0 0 -0.000215
8880 0 0 -0.000200
8885 0 0 -0.000166
8890 0 0 -0.000132
8895 0 0 -0.000120
8900 0 0 -0.000146
8905 0 0 -0.000198
8910 0 0 -0.000260
8915 0 0 -0.000314
8920 0 0 -0.000353
8925 0 0 -0.000370
8930 0 0 -0.000361
8935 0 0 -0.000334
8940 0 0 -0.000300
8945 0 0 -0.000269
8950 0 0 -0.000248
8955 0 0 -0.000240
8960 0 0 -0.000248
8965 0 0 -0.000259
8970 0 0 -0.000260
8975 0 0 -0.000240
8980 0 0 -0.000209
8985 0 0 -0.000180
8990 0 0 -0.000164
8995 0 0 -0.000167
9000 0 0 -0.000190
9005 0 0 -0.000232
9010 0 0 -0.000276
9015 0 0 -0.000300
9020 0 0 -0.000291
9025 0 0 -0.000266
9030 0 0 -0.000250
9035 0 0 -0.000260
9040 0 0 -0.000286
9045 0 0 -0.000310
9050 0 0 -0.000318
9055 0 0 -0.000310
9060 0 0 -0.000290
9065 0 0 -0.000265
9070 0 0 -0.000244
9075 0 0 -0.000240
9080 0 0 -0.000259
9085 0 0 -0.000287
9090 0 0 -0.000300
9095 0 0 -0.000285
9100 0 0 -0.000255
9105 0 0 -0.000230
9110 0 0 -0.000224
9115 0 0 -0.000233
9120 0 0 -0.000250
9125 0 0 -0.000266
9130 0 0 -0.000280
9135 0 0 -0.000290
9140 0 0 -0.000295
9145 0 0 -0.000292
9150 0 0 -0.000280
9155 0 0 -0.000259
9160 0 0 -0.000240
9165 0 0 -0.000240
9170 0 0 -0.000266
9175 0 0 -0.000301
9180 0 0 -0.000320
9185 0 0 -0.000307
9190 0 0 -0.000275
9195 0 0 -0.000240
9200 0 0 -0.000219
9205 0 0 -0.000210
9210 0 0 -0.000210
9215 0 0 -0.000213
9220 0 0 -0.000210
9225 0 0 -0.000190
9230 0 0 -0.000150
9235 0 0 -0.000116
9240 0 0 -0.000120
9245 0 0 -0.000183
9250 0 0 -0.000276
9255 0 0 -0.000360
9260 0 0 -0.000404
9265 0 0 -0.000417
9270 0 0 -0.000420
9275 0 0 -0.000427
9280 0 0 -0.000439
9285 0 0 -0.000450
9290 0 0 -0.000455
9295 0 0 -0.000447
9300 0 0 -0.000420
9305 0 0 -0.000375
9310 0 0 -0.000352
9315 0 0 -0.000400
9320 0 0 -0.000545
9325 0 0 -0.000719
9330 0 0 -0.000830
9335 0 0 -0.000812
9340 0 0 -0.000706
9345 0 0 -0.000580
9350 0 0 -0.000487
9355 0 0 -0.000421
9360 0 0 -0.000360
9365 0 0 -0.000291
9370 0 0 -0.000232
9375 0 0 -0.000210
9380 0 0 -0.000239
9385 0 0 -0.000295
9390 0 0 -0.000340
9395 0 0 -0.000348
9400 0 0 -0.000331
9405 0 0 -0.000310
9410 0 0 -0.000301
9415 0 0 -0.000298
9420 0 0 -0.000290
9425 0 0 -0.000268
9430 0 0 -0.000239
9435 0 0 -0.000210
9440 0 0 -0.000191
9445 0 0 -0.000189
9450 0 0 -0.000210
9455 0 0 -0.000255
9460 0 0 -0.000304
9465 0 0 -0.000330
9470 0 0 -0.000316
9475 0 0 -0.000280
9480 0 0 -0.000250
9485 0 0 -0.000247
9490 0 0 -0.000265
9495 0 0 -0.000290
9500 0 0 -0.000310
9505 0 0 -0.000319
9510 0 0 -0.000310
9515 0 0 -0.000282
9520 0 0 -0.000250
9525 0 0 -0.000230
9530 0 0 -0.000235
9535 0 0 -0.000257
9540 0 0 -0.000280
9545 0 0 -0.000293
9550 0 0 -0.000298
9555 0 0 -0.000300
9560 0 0 -0.000303
9565 0 0 -0.000310
9570 0 0 -0.000320
9575 0 0 -0.000338
9580 0 0 -0.000376
9585 0 0 -0.000450
9590 0 0 -0.000562
9595 0 0 -0.000665
9600 0 0 -0.000700
9605 0 0 -0.000629
9610 0 0 -0.000507
9615 0 0 -0.000410
9620 0 0 -0.000395
9625 0 0 -0.000440
9630 0 0 -0.000500
9635 0 0 -0.000542
9640 0 0 -0.000563
9645 0 0 -0.000570
9650 0 0 -0.000568
9655 0 0 -0.000559
9660 0 0 -0.000540
9665 0 0 -0.000514
9670 0 0 -0.000490
9675 0 0 -0.000480
9680 0 0 -0.000491
9685 0 0 -0.000502
9690 0 0 -0.000490
9695 0 0 -0.000438
9700 0 0 -0.000370
9705 0 0 -0.000320
9710 0 0 -0.000312
9715 0 0 -0.000333
9720 0 0 -0.000360
9725 0 0 -0.000374
9730 0 0 -0.000375
9735 0 0 -0.000370
9740 0 0 -0.000362
9745 0 0 -0.000355
9750 0 0 -0.000350
9755 0 0 -0.000349
9760 0 0 -0.000354
9765 0 0 -0.000370
9770 0 0 -0.000395
9775 0 0 -0.000414
9780 0 0 -0.000410
9785 0 0 -0.000372
9790 0 0 -0.000325
9795 0 0 -0.000300
9800 0 0 -0.000319
9805 0 0 -0.000363
9810 0 0 -0.000400
9815 0 0 -0.000410
9820 0 0 -0.000406
9825 0 0 -0.000410
9830 0 0 -0.000439
9835 0 0 -0.000487
9840 0 0 -0.000540
9845 0 0 -0.000585
9850 0 0 -0.000607
9855 0 0 -0.000590
9860 0 0 -0.000529
9865 0 0 -0.000465
9870 0 0 -0.000450
9875 0 0 -0.000516
9880 0 0 -0.000618
9885 0 0 -0.000690
9890 0 0 -0.000686
9895 0 0 -0.000636
9900 0 0 -0.000590
9905 0 0 -0.000586
9910 0 0 -0.000608
9915 0 0 -0.000630
9920 0 0 -0.000629
9925 0 0 -0.000612
9930 0 0 -0.000590
9935 0 0 -0.000574
9940 0 0 -0.000569
9945 0 0 -0.000580
9950 0 0 -0.000608
9955 0 0 -0.000640
9960 0 0 -0.000660
9965 0 0 -0.000658
9970 0 0 -0.000646
9975 0 0 -0.000640
9980 0 0 -0.000651
9985 0 0 -0.000667
9990 0 0 -0.000670
9995 0 0 -0.000649
10000 0 0 -0.000619
10005 0 0 -0.000600
10010 0 0 -0.000607
10015 0 0 -0.000629
10020 0 0 -0.000650
10025 0 0 -0.000658
10030 0 0 -0.000655
10035 0 0 -0.000650
10040 0 0 -0.000648
10045 0 0 -0.000648
10050 0 0 -0.000650
10055 0 0 -0.000652
10060 0 0 -0.000652
10065 0 0 -0.000650
10070 0 0 -0.000645
10075 0 0 -0.000635
