0 0 0 -0.000170
5 0 0 -0.000171
10 0 0 -0.000178
15 0 0 -0.000190
20 0 0 -0.000203
25 0 0 -0.000214
30 0 0 -0.000220
35 0 0 -0.000220
40 0 0 -0.000215
45 0 0 -0.000210
50 0 0 -0.000208
55 0 0 -0.000208
60 0 0 -0.000210
65 0 0 -0.000213
70 0 0 -0.000215
75 0 0 -0.000210
80 0 0 -0.000198
85 0 0 -0.000182
90 0 0 -0.000170
95 0 0 -0.000165
100 0 0 -0.000167
105 0 0 -0.000170
110 0 0 -0.000172
115 0 0 -0.000172
120 0 0 -0.000170
125 0 0 -0.000165
130 0 0 -0.000161
135 0 0 -0.000160
140 0 0 -0.000165
145 0 0 -0.000173
150 0 0 -0.000180
155 0 0 -0.000182
160 0 0 -0.000179
165 0 0 -0.000170
170 0 0 -0.000157
175 0 0 -0.000148
180 0 0 -0.000150
185 0 0 -0.000170
190 0 0 -0.000197
195 0 0 -0.000220
200 0 0 -0.000228
205 0 0 -0.000223
210 0 0 -0.000210
215 0 0 -0.000192
220 0 0 -0.000172
225 0 0 -0.000150
230 0 0 -0.000128
235 0 0 -0.000113
240 0 0 -0.000110
245 0 0 -0.000125
250 0 0 -0.000148
255 0 0 -0.000170
260 0 0 -0.000181
265 0 0 -0.000183
270 0 0 -0.000180
275 0 0 -0.000175
280 0 0 -0.000170
285 0 0 -0.000170
290 0 0 -0.000176
295 0 0 -0.000187
300 0 0 -0.000200
305 0 0 -0.000213
310 0 0 -0.000224
315 0 0 -0.000230
320 0 0 -0.000230
325 0 0 -0.000221
330 0 0 -0.000200
335 0 0 -0.000168
340 0 0 -0.000136
345 0 0 -0.000120
350 0 0 -0.000130
355 0 0 -0.000155
360 0 0 -0.000180
365 0 0 -0.000193
370 0 0 -0.000190
375 0 0 -0.000170
380 0 0 -0.000135
385 0 0 -0.000099
390 0 0 -0.000080
395 0 0 -0.000090
400 0 0 -0.000118
405 0 0 -0.000150
410 0 0 -0.000171
415 0 0 -0.000178
420 0 0 -0.000170
425 0 0 -0.000147
430 0 0 -0.000122
435 0 0 -0.000110
440 0 0 -0.000120
445 0 0 -0.000147
450 0 0 -0.000180
455 0 0 -0.000208
460 0 0 -0.000221
465 0 0 -0.000210
470 0 0 -0.000172
475 0 0 -0.000133
480 0 0 -0.000130
485 0 0 -0.000183
490 0 0 -0.000264
495 0 0 -0.000330
500 0 0 -0.000349
505 0 0 -0.000330
510 0 0 -0.000290
515 0 0 -0.000245
520 0 0 -0.000206
525 0 0 -0.000180
530 0 0 -0.000174
535 0 0 -0.000185
540 0 0 -0.000210
545 0 0 -0.000242
550 0 0 -0.000262
555 0 0 -0.000250
560 0 0 -0.000197
565 0 0 -0.000140
570 0 0 -0.000130
575 0 0 -0.000202
580 0 0 -0.000339
585 0 0 -0.000510
590 0 0 -0.000680
595 0 0 -0.000803
600 0 0 -0.000830
605 0 0 -0.000738
610 0 0 -0.000606
615 0 0 -0.000540
620 0 0 -0.000609
625 0 0 -0.000734
630 0 0 -0.000800
635 0 0 -0.000727
640 0 0 -0.000570
645 0 0 -0.000420
650 0 0 -0.000347
655 0 0 -0.000341
660 0 0 -0.000370
665 0 0 -0.000410
670 0 0 -0.000458
675 0 0 -0.000520
680 0 0 -0.000594
685 0 0 -0.000662
690 0 0 -0.000700
695 0 0 -0.000691
700 0 0 -0.000635
705 0 0 -0.000540
710 0 0 -0.000416
715 0 0 -0.000294
720 0 0 -0.000210
725 0 0 -0.000188
730 0 0 -0.000208
735 0 0 -0.000240
740 0 0 -0.000260
745 0 0 -0.000265
750 0 0 -0.000260
755 0 0 -0.000249
760 0 0 -0.000237
765 0 0 -0.000230
770 0 0 -0.000231
775 0 0 -0.000234
780 0 0 -0.000230
785 0 0 -0.000214
790 0 0 -0.000201
795 0 0 -0.000210
800 0 0 -0.000252
805 0 0 -0.000307
810 0 0 -0.000350
815 0 0 -0.000361
820 0 0 -0.000354
825 0 0 -0.000350
830 0 0 -0.000361
835 0 0 -0.000370
840 0 0 -0.000350
845 0 0 -0.000288
850 0 0 -0.000224
855 0 0 -0.000210
860 0 0 -0.000283
865 0 0 -0.000422
870 0 0 -0.000590
875 0 0 -0.000752
880 0 0 -0.000878
885 0 0 -0.000940
890 0 0 -0.000922
895 0 0 -0.000859
900 0 0 -0.000800
905 0 0 -0.000780
910 0 0 -0.000778
915 0 0 -0.000760
920 0 0 -0.000702
925 0 0 -0.000622
930 0 0 -0.000550
935 0 0 -0.000509
940 0 0 -0.000490
945 0 0 -0.000480
950 0 0 -0.000467
955 0 0 -0.000460
960 0 0 -0.000470
965 0 0 -0.000506
970 0 0 -0.000565
975 0 0 -0.000640
980 0 0 -0.000725
985 0 0 -0.000811
990 0 0 -0.000890
995 0 0 -0.000952
1000 0 0 -0.000984
1005 0 0 -0.000970
1010 0 0 -0.000905
1015 0 0 -0.000816
1020 0 0 -0.000740
1025 0 0 -0.000705
1030 0 0 -0.000703
1035 0 0 -0.000720
1040 0 0 -0.000745
1045 0 0 -0.000794
1050 0 0 -0.000890
1055 0 0 -0.001034
1060 0 0 -0.001150
1065 0 0 -0.001140
1070 0 0 -0.000952
1075 0 0 -0.000704
1080 0 0 -0.000560
1085 0 0 -0.000629
1090 0 0 -0.000816
1095 0 0 -0.000970
1100 0 0 -0.000983
1105 0 0 -0.000898
1110 0 0 -0.000800
1115 0 0 -0.000752
1120 0 0 -0.000742
1125 0 0 -0.000740
1130 0 0 -0.000720
1135 0 0 -0.000677
1140 0 0 -0.000610
1145 0 0 -0.000527
1150 0 0 -0.000460
1155 0 0 -0.000450
1160 0 0 -0.000522
1165 0 0 -0.000639
1170 0 0 -0.000750
1175 0 0 -0.000814
1180 0 0 -0.000838
1185 0 0 -0.000840
1190 0 0 -0.000835
1195 0 0 -0.000823
1200 0 0 -0.000800
1205 0 0 -0.000765
1210 0 0 -0.000720
1215 0 0 -0.000670
1220 0 0 -0.000619
1225 0 0 -0.000566
1230 0 0 -0.000510
1235 0 0 -0.000449
1240 0 0 -0.000385
1245 0 0 -0.000320
1250 0 0 -0.000260
1255 0 0 -0.000236
1260 0 0 -0.000280
1265 0 0 -0.000409
1270 0 0 -0.000565
1275 0 0 -0.000670
1280 0 0 -0.000670
1285 0 0 -0.000608
1290 0 0 -0.000550
1295 0 0 -0.000545
1300 0 0 -0.000576
1305 0 0 -0.000610
1310 0 0 -0.000622
1315 0 0 -0.000620
1320 0 0 -0.000620
1325 0 0 -0.000635
1330 0 0 -0.000659
1335 0 0 -0.000680
1340 0 0 -0.000689
1345 0 0 -0.000683
1350 0 0 -0.000660
1355 0 0 -0.000620
1360 0 0 -0.000578
1365 0 0 -0.000550
1370 0 0 -0.000547
1375 0 0 -0.000559
1380 0 0 -0.000570
1385 0 0 -0.000568
1390 0 0 -0.000555
1395 0 0 -0.000540
1400 0 0 -0.000531
1405 0 0 -0.000544
1410 0 0 -0.000600
1415 0 0 -0.000706
1420 0 0 -0.000827
1425 0 0 -0.000920
1430 0 0 -0.000951
1435 0 0 -0.000935
1440 0 0 -0.000900
1445 0 0 -0.000868
1450 0 0 -0.000832
1455 0 0 -0.000780
1460 0 0 -0.000707
1465 0 0 -0.000631
1470 0 0 -0.000580
1475 0 0 -0.000572
1480 0 0 -0.000595
1485 0 0 -0.000630
1490 0 0 -0.000658
1495 0 0 -0.000653
1500 0 0 -0.000590
1505 0 0 -0.000457
1510 0 0 -0.000300
1515 0 0 -0.000180
1520 0 0 -0.000140
1525 0 0 -0.000152
1530 0 0 -0.000170
1535 0 0 -0.000159
1540 0 0 -0.000129
1545 0 0 -0.000100
1550 0 0 -0.000088
1555 0 0 -0.000095
1560 0 0 -0.000120
1565 0 0 -0.000159
1570 0 0 -0.000196
1575 0 0 -0.000210
1580 0 0 -0.000189
1585 0 0 -0.000153
1590 0 0 -0.000130
1595 0 0 -0.000139
1600 0 0 -0.000166
1605 0 0 -0.000190
1610 0 0 -0.000193
1615 0 0 -0.000177
1620 0 0 -0.000150
1625 0 0 -0.000119
1630 0 0 -0.000096
1635 0 0 -0.000090
1640 0 0 -0.000109
1645 0 0 -0.000138
1650 0 0 -0.000160
1655 0 0 -0.000161
1660 0 0 -0.000148
1665 0 0 -0.000130
1670 0 0 -0.000117
1675 0 0 -0.000110
1680 0 0 -0.000110
1685 0 0 -0.000117
1690 0 0 -0.000131
1695 0 0 -0.000150
1700 0 0 -0.000174
1705 0 0 -0.000199
1710 0 0 -0.000220
1715 0 0 -0.000233
1720 0 0 -0.000237
1725 0 0 -0.000230
1730 0 0 -0.000211
1735 0 0 -0.000186
1740 0 0 -0.000160
1745 0 0 -0.000139
1750 0 0 -0.000127
1755 0 0 -0.000130
1760 0 0 -0.000147
1765 0 0 -0.000166
1770 0 0 -0.000170
1775 0 0 -0.000148
1780 0 0 -0.000114
1785 0 0 -0.000090
1790 0 0 -0.000091
1795 0 0 -0.000109
1800 0 0 -0.000130
1805 0 0 -0.000143
1810 0 0 -0.000144
1815 0 0 -0.000130
1820 0 0 -0.000103
1825 0 0 -0.000079
1830 0 0 -0.000080
1835 0 0 -0.000118
1840 0 0 -0.000169
1845 0 0 -0.000200
1850 0 0 -0.000189
1855 0 0 -0.000156
1860 0 0 -0.000130
1865 0 0 -0.000132
1870 0 0 -0.000152
1875 0 0 -0.000170
1880 0 0 -0.000174
1885 0 0 -0.000172
1890 0 0 -0.000180
1895 0 0 -0.000213
1900 0 0 -0.000287
1905 0 0 -0.000420
1910 0 0 -0.000615
1915 0 0 -0.000820
1920 0 0 -0.000970
1925 0 0 -0.001020
1930 0 0 -0.001005
1935 0 0 -0.000980
1940 0 0 -0.000985
1945 0 0 -0.001000
1950 0 0 -0.000990
1955 0 0 -0.000934
1960 0 0 -0.000862
1965 0 0 -0.000820
1970 0 0 -0.000841
1975 0 0 -0.000914
1980 0 0 -0.001020
1985 0 0 -0.001134
1990 0 0 -0.001226
1995 0 0 -0.001260
2000 0 0 -0.001217
2005 0 0 -0.001125
2010 0 0 -0.001030
2015 0 0 -0.000964
2020 0 0 -0.000928
2025 0 0 -0.000910
2030 0 0 -0.000894
2035 0 0 -0.000832
2040 0 0 -0.000670
2045 0 0 -0.000397
2050 0 0 -0.000182
2055 0 0 -0.000240
2060 0 0 -0.000693
2065 0 0 -0.001291
2070 0 0 -0.001690
2075 0 0 -0.001649
2080 0 0 -0.001326
2085 0 0 -0.000980
2090 0 0 -0.000808
2095 0 0 -0.000751
2100 0 0 -0.000690
2105 0 0 -0.000537
2110 0 0 -0.000341
2115 0 0 -0.000180
2120 0 0 -0.000116
2125 0 0 -0.000130
2130 0 0 -0.000180
2135 0 0 -0.000233
2140 0 0 -0.000276
2145 0 0 -0.000300
2150 0 0 -0.000301
2155 0 0 -0.000285
2160 0 0 -0.000260
2165 0 0 -0.000236
2170 0 0 -0.000238
2175 0 0 -0.000290
2180 0 0 -0.000403
2185 0 0 -0.000523
2190 0 0 -0.000580
2195 0 0 -0.000526
2200 0 0 -0.000412
2205 0 0 -0.000310
2210 0 0 -0.000274
2215 0 0 -0.000282
2220 0 0 -0.000290
2225 0 0 -0.000268
2230 0 0 -0.000227
2235 0 0 -0.000190
2240 0 0 -0.000174
2245 0 0 -0.000171
2250 0 0 -0.000170
2255 0 0 -0.000161
2260 0 0 -0.000154
2265 0 0 -0.000160
2270 0 0 -0.000187
2275 0 0 -0.000223
2280 0 0 -0.000250
2285 0 0 -0.000254
2290 0 0 -0.000239
2295 0 0 -0.000210
2300 0 0 -0.000176
2305 0 0 -0.000148
2310 0 0 -0.000140
2315 0 0 -0.000159
2320 0 0 -0.000190
2325 0 0 -0.000210
2330 0 0 -0.000206
2335 0 0 -0.000197
2340 0 0 -0.000210
2345 0 0 -0.000262
2350 0 0 -0.000322
2355 0 0 -0.000350
2360 0 0 -0.000318
2365 0 0 -0.000254
2370 0 0 -0.000200
2375 0 0 -0.000187
2380 0 0 -0.000201
2385 0 0 -0.000220
2390 0 0 -0.000225
2395 0 0 -0.000221
2400 0 0 -0.000220
2405 0 0 -0.000230
2410 0 0 -0.000253
2415 0 0 -0.000290
2420 0 0 -0.000337
2425 0 0 -0.000374
2430 0 0 -0.000380
2435 0 0 -0.000346
2440 0 0 -0.000319
2445 0 0 -0.000360
2450 0 0 -0.000506
2455 0 0 -0.000695
2460 0 0 -0.000840
2465 0 0 -0.000880
2470 0 0 -0.000857
2475 0 0 -0.000840
2480 0 0 -0.000879
2485 0 0 -0.000952
2490 0 0 -0.001020
2495 0 0 -0.001046
2500 0 0 -0.001009
2505 0 0 -0.000890
2510 0 0 -0.000689
2515 0 0 -0.000481
2520 0 0 -0.000360
2525 0 0 -0.000388
2530 0 0 -0.000496
2535 0 0 -0.000580
2540 0 0 -0.000565
2545 0 0 -0.000485
2550 0 0 -0.000400
2555 0 0 -0.000355
2560 0 0 -0.000337
2565 0 0 -0.000320
2570 0 0 -0.000283
2575 0 0 -0.000240
2580 0 0 -0.000210
2585 0 0 -0.000209
2590 0 0 -0.000224
2595 0 0 -0.000240
2600 0 0 -0.000243
2605 0 0 -0.000240
2610 0 0 -0.000240
2615 0 0 -0.000253
2620 0 0 -0.000274
2625 0 0 -0.000300
2630 0 0 -0.000324
2635 0 0 -0.000337
2640 0 0 -0.000330
2645 0 0 -0.000304
2650 0 0 -0.000298
2655 0 0 -0.000360
2660 0 0 -0.000513
2665 0 0 -0.000685
2670 0 0 -0.000780
2675 0 0 -0.000731
2680 0 0 -0.000596
2685 0 0 -0.000460
2690 0 0 -0.000391
2695 0 0 -0.000378
2700 0 0 -0.000390
2705 0 0 -0.000400
2710 0 0 -0.000402
2715 0 0 -0.000390
2720 0 0 -0.000364
2725 0 0 -0.000331
2730 0 0 -0.000300
2735 0 0 -0.000276
2740 0 0 -0.000258
2745 0 0 -0.000240
2750 0 0 -0.000220
2755 0 0 -0.000203
2760 0 0 -0.000200
2765 0 0 -0.000215
2770 0 0 -0.000239
2775 0 0 -0.000260
2780 0 0 -0.000267
2785 0 0 -0.000260
2790 0 0 -0.000240
2795 0 0 -0.000211
2800 0 0 -0.000181
2805 0 0 -0.000160
2810 0 0 -0.000158
2815 0 0 -0.000177
2820 0 0 -0.000220
2825 0 0 -0.000284
2830 0 0 -0.000341
2835 0 0 -0.000360
2840 0 0 -0.000320
2845 0 0 -0.000247
2850 0 0 -0.000180
2855 0 0 -0.000149
2860 0 0 -0.000147
2865 0 0 -0.000160
2870 0 0 -0.000174
2875 0 0 -0.000183
2880 0 0 -0.000180
2885 0 0 -0.000162
2890 0 0 -0.000136
2895 0 0 -0.000110
2900 0 0 -0.000093
2905 0 0 -0.000089
2910 0 0 -0.000100
2915 0 0 -0.000127
2920 0 0 -0.000156
2925 0 0 -0.000170
2930 0 0 -0.000158
2935 0 0 -0.000132
2940 0 0 -0.000110
2945 0 0 -0.000107
2950 0 0 -0.000122
2955 0 0 -0.000150
2960 0 0 -0.000185
2965 0 0 -0.000213
2970 0 0 -0.000220
2975 0 0 -0.000198
2980 0 0 -0.000161
2985 0 0 -0.000130
2990 0 0 -0.000122
2995 0 0 -0.000131
3000 0 0 -0.000150
3005 0 0 -0.000169
3010 0 0 -0.000178
3015 0 0 -0.000170
3020 0 0 -0.000140
3025 0 0 -0.000103
3030 0 0 -0.000080
3035 0 0 -0.000086
3040 0 0 -0.000111
3045 0 0 -0.000140
3050 0 0 -0.000159
3055 0 0 -0.000163
3060 0 0 -0.000150
3065 0 0 -0.000120
3070 0 0 -0.000090
3075 0 0 -0.000080
3080 0 0 -0.000103
3085 0 0 -0.000146
3090 0 0 -0.000190
3095 0 0 -0.000219
3100 0 0 -0.000229
3105 0 0 -0.000220
3110 0 0 -0.000194
3115 0 0 -0.000165
3120 0 0 -0.000150
3125 0 0 -0.000160
3130 0 0 -0.000183
3135 0 0 -0.000200
3140 0 0 -0.000197
3145 0 0 -0.000183
3150 0 0 -0.000170
3155 0 0 -0.000169
3160 0 0 -0.000172
3165 0 0 -0.000170
3170 0 0 -0.000154
3175 0 0 -0.000131
3180 0 0 -0.000110
3185 0 0 -0.000099
3190 0 0 -0.000099
3195 0 0 -0.000110
3200 0 0 -0.000131
3205 0 0 -0.000151
3210 0 0 -0.000160
3215 0 0 -0.000150
3220 0 0 -0.000131
3225 0 0 -0.000120
3230 0 0 -0.000127
3235 0 0 -0.000147
3240 0 0 -0.000170
3245 0 0 -0.000188
3250 0 0 -0.000196
3255 0 0 -0.000190
3260 0 0 -0.000169
3265 0 0 -0.000145
3270 0 0 -0.000130
3275 0 0 -0.000134
3280 0 0 -0.000148
3285 0 0 -0.000160
3290 0 0 -0.000158
3295 0 0 -0.000141
3300 0 0 -0.000110
3305 0 0 -0.000072
3310 0 0 -0.000061
3315 0 0 -0.000120
3320 0 0 -0.000268
3325 0 0 -0.000435
3330 0 0 -0.000530
3335 0 0 -0.000490
3340 0 0 -0.000371
3345 0 0 -0.000260
3350 0 0 -0.000222
3355 0 0 -0.000241
3360 0 0 -0.000280
3365 0 0 -0.000309
3370 0 0 -0.000317
3375 0 0 -0.000300
3380 0 0 -0.000259
3385 0 0 -0.000216
3390 0 0 -0.000200
3395 0 0 -0.000228
3400 0 0 -0.000274
3405 0 0 -0.000300
3410 0 0 -0.000282
3415 0 0 -0.000241
3420 0 0 -0.000210
3425 0 0 -0.000214
3430 0 0 -0.000239
3435 0 0 -0.000260
3440 0 0 -0.000260
3445 0 0 -0.000241
3450 0 0 -0.000210
3455 0 0 -0.000175
3460 0 0 -0.000145
3465 0 0 -0.000130
3470 0 0 -0.000135
3475 0 0 -0.000155
3480 0 0 -0.000180
3485 0 0 -0.000202
3490 0 0 -0.000216
3495 0 0 -0.000220
3500 0 0 -0.000211
3505 0 0 -0.000198
3510 0 0 -0.000190
3515 0 0 -0.000195
3520 0 0 -0.000218
3525 0 0 -0.000260
3530 0 0 -0.000319
3535 0 0 -0.000366
3540 0 0 -0.000370
3545 0 0 -0.000309
3550 0 0 -0.000214
3555 0 0 -0.000130
3560 0 0 -0.000093
3565 0 0 -0.000113
3570 0 0 -0.000190
3575 0 0 -0.000316
3580 0 0 -0.000437
3585 0 0 -0.000490
3590 0 0 -0.000433
3595 0 0 -0.000317
3600 0 0 -0.000220
3605 0 0 -0.000196
3610 0 0 -0.000224
3615 0 0 -0.000260
3620 0 0 -0.000272
3625 0 0 -0.000264
3630 0 0 -0.000250
3635 0 0 -0.000240
3640 0 0 -0.000237
3645 0 0 -0.000240
3650 0 0 -0.000248
3655 0 0 -0.000251
3660 0 0 -0.000240
3665 0 0 -0.000209
3670 0 0 -0.000173
3675 0 0 -0.000150
3680 0 0 -0.000153
3685 0 0 -0.000172
3690 0 0 -0.000190
3695 0 0 -0.000194
3700 0 0 -0.000183
3705 0 0 -0.000160
3710 0 0 -0.000130
3715 0 0 -0.000108
3720 0 0 -0.000110
3725 0 0 -0.000146
3730 0 0 -0.000191
3735 0 0 -0.000210
3740 0 0 -0.000183
3745 0 0 -0.000139
3750 0 0 -0.000120
3755 0 0 -0.000153
3760 0 0 -0.000216
3765 0 0 -0.000270
3770 0 0 -0.000288
3775 0 0 -0.000276
3780 0 0 -0.000250
3785 0 0 -0.000224
3790 0 0 -0.000206
3795 0 0 -0.000200
3800 0 0 -0.000210
3805 0 0 -0.000228
3810 0 0 -0.000240
3815 0 0 -0.000238
3820 0 0 -0.000221
3825 0 0 -0.000190
3830 0 0 -0.000152
3835 0 0 -0.000135
3840 0 0 -0.000170
3845 0 0 -0.000273
3850 0 0 -0.000395
3855 0 0 -0.000470
3860 0 0 -0.000452
3865 0 0 -0.000377
3870 0 0 -0.000300
3875 0 0 -0.000263
3880 0 0 -0.000260
3885 0 0 -0.000270
3890 0 0 -0.000275
3895 0 0 -0.000267
3900 0 0 -0.000240
3905 0 0 -0.000205
3910 0 0 -0.000248
3915 0 0 -0.000470
3920 0 0 -0.000917
3925 0 0 -0.001402
3930 0 0 -0.001680
3935 0 0 -0.001581
3940 0 0 -0.001236
3945 0 0 -0.000850
3950 0 0 -0.000589
3955 0 0 -0.000450
3960 0 0 -0.000390
3965 0 0 -0.000370
3970 0 0 -0.000361
3975 0 0 -0.000340
3980 0 0 -0.000292
3985 0 0 -0.000246
3990 0 0 -0.000240
3995 0 0 -0.000297
4000 0 0 -0.000378
4005 0 0 -0.000430
4010 0 0 -0.000416
4015 0 0 -0.000370
4020 0 0 -0.000340
4025 0 0 -0.000363
4030 0 0 -0.000418
4035 0 0 -0.000470
4040 0 0 -0.000491
4045 0 0 -0.000489
4050 0 0 -0.000480
4055 0 0 -0.000475
4060 0 0 -0.000470
4065 0 0 -0.000460
4070 0 0 -0.000439
4075 0 0 -0.000413
4080 0 0 -0.000390
4085 0 0 -0.000376
4090 0 0 -0.000370
4095 0 0 -0.000370
4100 0 0 -0.000373
4105 0 0 -0.000377
4110 0 0 -0.000380
4115 0 0 -0.000379
4120 0 0 -0.000370
4125 0 0 -0.000350
4130 0 0 -0.000317
4135 0 0 -0.000283
4140 0 0 -0.000260
4145 0 0 -0.000258
4150 0 0 -0.000272
4155 0 0 -0.000290
4160 0 0 -0.000304
4165 0 0 -0.000314
4170 0 0 -0.000320
4175 0 0 -0.000323
4180 0 0 -0.000326
4185 0 0 -0.000330
4190 0 0 -0.000337
4195 0 0 -0.000337
4200 0 0 -0.000320
4205 0 0 -0.000281
4210 0 0 -0.000237
4215 0 0 -0.000210
4220 0 0 -0.000214
4225 0 0 -0.000235
4230 0 0 -0.000250
4235 0 0 -0.000241
4240 0 0 -0.000212
4245 0 0 -0.000170
4250 0 0 -0.000125
4255 0 0 -0.000090
4260 0 0 -0.000080
4265 0 0 -0.000102
4270 0 0 -0.000137
4275 0 0 -0.000160
4280 0 0 -0.000153
4285 0 0 -0.000127
4290 0 0 -0.000100
4295 0 0 -0.000086
4300 0 0 -0.000089
4305 0 0 -0.000110
4310 0 0 -0.000146
4315 0 0 -0.000179
4320 0 0 -0.000190
4325 0 0 -0.000167
4330 0 0 -0.000133
4335 0 0 -0.000120
4340 0 0 -0.000149
4345 0 0 -0.000194
4350 0 0 -0.000220
4355 0 0 -0.000201
4360 0 0 -0.000157
4365 0 0 -0.000120
4370 0 0 -0.000112
4375 0 0 -0.000125
4380 0 0 -0.000140
4385 0 0 -0.000144
4390 0 0 -0.000137
4395 0 0 -0.000120
4400 0 0 -0.000099
4405 0 0 -0.000085
4410 0 0 -0.000090
4415 0 0 -0.000121
4420 0 0 -0.000157
4425 0 0 -0.000170
4430 0 0 -0.000144
4435 0 0 -0.000102
4440 0 0 -0.000080
4445 0 0 -0.000101
4450 0 0 -0.000144
4455 0 0 -0.000180
4460 0 0 -0.000185
4465 0 0 -0.000168
4470 0 0 -0.000150
4475 0 0 -0.000144
4480 0 0 -0.000149
4485 0 0 -0.000160
4490 0 0 -0.000172
4495 0 0 -0.000178
4500 0 0 -0.000170
4505 0 0 -0.000145
4510 0 0 -0.000116
4515 0 0 -0.000100
4520 0 0 -0.000109
4525 0 0 -0.000131
4530 0 0 -0.000150
4535 0 0 -0.000153
4540 0 0 -0.000144
4545 0 0 -0.000130
4550 0 0 -0.000118
4555 0 0 -0.000111
4560 0 0 -0.000110
4565 0 0 -0.000117
4570 0 0 -0.000132
4575 0 0 -0.000150
4580 0 0 -0.000171
4585 0 0 -0.000191
4590 0 0 -0.000210
4595 0 0 -0.000223
4600 0 0 -0.000226
4605 0 0 -0.000210
4610 0 0 -0.000175
4615 0 0 -0.000137
4620 0 0 -0.000120
4625 0 0 -0.000137
4630 0 0 -0.000169
4635 0 0 -0.000190
4640 0 0 -0.000180
4645 0 0 -0.000151
4650 0 0 -0.000120
4655 0 0 -0.000103
4660 0 0 -0.000100
4665 0 0 -0.000110
4670 0 0 -0.000128
4675 0 0 -0.000142
4680 0 0 -0.000140
4685 0 0 -0.000115
4690 0 0 -0.000086
4695 0 0 -0.000080
4700 0 0 -0.000113
4705 0 0 -0.000158
4710 0 0 -0.000180
4715 0 0 -0.000155
4720 0 0 -0.000112
4725 0 0 -0.000090
4730 0 0 -0.000117
4735 0 0 -0.000164
4740 0 0 -0.000190
4745 0 0 -0.000170
4750 0 0 -0.000142
4755 0 0 -0.000160
4760 0 0 -0.000258
4765 0 0 -0.000385
4770 0 0 -0.000470
4775 0 0 -0.000460
4780 0 0 -0.000387
4785 0 0 -0.000300
4790 0 0 -0.000241
4795 0 0 -0.000213
4800 0 0 -0.000210
4805 0 0 -0.000223
4810 0 0 -0.000239
4815 0 0 -0.000240
4820 0 0 -0.000217
4825 0 0 -0.000184
4830 0 0 -0.000160
4835 0 0 -0.000161
4840 0 0 -0.000183
4845 0 0 -0.000220
4850 0 0 -0.000263
4855 0 0 -0.000295
4860 0 0 -0.000300
4865 0 0 -0.000267
4870 0 0 -0.000223
4875 0 0 -0.000200
4880 0 0 -0.000220
4885 0 0 -0.000254
4890 0 0 -0.000260
4895 0 0 -0.000214
4900 0 0 -0.000158
4905 0 0 -0.000150
4910 0 0 -0.000227
4915 0 0 -0.000330
4920 0 0 -0.000380
4925 0 0 -0.000323
4930 0 0 -0.000210
4935 0 0 -0.000120
4940 0 0 -0.000111
4945 0 0 -0.000154
4950 0 0 -0.000200
4955 0 0 -0.000211
4960 0 0 -0.000192
4965 0 0 -0.000160
4970 0 0 -0.000131
4975 0 0 -0.000122
4980 0 0 -0.000150
4985 0 0 -0.000222
4990 0 0 -0.000296
4995 0 0 -0.000320
5000 0 0 -0.000264
5005 0 0 -0.000185
5010 0 0 -0.000160
5015 0 0 -0.000240
5020 0 0 -0.000361
5025 0 0 -0.000430
5030 0 0 -0.000382
5035 0 0 -0.000269
5040 0 0 -0.000170
5045 0 0 -0.000145
5050 0 0 -0.000172
5055 0 0 -0.000210
5060 0 0 -0.000225
5065 0 0 -0.000221
5070 0 0 -0.000210
5075 0 0 -0.000202
5080 0 0 -0.000199
5085 0 0 -0.000200
5090 0 0 -0.000202
5095 0 0 -0.000198
5100 0 0 -0.000180
5105 0 0 -0.000145
5110 0 0 -0.000111
5115 0 0 -0.000100
5120 0 0 -0.000127
5125 0 0 -0.000173
5130 0 0 -0.000210
5135 0 0 -0.000218
5140 0 0 -0.000203
5145 0 0 -0.000180
5150 0 0 -0.000161
5155 0 0 -0.000155
5160 0 0 -0.000170
5165 0 0 -0.000206
5170 0 0 -0.000237
5175 0 0 -0.000230
5180 0 0 -0.000171
5185 0 0 -0.000113
5190 0 0 -0.000130
5195 0 0 -0.000263
5200 0 0 -0.000430
5205 0 0 -0.000520
5210 0 0 -0.000455
5215 0 0 -0.000298
5220 0 0 -0.000150
5225 0 0 -0.000086
5230 0 0 -0.000092
5235 0 0 -0.000130
5240 0 0 -0.000170
5245 0 0 -0.000201
5250 0 0 -0.000220
5255 0 0 -0.000225
5260 0 0 -0.000225
5265 0 0 -0.000230
5270 0 0 -0.000247
5275 0 0 -0.000270
5280 0 0 -0.000290
5285 0 0 -0.000300
5290 0 0 -0.000297
5295 0 0 -0.000280
5300 0 0 -0.000252
5305 0 0 -0.000231
5310 0 0 -0.000240
5315 0 0 -0.000289
5320 0 0 -0.000332
5325 0 0 -0.000310
5330 0 0 -0.000197
5335 0 0 -0.000105
5340 0 0 -0.000180
5345 0 0 -0.000507
5350 0 0 -0.000927
5355 0 0 -0.001220
5360 0 0 -0.001233
5365 0 0 -0.001077
5370 0 0 -0.000930
5375 0 0 -0.000921
5380 0 0 -0.000993
5385 0 0 -0.001040
5390 0 0 -0.000984
5395 0 0 -0.000850
5400 0 0 -0.000690
5405 0 0 -0.000547
5410 0 0 -0.000435
5415 0 0 -0.000360
5420 0 0 -0.000327
5425 0 0 -0.000340
5430 0 0 -0.000400
5435 0 0 -0.000500
5440 0 0 -0.000592
5445 0 0 -0.000620
5450 0 0 -0.000548
5455 0 0 -0.000419
5460 0 0 -0.000300
5465 0 0 -0.000240
5470 0 0 -0.000230
5475 0 0 -0.000250
5480 0 0 -0.000277
5485 0 0 -0.000298
5490 0 0 -0.000300
5495 0 0 -0.000277
5500 0 0 -0.000251
5505 0 0 -0.000250
5510 0 0 -0.000293
5515 0 0 -0.000352
5520 0 0 -0.000390
5525 0 0 -0.000380
5530 0 0 -0.000340
5535 0 0 -0.000300
5540 0 0 -0.000283
5545 0 0 -0.000286
5550 0 0 -0.000300
5555 0 0 -0.000316
5560 0 0 -0.000326
5565 0 0 -0.000320
5570 0 0 -0.000293
5575 0 0 -0.000258
5580 0 0 -0.000230
5585 0 0 -0.000222
5590 0 0 -0.000231
5595 0 0 -0.000250
5600 0 0 -0.000272
5605 0 0 -0.000286
5610 0 0 -0.000280
5615 0 0 -0.000248
5620 0 0 -0.000207
5625 0 0 -0.000180
5630 0 0 -0.000183
5635 0 0 -0.000205
5640 0 0 -0.000230
5645 0 0 -0.000244
5650 0 0 -0.000244
5655 0 0 -0.000230
5660 0 0 -0.000206
5665 0 0 -0.000184
5670 0 0 -0.000180
5675 0 0 -0.000203
5680 0 0 -0.000237
5685 0 0 -0.000260
5690 0 0 -0.000256
5695 0 0 -0.000234
5700 0 0 -0.000210
5705 0 0 -0.000196
5710 0 0 -0.000191
5715 0 0 -0.000190
5720 0 0 -0.000188
5725 0 0 -0.000180
5730 0 0 -0.000160
5735 0 0 -0.000127
5740 0 0 -0.000096
5745 0 0 -0.000090
5750 0 0 -0.000119
5755 0 0 -0.000160
5760 0 0 -0.000180
5765 0 0 -0.000157
5770 0 0 -0.000113
5775 0 0 -0.000080
5780 0 0 -0.000081
5785 0 0 -0.000104
5790 0 0 -0.000130
5795 0 0 -0.000141
5800 0 0 -0.000137
5805 0 0 -0.000120
5810 0 0 -0.000096
5815 0 0 -0.000079
5820 0 0 -0.000090
5825 0 0 -0.000137
5830 0 0 -0.000192
5835 0 0 -0.000220
5840 0 0 -0.000197
5845 0 0 -0.000150
5850 0 0 -0.000120
5855 0 0 -0.000133
5860 0 0 -0.000168
5865 0 0 -0.000190
5870 0 0 -0.000174
5875 0 0 -0.000135
5880 0 0 -0.000100
5885 0 0 -0.000089
5890 0 0 -0.000099
5895 0 0 -0.000120
5900 0 0 -0.000143
5905 0 0 -0.000157
5910 0 0 -0.000150
5915 0 0 -0.000118
5920 0 0 -0.000082
5925 0 0 -0.000070
5930 0 0 -0.000100
5935 0 0 -0.000146
5940 0 0 -0.000170
5945 0 0 -0.000148
5950 0 0 -0.000105
5955 0 0 -0.000080
5960 0 0 -0.000099
5965 0 0 -0.000145
5970 0 0 -0.000190
5975 0 0 -0.000212
5980 0 0 -0.000213
5985 0 0 -0.000200
5990 0 0 -0.000180
5995 0 0 -0.000161
6000 0 0 -0.000150
6005 0 0 -0.000152
6010 0 0 -0.000162
6015 0 0 -0.000170
6020 0 0 -0.000171
6025 0 0 -0.000169
6030 0 0 -0.000170
6035 0 0 -0.000178
6040 0 0 -0.000183
6045 0 0 -0.000170
6050 0 0 -0.000132
6055 0 0 -0.000090
6060 0 0 -0.000070
6065 0 0 -0.000091
6070 0 0 -0.000132
6075 0 0 -0.000160
6080 0 0 -0.000155
6085 0 0 -0.000130
6090 0 0 -0.000110
6095 0 0 -0.000113
6100 0 0 -0.000133
6105 0 0 -0.000160
6110 0 0 -0.000184
6115 0 0 -0.000196
6120 0 0 -0.000190
6125 0 0 -0.000163
6130 0 0 -0.000132
6135 0 0 -0.000120
6140 0 0 -0.000140
6145 0 0 -0.000170
6150 0 0 -0.000180
6155 0 0 -0.000150
6160 0 0 -0.000102
6165 0 0 -0.000070
6170 0 0 -0.000078
6175 0 0 -0.000109
6180 0 0 -0.000140
6185 0 0 -0.000150
6190 0 0 -0.000138
6195 0 0 -0.000110
6200 0 0 -0.000075
6205 0 0 -0.000066
6210 0 0 -0.000120
6215 0 0 -0.000254
6220 0 0 -0.000405
6225 0 0 -0.000490
6230 0 0 -0.000453
6235 0 0 -0.000351
6240 0 0 -0.000270
6245 0 0 -0.000270
6250 0 0 -0.000316
6255 0 0 -0.000350
6260 0 0 -0.000328
6265 0 0 -0.000272
6270 0 0 -0.000220
6275 0 0 -0.000201
6280 0 0 -0.000212
6285 0 0 -0.000240
6290 0 0 -0.000274
6295 0 0 -0.000302
6300 0 0 -0.000310
6305 0 0 -0.000292
6310 0 0 -0.000262
6315 0 0 -0.000240
6320 0 0 -0.000239
6325 0 0 -0.000246
6330 0 0 -0.000240
6335 0 0 -0.000209
6340 0 0 -0.000171
6345 0 0 -0.000150
6350 0 0 -0.000165
6355 0 0 -0.000199
6360 0 0 -0.000230
6365 0 0 -0.000239
6370 0 0 -0.000230
6375 0 0 -0.000210
6380 0 0 -0.000189
6385 0 0 -0.000176
6390 0 0 -0.000180
6395 0 0 -0.000206
6400 0 0 -0.000237
6405 0 0 -0.000250
6410 0 0 -0.000230
6415 0 0 -0.000190
6420 0 0 -0.000150
6425 0 0 -0.000127
6430 0 0 -0.000131
6435 0 0 -0.000170
6440 0 0 -0.000245
6445 0 0 -0.000325
6450 0 0 -0.000370
6455 0 0 -0.000352
6460 0 0 -0.000292
6465 0 0 -0.000220
6470 0 0 -0.000164
6475 0 0 -0.000135
6480 0 0 -0.000140
6485 0 0 -0.000180
6490 0 0 -0.000235
6495 0 0 -0.000280
6500 0 0 -0.000295
6505 0 0 -0.000287
6510 0 0 -0.000270
6515 0 0 -0.000256
6520 0 0 -0.000249
6525 0 0 -0.000250
6530 0 0 -0.000259
6535 0 0 -0.000264
6540 0 0 -0.000250
6545 0 0 -0.000209
6550 0 0 -0.000163
6555 0 0 -0.000140
6560 0 0 -0.000160
6565 0 0 -0.000202
6570 0 0 -0.000240
6575 0 0 -0.000250
6580 0 0 -0.000234
6585 0 0 -0.000200
6590 0 0 -0.000158
6595 0 0 -0.000123
6600 0 0 -0.000110
6605 0 0 -0.000128
6610 0 0 -0.000160
6615 0 0 -0.000180
6620 0 0 -0.000173
6625 0 0 -0.000160
6630 0 0 -0.000170
6635 0 0 -0.000223
6640 0 0 -0.000292
6645 0 0 -0.000340
6650 0 0 -0.000340
6655 0 0 -0.000305
6660 0 0 -0.000260
6665 0 0 -0.000225
6670 0 0 -0.000202
6675 0 0 -0.000190
6680 0 0 -0.000187
6685 0 0 -0.000189
6690 0 0 -0.000190
6695 0 0 -0.000190
6700 0 0 -0.000204
6705 0 0 -0.000250
6710 0 0 -0.000336
6715 0 0 -0.000433
6720 0 0 -0.000500
6725 0 0 -0.000508
6730 0 0 -0.000467
6735 0 0 -0.000400
6740 0 0 -0.000327
6745 0 0 -0.000270
6750 0 0 -0.000250
6755 0 0 -0.000276
6760 0 0 -0.000310
6765 0 0 -0.000300
6770 0 0 -0.000224
6775 0 0 -0.000169
6780 0 0 -0.000250
6785 0 0 -0.000543
6790 0 0 -0.000964
6795 0 0 -0.001390
6800 0 0 -0.001710
6805 0 0 -0.001861
6810 0 0 -0.001790
6815 0 0 -0.001480
6820 0 0 -0.001057
6825 0 0 -0.000680
6830 0 0 -0.000471
6835 0 0 -0.000398
6840 0 0 -0.000390
6845 0 0 -0.000388
6850 0 0 -0.000376
6855 0 0 -0.000350
6860 0 0 -0.000311
6865 0 0 -0.000282
6870 0 0 -0.000290
6875 0 0 -0.000350
6880 0 0 -0.000431
6885 0 0 -0.000490
6890 0 0 -0.000495
6895 0 0 -0.000463
6900 0 0 -0.000420
6905 0 0 -0.000389
6910 0 0 -0.000365
6915 0 0 -0.000340
6920 0 0 -0.000309
6925 0 0 -0.000286
6930 0 0 -0.000290
6935 0 0 -0.000332
6940 0 0 -0.000387
6945 0 0 -0.000420
6950 0 0 -0.000408
6955 0 0 -0.000369
6960 0 0 -0.000330
6965 0 0 -0.000313
6970 0 0 -0.000311
6975 0 0 -0.000310
6980 0 0 -0.000300
6985 0 0 -0.000286
6990 0 0 -0.000280
6995 0 0 -0.000287
7000 0 0 -0.000297
7005 0 0 -0.000300
7010 0 0 -0.000286
7015 0 0 -0.000262
7020 0 0 -0.000240
7025 0 0 -0.000229
7030 0 0 -0.000233
7035 0 0 -0.000250
7040 0 0 -0.000280
7045 0 0 -0.000314
7050 0 0 -0.000340
7055 0 0 -0.000350
7060 0 0 -0.000342
7065 0 0 -0.000320
7070 0 0 -0.000286
7075 0 0 -0.000254
7080 0 0 -0.000240
7085 0 0 -0.000252
7090 0 0 -0.000270
7095 0 0 -0.000270
7100 0 0 -0.000234
7105 0 0 -0.000184
7110 0 0 -0.000150
7115 0 0 -0.000153
7120 0 0 -0.000178
7125 0 0 -0.000200
7130 0 0 -0.000200
7135 0 0 -0.000180
7140 0 0 -0.000150
7145 0 0 -0.000118
7150 0 0 -0.000097
7155 0 0 -0.000100
7160 0 0 -0.000132
7165 0 0 -0.000172
7170 0 0 -0.000190
7175 0 0 -0.000168
7180 0 0 -0.000127
7185 0 0 -0.000100
7190 0 0 -0.000110
7195 0 0 -0.000144
7200 0 0 -0.000180
7205 0 0 -0.000199
7210 0 0 -0.000198
7215 0 0 -0.000180
7220 0 0 -0.000150
7225 0 0 -0.000123
7230 0 0 -0.000120
7235 0 0 -0.000150
7240 0 0 -0.000188
7245 0 0 -0.000200
7250 0 0 -0.000164
7255 0 0 -0.000108
7260 0 0 -0.000070
7265 0 0 -0.000079
7270 0 0 -0.000116
7275 0 0 -0.000150
7280 0 0 -0.000157
7285 0 0 -0.000143
7290 0 0 -0.000120
7295 0 0 -0.000100
7300 0 0 -0.000091
7305 0 0 -0.000100
7310 0 0 -0.000130
7315 0 0 -0.000163
7320 0 0 -0.000180
7325 0 0 -0.000166
7330 0 0 -0.000138
7335 0 0 -0.000120
7340 0 0 -0.000129
7345 0 0 -0.000155
7350 0 0 -0.000180
7355 0 0 -0.000190
7360 0 0 -0.000185
7365 0 0 -0.000170
7370 0 0 -0.000149
7375 0 0 -0.000132
7380 0 0 -0.000130
7385 0 0 -0.000147
7390 0 0 -0.000168
7395 0 0 -0.000170
7400 0 0 -0.000140
7405 0 0 -0.000099
7410 0 0 -0.000080
7415 0 0 -0.000102
7420 0 0 -0.000142
7425 0 0 -0.000170
7430 0 0 -0.000161
7435 0 0 -0.000133
7440 0 0 -0.000110
7445 0 0 -0.000112
7450 0 0 -0.000133
7455 0 0 -0.000160
7460 0 0 -0.000181
7465 0 0 -0.000197
7470 0 0 -0.000210
7475 0 0 -0.000220
7480 0 0 -0.000222
7485 0 0 -0.000210
7490 0 0 -0.000182
7495 0 0 -0.000150
7500 0 0 -0.000130
7505 0 0 -0.000134
7510 0 0 -0.000153
7515 0 0 -0.000170
7520 0 0 -0.000174
7525 0 0 -0.000164
7530 0 0 -0.000140
7535 0 0 -0.000107
7540 0 0 -0.000081
7545 0 0 -0.000080
7550 0 0 -0.000114
7555 0 0 -0.000159
7560 0 0 -0.000180
7565 0 0 -0.000156
7570 0 0 -0.000111
7575 0 0 -0.000080
7580 0 0 -0.000087
7585 0 0 -0.000119
7590 0 0 -0.000150
7595 0 0 -0.000162
7600 0 0 -0.000159
7605 0 0 -0.000150
7610 0 0 -0.000145
7615 0 0 -0.000144
7620 0 0 -0.000150
7625 0 0 -0.000161
7630 0 0 -0.000175
7635 0 0 -0.000190
7640 0 0 -0.000203
7645 0 0 -0.000218
7650 0 0 -0.000240
7655 0 0 -0.000270
7660 0 0 -0.000298
7665 0 0 -0.000310
7670 0 0 -0.000296
7675 0 0 -0.000268
7680 0 0 -0.000240
7685 0 0 -0.000225
7690 0 0 -0.000226
7695 0 0 -0.000240
7700 0 0 -0.000264
7705 0 0 -0.000281
7710 0 0 -0.000270
7715 0 0 -0.000223
7720 0 0 -0.000174
7725 0 0 -0.000170
7730 0 0 -0.000238
7735 0 0 -0.000338
7740 0 0 -0.000410
7745 0 0 -0.000411
7750 0 0 -0.000363
7755 0 0 -0.000300
7760 0 0 -0.000254
7765 0 0 -0.000233
7770 0 0 -0.000240
7775 0 0 -0.000272
7780 0 0 -0.000308
7785 0 0 -0.000320
7790 0 0 -0.000293
7795 0 0 -0.000251
7800 0 0 -0.000230
7805 0 0 -0.000254
7810 0 0 -0.000296
7815 0 0 -0.000320
7820 0 0 -0.000299
7825 0 0 -0.000255
7830 0 0 -0.000220
7835 0 0 -0.000218
7840 0 0 -0.000243
7845 0 0 -0.000280
7850 0 0 -0.000313
7855 0 0 -0.000329
7860 0 0 -0.000310
7865 0 0 -0.000259
7870 0 0 -0.000241
7875 0 0 -0.000340
7880 0 0 -0.000602
7885 0 0 -0.000935
7890 0 0 -0.001210
7895 0 0 -0.001331
7900 0 0 -0.001325
7905 0 0 -0.001250
7910 0 0 -0.001151
7915 0 0 -0.001020
7920 0 0 -0.000840
7925 0 0 -0.000605
7930 0 0 -0.000369
7935 0 0 -0.000200
7940 0 0 -0.000146
7945 0 0 -0.000169
7950 0 0 -0.000210
7955 0 0 -0.000223
7960 0 0 -0.000213
7965 0 0 -0.000200
7970 0 0 -0.000198
7975 0 0 -0.000199
7980 0 0 -0.000190
7985 0 0 -0.000163
7990 0 0 -0.000131
7995 0 0 -0.000110
8000 0 0 -0.000113
8005 0 0 -0.000136
8010 0 0 -0.000170
8015 0 0 -0.000204
8020 0 0 -0.000228
8025 0 0 -0.000230
8030 0 0 -0.000204
8035 0 0 -0.000169
8040 0 0 -0.000150
8045 0 0 -0.000165
8050 0 0 -0.000197
8055 0 0 -0.000220
8060 0 0 -0.000217
8065 0 0 -0.000195
8070 0 0 -0.000170
8075 0 0 -0.000153
8080 0 0 -0.000144
8085 0 0 -0.000140
8090 0 0 -0.000140
8095 0 0 -0.000151
8100 0 0 -0.000180
8105 0 0 -0.000229
8110 0 0 -0.000278
8115 0 0 -0.000300
8120 0 0 -0.000278
8125 0 0 -0.000230
8130 0 0 -0.000180
8135 0 0 -0.000149
8140 0 0 -0.000140
8145 0 0 -0.000150
8150 0 0 -0.000175
8155 0 0 -0.000206
8160 0 0 -0.000230
8165 0 0 -0.000240
8170 0 0 -0.000238
8175 0 0 -0.000230
8180 0 0 -0.000222
8185 0 0 -0.000219
8190 0 0 -0.000230
8195 0 0 -0.000256
8200 0 0 -0.000285
8205 0 0 -0.000300
8210 0 0 -0.000292
8215 0 0 -0.000288
8220 0 0 -0.000320
8225 0 0 -0.000408
8230 0 0 -0.000507
8235 0 0 -0.000560
8240 0 0 -0.000526
8245 0 0 -0.000444
8250 0 0 -0.000370
8255 0 0 -0.000348
8260 0 0 -0.000361
8265 0 0 -0.000380
8270 0 0 -0.000382
8275 0 0 -0.000374
8280 0 0 -0.000370
8285 0 0 -0.000380
8290 0 0 -0.000394
8295 0 0 -0.000400
8300 0 0 -0.000388
8305 0 0 -0.000367
8310 0 0 -0.000350
8315 0 0 -0.000347
8320 0 0 -0.000356
8325 0 0 -0.000370
8330 0 0 -0.000386
8335 0 0 -0.000402
8340 0 0 -0.000420
8345 0 0 -0.000440
8350 0 0 -0.000458
8355 0 0 -0.000470
8360 0 0 -0.000473
8365 0 0 -0.000464
8370 0 0 -0.000440
8375 0 0 -0.000401
8380 0 0 -0.000355
8385 0 0 -0.000310
8390 0 0 -0.000275
8395 0 0 -0.000259
8400 0 0 -0.000270
8405 0 0 -0.000312
8410 0 0 -0.000364
8415 0 0 -0.000400
8420 0 0 -0.000401
8425 0 0 -0.000381
8430 0 0 -0.000360
8435 0 0 -0.000353
8440 0 0 -0.000354
8445 0 0 -0.000350
8450 0 0 -0.000334
8455 0 0 -0.000311
8460 0 0 -0.000290
8465 0 0 -0.000280
8470 0 0 -0.000280
8475 0 0 -0.000290
8480 0 0 -0.000306
8485 0 0 -0.000317
8490 0 0 -0.000310
8495 0 0 -0.000277
8500 0 0 -0.000236
8505 0 0 -0.000210
8510 0 0 -0.000216
8515 0 0 -0.000242
8520 0 0 -0.000270
8525 0 0 -0.000284
8530 0 0 -0.000279
8535 0 0 -0.000250
8540 0 0 -0.000199
8545 0 0 -0.000150
8550 0 0 -0.000130
8555 0 0 -0.000157
8560 0 0 -0.000204
8565 0 0 -0.000230
8570 0 0 -0.000210
8575 0 0 -0.000165
8580 0 0 -0.000130
8585 0 0 -0.000130
8590 0 0 -0.000154
8595 0 0 -0.000180
8600 0 0 -0.000191
8605 0 0 -0.000187
8610 0 0 -0.000170
8615 0 0 -0.000145
8620 0 0 -0.000124
8625 0 0 -0.000120
8630 0 0 -0.000139
8635 0 0 -0.000164
8640 0 0 -0.000170
8645 0 0 -0.000141
8650 0 0 -0.000099
8655 0 0 -0.000070
8660 0 0 -0.000076
8665 0 0 -0.000104
8670 0 0 -0.000130
8675 0 0 -0.000139
8680 0 0 -0.000132
8685 0 0 -0.000120
8690 0 0 -0.000109
8695 0 0 -0.000107
8700 0 0 -0.000120
8705 0 0 -0.000150
8710 0 0 -0.000180
8715 0 0 -0.000190
8720 0 0 -0.000168
8725 0 0 -0.000135
8730 0 0 -0.000120
8735 0 0 -0.000143
8740 0 0 -0.000183
8745 0 0 -0.000210
8750 0 0 -0.000201
8755 0 0 -0.000171
8760 0 0 -0.000140
8765 0 0 -0.000126
8770 0 0 -0.000126
8775 0 0 -0.000130
8780 0 0 -0.000132
8785 0 0 -0.000129
8790 0 0 -0.000120
8795 0 0 -0.000106
8800 0 0 -0.000096
8805 0 0 -0.000100
8810 0 0 -0.000124
8815 0 0 -0.000152
8820 0 0 -0.000160
8825 0 0 -0.000136
8830 0 0 -0.000099
8835 0 0 -0.000080
8840 0 0 -0.000098
8845 0 0 -0.000140
8850 0 0 -0.000180
8855 0 0 -0.000200
8860 0 0 -0.000202
8865 0 0 -0.000190
8870 0 0 -0.000171
8875 0 0 -0.000155
8880 0 0 -0.000150
8885 0 0 -0.000163
8890 0 0 -0.000184
8895 0 0 -0.000200
8900 0 0 -0.000202
8905 0 0 -0.000196
8910 0 0 -0.000190
8915 0 0 -0.000190
8920 0 0 -0.000187
8925 0 0 -0.000170
8930 0 0 -0.000132
8935 0 0 -0.000091
8940 0 0 -0.000070
8945 0 0 -0.000085
8950 0 0 -0.000120
8955 0 0 -0.000150
8960 0 0 -0.000157
8965 0 0 -0.000146
8970 0 0 -0.000130
8975 0 0 -0.000119
8980 0 0 -0.000118
8985 0 0 -0.000130
8990 0 0 -0.000156
8995 0 0 -0.000182
9000 0 0 -0.000190
9005 0 0 -0.000170
9010 0 0 -0.000141
9015 0 0 -0.000130
9020 0 0 -0.000154
9025 0 0 -0.000191
9030 0 0 -0.000210
9035 0 0 -0.000189
9040 0 0 -0.000146
9045 0 0 -0.000110
9050 0 0 -0.000103
9055 0 0 -0.000115
9060 0 0 -0.000130
9065 0 0 -0.000135
9070 0 0 -0.000130
9075 0 0 -0.000120
9080 0 0 -0.000108
9085 0 0 -0.000102
9090 0 0 -0.000110
9095 0 0 -0.000136
9100 0 0 -0.000170
9105 0 0 -0.000200
9110 0 0 -0.000217
9115 0 0 -0.000224
9120 0 0 -0.000230
9125 0 0 -0.000240
9130 0 0 -0.000249
9135 0 0 -0.000250
9140 0 0 -0.000238
9145 0 0 -0.000221
9150 0 0 -0.000210
9155 0 0 -0.000214
9160 0 0 -0.000227
9165 0 0 -0.000240
9170 0 0 -0.000246
9175 0 0 -0.000242
9180 0 0 -0.000230
9185 0 0 -0.000210
9190 0 0 -0.000187
9195 0 0 -0.000170
9200 0 0 -0.000163
9205 0 0 -0.000162
9210 0 0 -0.000160
9215 0 0 -0.000153
9220 0 0 -0.000150
9225 0 0 -0.000160
9230 0 0 -0.000192
9235 0 0 -0.000238
9240 0 0 -0.000290
9245 0 0 -0.000337
9250 0 0 -0.000370
9255 0 0 -0.000380
9260 0 0 -0.000363
9265 0 0 -0.000331
9270 0 0 -0.000300
9275 0 0 -0.000283
9280 0 0 -0.000276
9285 0 0 -0.000270
9290 0 0 -0.000259
9295 0 0 -0.000247
9300 0 0 -0.000240
9305 0 0 -0.000241
9310 0 0 -0.000243
9315 0 0 -0.000240
9320 0 0 -0.000225
9325 0 0 -0.000205
9330 0 0 -0.000190
9335 0 0 -0.000188
9340 0 0 -0.000209
9345 0 0 -0.000260
9350 0 0 -0.000343
9355 0 0 -0.000426
9360 0 0 -0.000470
9365 0 0 -0.000448
9370 0 0 -0.000384
9375 0 0 -0.000310
9380 0 0 -0.000256
9385 0 0 -0.000227
9390 0 0 -0.000220
9395 0 0 -0.000233
9400 0 0 -0.000256
9405 0 0 -0.000280
9410 0 0 -0.000300
9415 0 0 -0.000340
9420 0 0 -0.000430
9425 0 0 -0.000580
9430 0 0 -0.000725
9435 0 0 -0.000780
9440 0 0 -0.000690
9445 0 0 -0.000521
9450 0 0 -0.000370
9455 0 0 -0.000308
9460 0 0 -0.000311
9465 0 0 -0.000330
9470 0 0 -0.000326
9475 0 0 -0.000307
9480 0 0 -0.000290
9485 0 0 -0.000287
9490 0 0 -0.000292
9495 0 0 -0.000290
9500 0 0 -0.000274
9505 0 0 -0.000250
9510 0 0 -0.000230
9515 0 0 -0.000221
9520 0 0 -0.000220
9525 0 0 -0.000220
9530 0 0 -0.000218
9535 0 0 -0.000216
9540 0 0 -0.000220
9545 0 0 -0.000232
9550 0 0 -0.000248
9555 0 0 -0.000260
9560 0 0 -0.000262
9565 0 0 -0.000258
9570 0 0 -0.000250
9575 0 0 -0.000244
9580 0 0 -0.000245
9585 0 0 -0.000260
9590 0 0 -0.000291
9595 0 0 -0.000321
9600 0 0 -0.000330
9605 0 0 -0.000304
9610 0 0 -0.000262
9615 0 0 -0.000230
9620 0 0 -0.000228
9625 0 0 -0.000246
9630 0 0 -0.000270
9635 0 0 -0.000286
9640 0 0 -0.000298
9645 0 0 -0.000310
9650 0 0 -0.000327
9655 0 0 -0.000337
9660 0 0 -0.000330
9665 0 0 -0.000301
9670 0 0 -0.000286
9675 0 0 -0.000330
9680 0 0 -0.000457
9685 0 0 -0.000610
9690 0 0 -0.000710
9695 0 0 -0.000700
9700 0 0 -0.000615
9705 0 0 -0.000510
9710 0 0 -0.000432
9715 0 0 -0.000384
9720 0 0 -0.000360
9725 0 0 -0.000352
9730 0 0 -0.000349
9735 0 0 -0.000340
9740 0 0 -0.000318
9745 0 0 -0.000295
9750 0 0 -0.000290
9755 0 0 -0.000313
9760 0 0 -0.000347
9765 0 0 -0.000370
9770 0 0 -0.000366
9775 0 0 -0.000346
9780 0 0 -0.000330
9785 0 0 -0.000330
9790 0 0 -0.000338
9795 0 0 -0.000340
9800 0 0 -0.000327
9805 0 0 -0.000312
9810 0 0 -0.000310
9815 0 0 -0.000332
9820 0 0 -0.000361
9825 0 0 -0.000370
9830 0 0 -0.000344
9835 0 0 -0.000304
9840 0 0 -0.000280
9845 0 0 -0.000292
9850 0 0 -0.000324
9855 0 0 -0.000350
9860 0 0 -0.000351
9865 0 0 -0.000334
9870 0 0 -0.000310
9875 0 0 -0.000291
9880 0 0 -0.000277
9885 0 0 -0.000270
9890 0 0 -0.000268
9895 0 0 -0.000269
9900 0 0 -0.000270
9905 0 0 -0.000268
9910 0 0 -0.000264
9915 0 0 -0.000260
9920 0 0 -0.000256
9925 0 0 -0.000253
9930 0 0 -0.000250
9935 0 0 -0.000248
9940 0 0 -0.000247
9945 0 0 -0.000250
9950 0 0 -0.000256
9955 0 0 -0.000264
9960 0 0 -0.000270
9965 0 0 -0.000273
9970 0 0 -0.000277
9975 0 0 -0.000290
9980 0 0 -0.000314
9985 0 0 -0.000339
9990 0 0 -0.000350
9995 0 0 -0.000338
10000 0 0 -0.000313
10005 0 0 -0.000290
10010 0 0 -0.000281
10015 0 0 -0.000278
10020 0 0 -0.000270
10025 0 0 -0.000250
10030 0 0 -0.000223
10035 0 0 -0.000200
10040 0 0 -0.000188
10045 0 0 -0.000186
10050 0 0 -0.000190
10055 0 0 -0.000197
10060 0 0 -0.000205
10065 0 0 -0.000210
10070 0 0 -0.000211
10075 0 0 -0.000205
