0 0 0 -0.000150
5 0 0 -0.000200
10 0 0 -0.000217
15 0 0 -0.000210
20 0 0 -0.000187
25 0 0 -0.000157
30 0 0 -0.000130
35 0 0 -0.000112
40 0 0 -0.000108
45 0 0 -0.000120
50 0 0 -0.000147
55 0 0 -0.000173
60 0 0 -0.000180
65 0 0 -0.000156
70 0 0 -0.000118
75 0 0 -0.000090
80 0 0 -0.000089
85 0 0 -0.000110
90 0 0 -0.000140
95 0 0 -0.000169
100 0 0 -0.000188
105 0 0 -0.000190
110 0 0 -0.000170
115 0 0 -0.000144
120 0 0 -0.000130
125 0 0 -0.000142
130 0 0 -0.000170
135 0 0 -0.000200
140 0 0 -0.000218
145 0 0 -0.000220
150 0 0 -0.000200
155 0 0 -0.000160
160 0 0 -0.000118
165 0 0 -0.000100
170 0 0 -0.000119
175 0 0 -0.000156
180 0 0 -0.000180
185 0 0 -0.000170
190 0 0 -0.000140
195 0 0 -0.000110
200 0 0 -0.000097
205 0 0 -0.000102
210 0 0 -0.000120
215 0 0 -0.000146
220 0 0 -0.000170
225 0 0 -0.000180
230 0 0 -0.000169
235 0 0 -0.000150
240 0 0 -0.000140
245 0 0 -0.000151
250 0 0 -0.000176
255 0 0 -0.000200
260 0 0 -0.000214
265 0 0 -0.000220
270 0 0 -0.000220
275 0 0 -0.000219
280 0 0 -0.000216
285 0 0 -0.000210
290 0 0 -0.000201
295 0 0 -0.000185
300 0 0 -0.000160
305 0 0 -0.000127
310 0 0 -0.000098
315 0 0 -0.000090
320 0 0 -0.000113
325 0 0 -0.000148
330 0 0 -0.000170
335 0 0 -0.000162
340 0 0 -0.000135
345 0 0 -0.000110
350 0 0 -0.000101
355 0 0 -0.000106
360 0 0 -0.000120
365 0 0 -0.000136
370 0 0 -0.000148
375 0 0 -0.000150
380 0 0 -0.000141
385 0 0 -0.000132
390 0 0 -0.000140
395 0 0 -0.000172
400 0 0 -0.000208
405 0 0 -0.000220
410 0 0 -0.000190
415 0 0 -0.000142
420 0 0 -0.000110
425 0 0 -0.000118
430 0 0 -0.000148
435 0 0 -0.000170
440 0 0 -0.000162
445 0 0 -0.000133
450 0 0 -0.000100
455 0 0 -0.000079
460 0 0 -0.000084
465 0 0 -0.000130
470 0 0 -0.000220
475 0 0 -0.000314
480 0 0 -0.000360
485 0 0 -0.000323
490 0 0 -0.000244
495 0 0 -0.000180
500 0 0 -0.000173
505 0 0 -0.000202
510 0 0 -0.000230
515 0 0 -0.000232
520 0 0 -0.000220
525 0 0 -0.000220
530 0 0 -0.000246
535 0 0 -0.000276
540 0 0 -0.000280
545 0 0 -0.000237
550 0 0 -0.000175
555 0 0 -0.000130
560 0 0 -0.000131
565 0 0 -0.000163
570 0 0 -0.000200
575 0 0 -0.000223
580 0 0 -0.000232
585 0 0 -0.000230
590 0 0 -0.000225
595 0 0 -0.000230
600 0 0 -0.000260
605 0 0 -0.000319
610 0 0 -0.000362
615 0 0 -0.000330
620 0 0 -0.000202
625 0 0 -0.000099
630 0 0 -0.000180
635 0 0 -0.000544
640 0 0 -0.001058
645 0 0 -0.001530
650 0 0 -0.001805
655 0 0 -0.001873
660 0 0 -0.001760
665 0 0 -0.001510
670 0 0 -0.001234
675 0 0 -0.001060
680 0 0 -0.001073
685 0 0 -0.001188
690 0 0 -0.001280
695 0 0 -0.001258
700 0 0 -0.001175
705 0 0 -0.001120
710 0 0 -0.001151
715 0 0 -0.001196
720 0 0 -0.001150
725 0 0 -0.000946
730 0 0 -0.000658
735 0 0 -0.000400
740 0 0 -0.000256
745 0 0 -0.000205
750 0 0 -0.000200
755 0 0 -0.000202
760 0 0 -0.000202
765 0 0 -0.000200
770 0 0 -0.000197
775 0 0 -0.000195
780 0 0 -0.000200
785 0 0 -0.000215
790 0 0 -0.000241
795 0 0 -0.000280
800 0 0 -0.000330
805 0 0 -0.000381
810 0 0 -0.000420
815 0 0 -0.000438
820 0 0 -0.000442
825 0 0 -0.000440
830 0 0 -0.000439
835 0 0 -0.000427
840 0 0 -0.000390
845 0 0 -0.000328
850 0 0 -0.000298
855 0 0 -0.000370
860 0 0 -0.000584
865 0 0 -0.000851
870 0 0 -0.001050
875 0 0 -0.001091
880 0 0 -0.001011
885 0 0 -0.000880
890 0 0 -0.000757
895 0 0 -0.000668
900 0 0 -0.000630
905 0 0 -0.000651
910 0 0 -0.000700
915 0 0 -0.000740
920 0 0 -0.000747
925 0 0 -0.000764
930 0 0 -0.000850
935 0 0 -0.001035
940 0 0 -0.001235
945 0 0 -0.001340
950 0 0 -0.001276
955 0 0 -0.001121
960 0 0 -0.000990
965 0 0 -0.000967
970 0 0 -0.001006
975 0 0 -0.001030
980 0 0 -0.000984
985 0 0 -0.000894
990 0 0 -0.000810
995 0 0 -0.000768
1000 0 0 -0.000761
1005 0 0 -0.000770
1010 0 0 -0.000778
1015 0 0 -0.000784
1020 0 0 -0.000790
1025 0 0 -0.000794
1030 0 0 -0.000783
1035 0 0 -0.000740
1040 0 0 -0.000665
1045 0 0 -0.000616
1050 0 0 -0.000670
1055 0 0 -0.000869
1060 0 0 -0.001128
1065 0 0 -0.001330
1070 0 0 -0.001387
1075 0 0 -0.001330
1080 0 0 -0.001220
1085 0 0 -0.001109
1090 0 0 -0.001019
1095 0 0 -0.000960
1100 0 0 -0.000940
1105 0 0 -0.000938
1110 0 0 -0.000930
1115 0 0 -0.000898
1120 0 0 -0.000860
1125 0 0 -0.000840
1130 0 0 -0.000854
1135 0 0 -0.000884
1140 0 0 -0.000900
1145 0 0 -0.000883
1150 0 0 -0.000848
1155 0 0 -0.000820
1160 0 0 -0.000816
1165 0 0 -0.000827
1170 0 0 -0.000840
1175 0 0 -0.000841
1180 0 0 -0.000828
1185 0 0 -0.000800
1190 0 0 -0.000762
1195 0 0 -0.000739
1200 0 0 -0.000760
1205 0 0 -0.000841
1210 0 0 -0.000937
1215 0 0 -0.000990
1220 0 0 -0.000960
1225 0 0 -0.000882
1230 0 0 -0.000810
1235 0 0 -0.000780
1240 0 0 -0.000765
1245 0 0 -0.000720
1250 0 0 -0.000616
1255 0 0 -0.000484
1260 0 0 -0.000370
1265 0 0 -0.000308
1270 0 0 -0.000289
1275 0 0 -0.000290
1280 0 0 -0.000294
1285 0 0 -0.000295
1290 0 0 -0.000290
1295 0 0 -0.000277
1300 0 0 -0.000259
1305 0 0 -0.000240
1310 0 0 -0.000223
1315 0 0 -0.000214
1320 0 0 -0.000220
1325 0 0 -0.000242
1330 0 0 -0.000264
1335 0 0 -0.000270
1340 0 0 -0.000246
1345 0 0 -0.000209
1350 0 0 -0.000180
1355 0 0 -0.000177
1360 0 0 -0.000191
1365 0 0 -0.000210
1370 0 0 -0.000221
1375 0 0 -0.000219
1380 0 0 -0.000200
1385 0 0 -0.000165
1390 0 0 -0.000132
1395 0 0 -0.000120
1400 0 0 -0.000143
1405 0 0 -0.000180
1410 0 0 -0.000200
1415 0 0 -0.000184
1420 0 0 -0.000146
1425 0 0 -0.000110
1430 0 0 -0.000095
1435 0 0 -0.000100
1440 0 0 -0.000120
1445 0 0 -0.000146
1450 0 0 -0.000165
1455 0 0 -0.000160
1460 0 0 -0.000123
1465 0 0 -0.000081
1470 0 0 -0.000070
1475 0 0 -0.000112
1480 0 0 -0.000176
1485 0 0 -0.000220
1490 0 0 -0.000213
1495 0 0 -0.000176
1500 0 0 -0.000140
1505 0 0 -0.000131
1510 0 0 -0.000142
1515 0 0 -0.000160
1520 0 0 -0.000173
1525 0 0 -0.000175
1530 0 0 -0.000160
1535 0 0 -0.000127
1540 0 0 -0.000093
1545 0 0 -0.000080
1550 0 0 -0.000102
1555 0 0 -0.000138
1560 0 0 -0.000160
1565 0 0 -0.000147
1570 0 0 -0.000115
1575 0 0 -0.000090
1580 0 0 -0.000090
1585 0 0 -0.000109
1590 0 0 -0.000130
1595 0 0 -0.000143
1600 0 0 -0.000146
1605 0 0 -0.000140
1610 0 0 -0.000128
1615 0 0 -0.000121
1620 0 0 -0.000130
1625 0 0 -0.000161
1630 0 0 -0.000196
1635 0 0 -0.000210
1640 0 0 -0.000186
1645 0 0 -0.000146
1650 0 0 -0.000120
1655 0 0 -0.000128
1660 0 0 -0.000153
1665 0 0 -0.000170
1670 0 0 -0.000161
1675 0 0 -0.000137
1680 0 0 -0.000120
1685 0 0 -0.000124
1690 0 0 -0.000141
1695 0 0 -0.000160
1700 0 0 -0.000170
1705 0 0 -0.000171
1710 0 0 -0.000170
1715 0 0 -0.000168
1720 0 0 -0.000160
1725 0 0 -0.000140
1730 0 0 -0.000107
1735 0 0 -0.000079
1740 0 0 -0.000080
1745 0 0 -0.000122
1750 0 0 -0.000181
1755 0 0 -0.000220
1760 0 0 -0.000215
1765 0 0 -0.000183
1770 0 0 -0.000150
1775 0 0 -0.000138
1780 0 0 -0.000141
1785 0 0 -0.000150
1790 0 0 -0.000155
1795 0 0 -0.000153
1800 0 0 -0.000140
1805 0 0 -0.000117
1810 0 0 -0.000096
1815 0 0 -0.000090
1820 0 0 -0.000108
1825 0 0 -0.000132
1830 0 0 -0.000140
1835 0 0 -0.000117
1840 0 0 -0.000083
1845 0 0 -0.000070
1850 0 0 -0.000096
1855 0 0 -0.000137
1860 0 0 -0.000160
1865 0 0 -0.000142
1870 0 0 -0.000104
1875 0 0 -0.000080
1880 0 0 -0.000095
1885 0 0 -0.000143
1890 0 0 -0.000210
1895 0 0 -0.000281
1900 0 0 -0.000345
1905 0 0 -0.000390
1910 0 0 -0.000407
1915 0 0 -0.000396
1920 0 0 -0.000360
1925 0 0 -0.000304
1930 0 0 -0.000247
1935 0 0 -0.000210
1940 0 0 -0.000206
1945 0 0 -0.000223
1950 0 0 -0.000240
1955 0 0 -0.000241
1960 0 0 -0.000226
1965 0 0 -0.000200
1970 0 0 -0.000168
1975 0 0 -0.000140
1980 0 0 -0.000130
1985 0 0 -0.000144
1990 0 0 -0.000165
1995 0 0 -0.000170
2000 0 0 -0.000146
2005 0 0 -0.000113
2010 0 0 -0.000100
2015 0 0 -0.000127
2020 0 0 -0.000175
2025 0 0 -0.000220
2030 0 0 -0.000240
2035 0 0 -0.000240
2040 0 0 -0.000230
2045 0 0 -0.000220
2050 0 0 -0.000211
2055 0 0 -0.000200
2060 0 0 -0.000187
2065 0 0 -0.000171
2070 0 0 -0.000150
2075 0 0 -0.000126
2080 0 0 -0.000108
2085 0 0 -0.000110
2090 0 0 -0.000137
2095 0 0 -0.000166
2100 0 0 -0.000170
2105 0 0 -0.000133
2110 0 0 -0.000090
2115 0 0 -0.000090
2120 0 0 -0.000169
2125 0 0 -0.000304
2130 0 0 -0.000460
2135 0 0 -0.000600
2140 0 0 -0.000679
2145 0 0 -0.000650
2150 0 0 -0.000495
2155 0 0 -0.000303
2160 0 0 -0.000190
2165 0 0 -0.000235
2170 0 0 -0.000363
2175 0 0 -0.000460
2180 0 0 -0.000443
2185 0 0 -0.000350
2190 0 0 -0.000250
2195 0 0 -0.000197
2200 0 0 -0.000184
2205 0 0 -0.000190
2210 0 0 -0.000196
2215 0 0 -0.000195
2220 0 0 -0.000180
2225 0 0 -0.000150
2230 0 0 -0.000120
2235 0 0 -0.000110
2240 0 0 -0.000131
2245 0 0 -0.000167
2250 0 0 -0.000190
2255 0 0 -0.000184
2260 0 0 -0.000158
2265 0 0 -0.000130
2270 0 0 -0.000116
2275 0 0 -0.000118
2280 0 0 -0.000140
2285 0 0 -0.000178
2290 0 0 -0.000215
2295 0 0 -0.000230
2300 0 0 -0.000210
2305 0 0 -0.000174
2310 0 0 -0.000150
2315 0 0 -0.000159
2320 0 0 -0.000193
2325 0 0 -0.000240
2330 0 0 -0.000285
2335 0 0 -0.000316
2340 0 0 -0.000320
2345 0 0 -0.000291
2350 0 0 -0.000241
2355 0 0 -0.000190
2360 0 0 -0.000153
2365 0 0 -0.000141
2370 0 0 -0.000160
2375 0 0 -0.000213
2380 0 0 -0.000273
2385 0 0 -0.000310
2390 0 0 -0.000302
2395 0 0 -0.000271
2400 0 0 -0.000250
2405 0 0 -0.000265
2410 0 0 -0.000307
2415 0 0 -0.000360
2420 0 0 -0.000408
2425 0 0 -0.000441
2430 0 0 -0.000450
2435 0 0 -0.000427
2440 0 0 -0.000378
2445 0 0 -0.000310
2450 0 0 -0.000235
2455 0 0 -0.000185
2460 0 0 -0.000200
2465 0 0 -0.000299
2470 0 0 -0.000429
2475 0 0 -0.000520
2480 0 0 -0.000522
2485 0 0 -0.000462
2490 0 0 -0.000390
2495 0 0 -0.000345
2500 0 0 -0.000335
2505 0 0 -0.000360
2510 0 0 -0.000414
2515 0 0 -0.000467
2520 0 0 -0.000480
2525 0 0 -0.000432
2530 0 0 -0.000355
2535 0 0 -0.000300
2540 0 0 -0.000302
2545 0 0 -0.000350
2550 0 0 -0.000420
2555 0 0 -0.000490
2560 0 0 -0.000535
2565 0 0 -0.000530
2570 0 0 -0.000464
2575 0 0 -0.000377
2580 0 0 -0.000320
2585 0 0 -0.000330
2590 0 0 -0.000373
2595 0 0 -0.000400
2600 0 0 -0.000376
2605 0 0 -0.000323
2610 0 0 -0.000280
2615 0 0 -0.000273
2620 0 0 -0.000288
2625 0 0 -0.000300
2630 0 0 -0.000291
2635 0 0 -0.000277
2640 0 0 -0.000280
2645 0 0 -0.000316
2650 0 0 -0.000368
2655 0 0 -0.000410
2660 0 0 -0.000423
2665 0 0 -0.000413
2670 0 0 -0.000390
2675 0 0 -0.000366
2680 0 0 -0.000347
2685 0 0 -0.000340
2690 0 0 -0.000348
2695 0 0 -0.000362
2700 0 0 -0.000370
2705 0 0 -0.000363
2710 0 0 -0.000354
2715 0 0 -0.000360
2720 0 0 -0.000390
2725 0 0 -0.000425
2730 0 0 -0.000440
2735 0 0 -0.000418
2740 0 0 -0.000376
2745 0 0 -0.000340
2750 0 0 -0.000328
2755 0 0 -0.000332
2760 0 0 -0.000340
2765 0 0 -0.000339
2770 0 0 -0.000323
2775 0 0 -0.000290
2780 0 0 -0.000240
2785 0 0 -0.000193
2790 0 0 -0.000170
2795 0 0 -0.000186
2800 0 0 -0.000220
2805 0 0 -0.000240
2810 0 0 -0.000225
2815 0 0 -0.000193
2820 0 0 -0.000170
2825 0 0 -0.000175
2830 0 0 -0.000197
2835 0 0 -0.000220
2840 0 0 -0.000229
2845 0 0 -0.000221
2850 0 0 -0.000200
2855 0 0 -0.000168
2860 0 0 -0.000140
2865 0 0 -0.000130
2870 0 0 -0.000147
2875 0 0 -0.000173
2880 0 0 -0.000180
2885 0 0 -0.000153
2890 0 0 -0.000110
2895 0 0 -0.000080
2900 0 0 -0.000084
2905 0 0 -0.000108
2910 0 0 -0.000130
2915 0 0 -0.000135
2920 0 0 -0.000125
2925 0 0 -0.000110
2930 0 0 -0.000098
2935 0 0 -0.000096
2940 0 0 -0.000110
2945 0 0 -0.000143
2950 0 0 -0.000177
2955 0 0 -0.000190
2960 0 0 -0.000170
2965 0 0 -0.000137
2970 0 0 -0.000120
2975 0 0 -0.000140
2980 0 0 -0.000176
2985 0 0 -0.000200
2990 0 0 -0.000191
2995 0 0 -0.000161
3000 0 0 -0.000130
3005 0 0 -0.000114
3010 0 0 -0.000113
3015 0 0 -0.000120
3020 0 0 -0.000131
3025 0 0 -0.000137
3030 0 0 -0.000130
3035 0 0 -0.000106
3040 0 0 -0.000082
3045 0 0 -0.000080
3050 0 0 -0.000112
3055 0 0 -0.000153
3060 0 0 -0.000170
3065 0 0 -0.000142
3070 0 0 -0.000095
3075 0 0 -0.000070
3080 0 0 -0.000093
3085 0 0 -0.000144
3090 0 0 -0.000190
3095 0 0 -0.000205
3100 0 0 -0.000197
3105 0 0 -0.000180
3110 0 0 -0.000167
3115 0 0 -0.000160
3120 0 0 -0.000160
3125 0 0 -0.000167
3130 0 0 -0.000176
3135 0 0 -0.000180
3140 0 0 -0.000176
3145 0 0 -0.000167
3150 0 0 -0.000160
3155 0 0 -0.000158
3160 0 0 -0.000154
3165 0 0 -0.000140
3170 0 0 -0.000111
3175 0 0 -0.000084
3180 0 0 -0.000080
3185 0 0 -0.000110
3190 0 0 -0.000151
3195 0 0 -0.000170
3200 0 0 -0.000145
3205 0 0 -0.000102
3210 0 0 -0.000080
3215 0 0 -0.000104
3220 0 0 -0.000152
3225 0 0 -0.000190
3230 0 0 -0.000193
3235 0 0 -0.000173
3240 0 0 -0.000150
3245 0 0 -0.000141
3250 0 0 -0.000143
3255 0 0 -0.000150
3260 0 0 -0.000156
3265 0 0 -0.000154
3270 0 0 -0.000140
3275 0 0 -0.000112
3280 0 0 -0.000086
3285 0 0 -0.000080
3290 0 0 -0.000106
3295 0 0 -0.000140
3300 0 0 -0.000150
3305 0 0 -0.000118
3310 0 0 -0.000079
3315 0 0 -0.000080
3320 0 0 -0.000151
3325 0 0 -0.000250
3330 0 0 -0.000320
3335 0 0 -0.000319
3340 0 0 -0.000279
3345 0 0 -0.000250
3350 0 0 -0.000268
3355 0 0 -0.000311
3360 0 0 -0.000340
3365 0 0 -0.000329
3370 0 0 -0.000293
3375 0 0 -0.000260
3380 0 0 -0.000249
3385 0 0 -0.000254
3390 0 0 -0.000260
3395 0 0 -0.000256
3400 0 0 -0.000244
3405 0 0 -0.000230
3410 0 0 -0.000217
3415 0 0 -0.000207
3420 0 0 -0.000200
3425 0 0 -0.000195
3430 0 0 -0.000187
3435 0 0 -0.000170
3440 0 0 -0.000142
3445 0 0 -0.000116
3450 0 0 -0.000110
3455 0 0 -0.000134
3460 0 0 -0.000164
3465 0 0 -0.000170
3470 0 0 -0.000134
3475 0 0 -0.000089
3480 0 0 -0.000080
3485 0 0 -0.000138
3490 0 0 -0.000225
3495 0 0 -0.000290
3500 0 0 -0.000293
3505 0 0 -0.000249
3510 0 0 -0.000190
3515 0 0 -0.000141
3520 0 0 -0.000115
3525 0 0 -0.000120
3530 0 0 -0.000159
3535 0 0 -0.000208
3540 0 0 -0.000240
3545 0 0 -0.000232
3550 0 0 -0.000193
3555 0 0 -0.000140
3560 0 0 -0.000090
3565 0 0 -0.000063
3570 0 0 -0.000080
3575 0 0 -0.000149
3580 0 0 -0.000233
3585 0 0 -0.000280
3590 0 0 -0.000257
3595 0 0 -0.000195
3600 0 0 -0.000140
3605 0 0 -0.000129
3610 0 0 -0.000152
3615 0 0 -0.000190
3620 0 0 -0.000225
3625 0 0 -0.000249
3630 0 0 -0.000260
3635 0 0 -0.000255
3640 0 0 -0.000241
3645 0 0 -0.000230
3650 0 0 -0.000228
3655 0 0 -0.000225
3660 0 0 -0.000210
3665 0 0 -0.000175
3670 0 0 -0.000137
3675 0 0 -0.000120
3680 0 0 -0.000138
3685 0 0 -0.000174
3690 0 0 -0.000200
3695 0 0 -0.000198
3700 0 0 -0.000176
3705 0 0 -0.000150
3710 0 0 -0.000134
3715 0 0 -0.000128
3720 0 0 -0.000130
3725 0 0 -0.000139
3730 0 0 -0.000163
3735 0 0 -0.000210
3740 0 0 -0.000283
3745 0 0 -0.000355
3750 0 0 -0.000390
3755 0 0 -0.000366
3760 0 0 -0.000309
3765 0 0 -0.000260
3770 0 0 -0.000247
3775 0 0 -0.000256
3780 0 0 -0.000260
3785 0 0 -0.000243
3790 0 0 -0.000226
3795 0 0 -0.000240
3800 0 0 -0.000304
3805 0 0 -0.000387
3810 0 0 -0.000450
3815 0 0 -0.000462
3820 0 0 -0.000442
3825 0 0 -0.000420
3830 0 0 -0.000416
3835 0 0 -0.000412
3840 0 0 -0.000380
3845 0 0 -0.000310
3850 0 0 -0.000258
3855 0 0 -0.000300
3860 0 0 -0.000473
3865 0 0 -0.000668
3870 0 0 -0.000740
3875 0 0 -0.000599
3880 0 0 -0.000382
3885 0 0 -0.000280
3890 0 0 -0.000428
3895 0 0 -0.000726
3900 0 0 -0.001020
3905 0 0 -0.001184
3910 0 0 -0.001217
3915 0 0 -0.001150
3920 0 0 -0.001015
3925 0 0 -0.000844
3930 0 0 -0.000670
3935 0 0 -0.000521
3940 0 0 -0.000409
3945 0 0 -0.000340
3950 0 0 -0.000317
3955 0 0 -0.000324
3960 0 0 -0.000340
3965 0 0 -0.000348
3970 0 0 -0.000355
3975 0 0 -0.000370
3980 0 0 -0.000400
3985 0 0 -0.000430
3990 0 0 -0.000440
3995 0 0 -0.000417
4000 0 0 -0.000377
4005 0 0 -0.000340
4010 0 0 -0.000324
4015 0 0 -0.000326
4020 0 0 -0.000340
4025 0 0 -0.000358
4030 0 0 -0.000368
4035 0 0 -0.000360
4040 0 0 -0.000327
4045 0 0 -0.000292
4050 0 0 -0.000280
4055 0 0 -0.000309
4060 0 0 -0.000352
4065 0 0 -0.000370
4070 0 0 -0.000340
4075 0 0 -0.000292
4080 0 0 -0.000270
4085 0 0 -0.000305
4090 0 0 -0.000366
4095 0 0 -0.000410
4100 0 0 -0.000404
4105 0 0 -0.000367
4110 0 0 -0.000330
4115 0 0 -0.000316
4120 0 0 -0.000320
4125 0 0 -0.000330
4130 0 0 -0.000335
4135 0 0 -0.000334
4140 0 0 -0.000330
4145 0 0 -0.000323
4150 0 0 -0.000316
4155 0 0 -0.000310
4160 0 0 -0.000307
4165 0 0 -0.000310
4170 0 0 -0.000320
4175 0 0 -0.000338
4180 0 0 -0.000360
4185 0 0 -0.000380
4190 0 0 -0.000391
4195 0 0 -0.000384
4200 0 0 -0.000350
4205 0 0 -0.000286
4210 0 0 -0.000224
4215 0 0 -0.000200
4220 0 0 -0.000239
4225 0 0 -0.000303
4230 0 0 -0.000340
4235 0 0 -0.000314
4240 0 0 -0.000245
4245 0 0 -0.000170
4250 0 0 -0.000119
4255 0 0 -0.000096
4260 0 0 -0.000100
4265 0 0 -0.000126
4270 0 0 -0.000159
4275 0 0 -0.000180
4280 0 0 -0.000177
4285 0 0 -0.000158
4290 0 0 -0.000140
4295 0 0 -0.000134
4300 0 0 -0.000141
4305 0 0 -0.000160
4310 0 0 -0.000187
4315 0 0 -0.000209
4320 0 0 -0.000210
4325 0 0 -0.000181
4330 0 0 -0.000139
4335 0 0 -0.000110
4340 0 0 -0.000111
4345 0 0 -0.000131
4350 0 0 -0.000150
4355 0 0 -0.000153
4360 0 0 -0.000141
4365 0 0 -0.000120
4370 0 0 -0.000096
4375 0 0 -0.000082
4380 0 0 -0.000090
4385 0 0 -0.000126
4390 0 0 -0.000166
4395 0 0 -0.000180
4400 0 0 -0.000149
4405 0 0 -0.000099
4410 0 0 -0.000070
4415 0 0 -0.000089
4420 0 0 -0.000136
4425 0 0 -0.000180
4430 0 0 -0.000197
4435 0 0 -0.000191
4440 0 0 -0.000170
4445 0 0 -0.000145
4450 0 0 -0.000128
4455 0 0 -0.000130
4460 0 0 -0.000156
4465 0 0 -0.000185
4470 0 0 -0.000190
4475 0 0 -0.000154
4480 0 0 -0.000103
4485 0 0 -0.000070
4490 0 0 -0.000081
4495 0 0 -0.000118
4500 0 0 -0.000150
4505 0 0 -0.000156
4510 0 0 -0.000142
4515 0 0 -0.000120
4520 0 0 -0.000101
4525 0 0 -0.000093
4530 0 0 -0.000100
4535 0 0 -0.000125
4540 0 0 -0.000157
4545 0 0 -0.000180
4550 0 0 -0.000185
4555 0 0 -0.000178
4560 0 0 -0.000170
4565 0 0 -0.000170
4570 0 0 -0.000178
4575 0 0 -0.000190
4580 0 0 -0.000204
4585 0 0 -0.000216
4590 0 0 -0.000220
4595 0 0 -0.000214
4600 0 0 -0.000197
4605 0 0 -0.000170
4610 0 0 -0.000136
4615 0 0 -0.000105
4620 0 0 -0.000090
4625 0 0 -0.000099
4630 0 0 -0.000121
4635 0 0 -0.000140
4640 0 0 -0.000144
4645 0 0 -0.000135
4650 0 0 -0.000120
4655 0 0 -0.000104
4660 0 0 -0.000094
4665 0 0 -0.000100
4670 0 0 -0.000124
4675 0 0 -0.000150
4680 0 0 -0.000160
4685 0 0 -0.000141
4690 0 0 -0.000115
4695 0 0 -0.000110
4700 0 0 -0.000144
4705 0 0 -0.000193
4710 0 0 -0.000220
4715 0 0 -0.000201
4720 0 0 -0.000157
4725 0 0 -0.000120
4730 0 0 -0.000115
4735 0 0 -0.000131
4740 0 0 -0.000150
4745 0 0 -0.000155
4750 0 0 -0.000142
4755 0 0 -0.000110
4760 0 0 -0.000065
4765 0 0 -0.000046
4770 0 0 -0.000100
4775 0 0 -0.000249
4780 0 0 -0.000416
4785 0 0 -0.000500
4790 0 0 -0.000435
4795 0 0 -0.000290
4800 0 0 -0.000170
4805 0 0 -0.000152
4810 0 0 -0.000203
4815 0 0 -0.000260
4820 0 0 -0.000277
4825 0 0 -0.000262
4830 0 0 -0.000240
4835 0 0 -0.000230
4840 0 0 -0.000231
4845 0 0 -0.000240
4850 0 0 -0.000250
4855 0 0 -0.000251
4860 0 0 -0.000230
4865 0 0 -0.000182
4870 0 0 -0.000134
4875 0 0 -0.000120
4880 0 0 -0.000161
4885 0 0 -0.000220
4890 0 0 -0.000250
4895 0 0 -0.000216
4900 0 0 -0.000148
4905 0 0 -0.000090
4910 0 0 -0.000076
4915 0 0 -0.000096
4920 0 0 -0.000130
4925 0 0 -0.000159
4930 0 0 -0.000172
4935 0 0 -0.000160
4940 0 0 -0.000122
4945 0 0 -0.000090
4950 0 0 -0.000100
4955 0 0 -0.000175
4960 0 0 -0.000270
4965 0 0 -0.000320
4970 0 0 -0.000284
4975 0 0 -0.000200
4980 0 0 -0.000130
4985 0 0 -0.000117
4990 0 0 -0.000142
4995 0 0 -0.000170
5000 0 0 -0.000176
5005 0 0 -0.000167
5010 0 0 -0.000160
5015 0 0 -0.000168
5020 0 0 -0.000195
5025 0 0 -0.000240
5030 0 0 -0.000300
5035 0 0 -0.000350
5040 0 0 -0.000360
5045 0 0 -0.000313
5050 0 0 -0.000238
5055 0 0 -0.000180
5060 0 0 -0.000169
5065 0 0 -0.000188
5070 0 0 -0.000210
5075 0 0 -0.000213
5080 0 0 -0.000205
5085 0 0 -0.000200
5090 0 0 -0.000209
5095 0 0 -0.000220
5100 0 0 -0.000220
5105 0 0 -0.000199
5110 0 0 -0.000172
5115 0 0 -0.000160
5120 0 0 -0.000178
5125 0 0 -0.000209
5130 0 0 -0.000230
5135 0 0 -0.000223
5140 0 0 -0.000193
5145 0 0 -0.000150
5150 0 0 -0.000105
5155 0 0 -0.000070
5160 0 0 -0.000060
5165 0 0 -0.000082
5170 0 0 -0.000117
5175 0 0 -0.000140
5180 0 0 -0.000133
5185 0 0 -0.000105
5190 0 0 -0.000070
5195 0 0 -0.000044
5200 0 0 -0.000047
5205 0 0 -0.000100
5210 0 0 -0.000210
5215 0 0 -0.000338
5220 0 0 -0.000430
5225 0 0 -0.000451
5230 0 0 -0.000434
5235 0 0 -0.000430
5240 0 0 -0.000468
5245 0 0 -0.000496
5250 0 0 -0.000440
5255 0 0 -0.000270
5260 0 0 -0.000123
5265 0 0 -0.000180
5270 0 0 -0.000546
5275 0 0 -0.001023
5280 0 0 -0.001340
5285 0 0 -0.001305
5290 0 0 -0.001045
5295 0 0 -0.000770
5300 0 0 -0.000648
5305 0 0 -0.000690
5310 0 0 -0.000870
5315 0 0 -0.001141
5320 0 0 -0.001379
5325 0 0 -0.001440
5330 0 0 -0.001234
5335 0 0 -0.000877
5340 0 0 -0.000540
5345 0 0 -0.000352
5350 0 0 -0.000285
5355 0 0 -0.000270
5360 0 0 -0.000253
5365 0 0 -0.000235
5370 0 0 -0.000230
5375 0 0 -0.000251
5380 0 0 -0.000299
5385 0 0 -0.000370
5390 0 0 -0.000461
5395 0 0 -0.000562
5400 0 0 -0.000660
5405 0 0 -0.000741
5410 0 0 -0.000781
5415 0 0 -0.000750
5420 0 0 -0.000637
5425 0 0 -0.000492
5430 0 0 -0.000380
5435 0 0 -0.000349
5440 0 0 -0.000368
5445 0 0 -0.000390
5450 0 0 -0.000377
5455 0 0 -0.000337
5460 0 0 -0.000290
5465 0 0 -0.000254
5470 0 0 -0.000235
5475 0 0 -0.000240
5480 0 0 -0.000269
5485 0 0 -0.000311
5490 0 0 -0.000350
5495 0 0 -0.000372
5500 0 0 -0.000373
5505 0 0 -0.000350
5510 0 0 -0.000306
5515 0 0 -0.000270
5520 0 0 -0.000280
5525 0 0 -0.000355
5530 0 0 -0.000449
5535 0 0 -0.000500
5540 0 0 -0.000464
5545 0 0 -0.000379
5550 0 0 -0.000300
5555 0 0 -0.000270
5560 0 0 -0.000276
5565 0 0 -0.000290
5570 0 0 -0.000291
5575 0 0 -0.000276
5580 0 0 -0.000250
5585 0 0 -0.000217
5590 0 0 -0.000190
5595 0 0 -0.000180
5600 0 0 -0.000196
5605 0 0 -0.000228
5610 0 0 -0.000260
5615 0 0 -0.000280
5620 0 0 -0.000283
5625 0 0 -0.000270
5630 0 0 -0.000242
5635 0 0 -0.000218
5640 0 0 -0.000220
5645 0 0 -0.000261
5650 0 0 -0.000316
5655 0 0 -0.000350
5660 0 0 -0.000341
5665 0 0 -0.000307
5670 0 0 -0.000280
5675 0 0 -0.000280
5680 0 0 -0.000294
5685 0 0 -0.000300
5690 0 0 -0.000280
5695 0 0 -0.000240
5700 0 0 -0.000190
5705 0 0 -0.000142
5710 0 0 -0.000105
5715 0 0 -0.000090
5720 0 0 -0.000102
5725 0 0 -0.000129
5730 0 0 -0.000150
5735 0 0 -0.000152
5740 0 0 -0.000140
5745 0 0 -0.000120
5750 0 0 -0.000102
5755 0 0 -0.000095
5760 0 0 -0.000110
5765 0 0 -0.000151
5770 0 0 -0.000197
5775 0 0 -0.000220
5780 0 0 -0.000201
5785 0 0 -0.000161
5790 0 0 -0.000130
5795 0 0 -0.000129
5800 0 0 -0.000148
5805 0 0 -0.000170
5810 0 0 -0.000179
5815 0 0 -0.000173
5820 0 0 -0.000150
5825 0 0 -0.000115
5830 0 0 -0.000084
5835 0 0 -0.000080
5840 0 0 -0.000113
5845 0 0 -0.000159
5850 0 0 -0.000180
5855 0 0 -0.000154
5860 0 0 -0.000106
5865 0 0 -0.000070
5870 0 0 -0.000074
5875 0 0 -0.000105
5880 0 0 -0.000140
5885 0 0 -0.000161
5890 0 0 -0.000166
5895 0 0 -0.000160
5900 0 0 -0.000146
5905 0 0 -0.000136
5910 0 0 -0.000140
5915 0 0 -0.000165
5920 0 0 -0.000194
5925 0 0 -0.000200
5930 0 0 -0.000170
5935 0 0 -0.000126
5940 0 0 -0.000100
5945 0 0 -0.000115
5950 0 0 -0.000149
5955 0 0 -0.000170
5960 0 0 -0.000157
5965 0 0 -0.000125
5970 0 0 -0.000100
5975 0 0 -0.000101
5980 0 0 -0.000117
5985 0 0 -0.000130
5990 0 0 -0.000126
5995 0 0 -0.000115
6000 0 0 -0.000110
6005 0 0 -0.000121
6010 0 0 -0.000141
6015 0 0 -0.000160
6020 0 0 -0.000171
6025 0 0 -0.000178
6030 0 0 -0.000190
6035 0 0 -0.000209
6040 0 0 -0.000225
6045 0 0 -0.000220
6050 0 0 -0.000187
6055 0 0 -0.000145
6060 0 0 -0.000120
6065 0 0 -0.000130
6070 0 0 -0.000159
6075 0 0 -0.000180
6080 0 0 -0.000174
6085 0 0 -0.000149
6090 0 0 -0.000120
6095 0 0 -0.000099
6100 0 0 -0.000091
6105 0 0 -0.000100
6110 0 0 -0.000126
6115 0 0 -0.000153
6120 0 0 -0.000160
6125 0 0 -0.000136
6130 0 0 -0.000101
6135 0 0 -0.000080
6140 0 0 -0.000093
6145 0 0 -0.000125
6150 0 0 -0.000150
6155 0 0 -0.000152
6160 0 0 -0.000140
6165 0 0 -0.000130
6170 0 0 -0.000135
6175 0 0 -0.000150
6180 0 0 -0.000170
6185 0 0 -0.000186
6190 0 0 -0.000189
6195 0 0 -0.000170
6200 0 0 -0.000128
6205 0 0 -0.000099
6210 0 0 -0.000130
6215 0 0 -0.000245
6220 0 0 -0.000383
6225 0 0 -0.000460
6230 0 0 -0.000420
6235 0 0 -0.000314
6240 0 0 -0.000220
6245 0 0 -0.000197
6250 0 0 -0.000222
6255 0 0 -0.000250
6260 0 0 -0.000249
6265 0 0 -0.000226
6270 0 0 -0.000200
6275 0 0 -0.000186
6280 0 0 -0.000187
6285 0 0 -0.000200
6290 0 0 -0.000224
6295 0 0 -0.000250
6300 0 0 -0.000270
6305 0 0 -0.000279
6310 0 0 -0.000285
6315 0 0 -0.000300
6320 0 0 -0.000331
6325 0 0 -0.000365
6330 0 0 -0.000380
6335 0 0 -0.000363
6340 0 0 -0.000322
6345 0 0 -0.000270
6350 0 0 -0.000220
6355 0 0 -0.000183
6360 0 0 -0.000170
6365 0 0 -0.000185
6370 0 0 -0.000212
6375 0 0 -0.000230
6380 0 0 -0.000223
6385 0 0 -0.000199
6390 0 0 -0.000170
6395 0 0 -0.000148
6400 0 0 -0.000137
6405 0 0 -0.000140
6410 0 0 -0.000158
6415 0 0 -0.000177
6420 0 0 -0.000180
6425 0 0 -0.000159
6430 0 0 -0.000136
6435 0 0 -0.000140
6440 0 0 -0.000191
6445 0 0 -0.000268
6450 0 0 -0.000340
6455 0 0 -0.000380
6460 0 0 -0.000383
6465 0 0 -0.000350
6470 0 0 -0.000285
6475 0 0 -0.000213
6480 0 0 -0.000160
6485 0 0 -0.000147
6490 0 0 -0.000164
6495 0 0 -0.000190
6500 0 0 -0.000210
6505 0 0 -0.000220
6510 0 0 -0.000220
6515 0 0 -0.000211
6520 0 0 -0.000198
6525 0 0 -0.000190
6530 0 0 -0.000191
6535 0 0 -0.000191
6540 0 0 -0.000180
6545 0 0 -0.000151
6550 0 0 -0.000120
6555 0 0 -0.000110
6560 0 0 -0.000136
6565 0 0 -0.000181
6570 0 0 -0.000220
6575 0 0 -0.000235
6580 0 0 -0.000228
6585 0 0 -0.000210
6590 0 0 -0.000188
6595 0 0 -0.000169
6600 0 0 -0.000160
6605 0 0 -0.000167
6610 0 0 -0.000192
6615 0 0 -0.000240
6620 0 0 -0.000307
6625 0 0 -0.000365
6630 0 0 -0.000380
6635 0 0 -0.000332
6640 0 0 -0.000253
6645 0 0 -0.000190
6650 0 0 -0.000175
6655 0 0 -0.000186
6660 0 0 -0.000190
6665 0 0 -0.000162
6670 0 0 -0.000124
6675 0 0 -0.000110
6680 0 0 -0.000142
6685 0 0 -0.000199
6690 0 0 -0.000250
6695 0 0 -0.000271
6700 0 0 -0.000265
6705 0 0 -0.000240
6710 0 0 -0.000208
6715 0 0 -0.000182
6720 0 0 -0.000180
6725 0 0 -0.000210
6730 0 0 -0.000254
6735 0 0 -0.000290
6740 0 0 -0.000298
6745 0 0 -0.000279
6750 0 0 -0.000240
6755 0 0 -0.000189
6760 0 0 -0.000145
6765 0 0 -0.000130
6770 0 0 -0.000156
6775 0 0 -0.000201
6780 0 0 -0.000230
6785 0 0 -0.000222
6790 0 0 -0.000190
6795 0 0 -0.000160
6800 0 0 -0.000151
6805 0 0 -0.000165
6810 0 0 -0.000200
6815 0 0 -0.000250
6820 0 0 -0.000292
6825 0 0 -0.000300
6830 0 0 -0.000264
6835 0 0 -0.000250
6840 0 0 -0.000340
6845 0 0 -0.000578
6850 0 0 -0.000847
6855 0 0 -0.000990
6860 0 0 -0.000901
6865 0 0 -0.000670
6870 0 0 -0.000440
6875 0 0 -0.000320
6880 0 0 -0.000295
6885 0 0 -0.000320
6890 0 0 -0.000356
6895 0 0 -0.000386
6900 0 0 -0.000400
6905 0 0 -0.000392
6910 0 0 -0.000368
6915 0 0 -0.000340
6920 0 0 -0.000316
6925 0 0 -0.000299
6930 0 0 -0.000290
6935 0 0 -0.000292
6940 0 0 -0.000313
6945 0 0 -0.000360
6950 0 0 -0.000434
6955 0 0 -0.000503
6960 0 0 -0.000530
6965 0 0 -0.000489
6970 0 0 -0.000410
6975 0 0 -0.000340
6980 0 0 -0.000311
6985 0 0 -0.000315
6990 0 0 -0.000330
6995 0 0 -0.000339
7000 0 0 -0.000339
7005 0 0 -0.000330
7010 0 0 -0.000312
7015 0 0 -0.000288
7020 0 0 -0.000260
7025 0 0 -0.000232
7030 0 0 -0.000212
7035 0 0 -0.000210
7040 0 0 -0.000231
7045 0 0 -0.000258
7050 0 0 -0.000270
7055 0 0 -0.000254
7060 0 0 -0.000223
7065 0 0 -0.000200
7070 0 0 -0.000200
7075 0 0 -0.000214
7080 0 0 -0.000230
7085 0 0 -0.000236
7090 0 0 -0.000232
7095 0 0 -0.000220
7100 0 0 -0.000203
7105 0 0 -0.000190
7110 0 0 -0.000190
7115 0 0 -0.000209
7120 0 0 -0.000235
7125 0 0 -0.000250
7130 0 0 -0.000242
7135 0 0 -0.000221
7140 0 0 -0.000200
7145 0 0 -0.000190
7150 0 0 -0.000191
7155 0 0 -0.000200
7160 0 0 -0.000212
7165 0 0 -0.000218
7170 0 0 -0.000210
7175 0 0 -0.000183
7180 0 0 -0.000150
7185 0 0 -0.000130
7190 0 0 -0.000134
7195 0 0 -0.000153
7200 0 0 -0.000170
7205 0 0 -0.000173
7210 0 0 -0.000162
7215 0 0 -0.000140
7220 0 0 -0.000112
7225 0 0 -0.000093
7230 0 0 -0.000100
7235 0 0 -0.000141
7240 0 0 -0.000193
7245 0 0 -0.000220
7250 0 0 -0.000202
7255 0 0 -0.000160
7260 0 0 -0.000130
7265 0 0 -0.000135
7270 0 0 -0.000163
7275 0 0 -0.000190
7280 0 0 -0.000198
7285 0 0 -0.000186
7290 0 0 -0.000160
7295 0 0 -0.000125
7300 0 0 -0.000096
7305 0 0 -0.000090
7310 0 0 -0.000115
7315 0 0 -0.000152
7320 0 0 -0.000170
7325 0 0 -0.000152
7330 0 0 -0.000116
7335 0 0 -0.000090
7340 0 0 -0.000095
7345 0 0 -0.000118
7350 0 0 -0.000140
7355 0 0 -0.000146
7360 0 0 -0.000139
7365 0 0 -0.000130
7370 0 0 -0.000125
7375 0 0 -0.000128
7380 0 0 -0.000140
7385 0 0 -0.000160
7390 0 0 -0.000177
7395 0 0 -0.000180
7400 0 0 -0.000162
7405 0 0 -0.000141
7410 0 0 -0.000140
7415 0 0 -0.000172
7420 0 0 -0.000213
7425 0 0 -0.000230
7430 0 0 -0.000200
7435 0 0 -0.000148
7440 0 0 -0.000110
7445 0 0 -0.000113
7450 0 0 -0.000142
7455 0 0 -0.000170
7460 0 0 -0.000179
7465 0 0 -0.000175
7470 0 0 -0.000170
7475 0 0 -0.000173
7480 0 0 -0.000174
7485 0 0 -0.000160
7490 0 0 -0.000125
7495 0 0 -0.000089
7500 0 0 -0.000080
7505 0 0 -0.000115
7510 0 0 -0.000170
7515 0 0 -0.000210
7520 0 0 -0.000209
7525 0 0 -0.000181
7530 0 0 -0.000150
7535 0 0 -0.000135
7540 0 0 -0.000136
7545 0 0 -0.000150
7550 0 0 -0.000171
7555 0 0 -0.000186
7560 0 0 -0.000180
7565 0 0 -0.000146
7570 0 0 -0.000103
7575 0 0 -0.000080
7580 0 0 -0.000094
7585 0 0 -0.000127
7590 0 0 -0.000150
7595 0 0 -0.000143
7600 0 0 -0.000119
7605 0 0 -0.000100
7610 0 0 -0.000101
7615 0 0 -0.000113
7620 0 0 -0.000120
7625 0 0 -0.000114
7630 0 0 -0.000107
7635 0 0 -0.000120
7640 0 0 -0.000165
7645 0 0 -0.000229
7650 0 0 -0.000290
7655 0 0 -0.000332
7660 0 0 -0.000352
7665 0 0 -0.000350
7670 0 0 -0.000328
7675 0 0 -0.000302
7680 0 0 -0.000290
7685 0 0 -0.000301
7690 0 0 -0.000317
7695 0 0 -0.000310
7700 0 0 -0.000263
7705 0 0 -0.000199
7710 0 0 -0.000150
7715 0 0 -0.000141
7720 0 0 -0.000160
7725 0 0 -0.000190
7730 0 0 -0.000213
7735 0 0 -0.000225
7740 0 0 -0.000220
7745 0 0 -0.000201
7750 0 0 -0.000183
7755 0 0 -0.000190
7760 0 0 -0.000232
7765 0 0 -0.000281
7770 0 0 -0.000300
7775 0 0 -0.000265
7780 0 0 -0.000206
7785 0 0 -0.000170
7790 0 0 -0.000187
7795 0 0 -0.000228
7800 0 0 -0.000250
7805 0 0 -0.000224
7810 0 0 -0.000175
7815 0 0 -0.000140
7820 0 0 -0.000147
7825 0 0 -0.000177
7830 0 0 -0.000200
7835 0 0 -0.000193
7840 0 0 -0.000166
7845 0 0 -0.000140
7850 0 0 -0.000129
7855 0 0 -0.000133
7860 0 0 -0.000150
7865 0 0 -0.000173
7870 0 0 -0.000186
7875 0 0 -0.000170
7880 0 0 -0.000119
7885 0 0 -0.000079
7890 0 0 -0.000110
7895 0 0 -0.000245
7900 0 0 -0.000409
7905 0 0 -0.000500
7910 0 0 -0.000449
7915 0 0 -0.000317
7920 0 0 -0.000200
7925 0 0 -0.000167
7930 0 0 -0.000196
7935 0 0 -0.000240
7940 0 0 -0.000261
7945 0 0 -0.000260
7950 0 0 -0.000250
7955 0 0 -0.000239
7960 0 0 -0.000229
7965 0 0 -0.000220
7970 0 0 -0.000211
7975 0 0 -0.000198
7980 0 0 -0.000180
7985 0 0 -0.000155
7990 0 0 -0.000132
7995 0 0 -0.000120
8000 0 0 -0.000127
8005 0 0 -0.000147
8010 0 0 -0.000170
8015 0 0 -0.000188
8020 0 0 -0.000194
8025 0 0 -0.000180
8030 0 0 -0.000146
8035 0 0 -0.000114
8040 0 0 -0.000110
8045 0 0 -0.000151
8050 0 0 -0.000210
8055 0 0 -0.000250
8060 0 0 -0.000247
8065 0 0 -0.000222
8070 0 0 -0.000210
8075 0 0 -0.000235
8080 0 0 -0.000275
8085 0 0 -0.000300
8090 0 0 -0.000287
8095 0 0 -0.000252
8100 0 0 -0.000220
8105 0 0 -0.000211
8110 0 0 -0.000213
8115 0 0 -0.000210
8120 0 0 -0.000189
8125 0 0 -0.000158
8130 0 0 -0.000130
8135 0 0 -0.000116
8140 0 0 -0.000122
8145 0 0 -0.000150
8150 0 0 -0.000198
8155 0 0 -0.000241
8160 0 0 -0.000250
8165 0 0 -0.000207
8170 0 0 -0.000146
8175 0 0 -0.000110
8180 0 0 -0.000136
8185 0 0 -0.000217
8190 0 0 -0.000340
8195 0 0 -0.000481
8200 0 0 -0.000590
8205 0 0 -0.000610
8210 0 0 -0.000510
8215 0 0 -0.000369
8220 0 0 -0.000290
8225 0 0 -0.000343
8230 0 0 -0.000450
8235 0 0 -0.000500
8240 0 0 -0.000418
8245 0 0 -0.000284
8250 0 0 -0.000220
8255 0 0 -0.000309
8260 0 0 -0.000497
8265 0 0 -0.000690
8270 0 0 -0.000814
8275 0 0 -0.000853
8280 0 0 -0.000810
8285 0 0 -0.000694
8290 0 0 -0.000557
8295 0 0 -0.000460
8300 0 0 -0.000445
8305 0 0 -0.000482
8310 0 0 -0.000520
8315 0 0 -0.000522
8320 0 0 -0.000490
8325 0 0 -0.000440
8330 0 0 -0.000385
8335 0 0 -0.000341
8340 0 0 -0.000320
8345 0 0 -0.000331
8350 0 0 -0.000356
8355 0 0 -0.000370
8360 0 0 -0.000355
8365 0 0 -0.000325
8370 0 0 -0.000300
8375 0 0 -0.000296
8380 0 0 -0.000301
8385 0 0 -0.000300
8390 0 0 -0.000281
8395 0 0 -0.000260
8400 0 0 -0.000260
8405 0 0 -0.000294
8410 0 0 -0.000340
8415 0 0 -0.000370
8420 0 0 -0.000362
8425 0 0 -0.000336
8430 0 0 -0.000320
8435 0 0 -0.000334
8440 0 0 -0.000362
8445 0 0 -0.000380
8450 0 0 -0.000371
8455 0 0 -0.000348
8460 0 0 -0.000330
8465 0 0 -0.000331
8470 0 0 -0.000345
8475 0 0 -0.000360
8480 0 0 -0.000365
8485 0 0 -0.000359
8490 0 0 -0.000340
8495 0 0 -0.000310
8500 0 0 -0.000277
8505 0 0 -0.000250
8510 0 0 -0.000236
8515 0 0 -0.000234
8520 0 0 -0.000240
8525 0 0 -0.000250
8530 0 0 -0.000253
8535 0 0 -0.000240
8540 0 0 -0.000204
8545 0 0 -0.000163
8550 0 0 -0.000140
8555 0 0 -0.000149
8560 0 0 -0.000177
8565 0 0 -0.000200
8570 0 0 -0.000203
8575 0 0 -0.000189
8580 0 0 -0.000170
8585 0 0 -0.000155
8590 0 0 -0.000149
8595 0 0 -0.000160
8600 0 0 -0.000187
8605 0 0 -0.000215
8610 0 0 -0.000220
8615 0 0 -0.000191
8620 0 0 -0.000148
8625 0 0 -0.000120
8630 0 0 -0.000128
8635 0 0 -0.000157
8640 0 0 -0.000180
8645 0 0 -0.000179
8650 0 0 -0.000159
8655 0 0 -0.000130
8660 0 0 -0.000102
8665 0 0 -0.000086
8670 0 0 -0.000090
8675 0 0 -0.000119
8680 0 0 -0.000154
8685 0 0 -0.000170
8690 0 0 -0.000152
8695 0 0 -0.000116
8700 0 0 -0.000090
8705 0 0 -0.000093
8710 0 0 -0.000117
8715 0 0 -0.000150
8720 0 0 -0.000178
8725 0 0 -0.000194
8730 0 0 -0.000190
8735 0 0 -0.000166
8740 0 0 -0.000138
8745 0 0 -0.000130
8750 0 0 -0.000155
8755 0 0 -0.000192
8760 0 0 -0.000210
8765 0 0 -0.000187
8770 0 0 -0.000144
8775 0 0 -0.000110
8780 0 0 -0.000107
8785 0 0 -0.000123
8790 0 0 -0.000140
8795 0 0 -0.000143
8800 0 0 -0.000134
8805 0 0 -0.000120
8810 0 0 -0.000107
8815 0 0 -0.000102
8820 0 0 -0.000110
8825 0 0 -0.000133
8830 0 0 -0.000156
8835 0 0 -0.000160
8840 0 0 -0.000134
8845 0 0 -0.000100
8850 0 0 -0.000090
8855 0 0 -0.000124
8860 0 0 -0.000177
8865 0 0 -0.000210
8870 0 0 -0.000199
8875 0 0 -0.000164
8880 0 0 -0.000140
8885 0 0 -0.000149
8890 0 0 -0.000180
8895 0 0 -0.000210
8900 0 0 -0.000223
8905 0 0 -0.000220
8910 0 0 -0.000210
8915 0 0 -0.000198
8920 0 0 -0.000182
8925 0 0 -0.000160
8930 0 0 -0.000132
8935 0 0 -0.000105
8940 0 0 -0.000090
8945 0 0 -0.000094
8950 0 0 -0.000110
8955 0 0 -0.000130
8960 0 0 -0.000146
8965 0 0 -0.000151
8970 0 0 -0.000140
8975 0 0 -0.000113
8980 0 0 -0.000088
8985 0 0 -0.000090
8990 0 0 -0.000132
8995 0 0 -0.000188
9000 0 0 -0.000220
9005 0 0 -0.000203
9010 0 0 -0.000161
9015 0 0 -0.000130
9020 0 0 -0.000134
9025 0 0 -0.000160
9030 0 0 -0.000180
9035 0 0 -0.000176
9040 0 0 -0.000156
9045 0 0 -0.000130
9050 0 0 -0.000111
9055 0 0 -0.000103
9060 0 0 -0.000110
9065 0 0 -0.000130
9070 0 0 -0.000150
9075 0 0 -0.000150
9080 0 0 -0.000121
9085 0 0 -0.000087
9090 0 0 -0.000080
9095 0 0 -0.000120
9100 0 0 -0.000182
9105 0 0 -0.000230
9110 0 0 -0.000239
9115 0 0 -0.000226
9120 0 0 -0.000220
9125 0 0 -0.000240
9130 0 0 -0.000271
9135 0 0 -0.000290
9140 0 0 -0.000281
9145 0 0 -0.000254
9150 0 0 -0.000230
9155 0 0 -0.000222
9160 0 0 -0.000227
9165 0 0 -0.000240
9170 0 0 -0.000253
9175 0 0 -0.000262
9180 0 0 -0.000260
9185 0 0 -0.000246
9190 0 0 -0.000226
9195 0 0 -0.000210
9200 0 0 -0.000203
9205 0 0 -0.000197
9210 0 0 -0.000180
9215 0 0 -0.000146
9220 0 0 -0.000112
9225 0 0 -0.000100
9230 0 0 -0.000124
9235 0 0 -0.000159
9240 0 0 -0.000170
9245 0 0 -0.000138
9250 0 0 -0.000103
9255 0 0 -0.000120
9260 0 0 -0.000221
9265 0 0 -0.000350
9270 0 0 -0.000430
9275 0 0 -0.000407
9280 0 0 -0.000324
9285 0 0 -0.000250
9290 0 0 -0.000233
9295 0 0 -0.000245
9300 0 0 -0.000240
9305 0 0 -0.000191
9310 0 0 -0.000143
9315 0 0 -0.000160
9320 0 0 -0.000287
9325 0 0 -0.000483
9330 0 0 -0.000690
9335 0 0 -0.000852
9340 0 0 -0.000935
9345 0 0 -0.000910
9350 0 0 -0.000776
9355 0 0 -0.000638
9360 0 0 -0.000630
9365 0 0 -0.000836
9370 0 0 -0.001146
9375 0 0 -0.001400
9380 0 0 -0.001470
9385 0 0 -0.001356
9390 0 0 -0.001090
9395 0 0 -0.000725
9400 0 0 -0.000393
9405 0 0 -0.000250
9410 0 0 -0.000387
9415 0 0 -0.000649
9420 0 0 -0.000820
9425 0 0 -0.000746
9430 0 0 -0.000521
9435 0 0 -0.000300
9440 0 0 -0.000202
9445 0 0 -0.000198
9450 0 0 -0.000220
9455 0 0 -0.000216
9460 0 0 -0.000193
9465 0 0 -0.000170
9470 0 0 -0.000164
9475 0 0 -0.000171
9480 0 0 -0.000180
9485 0 0 -0.000184
9490 0 0 -0.000180
9495 0 0 -0.000170
9500 0 0 -0.000156
9505 0 0 -0.000151
9510 0 0 -0.000170
9515 0 0 -0.000221
9520 0 0 -0.000278
9525 0 0 -0.000310
9530 0 0 -0.000294
9535 0 0 -0.000252
9540 0 0 -0.000220
9545 0 0 -0.000224
9550 0 0 -0.000263
9555 0 0 -0.000330
9560 0 0 -0.000412
9565 0 0 -0.000478
9570 0 0 -0.000490
9575 0 0 -0.000425
9580 0 0 -0.000313
9585 0 0 -0.000200
9590 0 0 -0.000125
9595 0 0 -0.000112
9600 0 0 -0.000180
9605 0 0 -0.000333
9610 0 0 -0.000519
9615 0 0 -0.000670
9620 0 0 -0.000734
9625 0 0 -0.000712
9630 0 0 -0.000620
9635 0 0 -0.000478
9640 0 0 -0.000332
9645 0 0 -0.000230
9650 0 0 -0.000207
9655 0 0 -0.000229
9660 0 0 -0.000250
9665 0 0 -0.000242
9670 0 0 -0.000267
9675 0 0 -0.000410
9680 0 0 -0.000721
9685 0 0 -0.001114
9690 0 0 -0.001470
9695 0 0 -0.001686
9700 0 0 -0.001728
9705 0 0 -0.001580
9710 0 0 -0.001263
9715 0 0 -0.000949
9720 0 0 -0.000850
9725 0 0 -0.001091
9730 0 0 -0.001459
9735 0 0 -0.001660
9740 0 0 -0.001485
9745 0 0 -0.001083
9750 0 0 -0.000690
9755 0 0 -0.000487
9760 0 0 -0.000435
9765 0 0 -0.000440
9770 0 0 -0.000429
9775 0 0 -0.000419
9780 0 0 -0.000450
9785 0 0 -0.000543
9790 0 0 -0.000646
9795 0 0 -0.000690
9800 0 0 -0.000631
9805 0 0 -0.000530
9810 0 0 -0.000470
9815 0 0 -0.000511
9820 0 0 -0.000603
9825 0 0 -0.000670
9830 0 0 -0.000655
9835 0 0 -0.000583
9840 0 0 -0.000500
9845 0 0 -0.000443
9850 0 0 -0.000417
9855 0 0 -0.000420
9860 0 0 -0.000445
9865 0 0 -0.000472
9870 0 0 -0.000480
9875 0 0 -0.000454
9880 0 0 -0.000412
9885 0 0 -0.000380
9890 0 0 -0.000376
9895 0 0 -0.000389
9900 0 0 -0.000400
9905 0 0 -0.000397
9910 0 0 -0.000393
9915 0 0 -0.000410
9920 0 0 -0.000460
9925 0 0 -0.000517
9930 0 0 -0.000550
9935 0 0 -0.000534
9940 0 0 -0.000485
9945 0 0 -0.000430
9950 0 0 -0.000389
9955 0 0 -0.000367
9960 0 0 -0.000360
9965 0 0 -0.000366
9970 0 0 -0.000376
9975 0 0 -0.000380
9980 0 0 -0.000369
9985 0 0 -0.000350
9990 0 0 -0.000330
9995 0 0 -0.000316
10000 0 0 -0.000310
10005 0 0 -0.000310
10010 0 0 -0.000316
10015 0 0 -0.000321
10020 0 0 -0.000320
10025 0 0 -0.000307
10030 0 0 -0.000288
10035 0 0 -0.000270
10040 0 0 -0.000258
10045 0 0 -0.000249
10050 0 0 -0.000240
10055 0 0 -0.000227
10060 0 0 -0.000212
10065 0 0 -0.000200
10070 0 0 -0.000195
10075 0 0 -0.000200
