0 0 0 -0.000404
5 0 0 -0.000372
10 0 0 -0.000353
15 0 0 -0.000344
20 0 0 -0.000342
25 0 0 -0.000343
30 0 0 -0.000346
35 0 0 -0.000348
40 0 0 -0.000348
45 0 0 -0.000346
50 0 0 -0.000343
55 0 0 -0.000341
60 0 0 -0.000346
65 0 0 -0.000360
70 0 0 -0.000380
75 0 0 -0.000404
80 0 0 -0.000426
85 0 0 -0.000431
90 0 0 -0.000404
95 0 0 -0.000338
100 0 0 -0.000266
105 0 0 -0.000230
110 0 0 -0.000259
115 0 0 -0.000330
120 0 0 -0.000404
125 0 0 -0.000452
130 0 0 -0.000470
135 0 0 -0.000462
140 0 0 -0.000433
145 0 0 -0.000391
150 0 0 -0.000346
155 0 0 -0.000306
160 0 0 -0.000283
165 0 0 -0.000288
170 0 0 -0.000325
175 0 0 -0.000373
180 0 0 -0.000402
185 0 0 -0.000393
190 0 0 -0.000365
195 0 0 -0.000346
200 0 0 -0.000357
205 0 0 -0.000384
210 0 0 -0.000404
215 0 0 -0.000401
220 0 0 -0.000378
225 0 0 -0.000346
230 0 0 -0.000313
235 0 0 -0.000290
240 0 0 -0.000288
245 0 0 -0.000310
250 0 0 -0.000338
255 0 0 -0.000346
260 0 0 -0.000317
265 0 0 -0.000269
270 0 0 -0.000230
275 0 0 -0.000218
280 0 0 -0.000224
285 0 0 -0.000230
290 0 0 -0.000225
295 0 0 -0.000219
300 0 0 -0.000230
305 0 0 -0.000268
310 0 0 -0.000315
315 0 0 -0.000346
320 0 0 -0.000344
325 0 0 -0.000318
330 0 0 -0.000288
335 0 0 -0.000266
340 0 0 -0.000249
345 0 0 -0.000230
350 0 0 -0.000204
355 0 0 -0.000181
360 0 0 -0.000174
365 0 0 -0.000190
370 0 0 -0.000216
375 0 0 -0.000232
380 0 0 -0.000226
385 0 0 -0.000202
390 0 0 -0.000174
395 0 0 -0.000152
400 0 0 -0.000148
405 0 0 -0.000174
410 0 0 -0.000235
415 0 0 -0.000303
420 0 0 -0.000344
425 0 0 -0.000332
430 0 0 -0.000285
435 0 0 -0.000232
440 0 0 -0.000195
445 0 0 -0.000177
450 0 0 -0.000174
455 0 0 -0.000184
460 0 0 -0.000205
465 0 0 -0.000232
470 0 0 -0.000262
475 0 0 -0.000284
480 0 0 -0.000288
485 0 0 -0.000267
490 0 0 -0.000225
495 0 0 -0.000174
500 0 0 -0.000124
505 0 0 -0.000097
510 0 0 -0.000116
515 0 0 -0.000195
520 0 0 -0.000304
525 0 0 -0.000404
530 0 0 -0.000465
535 0 0 -0.000497
540 0 0 -0.000518
545 0 0 -0.000540
550 0 0 -0.000547
555 0 0 -0.000518
560 0 0 -0.000439
565 0 0 -0.000333
570 0 0 -0.000230
575 0 0 -0.000157
580 0 0 -0.000119
585 0 0 -0.000116
590 0 0 -0.000146
595 0 0 -0.000190
600 0 0 -0.000230
605 0 0 -0.000248
610 0 0 -0.000246
615 0 0 -0.000230
620 0 0 -0.000206
625 0 0 -0.000184
630 0 0 -0.000174
635 0 0 -0.000183
640 0 0 -0.000205
645 0 0 -0.000230
650 0 0 -0.000250
655 0 0 -0.000253
660 0 0 -0.000230
665 0 0 -0.000178
670 0 0 -0.000127
675 0 0 -0.000116
680 0 0 -0.000168
685 0 0 -0.000244
690 0 0 -0.000288
695 0 0 -0.000264
700 0 0 -0.000208
705 0 0 -0.000174
710 0 0 -0.000200
715 0 0 -0.000254
720 0 0 -0.000288
725 0 0 -0.000267
730 0 0 -0.000216
735 0 0 -0.000174
740 0 0 -0.000171
745 0 0 -0.000197
750 0 0 -0.000230
755 0 0 -0.000254
760 0 0 -0.000271
765 0 0 -0.000288
770 0 0 -0.000307
775 0 0 -0.000314
780 0 0 -0.000288
785 0 0 -0.000223
790 0 0 -0.000165
795 0 0 -0.000172
800 0 0 -0.000283
805 0 0 -0.000458
810 0 0 -0.000634
815 0 0 -0.000760
820 0 0 -0.000820
825 0 0 -0.000806
830 0 0 -0.000718
835 0 0 -0.000589
840 0 0 -0.000460
845 0 0 -0.000365
850 0 0 -0.000309
855 0 0 -0.000288
860 0 0 -0.000297
865 0 0 -0.000322
870 0 0 -0.000346
875 0 0 -0.000360
880 0 0 -0.000373
885 0 0 -0.000404
890 0 0 -0.000459
895 0 0 -0.000510
900 0 0 -0.000518
905 0 0 -0.000460
910 0 0 -0.000367
915 0 0 -0.000288
920 0 0 -0.000257
925 0 0 -0.000265
930 0 0 -0.000288
935 0 0 -0.000309
940 0 0 -0.000328
945 0 0 -0.000346
950 0 0 -0.000364
955 0 0 -0.000369
960 0 0 -0.000346
965 0 0 -0.000287
970 0 0 -0.000219
975 0 0 -0.000174
980 0 0 -0.000176
985 0 0 -0.000204
990 0 0 -0.000230
995 0 0 -0.000231
1000 0 0 -0.000223
1005 0 0 -0.000230
1010 0 0 -0.000264
1015 0 0 -0.000297
1020 0 0 -0.000288
1025 0 0 -0.000213
1030 0 0 -0.000117
1035 0 0 -0.000058
1040 0 0 -0.000079
1045 0 0 -0.000152
1050 0 0 -0.000230
1055 0 0 -0.000277
1060 0 0 -0.000293
1065 0 0 -0.000288
1070 0 0 -0.000272
1075 0 0 -0.000250
1080 0 0 -0.000230
1085 0 0 -0.000214
1090 0 0 -0.000198
1095 0 0 -0.000172
1100 0 0 -0.000135
1105 0 0 -0.000106
1110 0 0 -0.000114
1115 0 0 -0.000172
1120 0 0 -0.000246
1125 0 0 -0.000288
1130 0 0 -0.000267
1135 0 0 -0.000213
1140 0 0 -0.000172
1145 0 0 -0.000175
1150 0 0 -0.000205
1155 0 0 -0.000230
1160 0 0 -0.000226
1165 0 0 -0.000201
1170 0 0 -0.000172
1175 0 0 -0.000152
1180 0 0 -0.000150
1185 0 0 -0.000174
1190 0 0 -0.000224
1195 0 0 -0.000273
1200 0 0 -0.000288
1205 0 0 -0.000252
1210 0 0 -0.000212
1215 0 0 -0.000230
1220 0 0 -0.000345
1225 0 0 -0.000504
1230 0 0 -0.000632
1235 0 0 -0.000672
1240 0 0 -0.000640
1245 0 0 -0.000574
1250 0 0 -0.000507
1255 0 0 -0.000462
1260 0 0 -0.000462
1265 0 0 -0.000517
1270 0 0 -0.000590
1275 0 0 -0.000634
1280 0 0 -0.000617
1285 0 0 -0.000565
1290 0 0 -0.000520
1295 0 0 -0.000511
1300 0 0 -0.000521
1305 0 0 -0.000518
1310 0 0 -0.000483
1315 0 0 -0.000434
1320 0 0 -0.000402
1325 0 0 -0.000409
1330 0 0 -0.000451
1335 0 0 -0.000518
1340 0 0 -0.000596
1345 0 0 -0.000662
1350 0 0 -0.000690
1355 0 0 -0.000666
1360 0 0 -0.000615
1365 0 0 -0.000576
1370 0 0 -0.000573
1375 0 0 -0.000584
1380 0 0 -0.000576
1385 0 0 -0.000530
1390 0 0 -0.000476
1395 0 0 -0.000460
1400 0 0 -0.000512
1405 0 0 -0.000603
1410 0 0 -0.000690
1415 0 0 -0.000740
1420 0 0 -0.000755
1425 0 0 -0.000750
1430 0 0 -0.000733
1435 0 0 -0.000698
1440 0 0 -0.000634
1445 0 0 -0.000540
1450 0 0 -0.000449
1455 0 0 -0.000404
1460 0 0 -0.000431
1465 0 0 -0.000488
1470 0 0 -0.000518
1475 0 0 -0.000479
1480 0 0 -0.000391
1485 0 0 -0.000288
1490 0 0 -0.000204
1495 0 0 -0.000159
1500 0 0 -0.000174
1505 0 0 -0.000253
1510 0 0 -0.000350
1515 0 0 -0.000404
1520 0 0 -0.000375
1525 0 0 -0.000299
1530 0 0 -0.000230
1535 0 0 -0.000209
1540 0 0 -0.000220
1545 0 0 -0.000232
1550 0 0 -0.000221
1555 0 0 -0.000196
1560 0 0 -0.000172
1565 0 0 -0.000164
1570 0 0 -0.000181
1575 0 0 -0.000230
1580 0 0 -0.000309
1585 0 0 -0.000382
1590 0 0 -0.000404
1595 0 0 -0.000347
1600 0 0 -0.000250
1605 0 0 -0.000172
1610 0 0 -0.000155
1615 0 0 -0.000184
1620 0 0 -0.000230
1625 0 0 -0.000267
1630 0 0 -0.000287
1635 0 0 -0.000286
1640 0 0 -0.000264
1645 0 0 -0.000238
1650 0 0 -0.000230
1655 0 0 -0.000253
1660 0 0 -0.000283
1665 0 0 -0.000288
1670 0 0 -0.000249
1675 0 0 -0.000196
1680 0 0 -0.000172
1685 0 0 -0.000204
1690 0 0 -0.000259
1695 0 0 -0.000288
1700 0 0 -0.000258
1705 0 0 -0.000203
1710 0 0 -0.000172
1715 0 0 -0.000198
1720 0 0 -0.000252
1725 0 0 -0.000288
1730 0 0 -0.000276
1735 0 0 -0.000242
1740 0 0 -0.000230
1745 0 0 -0.000266
1750 0 0 -0.000320
1755 0 0 -0.000346
1760 0 0 -0.000312
1765 0 0 -0.000241
1770 0 0 -0.000172
1775 0 0 -0.000135
1780 0 0 -0.000136
1785 0 0 -0.000174
1790 0 0 -0.000241
1795 0 0 -0.000309
1800 0 0 -0.000344
1805 0 0 -0.000323
1810 0 0 -0.000273
1815 0 0 -0.000230
1820 0 0 -0.000222
1825 0 0 -0.000231
1830 0 0 -0.000230
1835 0 0 -0.000202
1840 0 0 -0.000172
1845 0 0 -0.000174
1850 0 0 -0.000230
1855 0 0 -0.000303
1860 0 0 -0.000346
1865 0 0 -0.000324
1870 0 0 -0.000270
1875 0 0 -0.000230
1880 0 0 -0.000239
1885 0 0 -0.000271
1890 0 0 -0.000288
1895 0 0 -0.000262
1900 0 0 -0.000213
1905 0 0 -0.000174
1910 0 0 -0.000170
1915 0 0 -0.000194
1920 0 0 -0.000230
1925 0 0 -0.000263
1930 0 0 -0.000285
1935 0 0 -0.000288
1940 0 0 -0.000269
1945 0 0 -0.000244
1950 0 0 -0.000232
1955 0 0 -0.000247
1960 0 0 -0.000273
1965 0 0 -0.000288
1970 0 0 -0.000278
1975 0 0 -0.000252
1980 0 0 -0.000230
1985 0 0 -0.000223
1990 0 0 -0.000226
1995 0 0 -0.000230
2000 0 0 -0.000227
2005 0 0 -0.000224
2010 0 0 -0.000230
2015 0 0 -0.000251
2020 0 0 -0.000276
2025 0 0 -0.000288
2030 0 0 -0.000277
2035 0 0 -0.000252
2040 0 0 -0.000230
2045 0 0 -0.000221
2050 0 0 -0.000224
2055 0 0 -0.000230
2060 0 0 -0.000235
2065 0 0 -0.000236
2070 0 0 -0.000230
2075 0 0 -0.000219
2080 0 0 -0.000214
2085 0 0 -0.000230
2090 0 0 -0.000274
2095 0 0 -0.000323
2100 0 0 -0.000346
2105 0 0 -0.000322
2110 0 0 -0.000273
2115 0 0 -0.000230
2120 0 0 -0.000215
2125 0 0 -0.000221
2130 0 0 -0.000230
2135 0 0 -0.000232
2140 0 0 -0.000243
2145 0 0 -0.000286
2150 0 0 -0.000369
2155 0 0 -0.000447
2160 0 0 -0.000460
2165 0 0 -0.000373
2170 0 0 -0.000248
2175 0 0 -0.000172
2180 0 0 -0.000203
2185 0 0 -0.000288
2190 0 0 -0.000346
2195 0 0 -0.000321
2200 0 0 -0.000259
2205 0 0 -0.000230
2210 0 0 -0.000282
2215 0 0 -0.000364
2220 0 0 -0.000404
2225 0 0 -0.000352
2230 0 0 -0.000252
2235 0 0 -0.000172
2240 0 0 -0.000162
2245 0 0 -0.000196
2250 0 0 -0.000230
2255 0 0 -0.000232
2260 0 0 -0.000222
2265 0 0 -0.000230
2270 0 0 -0.000275
2275 0 0 -0.000328
2280 0 0 -0.000346
2285 0 0 -0.000302
2290 0 0 -0.000228
2295 0 0 -0.000172
2300 0 0 -0.000167
2305 0 0 -0.000197
2310 0 0 -0.000230
2315 0 0 -0.000243
2320 0 0 -0.000240
2325 0 0 -0.000230
2330 0 0 -0.000223
2335 0 0 -0.000222
2340 0 0 -0.000230
2345 0 0 -0.000248
2350 0 0 -0.000269
2355 0 0 -0.000288
2360 0 0 -0.000298
2365 0 0 -0.000298
2370 0 0 -0.000288
2375 0 0 -0.000272
2380 0 0 -0.000265
2385 0 0 -0.000288
2390 0 0 -0.000348
2395 0 0 -0.000404
2400 0 0 -0.000404
2405 0 0 -0.000316
2410 0 0 -0.000195
2415 0 0 -0.000114
2420 0 0 -0.000128
2425 0 0 -0.000204
2430 0 0 -0.000288
2435 0 0 -0.000346
2440 0 0 -0.000421
2445 0 0 -0.000576
2450 0 0 -0.000842
2455 0 0 -0.001117
2460 0 0 -0.001268
2465 0 0 -0.001204
2470 0 0 -0.001008
2475 0 0 -0.000806
2480 0 0 -0.000698
2485 0 0 -0.000672
2490 0 0 -0.000690
2495 0 0 -0.000717
2500 0 0 -0.000740
2505 0 0 -0.000750
2510 0 0 -0.000740
2515 0 0 -0.000718
2520 0 0 -0.000692
2525 0 0 -0.000673
2530 0 0 -0.000669
2535 0 0 -0.000690
2540 0 0 -0.000737
2545 0 0 -0.000786
2550 0 0 -0.000806
2555 0 0 -0.000781
2560 0 0 -0.000759
2565 0 0 -0.000806
2570 0 0 -0.000959
2575 0 0 -0.001147
2580 0 0 -0.001268
2585 0 0 -0.001253
2590 0 0 -0.001150
2595 0 0 -0.001036
2600 0 0 -0.000971
2605 0 0 -0.000943
2610 0 0 -0.000922
2615 0 0 -0.000889
2620 0 0 -0.000875
2625 0 0 -0.000922
2630 0 0 -0.001050
2635 0 0 -0.001193
2640 0 0 -0.001266
2645 0 0 -0.001209
2650 0 0 -0.001069
2655 0 0 -0.000922
2660 0 0 -0.000832
2665 0 0 -0.000826
2670 0 0 -0.000922
2675 0 0 -0.001111
2680 0 0 -0.001289
2685 0 0 -0.001324
2690 0 0 -0.001132
2695 0 0 -0.000815
2700 0 0 -0.000520
2705 0 0 -0.000361
2710 0 0 -0.000320
2715 0 0 -0.000344
2720 0 0 -0.000390
2725 0 0 -0.000449
2730 0 0 -0.000518
2735 0 0 -0.000591
2740 0 0 -0.000640
2745 0 0 -0.000634
2750 0 0 -0.000554
2755 0 0 -0.000441
2760 0 0 -0.000346
2765 0 0 -0.000310
2770 0 0 -0.000319
2775 0 0 -0.000346
2780 0 0 -0.000366
2785 0 0 -0.000368
2790 0 0 -0.000346
2795 0 0 -0.000298
2800 0 0 -0.000249
2805 0 0 -0.000230
2810 0 0 -0.000260
2815 0 0 -0.000311
2820 0 0 -0.000344
2825 0 0 -0.000332
2830 0 0 -0.000300
2835 0 0 -0.000288
2840 0 0 -0.000321
2845 0 0 -0.000373
2850 0 0 -0.000404
2855 0 0 -0.000385
2860 0 0 -0.000337
2865 0 0 -0.000288
2870 0 0 -0.000264
2875 0 0 -0.000266
2880 0 0 -0.000288
2885 0 0 -0.000324
2890 0 0 -0.000365
2895 0 0 -0.000402
2900 0 0 -0.000426
2905 0 0 -0.000429
2910 0 0 -0.000404
2915 0 0 -0.000348
2920 0 0 -0.000282
2925 0 0 -0.000230
2930 0 0 -0.000212
2935 0 0 -0.000218
2940 0 0 -0.000232
2945 0 0 -0.000242
2950 0 0 -0.000256
2955 0 0 -0.000288
2960 0 0 -0.000343
2965 0 0 -0.000393
2970 0 0 -0.000404
2975 0 0 -0.000354
2980 0 0 -0.000280
2985 0 0 -0.000230
2990 0 0 -0.000239
2995 0 0 -0.000274
3000 0 0 -0.000288
3005 0 0 -0.000250
3010 0 0 -0.000194
3015 0 0 -0.000172
3020 0 0 -0.000218
3025 0 0 -0.000294
3030 0 0 -0.000344
3035 0 0 -0.000330
3040 0 0 -0.000277
3045 0 0 -0.000230
3050 0 0 -0.000221
3055 0 0 -0.000246
3060 0 0 -0.000288
3065 0 0 -0.000332
3070 0 0 -0.000359
3075 0 0 -0.000346
3080 0 0 -0.000285
3085 0 0 -0.000212
3090 0 0 -0.000174
3095 0 0 -0.000201
3100 0 0 -0.000257
3105 0 0 -0.000288
3110 0 0 -0.000258
3115 0 0 -0.000201
3120 0 0 -0.000172
3125 0 0 -0.000207
3130 0 0 -0.000279
3135 0 0 -0.000346
3140 0 0 -0.000376
3145 0 0 -0.000371
3150 0 0 -0.000346
3155 0 0 -0.000311
3160 0 0 -0.000272
3165 0 0 -0.000232
3170 0 0 -0.000196
3175 0 0 -0.000173
3180 0 0 -0.000172
3185 0 0 -0.000198
3190 0 0 -0.000241
3195 0 0 -0.000288
3200 0 0 -0.000326
3205 0 0 -0.000347
3210 0 0 -0.000344
3215 0 0 -0.000313
3220 0 0 -0.000269
3225 0 0 -0.000230
3230 0 0 -0.000210
3235 0 0 -0.000211
3240 0 0 -0.000230
3245 0 0 -0.000262
3250 0 0 -0.000288
3255 0 0 -0.000288
3260 0 0 -0.000249
3265 0 0 -0.000198
3270 0 0 -0.000172
3275 0 0 -0.000195
3280 0 0 -0.000245
3285 0 0 -0.000288
3290 0 0 -0.000298
3295 0 0 -0.000290
3300 0 0 -0.000288
3305 0 0 -0.000307
3310 0 0 -0.000334
3315 0 0 -0.000344
3320 0 0 -0.000322
3325 0 0 -0.000279
3330 0 0 -0.000230
3335 0 0 -0.000191
3340 0 0 -0.000170
3345 0 0 -0.000174
3350 0 0 -0.000207
3355 0 0 -0.000251
3360 0 0 -0.000288
3365 0 0 -0.000304
3370 0 0 -0.000315
3375 0 0 -0.000346
3380 0 0 -0.000411
3385 0 0 -0.000481
3390 0 0 -0.000518
3395 0 0 -0.000493
3400 0 0 -0.000426
3405 0 0 -0.000346
3410 0 0 -0.000279
3415 0 0 -0.000238
3420 0 0 -0.000230
3425 0 0 -0.000259
3430 0 0 -0.000305
3435 0 0 -0.000346
3440 0 0 -0.000360
3445 0 0 -0.000341
3450 0 0 -0.000288
3455 0 0 -0.000208
3460 0 0 -0.000150
3465 0 0 -0.000172
3470 0 0 -0.000310
3475 0 0 -0.000509
3480 0 0 -0.000690
3485 0 0 -0.000791
3490 0 0 -0.000821
3495 0 0 -0.000806
3500 0 0 -0.000768
3505 0 0 -0.000710
3510 0 0 -0.000634
3515 0 0 -0.000542
3520 0 0 -0.000457
3525 0 0 -0.000402
3530 0 0 -0.000393
3535 0 0 -0.000405
3540 0 0 -0.000402
3545 0 0 -0.000361
3550 0 0 -0.000310
3555 0 0 -0.000288
3560 0 0 -0.000320
3565 0 0 -0.000374
3570 0 0 -0.000404
3575 0 0 -0.000378
3580 0 0 -0.000325
3585 0 0 -0.000288
3590 0 0 -0.000301
3595 0 0 -0.000362
3600 0 0 -0.000460
3605 0 0 -0.000576
3610 0 0 -0.000670
3615 0 0 -0.000692
3620 0 0 -0.000614
3625 0 0 -0.000478
3630 0 0 -0.000346
3635 0 0 -0.000265
3640 0 0 -0.000231
3645 0 0 -0.000230
3650 0 0 -0.000252
3655 0 0 -0.000320
3660 0 0 -0.000462
3665 0 0 -0.000682
3670 0 0 -0.000878
3675 0 0 -0.000922
3680 0 0 -0.000731
3685 0 0 -0.000412
3690 0 0 -0.000116
3695 0 0 0.000021
3700 0 0 -0.000075
3705 0 0 -0.000460
3710 0 0 -0.001121
3715 0 0 -0.001762
3720 0 0 -0.002016
3725 0 0 -0.001649
3730 0 0 -0.000951
3735 0 0 -0.000346
3740 0 0 -0.000149
3745 0 0 -0.000243
3750 0 0 -0.000404
3755 0 0 -0.000457
3760 0 0 -0.000431
3765 0 0 -0.000404
3770 0 0 -0.000434
3775 0 0 -0.000490
3780 0 0 -0.000518
3785 0 0 -0.000482
3790 0 0 -0.000410
3795 0 0 -0.000346
3800 0 0 -0.000322
3805 0 0 -0.000329
3810 0 0 -0.000344
3815 0 0 -0.000351
3820 0 0 -0.000350
3825 0 0 -0.000346
3830 0 0 -0.000342
3835 0 0 -0.000341
3840 0 0 -0.000344
3845 0 0 -0.000353
3850 0 0 -0.000372
3855 0 0 -0.000404
3860 0 0 -0.000459
3865 0 0 -0.000577
3870 0 0 -0.000806
3875 0 0 -0.001155
3880 0 0 -0.001483
3885 0 0 -0.001614
3890 0 0 -0.001434
3895 0 0 -0.001093
3900 0 0 -0.000806
3905 0 0 -0.000727
3910 0 0 -0.000775
3915 0 0 -0.000806
3920 0 0 -0.000721
3925 0 0 -0.000588
3930 0 0 -0.000518
3935 0 0 -0.000588
3940 0 0 -0.000736
3945 0 0 -0.000864
3950 0 0 -0.000899
3955 0 0 -0.000864
3960 0 0 -0.000806
3965 0 0 -0.000767
3970 0 0 -0.000763
3975 0 0 -0.000806
3980 0 0 -0.000902
3985 0 0 -0.001041
3990 0 0 -0.001210
3995 0 0 -0.001383
4000 0 0 -0.001488
4005 0 0 -0.001440
4010 0 0 -0.001199
4015 0 0 -0.000892
4020 0 0 -0.000690
4025 0 0 -0.000708
4030 0 0 -0.000840
4035 0 0 -0.000922
4040 0 0 -0.000838
4045 0 0 -0.000648
4050 0 0 -0.000460
4055 0 0 -0.000356
4060 0 0 -0.000328
4065 0 0 -0.000346
4070 0 0 -0.000381
4075 0 0 -0.000407
4080 0 0 -0.000402
4085 0 0 -0.000351
4090 0 0 -0.000282
4095 0 0 -0.000232
4100 0 0 -0.000228
4105 0 0 -0.000254
4110 0 0 -0.000288
4115 0 0 -0.000310
4120 0 0 -0.000325
4125 0 0 -0.000346
4130 0 0 -0.000378
4135 0 0 -0.000405
4140 0 0 -0.000404
4145 0 0 -0.000360
4150 0 0 -0.000293
4155 0 0 -0.000230
4160 0 0 -0.000194
4165 0 0 -0.000193
4170 0 0 -0.000230
4175 0 0 -0.000303
4180 0 0 -0.000388
4185 0 0 -0.000460
4190 0 0 -0.000497
4195 0 0 -0.000511
4200 0 0 -0.000518
4205 0 0 -0.000534
4210 0 0 -0.000555
4215 0 0 -0.000576
4220 0 0 -0.000595
4225 0 0 -0.000626
4230 0 0 -0.000690
4235 0 0 -0.000793
4240 0 0 -0.000890
4245 0 0 -0.000922
4250 0 0 -0.000847
4255 0 0 -0.000697
4260 0 0 -0.000518
4265 0 0 -0.000355
4270 0 0 -0.000233
4275 0 0 -0.000174
4280 0 0 -0.000188
4285 0 0 -0.000242
4290 0 0 -0.000288
4295 0 0 -0.000293
4300 0 0 -0.000266
4305 0 0 -0.000230
4310 0 0 -0.000201
4315 0 0 -0.000182
4320 0 0 -0.000172
4325 0 0 -0.000169
4330 0 0 -0.000171
4335 0 0 -0.000174
4340 0 0 -0.000179
4345 0 0 -0.000194
4350 0 0 -0.000230
4355 0 0 -0.000291
4360 0 0 -0.000343
4365 0 0 -0.000346
4370 0 0 -0.000276
4375 0 0 -0.000178
4380 0 0 -0.000114
4385 0 0 -0.000127
4390 0 0 -0.000183
4395 0 0 -0.000230
4400 0 0 -0.000230
4405 0 0 -0.000200
4410 0 0 -0.000172
4415 0 0 -0.000171
4420 0 0 -0.000194
4425 0 0 -0.000230
4430 0 0 -0.000268
4435 0 0 -0.000293
4440 0 0 -0.000288
4445 0 0 -0.000247
4450 0 0 -0.000196
4455 0 0 -0.000174
4460 0 0 -0.000203
4465 0 0 -0.000255
4470 0 0 -0.000288
4475 0 0 -0.000272
4480 0 0 -0.000224
4485 0 0 -0.000174
4490 0 0 -0.000147
4495 0 0 -0.000147
4500 0 0 -0.000172
4505 0 0 -0.000218
4510 0 0 -0.000264
4515 0 0 -0.000288
4520 0 0 -0.000274
4525 0 0 -0.000244
4530 0 0 -0.000230
4535 0 0 -0.000251
4540 0 0 -0.000283
4545 0 0 -0.000288
4550 0 0 -0.000242
4555 0 0 -0.000172
4560 0 0 -0.000116
4565 0 0 -0.000103
4570 0 0 -0.000127
4575 0 0 -0.000172
4580 0 0 -0.000222
4585 0 0 -0.000264
4590 0 0 -0.000288
4595 0 0 -0.000285
4600 0 0 -0.000262
4605 0 0 -0.000230
4610 0 0 -0.000199
4615 0 0 -0.000177
4620 0 0 -0.000174
4625 0 0 -0.000193
4630 0 0 -0.000218
4635 0 0 -0.000230
4640 0 0 -0.000215
4645 0 0 -0.000189
4650 0 0 -0.000174
4655 0 0 -0.000185
4660 0 0 -0.000211
4665 0 0 -0.000232
4670 0 0 -0.000234
4675 0 0 -0.000228
4680 0 0 -0.000230
4685 0 0 -0.000249
4690 0 0 -0.000275
4695 0 0 -0.000288
4700 0 0 -0.000278
4705 0 0 -0.000253
4710 0 0 -0.000230
4715 0 0 -0.000220
4720 0 0 -0.000222
4725 0 0 -0.000230
4730 0 0 -0.000239
4735 0 0 -0.000241
4740 0 0 -0.000230
4745 0 0 -0.000202
4750 0 0 -0.000176
4755 0 0 -0.000174
4760 0 0 -0.000211
4765 0 0 -0.000261
4770 0 0 -0.000288
4775 0 0 -0.000268
4780 0 0 -0.000220
4785 0 0 -0.000174
4790 0 0 -0.000152
4795 0 0 -0.000155
4800 0 0 -0.000174
4805 0 0 -0.000202
4810 0 0 -0.000226
4815 0 0 -0.000232
4820 0 0 -0.000212
4825 0 0 -0.000184
4830 0 0 -0.000172
4835 0 0 -0.000192
4840 0 0 -0.000221
4845 0 0 -0.000230
4850 0 0 -0.000200
4855 0 0 -0.000165
4860 0 0 -0.000172
4865 0 0 -0.000250
4870 0 0 -0.000364
4875 0 0 -0.000460
4880 0 0 -0.000497
4885 0 0 -0.000475
4890 0 0 -0.000404
4895 0 0 -0.000301
4900 0 0 -0.000208
4905 0 0 -0.000172
4910 0 0 -0.000222
4915 0 0 -0.000304
4920 0 0 -0.000346
4925 0 0 -0.000302
4930 0 0 -0.000233
4935 0 0 -0.000230
4940 0 0 -0.000351
4945 0 0 -0.000535
4950 0 0 -0.000692
4955 0 0 -0.000756
4960 0 0 -0.000756
4965 0 0 -0.000748
4970 0 0 -0.000772
4975 0 0 -0.000818
4980 0 0 -0.000864
4985 0 0 -0.000890
4990 0 0 -0.000891
4995 0 0 -0.000864
5000 0 0 -0.000805
5005 0 0 -0.000711
5010 0 0 -0.000576
5015 0 0 -0.000407
5020 0 0 -0.000253
5025 0 0 -0.000172
5030 0 0 -0.000204
5035 0 0 -0.000303
5040 0 0 -0.000402
5045 0 0 -0.000449
5050 0 0 -0.000445
5055 0 0 -0.000404
5060 0 0 -0.000341
5065 0 0 -0.000276
5070 0 0 -0.000230
5075 0 0 -0.000217
5080 0 0 -0.000224
5085 0 0 -0.000232
5090 0 0 -0.000227
5095 0 0 -0.000220
5100 0 0 -0.000230
5105 0 0 -0.000266
5110 0 0 -0.000312
5115 0 0 -0.000344
5120 0 0 -0.000344
5125 0 0 -0.000320
5130 0 0 -0.000288
5135 0 0 -0.000260
5140 0 0 -0.000240
5145 0 0 -0.000232
5150 0 0 -0.000237
5155 0 0 -0.000255
5160 0 0 -0.000286
5165 0 0 -0.000331
5170 0 0 -0.000389
5175 0 0 -0.000462
5180 0 0 -0.000547
5185 0 0 -0.000629
5190 0 0 -0.000692
5195 0 0 -0.000720
5200 0 0 -0.000703
5205 0 0 -0.000634
5210 0 0 -0.000531
5215 0 0 -0.000518
5220 0 0 -0.000748
5225 0 0 -0.001291
5230 0 0 -0.001900
5235 0 0 -0.002248
5240 0 0 -0.002113
5245 0 0 -0.001701
5250 0 0 -0.001324
5255 0 0 -0.001210
5260 0 0 -0.001254
5265 0 0 -0.001266
5270 0 0 -0.001121
5275 0 0 -0.000944
5280 0 0 -0.000922
5285 0 0 -0.001171
5290 0 0 -0.001521
5295 0 0 -0.001728
5300 0 0 -0.001626
5305 0 0 -0.001346
5310 0 0 -0.001094
5315 0 0 -0.001031
5320 0 0 -0.001131
5325 0 0 -0.001324
5330 0 0 -0.001545
5335 0 0 -0.001750
5340 0 0 -0.001902
5345 0 0 -0.001970
5350 0 0 -0.001950
5355 0 0 -0.001844
5360 0 0 -0.001662
5365 0 0 -0.001437
5370 0 0 -0.001210
5375 0 0 -0.001014
5380 0 0 -0.000858
5385 0 0 -0.000748
5390 0 0 -0.000685
5395 0 0 -0.000667
5400 0 0 -0.000690
5405 0 0 -0.000745
5410 0 0 -0.000797
5415 0 0 -0.000806
5420 0 0 -0.000748
5425 0 0 -0.000669
5430 0 0 -0.000634
5435 0 0 -0.000687
5440 0 0 -0.000798
5445 0 0 -0.000922
5450 0 0 -0.001017
5455 0 0 -0.001075
5460 0 0 -0.001094
5465 0 0 -0.001073
5470 0 0 -0.001014
5475 0 0 -0.000922
5480 0 0 -0.000806
5485 0 0 -0.000698
5490 0 0 -0.000634
5495 0 0 -0.000639
5500 0 0 -0.000690
5505 0 0 -0.000750
5510 0 0 -0.000791
5515 0 0 -0.000809
5520 0 0 -0.000806
5525 0 0 -0.000787
5530 0 0 -0.000764
5535 0 0 -0.000750
5540 0 0 -0.000754
5545 0 0 -0.000760
5550 0 0 -0.000748
5555 0 0 -0.000705
5560 0 0 -0.000655
5565 0 0 -0.000632
5570 0 0 -0.000659
5575 0 0 -0.000710
5580 0 0 -0.000750
5585 0 0 -0.000752
5590 0 0 -0.000725
5595 0 0 -0.000690
5600 0 0 -0.000662
5605 0 0 -0.000642
5610 0 0 -0.000632
5615 0 0 -0.000629
5620 0 0 -0.000631
5625 0 0 -0.000634
5630 0 0 -0.000639
5635 0 0 -0.000654
5640 0 0 -0.000692
5645 0 0 -0.000758
5650 0 0 -0.000826
5655 0 0 -0.000864
5660 0 0 -0.000850
5665 0 0 -0.000802
5670 0 0 -0.000750
5675 0 0 -0.000715
5680 0 0 -0.000698
5685 0 0 -0.000692
5690 0 0 -0.000691
5695 0 0 -0.000691
5700 0 0 -0.000690
5705 0 0 -0.000682
5710 0 0 -0.000650
5715 0 0 -0.000576
5720 0 0 -0.000452
5725 0 0 -0.000320
5730 0 0 -0.000230
5735 0 0 -0.000221
5740 0 0 -0.000271
5745 0 0 -0.000346
5750 0 0 -0.000414
5755 0 0 -0.000456
5760 0 0 -0.000460
5765 0 0 -0.000417
5770 0 0 -0.000350
5775 0 0 -0.000288
5780 0 0 -0.000252
5785 0 0 -0.000238
5790 0 0 -0.000232
5795 0 0 -0.000226
5800 0 0 -0.000223
5805 0 0 -0.000232
5810 0 0 -0.000256
5815 0 0 -0.000280
5820 0 0 -0.000288
5825 0 0 -0.000266
5830 0 0 -0.000224
5835 0 0 -0.000174
5840 0 0 -0.000131
5845 0 0 -0.000107
5850 0 0 -0.000116
5855 0 0 -0.000164
5860 0 0 -0.000230
5865 0 0 -0.000288
5870 0 0 -0.000317
5875 0 0 -0.000315
5880 0 0 -0.000288
5885 0 0 -0.000242
5890 0 0 -0.000197
5895 0 0 -0.000174
5900 0 0 -0.000186
5905 0 0 -0.000215
5910 0 0 -0.000232
5915 0 0 -0.000219
5920 0 0 -0.000191
5925 0 0 -0.000172
5930 0 0 -0.000179
5935 0 0 -0.000204
5940 0 0 -0.000230
5945 0 0 -0.000245
5950 0 0 -0.000246
5955 0 0 -0.000232
5960 0 0 -0.000207
5965 0 0 -0.000196
5970 0 0 -0.000230
5975 0 0 -0.000322
5980 0 0 -0.000422
5985 0 0 -0.000462
5990 0 0 -0.000398
5995 0 0 -0.000278
6000 0 0 -0.000172
6005 0 0 -0.000132
6010 0 0 -0.000144
6015 0 0 -0.000174
6020 0 0 -0.000196
6025 0 0 -0.000212
6030 0 0 -0.000230
6035 0 0 -0.000254
6040 0 0 -0.000277
6045 0 0 -0.000288
6050 0 0 -0.000279
6055 0 0 -0.000256
6060 0 0 -0.000230
6065 0 0 -0.000208
6070 0 0 -0.000189
6075 0 0 -0.000172
6080 0 0 -0.000157
6085 0 0 -0.000153
6090 0 0 -0.000172
6095 0 0 -0.000218
6100 0 0 -0.000267
6105 0 0 -0.000288
6110 0 0 -0.000260
6115 0 0 -0.000209
6120 0 0 -0.000174
6125 0 0 -0.000180
6130 0 0 -0.000209
6135 0 0 -0.000230
6140 0 0 -0.000220
6145 0 0 -0.000194
6150 0 0 -0.000172
6155 0 0 -0.000172
6160 0 0 -0.000194
6165 0 0 -0.000230
6170 0 0 -0.000272
6175 0 0 -0.000300
6180 0 0 -0.000288
6185 0 0 -0.000226
6190 0 0 -0.000151
6195 0 0 -0.000114
6200 0 0 -0.000149
6205 0 0 -0.000223
6210 0 0 -0.000288
6215 0 0 -0.000305
6220 0 0 -0.000280
6225 0 0 -0.000230
6230 0 0 -0.000173
6235 0 0 -0.000129
6240 0 0 -0.000116
6245 0 0 -0.000145
6250 0 0 -0.000194
6255 0 0 -0.000230
6260 0 0 -0.000232
6265 0 0 -0.000221
6270 0 0 -0.000230
6275 0 0 -0.000277
6280 0 0 -0.000331
6285 0 0 -0.000346
6290 0 0 -0.000292
6295 0 0 -0.000200
6300 0 0 -0.000114
6305 0 0 -0.000071
6310 0 0 -0.000073
6315 0 0 -0.000114
6320 0 0 -0.000184
6325 0 0 -0.000254
6330 0 0 -0.000288
6335 0 0 -0.000270
6340 0 0 -0.000248
6345 0 0 -0.000288
6350 0 0 -0.000427
6355 0 0 -0.000580
6360 0 0 -0.000634
6365 0 0 -0.000514
6370 0 0 -0.000301
6375 0 0 -0.000116
6380 0 0 -0.000051
6385 0 0 -0.000086
6390 0 0 -0.000174
6395 0 0 -0.000269
6400 0 0 -0.000337
6405 0 0 -0.000346
6410 0 0 -0.000279
6415 0 0 -0.000182
6420 0 0 -0.000114
6425 0 0 -0.000120
6430 0 0 -0.000173
6435 0 0 -0.000232
6440 0 0 -0.000262
6445 0 0 -0.000260
6450 0 0 -0.000230
6455 0 0 -0.000185
6460 0 0 -0.000168
6465 0 0 -0.000230
6470 0 0 -0.000397
6475 0 0 -0.000600
6480 0 0 -0.000748
6485 0 0 -0.000781
6490 0 0 -0.000767
6495 0 0 -0.000808
6500 0 0 -0.000963
6505 0 0 -0.001126
6510 0 0 -0.001152
6515 0 0 -0.000950
6520 0 0 -0.000657
6525 0 0 -0.000462
6530 0 0 -0.000497
6535 0 0 -0.000650
6540 0 0 -0.000748
6545 0 0 -0.000671
6550 0 0 -0.000508
6555 0 0 -0.000404
6560 0 0 -0.000457
6565 0 0 -0.000592
6570 0 0 -0.000692
6575 0 0 -0.000674
6580 0 0 -0.000602
6585 0 0 -0.000576
6590 0 0 -0.000669
6595 0 0 -0.000844
6600 0 0 -0.001036
6605 0 0 -0.001191
6610 0 0 -0.001289
6615 0 0 -0.001324
6620 0 0 -0.001291
6625 0 0 -0.001206
6630 0 0 -0.001094
6635 0 0 -0.000971
6640 0 0 -0.000839
6645 0 0 -0.000692
6650 0 0 -0.000533
6655 0 0 -0.000388
6660 0 0 -0.000288
6665 0 0 -0.000254
6670 0 0 -0.000265
6675 0 0 -0.000288
6680 0 0 -0.000297
6685 0 0 -0.000294
6690 0 0 -0.000288
6695 0 0 -0.000285
6700 0 0 -0.000285
6705 0 0 -0.000288
6710 0 0 -0.000294
6715 0 0 -0.000310
6720 0 0 -0.000344
6725 0 0 -0.000398
6730 0 0 -0.000446
6735 0 0 -0.000460
6740 0 0 -0.000421
6745 0 0 -0.000366
6750 0 0 -0.000346
6755 0 0 -0.000393
6760 0 0 -0.000470
6765 0 0 -0.000520
6770 0 0 -0.000507
6775 0 0 -0.000469
6780 0 0 -0.000460
6785 0 0 -0.000519
6790 0 0 -0.000613
6795 0 0 -0.000692
6800 0 0 -0.000730
6805 0 0 -0.000796
6810 0 0 -0.000980
6815 0 0 -0.001326
6820 0 0 -0.001681
6825 0 0 -0.001842
6830 0 0 -0.001675
6835 0 0 -0.001319
6840 0 0 -0.000978
6845 0 0 -0.000810
6850 0 0 -0.000781
6855 0 0 -0.000806
6860 0 0 -0.000814
6865 0 0 -0.000780
6870 0 0 -0.000692
6875 0 0 -0.000562
6880 0 0 -0.000498
6885 0 0 -0.000634
6890 0 0 -0.001050
6895 0 0 -0.001612
6900 0 0 -0.002130
6905 0 0 -0.002460
6910 0 0 -0.002628
6915 0 0 -0.002706
6920 0 0 -0.002740
6925 0 0 -0.002686
6930 0 0 -0.002476
6935 0 0 -0.002075
6940 0 0 -0.001575
6945 0 0 -0.001096
6950 0 0 -0.000739
6955 0 0 -0.000513
6960 0 0 -0.000404
6965 0 0 -0.000392
6970 0 0 -0.000430
6975 0 0 -0.000462
6980 0 0 -0.000448
6985 0 0 -0.000401
6990 0 0 -0.000346
6995 0 0 -0.000305
7000 0 0 -0.000285
7005 0 0 -0.000288
7010 0 0 -0.000315
7015 0 0 -0.000358
7020 0 0 -0.000404
7025 0 0 -0.000447
7030 0 0 -0.000499
7035 0 0 -0.000576
7040 0 0 -0.000682
7045 0 0 -0.000777
7050 0 0 -0.000806
7055 0 0 -0.000738
7060 0 0 -0.000619
7065 0 0 -0.000516
7070 0 0 -0.000480
7075 0 0 -0.000492
7080 0 0 -0.000518
7085 0 0 -0.000531
7090 0 0 -0.000529
7095 0 0 -0.000518
7100 0 0 -0.000504
7105 0 0 -0.000485
7110 0 0 -0.000460
7115 0 0 -0.000428
7120 0 0 -0.000388
7125 0 0 -0.000344
7130 0 0 -0.000299
7135 0 0 -0.000273
7140 0 0 -0.000288
7145 0 0 -0.000354
7150 0 0 -0.000430
7155 0 0 -0.000462
7160 0 0 -0.000416
7165 0 0 -0.000337
7170 0 0 -0.000288
7175 0 0 -0.000313
7180 0 0 -0.000371
7185 0 0 -0.000402
7190 0 0 -0.000363
7195 0 0 -0.000289
7200 0 0 -0.000232
7205 0 0 -0.000231
7210 0 0 -0.000262
7215 0 0 -0.000288
7220 0 0 -0.000280
7225 0 0 -0.000253
7230 0 0 -0.000230
7235 0 0 -0.000229
7240 0 0 -0.000236
7245 0 0 -0.000232
7250 0 0 -0.000205
7255 0 0 -0.000176
7260 0 0 -0.000174
7265 0 0 -0.000217
7270 0 0 -0.000270
7275 0 0 -0.000288
7280 0 0 -0.000241
7285 0 0 -0.000166
7290 0 0 -0.000116
7295 0 0 -0.000130
7300 0 0 -0.000182
7305 0 0 -0.000230
7310 0 0 -0.000243
7315 0 0 -0.000235
7320 0 0 -0.000230
7325 0 0 -0.000244
7330 0 0 -0.000269
7335 0 0 -0.000288
7340 0 0 -0.000288
7345 0 0 -0.000267
7350 0 0 -0.000230
7355 0 0 -0.000181
7360 0 0 -0.000137
7365 0 0 -0.000116
7370 0 0 -0.000133
7375 0 0 -0.000176
7380 0 0 -0.000230
7385 0 0 -0.000278
7390 0 0 -0.000303
7395 0 0 -0.000288
7400 0 0 -0.000225
7405 0 0 -0.000152
7410 0 0 -0.000116
7415 0 0 -0.000149
7420 0 0 -0.000222
7425 0 0 -0.000288
7430 0 0 -0.000315
7435 0 0 -0.000323
7440 0 0 -0.000344
7445 0 0 -0.000401
7450 0 0 -0.000470
7455 0 0 -0.000518
7460 0 0 -0.000519
7465 0 0 -0.000477
7470 0 0 -0.000404
7475 0 0 -0.000315
7480 0 0 -0.000230
7485 0 0 -0.000174
7490 0 0 -0.000163
7495 0 0 -0.000187
7500 0 0 -0.000230
7505 0 0 -0.000274
7510 0 0 -0.000299
7515 0 0 -0.000288
7520 0 0 -0.000230
7525 0 0 -0.000158
7530 0 0 -0.000114
7535 0 0 -0.000127
7540 0 0 -0.000177
7545 0 0 -0.000230
7550 0 0 -0.000260
7555 0 0 -0.000260
7560 0 0 -0.000230
7565 0 0 -0.000175
7570 0 0 -0.000126
7575 0 0 -0.000116
7580 0 0 -0.000167
7585 0 0 -0.000242
7590 0 0 -0.000288
7595 0 0 -0.000270
7600 0 0 -0.000216
7605 0 0 -0.000172
7610 0 0 -0.000171
7615 0 0 -0.000199
7620 0 0 -0.000230
7625 0 0 -0.000244
7630 0 0 -0.000242
7635 0 0 -0.000230
7640 0 0 -0.000213
7645 0 0 -0.000194
7650 0 0 -0.000174
7655 0 0 -0.000158
7660 0 0 -0.000154
7665 0 0 -0.000172
7670 0 0 -0.000217
7675 0 0 -0.000265
7680 0 0 -0.000288
7685 0 0 -0.000266
7690 0 0 -0.000218
7695 0 0 -0.000174
7700 0 0 -0.000156
7705 0 0 -0.000159
7710 0 0 -0.000172
7715 0 0 -0.000186
7720 0 0 -0.000203
7725 0 0 -0.000230
7730 0 0 -0.000268
7735 0 0 -0.000296
7740 0 0 -0.000288
7745 0 0 -0.000231
7750 0 0 -0.000158
7755 0 0 -0.000114
7760 0 0 -0.000130
7765 0 0 -0.000182
7770 0 0 -0.000230
7775 0 0 -0.000243
7780 0 0 -0.000221
7785 0 0 -0.000172
7790 0 0 -0.000114
7795 0 0 -0.000109
7800 0 0 -0.000230
7805 0 0 -0.000506
7810 0 0 -0.000797
7815 0 0 -0.000920
7820 0 0 -0.000755
7825 0 0 -0.000439
7830 0 0 -0.000172
7835 0 0 -0.000101
7840 0 0 -0.000160
7845 0 0 -0.000232
7850 0 0 -0.000231
7855 0 0 -0.000204
7860 0 0 -0.000230
7865 0 0 -0.000357
7870 0 0 -0.000508
7875 0 0 -0.000576
7880 0 0 -0.000493
7885 0 0 -0.000352
7890 0 0 -0.000288
7895 0 0 -0.000389
7900 0 0 -0.000567
7905 0 0 -0.000690
7910 0 0 -0.000662
7915 0 0 -0.000536
7920 0 0 -0.000402
7925 0 0 -0.000335
7930 0 0 -0.000353
7935 0 0 -0.000460
7940 0 0 -0.000650
7945 0 0 -0.000880
7950 0 0 -0.001096
7955 0 0 -0.001252
7960 0 0 -0.001332
7965 0 0 -0.001326
7970 0 0 -0.001232
7975 0 0 -0.001069
7980 0 0 -0.000862
7985 0 0 -0.000641
7990 0 0 -0.000452
7995 0 0 -0.000346
8000 0 0 -0.000352
8005 0 0 -0.000416
8010 0 0 -0.000460
8015 0 0 -0.000429
8020 0 0 -0.000354
8025 0 0 -0.000288
8030 0 0 -0.000268
8035 0 0 -0.000278
8040 0 0 -0.000288
8045 0 0 -0.000275
8050 0 0 -0.000249
8055 0 0 -0.000230
8060 0 0 -0.000232
8065 0 0 -0.000253
8070 0 0 -0.000288
8075 0 0 -0.000329
8080 0 0 -0.000356
8085 0 0 -0.000346
8090 0 0 -0.000287
8095 0 0 -0.000214
8100 0 0 -0.000172
8105 0 0 -0.000191
8110 0 0 -0.000244
8115 0 0 -0.000288
8120 0 0 -0.000294
8125 0 0 -0.000283
8130 0 0 -0.000288
8135 0 0 -0.000332
8140 0 0 -0.000384
8145 0 0 -0.000404
8150 0 0 -0.000366
8155 0 0 -0.000309
8160 0 0 -0.000288
8165 0 0 -0.000341
8170 0 0 -0.000435
8175 0 0 -0.000518
8180 0 0 -0.000550
8185 0 0 -0.000543
8190 0 0 -0.000520
8195 0 0 -0.000499
8200 0 0 -0.000481
8205 0 0 -0.000460
8210 0 0 -0.000435
8215 0 0 -0.000413
8220 0 0 -0.000404
8225 0 0 -0.000417
8230 0 0 -0.000455
8235 0 0 -0.000518
8240 0 0 -0.000602
8245 0 0 -0.000688
8250 0 0 -0.000750
8255 0 0 -0.000772
8260 0 0 -0.000765
8265 0 0 -0.000748
8270 0 0 -0.000734
8275 0 0 -0.000717
8280 0 0 -0.000690
8285 0 0 -0.000647
8290 0 0 -0.000603
8295 0 0 -0.000576
8300 0 0 -0.000581
8305 0 0 -0.000605
8310 0 0 -0.000634
8315 0 0 -0.000652
8320 0 0 -0.000652
8325 0 0 -0.000632
8330 0 0 -0.000593
8335 0 0 -0.000563
8340 0 0 -0.000576
8345 0 0 -0.000652
8350 0 0 -0.000748
8355 0 0 -0.000806
8360 0 0 -0.000786
8365 0 0 -0.000715
8370 0 0 -0.000634
8375 0 0 -0.000578
8380 0 0 -0.000544
8385 0 0 -0.000518
8390 0 0 -0.000491
8395 0 0 -0.000468
8400 0 0 -0.000460
8405 0 0 -0.000471
8410 0 0 -0.000494
8415 0 0 -0.000518
8420 0 0 -0.000532
8425 0 0 -0.000533
8430 0 0 -0.000520
8435 0 0 -0.000494
8440 0 0 -0.000468
8445 0 0 -0.000460
8450 0 0 -0.000479
8455 0 0 -0.000508
8460 0 0 -0.000520
8465 0 0 -0.000500
8470 0 0 -0.000470
8475 0 0 -0.000462
8480 0 0 -0.000497
8485 0 0 -0.000547
8490 0 0 -0.000576
8495 0 0 -0.000556
8500 0 0 -0.000508
8505 0 0 -0.000462
8510 0 0 -0.000443
8515 0 0 -0.000446
8520 0 0 -0.000460
8525 0 0 -0.000476
8530 0 0 -0.000494
8535 0 0 -0.000518
8540 0 0 -0.000548
8545 0 0 -0.000572
8550 0 0 -0.000576
8555 0 0 -0.000550
8560 0 0 -0.000506
8565 0 0 -0.000462
8570 0 0 -0.000430
8575 0 0 -0.000412
8580 0 0 -0.000404
8585 0 0 -0.000403
8590 0 0 -0.000404
8595 0 0 -0.000402
8600 0 0 -0.000395
8605 0 0 -0.000392
8610 0 0 -0.000402
8615 0 0 -0.000430
8620 0 0 -0.000458
8625 0 0 -0.000460
8630 0 0 -0.000422
8635 0 0 -0.000371
8640 0 0 -0.000344
8645 0 0 -0.000372
8650 0 0 -0.000452
8655 0 0 -0.000576
8660 0 0 -0.000725
8665 0 0 -0.000843
8670 0 0 -0.000864
8675 0 0 -0.000748
8680 0 0 -0.000563
8685 0 0 -0.000402
8690 0 0 -0.000334
8695 0 0 -0.000332
8700 0 0 -0.000346
8705 0 0 -0.000336
8710 0 0 -0.000310
8715 0 0 -0.000288
8720 0 0 -0.000285
8725 0 0 -0.000290
8730 0 0 -0.000288
8735 0 0 -0.000268
8740 0 0 -0.000243
8745 0 0 -0.000230
8750 0 0 -0.000241
8755 0 0 -0.000266
8760 0 0 -0.000288
8765 0 0 -0.000296
8770 0 0 -0.000293
8775 0 0 -0.000288
8780 0 0 -0.000288
8785 0 0 -0.000289
8790 0 0 -0.000288
8795 0 0 -0.000280
8800 0 0 -0.000262
8805 0 0 -0.000230
8810 0 0 -0.000186
8815 0 0 -0.000157
8820 0 0 -0.000174
8825 0 0 -0.000254
8830 0 0 -0.000350
8835 0 0 -0.000402
8840 0 0 -0.000368
8845 0 0 -0.000291
8850 0 0 -0.000232
8855 0 0 -0.000235
8860 0 0 -0.000270
8865 0 0 -0.000288
8870 0 0 -0.000256
8875 0 0 -0.000203
8880 0 0 -0.000172
8885 0 0 -0.000193
8890 0 0 -0.000243
8895 0 0 -0.000288
8900 0 0 -0.000299
8905 0 0 -0.000277
8910 0 0 -0.000230
8915 0 0 -0.000171
8920 0 0 -0.000124
8925 0 0 -0.000116
8930 0 0 -0.000164
8935 0 0 -0.000236
8940 0 0 -0.000288
8945 0 0 -0.000290
8950 0 0 -0.000260
8955 0 0 -0.000230
8960 0 0 -0.000223
8965 0 0 -0.000229
8970 0 0 -0.000230
8975 0 0 -0.000214
8980 0 0 -0.000190
8985 0 0 -0.000174
8990 0 0 -0.000178
8995 0 0 -0.000199
9000 0 0 -0.000230
9005 0 0 -0.000264
9010 0 0 -0.000288
9015 0 0 -0.000288
9020 0 0 -0.000257
9025 0 0 -0.000212
9030 0 0 -0.000172
9035 0 0 -0.000155
9040 0 0 -0.000158
9045 0 0 -0.000172
9050 0 0 -0.000190
9055 0 0 -0.000209
9060 0 0 -0.000230
9065 0 0 -0.000251
9070 0 0 -0.000272
9075 0 0 -0.000288
9080 0 0 -0.000298
9085 0 0 -0.000300
9090 0 0 -0.000288
9095 0 0 -0.000263
9100 0 0 -0.000239
9105 0 0 -0.000230
9110 0 0 -0.000247
9115 0 0 -0.000274
9120 0 0 -0.000288
9125 0 0 -0.000274
9130 0 0 -0.000248
9135 0 0 -0.000230
9140 0 0 -0.000235
9145 0 0 -0.000244
9150 0 0 -0.000232
9155 0 0 -0.000183
9160 0 0 -0.000130
9165 0 0 -0.000116
9170 0 0 -0.000169
9175 0 0 -0.000246
9180 0 0 -0.000288
9185 0 0 -0.000256
9190 0 0 -0.000196
9195 0 0 -0.000174
9200 0 0 -0.000243
9205 0 0 -0.000402
9210 0 0 -0.000634
9215 0 0 -0.000911
9220 0 0 -0.001153
9225 0 0 -0.001266
9230 0 0 -0.001186
9235 0 0 -0.000966
9240 0 0 -0.000692
9245 0 0 -0.000436
9250 0 0 -0.000235
9255 0 0 -0.000114
9260 0 0 -0.000087
9265 0 0 -0.000121
9270 0 0 -0.000172
9275 0 0 -0.000205
9280 0 0 -0.000221
9285 0 0 -0.000232
9290 0 0 -0.000247
9295 0 0 -0.000266
9300 0 0 -0.000288
9305 0 0 -0.000312
9310 0 0 -0.000347
9315 0 0 -0.000404
9320 0 0 -0.000489
9325 0 0 -0.000591
9330 0 0 -0.000692
9335 0 0 -0.000780
9340 0 0 -0.000855
9345 0 0 -0.000922
9350 0 0 -0.000976
9355 0 0 -0.000974
9360 0 0 -0.000862
9365 0 0 -0.000622
9370 0 0 -0.000378
9375 0 0 -0.000288
9380 0 0 -0.000452
9385 0 0 -0.000744
9390 0 0 -0.000978
9395 0 0 -0.001021
9400 0 0 -0.000943
9405 0 0 -0.000864
9410 0 0 -0.000870
9415 0 0 -0.000902
9420 0 0 -0.000864
9425 0 0 -0.000696
9430 0 0 -0.000468
9435 0 0 -0.000288
9440 0 0 -0.000230
9445 0 0 -0.000254
9450 0 0 -0.000288
9455 0 0 -0.000280
9460 0 0 -0.000248
9465 0 0 -0.000230
9470 0 0 -0.000252
9475 0 0 -0.000299
9480 0 0 -0.000344
9485 0 0 -0.000367
9490 0 0 -0.000366
9495 0 0 -0.000346
9500 0 0 -0.000312
9505 0 0 -0.000270
9510 0 0 -0.000230
9515 0 0 -0.000204
9520 0 0 -0.000229
9525 0 0 -0.000346
9530 0 0 -0.000571
9535 0 0 -0.000819
9540 0 0 -0.000978
9545 0 0 -0.000975
9550 0 0 -0.000881
9555 0 0 -0.000806
9560 0 0 -0.000827
9565 0 0 -0.000894
9570 0 0 -0.000922
9575 0 0 -0.000854
9580 0 0 -0.000735
9585 0 0 -0.000634
9590 0 0 -0.000600
9595 0 0 -0.000598
9600 0 0 -0.000574
9605 0 0 -0.000492
9610 0 0 -0.000396
9615 0 0 -0.000346
9620 0 0 -0.000382
9625 0 0 -0.000447
9630 0 0 -0.000462
9635 0 0 -0.000384
9640 0 0 -0.000317
9645 0 0 -0.000404
9650 0 0 -0.000727
9655 0 0 -0.001126
9660 0 0 -0.001382
9665 0 0 -0.001341
9670 0 0 -0.001111
9675 0 0 -0.000866
9680 0 0 -0.000740
9685 0 0 -0.000719
9690 0 0 -0.000748
9695 0 0 -0.000782
9700 0 0 -0.000804
9705 0 0 -0.000806
9710 0 0 -0.000783
9715 0 0 -0.000742
9720 0 0 -0.000692
9725 0 0 -0.000643
9730 0 0 -0.000602
9735 0 0 -0.000576
9740 0 0 -0.000568
9745 0 0 -0.000571
9750 0 0 -0.000576
9755 0 0 -0.000576
9760 0 0 -0.000574
9765 0 0 -0.000576
9770 0 0 -0.000586
9775 0 0 -0.000591
9780 0 0 -0.000576
9785 0 0 -0.000538
9790 0 0 -0.000520
9795 0 0 -0.000576
9800 0 0 -0.000739
9805 0 0 -0.000956
9810 0 0 -0.001154
9815 0 0 -0.001271
9820 0 0 -0.001291
9825 0 0 -0.001210
9830 0 0 -0.001038
9835 0 0 -0.000839
9840 0 0 -0.000692
9845 0 0 -0.000656
9850 0 0 -0.000708
9855 0 0 -0.000806
9860 0 0 -0.000912
9865 0 0 -0.001011
9870 0 0 -0.001094
9875 0 0 -0.001151
9880 0 0 -0.001173
9885 0 0 -0.001152
9890 0 0 -0.001088
9895 0 0 -0.001016
9900 0 0 -0.000978
9905 0 0 -0.001000
9910 0 0 -0.001040
9915 0 0 -0.001038
9920 0 0 -0.000956
9925 0 0 -0.000838
9930 0 0 -0.000748
9935 0 0 -0.000733
9940 0 0 -0.000767
9945 0 0 -0.000806
9950 0 0 -0.000816
9955 0 0 -0.000794
9960 0 0 -0.000748
9965 0 0 -0.000685
9970 0 0 -0.000622
9975 0 0 -0.000576
9980 0 0 -0.000561
9985 0 0 -0.000566
9990 0 0 -0.000576
9995 0 0 -0.000578
10000 0 0 -0.000576
10005 0 0 -0.000576
10010 0 0 -0.000582
10015 0 0 -0.000585
10020 0 0 -0.000576
10025 0 0 -0.000548
10030 0 0 -0.000521
10035 0 0 -0.000518
10040 0 0 -0.000554
10045 0 0 -0.000604
10050 0 0 -0.000634
10055 0 0 -0.000620
10060 0 0 -0.000574
10065 0 0 -0.000518
10070 0 0 -0.000475
10075 0 0 -0.000468
