0 0 0 -0.000300
5 0 0 -0.000362
10 0 0 -0.000369
15 0 0 -0.000340
20 0 0 -0.000296
25 0 0 -0.000256
30 0 0 -0.000240
35 0 0 -0.000260
40 0 0 -0.000296
45 0 0 -0.000320
50 0 0 -0.000311
55 0 0 -0.000281
60 0 0 -0.000250
65 0 0 -0.000233
70 0 0 -0.000226
75 0 0 -0.000220
80 0 0 -0.000209
85 0 0 -0.000202
90 0 0 -0.000210
95 0 0 -0.000239
100 0 0 -0.000270
105 0 0 -0.000280
110 0 0 -0.000254
115 0 0 -0.000214
120 0 0 -0.000190
125 0 0 -0.000203
130 0 0 -0.000236
135 0 0 -0.000260
140 0 0 -0.000256
145 0 0 -0.000231
150 0 0 -0.000200
155 0 0 -0.000175
160 0 0 -0.000161
165 0 0 -0.000160
170 0 0 -0.000173
175 0 0 -0.000188
180 0 0 -0.000190
185 0 0 -0.000170
190 0 0 -0.000141
195 0 0 -0.000120
200 0 0 -0.000121
205 0 0 -0.000130
210 0 0 -0.000130
215 0 0 -0.000109
220 0 0 -0.000079
225 0 0 -0.000060
230 0 0 -0.000066
235 0 0 -0.000087
240 0 0 -0.000110
245 0 0 -0.000122
250 0 0 -0.000121
255 0 0 -0.000110
260 0 0 -0.000091
265 0 0 -0.000075
270 0 0 -0.000070
275 0 0 -0.000084
280 0 0 -0.000109
285 0 0 -0.000130
290 0 0 -0.000138
295 0 0 -0.000134
300 0 0 -0.000120
305 0 0 -0.000101
310 0 0 -0.000085
315 0 0 -0.000080
320 0 0 -0.000091
325 0 0 -0.000109
330 0 0 -0.000120
335 0 0 -0.000115
340 0 0 -0.000099
345 0 0 -0.000080
350 0 0 -0.000065
355 0 0 -0.000059
360 0 0 -0.000070
365 0 0 -0.000099
370 0 0 -0.000134
375 0 0 -0.000160
380 0 0 -0.000165
385 0 0 -0.000156
390 0 0 -0.000140
395 0 0 -0.000127
400 0 0 -0.000120
405 0 0 -0.000120
410 0 0 -0.000129
415 0 0 -0.000141
420 0 0 -0.000150
425 0 0 -0.000152
430 0 0 -0.000148
435 0 0 -0.000140
440 0 0 -0.000131
445 0 0 -0.000128
450 0 0 -0.000140
455 0 0 -0.000171
460 0 0 -0.000207
465 0 0 -0.000230
470 0 0 -0.000228
475 0 0 -0.000207
480 0 0 -0.000180
485 0 0 -0.000157
490 0 0 -0.000143
495 0 0 -0.000140
500 0 0 -0.000150
505 0 0 -0.000166
510 0 0 -0.000180
515 0 0 -0.000184
520 0 0 -0.000180
525 0 0 -0.000170
530 0 0 -0.000158
535 0 0 -0.000147
540 0 0 -0.000140
545 0 0 -0.000141
550 0 0 -0.000154
555 0 0 -0.000180
560 0 0 -0.000221
565 0 0 -0.000268
570 0 0 -0.000310
575 0 0 -0.000337
580 0 0 -0.000343
585 0 0 -0.000320
590 0 0 -0.000268
595 0 0 -0.000209
600 0 0 -0.000170
605 0 0 -0.000170
610 0 0 -0.000197
615 0 0 -0.000230
620 0 0 -0.000253
625 0 0 -0.000267
630 0 0 -0.000280
635 0 0 -0.000296
640 0 0 -0.000314
645 0 0 -0.000330
650 0 0 -0.000343
655 0 0 -0.000355
660 0 0 -0.000370
665 0 0 -0.000389
670 0 0 -0.000405
675 0 0 -0.000410
680 0 0 -0.000397
685 0 0 -0.000369
690 0 0 -0.000330
695 0 0 -0.000285
700 0 0 -0.000247
705 0 0 -0.000230
710 0 0 -0.000240
715 0 0 -0.000259
720 0 0 -0.000260
725 0 0 -0.000226
730 0 0 -0.000179
735 0 0 -0.000150
740 0 0 -0.000160
745 0 0 -0.000192
750 0 0 -0.000220
755 0 0 -0.000225
760 0 0 -0.000212
765 0 0 -0.000190
770 0 0 -0.000170
775 0 0 -0.000158
780 0 0 -0.000160
785 0 0 -0.000178
790 0 0 -0.000199
795 0 0 -0.000210
800 0 0 -0.000199
805 0 0 -0.000177
810 0 0 -0.000160
815 0 0 -0.000159
820 0 0 -0.000168
825 0 0 -0.000180
830 0 0 -0.000186
835 0 0 -0.000184
840 0 0 -0.000170
845 0 0 -0.000145
850 0 0 -0.000120
855 0 0 -0.000110
860 0 0 -0.000123
865 0 0 -0.000148
870 0 0 -0.000170
875 0 0 -0.000176
880 0 0 -0.000167
885 0 0 -0.000150
890 0 0 -0.000129
895 0 0 -0.000113
900 0 0 -0.000110
905 0 0 -0.000125
910 0 0 -0.000148
915 0 0 -0.000170
920 0 0 -0.000180
925 0 0 -0.000176
930 0 0 -0.000160
935 0 0 -0.000135
940 0 0 -0.000110
945 0 0 -0.000100
950 0 0 -0.000112
955 0 0 -0.000139
960 0 0 -0.000170
965 0 0 -0.000194
970 0 0 -0.000208
975 0 0 -0.000210
980 0 0 -0.000199
985 0 0 -0.000186
990 0 0 -0.000180
995 0 0 -0.000190
1000 0 0 -0.000207
1005 0 0 -0.000220
1010 0 0 -0.000219
1015 0 0 -0.000208
1020 0 0 -0.000190
1025 0 0 -0.000172
1030 0 0 -0.000157
1035 0 0 -0.000150
1040 0 0 -0.000153
1045 0 0 -0.000167
1050 0 0 -0.000190
1055 0 0 -0.000219
1060 0 0 -0.000244
1065 0 0 -0.000250
1070 0 0 -0.000231
1075 0 0 -0.000201
1080 0 0 -0.000180
1085 0 0 -0.000184
1090 0 0 -0.000207
1095 0 0 -0.000240
1100 0 0 -0.000272
1105 0 0 -0.000292
1110 0 0 -0.000290
1115 0 0 -0.000260
1120 0 0 -0.000219
1125 0 0 -0.000190
1130 0 0 -0.000188
1135 0 0 -0.000201
1140 0 0 -0.000210
1145 0 0 -0.000203
1150 0 0 -0.000201
1155 0 0 -0.000230
1160 0 0 -0.000306
1165 0 0 -0.000397
1170 0 0 -0.000460
1175 0 0 -0.000464
1180 0 0 -0.000430
1185 0 0 -0.000390
1190 0 0 -0.000368
1195 0 0 -0.000357
1200 0 0 -0.000340
1205 0 0 -0.000306
1210 0 0 -0.000265
1215 0 0 -0.000230
1220 0 0 -0.000211
1225 0 0 -0.000202
1230 0 0 -0.000190
1235 0 0 -0.000169
1240 0 0 -0.000153
1245 0 0 -0.000160
1250 0 0 -0.000200
1255 0 0 -0.000251
1260 0 0 -0.000280
1265 0 0 -0.000268
1270 0 0 -0.000242
1275 0 0 -0.000240
1280 0 0 -0.000288
1285 0 0 -0.000363
1290 0 0 -0.000430
1295 0 0 -0.000462
1300 0 0 -0.000469
1305 0 0 -0.000470
1310 0 0 -0.000478
1315 0 0 -0.000483
1320 0 0 -0.000470
1325 0 0 -0.000425
1330 0 0 -0.000348
1335 0 0 -0.000240
1340 0 0 -0.000123
1345 0 0 -0.000102
1350 0 0 -0.000300
1355 0 0 -0.000786
1360 0 0 -0.001396
1365 0 0 -0.001910
1370 0 0 -0.002166
1375 0 0 -0.002228
1380 0 0 -0.002220
1385 0 0 -0.002228
1390 0 0 -0.002198
1395 0 0 -0.002040
1400 0 0 -0.001697
1405 0 0 -0.001247
1410 0 0 -0.000800
1415 0 0 -0.000447
1420 0 0 -0.000204
1425 0 0 -0.000070
1430 0 0 -0.000034
1435 0 0 -0.000059
1440 0 0 -0.000100
1445 0 0 -0.000120
1450 0 0 -0.000120
1455 0 0 -0.000110
1460 0 0 -0.000097
1465 0 0 -0.000086
1470 0 0 -0.000080
1475 0 0 -0.000081
1480 0 0 -0.000085
1485 0 0 -0.000090
1490 0 0 -0.000093
1495 0 0 -0.000095
1500 0 0 -0.000100
1505 0 0 -0.000109
1510 0 0 -0.000112
1515 0 0 -0.000100
1520 0 0 -0.000068
1525 0 0 -0.000044
1530 0 0 -0.000060
1535 0 0 -0.000135
1540 0 0 -0.000228
1545 0 0 -0.000280
1550 0 0 -0.000254
1555 0 0 -0.000188
1560 0 0 -0.000140
1565 0 0 -0.000150
1570 0 0 -0.000197
1575 0 0 -0.000240
1580 0 0 -0.000251
1585 0 0 -0.000238
1590 0 0 -0.000220
1595 0 0 -0.000211
1600 0 0 -0.000205
1605 0 0 -0.000190
1610 0 0 -0.000160
1615 0 0 -0.000128
1620 0 0 -0.000110
1625 0 0 -0.000118
1630 0 0 -0.000140
1635 0 0 -0.000160
1640 0 0 -0.000164
1645 0 0 -0.000155
1650 0 0 -0.000140
1655 0 0 -0.000126
1660 0 0 -0.000118
1665 0 0 -0.000120
1670 0 0 -0.000133
1675 0 0 -0.000150
1680 0 0 -0.000160
1685 0 0 -0.000157
1690 0 0 -0.000147
1695 0 0 -0.000140
1700 0 0 -0.000142
1705 0 0 -0.000150
1710 0 0 -0.000160
1715 0 0 -0.000167
1720 0 0 -0.000167
1725 0 0 -0.000160
1730 0 0 -0.000144
1735 0 0 -0.000124
1740 0 0 -0.000110
1745 0 0 -0.000107
1750 0 0 -0.000114
1755 0 0 -0.000130
1760 0 0 -0.000151
1765 0 0 -0.000168
1770 0 0 -0.000170
1775 0 0 -0.000152
1780 0 0 -0.000124
1785 0 0 -0.000100
1790 0 0 -0.000094
1795 0 0 -0.000107
1800 0 0 -0.000140
1805 0 0 -0.000192
1810 0 0 -0.000252
1815 0 0 -0.000310
1820 0 0 -0.000355
1825 0 0 -0.000380
1830 0 0 -0.000380
1835 0 0 -0.000352
1840 0 0 -0.000302
1845 0 0 -0.000240
1850 0 0 -0.000177
1855 0 0 -0.000128
1860 0 0 -0.000110
1865 0 0 -0.000132
1870 0 0 -0.000176
1875 0 0 -0.000220
1880 0 0 -0.000243
1885 0 0 -0.000245
1890 0 0 -0.000230
1895 0 0 -0.000204
1900 0 0 -0.000179
1905 0 0 -0.000170
1910 0 0 -0.000185
1915 0 0 -0.000209
1920 0 0 -0.000220
1925 0 0 -0.000205
1930 0 0 -0.000178
1935 0 0 -0.000160
1940 0 0 -0.000169
1945 0 0 -0.000214
1950 0 0 -0.000300
1955 0 0 -0.000421
1960 0 0 -0.000524
1965 0 0 -0.000540
1970 0 0 -0.000430
1975 0 0 -0.000257
1980 0 0 -0.000110
1985 0 0 -0.000056
1990 0 0 -0.000068
1995 0 0 -0.000100
2000 0 0 -0.000113
2005 0 0 -0.000117
2010 0 0 -0.000130
2015 0 0 -0.000164
2020 0 0 -0.000200
2025 0 0 -0.000210
2030 0 0 -0.000177
2035 0 0 -0.000126
2040 0 0 -0.000090
2045 0 0 -0.000095
2050 0 0 -0.000126
2055 0 0 -0.000160
2060 0 0 -0.000178
2065 0 0 -0.000180
2070 0 0 -0.000170
2075 0 0 -0.000153
2080 0 0 -0.000132
2085 0 0 -0.000110
2090 0 0 -0.000092
2095 0 0 -0.000083
2100 0 0 -0.000090
2105 0 0 -0.000116
2110 0 0 -0.000148
2115 0 0 -0.000170
2120 0 0 -0.000172
2125 0 0 -0.000158
2130 0 0 -0.000140
2135 0 0 -0.000126
2140 0 0 -0.000122
2145 0 0 -0.000130
2150 0 0 -0.000151
2155 0 0 -0.000173
2160 0 0 -0.000180
2165 0 0 -0.000164
2170 0 0 -0.000140
2175 0 0 -0.000130
2180 0 0 -0.000147
2185 0 0 -0.000175
2190 0 0 -0.000190
2195 0 0 -0.000176
2200 0 0 -0.000146
2205 0 0 -0.000120
2210 0 0 -0.000114
2215 0 0 -0.000124
2220 0 0 -0.000140
2225 0 0 -0.000152
2230 0 0 -0.000157
2235 0 0 -0.000150
2240 0 0 -0.000130
2245 0 0 -0.000109
2250 0 0 -0.000100
2255 0 0 -0.000112
2260 0 0 -0.000134
2265 0 0 -0.000150
2270 0 0 -0.000149
2275 0 0 -0.000139
2280 0 0 -0.000130
2285 0 0 -0.000133
2290 0 0 -0.000144
2295 0 0 -0.000160
2300 0 0 -0.000175
2305 0 0 -0.000184
2310 0 0 -0.000180
2315 0 0 -0.000162
2320 0 0 -0.000137
2325 0 0 -0.000120
2330 0 0 -0.000118
2335 0 0 -0.000127
2340 0 0 -0.000140
2345 0 0 -0.000149
2350 0 0 -0.000150
2355 0 0 -0.000140
2360 0 0 -0.000119
2365 0 0 -0.000100
2370 0 0 -0.000100
2375 0 0 -0.000128
2380 0 0 -0.000166
2385 0 0 -0.000190
2390 0 0 -0.000184
2395 0 0 -0.000165
2400 0 0 -0.000160
2405 0 0 -0.000186
2410 0 0 -0.000227
2415 0 0 -0.000260
2420 0 0 -0.000267
2425 0 0 -0.000248
2430 0 0 -0.000210
2435 0 0 -0.000160
2440 0 0 -0.000117
2445 0 0 -0.000100
2450 0 0 -0.000123
2455 0 0 -0.000166
2460 0 0 -0.000200
2465 0 0 -0.000210
2470 0 0 -0.000223
2475 0 0 -0.000280
2480 0 0 -0.000414
2485 0 0 -0.000633
2490 0 0 -0.000940
2495 0 0 -0.001311
2500 0 0 -0.001623
2505 0 0 -0.001730
2510 0 0 -0.001538
2515 0 0 -0.001172
2520 0 0 -0.000810
2525 0 0 -0.000595
2530 0 0 -0.000524
2535 0 0 -0.000560
2540 0 0 -0.000661
2545 0 0 -0.000775
2550 0 0 -0.000850
2555 0 0 -0.000848
2560 0 0 -0.000805
2565 0 0 -0.000770
2570 0 0 -0.000780
2575 0 0 -0.000808
2580 0 0 -0.000810
2585 0 0 -0.000757
2590 0 0 -0.000676
2595 0 0 -0.000610
2600 0 0 -0.000587
2605 0 0 -0.000583
2610 0 0 -0.000560
2615 0 0 -0.000492
2620 0 0 -0.000405
2625 0 0 -0.000340
2630 0 0 -0.000324
2635 0 0 -0.000339
2640 0 0 -0.000360
2645 0 0 -0.000363
2650 0 0 -0.000351
2655 0 0 -0.000330
2660 0 0 -0.000307
2665 0 0 -0.000284
2670 0 0 -0.000260
2675 0 0 -0.000237
2680 0 0 -0.000219
2685 0 0 -0.000210
2690 0 0 -0.000213
2695 0 0 -0.000227
2700 0 0 -0.000250
2705 0 0 -0.000277
2710 0 0 -0.000303
2715 0 0 -0.000320
2720 0 0 -0.000322
2725 0 0 -0.000314
2730 0 0 -0.000300
2735 0 0 -0.000286
2740 0 0 -0.000273
2745 0 0 -0.000260
2750 0 0 -0.000248
2755 0 0 -0.000235
2760 0 0 -0.000220
2765 0 0 -0.000202
2770 0 0 -0.000186
2775 0 0 -0.000180
2780 0 0 -0.000188
2785 0 0 -0.000202
2790 0 0 -0.000210
2795 0 0 -0.000204
2800 0 0 -0.000190
2805 0 0 -0.000180
2810 0 0 -0.000180
2815 0 0 -0.000189
2820 0 0 -0.000200
2825 0 0 -0.000210
2830 0 0 -0.000214
2835 0 0 -0.000210
2840 0 0 -0.000196
2845 0 0 -0.000179
2850 0 0 -0.000170
2855 0 0 -0.000176
2860 0 0 -0.000194
2865 0 0 -0.000220
2870 0 0 -0.000247
2875 0 0 -0.000264
2880 0 0 -0.000260
2885 0 0 -0.000230
2890 0 0 -0.000189
2895 0 0 -0.000160
2900 0 0 -0.000159
2905 0 0 -0.000177
2910 0 0 -0.000200
2915 0 0 -0.000215
2920 0 0 -0.000219
2925 0 0 -0.000210
2930 0 0 -0.000190
2935 0 0 -0.000169
2940 0 0 -0.000160
2945 0 0 -0.000170
2950 0 0 -0.000188
2955 0 0 -0.000200
2960 0 0 -0.000195
2965 0 0 -0.000184
2970 0 0 -0.000180
2975 0 0 -0.000193
2980 0 0 -0.000212
2985 0 0 -0.000220
2990 0 0 -0.000208
2995 0 0 -0.000185
3000 0 0 -0.000170
3005 0 0 -0.000173
3010 0 0 -0.000190
3015 0 0 -0.000210
3020 0 0 -0.000224
3025 0 0 -0.000226
3030 0 0 -0.000210
3035 0 0 -0.000176
3040 0 0 -0.000139
3045 0 0 -0.000120
3050 0 0 -0.000132
3055 0 0 -0.000157
3060 0 0 -0.000170
3065 0 0 -0.000154
3070 0 0 -0.000125
3075 0 0 -0.000110
3080 0 0 -0.000125
3085 0 0 -0.000153
3090 0 0 -0.000170
3095 0 0 -0.000157
3100 0 0 -0.000130
3105 0 0 -0.000110
3110 0 0 -0.000114
3115 0 0 -0.000132
3120 0 0 -0.000150
3125 0 0 -0.000154
3130 0 0 -0.000146
3135 0 0 -0.000130
3140 0 0 -0.000110
3145 0 0 -0.000094
3150 0 0 -0.000090
3155 0 0 -0.000102
3160 0 0 -0.000123
3165 0 0 -0.000140
3170 0 0 -0.000145
3175 0 0 -0.000138
3180 0 0 -0.000120
3185 0 0 -0.000094
3190 0 0 -0.000070
3195 0 0 -0.000060
3200 0 0 -0.000071
3205 0 0 -0.000095
3210 0 0 -0.000120
3215 0 0 -0.000134
3220 0 0 -0.000133
3225 0 0 -0.000110
3230 0 0 -0.000069
3235 0 0 -0.000040
3240 0 0 -0.000060
3245 0 0 -0.000157
3250 0 0 -0.000323
3255 0 0 -0.000540
3260 0 0 -0.000778
3265 0 0 -0.000953
3270 0 0 -0.000970
3275 0 0 -0.000774
3280 0 0 -0.000474
3285 0 0 -0.000220
3290 0 0 -0.000125
3295 0 0 -0.000145
3300 0 0 -0.000200
3305 0 0 -0.000225
3310 0 0 -0.000220
3315 0 0 -0.000200
3320 0 0 -0.000181
3325 0 0 -0.000169
3330 0 0 -0.000170
3335 0 0 -0.000187
3340 0 0 -0.000209
3345 0 0 -0.000220
3350 0 0 -0.000211
3355 0 0 -0.000190
3360 0 0 -0.000170
3365 0 0 -0.000161
3370 0 0 -0.000164
3375 0 0 -0.000180
3380 0 0 -0.000205
3385 0 0 -0.000225
3390 0 0 -0.000220
3395 0 0 -0.000184
3400 0 0 -0.000152
3405 0 0 -0.000170
3410 0 0 -0.000266
3415 0 0 -0.000392
3420 0 0 -0.000480
3425 0 0 -0.000481
3430 0 0 -0.000415
3435 0 0 -0.000320
3440 0 0 -0.000229
3445 0 0 -0.000163
3450 0 0 -0.000140
3455 0 0 -0.000168
3460 0 0 -0.000215
3465 0 0 -0.000240
3470 0 0 -0.000215
3475 0 0 -0.000166
3480 0 0 -0.000130
3485 0 0 -0.000136
3490 0 0 -0.000168
3495 0 0 -0.000200
3500 0 0 -0.000213
3505 0 0 -0.000210
3510 0 0 -0.000200
3515 0 0 -0.000192
3520 0 0 -0.000185
3525 0 0 -0.000180
3530 0 0 -0.000175
3535 0 0 -0.000171
3540 0 0 -0.000170
3545 0 0 -0.000173
3550 0 0 -0.000175
3555 0 0 -0.000170
3560 0 0 -0.000154
3565 0 0 -0.000134
3570 0 0 -0.000120
3575 0 0 -0.000119
3580 0 0 -0.000130
3585 0 0 -0.000150
3590 0 0 -0.000174
3595 0 0 -0.000194
3600 0 0 -0.000200
3605 0 0 -0.000187
3610 0 0 -0.000167
3615 0 0 -0.000160
3620 0 0 -0.000176
3625 0 0 -0.000201
3630 0 0 -0.000210
3635 0 0 -0.000190
3640 0 0 -0.000155
3645 0 0 -0.000130
3650 0 0 -0.000131
3655 0 0 -0.000152
3660 0 0 -0.000180
3665 0 0 -0.000205
3670 0 0 -0.000220
3675 0 0 -0.000220
3680 0 0 -0.000202
3685 0 0 -0.000177
3690 0 0 -0.000160
3695 0 0 -0.000161
3700 0 0 -0.000172
3705 0 0 -0.000180
3710 0 0 -0.000176
3715 0 0 -0.000161
3720 0 0 -0.000140
3725 0 0 -0.000117
3730 0 0 -0.000101
3735 0 0 -0.000100
3740 0 0 -0.000119
3745 0 0 -0.000145
3750 0 0 -0.000160
3755 0 0 -0.000152
3760 0 0 -0.000130
3765 0 0 -0.000110
3770 0 0 -0.000104
3775 0 0 -0.000111
3780 0 0 -0.000130
3785 0 0 -0.000154
3790 0 0 -0.000168
3795 0 0 -0.000150
3800 0 0 -0.000097
3805 0 0 -0.000061
3810 0 0 -0.000110
3815 0 0 -0.000281
3820 0 0 -0.000482
3825 0 0 -0.000590
3830 0 0 -0.000526
3835 0 0 -0.000388
3840 0 0 -0.000320
3845 0 0 -0.000415
3850 0 0 -0.000571
3855 0 0 -0.000640
3860 0 0 -0.000521
3865 0 0 -0.000309
3870 0 0 -0.000150
3875 0 0 -0.000150
3880 0 0 -0.000259
3885 0 0 -0.000390
3890 0 0 -0.000472
3895 0 0 -0.000509
3900 0 0 -0.000520
3905 0 0 -0.000524
3910 0 0 -0.000524
3915 0 0 -0.000520
3920 0 0 -0.000512
3925 0 0 -0.000499
3930 0 0 -0.000480
3935 0 0 -0.000452
3940 0 0 -0.000408
3945 0 0 -0.000340
3950 0 0 -0.000253
3955 0 0 -0.000204
3960 0 0 -0.000260
3965 0 0 -0.000475
3970 0 0 -0.000843
3975 0 0 -0.001340
3980 0 0 -0.001931
3985 0 0 -0.002524
3990 0 0 -0.003010
3995 0 0 -0.003286
4000 0 0 -0.003262
4005 0 0 -0.002850
4010 0 0 -0.002057
4015 0 0 -0.001267
4020 0 0 -0.000960
4025 0 0 -0.001441
4030 0 0 -0.002319
4035 0 0 -0.003030
4040 0 0 -0.003158
4045 0 0 -0.002880
4050 0 0 -0.002520
4055 0 0 -0.002315
4060 0 0 -0.002157
4065 0 0 -0.001850
4070 0 0 -0.001294
4075 0 0 -0.000766
4080 0 0 -0.000640
4085 0 0 -0.001149
4090 0 0 -0.001970
4095 0 0 -0.002640
4100 0 0 -0.002818
4105 0 0 -0.002652
4110 0 0 -0.002410
4115 0 0 -0.002287
4120 0 0 -0.002182
4125 0 0 -0.001920
4130 0 0 -0.001394
4135 0 0 -0.000771
4140 0 0 -0.000290
4145 0 0 -0.000122
4150 0 0 -0.000177
4155 0 0 -0.000300
4160 0 0 -0.000366
4165 0 0 -0.000366
4170 0 0 -0.000320
4175 0 0 -0.000249
4180 0 0 -0.000178
4185 0 0 -0.000130
4190 0 0 -0.000123
4195 0 0 -0.000141
4200 0 0 -0.000160
4205 0 0 -0.000163
4210 0 0 -0.000155
4215 0 0 -0.000150
4220 0 0 -0.000155
4225 0 0 -0.000165
4230 0 0 -0.000170
4235 0 0 -0.000164
4240 0 0 -0.000149
4245 0 0 -0.000130
4250 0 0 -0.000112
4255 0 0 -0.000098
4260 0 0 -0.000090
4265 0 0 -0.000091
4270 0 0 -0.000096
4275 0 0 -0.000100
4280 0 0 -0.000100
4285 0 0 -0.000099
4290 0 0 -0.000100
4295 0 0 -0.000107
4300 0 0 -0.000113
4305 0 0 -0.000110
4310 0 0 -0.000094
4315 0 0 -0.000076
4320 0 0 -0.000070
4325 0 0 -0.000085
4330 0 0 -0.000111
4335 0 0 -0.000130
4340 0 0 -0.000131
4345 0 0 -0.000118
4350 0 0 -0.000100
4355 0 0 -0.000085
4360 0 0 -0.000077
4365 0 0 -0.000080
4370 0 0 -0.000094
4375 0 0 -0.000116
4380 0 0 -0.000140
4385 0 0 -0.000159
4390 0 0 -0.000168
4395 0 0 -0.000160
4400 0 0 -0.000134
4405 0 0 -0.000112
4410 0 0 -0.000120
4415 0 0 -0.000173
4420 0 0 -0.000238
4425 0 0 -0.000270
4430 0 0 -0.000239
4435 0 0 -0.000176
4440 0 0 -0.000130
4445 0 0 -0.000134
4450 0 0 -0.000171
4455 0 0 -0.000210
4460 0 0 -0.000226
4465 0 0 -0.000222
4470 0 0 -0.000210
4475 0 0 -0.000197
4480 0 0 -0.000184
4485 0 0 -0.000170
4490 0 0 -0.000155
4495 0 0 -0.000143
4500 0 0 -0.000140
4505 0 0 -0.000148
4510 0 0 -0.000164
4515 0 0 -0.000180
4520 0 0 -0.000191
4525 0 0 -0.000192
4530 0 0 -0.000180
4535 0 0 -0.000155
4540 0 0 -0.000127
4545 0 0 -0.000110
4550 0 0 -0.000113
4555 0 0 -0.000130
4560 0 0 -0.000150
4565 0 0 -0.000164
4570 0 0 -0.000167
4575 0 0 -0.000160
4580 0 0 -0.000141
4585 0 0 -0.000121
4590 0 0 -0.000110
4595 0 0 -0.000116
4600 0 0 -0.000133
4605 0 0 -0.000150
4610 0 0 -0.000159
4615 0 0 -0.000159
4620 0 0 -0.000150
4625 0 0 -0.000134
4630 0 0 -0.000118
4635 0 0 -0.000110
4640 0 0 -0.000116
4645 0 0 -0.000129
4650 0 0 -0.000140
4655 0 0 -0.000143
4660 0 0 -0.000141
4665 0 0 -0.000140
4670 0 0 -0.000145
4675 0 0 -0.000153
4680 0 0 -0.000160
4685 0 0 -0.000163
4690 0 0 -0.000167
4695 0 0 -0.000180
4700 0 0 -0.000206
4705 0 0 -0.000240
4710 0 0 -0.000270
4715 0 0 -0.000289
4720 0 0 -0.000291
4725 0 0 -0.000270
4730 0 0 -0.000229
4735 0 0 -0.000200
4740 0 0 -0.000220
4745 0 0 -0.000310
4750 0 0 -0.000417
4755 0 0 -0.000470
4760 0 0 -0.000422
4765 0 0 -0.000319
4770 0 0 -0.000230
4775 0 0 -0.000208
4780 0 0 -0.000233
4785 0 0 -0.000270
4790 0 0 -0.000289
4795 0 0 -0.000287
4800 0 0 -0.000270
4805 0 0 -0.000242
4810 0 0 -0.000212
4815 0 0 -0.000190
4820 0 0 -0.000182
4825 0 0 -0.000182
4830 0 0 -0.000180
4835 0 0 -0.000168
4840 0 0 -0.000149
4845 0 0 -0.000130
4850 0 0 -0.000115
4855 0 0 -0.000106
4860 0 0 -0.000100
4865 0 0 -0.000098
4870 0 0 -0.000098
4875 0 0 -0.000100
4880 0 0 -0.000104
4885 0 0 -0.000113
4890 0 0 -0.000130
4895 0 0 -0.000156
4900 0 0 -0.000177
4905 0 0 -0.000180
4910 0 0 -0.000155
4915 0 0 -0.000120
4920 0 0 -0.000100
4925 0 0 -0.000112
4930 0 0 -0.000145
4935 0 0 -0.000180
4940 0 0 -0.000200
4945 0 0 -0.000200
4950 0 0 -0.000180
4955 0 0 -0.000141
4960 0 0 -0.000104
4965 0 0 -0.000090
4970 0 0 -0.000115
4975 0 0 -0.000158
4980 0 0 -0.000190
4985 0 0 -0.000190
4990 0 0 -0.000173
4995 0 0 -0.000160
5000 0 0 -0.000167
5005 0 0 -0.000183
5010 0 0 -0.000190
5015 0 0 -0.000176
5020 0 0 -0.000151
5025 0 0 -0.000130
5030 0 0 -0.000125
5035 0 0 -0.000133
5040 0 0 -0.000150
5045 0 0 -0.000170
5050 0 0 -0.000183
5055 0 0 -0.000180
5060 0 0 -0.000156
5065 0 0 -0.000125
5070 0 0 -0.000110
5075 0 0 -0.000124
5080 0 0 -0.000156
5085 0 0 -0.000190
5090 0 0 -0.000211
5095 0 0 -0.000215
5100 0 0 -0.000200
5105 0 0 -0.000167
5110 0 0 -0.000131
5115 0 0 -0.000110
5120 0 0 -0.000116
5125 0 0 -0.000139
5130 0 0 -0.000160
5135 0 0 -0.000167
5140 0 0 -0.000162
5145 0 0 -0.000150
5150 0 0 -0.000136
5155 0 0 -0.000124
5160 0 0 -0.000120
5165 0 0 -0.000126
5170 0 0 -0.000137
5175 0 0 -0.000150
5180 0 0 -0.000159
5185 0 0 -0.000162
5190 0 0 -0.000160
5195 0 0 -0.000151
5200 0 0 -0.000140
5205 0 0 -0.000130
5210 0 0 -0.000124
5215 0 0 -0.000124
5220 0 0 -0.000130
5225 0 0 -0.000141
5230 0 0 -0.000156
5235 0 0 -0.000170
5240 0 0 -0.000181
5245 0 0 -0.000186
5250 0 0 -0.000180
5255 0 0 -0.000163
5260 0 0 -0.000143
5265 0 0 -0.000130
5270 0 0 -0.000132
5275 0 0 -0.000145
5280 0 0 -0.000160
5285 0 0 -0.000170
5290 0 0 -0.000168
5295 0 0 -0.000150
5300 0 0 -0.000116
5305 0 0 -0.000092
5310 0 0 -0.000110
5315 0 0 -0.000187
5320 0 0 -0.000285
5325 0 0 -0.000350
5330 0 0 -0.000344
5335 0 0 -0.000289
5340 0 0 -0.000220
5345 0 0 -0.000174
5350 0 0 -0.000193
5355 0 0 -0.000320
5360 0 0 -0.000572
5365 0 0 -0.000867
5370 0 0 -0.001100
5375 0 0 -0.001186
5380 0 0 -0.001135
5385 0 0 -0.000980
5390 0 0 -0.000759
5395 0 0 -0.000539
5400 0 0 -0.000390
5405 0 0 -0.000362
5410 0 0 -0.000408
5415 0 0 -0.000460
5420 0 0 -0.000463
5425 0 0 -0.000428
5430 0 0 -0.000380
5435 0 0 -0.000341
5440 0 0 -0.000325
5445 0 0 -0.000340
5450 0 0 -0.000388
5455 0 0 -0.000436
5460 0 0 -0.000440
5465 0 0 -0.000375
5470 0 0 -0.000282
5475 0 0 -0.000220
5480 0 0 -0.000229
5485 0 0 -0.000276
5490 0 0 -0.000310
5495 0 0 -0.000295
5500 0 0 -0.000257
5505 0 0 -0.000240
5510 0 0 -0.000272
5515 0 0 -0.000323
5520 0 0 -0.000350
5525 0 0 -0.000322
5530 0 0 -0.000268
5535 0 0 -0.000230
5540 0 0 -0.000238
5545 0 0 -0.000268
5550 0 0 -0.000280
5555 0 0 -0.000251
5560 0 0 -0.000209
5565 0 0 -0.000200
5570 0 0 -0.000249
5575 0 0 -0.000318
5580 0 0 -0.000350
5585 0 0 -0.000309
5590 0 0 -0.000230
5595 0 0 -0.000170
5600 0 0 -0.000167
5605 0 0 -0.000202
5610 0 0 -0.000240
5615 0 0 -0.000253
5620 0 0 -0.000243
5625 0 0 -0.000220
5630 0 0 -0.000193
5635 0 0 -0.000176
5640 0 0 -0.000180
5645 0 0 -0.000212
5650 0 0 -0.000251
5655 0 0 -0.000270
5660 0 0 -0.000250
5665 0 0 -0.000210
5670 0 0 -0.000180
5675 0 0 -0.000180
5680 0 0 -0.000199
5685 0 0 -0.000220
5690 0 0 -0.000228
5695 0 0 -0.000224
5700 0 0 -0.000210
5705 0 0 -0.000192
5710 0 0 -0.000178
5715 0 0 -0.000180
5720 0 0 -0.000202
5725 0 0 -0.000229
5730 0 0 -0.000240
5735 0 0 -0.000220
5740 0 0 -0.000183
5745 0 0 -0.000150
5750 0 0 -0.000136
5755 0 0 -0.000136
5760 0 0 -0.000140
5765 0 0 -0.000141
5770 0 0 -0.000137
5775 0 0 -0.000130
5780 0 0 -0.000120
5785 0 0 -0.000112
5790 0 0 -0.000110
5795 0 0 -0.000118
5800 0 0 -0.000130
5805 0 0 -0.000140
5810 0 0 -0.000143
5815 0 0 -0.000142
5820 0 0 -0.000140
5825 0 0 -0.000142
5830 0 0 -0.000146
5835 0 0 -0.000150
5840 0 0 -0.000153
5845 0 0 -0.000159
5850 0 0 -0.000170
5855 0 0 -0.000188
5860 0 0 -0.000203
5865 0 0 -0.000200
5870 0 0 -0.000172
5875 0 0 -0.000138
5880 0 0 -0.000120
5885 0 0 -0.000136
5890 0 0 -0.000170
5895 0 0 -0.000200
5900 0 0 -0.000209
5905 0 0 -0.000203
5910 0 0 -0.000190
5915 0 0 -0.000180
5920 0 0 -0.000174
5925 0 0 -0.000170
5930 0 0 -0.000168
5935 0 0 -0.000165
5940 0 0 -0.000160
5945 0 0 -0.000152
5950 0 0 -0.000144
5955 0 0 -0.000140
5960 0 0 -0.000142
5965 0 0 -0.000145
5970 0 0 -0.000140
5975 0 0 -0.000123
5980 0 0 -0.000104
5985 0 0 -0.000100
5990 0 0 -0.000119
5995 0 0 -0.000146
6000 0 0 -0.000160
6005 0 0 -0.000148
6010 0 0 -0.000121
6015 0 0 -0.000100
6020 0 0 -0.000098
6025 0 0 -0.000112
6030 0 0 -0.000130
6035 0 0 -0.000145
6040 0 0 -0.000150
6045 0 0 -0.000140
6050 0 0 -0.000113
6055 0 0 -0.000082
6060 0 0 -0.000060
6065 0 0 -0.000059
6070 0 0 -0.000072
6075 0 0 -0.000090
6080 0 0 -0.000103
6085 0 0 -0.000107
6090 0 0 -0.000100
6095 0 0 -0.000083
6100 0 0 -0.000066
6105 0 0 -0.000060
6110 0 0 -0.000074
6115 0 0 -0.000101
6120 0 0 -0.000130
6125 0 0 -0.000152
6130 0 0 -0.000173
6135 0 0 -0.000200
6140 0 0 -0.000239
6145 0 0 -0.000277
6150 0 0 -0.000300
6155 0 0 -0.000296
6160 0 0 -0.000270
6165 0 0 -0.000230
6170 0 0 -0.000185
6175 0 0 -0.000150
6180 0 0 -0.000140
6185 0 0 -0.000164
6190 0 0 -0.000201
6195 0 0 -0.000220
6200 0 0 -0.000203
6205 0 0 -0.000172
6210 0 0 -0.000160
6215 0 0 -0.000189
6220 0 0 -0.000239
6225 0 0 -0.000280
6230 0 0 -0.000288
6235 0 0 -0.000270
6240 0 0 -0.000240
6245 0 0 -0.000210
6250 0 0 -0.000188
6255 0 0 -0.000180
6260 0 0 -0.000190
6265 0 0 -0.000211
6270 0 0 -0.000230
6275 0 0 -0.000239
6280 0 0 -0.000236
6285 0 0 -0.000220
6290 0 0 -0.000193
6295 0 0 -0.000171
6300 0 0 -0.000170
6305 0 0 -0.000200
6310 0 0 -0.000238
6315 0 0 -0.000250
6320 0 0 -0.000218
6325 0 0 -0.000173
6330 0 0 -0.000160
6335 0 0 -0.000207
6340 0 0 -0.000275
6345 0 0 -0.000310
6350 0 0 -0.000275
6355 0 0 -0.000209
6360 0 0 -0.000170
6365 0 0 -0.000199
6370 0 0 -0.000262
6375 0 0 -0.000310
6380 0 0 -0.000308
6385 0 0 -0.000283
6390 0 0 -0.000280
6395 0 0 -0.000326
6400 0 0 -0.000384
6405 0 0 -0.000400
6410 0 0 -0.000340
6415 0 0 -0.000241
6420 0 0 -0.000160
6425 0 0 -0.000138
6430 0 0 -0.000156
6435 0 0 -0.000180
6440 0 0 -0.000184
6445 0 0 -0.000176
6450 0 0 -0.000170
6455 0 0 -0.000178
6460 0 0 -0.000189
6465 0 0 -0.000190
6470 0 0 -0.000172
6475 0 0 -0.000151
6480 0 0 -0.000150
6485 0 0 -0.000181
6490 0 0 -0.000222
6495 0 0 -0.000240
6500 0 0 -0.000215
6505 0 0 -0.000170
6510 0 0 -0.000140
6515 0 0 -0.000149
6520 0 0 -0.000179
6525 0 0 -0.000200
6530 0 0 -0.000193
6535 0 0 -0.000169
6540 0 0 -0.000150
6545 0 0 -0.000151
6550 0 0 -0.000165
6555 0 0 -0.000180
6560 0 0 -0.000187
6565 0 0 -0.000183
6570 0 0 -0.000170
6575 0 0 -0.000150
6580 0 0 -0.000132
6585 0 0 -0.000130
6590 0 0 -0.000150
6595 0 0 -0.000177
6600 0 0 -0.000190
6605 0 0 -0.000176
6610 0 0 -0.000147
6615 0 0 -0.000120
6620 0 0 -0.000111
6625 0 0 -0.000116
6630 0 0 -0.000130
6635 0 0 -0.000146
6640 0 0 -0.000158
6645 0 0 -0.000160
6650 0 0 -0.000150
6655 0 0 -0.000136
6660 0 0 -0.000130
6665 0 0 -0.000140
6670 0 0 -0.000158
6675 0 0 -0.000170
6680 0 0 -0.000168
6685 0 0 -0.000155
6690 0 0 -0.000140
6695 0 0 -0.000128
6700 0 0 -0.000127
6705 0 0 -0.000140
6710 0 0 -0.000170
6715 0 0 -0.000206
6720 0 0 -0.000230
6725 0 0 -0.000233
6730 0 0 -0.000228
6735 0 0 -0.000230
6740 0 0 -0.000251
6745 0 0 -0.000272
6750 0 0 -0.000270
6755 0 0 -0.000230
6760 0 0 -0.000181
6765 0 0 -0.000160
6770 0 0 -0.000192
6775 0 0 -0.000244
6780 0 0 -0.000270
6785 0 0 -0.000243
6790 0 0 -0.000208
6795 0 0 -0.000230
6800 0 0 -0.000358
6805 0 0 -0.000586
6810 0 0 -0.000890
6815 0 0 -0.001231
6820 0 0 -0.001489
6825 0 0 -0.001530
6830 0 0 -0.001281
6835 0 0 -0.000938
6840 0 0 -0.000760
6845 0 0 -0.000934
6850 0 0 -0.001349
6855 0 0 -0.001820
6860 0 0 -0.002196
6865 0 0 -0.002452
6870 0 0 -0.002600
6875 0 0 -0.002638
6880 0 0 -0.002530
6885 0 0 -0.002230
6890 0 0 -0.001729
6895 0 0 -0.001169
6900 0 0 -0.000730
6905 0 0 -0.000541
6910 0 0 -0.000521
6915 0 0 -0.000540
6920 0 0 -0.000497
6925 0 0 -0.000415
6930 0 0 -0.000350
6935 0 0 -0.000340
6940 0 0 -0.000357
6945 0 0 -0.000360
6950 0 0 -0.000318
6955 0 0 -0.000261
6960 0 0 -0.000230
6965 0 0 -0.000254
6970 0 0 -0.000302
6975 0 0 -0.000330
6980 0 0 -0.000308
6985 0 0 -0.000263
6990 0 0 -0.000240
6995 0 0 -0.000266
7000 0 0 -0.000310
7005 0 0 -0.000330
7010 0 0 -0.000296
7015 0 0 -0.000248
7020 0 0 -0.000240
7025 0 0 -0.000307
7030 0 0 -0.000400
7035 0 0 -0.000450
7040 0 0 -0.000410
7045 0 0 -0.000322
7050 0 0 -0.000250
7055 0 0 -0.000240
7060 0 0 -0.000267
7065 0 0 -0.000290
7070 0 0 -0.000277
7075 0 0 -0.000242
7080 0 0 -0.000210
7085 0 0 -0.000200
7090 0 0 -0.000204
7095 0 0 -0.000210
7100 0 0 -0.000206
7105 0 0 -0.000197
7110 0 0 -0.000190
7115 0 0 -0.000190
7120 0 0 -0.000198
7125 0 0 -0.000210
7130 0 0 -0.000224
7135 0 0 -0.000233
7140 0 0 -0.000230
7145 0 0 -0.000211
7150 0 0 -0.000189
7155 0 0 -0.000180
7160 0 0 -0.000193
7165 0 0 -0.000213
7170 0 0 -0.000220
7175 0 0 -0.000199
7180 0 0 -0.000168
7185 0 0 -0.000150
7190 0 0 -0.000162
7195 0 0 -0.000189
7200 0 0 -0.000210
7205 0 0 -0.000209
7210 0 0 -0.000189
7215 0 0 -0.000160
7220 0 0 -0.000131
7225 0 0 -0.000111
7230 0 0 -0.000110
7235 0 0 -0.000132
7240 0 0 -0.000162
7245 0 0 -0.000180
7250 0 0 -0.000172
7255 0 0 -0.000149
7260 0 0 -0.000130
7265 0 0 -0.000129
7270 0 0 -0.000139
7275 0 0 -0.000150
7280 0 0 -0.000154
7285 0 0 -0.000157
7290 0 0 -0.000170
7295 0 0 -0.000197
7300 0 0 -0.000227
7305 0 0 -0.000240
7310 0 0 -0.000226
7315 0 0 -0.000200
7320 0 0 -0.000180
7325 0 0 -0.000183
7330 0 0 -0.000203
7335 0 0 -0.000230
7340 0 0 -0.000254
7345 0 0 -0.000267
7350 0 0 -0.000260
7355 0 0 -0.000228
7360 0 0 -0.000185
7365 0 0 -0.000150
7370 0 0 -0.000135
7375 0 0 -0.000135
7380 0 0 -0.000140
7385 0 0 -0.000141
7390 0 0 -0.000140
7395 0 0 -0.000140
7400 0 0 -0.000143
7405 0 0 -0.000145
7410 0 0 -0.000140
7415 0 0 -0.000126
7420 0 0 -0.000113
7425 0 0 -0.000110
7430 0 0 -0.000125
7435 0 0 -0.000147
7440 0 0 -0.000160
7445 0 0 -0.000152
7450 0 0 -0.000131
7455 0 0 -0.000110
7460 0 0 -0.000100
7465 0 0 -0.000103
7470 0 0 -0.000120
7475 0 0 -0.000149
7480 0 0 -0.000178
7485 0 0 -0.000190
7490 0 0 -0.000176
7495 0 0 -0.000147
7500 0 0 -0.000120
7505 0 0 -0.000107
7510 0 0 -0.000109
7515 0 0 -0.000120
7520 0 0 -0.000136
7525 0 0 -0.000147
7530 0 0 -0.000140
7535 0 0 -0.000112
7540 0 0 -0.000085
7545 0 0 -0.000090
7550 0 0 -0.000140
7555 0 0 -0.000181
7560 0 0 -0.000140
7565 0 0 0.000005
7570 0 0 0.000075
7575 0 0 -0.000160
7580 0 0 -0.000821
7585 0 0 -0.001602
7590 0 0 -0.002090
7595 0 0 -0.001995
7600 0 0 -0.001527
7605 0 0 -0.001020
7610 0 0 -0.000733
7615 0 0 -0.000615
7620 0 0 -0.000540
7625 0 0 -0.000413
7630 0 0 -0.000266
7635 0 0 -0.000160
7640 0 0 -0.000140
7645 0 0 -0.000176
7650 0 0 -0.000220
7655 0 0 -0.000236
7660 0 0 -0.000227
7665 0 0 -0.000210
7670 0 0 -0.000197
7675 0 0 -0.000194
7680 0 0 -0.000200
7685 0 0 -0.000216
7690 0 0 -0.000228
7695 0 0 -0.000220
7700 0 0 -0.000184
7705 0 0 -0.000136
7710 0 0 -0.000100
7715 0 0 -0.000093
7720 0 0 -0.000102
7725 0 0 -0.000110
7730 0 0 -0.000102
7735 0 0 -0.000085
7740 0 0 -0.000070
7745 0 0 -0.000066
7750 0 0 -0.000071
7755 0 0 -0.000080
7760 0 0 -0.000091
7765 0 0 -0.000106
7770 0 0 -0.000130
7775 0 0 -0.000162
7780 0 0 -0.000188
7785 0 0 -0.000190
7790 0 0 -0.000157
7795 0 0 -0.000110
7800 0 0 -0.000080
7805 0 0 -0.000087
7810 0 0 -0.000118
7815 0 0 -0.000150
7820 0 0 -0.000166
7825 0 0 -0.000170
7830 0 0 -0.000170
7835 0 0 -0.000172
7840 0 0 -0.000171
7845 0 0 -0.000160
7850 0 0 -0.000135
7855 0 0 -0.000109
7860 0 0 -0.000100
7865 0 0 -0.000120
7870 0 0 -0.000166
7875 0 0 -0.000230
7880 0 0 -0.000304
7885 0 0 -0.000379
7890 0 0 -0.000450
7895 0 0 -0.000505
7900 0 0 -0.000526
7905 0 0 -0.000490
7910 0 0 -0.000388
7915 0 0 -0.000260
7920 0 0 -0.000160
7925 0 0 -0.000126
7930 0 0 -0.000135
7935 0 0 -0.000150
7940 0 0 -0.000143
7945 0 0 -0.000125
7950 0 0 -0.000120
7955 0 0 -0.000141
7960 0 0 -0.000170
7965 0 0 -0.000180
7970 0 0 -0.000154
7975 0 0 -0.000113
7980 0 0 -0.000090
7985 0 0 -0.000106
7990 0 0 -0.000142
7995 0 0 -0.000170
8000 0 0 -0.000170
8005 0 0 -0.000151
8010 0 0 -0.000130
8015 0 0 -0.000122
8020 0 0 -0.000126
8025 0 0 -0.000140
8030 0 0 -0.000160
8035 0 0 -0.000177
8040 0 0 -0.000180
8045 0 0 -0.000164
8050 0 0 -0.000141
8055 0 0 -0.000130
8060 0 0 -0.000142
8065 0 0 -0.000165
8070 0 0 -0.000180
8075 0 0 -0.000173
8080 0 0 -0.000152
8085 0 0 -0.000130
8090 0 0 -0.000117
8095 0 0 -0.000117
8100 0 0 -0.000130
8105 0 0 -0.000155
8110 0 0 -0.000178
8115 0 0 -0.000180
8120 0 0 -0.000151
8125 0 0 -0.000111
8130 0 0 -0.000090
8135 0 0 -0.000107
8140 0 0 -0.000143
8145 0 0 -0.000170
8150 0 0 -0.000169
8155 0 0 -0.000149
8160 0 0 -0.000130
8165 0 0 -0.000126
8170 0 0 -0.000134
8175 0 0 -0.000150
8180 0 0 -0.000167
8185 0 0 -0.000177
8190 0 0 -0.000170
8195 0 0 -0.000143
8200 0 0 -0.000113
8205 0 0 -0.000100
8210 0 0 -0.000119
8215 0 0 -0.000151
8220 0 0 -0.000170
8225 0 0 -0.000160
8230 0 0 -0.000135
8235 0 0 -0.000120
8240 0 0 -0.000134
8245 0 0 -0.000173
8250 0 0 -0.000230
8255 0 0 -0.000293
8260 0 0 -0.000338
8265 0 0 -0.000340
8270 0 0 -0.000284
8275 0 0 -0.000204
8280 0 0 -0.000150
8285 0 0 -0.000154
8290 0 0 -0.000193
8295 0 0 -0.000230
8300 0 0 -0.000238
8305 0 0 -0.000228
8310 0 0 -0.000220
8315 0 0 -0.000228
8320 0 0 -0.000243
8325 0 0 -0.000250
8330 0 0 -0.000238
8335 0 0 -0.000214
8340 0 0 -0.000190
8345 0 0 -0.000176
8350 0 0 -0.000173
8355 0 0 -0.000180
8360 0 0 -0.000195
8365 0 0 -0.000218
8370 0 0 -0.000250
8375 0 0 -0.000289
8380 0 0 -0.000321
8385 0 0 -0.000330
8390 0 0 -0.000309
8395 0 0 -0.000283
8400 0 0 -0.000290
8405 0 0 -0.000349
8410 0 0 -0.000420
8415 0 0 -0.000450
8420 0 0 -0.000402
8425 0 0 -0.000314
8430 0 0 -0.000240
8435 0 0 -0.000222
8440 0 0 -0.000242
8445 0 0 -0.000270
8450 0 0 -0.000280
8455 0 0 -0.000277
8460 0 0 -0.000270
8465 0 0 -0.000267
8470 0 0 -0.000263
8475 0 0 -0.000250
8480 0 0 -0.000226
8485 0 0 -0.000203
8490 0 0 -0.000200
8495 0 0 -0.000226
8500 0 0 -0.000257
8505 0 0 -0.000260
8510 0 0 -0.000214
8515 0 0 -0.000148
8520 0 0 -0.000100
8525 0 0 -0.000100
8530 0 0 -0.000129
8535 0 0 -0.000160
8540 0 0 -0.000169
8545 0 0 -0.000159
8550 0 0 -0.000140
8555 0 0 -0.000121
8560 0 0 -0.000109
8565 0 0 -0.000110
8570 0 0 -0.000128
8575 0 0 -0.000152
8580 0 0 -0.000170
8585 0 0 -0.000172
8590 0 0 -0.000162
8595 0 0 -0.000150
8600 0 0 -0.000142
8605 0 0 -0.000139
8610 0 0 -0.000140
8615 0 0 -0.000144
8620 0 0 -0.000145
8625 0 0 -0.000140
8630 0 0 -0.000125
8635 0 0 -0.000108
8640 0 0 -0.000100
8645 0 0 -0.000107
8650 0 0 -0.000123
8655 0 0 -0.000140
8660 0 0 -0.000150
8665 0 0 -0.000150
8670 0 0 -0.000140
8675 0 0 -0.000121
8680 0 0 -0.000104
8685 0 0 -0.000100
8690 0 0 -0.000118
8695 0 0 -0.000144
8700 0 0 -0.000160
8705 0 0 -0.000154
8710 0 0 -0.000136
8715 0 0 -0.000120
8720 0 0 -0.000119
8725 0 0 -0.000134
8730 0 0 -0.000160
8735 0 0 -0.000193
8740 0 0 -0.000218
8745 0 0 -0.000220
8750 0 0 -0.000189
8755 0 0 -0.000147
8760 0 0 -0.000120
8765 0 0 -0.000129
8770 0 0 -0.000160
8775 0 0 -0.000190
8780 0 0 -0.000203
8785 0 0 -0.000203
8790 0 0 -0.000200
8795 0 0 -0.000201
8800 0 0 -0.000199
8805 0 0 -0.000180
8810 0 0 -0.000139
8815 0 0 -0.000095
8820 0 0 -0.000070
8825 0 0 -0.000081
8830 0 0 -0.000109
8835 0 0 -0.000130
8840 0 0 -0.000124
8845 0 0 -0.000102
8850 0 0 -0.000080
8855 0 0 -0.000073
8860 0 0 -0.000081
8865 0 0 -0.000100
8870 0 0 -0.000125
8875 0 0 -0.000146
8880 0 0 -0.000150
8885 0 0 -0.000129
8890 0 0 -0.000099
8895 0 0 -0.000080
8900 0 0 -0.000085
8905 0 0 -0.000104
8910 0 0 -0.000120
8915 0 0 -0.000120
8920 0 0 -0.000107
8925 0 0 -0.000090
8930 0 0 -0.000075
8935 0 0 -0.000068
8940 0 0 -0.000070
8945 0 0 -0.000084
8950 0 0 -0.000100
8955 0 0 -0.000110
8960 0 0 -0.000106
8965 0 0 -0.000096
8970 0 0 -0.000090
8975 0 0 -0.000097
8980 0 0 -0.000113
8985 0 0 -0.000130
8990 0 0 -0.000144
8995 0 0 -0.000156
9000 0 0 -0.000170
9005 0 0 -0.000189
9010 0 0 -0.000217
9015 0 0 -0.000260
9020 0 0 -0.000317
9025 0 0 -0.000369
9030 0 0 -0.000390
9035 0 0 -0.000365
9040 0 0 -0.000307
9045 0 0 -0.000240
9050 0 0 -0.000182
9055 0 0 -0.000141
9060 0 0 -0.000120
9065 0 0 -0.000121
9070 0 0 -0.000135
9075 0 0 -0.000150
9080 0 0 -0.000158
9085 0 0 -0.000157
9090 0 0 -0.000150
9095 0 0 -0.000138
9100 0 0 -0.000127
9105 0 0 -0.000120
9110 0 0 -0.000122
9115 0 0 -0.000130
9120 0 0 -0.000140
9125 0 0 -0.000148
9130 0 0 -0.000152
9135 0 0 -0.000150
9140 0 0 -0.000140
9145 0 0 -0.000128
9150 0 0 -0.000120
9155 0 0 -0.000121
9160 0 0 -0.000131
9165 0 0 -0.000150
9170 0 0 -0.000175
9175 0 0 -0.000196
9180 0 0 -0.000200
9185 0 0 -0.000178
9190 0 0 -0.000143
9195 0 0 -0.000110
9200 0 0 -0.000095
9205 0 0 -0.000101
9210 0 0 -0.000130
9215 0 0 -0.000179
9220 0 0 -0.000225
9225 0 0 -0.000240
9230 0 0 -0.000208
9235 0 0 -0.000156
9240 0 0 -0.000120
9245 0 0 -0.000128
9250 0 0 -0.000163
9255 0 0 -0.000200
9260 0 0 -0.000218
9265 0 0 -0.000222
9270 0 0 -0.000220
9275 0 0 -0.000220
9280 0 0 -0.000216
9285 0 0 -0.000200
9290 0 0 -0.000169
9295 0 0 -0.000136
9300 0 0 -0.000120
9305 0 0 -0.000132
9310 0 0 -0.000158
9315 0 0 -0.000180
9320 0 0 -0.000183
9325 0 0 -0.000176
9330 0 0 -0.000170
9335 0 0 -0.000175
9340 0 0 -0.000180
9345 0 0 -0.000170
9350 0 0 -0.000138
9355 0 0 -0.000100
9360 0 0 -0.000080
9365 0 0 -0.000094
9370 0 0 -0.000123
9375 0 0 -0.000140
9380 0 0 -0.000127
9385 0 0 -0.000100
9390 0 0 -0.000080
9395 0 0 -0.000085
9400 0 0 -0.000104
9405 0 0 -0.000120
9410 0 0 -0.000121
9415 0 0 -0.000113
9420 0 0 -0.000110
9425 0 0 -0.000120
9430 0 0 -0.000137
9435 0 0 -0.000150
9440 0 0 -0.000152
9445 0 0 -0.000144
9450 0 0 -0.000130
9455 0 0 -0.000115
9460 0 0 -0.000108
9465 0 0 -0.000120
9470 0 0 -0.000155
9475 0 0 -0.000191
9480 0 0 -0.000200
9485 0 0 -0.000164
9490 0 0 -0.000111
9495 0 0 -0.000080
9500 0 0 -0.000098
9505 0 0 -0.000143
9510 0 0 -0.000180
9515 0 0 -0.000183
9520 0 0 -0.000164
9525 0 0 -0.000140
9530 0 0 -0.000128
9535 0 0 -0.000129
9540 0 0 -0.000140
9545 0 0 -0.000157
9550 0 0 -0.000171
9555 0 0 -0.000170
9560 0 0 -0.000149
9565 0 0 -0.000122
9570 0 0 -0.000110
9575 0 0 -0.000125
9580 0 0 -0.000152
9585 0 0 -0.000170
9590 0 0 -0.000163
9595 0 0 -0.000143
9600 0 0 -0.000130
9605 0 0 -0.000136
9610 0 0 -0.000157
9615 0 0 -0.000180
9620 0 0 -0.000197
9625 0 0 -0.000204
9630 0 0 -0.000200
9635 0 0 -0.000187
9640 0 0 -0.000173
9645 0 0 -0.000170
9650 0 0 -0.000185
9655 0 0 -0.000207
9660 0 0 -0.000220
9665 0 0 -0.000214
9670 0 0 -0.000194
9675 0 0 -0.000170
9680 0 0 -0.000152
9685 0 0 -0.000147
9690 0 0 -0.000160
9695 0 0 -0.000193
9700 0 0 -0.000228
9705 0 0 -0.000240
9710 0 0 -0.000215
9715 0 0 -0.000175
9720 0 0 -0.000150
9725 0 0 -0.000162
9730 0 0 -0.000197
9735 0 0 -0.000230
9740 0 0 -0.000243
9745 0 0 -0.000237
9750 0 0 -0.000220
9755 0 0 -0.000199
9760 0 0 -0.000185
9765 0 0 -0.000190
9770 0 0 -0.000220
9775 0 0 -0.000263
9780 0 0 -0.000300
9785 0 0 -0.000317
9790 0 0 -0.000315
9795 0 0 -0.000300
9800 0 0 -0.000277
9805 0 0 -0.000255
9810 0 0 -0.000240
9815 0 0 -0.000239
9820 0 0 -0.000248
9825 0 0 -0.000260
9830 0 0 -0.000270
9835 0 0 -0.000274
9840 0 0 -0.000270
9845 0 0 -0.000258
9850 0 0 -0.000246
9855 0 0 -0.000240
9860 0 0 -0.000248
9865 0 0 -0.000269
9870 0 0 -0.000300
9875 0 0 -0.000335
9880 0 0 -0.000363
9885 0 0 -0.000370
9890 0 0 -0.000348
9895 0 0 -0.000309
9900 0 0 -0.000270
9905 0 0 -0.000244
9910 0 0 -0.000230
9915 0 0 -0.000220
9920 0 0 -0.000210
9925 0 0 -0.000203
9930 0 0 -0.000200
9935 0 0 -0.000206
9940 0 0 -0.000224
9945 0 0 -0.000260
9950 0 0 -0.000312
9955 0 0 -0.000358
9960 0 0 -0.000370
9965 0 0 -0.000332
9970 0 0 -0.000269
9975 0 0 -0.000220
9980 0 0 -0.000211
9985 0 0 -0.000227
9990 0 0 -0.000240
9995 0 0 -0.000232
10000 0 0 -0.000212
10005 0 0 -0.000200
10010 0 0 -0.000207
10015 0 0 -0.000225
10020 0 0 -0.000240
10025 0 0 -0.000241
10030 0 0 -0.000232
10035 0 0 -0.000220
10040 0 0 -0.000210
10045 0 0 -0.000204
10050 0 0 -0.000200
10055 0 0 -0.000197
10060 0 0 -0.000195
10065 0 0 -0.000190
10070 0 0 -0.000182
10075 0 0 -0.000169
