0 0 0 -0.000130
5 0 0 -0.000187
10 0 0 -0.000218
15 0 0 -0.000230
20 0 0 -0.000231
25 0 0 -0.000229
30 0 0 -0.000230
35 0 0 -0.000240
40 0 0 -0.000252
45 0 0 -0.000260
50 0 0 -0.000256
55 0 0 -0.000239
60 0 0 -0.000210
65 0 0 -0.000172
70 0 0 -0.000139
75 0 0 -0.000130
80 0 0 -0.000154
85 0 0 -0.000190
90 0 0 -0.000210
95 0 0 -0.000195
100 0 0 -0.000161
105 0 0 -0.000130
110 0 0 -0.000121
115 0 0 -0.000128
120 0 0 -0.000140
125 0 0 -0.000147
130 0 0 -0.000144
135 0 0 -0.000130
140 0 0 -0.000104
145 0 0 -0.000082
150 0 0 -0.000080
155 0 0 -0.000109
160 0 0 -0.000146
165 0 0 -0.000160
170 0 0 -0.000133
175 0 0 -0.000090
180 0 0 -0.000070
185 0 0 -0.000097
190 0 0 -0.000144
195 0 0 -0.000170
200 0 0 -0.000149
205 0 0 -0.000106
210 0 0 -0.000080
215 0 0 -0.000098
220 0 0 -0.000142
225 0 0 -0.000180
230 0 0 -0.000189
235 0 0 -0.000177
240 0 0 -0.000160
245 0 0 -0.000150
250 0 0 -0.000147
255 0 0 -0.000150
260 0 0 -0.000156
265 0 0 -0.000161
270 0 0 -0.000160
275 0 0 -0.000151
280 0 0 -0.000142
285 0 0 -0.000140
290 0 0 -0.000151
295 0 0 -0.000163
300 0 0 -0.000160
305 0 0 -0.000132
310 0 0 -0.000097
315 0 0 -0.000080
320 0 0 -0.000098
325 0 0 -0.000131
330 0 0 -0.000150
335 0 0 -0.000135
340 0 0 -0.000106
345 0 0 -0.000090
350 0 0 -0.000107
355 0 0 -0.000137
360 0 0 -0.000150
365 0 0 -0.000128
370 0 0 -0.000091
375 0 0 -0.000070
380 0 0 -0.000086
385 0 0 -0.000122
390 0 0 -0.000150
395 0 0 -0.000151
400 0 0 -0.000137
405 0 0 -0.000130
410 0 0 -0.000143
415 0 0 -0.000165
420 0 0 -0.000180
425 0 0 -0.000175
430 0 0 -0.000158
435 0 0 -0.000140
440 0 0 -0.000133
445 0 0 -0.000139
450 0 0 -0.000160
455 0 0 -0.000193
460 0 0 -0.000220
465 0 0 -0.000220
470 0 0 -0.000180
475 0 0 -0.000125
480 0 0 -0.000090
485 0 0 -0.000100
490 0 0 -0.000139
495 0 0 -0.000180
500 0 0 -0.000200
505 0 0 -0.000196
510 0 0 -0.000170
515 0 0 -0.000128
520 0 0 -0.000097
525 0 0 -0.000110
530 0 0 -0.000186
535 0 0 -0.000287
540 0 0 -0.000360
545 0 0 -0.000367
550 0 0 -0.000324
555 0 0 -0.000260
560 0 0 -0.000203
565 0 0 -0.000180
570 0 0 -0.000220
575 0 0 -0.000332
580 0 0 -0.000460
585 0 0 -0.000530
590 0 0 -0.000492
595 0 0 -0.000394
600 0 0 -0.000310
605 0 0 -0.000294
610 0 0 -0.000324
615 0 0 -0.000360
620 0 0 -0.000370
625 0 0 -0.000359
630 0 0 -0.000340
635 0 0 -0.000323
640 0 0 -0.000313
645 0 0 -0.000310
650 0 0 -0.000314
655 0 0 -0.000312
660 0 0 -0.000290
665 0 0 -0.000242
670 0 0 -0.000194
675 0 0 -0.000180
680 0 0 -0.000221
685 0 0 -0.000286
690 0 0 -0.000330
695 0 0 -0.000324
700 0 0 -0.000306
705 0 0 -0.000330
710 0 0 -0.000429
715 0 0 -0.000553
720 0 0 -0.000630
725 0 0 -0.000610
730 0 0 -0.000524
735 0 0 -0.000420
740 0 0 -0.000341
745 0 0 -0.000295
750 0 0 -0.000280
755 0 0 -0.000291
760 0 0 -0.000306
765 0 0 -0.000300
770 0 0 -0.000262
775 0 0 -0.000244
780 0 0 -0.000310
785 0 0 -0.000494
790 0 0 -0.000698
795 0 0 -0.000790
800 0 0 -0.000684
805 0 0 -0.000466
810 0 0 -0.000270
815 0 0 -0.000193
820 0 0 -0.000204
825 0 0 -0.000240
830 0 0 -0.000249
835 0 0 -0.000237
840 0 0 -0.000220
845 0 0 -0.000213
850 0 0 -0.000215
855 0 0 -0.000220
860 0 0 -0.000224
865 0 0 -0.000227
870 0 0 -0.000230
875 0 0 -0.000233
880 0 0 -0.000237
885 0 0 -0.000240
890 0 0 -0.000243
895 0 0 -0.000244
900 0 0 -0.000240
905 0 0 -0.000233
910 0 0 -0.000237
915 0 0 -0.000270
920 0 0 -0.000339
925 0 0 -0.000415
930 0 0 -0.000460
935 0 0 -0.000446
940 0 0 -0.000390
945 0 0 -0.000320
950 0 0 -0.000260
955 0 0 -0.000226
960 0 0 -0.000230
965 0 0 -0.000279
970 0 0 -0.000349
975 0 0 -0.000410
980 0 0 -0.000443
985 0 0 -0.000466
990 0 0 -0.000510
995 0 0 -0.000589
1000 0 0 -0.000664
1005 0 0 -0.000680
1010 0 0 -0.000604
1015 0 0 -0.000486
1020 0 0 -0.000400
1025 0 0 -0.000396
1030 0 0 -0.000438
1035 0 0 -0.000470
1040 0 0 -0.000453
1045 0 0 -0.000414
1050 0 0 -0.000400
1055 0 0 -0.000440
1060 0 0 -0.000497
1065 0 0 -0.000520
1070 0 0 -0.000474
1075 0 0 -0.000393
1080 0 0 -0.000330
1085 0 0 -0.000322
1090 0 0 -0.000350
1095 0 0 -0.000380
1100 0 0 -0.000385
1105 0 0 -0.000371
1110 0 0 -0.000350
1115 0 0 -0.000333
1120 0 0 -0.000320
1125 0 0 -0.000310
1130 0 0 -0.000303
1135 0 0 -0.000299
1140 0 0 -0.000300
1145 0 0 -0.000306
1150 0 0 -0.000307
1155 0 0 -0.000290
1160 0 0 -0.000251
1165 0 0 -0.000214
1170 0 0 -0.000210
1175 0 0 -0.000257
1180 0 0 -0.000325
1185 0 0 -0.000370
1190 0 0 -0.000361
1195 0 0 -0.000317
1200 0 0 -0.000270
1205 0 0 -0.000243
1210 0 0 -0.000228
1215 0 0 -0.000210
1220 0 0 -0.000181
1225 0 0 -0.000159
1230 0 0 -0.000170
1235 0 0 -0.000229
1240 0 0 -0.000306
1245 0 0 -0.000360
1250 0 0 -0.000363
1255 0 0 -0.000333
1260 0 0 -0.000300
1265 0 0 -0.000287
1270 0 0 -0.000291
1275 0 0 -0.000300
1280 0 0 -0.000306
1285 0 0 -0.000308
1290 0 0 -0.000310
1295 0 0 -0.000312
1300 0 0 -0.000316
1305 0 0 -0.000320
1310 0 0 -0.000324
1315 0 0 -0.000323
1320 0 0 -0.000310
1325 0 0 -0.000282
1330 0 0 -0.000251
1335 0 0 -0.000230
1340 0 0 -0.000232
1345 0 0 -0.000258
1350 0 0 -0.000310
1355 0 0 -0.000382
1360 0 0 -0.000446
1365 0 0 -0.000470
1370 0 0 -0.000434
1375 0 0 -0.000367
1380 0 0 -0.000310
1385 0 0 -0.000292
1390 0 0 -0.000296
1395 0 0 -0.000290
1400 0 0 -0.000254
1405 0 0 -0.000208
1410 0 0 -0.000180
1415 0 0 -0.000191
1420 0 0 -0.000220
1425 0 0 -0.000240
1430 0 0 -0.000229
1435 0 0 -0.000201
1440 0 0 -0.000180
1445 0 0 -0.000183
1450 0 0 -0.000203
1455 0 0 -0.000230
1460 0 0 -0.000253
1465 0 0 -0.000270
1470 0 0 -0.000280
1475 0 0 -0.000281
1480 0 0 -0.000277
1485 0 0 -0.000270
1490 0 0 -0.000263
1495 0 0 -0.000256
1500 0 0 -0.000250
1505 0 0 -0.000245
1510 0 0 -0.000242
1515 0 0 -0.000240
1520 0 0 -0.000238
1525 0 0 -0.000230
1530 0 0 -0.000210
1535 0 0 -0.000175
1540 0 0 -0.000134
1545 0 0 -0.000100
1550 0 0 -0.000083
1555 0 0 -0.000083
1560 0 0 -0.000100
1565 0 0 -0.000129
1570 0 0 -0.000160
1575 0 0 -0.000180
1580 0 0 -0.000179
1585 0 0 -0.000161
1590 0 0 -0.000130
1595 0 0 -0.000095
1600 0 0 -0.000070
1605 0 0 -0.000070
1610 0 0 -0.000103
1615 0 0 -0.000150
1620 0 0 -0.000180
1625 0 0 -0.000175
1630 0 0 -0.000148
1635 0 0 -0.000120
1640 0 0 -0.000109
1645 0 0 -0.000116
1650 0 0 -0.000140
1655 0 0 -0.000175
1660 0 0 -0.000207
1665 0 0 -0.000220
1670 0 0 -0.000203
1675 0 0 -0.000170
1680 0 0 -0.000140
1685 0 0 -0.000127
1690 0 0 -0.000132
1695 0 0 -0.000150
1700 0 0 -0.000175
1705 0 0 -0.000196
1710 0 0 -0.000200
1715 0 0 -0.000178
1720 0 0 -0.000143
1725 0 0 -0.000110
1730 0 0 -0.000093
1735 0 0 -0.000093
1740 0 0 -0.000110
1745 0 0 -0.000139
1750 0 0 -0.000165
1755 0 0 -0.000170
1760 0 0 -0.000144
1765 0 0 -0.000105
1770 0 0 -0.000080
1775 0 0 -0.000088
1780 0 0 -0.000117
1785 0 0 -0.000150
1790 0 0 -0.000170
1795 0 0 -0.000174
1800 0 0 -0.000160
1805 0 0 -0.000130
1810 0 0 -0.000103
1815 0 0 -0.000100
1820 0 0 -0.000135
1825 0 0 -0.000185
1830 0 0 -0.000220
1835 0 0 -0.000217
1840 0 0 -0.000190
1845 0 0 -0.000160
1850 0 0 -0.000145
1855 0 0 -0.000146
1860 0 0 -0.000160
1865 0 0 -0.000181
1870 0 0 -0.000195
1875 0 0 -0.000190
1880 0 0 -0.000157
1885 0 0 -0.000117
1890 0 0 -0.000100
1895 0 0 -0.000122
1900 0 0 -0.000161
1905 0 0 -0.000180
1910 0 0 -0.000158
1915 0 0 -0.000116
1920 0 0 -0.000090
1925 0 0 -0.000104
1930 0 0 -0.000142
1935 0 0 -0.000180
1940 0 0 -0.000197
1945 0 0 -0.000192
1950 0 0 -0.000170
1955 0 0 -0.000140
1960 0 0 -0.000130
1965 0 0 -0.000170
1970 0 0 -0.000277
1975 0 0 -0.000404
1980 0 0 -0.000490
1985 0 0 -0.000492
1990 0 0 -0.000439
1995 0 0 -0.000380
2000 0 0 -0.000352
2005 0 0 -0.000351
2010 0 0 -0.000360
2015 0 0 -0.000363
2020 0 0 -0.000345
2025 0 0 -0.000290
2030 0 0 -0.000201
2035 0 0 -0.000156
2040 0 0 -0.000250
2045 0 0 -0.000534
2050 0 0 -0.000874
2055 0 0 -0.001090
2060 0 0 -0.001057
2065 0 0 -0.000865
2070 0 0 -0.000660
2075 0 0 -0.000556
2080 0 0 -0.000548
2085 0 0 -0.000600
2090 0 0 -0.000680
2095 0 0 -0.000769
2100 0 0 -0.000850
2105 0 0 -0.000907
2110 0 0 -0.000930
2115 0 0 -0.000910
2120 0 0 -0.000843
2125 0 0 -0.000753
2130 0 0 -0.000670
2135 0 0 -0.000619
2140 0 0 -0.000603
2145 0 0 -0.000620
2150 0 0 -0.000662
2155 0 0 -0.000695
2160 0 0 -0.000680
2165 0 0 -0.000594
2170 0 0 -0.000475
2175 0 0 -0.000380
2180 0 0 -0.000347
2185 0 0 -0.000354
2190 0 0 -0.000360
2195 0 0 -0.000336
2200 0 0 -0.000293
2205 0 0 -0.000250
2210 0 0 -0.000225
2215 0 0 -0.000216
2220 0 0 -0.000220
2225 0 0 -0.000231
2230 0 0 -0.000246
2235 0 0 -0.000260
2240 0 0 -0.000271
2245 0 0 -0.000285
2250 0 0 -0.000310
2255 0 0 -0.000348
2260 0 0 -0.000367
2265 0 0 -0.000330
2270 0 0 -0.000221
2275 0 0 -0.000113
2280 0 0 -0.000100
2285 0 0 -0.000244
2290 0 0 -0.000476
2295 0 0 -0.000690
2300 0 0 -0.000810
2305 0 0 -0.000865
2310 0 0 -0.000910
2315 0 0 -0.000986
2320 0 0 -0.001079
2325 0 0 -0.001160
2330 0 0 -0.001206
2335 0 0 -0.001213
2340 0 0 -0.001180
2345 0 0 -0.001113
2350 0 0 -0.001037
2355 0 0 -0.000980
2360 0 0 -0.000964
2365 0 0 -0.000980
2370 0 0 -0.001010
2375 0 0 -0.001038
2380 0 0 -0.001052
2385 0 0 -0.001040
2390 0 0 -0.000998
2395 0 0 -0.000948
2400 0 0 -0.000920
2405 0 0 -0.000932
2410 0 0 -0.000957
2415 0 0 -0.000960
2420 0 0 -0.000915
2425 0 0 -0.000846
2430 0 0 -0.000790
2435 0 0 -0.000775
2440 0 0 -0.000786
2445 0 0 -0.000800
2450 0 0 -0.000799
2455 0 0 -0.000783
2460 0 0 -0.000760
2465 0 0 -0.000732
2470 0 0 -0.000692
2475 0 0 -0.000630
2480 0 0 -0.000544
2485 0 0 -0.000465
2490 0 0 -0.000430
2495 0 0 -0.000470
2500 0 0 -0.000589
2505 0 0 -0.000780
2510 0 0 -0.001027
2515 0 0 -0.001258
2520 0 0 -0.001390
2525 0 0 -0.001366
2530 0 0 -0.001242
2535 0 0 -0.001100
2540 0 0 -0.001006
2545 0 0 -0.000952
2550 0 0 -0.000910
2555 0 0 -0.000862
2560 0 0 -0.000820
2565 0 0 -0.000800
2570 0 0 -0.000811
2575 0 0 -0.000816
2580 0 0 -0.000770
2585 0 0 -0.000645
2590 0 0 -0.000489
2595 0 0 -0.000370
2600 0 0 -0.000336
2605 0 0 -0.000359
2610 0 0 -0.000390
2615 0 0 -0.000394
2620 0 0 -0.000377
2625 0 0 -0.000360
2630 0 0 -0.000357
2635 0 0 -0.000371
2640 0 0 -0.000400
2645 0 0 -0.000439
2650 0 0 -0.000464
2655 0 0 -0.000450
2660 0 0 -0.000381
2665 0 0 -0.000293
2670 0 0 -0.000230
2675 0 0 -0.000226
2680 0 0 -0.000261
2685 0 0 -0.000300
2690 0 0 -0.000317
2695 0 0 -0.000314
2700 0 0 -0.000300
2705 0 0 -0.000285
2710 0 0 -0.000275
2715 0 0 -0.000280
2720 0 0 -0.000301
2725 0 0 -0.000324
2730 0 0 -0.000330
2735 0 0 -0.000306
2740 0 0 -0.000274
2745 0 0 -0.000260
2750 0 0 -0.000283
2755 0 0 -0.000323
2760 0 0 -0.000350
2765 0 0 -0.000341
2770 0 0 -0.000303
2775 0 0 -0.000250
2780 0 0 -0.000196
2785 0 0 -0.000152
2790 0 0 -0.000130
2795 0 0 -0.000135
2800 0 0 -0.000152
2805 0 0 -0.000160
2810 0 0 -0.000146
2815 0 0 -0.000122
2820 0 0 -0.000110
2825 0 0 -0.000122
2830 0 0 -0.000144
2835 0 0 -0.000150
2840 0 0 -0.000127
2845 0 0 -0.000095
2850 0 0 -0.000080
2855 0 0 -0.000102
2860 0 0 -0.000142
2865 0 0 -0.000170
2870 0 0 -0.000167
2875 0 0 -0.000149
2880 0 0 -0.000140
2885 0 0 -0.000157
2890 0 0 -0.000190
2895 0 0 -0.000220
2900 0 0 -0.000234
2905 0 0 -0.000236
2910 0 0 -0.000230
2915 0 0 -0.000222
2920 0 0 -0.000208
2925 0 0 -0.000180
2930 0 0 -0.000137
2935 0 0 -0.000097
2940 0 0 -0.000080
2945 0 0 -0.000101
2950 0 0 -0.000138
2955 0 0 -0.000160
2960 0 0 -0.000147
2965 0 0 -0.000115
2970 0 0 -0.000090
2975 0 0 -0.000091
2980 0 0 -0.000110
2985 0 0 -0.000130
2990 0 0 -0.000139
2995 0 0 -0.000135
3000 0 0 -0.000120
3005 0 0 -0.000099
3010 0 0 -0.000084
3015 0 0 -0.000090
3020 0 0 -0.000125
3025 0 0 -0.000168
3030 0 0 -0.000190
3035 0 0 -0.000173
3040 0 0 -0.000139
3045 0 0 -0.000120
3050 0 0 -0.000137
3055 0 0 -0.000170
3060 0 0 -0.000190
3065 0 0 -0.000175
3070 0 0 -0.000143
3075 0 0 -0.000120
3080 0 0 -0.000125
3085 0 0 -0.000142
3090 0 0 -0.000150
3095 0 0 -0.000133
3100 0 0 -0.000106
3105 0 0 -0.000090
3110 0 0 -0.000101
3115 0 0 -0.000124
3120 0 0 -0.000140
3125 0 0 -0.000133
3130 0 0 -0.000115
3135 0 0 -0.000100
3140 0 0 -0.000101
3145 0 0 -0.000111
3150 0 0 -0.000120
3155 0 0 -0.000119
3160 0 0 -0.000113
3165 0 0 -0.000110
3170 0 0 -0.000116
3175 0 0 -0.000127
3180 0 0 -0.000140
3185 0 0 -0.000150
3190 0 0 -0.000156
3195 0 0 -0.000160
3200 0 0 -0.000161
3205 0 0 -0.000161
3210 0 0 -0.000160
3215 0 0 -0.000160
3220 0 0 -0.000157
3225 0 0 -0.000150
3230 0 0 -0.000136
3235 0 0 -0.000121
3240 0 0 -0.000110
3245 0 0 -0.000108
3250 0 0 -0.000110
3255 0 0 -0.000110
3260 0 0 -0.000105
3265 0 0 -0.000099
3270 0 0 -0.000100
3275 0 0 -0.000113
3280 0 0 -0.000127
3285 0 0 -0.000130
3290 0 0 -0.000115
3295 0 0 -0.000095
3300 0 0 -0.000090
3305 0 0 -0.000112
3310 0 0 -0.000139
3315 0 0 -0.000140
3320 0 0 -0.000102
3325 0 0 -0.000074
3330 0 0 -0.000120
3335 0 0 -0.000278
3340 0 0 -0.000467
3345 0 0 -0.000580
3350 0 0 -0.000543
3355 0 0 -0.000420
3360 0 0 -0.000310
3365 0 0 -0.000286
3370 0 0 -0.000320
3375 0 0 -0.000360
3380 0 0 -0.000364
3385 0 0 -0.000336
3390 0 0 -0.000290
3395 0 0 -0.000241
3400 0 0 -0.000203
3405 0 0 -0.000190
3410 0 0 -0.000208
3415 0 0 -0.000237
3420 0 0 -0.000250
3425 0 0 -0.000228
3430 0 0 -0.000190
3435 0 0 -0.000160
3440 0 0 -0.000158
3445 0 0 -0.000171
3450 0 0 -0.000180
3455 0 0 -0.000172
3460 0 0 -0.000156
3465 0 0 -0.000150
3470 0 0 -0.000164
3475 0 0 -0.000186
3480 0 0 -0.000200
3485 0 0 -0.000195
3490 0 0 -0.000190
3495 0 0 -0.000210
3500 0 0 -0.000269
3505 0 0 -0.000339
3510 0 0 -0.000380
3515 0 0 -0.000364
3520 0 0 -0.000308
3525 0 0 -0.000240
3530 0 0 -0.000183
3535 0 0 -0.000145
3540 0 0 -0.000130
3545 0 0 -0.000138
3550 0 0 -0.000162
3555 0 0 -0.000190
3560 0 0 -0.000218
3565 0 0 -0.000263
3570 0 0 -0.000350
3575 0 0 -0.000484
3580 0 0 -0.000599
3585 0 0 -0.000610
3590 0 0 -0.000469
3595 0 0 -0.000264
3600 0 0 -0.000120
3605 0 0 -0.000124
3610 0 0 -0.000217
3615 0 0 -0.000300
3620 0 0 -0.000302
3625 0 0 -0.000248
3630 0 0 -0.000190
3635 0 0 -0.000166
3640 0 0 -0.000171
3645 0 0 -0.000190
3650 0 0 -0.000208
3655 0 0 -0.000217
3660 0 0 -0.000210
3665 0 0 -0.000186
3670 0 0 -0.000160
3675 0 0 -0.000150
3680 0 0 -0.000169
3685 0 0 -0.000198
3690 0 0 -0.000210
3695 0 0 -0.000188
3700 0 0 -0.000149
3705 0 0 -0.000120
3710 0 0 -0.000120
3715 0 0 -0.000144
3720 0 0 -0.000180
3725 0 0 -0.000217
3730 0 0 -0.000242
3735 0 0 -0.000240
3740 0 0 -0.000205
3745 0 0 -0.000156
3750 0 0 -0.000120
3755 0 0 -0.000115
3760 0 0 -0.000134
3765 0 0 -0.000160
3770 0 0 -0.000187
3775 0 0 -0.000247
3780 0 0 -0.000380
3785 0 0 -0.000605
3790 0 0 -0.000858
3795 0 0 -0.001050
3800 0 0 -0.001121
3805 0 0 -0.001113
3810 0 0 -0.001090
3815 0 0 -0.001098
3820 0 0 -0.001093
3825 0 0 -0.001010
3830 0 0 -0.000815
3835 0 0 -0.000600
3840 0 0 -0.000490
3845 0 0 -0.000568
3850 0 0 -0.000752
3855 0 0 -0.000920
3860 0 0 -0.000980
3865 0 0 -0.000960
3870 0 0 -0.000920
3875 0 0 -0.000905
3880 0 0 -0.000913
3885 0 0 -0.000930
3890 0 0 -0.000944
3895 0 0 -0.000955
3900 0 0 -0.000970
3905 0 0 -0.000995
3910 0 0 -0.001051
3915 0 0 -0.001160
3920 0 0 -0.001322
3925 0 0 -0.001442
3930 0 0 -0.001400
3935 0 0 -0.001128
3940 0 0 -0.000755
3945 0 0 -0.000460
3950 0 0 -0.000374
3955 0 0 -0.000429
3960 0 0 -0.000510
3965 0 0 -0.000525
3970 0 0 -0.000489
3975 0 0 -0.000440
3980 0 0 -0.000410
3985 0 0 -0.000396
3990 0 0 -0.000390
3995 0 0 -0.000383
4000 0 0 -0.000378
4005 0 0 -0.000380
4010 0 0 -0.000393
4015 0 0 -0.000416
4020 0 0 -0.000450
4025 0 0 -0.000490
4030 0 0 -0.000519
4035 0 0 -0.000520
4040 0 0 -0.000479
4045 0 0 -0.000415
4050 0 0 -0.000350
4055 0 0 -0.000306
4060 0 0 -0.000286
4065 0 0 -0.000290
4070 0 0 -0.000315
4075 0 0 -0.000345
4080 0 0 -0.000360
4085 0 0 -0.000347
4090 0 0 -0.000317
4095 0 0 -0.000290
4100 0 0 -0.000280
4105 0 0 -0.000285
4110 0 0 -0.000300
4115 0 0 -0.000317
4120 0 0 -0.000328
4125 0 0 -0.000320
4130 0 0 -0.000289
4135 0 0 -0.000255
4140 0 0 -0.000240
4145 0 0 -0.000261
4150 0 0 -0.000298
4155 0 0 -0.000320
4160 0 0 -0.000307
4165 0 0 -0.000273
4170 0 0 -0.000240
4175 0 0 -0.000226
4180 0 0 -0.000226
4185 0 0 -0.000230
4190 0 0 -0.000230
4195 0 0 -0.000229
4200 0 0 -0.000230
4205 0 0 -0.000238
4210 0 0 -0.000255
4215 0 0 -0.000280
4220 0 0 -0.000312
4225 0 0 -0.000334
4230 0 0 -0.000330
4235 0 0 -0.000289
4240 0 0 -0.000234
4245 0 0 -0.000200
4250 0 0 -0.000208
4255 0 0 -0.000238
4260 0 0 -0.000260
4265 0 0 -0.000251
4270 0 0 -0.000219
4275 0 0 -0.000180
4280 0 0 -0.000148
4285 0 0 -0.000132
4290 0 0 -0.000140
4295 0 0 -0.000174
4300 0 0 -0.000211
4305 0 0 -0.000220
4310 0 0 -0.000183
4315 0 0 -0.000128
4320 0 0 -0.000090
4325 0 0 -0.000098
4330 0 0 -0.000134
4335 0 0 -0.000170
4340 0 0 -0.000185
4345 0 0 -0.000182
4350 0 0 -0.000170
4355 0 0 -0.000157
4360 0 0 -0.000147
4365 0 0 -0.000140
4370 0 0 -0.000139
4375 0 0 -0.000145
4380 0 0 -0.000160
4385 0 0 -0.000184
4390 0 0 -0.000203
4395 0 0 -0.000200
4400 0 0 -0.000167
4405 0 0 -0.000127
4410 0 0 -0.000110
4415 0 0 -0.000136
4420 0 0 -0.000178
4425 0 0 -0.000200
4430 0 0 -0.000176
4435 0 0 -0.000128
4440 0 0 -0.000090
4445 0 0 -0.000087
4450 0 0 -0.000107
4455 0 0 -0.000130
4460 0 0 -0.000139
4465 0 0 -0.000134
4470 0 0 -0.000120
4475 0 0 -0.000101
4480 0 0 -0.000088
4485 0 0 -0.000090
4490 0 0 -0.000112
4495 0 0 -0.000139
4500 0 0 -0.000150
4505 0 0 -0.000131
4510 0 0 -0.000105
4515 0 0 -0.000100
4520 0 0 -0.000135
4525 0 0 -0.000184
4530 0 0 -0.000210
4535 0 0 -0.000188
4540 0 0 -0.000145
4545 0 0 -0.000120
4550 0 0 -0.000138
4555 0 0 -0.000177
4560 0 0 -0.000200
4565 0 0 -0.000182
4570 0 0 -0.000142
4575 0 0 -0.000110
4580 0 0 -0.000108
4585 0 0 -0.000125
4590 0 0 -0.000140
4595 0 0 -0.000139
4600 0 0 -0.000126
4605 0 0 -0.000110
4610 0 0 -0.000098
4615 0 0 -0.000093
4620 0 0 -0.000100
4625 0 0 -0.000118
4630 0 0 -0.000136
4635 0 0 -0.000140
4640 0 0 -0.000123
4645 0 0 -0.000099
4650 0 0 -0.000090
4655 0 0 -0.000109
4660 0 0 -0.000140
4665 0 0 -0.000160
4670 0 0 -0.000152
4675 0 0 -0.000134
4680 0 0 -0.000130
4685 0 0 -0.000155
4690 0 0 -0.000189
4695 0 0 -0.000200
4700 0 0 -0.000170
4705 0 0 -0.000124
4710 0 0 -0.000100
4715 0 0 -0.000121
4720 0 0 -0.000161
4725 0 0 -0.000180
4730 0 0 -0.000151
4735 0 0 -0.000102
4740 0 0 -0.000070
4745 0 0 -0.000084
4750 0 0 -0.000122
4755 0 0 -0.000150
4760 0 0 -0.000147
4765 0 0 -0.000141
4770 0 0 -0.000170
4775 0 0 -0.000258
4780 0 0 -0.000362
4785 0 0 -0.000420
4790 0 0 -0.000392
4795 0 0 -0.000319
4800 0 0 -0.000260
4805 0 0 -0.000260
4810 0 0 -0.000302
4815 0 0 -0.000350
4820 0 0 -0.000378
4825 0 0 -0.000383
4830 0 0 -0.000370
4835 0 0 -0.000343
4840 0 0 -0.000308
4845 0 0 -0.000270
4850 0 0 -0.000235
4855 0 0 -0.000210
4860 0 0 -0.000200
4865 0 0 -0.000208
4870 0 0 -0.000221
4875 0 0 -0.000220
4880 0 0 -0.000195
4885 0 0 -0.000161
4890 0 0 -0.000140
4895 0 0 -0.000147
4900 0 0 -0.000173
4905 0 0 -0.000200
4910 0 0 -0.000217
4915 0 0 -0.000230
4920 0 0 -0.000250
4925 0 0 -0.000283
4930 0 0 -0.000314
4935 0 0 -0.000320
4940 0 0 -0.000288
4945 0 0 -0.000236
4950 0 0 -0.000190
4955 0 0 -0.000169
4960 0 0 -0.000162
4965 0 0 -0.000150
4970 0 0 -0.000129
4975 0 0 -0.000149
4980 0 0 -0.000270
4985 0 0 -0.000521
4990 0 0 -0.000790
4995 0 0 -0.000930
5000 0 0 -0.000845
5005 0 0 -0.000645
5010 0 0 -0.000490
5015 0 0 -0.000493
5020 0 0 -0.000573
5025 0 0 -0.000600
5030 0 0 -0.000485
5035 0 0 -0.000293
5040 0 0 -0.000130
5045 0 0 -0.000075
5050 0 0 -0.000103
5055 0 0 -0.000160
5060 0 0 -0.000202
5065 0 0 -0.000220
5070 0 0 -0.000210
5075 0 0 -0.000176
5080 0 0 -0.000137
5085 0 0 -0.000120
5090 0 0 -0.000140
5095 0 0 -0.000176
5100 0 0 -0.000200
5105 0 0 -0.000191
5110 0 0 -0.000165
5115 0 0 -0.000150
5120 0 0 -0.000164
5125 0 0 -0.000197
5130 0 0 -0.000230
5135 0 0 -0.000248
5140 0 0 -0.000248
5145 0 0 -0.000230
5150 0 0 -0.000199
5155 0 0 -0.000169
5160 0 0 -0.000160
5165 0 0 -0.000183
5170 0 0 -0.000216
5175 0 0 -0.000230
5180 0 0 -0.000206
5185 0 0 -0.000166
5190 0 0 -0.000140
5195 0 0 -0.000149
5200 0 0 -0.000170
5205 0 0 -0.000170
5210 0 0 -0.000134
5215 0 0 -0.000121
5220 0 0 -0.000210
5225 0 0 -0.000440
5230 0 0 -0.000697
5235 0 0 -0.000830
5240 0 0 -0.000736
5245 0 0 -0.000510
5250 0 0 -0.000300
5255 0 0 -0.000215
5260 0 0 -0.000222
5265 0 0 -0.000250
5270 0 0 -0.000250
5275 0 0 -0.000251
5280 0 0 -0.000300
5285 0 0 -0.000424
5290 0 0 -0.000565
5295 0 0 -0.000640
5300 0 0 -0.000597
5305 0 0 -0.000490
5310 0 0 -0.000400
5315 0 0 -0.000385
5320 0 0 -0.000404
5325 0 0 -0.000390
5330 0 0 -0.000306
5335 0 0 -0.000231
5340 0 0 -0.000270
5345 0 0 -0.000486
5350 0 0 -0.000758
5355 0 0 -0.000920
5360 0 0 -0.000856
5365 0 0 -0.000651
5370 0 0 -0.000440
5375 0 0 -0.000328
5380 0 0 -0.000302
5385 0 0 -0.000320
5390 0 0 -0.000346
5395 0 0 -0.000376
5400 0 0 -0.000410
5405 0 0 -0.000449
5410 0 0 -0.000483
5415 0 0 -0.000500
5420 0 0 -0.000494
5425 0 0 -0.000480
5430 0 0 -0.000480
5435 0 0 -0.000506
5440 0 0 -0.000534
5445 0 0 -0.000530
5450 0 0 -0.000475
5455 0 0 -0.000400
5460 0 0 -0.000350
5465 0 0 -0.000354
5470 0 0 -0.000388
5475 0 0 -0.000410
5480 0 0 -0.000392
5485 0 0 -0.000347
5490 0 0 -0.000300
5495 0 0 -0.000270
5500 0 0 -0.000258
5505 0 0 -0.000260
5510 0 0 -0.000271
5515 0 0 -0.000282
5520 0 0 -0.000280
5525 0 0 -0.000259
5530 0 0 -0.000228
5535 0 0 -0.000200
5540 0 0 -0.000189
5545 0 0 -0.000207
5550 0 0 -0.000270
5555 0 0 -0.000378
5560 0 0 -0.000484
5565 0 0 -0.000530
5570 0 0 -0.000478
5575 0 0 -0.000372
5580 0 0 -0.000280
5585 0 0 -0.000251
5590 0 0 -0.000269
5595 0 0 -0.000300
5600 0 0 -0.000318
5605 0 0 -0.000318
5610 0 0 -0.000300
5615 0 0 -0.000269
5620 0 0 -0.000242
5625 0 0 -0.000240
5630 0 0 -0.000275
5635 0 0 -0.000317
5640 0 0 -0.000330
5645 0 0 -0.000288
5650 0 0 -0.000218
5655 0 0 -0.000160
5660 0 0 -0.000145
5665 0 0 -0.000159
5670 0 0 -0.000180
5675 0 0 -0.000189
5680 0 0 -0.000185
5685 0 0 -0.000170
5690 0 0 -0.000149
5695 0 0 -0.000131
5700 0 0 -0.000130
5705 0 0 -0.000151
5710 0 0 -0.000178
5715 0 0 -0.000190
5720 0 0 -0.000173
5725 0 0 -0.000148
5730 0 0 -0.000140
5735 0 0 -0.000168
5740 0 0 -0.000209
5745 0 0 -0.000230
5750 0 0 -0.000209
5755 0 0 -0.000169
5760 0 0 -0.000140
5765 0 0 -0.000146
5770 0 0 -0.000174
5775 0 0 -0.000200
5780 0 0 -0.000207
5785 0 0 -0.000200
5790 0 0 -0.000190
5795 0 0 -0.000186
5800 0 0 -0.000179
5805 0 0 -0.000160
5810 0 0 -0.000123
5815 0 0 -0.000085
5820 0 0 -0.000070
5825 0 0 -0.000092
5830 0 0 -0.000131
5835 0 0 -0.000160
5840 0 0 -0.000159
5845 0 0 -0.000137
5850 0 0 -0.000110
5855 0 0 -0.000092
5860 0 0 -0.000091
5865 0 0 -0.000110
5870 0 0 -0.000149
5875 0 0 -0.000191
5880 0 0 -0.000210
5885 0 0 -0.000193
5890 0 0 -0.000157
5895 0 0 -0.000130
5900 0 0 -0.000131
5905 0 0 -0.000150
5910 0 0 -0.000170
5915 0 0 -0.000177
5920 0 0 -0.000172
5925 0 0 -0.000160
5930 0 0 -0.000145
5935 0 0 -0.000134
5940 0 0 -0.000130
5945 0 0 -0.000137
5950 0 0 -0.000145
5955 0 0 -0.000140
5960 0 0 -0.000116
5965 0 0 -0.000088
5970 0 0 -0.000080
5975 0 0 -0.000104
5980 0 0 -0.000140
5985 0 0 -0.000160
5990 0 0 -0.000144
5995 0 0 -0.000110
6000 0 0 -0.000090
6005 0 0 -0.000102
6010 0 0 -0.000131
6015 0 0 -0.000150
6020 0 0 -0.000142
6025 0 0 -0.000122
6030 0 0 -0.000110
6035 0 0 -0.000122
6040 0 0 -0.000148
6045 0 0 -0.000170
6050 0 0 -0.000176
6055 0 0 -0.000170
6060 0 0 -0.000160
6065 0 0 -0.000152
6070 0 0 -0.000148
6075 0 0 -0.000150
6080 0 0 -0.000157
6085 0 0 -0.000160
6090 0 0 -0.000150
6095 0 0 -0.000121
6100 0 0 -0.000091
6105 0 0 -0.000080
6110 0 0 -0.000102
6115 0 0 -0.000136
6120 0 0 -0.000150
6125 0 0 -0.000125
6130 0 0 -0.000086
6135 0 0 -0.000070
6140 0 0 -0.000100
6145 0 0 -0.000147
6150 0 0 -0.000170
6155 0 0 -0.000140
6160 0 0 -0.000089
6165 0 0 -0.000060
6170 0 0 -0.000084
6175 0 0 -0.000135
6180 0 0 -0.000170
6185 0 0 -0.000163
6190 0 0 -0.000137
6195 0 0 -0.000130
6200 0 0 -0.000170
6205 0 0 -0.000244
6210 0 0 -0.000330
6215 0 0 -0.000406
6220 0 0 -0.000455
6225 0 0 -0.000460
6230 0 0 -0.000412
6235 0 0 -0.000343
6240 0 0 -0.000290
6245 0 0 -0.000283
6250 0 0 -0.000305
6255 0 0 -0.000330
6260 0 0 -0.000337
6265 0 0 -0.000325
6270 0 0 -0.000300
6275 0 0 -0.000267
6280 0 0 -0.000234
6285 0 0 -0.000210
6290 0 0 -0.000201
6295 0 0 -0.000205
6300 0 0 -0.000220
6305 0 0 -0.000240
6310 0 0 -0.000254
6315 0 0 -0.000250
6320 0 0 -0.000223
6325 0 0 -0.000191
6330 0 0 -0.000180
6335 0 0 -0.000205
6340 0 0 -0.000243
6345 0 0 -0.000260
6350 0 0 -0.000235
6355 0 0 -0.000190
6360 0 0 -0.000160
6365 0 0 -0.000170
6370 0 0 -0.000209
6375 0 0 -0.000260
6380 0 0 -0.000305
6385 0 0 -0.000332
6390 0 0 -0.000330
6395 0 0 -0.000295
6400 0 0 -0.000247
6405 0 0 -0.000210
6410 0 0 -0.000201
6415 0 0 -0.000206
6420 0 0 -0.000200
6425 0 0 -0.000170
6430 0 0 -0.000137
6435 0 0 -0.000130
6440 0 0 -0.000169
6445 0 0 -0.000233
6450 0 0 -0.000290
6455 0 0 -0.000319
6460 0 0 -0.000329
6465 0 0 -0.000340
6470 0 0 -0.000364
6475 0 0 -0.000385
6480 0 0 -0.000380
6485 0 0 -0.000334
6490 0 0 -0.000266
6495 0 0 -0.000200
6500 0 0 -0.000159
6505 0 0 -0.000145
6510 0 0 -0.000160
6515 0 0 -0.000198
6520 0 0 -0.000239
6525 0 0 -0.000260
6530 0 0 -0.000245
6535 0 0 -0.000213
6540 0 0 -0.000190
6545 0 0 -0.000195
6550 0 0 -0.000211
6555 0 0 -0.000210
6560 0 0 -0.000178
6565 0 0 -0.000152
6570 0 0 -0.000180
6575 0 0 -0.000288
6580 0 0 -0.000416
6585 0 0 -0.000480
6590 0 0 -0.000424
6595 0 0 -0.000298
6600 0 0 -0.000180
6605 0 0 -0.000128
6610 0 0 -0.000131
6615 0 0 -0.000160
6620 0 0 -0.000190
6625 0 0 -0.000209
6630 0 0 -0.000210
6635 0 0 -0.000190
6640 0 0 -0.000165
6645 0 0 -0.000160
6650 0 0 -0.000187
6655 0 0 -0.000227
6660 0 0 -0.000250
6665 0 0 -0.000237
6670 0 0 -0.000207
6675 0 0 -0.000190
6680 0 0 -0.000207
6685 0 0 -0.000244
6690 0 0 -0.000280
6695 0 0 -0.000298
6700 0 0 -0.000291
6705 0 0 -0.000260
6710 0 0 -0.000207
6715 0 0 -0.000154
6720 0 0 -0.000130
6725 0 0 -0.000151
6730 0 0 -0.000196
6735 0 0 -0.000230
6740 0 0 -0.000231
6745 0 0 -0.000216
6750 0 0 -0.000210
6755 0 0 -0.000237
6760 0 0 -0.000305
6765 0 0 -0.000420
6770 0 0 -0.000578
6775 0 0 -0.000742
6780 0 0 -0.000870
6785 0 0 -0.000928
6790 0 0 -0.000930
6795 0 0 -0.000900
6800 0 0 -0.000858
6805 0 0 -0.000806
6810 0 0 -0.000740
6815 0 0 -0.000661
6820 0 0 -0.000582
6825 0 0 -0.000520
6830 0 0 -0.000485
6835 0 0 -0.000462
6840 0 0 -0.000430
6845 0 0 -0.000376
6850 0 0 -0.000327
6855 0 0 -0.000320
6860 0 0 -0.000376
6865 0 0 -0.000462
6870 0 0 -0.000530
6875 0 0 -0.000542
6880 0 0 -0.000503
6885 0 0 -0.000430
6890 0 0 -0.000342
6895 0 0 -0.000265
6900 0 0 -0.000230
6905 0 0 -0.000254
6910 0 0 -0.000307
6915 0 0 -0.000350
6920 0 0 -0.000352
6925 0 0 -0.000327
6930 0 0 -0.000300
6935 0 0 -0.000292
6940 0 0 -0.000301
6945 0 0 -0.000320
6950 0 0 -0.000342
6955 0 0 -0.000355
6960 0 0 -0.000350
6965 0 0 -0.000319
6970 0 0 -0.000279
6975 0 0 -0.000250
6980 0 0 -0.000249
6985 0 0 -0.000276
6990 0 0 -0.000330
6995 0 0 -0.000404
7000 0 0 -0.000478
7005 0 0 -0.000530
7010 0 0 -0.000542
7015 0 0 -0.000524
7020 0 0 -0.000490
7025 0 0 -0.000454
7030 0 0 -0.000417
7035 0 0 -0.000380
7040 0 0 -0.000344
7045 0 0 -0.000314
7050 0 0 -0.000300
7055 0 0 -0.000304
7060 0 0 -0.000313
7065 0 0 -0.000310
7070 0 0 -0.000284
7075 0 0 -0.000250
7080 0 0 -0.000230
7085 0 0 -0.000239
7090 0 0 -0.000266
7095 0 0 -0.000290
7100 0 0 -0.000297
7105 0 0 -0.000286
7110 0 0 -0.000260
7115 0 0 -0.000225
7120 0 0 -0.000193
7125 0 0 -0.000180
7130 0 0 -0.000193
7135 0 0 -0.000217
7140 0 0 -0.000230
7145 0 0 -0.000216
7150 0 0 -0.000184
7155 0 0 -0.000150
7160 0 0 -0.000127
7165 0 0 -0.000119
7170 0 0 -0.000130
7175 0 0 -0.000158
7180 0 0 -0.000185
7185 0 0 -0.000190
7190 0 0 -0.000159
7195 0 0 -0.000116
7200 0 0 -0.000090
7205 0 0 -0.000104
7210 0 0 -0.000143
7215 0 0 -0.000180
7220 0 0 -0.000196
7225 0 0 -0.000193
7230 0 0 -0.000180
7235 0 0 -0.000164
7240 0 0 -0.000146
7245 0 0 -0.000130
7250 0 0 -0.000117
7255 0 0 -0.000115
7260 0 0 -0.000130
7265 0 0 -0.000166
7270 0 0 -0.000204
7275 0 0 -0.000220
7280 0 0 -0.000198
7285 0 0 -0.000159
7290 0 0 -0.000130
7295 0 0 -0.000131
7300 0 0 -0.000151
7305 0 0 -0.000170
7310 0 0 -0.000172
7315 0 0 -0.000159
7320 0 0 -0.000140
7325 0 0 -0.000121
7330 0 0 -0.000109
7335 0 0 -0.000110
7340 0 0 -0.000127
7345 0 0 -0.000147
7350 0 0 -0.000150
7355 0 0 -0.000126
7360 0 0 -0.000094
7365 0 0 -0.000080
7370 0 0 -0.000102
7375 0 0 -0.000139
7380 0 0 -0.000160
7385 0 0 -0.000145
7390 0 0 -0.000112
7395 0 0 -0.000090
7400 0 0 -0.000100
7405 0 0 -0.000130
7410 0 0 -0.000160
7415 0 0 -0.000173
7420 0 0 -0.000171
7425 0 0 -0.000160
7430 0 0 -0.000145
7435 0 0 -0.000136
7440 0 0 -0.000140
7445 0 0 -0.000162
7450 0 0 -0.000186
7455 0 0 -0.000190
7460 0 0 -0.000161
7465 0 0 -0.000121
7470 0 0 -0.000100
7475 0 0 -0.000119
7480 0 0 -0.000154
7485 0 0 -0.000170
7490 0 0 -0.000145
7495 0 0 -0.000103
7500 0 0 -0.000080
7505 0 0 -0.000100
7510 0 0 -0.000139
7515 0 0 -0.000160
7520 0 0 -0.000138
7525 0 0 -0.000096
7530 0 0 -0.000070
7535 0 0 -0.000083
7540 0 0 -0.000116
7545 0 0 -0.000140
7550 0 0 -0.000133
7555 0 0 -0.000112
7560 0 0 -0.000100
7565 0 0 -0.000116
7570 0 0 -0.000146
7575 0 0 -0.000170
7580 0 0 -0.000173
7585 0 0 -0.000162
7590 0 0 -0.000150
7595 0 0 -0.000147
7600 0 0 -0.000152
7605 0 0 -0.000160
7610 0 0 -0.000166
7615 0 0 -0.000168
7620 0 0 -0.000160
7625 0 0 -0.000141
7630 0 0 -0.000116
7635 0 0 -0.000090
7640 0 0 -0.000073
7645 0 0 -0.000082
7650 0 0 -0.000140
7655 0 0 -0.000254
7660 0 0 -0.000377
7665 0 0 -0.000450
7670 0 0 -0.000431
7675 0 0 -0.000359
7680 0 0 -0.000290
7685 0 0 -0.000268
7690 0 0 -0.000283
7695 0 0 -0.000310
7700 0 0 -0.000329
7705 0 0 -0.000336
7710 0 0 -0.000330
7715 0 0 -0.000312
7720 0 0 -0.000286
7725 0 0 -0.000260
7730 0 0 -0.000239
7735 0 0 -0.000228
7740 0 0 -0.000230
7745 0 0 -0.000246
7750 0 0 -0.000262
7755 0 0 -0.000260
7760 0 0 -0.000231
7765 0 0 -0.000200
7770 0 0 -0.000200
7775 0 0 -0.000250
7780 0 0 -0.000318
7785 0 0 -0.000360
7790 0 0 -0.000343
7795 0 0 -0.000283
7800 0 0 -0.000210
7805 0 0 -0.000148
7810 0 0 -0.000111
7815 0 0 -0.000110
7820 0 0 -0.000147
7825 0 0 -0.000198
7830 0 0 -0.000230
7835 0 0 -0.000220
7840 0 0 -0.000185
7845 0 0 -0.000150
7850 0 0 -0.000136
7855 0 0 -0.000141
7860 0 0 -0.000160
7865 0 0 -0.000185
7870 0 0 -0.000202
7875 0 0 -0.000200
7880 0 0 -0.000172
7885 0 0 -0.000147
7890 0 0 -0.000160
7895 0 0 -0.000233
7900 0 0 -0.000328
7905 0 0 -0.000390
7910 0 0 -0.000381
7915 0 0 -0.000322
7920 0 0 -0.000250
7925 0 0 -0.000194
7930 0 0 -0.000161
7935 0 0 -0.000150
7940 0 0 -0.000159
7945 0 0 -0.000179
7950 0 0 -0.000200
7955 0 0 -0.000212
7960 0 0 -0.000215
7965 0 0 -0.000210
7970 0 0 -0.000200
7975 0 0 -0.000191
7980 0 0 -0.000190
7985 0 0 -0.000201
7990 0 0 -0.000212
7995 0 0 -0.000210
8000 0 0 -0.000184
8005 0 0 -0.000148
8010 0 0 -0.000120
8015 0 0 -0.000113
8020 0 0 -0.000126
8025 0 0 -0.000150
8030 0 0 -0.000179
8035 0 0 -0.000202
8040 0 0 -0.000210
8045 0 0 -0.000196
8050 0 0 -0.000171
8055 0 0 -0.000150
8060 0 0 -0.000146
8065 0 0 -0.000172
8070 0 0 -0.000240
8075 0 0 -0.000353
8080 0 0 -0.000474
8085 0 0 -0.000560
8090 0 0 -0.000577
8095 0 0 -0.000544
8100 0 0 -0.000490
8105 0 0 -0.000443
8110 0 0 -0.000411
8115 0 0 -0.000400
8120 0 0 -0.000413
8125 0 0 -0.000448
8130 0 0 -0.000500
8135 0 0 -0.000561
8140 0 0 -0.000605
8145 0 0 -0.000600
8150 0 0 -0.000531
8155 0 0 -0.000452
8160 0 0 -0.000430
8165 0 0 -0.000510
8170 0 0 -0.000629
8175 0 0 -0.000700
8180 0 0 -0.000663
8185 0 0 -0.000572
8190 0 0 -0.000510
8195 0 0 -0.000534
8200 0 0 -0.000600
8205 0 0 -0.000640
8210 0 0 -0.000606
8215 0 0 -0.000534
8220 0 0 -0.000480
8225 0 0 -0.000485
8230 0 0 -0.000528
8235 0 0 -0.000570
8240 0 0 -0.000583
8245 0 0 -0.000567
8250 0 0 -0.000530
8255 0 0 -0.000482
8260 0 0 -0.000437
8265 0 0 -0.000410
8270 0 0 -0.000411
8275 0 0 -0.000432
8280 0 0 -0.000460
8285 0 0 -0.000484
8290 0 0 -0.000500
8295 0 0 -0.000510
8300 0 0 -0.000512
8305 0 0 -0.000509
8310 0 0 -0.000500
8315 0 0 -0.000489
8320 0 0 -0.000480
8325 0 0 -0.000480
8330 0 0 -0.000490
8335 0 0 -0.000498
8340 0 0 -0.000490
8345 0 0 -0.000456
8350 0 0 -0.000409
8355 0 0 -0.000370
8360 0 0 -0.000353
8365 0 0 -0.000354
8370 0 0 -0.000360
8375 0 0 -0.000365
8380 0 0 -0.000373
8385 0 0 -0.000390
8390 0 0 -0.000420
8395 0 0 -0.000452
8400 0 0 -0.000470
8405 0 0 -0.000463
8410 0 0 -0.000436
8415 0 0 -0.000400
8420 0 0 -0.000364
8425 0 0 -0.000333
8430 0 0 -0.000310
8435 0 0 -0.000299
8440 0 0 -0.000296
8445 0 0 -0.000300
8450 0 0 -0.000305
8455 0 0 -0.000305
8460 0 0 -0.000290
8465 0 0 -0.000257
8470 0 0 -0.000223
8475 0 0 -0.000210
8480 0 0 -0.000233
8485 0 0 -0.000280
8490 0 0 -0.000330
8495 0 0 -0.000366
8500 0 0 -0.000384
8505 0 0 -0.000380
8510 0 0 -0.000355
8515 0 0 -0.000323
8520 0 0 -0.000300
8525 0 0 -0.000297
8530 0 0 -0.000310
8535 0 0 -0.000330
8540 0 0 -0.000347
8545 0 0 -0.000351
8550 0 0 -0.000330
8555 0 0 -0.000279
8560 0 0 -0.000217
8565 0 0 -0.000170
8570 0 0 -0.000156
8575 0 0 -0.000165
8580 0 0 -0.000180
8585 0 0 -0.000187
8590 0 0 -0.000181
8595 0 0 -0.000160
8600 0 0 -0.000125
8605 0 0 -0.000094
8610 0 0 -0.000090
8615 0 0 -0.000126
8620 0 0 -0.000175
8625 0 0 -0.000200
8630 0 0 -0.000177
8635 0 0 -0.000133
8640 0 0 -0.000110
8645 0 0 -0.000136
8650 0 0 -0.000187
8655 0 0 -0.000230
8660 0 0 -0.000238
8665 0 0 -0.000224
8670 0 0 -0.000210
8675 0 0 -0.000212
8680 0 0 -0.000218
8685 0 0 -0.000210
8690 0 0 -0.000176
8695 0 0 -0.000134
8700 0 0 -0.000110
8705 0 0 -0.000120
8710 0 0 -0.000148
8715 0 0 -0.000170
8720 0 0 -0.000169
8725 0 0 -0.000148
8730 0 0 -0.000120
8735 0 0 -0.000094
8740 0 0 -0.000081
8745 0 0 -0.000090
8750 0 0 -0.000124
8755 0 0 -0.000164
8760 0 0 -0.000180
8765 0 0 -0.000156
8770 0 0 -0.000113
8775 0 0 -0.000080
8780 0 0 -0.000080
8785 0 0 -0.000103
8790 0 0 -0.000130
8795 0 0 -0.000148
8800 0 0 -0.000154
8805 0 0 -0.000150
8810 0 0 -0.000140
8815 0 0 -0.000133
8820 0 0 -0.000140
8825 0 0 -0.000166
8830 0 0 -0.000194
8835 0 0 -0.000200
8840 0 0 -0.000170
8845 0 0 -0.000129
8850 0 0 -0.000110
8855 0 0 -0.000134
8860 0 0 -0.000177
8865 0 0 -0.000200
8870 0 0 -0.000178
8875 0 0 -0.000130
8880 0 0 -0.000090
8885 0 0 -0.000081
8890 0 0 -0.000096
8895 0 0 -0.000120
8900 0 0 -0.000140
8905 0 0 -0.000149
8910 0 0 -0.000140
8915 0 0 -0.000113
8920 0 0 -0.000085
8925 0 0 -0.000080
8930 0 0 -0.000110
8935 0 0 -0.000151
8940 0 0 -0.000170
8945 0 0 -0.000145
8950 0 0 -0.000103
8955 0 0 -0.000080
8960 0 0 -0.000103
8965 0 0 -0.000151
8970 0 0 -0.000190
8975 0 0 -0.000195
8980 0 0 -0.000175
8985 0 0 -0.000150
8990 0 0 -0.000134
8995 0 0 -0.000131
9000 0 0 -0.000140
9005 0 0 -0.000159
9010 0 0 -0.000174
9015 0 0 -0.000170
9020 0 0 -0.000137
9025 0 0 -0.000098
9030 0 0 -0.000080
9035 0 0 -0.000102
9040 0 0 -0.000140
9045 0 0 -0.000160
9050 0 0 -0.000140
9055 0 0 -0.000102
9060 0 0 -0.000080
9065 0 0 -0.000097
9070 0 0 -0.000129
9075 0 0 -0.000140
9080 0 0 -0.000109
9085 0 0 -0.000076
9090 0 0 -0.000100
9095 0 0 -0.000213
9100 0 0 -0.000360
9105 0 0 -0.000460
9110 0 0 -0.000458
9115 0 0 -0.000393
9120 0 0 -0.000330
9125 0 0 -0.000316
9130 0 0 -0.000336
9135 0 0 -0.000360
9140 0 0 -0.000364
9145 0 0 -0.000351
9150 0 0 -0.000330
9155 0 0 -0.000310
9160 0 0 -0.000290
9165 0 0 -0.000270
9170 0 0 -0.000248
9175 0 0 -0.000230
9180 0 0 -0.000220
9185 0 0 -0.000221
9190 0 0 -0.000222
9195 0 0 -0.000210
9200 0 0 -0.000178
9205 0 0 -0.000143
9210 0 0 -0.000130
9215 0 0 -0.000154
9220 0 0 -0.000196
9225 0 0 -0.000230
9230 0 0 -0.000237
9235 0 0 -0.000230
9240 0 0 -0.000230
9245 0 0 -0.000251
9250 0 0 -0.000280
9255 0 0 -0.000300
9260 0 0 -0.000296
9265 0 0 -0.000273
9270 0 0 -0.000240
9275 0 0 -0.000207
9280 0 0 -0.000184
9285 0 0 -0.000180
9290 0 0 -0.000200
9295 0 0 -0.000226
9300 0 0 -0.000230
9305 0 0 -0.000201
9310 0 0 -0.000175
9315 0 0 -0.000200
9320 0 0 -0.000303
9325 0 0 -0.000424
9330 0 0 -0.000480
9335 0 0 -0.000419
9340 0 0 -0.000317
9345 0 0 -0.000280
9350 0 0 -0.000376
9355 0 0 -0.000521
9360 0 0 -0.000590
9365 0 0 -0.000499
9370 0 0 -0.000316
9375 0 0 -0.000150
9380 0 0 -0.000083
9385 0 0 -0.000097
9390 0 0 -0.000150
9395 0 0 -0.000205
9400 0 0 -0.000246
9405 0 0 -0.000260
9410 0 0 -0.000241
9415 0 0 -0.000210
9420 0 0 -0.000190
9425 0 0 -0.000200
9430 0 0 -0.000227
9435 0 0 -0.000250
9440 0 0 -0.000253
9445 0 0 -0.000241
9450 0 0 -0.000220
9455 0 0 -0.000199
9460 0 0 -0.000184
9465 0 0 -0.000180
9470 0 0 -0.000188
9475 0 0 -0.000199
9480 0 0 -0.000200
9485 0 0 -0.000184
9490 0 0 -0.000164
9495 0 0 -0.000160
9500 0 0 -0.000182
9505 0 0 -0.000211
9510 0 0 -0.000220
9515 0 0 -0.000192
9520 0 0 -0.000150
9525 0 0 -0.000130
9530 0 0 -0.000153
9535 0 0 -0.000196
9540 0 0 -0.000220
9545 0 0 -0.000203
9550 0 0 -0.000173
9555 0 0 -0.000170
9560 0 0 -0.000222
9565 0 0 -0.000299
9570 0 0 -0.000360
9575 0 0 -0.000372
9580 0 0 -0.000345
9585 0 0 -0.000300
9590 0 0 -0.000255
9595 0 0 -0.000221
9600 0 0 -0.000210
9605 0 0 -0.000227
9610 0 0 -0.000257
9615 0 0 -0.000280
9620 0 0 -0.000282
9625 0 0 -0.000272
9630 0 0 -0.000260
9635 0 0 -0.000257
9640 0 0 -0.000257
9645 0 0 -0.000250
9650 0 0 -0.000233
9655 0 0 -0.000227
9660 0 0 -0.000260
9665 0 0 -0.000342
9670 0 0 -0.000414
9675 0 0 -0.000400
9680 0 0 -0.000271
9685 0 0 -0.000183
9690 0 0 -0.000340
9695 0 0 -0.000854
9700 0 0 -0.001464
9705 0 0 -0.001820
9710 0 0 -0.001676
9715 0 0 -0.001221
9720 0 0 -0.000750
9725 0 0 -0.000492
9730 0 0 -0.000409
9735 0 0 -0.000400
9740 0 0 -0.000381
9745 0 0 -0.000351
9750 0 0 -0.000330
9755 0 0 -0.000329
9760 0 0 -0.000336
9765 0 0 -0.000330
9770 0 0 -0.000298
9775 0 0 -0.000254
9780 0 0 -0.000220
9785 0 0 -0.000211
9790 0 0 -0.000219
9795 0 0 -0.000230
9800 0 0 -0.000234
9805 0 0 -0.000234
9810 0 0 -0.000240
9815 0 0 -0.000256
9820 0 0 -0.000276
9825 0 0 -0.000290
9830 0 0 -0.000289
9835 0 0 -0.000275
9840 0 0 -0.000250
9845 0 0 -0.000218
9850 0 0 -0.000188
9855 0 0 -0.000170
9860 0 0 -0.000172
9865 0 0 -0.000188
9870 0 0 -0.000210
9875 0 0 -0.000229
9880 0 0 -0.000240
9885 0 0 -0.000240
9890 0 0 -0.000227
9895 0 0 -0.000214
9900 0 0 -0.000220
9905 0 0 -0.000253
9910 0 0 -0.000292
9915 0 0 -0.000310
9920 0 0 -0.000288
9925 0 0 -0.000247
9930 0 0 -0.000220
9935 0 0 -0.000229
9940 0 0 -0.000260
9945 0 0 -0.000290
9950 0 0 -0.000300
9955 0 0 -0.000291
9960 0 0 -0.000270
9965 0 0 -0.000245
9970 0 0 -0.000224
9975 0 0 -0.000220
9980 0 0 -0.000237
9985 0 0 -0.000263
9990 0 0 -0.000280
9995 0 0 -0.000277
10000 0 0 -0.000267
10005 0 0 -0.000270
10010 0 0 -0.000297
10015 0 0 -0.000329
10020 0 0 -0.000340
10025 0 0 -0.000311
10030 0 0 -0.000257
10035 0 0 -0.000200
10040 0 0 -0.000159
10045 0 0 -0.000141
10050 0 0 -0.000150
10055 0 0 -0.000185
10060 0 0 -0.000231
10065 0 0 -0.000270
10070 0 0 -0.000284
10075 0 0 -0.000253
