0 0 0 -0.000630
5 0 0 -0.000618
10 0 0 -0.000605
15 0 0 -0.000590
20 0 0 -0.000571
25 0 0 -0.000548
30 0 0 -0.000520
35 0 0 -0.000489
40 0 0 -0.000469
45 0 0 -0.000480
50 0 0 -0.000530
55 0 0 -0.000595
60 0 0 -0.000640
65 0 0 -0.000641
70 0 0 -0.000616
75 0 0 -0.000590
80 0 0 -0.000584
85 0 0 -0.000589
90 0 0 -0.000590
95 0 0 -0.000578
100 0 0 -0.000562
105 0 0 -0.000560
110 0 0 -0.000580
115 0 0 -0.000605
120 0 0 -0.000610
125 0 0 -0.000578
130 0 0 -0.000524
135 0 0 -0.000470
140 0 0 -0.000434
145 0 0 -0.000410
150 0 0 -0.000390
155 0 0 -0.000367
160 0 0 -0.000352
165 0 0 -0.000360
170 0 0 -0.000398
175 0 0 -0.000446
180 0 0 -0.000480
185 0 0 -0.000481
190 0 0 -0.000464
195 0 0 -0.000450
200 0 0 -0.000455
205 0 0 -0.000467
210 0 0 -0.000470
215 0 0 -0.000451
220 0 0 -0.000420
225 0 0 -0.000390
230 0 0 -0.000373
235 0 0 -0.000365
240 0 0 -0.000360
245 0 0 -0.000353
250 0 0 -0.000345
255 0 0 -0.000340
260 0 0 -0.000340
265 0 0 -0.000336
270 0 0 -0.000320
275 0 0 -0.000287
280 0 0 -0.000253
285 0 0 -0.000240
290 0 0 -0.000262
295 0 0 -0.000303
300 0 0 -0.000340
305 0 0 -0.000356
310 0 0 -0.000354
315 0 0 -0.000340
320 0 0 -0.000321
325 0 0 -0.000301
330 0 0 -0.000280
335 0 0 -0.000262
340 0 0 -0.000253
345 0 0 -0.000260
350 0 0 -0.000287
355 0 0 -0.000319
360 0 0 -0.000340
365 0 0 -0.000336
370 0 0 -0.000310
375 0 0 -0.000270
380 0 0 -0.000224
385 0 0 -0.000186
390 0 0 -0.000170
395 0 0 -0.000184
400 0 0 -0.000214
405 0 0 -0.000240
410 0 0 -0.000246
415 0 0 -0.000233
420 0 0 -0.000210
425 0 0 -0.000183
430 0 0 -0.000163
435 0 0 -0.000160
440 0 0 -0.000181
445 0 0 -0.000214
450 0 0 -0.000240
455 0 0 -0.000247
460 0 0 -0.000235
465 0 0 -0.000210
470 0 0 -0.000178
475 0 0 -0.000153
480 0 0 -0.000150
485 0 0 -0.000179
490 0 0 -0.000221
495 0 0 -0.000250
500 0 0 -0.000248
505 0 0 -0.000223
510 0 0 -0.000190
515 0 0 -0.000164
520 0 0 -0.000154
525 0 0 -0.000170
530 0 0 -0.000213
535 0 0 -0.000260
540 0 0 -0.000280
545 0 0 -0.000255
550 0 0 -0.000210
555 0 0 -0.000180
560 0 0 -0.000191
565 0 0 -0.000226
570 0 0 -0.000260
575 0 0 -0.000271
580 0 0 -0.000264
585 0 0 -0.000250
590 0 0 -0.000238
595 0 0 -0.000233
600 0 0 -0.000240
605 0 0 -0.000264
610 0 0 -0.000314
615 0 0 -0.000400
620 0 0 -0.000520
625 0 0 -0.000626
630 0 0 -0.000660
635 0 0 -0.000586
640 0 0 -0.000470
645 0 0 -0.000400
650 0 0 -0.000439
655 0 0 -0.000538
660 0 0 -0.000620
665 0 0 -0.000627
670 0 0 -0.000583
675 0 0 -0.000530
680 0 0 -0.000502
685 0 0 -0.000498
690 0 0 -0.000510
695 0 0 -0.000528
700 0 0 -0.000546
705 0 0 -0.000560
710 0 0 -0.000566
715 0 0 -0.000570
720 0 0 -0.000580
725 0 0 -0.000599
730 0 0 -0.000610
735 0 0 -0.000590
740 0 0 -0.000529
745 0 0 -0.000461
750 0 0 -0.000430
755 0 0 -0.000465
760 0 0 -0.000534
765 0 0 -0.000590
770 0 0 -0.000596
775 0 0 -0.000565
780 0 0 -0.000520
785 0 0 -0.000480
790 0 0 -0.000445
795 0 0 -0.000410
800 0 0 -0.000372
805 0 0 -0.000341
810 0 0 -0.000330
815 0 0 -0.000346
820 0 0 -0.000378
825 0 0 -0.000410
830 0 0 -0.000428
835 0 0 -0.000430
840 0 0 -0.000420
845 0 0 -0.000400
850 0 0 -0.000374
855 0 0 -0.000350
860 0 0 -0.000332
865 0 0 -0.000322
870 0 0 -0.000320
875 0 0 -0.000326
880 0 0 -0.000335
885 0 0 -0.000340
890 0 0 -0.000336
895 0 0 -0.000322
900 0 0 -0.000300
905 0 0 -0.000272
910 0 0 -0.000248
915 0 0 -0.000240
920 0 0 -0.000255
925 0 0 -0.000283
930 0 0 -0.000310
935 0 0 -0.000325
940 0 0 -0.000325
945 0 0 -0.000310
950 0 0 -0.000282
955 0 0 -0.000253
960 0 0 -0.000240
965 0 0 -0.000252
970 0 0 -0.000281
975 0 0 -0.000310
980 0 0 -0.000327
985 0 0 -0.000328
990 0 0 -0.000310
995 0 0 -0.000274
1000 0 0 -0.000240
1005 0 0 -0.000230
1010 0 0 -0.000260
1015 0 0 -0.000307
1020 0 0 -0.000340
1025 0 0 -0.000337
1030 0 0 -0.000310
1035 0 0 -0.000280
1040 0 0 -0.000273
1045 0 0 -0.000333
1050 0 0 -0.000510
1055 0 0 -0.000820
1060 0 0 -0.001142
1065 0 0 -0.001320
1070 0 0 -0.001247
1075 0 0 -0.001009
1080 0 0 -0.000740
1085 0 0 -0.000548
1090 0 0 -0.000426
1095 0 0 -0.000340
1100 0 0 -0.000270
1105 0 0 -0.000248
1110 0 0 -0.000320
1115 0 0 -0.000512
1120 0 0 -0.000775
1125 0 0 -0.001040
1130 0 0 -0.001242
1135 0 0 -0.001341
1140 0 0 -0.001300
1145 0 0 -0.001108
1150 0 0 -0.000853
1155 0 0 -0.000650
1160 0 0 -0.000582
1165 0 0 -0.000614
1170 0 0 -0.000680
1175 0 0 -0.000727
1180 0 0 -0.000754
1185 0 0 -0.000770
1190 0 0 -0.000783
1195 0 0 -0.000789
1200 0 0 -0.000780
1205 0 0 -0.000752
1210 0 0 -0.000720
1215 0 0 -0.000700
1220 0 0 -0.000706
1225 0 0 -0.000730
1230 0 0 -0.000760
1235 0 0 -0.000784
1240 0 0 -0.000796
1245 0 0 -0.000790
1250 0 0 -0.000764
1255 0 0 -0.000739
1260 0 0 -0.000740
1265 0 0 -0.000780
1270 0 0 -0.000827
1275 0 0 -0.000840
1280 0 0 -0.000790
1285 0 0 -0.000708
1290 0 0 -0.000640
1295 0 0 -0.000620
1300 0 0 -0.000640
1305 0 0 -0.000680
1310 0 0 -0.000722
1315 0 0 -0.000757
1320 0 0 -0.000780
1325 0 0 -0.000785
1330 0 0 -0.000772
1335 0 0 -0.000740
1340 0 0 -0.000693
1345 0 0 -0.000647
1350 0 0 -0.000620
1355 0 0 -0.000624
1360 0 0 -0.000639
1365 0 0 -0.000640
1370 0 0 -0.000608
1375 0 0 -0.000554
1380 0 0 -0.000500
1385 0 0 -0.000461
1390 0 0 -0.000441
1395 0 0 -0.000440
1400 0 0 -0.000457
1405 0 0 -0.000494
1410 0 0 -0.000550
1415 0 0 -0.000622
1420 0 0 -0.000686
1425 0 0 -0.000710
1430 0 0 -0.000677
1435 0 0 -0.000611
1440 0 0 -0.000550
1445 0 0 -0.000521
1450 0 0 -0.000518
1455 0 0 -0.000530
1460 0 0 -0.000543
1465 0 0 -0.000546
1470 0 0 -0.000530
1475 0 0 -0.000490
1480 0 0 -0.000440
1485 0 0 -0.000400
1490 0 0 -0.000382
1495 0 0 -0.000375
1500 0 0 -0.000360
1505 0 0 -0.000326
1510 0 0 -0.000286
1515 0 0 -0.000260
1520 0 0 -0.000262
1525 0 0 -0.000281
1530 0 0 -0.000300
1535 0 0 -0.000305
1540 0 0 -0.000299
1545 0 0 -0.000290
1550 0 0 -0.000284
1555 0 0 -0.000281
1560 0 0 -0.000280
1565 0 0 -0.000280
1570 0 0 -0.000280
1575 0 0 -0.000280
1580 0 0 -0.000278
1585 0 0 -0.000270
1590 0 0 -0.000250
1595 0 0 -0.000216
1600 0 0 -0.000183
1605 0 0 -0.000170
1610 0 0 -0.000189
1615 0 0 -0.000224
1620 0 0 -0.000250
1625 0 0 -0.000250
1630 0 0 -0.000237
1635 0 0 -0.000230
1640 0 0 -0.000243
1645 0 0 -0.000270
1650 0 0 -0.000300
1655 0 0 -0.000325
1660 0 0 -0.000342
1665 0 0 -0.000350
1670 0 0 -0.000349
1675 0 0 -0.000338
1680 0 0 -0.000320
1685 0 0 -0.000297
1690 0 0 -0.000279
1695 0 0 -0.000280
1700 0 0 -0.000305
1705 0 0 -0.000336
1710 0 0 -0.000350
1715 0 0 -0.000330
1720 0 0 -0.000295
1725 0 0 -0.000270
1730 0 0 -0.000274
1735 0 0 -0.000299
1740 0 0 -0.000330
1745 0 0 -0.000353
1750 0 0 -0.000364
1755 0 0 -0.000360
1760 0 0 -0.000340
1765 0 0 -0.000313
1770 0 0 -0.000290
1775 0 0 -0.000281
1780 0 0 -0.000285
1785 0 0 -0.000300
1790 0 0 -0.000323
1795 0 0 -0.000341
1800 0 0 -0.000340
1805 0 0 -0.000313
1810 0 0 -0.000278
1815 0 0 -0.000260
1820 0 0 -0.000274
1825 0 0 -0.000303
1830 0 0 -0.000320
1835 0 0 -0.000306
1840 0 0 -0.000268
1845 0 0 -0.000220
1850 0 0 -0.000177
1855 0 0 -0.000155
1860 0 0 -0.000170
1865 0 0 -0.000229
1870 0 0 -0.000303
1875 0 0 -0.000350
1880 0 0 -0.000344
1885 0 0 -0.000308
1890 0 0 -0.000280
1895 0 0 -0.000286
1900 0 0 -0.000321
1905 0 0 -0.000370
1910 0 0 -0.000419
1915 0 0 -0.000463
1920 0 0 -0.000500
1925 0 0 -0.000525
1930 0 0 -0.000528
1935 0 0 -0.000500
1940 0 0 -0.000437
1945 0 0 -0.000364
1950 0 0 -0.000310
1955 0 0 -0.000298
1960 0 0 -0.000315
1965 0 0 -0.000340
1970 0 0 -0.000356
1975 0 0 -0.000357
1980 0 0 -0.000340
1985 0 0 -0.000307
1990 0 0 -0.000273
1995 0 0 -0.000260
2000 0 0 -0.000280
2005 0 0 -0.000317
2010 0 0 -0.000350
2015 0 0 -0.000360
2020 0 0 -0.000354
2025 0 0 -0.000340
2030 0 0 -0.000328
2035 0 0 -0.000321
2040 0 0 -0.000320
2045 0 0 -0.000324
2050 0 0 -0.000324
2055 0 0 -0.000310
2060 0 0 -0.000277
2065 0 0 -0.000243
2070 0 0 -0.000230
2075 0 0 -0.000252
2080 0 0 -0.000291
2085 0 0 -0.000320
2090 0 0 -0.000320
2095 0 0 -0.000308
2100 0 0 -0.000310
2105 0 0 -0.000343
2110 0 0 -0.000396
2115 0 0 -0.000450
2120 0 0 -0.000488
2125 0 0 -0.000505
2130 0 0 -0.000500
2135 0 0 -0.000474
2140 0 0 -0.000440
2145 0 0 -0.000410
2150 0 0 -0.000396
2155 0 0 -0.000392
2160 0 0 -0.000390
2165 0 0 -0.000382
2170 0 0 -0.000376
2175 0 0 -0.000380
2180 0 0 -0.000400
2185 0 0 -0.000425
2190 0 0 -0.000440
2195 0 0 -0.000435
2200 0 0 -0.000413
2205 0 0 -0.000380
2210 0 0 -0.000343
2215 0 0 -0.000313
2220 0 0 -0.000300
2225 0 0 -0.000311
2230 0 0 -0.000338
2235 0 0 -0.000370
2240 0 0 -0.000400
2245 0 0 -0.000433
2250 0 0 -0.000480
2255 0 0 -0.000543
2260 0 0 -0.000600
2265 0 0 -0.000620
2270 0 0 -0.000588
2275 0 0 -0.000542
2280 0 0 -0.000530
2285 0 0 -0.000582
2290 0 0 -0.000642
2295 0 0 -0.000630
2300 0 0 -0.000508
2305 0 0 -0.000392
2310 0 0 -0.000440
2315 0 0 -0.000749
2320 0 0 -0.001181
2325 0 0 -0.001540
2330 0 0 -0.001680
2335 0 0 -0.001663
2340 0 0 -0.001600
2345 0 0 -0.001577
2350 0 0 -0.001576
2355 0 0 -0.001550
2360 0 0 -0.001474
2365 0 0 -0.001398
2370 0 0 -0.001390
2375 0 0 -0.001483
2380 0 0 -0.001566
2385 0 0 -0.001490
2390 0 0 -0.001176
2395 0 0 -0.000811
2400 0 0 -0.000650
2405 0 0 -0.000860
2410 0 0 -0.001252
2415 0 0 -0.001550
2420 0 0 -0.001551
2425 0 0 -0.001359
2430 0 0 -0.001150
2435 0 0 -0.001077
2440 0 0 -0.001192
2445 0 0 -0.001520
2450 0 0 -0.002045
2455 0 0 -0.002583
2460 0 0 -0.002910
2465 0 0 -0.002872
2470 0 0 -0.002603
2475 0 0 -0.002310
2480 0 0 -0.002152
2485 0 0 -0.002093
2490 0 0 -0.002050
2495 0 0 -0.001959
2500 0 0 -0.001840
2505 0 0 -0.001730
2510 0 0 -0.001662
2515 0 0 -0.001642
2520 0 0 -0.001670
2525 0 0 -0.001738
2530 0 0 -0.001809
2535 0 0 -0.001840
2540 0 0 -0.001804
2545 0 0 -0.001741
2550 0 0 -0.001710
2555 0 0 -0.001747
2560 0 0 -0.001798
2565 0 0 -0.001790
2570 0 0 -0.001667
2575 0 0 -0.001450
2580 0 0 -0.001180
2585 0 0 -0.000899
2590 0 0 -0.000658
2595 0 0 -0.000510
2600 0 0 -0.000487
2605 0 0 -0.000541
2610 0 0 -0.000600
2615 0 0 -0.000612
2620 0 0 -0.000586
2625 0 0 -0.000550
2630 0 0 -0.000526
2635 0 0 -0.000527
2640 0 0 -0.000560
2645 0 0 -0.000628
2650 0 0 -0.000705
2655 0 0 -0.000760
2660 0 0 -0.000771
2665 0 0 -0.000753
2670 0 0 -0.000730
2675 0 0 -0.000720
2680 0 0 -0.000717
2685 0 0 -0.000710
2690 0 0 -0.000691
2695 0 0 -0.000673
2700 0 0 -0.000670
2705 0 0 -0.000692
2710 0 0 -0.000721
2715 0 0 -0.000730
2720 0 0 -0.000702
2725 0 0 -0.000654
2730 0 0 -0.000610
2735 0 0 -0.000590
2740 0 0 -0.000595
2745 0 0 -0.000620
2750 0 0 -0.000658
2755 0 0 -0.000686
2760 0 0 -0.000680
2765 0 0 -0.000634
2770 0 0 -0.000628
2775 0 0 -0.000760
2780 0 0 -0.001085
2785 0 0 -0.001481
2790 0 0 -0.001780
2795 0 0 -0.001863
2800 0 0 -0.001808
2805 0 0 -0.001740
2810 0 0 -0.001755
2815 0 0 -0.001825
2820 0 0 -0.001890
2825 0 0 -0.001905
2830 0 0 -0.001878
2835 0 0 -0.001830
2840 0 0 -0.001780
2845 0 0 -0.001745
2850 0 0 -0.001740
2855 0 0 -0.001765
2860 0 0 -0.001758
2865 0 0 -0.001640
2870 0 0 -0.001369
2875 0 0 -0.001044
2880 0 0 -0.000800
2885 0 0 -0.000731
2890 0 0 -0.000768
2895 0 0 -0.000800
2900 0 0 -0.000746
2905 0 0 -0.000636
2910 0 0 -0.000530
2915 0 0 -0.000473
2920 0 0 -0.000456
2925 0 0 -0.000460
2930 0 0 -0.000465
2935 0 0 -0.000464
2940 0 0 -0.000450
2945 0 0 -0.000421
2950 0 0 -0.000385
2955 0 0 -0.000350
2960 0 0 -0.000324
2965 0 0 -0.000305
2970 0 0 -0.000290
2975 0 0 -0.000275
2980 0 0 -0.000261
2985 0 0 -0.000250
2990 0 0 -0.000243
2995 0 0 -0.000240
3000 0 0 -0.000240
3005 0 0 -0.000242
3010 0 0 -0.000243
3015 0 0 -0.000240
3020 0 0 -0.000232
3025 0 0 -0.000224
3030 0 0 -0.000220
3035 0 0 -0.000225
3040 0 0 -0.000234
3045 0 0 -0.000240
3050 0 0 -0.000237
3055 0 0 -0.000229
3060 0 0 -0.000220
3065 0 0 -0.000214
3070 0 0 -0.000209
3075 0 0 -0.000200
3080 0 0 -0.000187
3085 0 0 -0.000180
3090 0 0 -0.000190
3095 0 0 -0.000226
3100 0 0 -0.000275
3105 0 0 -0.000320
3110 0 0 -0.000347
3115 0 0 -0.000354
3120 0 0 -0.000340
3125 0 0 -0.000309
3130 0 0 -0.000276
3135 0 0 -0.000260
3140 0 0 -0.000275
3145 0 0 -0.000307
3150 0 0 -0.000340
3155 0 0 -0.000358
3160 0 0 -0.000363
3165 0 0 -0.000360
3170 0 0 -0.000352
3175 0 0 -0.000342
3180 0 0 -0.000330
3185 0 0 -0.000318
3190 0 0 -0.000313
3195 0 0 -0.000320
3200 0 0 -0.000343
3205 0 0 -0.000371
3210 0 0 -0.000390
3215 0 0 -0.000390
3220 0 0 -0.000374
3225 0 0 -0.000350
3230 0 0 -0.000326
3235 0 0 -0.000310
3240 0 0 -0.000310
3245 0 0 -0.000334
3250 0 0 -0.000386
3255 0 0 -0.000470
3260 0 0 -0.000581
3265 0 0 -0.000675
3270 0 0 -0.000700
3275 0 0 -0.000623
3280 0 0 -0.000498
3285 0 0 -0.000400
3290 0 0 -0.000383
3295 0 0 -0.000425
3300 0 0 -0.000480
3305 0 0 -0.000514
3310 0 0 -0.000522
3315 0 0 -0.000510
3320 0 0 -0.000483
3325 0 0 -0.000452
3330 0 0 -0.000430
3335 0 0 -0.000424
3340 0 0 -0.000421
3345 0 0 -0.000400
3350 0 0 -0.000350
3355 0 0 -0.000288
3360 0 0 -0.000240
3365 0 0 -0.000223
3370 0 0 -0.000223
3375 0 0 -0.000220
3380 0 0 -0.000198
3385 0 0 -0.000169
3390 0 0 -0.000150
3395 0 0 -0.000154
3400 0 0 -0.000176
3405 0 0 -0.000210
3410 0 0 -0.000246
3415 0 0 -0.000270
3420 0 0 -0.000270
3425 0 0 -0.000238
3430 0 0 -0.000195
3435 0 0 -0.000170
3440 0 0 -0.000183
3445 0 0 -0.000218
3450 0 0 -0.000250
3455 0 0 -0.000259
3460 0 0 -0.000252
3465 0 0 -0.000240
3470 0 0 -0.000232
3475 0 0 -0.000230
3480 0 0 -0.000230
3485 0 0 -0.000231
3490 0 0 -0.000232
3495 0 0 -0.000230
3500 0 0 -0.000223
3505 0 0 -0.000208
3510 0 0 -0.000180
3515 0 0 -0.000144
3520 0 0 -0.000136
3525 0 0 -0.000200
3530 0 0 -0.000356
3535 0 0 -0.000534
3540 0 0 -0.000640
3545 0 0 -0.000611
3550 0 0 -0.000507
3555 0 0 -0.000420
3560 0 0 -0.000416
3565 0 0 -0.000462
3570 0 0 -0.000500
3575 0 0 -0.000489
3580 0 0 -0.000454
3585 0 0 -0.000440
3590 0 0 -0.000475
3595 0 0 -0.000535
3600 0 0 -0.000580
3605 0 0 -0.000583
3610 0 0 -0.000558
3615 0 0 -0.000530
3620 0 0 -0.000518
3625 0 0 -0.000523
3630 0 0 -0.000540
3635 0 0 -0.000562
3640 0 0 -0.000574
3645 0 0 -0.000560
3650 0 0 -0.000510
3655 0 0 -0.000446
3660 0 0 -0.000400
3665 0 0 -0.000393
3670 0 0 -0.000416
3675 0 0 -0.000450
3680 0 0 -0.000478
3685 0 0 -0.000491
3690 0 0 -0.000480
3695 0 0 -0.000444
3700 0 0 -0.000402
3705 0 0 -0.000380
3710 0 0 -0.000394
3715 0 0 -0.000429
3720 0 0 -0.000460
3725 0 0 -0.000469
3730 0 0 -0.000459
3735 0 0 -0.000440
3740 0 0 -0.000421
3745 0 0 -0.000409
3750 0 0 -0.000410
3755 0 0 -0.000428
3760 0 0 -0.000454
3765 0 0 -0.000480
3770 0 0 -0.000498
3775 0 0 -0.000512
3780 0 0 -0.000530
3785 0 0 -0.000557
3790 0 0 -0.000587
3795 0 0 -0.000610
3800 0 0 -0.000621
3805 0 0 -0.000622
3810 0 0 -0.000620
3815 0 0 -0.000615
3820 0 0 -0.000594
3825 0 0 -0.000540
3830 0 0 -0.000445
3835 0 0 -0.000343
3840 0 0 -0.000280
3845 0 0 -0.000285
3850 0 0 -0.000332
3855 0 0 -0.000380
3860 0 0 -0.000398
3865 0 0 -0.000392
3870 0 0 -0.000380
3875 0 0 -0.000372
3880 0 0 -0.000360
3885 0 0 -0.000330
3890 0 0 -0.000280
3895 0 0 -0.000252
3900 0 0 -0.000300
3905 0 0 -0.000461
3910 0 0 -0.000696
3915 0 0 -0.000950
3920 0 0 -0.001174
3925 0 0 -0.001345
3930 0 0 -0.001450
3935 0 0 -0.001475
3940 0 0 -0.001413
3945 0 0 -0.001260
3950 0 0 -0.001023
3955 0 0 -0.000764
3960 0 0 -0.000560
3965 0 0 -0.000465
3970 0 0 -0.000454
3975 0 0 -0.000480
3980 0 0 -0.000507
3985 0 0 -0.000529
3990 0 0 -0.000550
3995 0 0 -0.000572
4000 0 0 -0.000593
4005 0 0 -0.000610
4010 0 0 -0.000618
4015 0 0 -0.000610
4020 0 0 -0.000580
4025 0 0 -0.000528
4030 0 0 -0.000487
4035 0 0 -0.000500
4040 0 0 -0.000590
4045 0 0 -0.000711
4050 0 0 -0.000800
4055 0 0 -0.000813
4060 0 0 -0.000775
4065 0 0 -0.000730
4070 0 0 -0.000712
4075 0 0 -0.000712
4080 0 0 -0.000710
4085 0 0 -0.000691
4090 0 0 -0.000663
4095 0 0 -0.000640
4100 0 0 -0.000630
4105 0 0 -0.000622
4110 0 0 -0.000600
4115 0 0 -0.000556
4120 0 0 -0.000520
4125 0 0 -0.000530
4130 0 0 -0.000608
4135 0 0 -0.000707
4140 0 0 -0.000760
4145 0 0 -0.000723
4150 0 0 -0.000628
4155 0 0 -0.000530
4160 0 0 -0.000471
4165 0 0 -0.000459
4170 0 0 -0.000490
4175 0 0 -0.000557
4180 0 0 -0.000632
4185 0 0 -0.000680
4190 0 0 -0.000678
4195 0 0 -0.000643
4200 0 0 -0.000600
4205 0 0 -0.000569
4210 0 0 -0.000549
4215 0 0 -0.000530
4220 0 0 -0.000509
4225 0 0 -0.000500
4230 0 0 -0.000520
4235 0 0 -0.000578
4240 0 0 -0.000647
4245 0 0 -0.000690
4250 0 0 -0.000682
4255 0 0 -0.000642
4260 0 0 -0.000600
4265 0 0 -0.000579
4270 0 0 -0.000575
4275 0 0 -0.000580
4280 0 0 -0.000584
4285 0 0 -0.000580
4290 0 0 -0.000560
4295 0 0 -0.000523
4300 0 0 -0.000488
4305 0 0 -0.000480
4310 0 0 -0.000511
4315 0 0 -0.000549
4320 0 0 -0.000550
4325 0 0 -0.000486
4330 0 0 -0.000390
4335 0 0 -0.000310
4340 0 0 -0.000284
4345 0 0 -0.000311
4350 0 0 -0.000380
4355 0 0 -0.000475
4360 0 0 -0.000560
4365 0 0 -0.000590
4370 0 0 -0.000539
4375 0 0 -0.000437
4380 0 0 -0.000330
4385 0 0 -0.000255
4390 0 0 -0.000214
4395 0 0 -0.000200
4400 0 0 -0.000204
4405 0 0 -0.000218
4410 0 0 -0.000230
4415 0 0 -0.000233
4420 0 0 -0.000231
4425 0 0 -0.000230
4430 0 0 -0.000233
4435 0 0 -0.000238
4440 0 0 -0.000240
4445 0 0 -0.000235
4450 0 0 -0.000227
4455 0 0 -0.000220
4460 0 0 -0.000217
4465 0 0 -0.000213
4470 0 0 -0.000200
4475 0 0 -0.000174
4480 0 0 -0.000148
4485 0 0 -0.000140
4490 0 0 -0.000162
4495 0 0 -0.000198
4500 0 0 -0.000230
4505 0 0 -0.000240
4510 0 0 -0.000228
4515 0 0 -0.000200
4520 0 0 -0.000163
4525 0 0 -0.000138
4530 0 0 -0.000150
4535 0 0 -0.000212
4540 0 0 -0.000293
4545 0 0 -0.000350
4550 0 0 -0.000353
4555 0 0 -0.000320
4560 0 0 -0.000280
4565 0 0 -0.000257
4570 0 0 -0.000255
4575 0 0 -0.000270
4580 0 0 -0.000298
4585 0 0 -0.000324
4590 0 0 -0.000330
4595 0 0 -0.000304
4600 0 0 -0.000266
4605 0 0 -0.000240
4610 0 0 -0.000245
4615 0 0 -0.000271
4620 0 0 -0.000300
4625 0 0 -0.000317
4630 0 0 -0.000317
4635 0 0 -0.000300
4640 0 0 -0.000267
4645 0 0 -0.000237
4650 0 0 -0.000230
4655 0 0 -0.000260
4660 0 0 -0.000304
4665 0 0 -0.000330
4670 0 0 -0.000317
4675 0 0 -0.000281
4680 0 0 -0.000250
4685 0 0 -0.000245
4690 0 0 -0.000259
4695 0 0 -0.000280
4700 0 0 -0.000297
4705 0 0 -0.000302
4710 0 0 -0.000290
4715 0 0 -0.000259
4720 0 0 -0.000218
4725 0 0 -0.000180
4730 0 0 -0.000159
4735 0 0 -0.000175
4740 0 0 -0.000250
4745 0 0 -0.000389
4750 0 0 -0.000531
4755 0 0 -0.000600
4760 0 0 -0.000546
4765 0 0 -0.000430
4770 0 0 -0.000340
4775 0 0 -0.000339
4780 0 0 -0.000389
4785 0 0 -0.000430
4790 0 0 -0.000416
4795 0 0 -0.000364
4800 0 0 -0.000310
4805 0 0 -0.000281
4810 0 0 -0.000280
4815 0 0 -0.000300
4820 0 0 -0.000335
4825 0 0 -0.000365
4830 0 0 -0.000370
4835 0 0 -0.000336
4840 0 0 -0.000288
4845 0 0 -0.000260
4850 0 0 -0.000274
4855 0 0 -0.000306
4860 0 0 -0.000320
4865 0 0 -0.000296
4870 0 0 -0.000269
4875 0 0 -0.000290
4880 0 0 -0.000384
4885 0 0 -0.000472
4890 0 0 -0.000450
4895 0 0 -0.000275
4900 0 0 -0.000142
4905 0 0 -0.000310
4910 0 0 -0.000922
4915 0 0 -0.001675
4920 0 0 -0.002150
4925 0 0 -0.002059
4930 0 0 -0.001623
4935 0 0 -0.001190
4940 0 0 -0.001022
4945 0 0 -0.001028
4950 0 0 -0.001030
4955 0 0 -0.000897
4960 0 0 -0.000691
4965 0 0 -0.000520
4970 0 0 -0.000463
4975 0 0 -0.000475
4980 0 0 -0.000480
4985 0 0 -0.000425
4990 0 0 -0.000355
4995 0 0 -0.000340
5000 0 0 -0.000424
5005 0 0 -0.000555
5010 0 0 -0.000660
5015 0 0 -0.000683
5020 0 0 -0.000653
5025 0 0 -0.000620
5030 0 0 -0.000620
5035 0 0 -0.000638
5040 0 0 -0.000650
5045 0 0 -0.000636
5050 0 0 -0.000609
5055 0 0 -0.000590
5060 0 0 -0.000593
5065 0 0 -0.000601
5070 0 0 -0.000590
5075 0 0 -0.000545
5080 0 0 -0.000490
5085 0 0 -0.000460
5090 0 0 -0.000480
5095 0 0 -0.000537
5100 0 0 -0.000610
5105 0 0 -0.000682
5110 0 0 -0.000746
5115 0 0 -0.000800
5120 0 0 -0.000840
5125 0 0 -0.000857
5130 0 0 -0.000840
5135 0 0 -0.000782
5140 0 0 -0.000699
5145 0 0 -0.000610
5150 0 0 -0.000532
5155 0 0 -0.000470
5160 0 0 -0.000430
5165 0 0 -0.000411
5170 0 0 -0.000403
5175 0 0 -0.000390
5180 0 0 -0.000364
5185 0 0 -0.000336
5190 0 0 -0.000320
5195 0 0 -0.000327
5200 0 0 -0.000344
5205 0 0 -0.000350
5210 0 0 -0.000333
5215 0 0 -0.000304
5220 0 0 -0.000280
5225 0 0 -0.000274
5230 0 0 -0.000282
5235 0 0 -0.000300
5240 0 0 -0.000322
5245 0 0 -0.000353
5250 0 0 -0.000400
5255 0 0 -0.000462
5260 0 0 -0.000511
5265 0 0 -0.000510
5270 0 0 -0.000440
5275 0 0 -0.000344
5280 0 0 -0.000280
5285 0 0 -0.000292
5290 0 0 -0.000355
5295 0 0 -0.000430
5300 0 0 -0.000482
5305 0 0 -0.000498
5310 0 0 -0.000470
5315 0 0 -0.000403
5320 0 0 -0.000361
5325 0 0 -0.000420
5330 0 0 -0.000623
5335 0 0 -0.000878
5340 0 0 -0.001060
5345 0 0 -0.001078
5350 0 0 -0.000978
5355 0 0 -0.000840
5360 0 0 -0.000733
5365 0 0 -0.000687
5370 0 0 -0.000720
5375 0 0 -0.000840
5380 0 0 -0.001004
5385 0 0 -0.001160
5390 0 0 -0.001259
5395 0 0 -0.001278
5400 0 0 -0.001200
5405 0 0 -0.001025
5410 0 0 -0.000812
5415 0 0 -0.000640
5420 0 0 -0.000564
5425 0 0 -0.000562
5430 0 0 -0.000590
5435 0 0 -0.000616
5440 0 0 -0.000644
5445 0 0 -0.000690
5450 0 0 -0.000759
5455 0 0 -0.000824
5460 0 0 -0.000850
5465 0 0 -0.000815
5470 0 0 -0.000747
5475 0 0 -0.000690
5480 0 0 -0.000674
5485 0 0 -0.000686
5490 0 0 -0.000700
5495 0 0 -0.000699
5500 0 0 -0.000688
5505 0 0 -0.000680
5510 0 0 -0.000683
5515 0 0 -0.000690
5520 0 0 -0.000690
5525 0 0 -0.000676
5530 0 0 -0.000658
5535 0 0 -0.000650
5540 0 0 -0.000664
5545 0 0 -0.000698
5550 0 0 -0.000750
5555 0 0 -0.000812
5560 0 0 -0.000864
5565 0 0 -0.000880
5570 0 0 -0.000845
5575 0 0 -0.000787
5580 0 0 -0.000740
5585 0 0 -0.000732
5590 0 0 -0.000750
5595 0 0 -0.000770
5600 0 0 -0.000774
5605 0 0 -0.000765
5610 0 0 -0.000750
5615 0 0 -0.000736
5620 0 0 -0.000733
5625 0 0 -0.000750
5630 0 0 -0.000789
5635 0 0 -0.000829
5640 0 0 -0.000840
5645 0 0 -0.000802
5650 0 0 -0.000726
5655 0 0 -0.000630
5660 0 0 -0.000539
5665 0 0 -0.000503
5670 0 0 -0.000580
5675 0 0 -0.000793
5680 0 0 -0.001031
5685 0 0 -0.001150
5690 0 0 -0.001060
5695 0 0 -0.000885
5700 0 0 -0.000800
5705 0 0 -0.000920
5710 0 0 -0.001115
5715 0 0 -0.001190
5720 0 0 -0.001016
5725 0 0 -0.000709
5730 0 0 -0.000450
5735 0 0 -0.000372
5740 0 0 -0.000424
5745 0 0 -0.000510
5750 0 0 -0.000551
5755 0 0 -0.000543
5760 0 0 -0.000500
5765 0 0 -0.000438
5770 0 0 -0.000373
5775 0 0 -0.000320
5780 0 0 -0.000292
5785 0 0 -0.000285
5790 0 0 -0.000290
5795 0 0 -0.000299
5800 0 0 -0.000310
5805 0 0 -0.000320
5810 0 0 -0.000326
5815 0 0 -0.000324
5820 0 0 -0.000310
5825 0 0 -0.000282
5830 0 0 -0.000253
5835 0 0 -0.000240
5840 0 0 -0.000253
5845 0 0 -0.000280
5850 0 0 -0.000300
5855 0 0 -0.000301
5860 0 0 -0.000290
5865 0 0 -0.000280
5870 0 0 -0.000281
5875 0 0 -0.000289
5880 0 0 -0.000300
5885 0 0 -0.000308
5890 0 0 -0.000311
5895 0 0 -0.000310
5900 0 0 -0.000305
5905 0 0 -0.000295
5910 0 0 -0.000280
5915 0 0 -0.000263
5920 0 0 -0.000252
5925 0 0 -0.000260
5930 0 0 -0.000292
5935 0 0 -0.000335
5940 0 0 -0.000370
5945 0 0 -0.000381
5950 0 0 -0.000372
5955 0 0 -0.000350
5960 0 0 -0.000322
5965 0 0 -0.000298
5970 0 0 -0.000290
5975 0 0 -0.000305
5980 0 0 -0.000333
5985 0 0 -0.000360
5990 0 0 -0.000375
5995 0 0 -0.000378
6000 0 0 -0.000370
6005 0 0 -0.000354
6010 0 0 -0.000335
6015 0 0 -0.000320
6020 0 0 -0.000314
6025 0 0 -0.000317
6030 0 0 -0.000330
6035 0 0 -0.000350
6040 0 0 -0.000368
6045 0 0 -0.000370
6050 0 0 -0.000350
6055 0 0 -0.000321
6060 0 0 -0.000300
6065 0 0 -0.000300
6070 0 0 -0.000317
6075 0 0 -0.000340
6080 0 0 -0.000361
6085 0 0 -0.000372
6090 0 0 -0.000370
6095 0 0 -0.000350
6100 0 0 -0.000320
6105 0 0 -0.000290
6110 0 0 -0.000268
6115 0 0 -0.000260
6120 0 0 -0.000270
6125 0 0 -0.000299
6130 0 0 -0.000330
6135 0 0 -0.000340
6140 0 0 -0.000314
6145 0 0 -0.000266
6150 0 0 -0.000220
6155 0 0 -0.000192
6160 0 0 -0.000181
6165 0 0 -0.000180
6170 0 0 -0.000186
6175 0 0 -0.000204
6180 0 0 -0.000240
6185 0 0 -0.000297
6190 0 0 -0.000353
6195 0 0 -0.000380
6200 0 0 -0.000363
6205 0 0 -0.000333
6210 0 0 -0.000330
6215 0 0 -0.000381
6220 0 0 -0.000443
6225 0 0 -0.000460
6230 0 0 -0.000395
6235 0 0 -0.000303
6240 0 0 -0.000260
6245 0 0 -0.000318
6250 0 0 -0.000426
6255 0 0 -0.000510
6260 0 0 -0.000514
6265 0 0 -0.000463
6270 0 0 -0.000400
6275 0 0 -0.000362
6280 0 0 -0.000353
6285 0 0 -0.000370
6290 0 0 -0.000405
6295 0 0 -0.000436
6300 0 0 -0.000440
6305 0 0 -0.000405
6310 0 0 -0.000368
6315 0 0 -0.000380
6320 0 0 -0.000474
6325 0 0 -0.000610
6330 0 0 -0.000730
6335 0 0 -0.000787
6340 0 0 -0.000770
6345 0 0 -0.000680
6350 0 0 -0.000536
6355 0 0 -0.000436
6360 0 0 -0.000500
6365 0 0 -0.000800
6370 0 0 -0.001220
6375 0 0 -0.001600
6380 0 0 -0.001814
6385 0 0 -0.001879
6390 0 0 -0.001850
6395 0 0 -0.001777
6400 0 0 -0.001693
6405 0 0 -0.001630
6410 0 0 -0.001613
6415 0 0 -0.001646
6420 0 0 -0.001730
6425 0 0 -0.001854
6430 0 0 -0.001970
6435 0 0 -0.002020
6440 0 0 -0.001966
6445 0 0 -0.001849
6450 0 0 -0.001730
6455 0 0 -0.001659
6460 0 0 -0.001642
6465 0 0 -0.001670
6470 0 0 -0.001736
6475 0 0 -0.001828
6480 0 0 -0.001930
6485 0 0 -0.002021
6490 0 0 -0.002051
6495 0 0 -0.001960
6500 0 0 -0.001722
6505 0 0 -0.001430
6510 0 0 -0.001210
6515 0 0 -0.001155
6520 0 0 -0.001238
6525 0 0 -0.001400
6530 0 0 -0.001586
6535 0 0 -0.001755
6540 0 0 -0.001870
6545 0 0 -0.001903
6550 0 0 -0.001873
6555 0 0 -0.001810
6560 0 0 -0.001737
6565 0 0 -0.001661
6570 0 0 -0.001580
6575 0 0 -0.001490
6580 0 0 -0.001361
6585 0 0 -0.001160
6590 0 0 -0.000873
6595 0 0 -0.000572
6600 0 0 -0.000350
6605 0 0 -0.000271
6610 0 0 -0.000286
6615 0 0 -0.000320
6620 0 0 -0.000312
6625 0 0 -0.000274
6630 0 0 -0.000230
6635 0 0 -0.000204
6640 0 0 -0.000195
6645 0 0 -0.000200
6650 0 0 -0.000212
6655 0 0 -0.000223
6660 0 0 -0.000220
6665 0 0 -0.000200
6670 0 0 -0.000184
6675 0 0 -0.000200
6680 0 0 -0.000263
6685 0 0 -0.000344
6690 0 0 -0.000400
6695 0 0 -0.000402
6700 0 0 -0.000368
6705 0 0 -0.000330
6710 0 0 -0.000312
6715 0 0 -0.000304
6720 0 0 -0.000290
6725 0 0 -0.000260
6730 0 0 -0.000226
6735 0 0 -0.000210
6740 0 0 -0.000224
6745 0 0 -0.000254
6750 0 0 -0.000280
6755 0 0 -0.000287
6760 0 0 -0.000285
6765 0 0 -0.000290
6770 0 0 -0.000310
6775 0 0 -0.000319
6780 0 0 -0.000280
6785 0 0 -0.000188
6790 0 0 -0.000157
6795 0 0 -0.000330
6800 0 0 -0.000795
6805 0 0 -0.001415
6810 0 0 -0.002000
6815 0 0 -0.002403
6820 0 0 -0.002665
6825 0 0 -0.002870
6830 0 0 -0.003070
6835 0 0 -0.003172
6840 0 0 -0.003050
6845 0 0 -0.002636
6850 0 0 -0.002099
6855 0 0 -0.001670
6860 0 0 -0.001515
6865 0 0 -0.001553
6870 0 0 -0.001640
6875 0 0 -0.001665
6880 0 0 -0.001645
6885 0 0 -0.001630
6890 0 0 -0.001649
6895 0 0 -0.001640
6900 0 0 -0.001520
6905 0 0 -0.001243
6910 0 0 -0.000905
6915 0 0 -0.000640
6920 0 0 -0.000543
6925 0 0 -0.000561
6930 0 0 -0.000600
6935 0 0 -0.000593
6940 0 0 -0.000561
6945 0 0 -0.000550
6950 0 0 -0.000591
6955 0 0 -0.000655
6960 0 0 -0.000700
6965 0 0 -0.000696
6970 0 0 -0.000663
6975 0 0 -0.000630
6980 0 0 -0.000622
6985 0 0 -0.000633
6990 0 0 -0.000650
6995 0 0 -0.000661
7000 0 0 -0.000667
7005 0 0 -0.000670
7010 0 0 -0.000671
7015 0 0 -0.000669
7020 0 0 -0.000660
7025 0 0 -0.000645
7030 0 0 -0.000637
7035 0 0 -0.000650
7040 0 0 -0.000692
7045 0 0 -0.000739
7050 0 0 -0.000760
7055 0 0 -0.000735
7060 0 0 -0.000684
7065 0 0 -0.000640
7070 0 0 -0.000626
7075 0 0 -0.000637
7080 0 0 -0.000660
7085 0 0 -0.000681
7090 0 0 -0.000684
7095 0 0 -0.000650
7100 0 0 -0.000579
7105 0 0 -0.000542
7110 0 0 -0.000630
7115 0 0 -0.000895
7120 0 0 -0.001242
7125 0 0 -0.001540
7130 0 0 -0.001686
7135 0 0 -0.001693
7140 0 0 -0.001600
7145 0 0 -0.001454
7150 0 0 -0.001328
7155 0 0 -0.001300
7160 0 0 -0.001418
7165 0 0 -0.001607
7170 0 0 -0.001760
7175 0 0 -0.001798
7180 0 0 -0.001754
7185 0 0 -0.001690
7190 0 0 -0.001653
7195 0 0 -0.001637
7200 0 0 -0.001620
7205 0 0 -0.001590
7210 0 0 -0.001562
7215 0 0 -0.001560
7220 0 0 -0.001587
7225 0 0 -0.001569
7230 0 0 -0.001410
7235 0 0 -0.001059
7240 0 0 -0.000638
7245 0 0 -0.000310
7250 0 0 -0.000193
7255 0 0 -0.000218
7260 0 0 -0.000270
7265 0 0 -0.000260
7270 0 0 -0.000210
7275 0 0 -0.000170
7280 0 0 -0.000177
7285 0 0 -0.000214
7290 0 0 -0.000250
7295 0 0 -0.000261
7300 0 0 -0.000253
7305 0 0 -0.000240
7310 0 0 -0.000231
7315 0 0 -0.000229
7320 0 0 -0.000230
7325 0 0 -0.000234
7330 0 0 -0.000238
7335 0 0 -0.000240
7340 0 0 -0.000238
7345 0 0 -0.000234
7350 0 0 -0.000230
7355 0 0 -0.000228
7360 0 0 -0.000228
7365 0 0 -0.000230
7370 0 0 -0.000235
7375 0 0 -0.000247
7380 0 0 -0.000270
7385 0 0 -0.000304
7390 0 0 -0.000333
7395 0 0 -0.000340
7400 0 0 -0.000314
7405 0 0 -0.000274
7410 0 0 -0.000250
7415 0 0 -0.000261
7420 0 0 -0.000292
7425 0 0 -0.000320
7430 0 0 -0.000328
7435 0 0 -0.000325
7440 0 0 -0.000330
7445 0 0 -0.000354
7450 0 0 -0.000388
7455 0 0 -0.000420
7460 0 0 -0.000440
7465 0 0 -0.000451
7470 0 0 -0.000460
7475 0 0 -0.000470
7480 0 0 -0.000473
7485 0 0 -0.000460
7490 0 0 -0.000426
7495 0 0 -0.000383
7500 0 0 -0.000350
7505 0 0 -0.000338
7510 0 0 -0.000334
7515 0 0 -0.000320
7520 0 0 -0.000285
7525 0 0 -0.000244
7530 0 0 -0.000220
7535 0 0 -0.000229
7540 0 0 -0.000259
7545 0 0 -0.000290
7550 0 0 -0.000306
7555 0 0 -0.000308
7560 0 0 -0.000300
7565 0 0 -0.000287
7570 0 0 -0.000273
7575 0 0 -0.000260
7580 0 0 -0.000251
7585 0 0 -0.000247
7590 0 0 -0.000250
7595 0 0 -0.000259
7600 0 0 -0.000266
7605 0 0 -0.000260
7610 0 0 -0.000235
7615 0 0 -0.000199
7620 0 0 -0.000160
7625 0 0 -0.000130
7630 0 0 -0.000122
7635 0 0 -0.000150
7640 0 0 -0.000219
7645 0 0 -0.000306
7650 0 0 -0.000380
7655 0 0 -0.000417
7660 0 0 -0.000420
7665 0 0 -0.000400
7670 0 0 -0.000368
7675 0 0 -0.000342
7680 0 0 -0.000340
7685 0 0 -0.000375
7690 0 0 -0.000430
7695 0 0 -0.000480
7700 0 0 -0.000506
7705 0 0 -0.000506
7710 0 0 -0.000480
7715 0 0 -0.000432
7720 0 0 -0.000372
7725 0 0 -0.000310
7730 0 0 -0.000255
7735 0 0 -0.000211
7740 0 0 -0.000180
7745 0 0 -0.000162
7750 0 0 -0.000159
7755 0 0 -0.000170
7760 0 0 -0.000193
7765 0 0 -0.000218
7770 0 0 -0.000230
7775 0 0 -0.000221
7780 0 0 -0.000203
7785 0 0 -0.000190
7790 0 0 -0.000195
7795 0 0 -0.000209
7800 0 0 -0.000220
7805 0 0 -0.000219
7810 0 0 -0.000215
7815 0 0 -0.000220
7820 0 0 -0.000242
7825 0 0 -0.000275
7830 0 0 -0.000310
7835 0 0 -0.000339
7840 0 0 -0.000359
7845 0 0 -0.000370
7850 0 0 -0.000372
7855 0 0 -0.000370
7860 0 0 -0.000370
7865 0 0 -0.000375
7870 0 0 -0.000376
7875 0 0 -0.000360
7880 0 0 -0.000326
7885 0 0 -0.000310
7890 0 0 -0.000360
7895 0 0 -0.000507
7900 0 0 -0.000724
7905 0 0 -0.000970
7910 0 0 -0.001206
7915 0 0 -0.001399
7920 0 0 -0.001520
7925 0 0 -0.001544
7930 0 0 -0.001464
7935 0 0 -0.001280
7940 0 0 -0.001004
7945 0 0 -0.000708
7950 0 0 -0.000480
7955 0 0 -0.000381
7960 0 0 -0.000375
7965 0 0 -0.000400
7970 0 0 -0.000407
7975 0 0 -0.000397
7980 0 0 -0.000380
7985 0 0 -0.000366
7990 0 0 -0.000354
7995 0 0 -0.000340
8000 0 0 -0.000321
8005 0 0 -0.000305
8010 0 0 -0.000300
8015 0 0 -0.000312
8020 0 0 -0.000335
8025 0 0 -0.000360
8030 0 0 -0.000378
8035 0 0 -0.000386
8040 0 0 -0.000380
8045 0 0 -0.000359
8050 0 0 -0.000328
8055 0 0 -0.000290
8060 0 0 -0.000257
8065 0 0 -0.000262
8070 0 0 -0.000340
8075 0 0 -0.000514
8080 0 0 -0.000740
8085 0 0 -0.000960
8090 0 0 -0.001125
8095 0 0 -0.001233
8100 0 0 -0.001290
8105 0 0 -0.001308
8110 0 0 -0.001307
8115 0 0 -0.001310
8120 0 0 -0.001335
8125 0 0 -0.001373
8130 0 0 -0.001410
8135 0 0 -0.001431
8140 0 0 -0.001428
8145 0 0 -0.001390
8150 0 0 -0.001318
8155 0 0 -0.001239
8160 0 0 -0.001190
8165 0 0 -0.001194
8170 0 0 -0.001219
8175 0 0 -0.001220
8180 0 0 -0.001164
8185 0 0 -0.001063
8190 0 0 -0.000940
8195 0 0 -0.000814
8200 0 0 -0.000687
8205 0 0 -0.000560
8210 0 0 -0.000439
8215 0 0 -0.000369
8220 0 0 -0.000400
8225 0 0 -0.000556
8230 0 0 -0.000744
8235 0 0 -0.000840
8240 0 0 -0.000761
8245 0 0 -0.000582
8250 0 0 -0.000420
8255 0 0 -0.000362
8260 0 0 -0.000391
8265 0 0 -0.000460
8270 0 0 -0.000530
8275 0 0 -0.000576
8280 0 0 -0.000580
8285 0 0 -0.000532
8290 0 0 -0.000462
8295 0 0 -0.000410
8300 0 0 -0.000406
8305 0 0 -0.000437
8310 0 0 -0.000480
8315 0 0 -0.000515
8320 0 0 -0.000537
8325 0 0 -0.000540
8330 0 0 -0.000526
8335 0 0 -0.000507
8340 0 0 -0.000500
8345 0 0 -0.000517
8350 0 0 -0.000549
8355 0 0 -0.000580
8360 0 0 -0.000599
8365 0 0 -0.000605
8370 0 0 -0.000600
8375 0 0 -0.000589
8380 0 0 -0.000592
8385 0 0 -0.000630
8390 0 0 -0.000714
8395 0 0 -0.000802
8400 0 0 -0.000840
8405 0 0 -0.000793
8410 0 0 -0.000697
8415 0 0 -0.000610
8420 0 0 -0.000573
8425 0 0 -0.000580
8430 0 0 -0.000610
8435 0 0 -0.000645
8440 0 0 -0.000677
8445 0 0 -0.000700
8450 0 0 -0.000711
8455 0 0 -0.000713
8460 0 0 -0.000710
8465 0 0 -0.000707
8470 0 0 -0.000707
8475 0 0 -0.000710
8480 0 0 -0.000717
8485 0 0 -0.000723
8490 0 0 -0.000720
8495 0 0 -0.000705
8500 0 0 -0.000684
8505 0 0 -0.000670
8510 0 0 -0.000669
8515 0 0 -0.000676
8520 0 0 -0.000680
8525 0 0 -0.000676
8530 0 0 -0.000669
8535 0 0 -0.000670
8540 0 0 -0.000681
8545 0 0 -0.000686
8550 0 0 -0.000660
8555 0 0 -0.000594
8560 0 0 -0.000526
8565 0 0 -0.000510
8570 0 0 -0.000576
8575 0 0 -0.000670
8580 0 0 -0.000720
8585 0 0 -0.000678
8590 0 0 -0.000605
8595 0 0 -0.000590
8600 0 0 -0.000688
8605 0 0 -0.000819
8610 0 0 -0.000870
8615 0 0 -0.000767
8620 0 0 -0.000588
8625 0 0 -0.000450
8630 0 0 -0.000437
8635 0 0 -0.000503
8640 0 0 -0.000570
8645 0 0 -0.000577
8650 0 0 -0.000539
8655 0 0 -0.000490
8660 0 0 -0.000456
8665 0 0 -0.000435
8670 0 0 -0.000420
8675 0 0 -0.000405
8680 0 0 -0.000401
8685 0 0 -0.000420
8690 0 0 -0.000467
8695 0 0 -0.000511
8700 0 0 -0.000510
8705 0 0 -0.000439
8710 0 0 -0.000340
8715 0 0 -0.000270
8720 0 0 -0.000269
8725 0 0 -0.000308
8730 0 0 -0.000340
8735 0 0 -0.000334
8740 0 0 -0.000317
8745 0 0 -0.000330
8750 0 0 -0.000400
8755 0 0 -0.000493
8760 0 0 -0.000560
8765 0 0 -0.000566
8770 0 0 -0.000532
8775 0 0 -0.000490
8780 0 0 -0.000466
8785 0 0 -0.000454
8790 0 0 -0.000440
8795 0 0 -0.000413
8800 0 0 -0.000377
8805 0 0 -0.000340
8810 0 0 -0.000308
8815 0 0 -0.000287
8820 0 0 -0.000280
8825 0 0 -0.000290
8830 0 0 -0.000307
8835 0 0 -0.000320
8840 0 0 -0.000319
8845 0 0 -0.000310
8850 0 0 -0.000300
8855 0 0 -0.000297
8860 0 0 -0.000300
8865 0 0 -0.000310
8870 0 0 -0.000323
8875 0 0 -0.000330
8880 0 0 -0.000320
8885 0 0 -0.000287
8890 0 0 -0.000252
8895 0 0 -0.000240
8900 0 0 -0.000267
8905 0 0 -0.000311
8910 0 0 -0.000340
8915 0 0 -0.000332
8920 0 0 -0.000300
8925 0 0 -0.000270
8930 0 0 -0.000259
8935 0 0 -0.000268
8940 0 0 -0.000290
8945 0 0 -0.000319
8950 0 0 -0.000344
8955 0 0 -0.000350
8960 0 0 -0.000330
8965 0 0 -0.000300
8970 0 0 -0.000280
8975 0 0 -0.000285
8980 0 0 -0.000306
8985 0 0 -0.000330
8990 0 0 -0.000344
8995 0 0 -0.000345
9000 0 0 -0.000330
9005 0 0 -0.000301
9010 0 0 -0.000273
9015 0 0 -0.000260
9020 0 0 -0.000274
9025 0 0 -0.000295
9030 0 0 -0.000300
9035 0 0 -0.000271
9040 0 0 -0.000226
9045 0 0 -0.000190
9050 0 0 -0.000182
9055 0 0 -0.000197
9060 0 0 -0.000220
9065 0 0 -0.000241
9070 0 0 -0.000250
9075 0 0 -0.000240
9080 0 0 -0.000209
9085 0 0 -0.000177
9090 0 0 -0.000170
9095 0 0 -0.000205
9100 0 0 -0.000254
9105 0 0 -0.000280
9110 0 0 -0.000259
9115 0 0 -0.000214
9120 0 0 -0.000180
9125 0 0 -0.000184
9130 0 0 -0.000215
9135 0 0 -0.000250
9140 0 0 -0.000272
9145 0 0 -0.000278
9150 0 0 -0.000270
9155 0 0 -0.000252
9160 0 0 -0.000236
9165 0 0 -0.000240
9170 0 0 -0.000271
9175 0 0 -0.000310
9180 0 0 -0.000330
9185 0 0 -0.000313
9190 0 0 -0.000280
9195 0 0 -0.000260
9200 0 0 -0.000275
9205 0 0 -0.000309
9210 0 0 -0.000340
9215 0 0 -0.000349
9220 0 0 -0.000337
9225 0 0 -0.000310
9230 0 0 -0.000277
9235 0 0 -0.000266
9240 0 0 -0.000310
9245 0 0 -0.000422
9250 0 0 -0.000547
9255 0 0 -0.000610
9260 0 0 -0.000561
9265 0 0 -0.000447
9270 0 0 -0.000340
9275 0 0 -0.000294
9280 0 0 -0.000300
9285 0 0 -0.000330
9290 0 0 -0.000362
9295 0 0 -0.000385
9300 0 0 -0.000390
9305 0 0 -0.000373
9310 0 0 -0.000345
9315 0 0 -0.000320
9320 0 0 -0.000312
9325 0 0 -0.000332
9330 0 0 -0.000390
9335 0 0 -0.000485
9340 0 0 -0.000578
9345 0 0 -0.000620
9350 0 0 -0.000578
9355 0 0 -0.000487
9360 0 0 -0.000400
9365 0 0 -0.000357
9370 0 0 -0.000355
9375 0 0 -0.000380
9380 0 0 -0.000419
9385 0 0 -0.000457
9390 0 0 -0.000480
9395 0 0 -0.000479
9400 0 0 -0.000466
9405 0 0 -0.000460
9410 0 0 -0.000472
9415 0 0 -0.000493
9420 0 0 -0.000510
9425 0 0 -0.000511
9430 0 0 -0.000499
9435 0 0 -0.000480
9440 0 0 -0.000460
9445 0 0 -0.000443
9450 0 0 -0.000430
9455 0 0 -0.000426
9460 0 0 -0.000441
9465 0 0 -0.000490
9470 0 0 -0.000574
9475 0 0 -0.000654
9480 0 0 -0.000680
9485 0 0 -0.000621
9490 0 0 -0.000517
9495 0 0 -0.000430
9500 0 0 -0.000402
9505 0 0 -0.000417
9510 0 0 -0.000440
9515 0 0 -0.000446
9520 0 0 -0.000439
9525 0 0 -0.000430
9530 0 0 -0.000430
9535 0 0 -0.000440
9540 0 0 -0.000460
9545 0 0 -0.000487
9550 0 0 -0.000511
9555 0 0 -0.000520
9560 0 0 -0.000506
9565 0 0 -0.000478
9570 0 0 -0.000450
9575 0 0 -0.000434
9580 0 0 -0.000431
9585 0 0 -0.000440
9590 0 0 -0.000457
9595 0 0 -0.000474
9600 0 0 -0.000480
9605 0 0 -0.000471
9610 0 0 -0.000458
9615 0 0 -0.000460
9620 0 0 -0.000484
9625 0 0 -0.000506
9630 0 0 -0.000490
9635 0 0 -0.000423
9640 0 0 -0.000369
9645 0 0 -0.000410
9650 0 0 -0.000604
9655 0 0 -0.000908
9660 0 0 -0.001250
9665 0 0 -0.001568
9670 0 0 -0.001825
9675 0 0 -0.001990
9680 0 0 -0.002041
9685 0 0 -0.001998
9690 0 0 -0.001890
9695 0 0 -0.001740
9700 0 0 -0.001548
9705 0 0 -0.001310
9710 0 0 -0.001032
9715 0 0 -0.000769
9720 0 0 -0.000590
9725 0 0 -0.000539
9730 0 0 -0.000569
9735 0 0 -0.000610
9740 0 0 -0.000610
9745 0 0 -0.000583
9750 0 0 -0.000560
9755 0 0 -0.000566
9760 0 0 -0.000596
9765 0 0 -0.000640
9770 0 0 -0.000686
9775 0 0 -0.000725
9780 0 0 -0.000750
9785 0 0 -0.000755
9790 0 0 -0.000749
9795 0 0 -0.000740
9800 0 0 -0.000738
9805 0 0 -0.000739
9810 0 0 -0.000740
9815 0 0 -0.000737
9820 0 0 -0.000735
9825 0 0 -0.000740
9830 0 0 -0.000758
9835 0 0 -0.000786
9840 0 0 -0.000820
9845 0 0 -0.000854
9850 0 0 -0.000881
9855 0 0 -0.000890
9860 0 0 -0.000877
9865 0 0 -0.000847
9870 0 0 -0.000810
9875 0 0 -0.000775
9880 0 0 -0.000747
9885 0 0 -0.000730
9890 0 0 -0.000727
9895 0 0 -0.000735
9900 0 0 -0.000750
9905 0 0 -0.000769
9910 0 0 -0.000786
9915 0 0 -0.000800
9920 0 0 -0.000805
9925 0 0 -0.000800
9930 0 0 -0.000780
9935 0 0 -0.000747
9940 0 0 -0.000717
9945 0 0 -0.000710
9950 0 0 -0.000738
9955 0 0 -0.000783
9960 0 0 -0.000820
9965 0 0 -0.000827
9970 0 0 -0.000800
9975 0 0 -0.000740
9980 0 0 -0.000651
9985 0 0 -0.000555
9990 0 0 -0.000480
9995 0 0 -0.000445
10000 0 0 -0.000436
10005 0 0 -0.000430
10010 0 0 -0.000411
10015 0 0 -0.000389
10020 0 0 -0.000380
10025 0 0 -0.000395
10030 0 0 -0.000423
10035 0 0 -0.000450
10040 0 0 -0.000463
10045 0 0 -0.000464
10050 0 0 -0.000460
10055 0 0 -0.000455
10060 0 0 -0.000452
10065 0 0 -0.000450
10070 0 0 -0.000450
10075 0 0 -0.000453
