0 0 0 -0.000346
5 0 0 -0.000228
10 0 0 -0.000198
15 0 0 -0.000230
20 0 0 -0.000294
25 0 0 -0.000360
30 0 0 -0.000402
35 0 0 -0.000399
40 0 0 -0.000371
45 0 0 -0.000346
50 0 0 -0.000347
55 0 0 -0.000370
60 0 0 -0.000404
65 0 0 -0.000437
70 0 0 -0.000445
75 0 0 -0.000404
80 0 0 -0.000303
85 0 0 -0.000186
90 0 0 -0.000114
95 0 0 -0.000125
100 0 0 -0.000183
105 0 0 -0.000230
110 0 0 -0.000226
115 0 0 -0.000194
120 0 0 -0.000172
125 0 0 -0.000187
130 0 0 -0.000218
135 0 0 -0.000230
140 0 0 -0.000201
145 0 0 -0.000152
150 0 0 -0.000114
155 0 0 -0.000112
160 0 0 -0.000137
165 0 0 -0.000172
170 0 0 -0.000202
175 0 0 -0.000222
180 0 0 -0.000230
185 0 0 -0.000224
190 0 0 -0.000205
195 0 0 -0.000172
200 0 0 -0.000131
205 0 0 -0.000104
210 0 0 -0.000116
215 0 0 -0.000180
220 0 0 -0.000255
225 0 0 -0.000288
230 0 0 -0.000244
235 0 0 -0.000165
240 0 0 -0.000116
245 0 0 -0.000138
250 0 0 -0.000195
255 0 0 -0.000230
260 0 0 -0.000205
265 0 0 -0.000150
270 0 0 -0.000116
275 0 0 -0.000137
280 0 0 -0.000188
285 0 0 -0.000232
290 0 0 -0.000238
295 0 0 -0.000214
300 0 0 -0.000174
305 0 0 -0.000135
310 0 0 -0.000110
315 0 0 -0.000114
320 0 0 -0.000152
325 0 0 -0.000202
330 0 0 -0.000232
335 0 0 -0.000222
340 0 0 -0.000192
345 0 0 -0.000172
350 0 0 -0.000184
355 0 0 -0.000212
360 0 0 -0.000230
365 0 0 -0.000221
370 0 0 -0.000195
375 0 0 -0.000172
380 0 0 -0.000165
385 0 0 -0.000169
390 0 0 -0.000172
395 0 0 -0.000168
400 0 0 -0.000165
405 0 0 -0.000172
410 0 0 -0.000195
415 0 0 -0.000221
420 0 0 -0.000230
425 0 0 -0.000209
430 0 0 -0.000167
435 0 0 -0.000114
440 0 0 -0.000066
445 0 0 -0.000041
450 0 0 -0.000058
455 0 0 -0.000128
460 0 0 -0.000218
465 0 0 -0.000288
470 0 0 -0.000305
475 0 0 -0.000279
480 0 0 -0.000230
485 0 0 -0.000177
490 0 0 -0.000134
495 0 0 -0.000114
500 0 0 -0.000125
505 0 0 -0.000152
510 0 0 -0.000172
515 0 0 -0.000174
520 0 0 -0.000183
525 0 0 -0.000230
530 0 0 -0.000334
535 0 0 -0.000450
540 0 0 -0.000518
545 0 0 -0.000496
550 0 0 -0.000421
555 0 0 -0.000346
560 0 0 -0.000315
565 0 0 -0.000321
570 0 0 -0.000346
575 0 0 -0.000370
580 0 0 -0.000376
585 0 0 -0.000344
590 0 0 -0.000269
595 0 0 -0.000194
600 0 0 -0.000172
605 0 0 -0.000237
610 0 0 -0.000338
615 0 0 -0.000402
620 0 0 -0.000385
625 0 0 -0.000354
630 0 0 -0.000404
635 0 0 -0.000599
640 0 0 -0.000879
645 0 0 -0.001154
650 0 0 -0.001349
655 0 0 -0.001445
660 0 0 -0.001438
665 0 0 -0.001330
670 0 0 -0.001147
675 0 0 -0.000922
680 0 0 -0.000689
685 0 0 -0.000499
690 0 0 -0.000404
695 0 0 -0.000433
700 0 0 -0.000521
705 0 0 -0.000576
710 0 0 -0.000535
715 0 0 -0.000436
720 0 0 -0.000344
725 0 0 -0.000306
730 0 0 -0.000301
735 0 0 -0.000288
740 0 0 -0.000242
745 0 0 -0.000190
750 0 0 -0.000174
755 0 0 -0.000220
760 0 0 -0.000294
765 0 0 -0.000346
770 0 0 -0.000339
775 0 0 -0.000290
780 0 0 -0.000230
785 0 0 -0.000186
790 0 0 -0.000166
795 0 0 -0.000172
800 0 0 -0.000204
805 0 0 -0.000249
810 0 0 -0.000288
815 0 0 -0.000307
820 0 0 -0.000306
825 0 0 -0.000288
830 0 0 -0.000258
835 0 0 -0.000232
840 0 0 -0.000230
845 0 0 -0.000264
850 0 0 -0.000312
855 0 0 -0.000346
860 0 0 -0.000345
865 0 0 -0.000320
870 0 0 -0.000288
875 0 0 -0.000264
880 0 0 -0.000247
885 0 0 -0.000230
890 0 0 -0.000212
895 0 0 -0.000206
900 0 0 -0.000232
905 0 0 -0.000297
910 0 0 -0.000369
915 0 0 -0.000404
920 0 0 -0.000372
925 0 0 -0.000301
930 0 0 -0.000230
935 0 0 -0.000193
940 0 0 -0.000194
945 0 0 -0.000230
950 0 0 -0.000293
955 0 0 -0.000361
960 0 0 -0.000404
965 0 0 -0.000404
970 0 0 -0.000377
975 0 0 -0.000346
980 0 0 -0.000335
985 0 0 -0.000366
990 0 0 -0.000460
995 0 0 -0.000628
1000 0 0 -0.000836
1005 0 0 -0.001036
1010 0 0 -0.001185
1015 0 0 -0.001253
1020 0 0 -0.001210
1025 0 0 -0.001048
1030 0 0 -0.000828
1035 0 0 -0.000632
1040 0 0 -0.000525
1045 0 0 -0.000510
1050 0 0 -0.000576
1055 0 0 -0.000703
1060 0 0 -0.000838
1065 0 0 -0.000922
1070 0 0 -0.000913
1075 0 0 -0.000839
1080 0 0 -0.000748
1085 0 0 -0.000678
1090 0 0 -0.000640
1095 0 0 -0.000634
1100 0 0 -0.000660
1105 0 0 -0.000704
1110 0 0 -0.000748
1115 0 0 -0.000783
1120 0 0 -0.000831
1125 0 0 -0.000922
1130 0 0 -0.001070
1135 0 0 -0.001226
1140 0 0 -0.001324
1145 0 0 -0.001316
1150 0 0 -0.001226
1155 0 0 -0.001094
1160 0 0 -0.000959
1165 0 0 -0.000853
1170 0 0 -0.000808
1175 0 0 -0.000844
1180 0 0 -0.000933
1185 0 0 -0.001036
1190 0 0 -0.001131
1195 0 0 -0.001264
1200 0 0 -0.001496
1205 0 0 -0.001855
1210 0 0 -0.002231
1215 0 0 -0.002476
1220 0 0 -0.002486
1225 0 0 -0.002319
1230 0 0 -0.002072
1235 0 0 -0.001834
1240 0 0 -0.001649
1245 0 0 -0.001554
1250 0 0 -0.001567
1255 0 0 -0.001645
1260 0 0 -0.001728
1265 0 0 -0.001762
1270 0 0 -0.001714
1275 0 0 -0.001554
1280 0 0 -0.001276
1285 0 0 -0.000955
1290 0 0 -0.000690
1295 0 0 -0.000553
1300 0 0 -0.000514
1305 0 0 -0.000518
1310 0 0 -0.000518
1315 0 0 -0.000501
1320 0 0 -0.000462
1325 0 0 -0.000404
1330 0 0 -0.000353
1335 0 0 -0.000346
1340 0 0 -0.000401
1345 0 0 -0.000477
1350 0 0 -0.000518
1355 0 0 -0.000486
1360 0 0 -0.000413
1365 0 0 -0.000346
1370 0 0 -0.000323
1375 0 0 -0.000330
1380 0 0 -0.000344
1385 0 0 -0.000345
1390 0 0 -0.000341
1395 0 0 -0.000346
1400 0 0 -0.000367
1405 0 0 -0.000392
1410 0 0 -0.000402
1415 0 0 -0.000386
1420 0 0 -0.000359
1425 0 0 -0.000346
1430 0 0 -0.000361
1435 0 0 -0.000389
1440 0 0 -0.000404
1445 0 0 -0.000390
1450 0 0 -0.000363
1455 0 0 -0.000346
1460 0 0 -0.000356
1465 0 0 -0.000382
1470 0 0 -0.000402
1475 0 0 -0.000404
1480 0 0 -0.000398
1485 0 0 -0.000402
1490 0 0 -0.000425
1495 0 0 -0.000453
1500 0 0 -0.000462
1505 0 0 -0.000438
1510 0 0 -0.000394
1515 0 0 -0.000346
1520 0 0 -0.000313
1525 0 0 -0.000309
1530 0 0 -0.000346
1535 0 0 -0.000428
1540 0 0 -0.000520
1545 0 0 -0.000576
1550 0 0 -0.000563
1555 0 0 -0.000497
1560 0 0 -0.000404
1565 0 0 -0.000310
1570 0 0 -0.000229
1575 0 0 -0.000172
1580 0 0 -0.000147
1585 0 0 -0.000150
1590 0 0 -0.000172
1595 0 0 -0.000203
1600 0 0 -0.000228
1605 0 0 -0.000230
1610 0 0 -0.000198
1615 0 0 -0.000151
1620 0 0 -0.000114
1625 0 0 -0.000106
1630 0 0 -0.000127
1635 0 0 -0.000172
1640 0 0 -0.000231
1645 0 0 -0.000279
1650 0 0 -0.000288
1655 0 0 -0.000242
1660 0 0 -0.000171
1665 0 0 -0.000116
1670 0 0 -0.000109
1675 0 0 -0.000136
1680 0 0 -0.000172
1685 0 0 -0.000199
1690 0 0 -0.000216
1695 0 0 -0.000230
1700 0 0 -0.000243
1705 0 0 -0.000247
1710 0 0 -0.000230
1715 0 0 -0.000187
1720 0 0 -0.000140
1725 0 0 -0.000116
1730 0 0 -0.000136
1735 0 0 -0.000182
1740 0 0 -0.000232
1745 0 0 -0.000262
1750 0 0 -0.000264
1755 0 0 -0.000230
1760 0 0 -0.000161
1765 0 0 -0.000091
1770 0 0 -0.000060
1775 0 0 -0.000095
1780 0 0 -0.000166
1785 0 0 -0.000232
1790 0 0 -0.000258
1795 0 0 -0.000252
1800 0 0 -0.000230
1805 0 0 -0.000206
1810 0 0 -0.000186
1815 0 0 -0.000174
1820 0 0 -0.000173
1825 0 0 -0.000175
1830 0 0 -0.000172
1835 0 0 -0.000162
1840 0 0 -0.000170
1845 0 0 -0.000230
1850 0 0 -0.000359
1855 0 0 -0.000513
1860 0 0 -0.000634
1865 0 0 -0.000676
1870 0 0 -0.000649
1875 0 0 -0.000576
1880 0 0 -0.000480
1885 0 0 -0.000393
1890 0 0 -0.000346
1895 0 0 -0.000358
1900 0 0 -0.000393
1905 0 0 -0.000404
1910 0 0 -0.000357
1915 0 0 -0.000284
1920 0 0 -0.000232
1925 0 0 -0.000233
1930 0 0 -0.000264
1935 0 0 -0.000288
1940 0 0 -0.000277
1945 0 0 -0.000249
1950 0 0 -0.000230
1955 0 0 -0.000241
1960 0 0 -0.000267
1965 0 0 -0.000288
1970 0 0 -0.000288
1975 0 0 -0.000282
1980 0 0 -0.000288
1985 0 0 -0.000319
1990 0 0 -0.000350
1995 0 0 -0.000346
2000 0 0 -0.000288
2005 0 0 -0.000213
2010 0 0 -0.000172
2015 0 0 -0.000201
2020 0 0 -0.000273
2025 0 0 -0.000346
2030 0 0 -0.000384
2035 0 0 -0.000383
2040 0 0 -0.000346
2045 0 0 -0.000280
2050 0 0 -0.000212
2055 0 0 -0.000172
2060 0 0 -0.000182
2065 0 0 -0.000229
2070 0 0 -0.000288
2075 0 0 -0.000339
2080 0 0 -0.000364
2085 0 0 -0.000346
2090 0 0 -0.000281
2095 0 0 -0.000206
2100 0 0 -0.000172
2105 0 0 -0.000210
2110 0 0 -0.000285
2115 0 0 -0.000346
2120 0 0 -0.000354
2125 0 0 -0.000324
2130 0 0 -0.000288
2135 0 0 -0.000267
2140 0 0 -0.000253
2145 0 0 -0.000230
2150 0 0 -0.000193
2155 0 0 -0.000177
2160 0 0 -0.000230
2165 0 0 -0.000372
2170 0 0 -0.000523
2175 0 0 -0.000576
2180 0 0 -0.000466
2185 0 0 -0.000287
2190 0 0 -0.000174
2195 0 0 -0.000221
2200 0 0 -0.000355
2205 0 0 -0.000460
2210 0 0 -0.000453
2215 0 0 -0.000372
2220 0 0 -0.000288
2225 0 0 -0.000255
2230 0 0 -0.000264
2235 0 0 -0.000288
2240 0 0 -0.000306
2245 0 0 -0.000308
2250 0 0 -0.000288
2255 0 0 -0.000245
2260 0 0 -0.000198
2265 0 0 -0.000172
2270 0 0 -0.000183
2275 0 0 -0.000211
2280 0 0 -0.000230
2285 0 0 -0.000220
2290 0 0 -0.000193
2295 0 0 -0.000172
2300 0 0 -0.000172
2305 0 0 -0.000193
2310 0 0 -0.000230
2315 0 0 -0.000276
2320 0 0 -0.000319
2325 0 0 -0.000346
2330 0 0 -0.000346
2335 0 0 -0.000324
2340 0 0 -0.000288
2345 0 0 -0.000245
2350 0 0 -0.000204
2355 0 0 -0.000172
2360 0 0 -0.000155
2365 0 0 -0.000156
2370 0 0 -0.000172
2375 0 0 -0.000205
2380 0 0 -0.000261
2385 0 0 -0.000344
2390 0 0 -0.000458
2395 0 0 -0.000597
2400 0 0 -0.000748
2405 0 0 -0.000895
2410 0 0 -0.000991
2415 0 0 -0.000980
2420 0 0 -0.000832
2425 0 0 -0.000611
2430 0 0 -0.000404
2435 0 0 -0.000283
2440 0 0 -0.000263
2445 0 0 -0.000346
2450 0 0 -0.000516
2455 0 0 -0.000700
2460 0 0 -0.000808
2465 0 0 -0.000783
2470 0 0 -0.000691
2475 0 0 -0.000634
2480 0 0 -0.000678
2485 0 0 -0.000765
2490 0 0 -0.000806
2495 0 0 -0.000742
2500 0 0 -0.000634
2505 0 0 -0.000576
2510 0 0 -0.000632
2515 0 0 -0.000753
2520 0 0 -0.000864
2525 0 0 -0.000907
2530 0 0 -0.000896
2535 0 0 -0.000864
2540 0 0 -0.000837
2545 0 0 -0.000818
2550 0 0 -0.000806
2555 0 0 -0.000797
2560 0 0 -0.000781
2565 0 0 -0.000748
2570 0 0 -0.000692
2575 0 0 -0.000629
2580 0 0 -0.000576
2585 0 0 -0.000550
2590 0 0 -0.000552
2595 0 0 -0.000576
2600 0 0 -0.000618
2605 0 0 -0.000661
2610 0 0 -0.000690
2615 0 0 -0.000690
2620 0 0 -0.000668
2625 0 0 -0.000634
2630 0 0 -0.000598
2635 0 0 -0.000574
2640 0 0 -0.000576
2645 0 0 -0.000611
2650 0 0 -0.000659
2655 0 0 -0.000690
2660 0 0 -0.000685
2665 0 0 -0.000659
2670 0 0 -0.000634
2675 0 0 -0.000628
2680 0 0 -0.000632
2685 0 0 -0.000632
2690 0 0 -0.000618
2695 0 0 -0.000596
2700 0 0 -0.000576
2705 0 0 -0.000565
2710 0 0 -0.000565
2715 0 0 -0.000576
2720 0 0 -0.000598
2725 0 0 -0.000635
2730 0 0 -0.000690
2735 0 0 -0.000760
2740 0 0 -0.000812
2745 0 0 -0.000806
2750 0 0 -0.000720
2755 0 0 -0.000603
2760 0 0 -0.000518
2765 0 0 -0.000512
2770 0 0 -0.000549
2775 0 0 -0.000576
2780 0 0 -0.000555
2785 0 0 -0.000520
2790 0 0 -0.000520
2795 0 0 -0.000587
2800 0 0 -0.000667
2805 0 0 -0.000690
2810 0 0 -0.000606
2815 0 0 -0.000467
2820 0 0 -0.000346
2825 0 0 -0.000300
2830 0 0 -0.000312
2835 0 0 -0.000346
2840 0 0 -0.000373
2845 0 0 -0.000391
2850 0 0 -0.000404
2855 0 0 -0.000415
2860 0 0 -0.000417
2865 0 0 -0.000402
2870 0 0 -0.000366
2875 0 0 -0.000322
2880 0 0 -0.000288
2885 0 0 -0.000280
2890 0 0 -0.000299
2895 0 0 -0.000346
2900 0 0 -0.000413
2905 0 0 -0.000464
2910 0 0 -0.000460
2915 0 0 -0.000376
2920 0 0 -0.000258
2925 0 0 -0.000172
2930 0 0 -0.000163
2935 0 0 -0.000200
2940 0 0 -0.000232
2945 0 0 -0.000224
2950 0 0 -0.000193
2955 0 0 -0.000174
2960 0 0 -0.000188
2965 0 0 -0.000218
2970 0 0 -0.000232
2975 0 0 -0.000213
2980 0 0 -0.000183
2985 0 0 -0.000174
2990 0 0 -0.000208
2995 0 0 -0.000258
3000 0 0 -0.000288
3005 0 0 -0.000270
3010 0 0 -0.000223
3015 0 0 -0.000174
3020 0 0 -0.000148
3025 0 0 -0.000148
3030 0 0 -0.000174
3035 0 0 -0.000222
3040 0 0 -0.000268
3045 0 0 -0.000288
3050 0 0 -0.000264
3055 0 0 -0.000216
3060 0 0 -0.000174
3065 0 0 -0.000160
3070 0 0 -0.000166
3075 0 0 -0.000174
3080 0 0 -0.000174
3085 0 0 -0.000170
3090 0 0 -0.000172
3095 0 0 -0.000187
3100 0 0 -0.000210
3105 0 0 -0.000230
3110 0 0 -0.000240
3115 0 0 -0.000240
3120 0 0 -0.000230
3125 0 0 -0.000212
3130 0 0 -0.000191
3135 0 0 -0.000172
3140 0 0 -0.000161
3145 0 0 -0.000160
3150 0 0 -0.000172
3155 0 0 -0.000197
3160 0 0 -0.000222
3165 0 0 -0.000230
3170 0 0 -0.000212
3175 0 0 -0.000185
3180 0 0 -0.000174
3185 0 0 -0.000194
3190 0 0 -0.000223
3195 0 0 -0.000230
3200 0 0 -0.000195
3205 0 0 -0.000145
3210 0 0 -0.000116
3215 0 0 -0.000135
3220 0 0 -0.000184
3225 0 0 -0.000230
3230 0 0 -0.000251
3235 0 0 -0.000248
3240 0 0 -0.000230
3245 0 0 -0.000206
3250 0 0 -0.000184
3255 0 0 -0.000172
3260 0 0 -0.000174
3265 0 0 -0.000179
3270 0 0 -0.000174
3275 0 0 -0.000155
3280 0 0 -0.000158
3285 0 0 -0.000230
3290 0 0 -0.000393
3295 0 0 -0.000577
3300 0 0 -0.000690
3305 0 0 -0.000668
3310 0 0 -0.000563
3315 0 0 -0.000460
3320 0 0 -0.000419
3325 0 0 -0.000415
3330 0 0 -0.000404
3335 0 0 -0.000353
3340 0 0 -0.000283
3345 0 0 -0.000230
3350 0 0 -0.000217
3355 0 0 -0.000226
3360 0 0 -0.000230
3365 0 0 -0.000210
3370 0 0 -0.000182
3375 0 0 -0.000174
3380 0 0 -0.000201
3385 0 0 -0.000233
3390 0 0 -0.000232
3395 0 0 -0.000173
3400 0 0 -0.000097
3405 0 0 -0.000058
3410 0 0 -0.000094
3415 0 0 -0.000170
3420 0 0 -0.000230
3425 0 0 -0.000235
3430 0 0 -0.000204
3435 0 0 -0.000172
3440 0 0 -0.000164
3445 0 0 -0.000171
3450 0 0 -0.000172
3455 0 0 -0.000155
3460 0 0 -0.000131
3465 0 0 -0.000116
3470 0 0 -0.000122
3475 0 0 -0.000144
3480 0 0 -0.000174
3485 0 0 -0.000203
3490 0 0 -0.000224
3495 0 0 -0.000232
3500 0 0 -0.000224
3505 0 0 -0.000202
3510 0 0 -0.000174
3515 0 0 -0.000145
3520 0 0 -0.000123
3525 0 0 -0.000116
3530 0 0 -0.000129
3535 0 0 -0.000153
3540 0 0 -0.000174
3545 0 0 -0.000183
3550 0 0 -0.000181
3555 0 0 -0.000172
3560 0 0 -0.000160
3565 0 0 -0.000157
3570 0 0 -0.000174
3575 0 0 -0.000219
3580 0 0 -0.000281
3585 0 0 -0.000346
3590 0 0 -0.000398
3595 0 0 -0.000422
3600 0 0 -0.000404
3605 0 0 -0.000338
3610 0 0 -0.000264
3615 0 0 -0.000230
3620 0 0 -0.000266
3625 0 0 -0.000327
3630 0 0 -0.000346
3635 0 0 -0.000281
3640 0 0 -0.000181
3645 0 0 -0.000116
3650 0 0 -0.000138
3655 0 0 -0.000213
3660 0 0 -0.000288
3665 0 0 -0.000322
3670 0 0 -0.000317
3675 0 0 -0.000288
3680 0 0 -0.000249
3685 0 0 -0.000209
3690 0 0 -0.000174
3695 0 0 -0.000153
3700 0 0 -0.000150
3705 0 0 -0.000172
3710 0 0 -0.000218
3715 0 0 -0.000267
3720 0 0 -0.000288
3725 0 0 -0.000264
3730 0 0 -0.000216
3735 0 0 -0.000172
3740 0 0 -0.000156
3745 0 0 -0.000161
3750 0 0 -0.000172
3755 0 0 -0.000177
3760 0 0 -0.000176
3765 0 0 -0.000172
3770 0 0 -0.000168
3775 0 0 -0.000166
3780 0 0 -0.000172
3785 0 0 -0.000187
3790 0 0 -0.000208
3795 0 0 -0.000230
3800 0 0 -0.000248
3805 0 0 -0.000251
3810 0 0 -0.000230
3815 0 0 -0.000183
3820 0 0 -0.000148
3825 0 0 -0.000172
3830 0 0 -0.000286
3835 0 0 -0.000456
3840 0 0 -0.000634
3845 0 0 -0.000784
3850 0 0 -0.000925
3855 0 0 -0.001094
3860 0 0 -0.001303
3865 0 0 -0.001487
3870 0 0 -0.001556
3875 0 0 -0.001455
3880 0 0 -0.001249
3885 0 0 -0.001036
3890 0 0 -0.000891
3895 0 0 -0.000805
3900 0 0 -0.000750
3905 0 0 -0.000702
3910 0 0 -0.000662
3915 0 0 -0.000632
3920 0 0 -0.000620
3925 0 0 -0.000636
3930 0 0 -0.000692
3935 0 0 -0.000793
3940 0 0 -0.000918
3945 0 0 -0.001038
3950 0 0 -0.001127
3955 0 0 -0.001169
3960 0 0 -0.001150
3965 0 0 -0.001068
3970 0 0 -0.000957
3975 0 0 -0.000864
3980 0 0 -0.000821
3985 0 0 -0.000812
3990 0 0 -0.000806
3995 0 0 -0.000783
4000 0 0 -0.000756
4005 0 0 -0.000750
4010 0 0 -0.000778
4015 0 0 -0.000824
4020 0 0 -0.000862
4025 0 0 -0.000873
4030 0 0 -0.000868
4035 0 0 -0.000864
4040 0 0 -0.000873
4045 0 0 -0.000880
4050 0 0 -0.000864
4055 0 0 -0.000815
4060 0 0 -0.000764
4065 0 0 -0.000748
4070 0 0 -0.000796
4075 0 0 -0.000885
4080 0 0 -0.000980
4085 0 0 -0.001053
4090 0 0 -0.001107
4095 0 0 -0.001152
4100 0 0 -0.001192
4105 0 0 -0.001202
4110 0 0 -0.001152
4115 0 0 -0.001025
4120 0 0 -0.000870
4125 0 0 -0.000750
4130 0 0 -0.000710
4135 0 0 -0.000724
4140 0 0 -0.000748
4145 0 0 -0.000747
4150 0 0 -0.000724
4155 0 0 -0.000690
4160 0 0 -0.000657
4165 0 0 -0.000635
4170 0 0 -0.000634
4175 0 0 -0.000661
4180 0 0 -0.000704
4185 0 0 -0.000748
4190 0 0 -0.000778
4195 0 0 -0.000782
4200 0 0 -0.000748
4205 0 0 -0.000671
4210 0 0 -0.000568
4215 0 0 -0.000462
4220 0 0 -0.000371
4225 0 0 -0.000295
4230 0 0 -0.000230
4235 0 0 -0.000175
4240 0 0 -0.000134
4245 0 0 -0.000116
4250 0 0 -0.000125
4255 0 0 -0.000148
4260 0 0 -0.000172
4265 0 0 -0.000184
4270 0 0 -0.000183
4275 0 0 -0.000172
4280 0 0 -0.000156
4285 0 0 -0.000150
4290 0 0 -0.000172
4295 0 0 -0.000228
4300 0 0 -0.000282
4305 0 0 -0.000288
4310 0 0 -0.000219
4315 0 0 -0.000120
4320 0 0 -0.000058
4325 0 0 -0.000078
4330 0 0 -0.000152
4335 0 0 -0.000232
4340 0 0 -0.000282
4345 0 0 -0.000313
4350 0 0 -0.000346
4355 0 0 -0.000395
4360 0 0 -0.000442
4365 0 0 -0.000460
4370 0 0 -0.000434
4375 0 0 -0.000385
4380 0 0 -0.000346
4385 0 0 -0.000341
4390 0 0 -0.000365
4395 0 0 -0.000402
4400 0 0 -0.000439
4405 0 0 -0.000463
4410 0 0 -0.000460
4415 0 0 -0.000423
4420 0 0 -0.000375
4425 0 0 -0.000346
4430 0 0 -0.000356
4435 0 0 -0.000385
4440 0 0 -0.000402
4445 0 0 -0.000385
4450 0 0 -0.000342
4455 0 0 -0.000288
4460 0 0 -0.000237
4465 0 0 -0.000197
4470 0 0 -0.000172
4475 0 0 -0.000166
4480 0 0 -0.000169
4485 0 0 -0.000172
4490 0 0 -0.000167
4495 0 0 -0.000163
4500 0 0 -0.000174
4505 0 0 -0.000206
4510 0 0 -0.000236
4515 0 0 -0.000230
4520 0 0 -0.000171
4525 0 0 -0.000097
4530 0 0 -0.000058
4535 0 0 -0.000089
4540 0 0 -0.000162
4545 0 0 -0.000230
4550 0 0 -0.000260
4555 0 0 -0.000255
4560 0 0 -0.000230
4565 0 0 -0.000200
4570 0 0 -0.000177
4575 0 0 -0.000174
4580 0 0 -0.000197
4585 0 0 -0.000226
4590 0 0 -0.000232
4595 0 0 -0.000199
4600 0 0 -0.000149
4605 0 0 -0.000116
4610 0 0 -0.000122
4615 0 0 -0.000151
4620 0 0 -0.000174
4625 0 0 -0.000173
4630 0 0 -0.000164
4635 0 0 -0.000174
4640 0 0 -0.000218
4645 0 0 -0.000268
4650 0 0 -0.000288
4655 0 0 -0.000252
4660 0 0 -0.000183
4665 0 0 -0.000116
4670 0 0 -0.000080
4675 0 0 -0.000079
4680 0 0 -0.000114
4685 0 0 -0.000178
4690 0 0 -0.000245
4695 0 0 -0.000288
4700 0 0 -0.000283
4705 0 0 -0.000240
4710 0 0 -0.000174
4715 0 0 -0.000106
4720 0 0 -0.000073
4725 0 0 -0.000116
4730 0 0 -0.000257
4735 0 0 -0.000437
4740 0 0 -0.000576
4745 0 0 -0.000617
4750 0 0 -0.000583
4755 0 0 -0.000518
4760 0 0 -0.000460
4765 0 0 -0.000420
4770 0 0 -0.000402
4775 0 0 -0.000405
4780 0 0 -0.000413
4785 0 0 -0.000404
4790 0 0 -0.000363
4795 0 0 -0.000301
4800 0 0 -0.000232
4805 0 0 -0.000172
4810 0 0 -0.000130
4815 0 0 -0.000114
4820 0 0 -0.000127
4825 0 0 -0.000153
4830 0 0 -0.000174
4835 0 0 -0.000175
4840 0 0 -0.000169
4845 0 0 -0.000172
4850 0 0 -0.000196
4855 0 0 -0.000223
4860 0 0 -0.000230
4865 0 0 -0.000202
4870 0 0 -0.000155
4875 0 0 -0.000116
4880 0 0 -0.000103
4885 0 0 -0.000108
4890 0 0 -0.000116
4895 0 0 -0.000117
4900 0 0 -0.000115
4905 0 0 -0.000116
4910 0 0 -0.000126
4915 0 0 -0.000146
4920 0 0 -0.000174
4925 0 0 -0.000206
4930 0 0 -0.000230
4935 0 0 -0.000230
4940 0 0 -0.000199
4945 0 0 -0.000152
4950 0 0 -0.000114
4955 0 0 -0.000103
4960 0 0 -0.000122
4965 0 0 -0.000174
4970 0 0 -0.000251
4975 0 0 -0.000321
4980 0 0 -0.000346
4985 0 0 -0.000302
4990 0 0 -0.000227
4995 0 0 -0.000174
5000 0 0 -0.000180
5005 0 0 -0.000215
5010 0 0 -0.000230
5015 0 0 -0.000194
5020 0 0 -0.000139
5025 0 0 -0.000116
5030 0 0 -0.000157
5035 0 0 -0.000230
5040 0 0 -0.000288
5045 0 0 -0.000294
5050 0 0 -0.000265
5055 0 0 -0.000230
5060 0 0 -0.000211
5065 0 0 -0.000212
5070 0 0 -0.000230
5075 0 0 -0.000259
5080 0 0 -0.000285
5085 0 0 -0.000288
5090 0 0 -0.000258
5095 0 0 -0.000212
5100 0 0 -0.000172
5105 0 0 -0.000157
5110 0 0 -0.000161
5115 0 0 -0.000174
5120 0 0 -0.000187
5125 0 0 -0.000204
5130 0 0 -0.000230
5135 0 0 -0.000267
5140 0 0 -0.000294
5145 0 0 -0.000288
5150 0 0 -0.000236
5155 0 0 -0.000180
5160 0 0 -0.000174
5165 0 0 -0.000250
5170 0 0 -0.000353
5175 0 0 -0.000404
5180 0 0 -0.000350
5185 0 0 -0.000232
5190 0 0 -0.000114
5195 0 0 -0.000047
5200 0 0 -0.000032
5205 0 0 -0.000058
5210 0 0 -0.000112
5215 0 0 -0.000175
5220 0 0 -0.000230
5225 0 0 -0.000260
5230 0 0 -0.000260
5235 0 0 -0.000230
5240 0 0 -0.000172
5245 0 0 -0.000107
5250 0 0 -0.000058
5255 0 0 -0.000045
5260 0 0 -0.000067
5265 0 0 -0.000116
5270 0 0 -0.000184
5275 0 0 -0.000249
5280 0 0 -0.000288
5285 0 0 -0.000283
5290 0 0 -0.000241
5295 0 0 -0.000172
5300 0 0 -0.000102
5305 0 0 -0.000110
5310 0 0 -0.000288
5315 0 0 -0.000680
5320 0 0 -0.001132
5325 0 0 -0.001440
5330 0 0 -0.001456
5335 0 0 -0.001258
5340 0 0 -0.000980
5345 0 0 -0.000735
5350 0 0 -0.000557
5355 0 0 -0.000462
5360 0 0 -0.000452
5365 0 0 -0.000488
5370 0 0 -0.000520
5375 0 0 -0.000508
5380 0 0 -0.000463
5385 0 0 -0.000404
5390 0 0 -0.000357
5395 0 0 -0.000362
5400 0 0 -0.000462
5405 0 0 -0.000675
5410 0 0 -0.000906
5415 0 0 -0.001036
5420 0 0 -0.000981
5425 0 0 -0.000811
5430 0 0 -0.000634
5435 0 0 -0.000535
5440 0 0 -0.000506
5445 0 0 -0.000518
5450 0 0 -0.000545
5455 0 0 -0.000583
5460 0 0 -0.000634
5465 0 0 -0.000696
5470 0 0 -0.000758
5475 0 0 -0.000806
5480 0 0 -0.000830
5485 0 0 -0.000829
5490 0 0 -0.000806
5495 0 0 -0.000771
5500 0 0 -0.000758
5505 0 0 -0.000806
5510 0 0 -0.000942
5515 0 0 -0.001130
5520 0 0 -0.001324
5525 0 0 -0.001475
5530 0 0 -0.001545
5535 0 0 -0.001496
5540 0 0 -0.001322
5545 0 0 -0.001138
5550 0 0 -0.001094
5555 0 0 -0.001283
5560 0 0 -0.001589
5565 0 0 -0.001842
5570 0 0 -0.001917
5575 0 0 -0.001865
5580 0 0 -0.001784
5585 0 0 -0.001739
5590 0 0 -0.001673
5595 0 0 -0.001496
5600 0 0 -0.001159
5605 0 0 -0.000765
5610 0 0 -0.000460
5615 0 0 -0.000345
5620 0 0 -0.000361
5625 0 0 -0.000404
5630 0 0 -0.000396
5635 0 0 -0.000347
5640 0 0 -0.000288
5645 0 0 -0.000246
5650 0 0 -0.000226
5655 0 0 -0.000230
5660 0 0 -0.000255
5665 0 0 -0.000282
5670 0 0 -0.000288
5675 0 0 -0.000259
5680 0 0 -0.000213
5685 0 0 -0.000174
5690 0 0 -0.000162
5695 0 0 -0.000167
5700 0 0 -0.000174
5705 0 0 -0.000171
5710 0 0 -0.000167
5715 0 0 -0.000172
5720 0 0 -0.000194
5725 0 0 -0.000220
5730 0 0 -0.000230
5735 0 0 -0.000212
5740 0 0 -0.000185
5745 0 0 -0.000174
5750 0 0 -0.000194
5755 0 0 -0.000223
5760 0 0 -0.000230
5765 0 0 -0.000194
5770 0 0 -0.000143
5775 0 0 -0.000114
5780 0 0 -0.000134
5785 0 0 -0.000184
5790 0 0 -0.000230
5795 0 0 -0.000249
5800 0 0 -0.000245
5805 0 0 -0.000230
5810 0 0 -0.000214
5815 0 0 -0.000196
5820 0 0 -0.000172
5825 0 0 -0.000141
5830 0 0 -0.000116
5835 0 0 -0.000114
5840 0 0 -0.000144
5845 0 0 -0.000190
5850 0 0 -0.000230
5855 0 0 -0.000248
5860 0 0 -0.000245
5865 0 0 -0.000230
5870 0 0 -0.000208
5875 0 0 -0.000187
5880 0 0 -0.000172
5885 0 0 -0.000167
5890 0 0 -0.000169
5895 0 0 -0.000172
5900 0 0 -0.000172
5905 0 0 -0.000170
5910 0 0 -0.000172
5915 0 0 -0.000178
5920 0 0 -0.000181
5925 0 0 -0.000172
5930 0 0 -0.000149
5935 0 0 -0.000138
5940 0 0 -0.000172
5945 0 0 -0.000270
5950 0 0 -0.000387
5955 0 0 -0.000462
5960 0 0 -0.000452
5965 0 0 -0.000381
5970 0 0 -0.000288
5975 0 0 -0.000207
5980 0 0 -0.000149
5985 0 0 -0.000116
5990 0 0 -0.000112
5995 0 0 -0.000132
6000 0 0 -0.000172
6005 0 0 -0.000223
6010 0 0 -0.000268
6015 0 0 -0.000288
6020 0 0 -0.000270
6025 0 0 -0.000225
6030 0 0 -0.000174
6035 0 0 -0.000132
6040 0 0 -0.000110
6045 0 0 -0.000116
6050 0 0 -0.000152
6055 0 0 -0.000198
6060 0 0 -0.000230
6065 0 0 -0.000229
6070 0 0 -0.000204
6075 0 0 -0.000174
6080 0 0 -0.000153
6085 0 0 -0.000150
6090 0 0 -0.000174
6095 0 0 -0.000225
6100 0 0 -0.000274
6105 0 0 -0.000288
6110 0 0 -0.000244
6115 0 0 -0.000172
6120 0 0 -0.000116
6125 0 0 -0.000107
6130 0 0 -0.000134
6135 0 0 -0.000174
6140 0 0 -0.000208
6145 0 0 -0.000228
6150 0 0 -0.000230
6155 0 0 -0.000215
6160 0 0 -0.000207
6165 0 0 -0.000232
6170 0 0 -0.000310
6175 0 0 -0.000416
6180 0 0 -0.000520
6185 0 0 -0.000591
6190 0 0 -0.000613
6195 0 0 -0.000576
6200 0 0 -0.000485
6205 0 0 -0.000415
6210 0 0 -0.000460
6215 0 0 -0.000672
6220 0 0 -0.000935
6225 0 0 -0.001094
6230 0 0 -0.001041
6235 0 0 -0.000861
6240 0 0 -0.000690
6245 0 0 -0.000627
6250 0 0 -0.000633
6255 0 0 -0.000634
6260 0 0 -0.000577
6265 0 0 -0.000486
6270 0 0 -0.000404
6275 0 0 -0.000366
6280 0 0 -0.000369
6285 0 0 -0.000404
6290 0 0 -0.000457
6295 0 0 -0.000504
6300 0 0 -0.000518
6305 0 0 -0.000484
6310 0 0 -0.000432
6315 0 0 -0.000402
6320 0 0 -0.000423
6325 0 0 -0.000473
6330 0 0 -0.000518
6335 0 0 -0.000532
6340 0 0 -0.000525
6345 0 0 -0.000518
6350 0 0 -0.000527
6355 0 0 -0.000563
6360 0 0 -0.000634
6365 0 0 -0.000735
6370 0 0 -0.000815
6375 0 0 -0.000806
6380 0 0 -0.000672
6385 0 0 -0.000485
6390 0 0 -0.000344
6395 0 0 -0.000322
6400 0 0 -0.000382
6405 0 0 -0.000460
6410 0 0 -0.000508
6415 0 0 -0.000538
6420 0 0 -0.000576
6425 0 0 -0.000639
6430 0 0 -0.000706
6435 0 0 -0.000750
6440 0 0 -0.000746
6445 0 0 -0.000688
6450 0 0 -0.000576
6455 0 0 -0.000420
6460 0 0 -0.000266
6465 0 0 -0.000172
6470 0 0 -0.000174
6475 0 0 -0.000233
6480 0 0 -0.000288
6485 0 0 -0.000294
6490 0 0 -0.000265
6495 0 0 -0.000230
6500 0 0 -0.000210
6505 0 0 -0.000197
6510 0 0 -0.000172
6515 0 0 -0.000129
6520 0 0 -0.000097
6525 0 0 -0.000116
6530 0 0 -0.000208
6535 0 0 -0.000325
6540 0 0 -0.000402
6545 0 0 -0.000392
6550 0 0 -0.000320
6555 0 0 -0.000230
6560 0 0 -0.000158
6565 0 0 -0.000118
6570 0 0 -0.000114
6575 0 0 -0.000147
6580 0 0 -0.000196
6585 0 0 -0.000230
6590 0 0 -0.000230
6595 0 0 -0.000206
6600 0 0 -0.000174
6605 0 0 -0.000151
6610 0 0 -0.000148
6615 0 0 -0.000172
6620 0 0 -0.000227
6625 0 0 -0.000293
6630 0 0 -0.000346
6635 0 0 -0.000368
6640 0 0 -0.000364
6645 0 0 -0.000346
6650 0 0 -0.000323
6655 0 0 -0.000302
6660 0 0 -0.000288
6665 0 0 -0.000286
6670 0 0 -0.000303
6675 0 0 -0.000344
6680 0 0 -0.000409
6685 0 0 -0.000462
6690 0 0 -0.000462
6695 0 0 -0.000386
6700 0 0 -0.000300
6705 0 0 -0.000288
6710 0 0 -0.000405
6715 0 0 -0.000574
6720 0 0 -0.000690
6725 0 0 -0.000679
6730 0 0 -0.000607
6735 0 0 -0.000576
6740 0 0 -0.000658
6745 0 0 -0.000815
6750 0 0 -0.000980
6755 0 0 -0.001097
6760 0 0 -0.001155
6765 0 0 -0.001152
6770 0 0 -0.001091
6775 0 0 -0.000989
6780 0 0 -0.000864
6785 0 0 -0.000741
6790 0 0 -0.000666
6795 0 0 -0.000692
6800 0 0 -0.000840
6805 0 0 -0.001016
6810 0 0 -0.001094
6815 0 0 -0.000992
6820 0 0 -0.000797
6825 0 0 -0.000636
6830 0 0 -0.000607
6835 0 0 -0.000683
6840 0 0 -0.000806
6845 0 0 -0.000921
6850 0 0 -0.000990
6855 0 0 -0.000980
6860 0 0 -0.000876
6865 0 0 -0.000735
6870 0 0 -0.000634
6875 0 0 -0.000625
6880 0 0 -0.000666
6885 0 0 -0.000692
6890 0 0 -0.000656
6895 0 0 -0.000584
6900 0 0 -0.000518
6905 0 0 -0.000491
6910 0 0 -0.000497
6915 0 0 -0.000518
6920 0 0 -0.000541
6925 0 0 -0.000560
6930 0 0 -0.000576
6935 0 0 -0.000586
6940 0 0 -0.000587
6945 0 0 -0.000576
6950 0 0 -0.000553
6955 0 0 -0.000530
6960 0 0 -0.000518
6965 0 0 -0.000528
6970 0 0 -0.000551
6975 0 0 -0.000576
6980 0 0 -0.000591
6985 0 0 -0.000592
6990 0 0 -0.000576
6995 0 0 -0.000542
7000 0 0 -0.000499
7005 0 0 -0.000460
7010 0 0 -0.000435
7015 0 0 -0.000433
7020 0 0 -0.000460
7025 0 0 -0.000518
7030 0 0 -0.000586
7035 0 0 -0.000634
7040 0 0 -0.000642
7045 0 0 -0.000618
7050 0 0 -0.000576
7055 0 0 -0.000529
7060 0 0 -0.000487
7065 0 0 -0.000460
7070 0 0 -0.000453
7075 0 0 -0.000458
7080 0 0 -0.000460
7085 0 0 -0.000451
7090 0 0 -0.000431
7095 0 0 -0.000404
7100 0 0 -0.000376
7105 0 0 -0.000353
7110 0 0 -0.000346
7115 0 0 -0.000358
7120 0 0 -0.000382
7125 0 0 -0.000404
7130 0 0 -0.000415
7135 0 0 -0.000414
7140 0 0 -0.000402
7145 0 0 -0.000384
7150 0 0 -0.000378
7155 0 0 -0.000404
7160 0 0 -0.000485
7165 0 0 -0.000649
7170 0 0 -0.000922
7175 0 0 -0.001296
7180 0 0 -0.001611
7185 0 0 -0.001670
7190 0 0 -0.001352
7195 0 0 -0.000843
7200 0 0 -0.000404
7205 0 0 -0.000231
7210 0 0 -0.000257
7215 0 0 -0.000346
7220 0 0 -0.000393
7225 0 0 -0.000402
7230 0 0 -0.000404
7235 0 0 -0.000423
7240 0 0 -0.000448
7245 0 0 -0.000460
7250 0 0 -0.000447
7255 0 0 -0.000421
7260 0 0 -0.000404
7265 0 0 -0.000408
7270 0 0 -0.000416
7275 0 0 -0.000404
7280 0 0 -0.000356
7285 0 0 -0.000290
7290 0 0 -0.000230
7295 0 0 -0.000196
7300 0 0 -0.000181
7305 0 0 -0.000172
7310 0 0 -0.000161
7315 0 0 -0.000156
7320 0 0 -0.000172
7325 0 0 -0.000215
7330 0 0 -0.000264
7335 0 0 -0.000288
7340 0 0 -0.000267
7345 0 0 -0.000220
7350 0 0 -0.000172
7355 0 0 -0.000146
7360 0 0 -0.000147
7365 0 0 -0.000172
7370 0 0 -0.000218
7375 0 0 -0.000265
7380 0 0 -0.000288
7385 0 0 -0.000272
7390 0 0 -0.000227
7395 0 0 -0.000172
7400 0 0 -0.000125
7405 0 0 -0.000101
7410 0 0 -0.000116
7415 0 0 -0.000176
7420 0 0 -0.000247
7425 0 0 -0.000288
7430 0 0 -0.000269
7435 0 0 -0.000216
7440 0 0 -0.000172
7445 0 0 -0.000167
7450 0 0 -0.000192
7455 0 0 -0.000230
7460 0 0 -0.000265
7465 0 0 -0.000287
7470 0 0 -0.000288
7475 0 0 -0.000264
7480 0 0 -0.000222
7485 0 0 -0.000172
7490 0 0 -0.000127
7495 0 0 -0.000102
7500 0 0 -0.000114
7505 0 0 -0.000172
7510 0 0 -0.000243
7515 0 0 -0.000288
7520 0 0 -0.000277
7525 0 0 -0.000229
7530 0 0 -0.000172
7535 0 0 -0.000132
7540 0 0 -0.000113
7545 0 0 -0.000114
7550 0 0 -0.000132
7555 0 0 -0.000156
7560 0 0 -0.000172
7565 0 0 -0.000172
7570 0 0 -0.000167
7575 0 0 -0.000172
7580 0 0 -0.000197
7585 0 0 -0.000224
7590 0 0 -0.000230
7595 0 0 -0.000207
7600 0 0 -0.000205
7605 0 0 -0.000288
7610 0 0 -0.000489
7615 0 0 -0.000706
7620 0 0 -0.000806
7625 0 0 -0.000703
7630 0 0 -0.000500
7635 0 0 -0.000346
7640 0 0 -0.000352
7645 0 0 -0.000460
7650 0 0 -0.000576
7655 0 0 -0.000621
7660 0 0 -0.000595
7665 0 0 -0.000518
7670 0 0 -0.000411
7675 0 0 -0.000305
7680 0 0 -0.000230
7685 0 0 -0.000208
7690 0 0 -0.000219
7695 0 0 -0.000232
7700 0 0 -0.000222
7705 0 0 -0.000198
7710 0 0 -0.000172
7715 0 0 -0.000158
7720 0 0 -0.000157
7725 0 0 -0.000172
7730 0 0 -0.000199
7735 0 0 -0.000225
7740 0 0 -0.000230
7745 0 0 -0.000206
7750 0 0 -0.000176
7755 0 0 -0.000172
7760 0 0 -0.000212
7765 0 0 -0.000265
7770 0 0 -0.000286
7775 0 0 -0.000246
7780 0 0 -0.000174
7785 0 0 -0.000116
7790 0 0 -0.000105
7795 0 0 -0.000131
7800 0 0 -0.000172
7805 0 0 -0.000211
7810 0 0 -0.000248
7815 0 0 -0.000288
7820 0 0 -0.000330
7825 0 0 -0.000357
7830 0 0 -0.000346
7835 0 0 -0.000286
7840 0 0 -0.000212
7845 0 0 -0.000172
7850 0 0 -0.000196
7855 0 0 -0.000250
7860 0 0 -0.000288
7865 0 0 -0.000273
7870 0 0 -0.000224
7875 0 0 -0.000172
7880 0 0 -0.000144
7885 0 0 -0.000144
7890 0 0 -0.000172
7895 0 0 -0.000224
7900 0 0 -0.000287
7905 0 0 -0.000346
7910 0 0 -0.000387
7915 0 0 -0.000406
7920 0 0 -0.000402
7925 0 0 -0.000376
7930 0 0 -0.000334
7935 0 0 -0.000288
7940 0 0 -0.000249
7945 0 0 -0.000240
7950 0 0 -0.000288
7955 0 0 -0.000402
7960 0 0 -0.000523
7965 0 0 -0.000576
7970 0 0 -0.000510
7975 0 0 -0.000372
7980 0 0 -0.000232
7985 0 0 -0.000147
7990 0 0 -0.000114
7995 0 0 -0.000114
8000 0 0 -0.000130
8005 0 0 -0.000153
8010 0 0 -0.000172
8015 0 0 -0.000182
8020 0 0 -0.000181
8025 0 0 -0.000172
8030 0 0 -0.000158
8035 0 0 -0.000153
8040 0 0 -0.000172
8045 0 0 -0.000221
8050 0 0 -0.000272
8055 0 0 -0.000288
8060 0 0 -0.000246
8065 0 0 -0.000174
8070 0 0 -0.000116
8075 0 0 -0.000103
8080 0 0 -0.000128
8085 0 0 -0.000172
8090 0 0 -0.000218
8095 0 0 -0.000259
8100 0 0 -0.000288
8105 0 0 -0.000301
8110 0 0 -0.000300
8115 0 0 -0.000288
8120 0 0 -0.000274
8125 0 0 -0.000283
8130 0 0 -0.000346
8135 0 0 -0.000476
8140 0 0 -0.000615
8145 0 0 -0.000690
8150 0 0 -0.000649
8155 0 0 -0.000532
8160 0 0 -0.000402
8165 0 0 -0.000312
8170 0 0 -0.000273
8175 0 0 -0.000288
8180 0 0 -0.000350
8185 0 0 -0.000422
8190 0 0 -0.000460
8195 0 0 -0.000446
8200 0 0 -0.000467
8205 0 0 -0.000634
8210 0 0 -0.001008
8215 0 0 -0.001440
8220 0 0 -0.001728
8225 0 0 -0.001726
8230 0 0 -0.001509
8235 0 0 -0.001210
8240 0 0 -0.000939
8245 0 0 -0.000725
8250 0 0 -0.000576
8255 0 0 -0.000500
8260 0 0 -0.000499
8265 0 0 -0.000576
8270 0 0 -0.000724
8275 0 0 -0.000896
8280 0 0 -0.001038
8285 0 0 -0.001107
8290 0 0 -0.001117
8295 0 0 -0.001096
8300 0 0 -0.001064
8305 0 0 -0.001012
8310 0 0 -0.000922
8315 0 0 -0.000787
8320 0 0 -0.000638
8325 0 0 -0.000518
8330 0 0 -0.000455
8335 0 0 -0.000428
8340 0 0 -0.000402
8345 0 0 -0.000356
8350 0 0 -0.000322
8355 0 0 -0.000346
8360 0 0 -0.000453
8365 0 0 -0.000592
8370 0 0 -0.000692
8375 0 0 -0.000711
8380 0 0 -0.000717
8385 0 0 -0.000806
8390 0 0 -0.001037
8395 0 0 -0.001312
8400 0 0 -0.001496
8405 0 0 -0.001495
8410 0 0 -0.001381
8415 0 0 -0.001266
8420 0 0 -0.001236
8425 0 0 -0.001272
8430 0 0 -0.001326
8435 0 0 -0.001362
8440 0 0 -0.001378
8445 0 0 -0.001384
8450 0 0 -0.001382
8455 0 0 -0.001352
8460 0 0 -0.001268
8465 0 0 -0.001116
8470 0 0 -0.000928
8475 0 0 -0.000750
8480 0 0 -0.000625
8485 0 0 -0.000593
8490 0 0 -0.000690
8495 0 0 -0.000927
8500 0 0 -0.001201
8505 0 0 -0.001382
8510 0 0 -0.001375
8515 0 0 -0.001230
8520 0 0 -0.001036
8525 0 0 -0.000867
8530 0 0 -0.000747
8535 0 0 -0.000690
8540 0 0 -0.000696
8545 0 0 -0.000717
8550 0 0 -0.000692
8555 0 0 -0.000582
8560 0 0 -0.000427
8565 0 0 -0.000288
8570 0 0 -0.000214
8575 0 0 -0.000200
8580 0 0 -0.000232
8585 0 0 -0.000292
8590 0 0 -0.000357
8595 0 0 -0.000404
8600 0 0 -0.000417
8605 0 0 -0.000410
8610 0 0 -0.000404
8615 0 0 -0.000416
8620 0 0 -0.000439
8625 0 0 -0.000462
8630 0 0 -0.000474
8635 0 0 -0.000474
8640 0 0 -0.000460
8645 0 0 -0.000433
8650 0 0 -0.000394
8655 0 0 -0.000346
8660 0 0 -0.000292
8665 0 0 -0.000248
8670 0 0 -0.000230
8675 0 0 -0.000247
8680 0 0 -0.000277
8685 0 0 -0.000288
8690 0 0 -0.000260
8695 0 0 -0.000213
8700 0 0 -0.000174
8705 0 0 -0.000167
8710 0 0 -0.000188
8715 0 0 -0.000230
8720 0 0 -0.000283
8725 0 0 -0.000342
8730 0 0 -0.000402
8735 0 0 -0.000457
8740 0 0 -0.000498
8745 0 0 -0.000518
8750 0 0 -0.000511
8755 0 0 -0.000487
8760 0 0 -0.000460
8765 0 0 -0.000439
8770 0 0 -0.000423
8775 0 0 -0.000404
8780 0 0 -0.000377
8785 0 0 -0.000340
8790 0 0 -0.000288
8795 0 0 -0.000225
8800 0 0 -0.000176
8805 0 0 -0.000172
8810 0 0 -0.000230
8815 0 0 -0.000307
8820 0 0 -0.000346
8825 0 0 -0.000310
8830 0 0 -0.000234
8835 0 0 -0.000172
8840 0 0 -0.000165
8845 0 0 -0.000195
8850 0 0 -0.000230
8855 0 0 -0.000246
8860 0 0 -0.000243
8865 0 0 -0.000230
8870 0 0 -0.000215
8875 0 0 -0.000211
8880 0 0 -0.000232
8885 0 0 -0.000283
8890 0 0 -0.000334
8895 0 0 -0.000346
8900 0 0 -0.000295
8905 0 0 -0.000219
8910 0 0 -0.000172
8915 0 0 -0.000190
8920 0 0 -0.000244
8925 0 0 -0.000288
8930 0 0 -0.000288
8935 0 0 -0.000260
8940 0 0 -0.000230
8945 0 0 -0.000219
8950 0 0 -0.000222
8955 0 0 -0.000230
8960 0 0 -0.000234
8965 0 0 -0.000234
8970 0 0 -0.000232
8975 0 0 -0.000229
8980 0 0 -0.000227
8985 0 0 -0.000230
8990 0 0 -0.000239
8995 0 0 -0.000258
9000 0 0 -0.000288
9005 0 0 -0.000332
9010 0 0 -0.000391
9015 0 0 -0.000462
9020 0 0 -0.000541
9025 0 0 -0.000608
9030 0 0 -0.000636
9035 0 0 -0.000611
9040 0 0 -0.000560
9045 0 0 -0.000520
9050 0 0 -0.000518
9055 0 0 -0.000543
9060 0 0 -0.000576
9065 0 0 -0.000596
9070 0 0 -0.000583
9075 0 0 -0.000518
9080 0 0 -0.000394
9085 0 0 -0.000260
9090 0 0 -0.000174
9095 0 0 -0.000178
9100 0 0 -0.000235
9105 0 0 -0.000288
9110 0 0 -0.000293
9115 0 0 -0.000264
9120 0 0 -0.000230
9125 0 0 -0.000212
9130 0 0 -0.000213
9135 0 0 -0.000230
9140 0 0 -0.000257
9145 0 0 -0.000281
9150 0 0 -0.000288
9155 0 0 -0.000268
9160 0 0 -0.000241
9165 0 0 -0.000230
9170 0 0 -0.000251
9175 0 0 -0.000282
9180 0 0 -0.000288
9185 0 0 -0.000255
9190 0 0 -0.000232
9195 0 0 -0.000288
9200 0 0 -0.000458
9205 0 0 -0.000653
9210 0 0 -0.000750
9215 0 0 -0.000668
9220 0 0 -0.000492
9225 0 0 -0.000346
9230 0 0 -0.000321
9235 0 0 -0.000367
9240 0 0 -0.000402
9245 0 0 -0.000365
9250 0 0 -0.000289
9255 0 0 -0.000230
9260 0 0 -0.000229
9265 0 0 -0.000261
9270 0 0 -0.000288
9275 0 0 -0.000280
9280 0 0 -0.000252
9285 0 0 -0.000232
9290 0 0 -0.000236
9295 0 0 -0.000245
9300 0 0 -0.000230
9305 0 0 -0.000182
9310 0 0 -0.000172
9315 0 0 -0.000290
9320 0 0 -0.000583
9325 0 0 -0.000926
9330 0 0 -0.001152
9335 0 0 -0.001140
9340 0 0 -0.000965
9345 0 0 -0.000748
9350 0 0 -0.000590
9355 0 0 -0.000498
9360 0 0 -0.000460
9365 0 0 -0.000463
9370 0 0 -0.000502
9375 0 0 -0.000574
9380 0 0 -0.000673
9385 0 0 -0.000779
9390 0 0 -0.000864
9395 0 0 -0.000911
9400 0 0 -0.000926
9405 0 0 -0.000922
9410 0 0 -0.000908
9415 0 0 -0.000874
9420 0 0 -0.000808
9425 0 0 -0.000714
9430 0 0 -0.000665
9435 0 0 -0.000750
9440 0 0 -0.001017
9445 0 0 -0.001341
9450 0 0 -0.001554
9455 0 0 -0.001540
9460 0 0 -0.001380
9465 0 0 -0.001208
9470 0 0 -0.001122
9475 0 0 -0.001088
9480 0 0 -0.001036
9485 0 0 -0.000928
9490 0 0 -0.000836
9495 0 0 -0.000864
9500 0 0 -0.001071
9505 0 0 -0.001352
9510 0 0 -0.001556
9515 0 0 -0.001572
9520 0 0 -0.001433
9525 0 0 -0.001208
9530 0 0 -0.000961
9535 0 0 -0.000738
9540 0 0 -0.000576
9545 0 0 -0.000501
9550 0 0 -0.000479
9555 0 0 -0.000462
9560 0 0 -0.000413
9565 0 0 -0.000347
9570 0 0 -0.000288
9575 0 0 -0.000259
9580 0 0 -0.000260
9585 0 0 -0.000288
9590 0 0 -0.000336
9595 0 0 -0.000382
9600 0 0 -0.000402
9605 0 0 -0.000382
9610 0 0 -0.000350
9615 0 0 -0.000346
9620 0 0 -0.000394
9625 0 0 -0.000466
9630 0 0 -0.000518
9635 0 0 -0.000520
9640 0 0 -0.000491
9645 0 0 -0.000462
9650 0 0 -0.000459
9655 0 0 -0.000480
9660 0 0 -0.000518
9665 0 0 -0.000565
9670 0 0 -0.000609
9675 0 0 -0.000634
9680 0 0 -0.000631
9685 0 0 -0.000608
9690 0 0 -0.000576
9695 0 0 -0.000546
9700 0 0 -0.000525
9705 0 0 -0.000518
9710 0 0 -0.000526
9715 0 0 -0.000533
9720 0 0 -0.000516
9725 0 0 -0.000465
9730 0 0 -0.000413
9735 0 0 -0.000404
9740 0 0 -0.000464
9745 0 0 -0.000559
9750 0 0 -0.000634
9755 0 0 -0.000651
9760 0 0 -0.000624
9765 0 0 -0.000576
9770 0 0 -0.000532
9775 0 0 -0.000508
9780 0 0 -0.000518
9785 0 0 -0.000566
9790 0 0 -0.000618
9795 0 0 -0.000634
9800 0 0 -0.000584
9805 0 0 -0.000494
9810 0 0 -0.000404
9815 0 0 -0.000347
9820 0 0 -0.000328
9825 0 0 -0.000346
9830 0 0 -0.000394
9835 0 0 -0.000443
9840 0 0 -0.000460
9845 0 0 -0.000422
9850 0 0 -0.000353
9855 0 0 -0.000288
9860 0 0 -0.000255
9865 0 0 -0.000256
9870 0 0 -0.000288
9875 0 0 -0.000344
9880 0 0 -0.000408
9885 0 0 -0.000460
9890 0 0 -0.000486
9895 0 0 -0.000484
9900 0 0 -0.000460
9905 0 0 -0.000418
9910 0 0 -0.000375
9915 0 0 -0.000346
9920 0 0 -0.000345
9925 0 0 -0.000368
9930 0 0 -0.000404
9935 0 0 -0.000443
9940 0 0 -0.000468
9945 0 0 -0.000460
9950 0 0 -0.000408
9955 0 0 -0.000339
9960 0 0 -0.000288
9965 0 0 -0.000281
9970 0 0 -0.000307
9975 0 0 -0.000346
9980 0 0 -0.000379
9985 0 0 -0.000399
9990 0 0 -0.000402
9995 0 0 -0.000386
10000 0 0 -0.000362
10005 0 0 -0.000346
10010 0 0 -0.000350
10015 0 0 -0.000371
10020 0 0 -0.000404
10025 0 0 -0.000442
10030 0 0 -0.000467
10035 0 0 -0.000460
10040 0 0 -0.000410
10045 0 0 -0.000341
10050 0 0 -0.000288
10055 0 0 -0.000276
10060 0 0 -0.000300
10065 0 0 -0.000344
10070 0 0 -0.000395
10075 0 0 -0.000438
