0 0 0 -0.000200
5 0 0 -0.000252
10 0 0 -0.000277
15 0 0 -0.000280
20 0 0 -0.000268
25 0 0 -0.000246
30 0 0 -0.000220
35 0 0 -0.000195
40 0 0 -0.000172
45 0 0 -0.000150
50 0 0 -0.000131
55 0 0 -0.000119
60 0 0 -0.000120
65 0 0 -0.000135
70 0 0 -0.000150
75 0 0 -0.000150
80 0 0 -0.000125
85 0 0 -0.000093
90 0 0 -0.000080
95 0 0 -0.000103
100 0 0 -0.000140
105 0 0 -0.000160
110 0 0 -0.000142
115 0 0 -0.000106
120 0 0 -0.000080
125 0 0 -0.000086
130 0 0 -0.000113
135 0 0 -0.000140
140 0 0 -0.000152
145 0 0 -0.000153
150 0 0 -0.000150
155 0 0 -0.000151
160 0 0 -0.000155
165 0 0 -0.000160
170 0 0 -0.000164
175 0 0 -0.000165
180 0 0 -0.000160
185 0 0 -0.000149
190 0 0 -0.000137
195 0 0 -0.000130
200 0 0 -0.000131
205 0 0 -0.000135
210 0 0 -0.000130
215 0 0 -0.000112
220 0 0 -0.000094
225 0 0 -0.000090
230 0 0 -0.000111
235 0 0 -0.000139
240 0 0 -0.000150
245 0 0 -0.000130
250 0 0 -0.000097
255 0 0 -0.000080
260 0 0 -0.000097
265 0 0 -0.000130
270 0 0 -0.000150
275 0 0 -0.000139
280 0 0 -0.000117
285 0 0 -0.000110
290 0 0 -0.000138
295 0 0 -0.000178
300 0 0 -0.000200
305 0 0 -0.000183
310 0 0 -0.000149
315 0 0 -0.000130
320 0 0 -0.000147
325 0 0 -0.000178
330 0 0 -0.000190
335 0 0 -0.000160
340 0 0 -0.000112
345 0 0 -0.000080
350 0 0 -0.000089
355 0 0 -0.000119
360 0 0 -0.000140
365 0 0 -0.000132
370 0 0 -0.000107
375 0 0 -0.000090
380 0 0 -0.000096
385 0 0 -0.000114
390 0 0 -0.000130
395 0 0 -0.000131
400 0 0 -0.000121
405 0 0 -0.000110
410 0 0 -0.000105
415 0 0 -0.000108
420 0 0 -0.000120
425 0 0 -0.000140
430 0 0 -0.000160
435 0 0 -0.000170
440 0 0 -0.000164
445 0 0 -0.000153
450 0 0 -0.000150
455 0 0 -0.000165
460 0 0 -0.000197
465 0 0 -0.000240
470 0 0 -0.000286
475 0 0 -0.000319
480 0 0 -0.000320
485 0 0 -0.000279
490 0 0 -0.000221
495 0 0 -0.000180
500 0 0 -0.000179
505 0 0 -0.000197
510 0 0 -0.000200
515 0 0 -0.000167
520 0 0 -0.000120
525 0 0 -0.000090
530 0 0 -0.000100
535 0 0 -0.000132
540 0 0 -0.000160
545 0 0 -0.000164
550 0 0 -0.000155
555 0 0 -0.000150
560 0 0 -0.000162
565 0 0 -0.000183
570 0 0 -0.000200
575 0 0 -0.000202
580 0 0 -0.000196
585 0 0 -0.000190
590 0 0 -0.000191
595 0 0 -0.000193
600 0 0 -0.000190
605 0 0 -0.000178
610 0 0 -0.000174
615 0 0 -0.000200
620 0 0 -0.000266
625 0 0 -0.000341
630 0 0 -0.000380
635 0 0 -0.000354
640 0 0 -0.000291
645 0 0 -0.000230
650 0 0 -0.000202
655 0 0 -0.000199
660 0 0 -0.000200
665 0 0 -0.000191
670 0 0 -0.000178
675 0 0 -0.000170
680 0 0 -0.000173
685 0 0 -0.000180
690 0 0 -0.000180
695 0 0 -0.000167
700 0 0 -0.000157
705 0 0 -0.000170
710 0 0 -0.000222
715 0 0 -0.000309
720 0 0 -0.000420
725 0 0 -0.000541
730 0 0 -0.000637
735 0 0 -0.000670
740 0 0 -0.000615
745 0 0 -0.000511
750 0 0 -0.000410
755 0 0 -0.000352
760 0 0 -0.000319
765 0 0 -0.000280
770 0 0 -0.000218
775 0 0 -0.000183
780 0 0 -0.000240
785 0 0 -0.000422
790 0 0 -0.000632
795 0 0 -0.000740
800 0 0 -0.000658
805 0 0 -0.000465
810 0 0 -0.000280
815 0 0 -0.000196
820 0 0 -0.000190
825 0 0 -0.000210
830 0 0 -0.000216
835 0 0 -0.000209
840 0 0 -0.000200
845 0 0 -0.000199
850 0 0 -0.000207
855 0 0 -0.000220
860 0 0 -0.000237
865 0 0 -0.000252
870 0 0 -0.000260
875 0 0 -0.000258
880 0 0 -0.000252
885 0 0 -0.000250
890 0 0 -0.000256
895 0 0 -0.000260
900 0 0 -0.000250
905 0 0 -0.000220
910 0 0 -0.000191
915 0 0 -0.000190
920 0 0 -0.000235
925 0 0 -0.000297
930 0 0 -0.000340
935 0 0 -0.000336
940 0 0 -0.000303
945 0 0 -0.000270
950 0 0 -0.000260
955 0 0 -0.000267
960 0 0 -0.000280
965 0 0 -0.000288
970 0 0 -0.000288
975 0 0 -0.000280
980 0 0 -0.000264
985 0 0 -0.000247
990 0 0 -0.000240
995 0 0 -0.000249
1000 0 0 -0.000268
1005 0 0 -0.000290
1010 0 0 -0.000305
1015 0 0 -0.000303
1020 0 0 -0.000270
1025 0 0 -0.000210
1030 0 0 -0.000189
1035 0 0 -0.000290
1040 0 0 -0.000558
1045 0 0 -0.000898
1050 0 0 -0.001180
1055 0 0 -0.001299
1060 0 0 -0.001259
1065 0 0 -0.001090
1070 0 0 -0.000834
1075 0 0 -0.000578
1080 0 0 -0.000420
1085 0 0 -0.000425
1090 0 0 -0.000523
1095 0 0 -0.000610
1100 0 0 -0.000608
1105 0 0 -0.000539
1110 0 0 -0.000450
1115 0 0 -0.000381
1120 0 0 -0.000343
1125 0 0 -0.000340
1130 0 0 -0.000370
1135 0 0 -0.000408
1140 0 0 -0.000420
1145 0 0 -0.000389
1150 0 0 -0.000352
1155 0 0 -0.000360
1160 0 0 -0.000443
1165 0 0 -0.000548
1170 0 0 -0.000600
1175 0 0 -0.000547
1180 0 0 -0.000435
1185 0 0 -0.000330
1190 0 0 -0.000284
1195 0 0 -0.000282
1200 0 0 -0.000290
1205 0 0 -0.000284
1210 0 0 -0.000270
1215 0 0 -0.000260
1220 0 0 -0.000264
1225 0 0 -0.000279
1230 0 0 -0.000300
1235 0 0 -0.000321
1240 0 0 -0.000336
1245 0 0 -0.000340
1250 0 0 -0.000329
1255 0 0 -0.000307
1260 0 0 -0.000280
1265 0 0 -0.000254
1270 0 0 -0.000238
1275 0 0 -0.000240
1280 0 0 -0.000264
1285 0 0 -0.000299
1290 0 0 -0.000330
1295 0 0 -0.000344
1300 0 0 -0.000342
1305 0 0 -0.000330
1310 0 0 -0.000311
1315 0 0 -0.000287
1320 0 0 -0.000260
1325 0 0 -0.000233
1330 0 0 -0.000210
1335 0 0 -0.000200
1340 0 0 -0.000205
1345 0 0 -0.000219
1350 0 0 -0.000230
1355 0 0 -0.000231
1360 0 0 -0.000221
1365 0 0 -0.000200
1370 0 0 -0.000171
1375 0 0 -0.000146
1380 0 0 -0.000140
1385 0 0 -0.000162
1390 0 0 -0.000198
1395 0 0 -0.000230
1400 0 0 -0.000245
1405 0 0 -0.000248
1410 0 0 -0.000250
1415 0 0 -0.000258
1420 0 0 -0.000263
1425 0 0 -0.000250
1430 0 0 -0.000212
1435 0 0 -0.000167
1440 0 0 -0.000140
1445 0 0 -0.000149
1450 0 0 -0.000177
1455 0 0 -0.000200
1460 0 0 -0.000201
1465 0 0 -0.000186
1470 0 0 -0.000170
1475 0 0 -0.000163
1480 0 0 -0.000165
1485 0 0 -0.000170
1490 0 0 -0.000175
1495 0 0 -0.000179
1500 0 0 -0.000180
1505 0 0 -0.000177
1510 0 0 -0.000173
1515 0 0 -0.000170
1520 0 0 -0.000171
1525 0 0 -0.000173
1530 0 0 -0.000170
1535 0 0 -0.000161
1540 0 0 -0.000149
1545 0 0 -0.000140
1550 0 0 -0.000140
1555 0 0 -0.000150
1560 0 0 -0.000170
1565 0 0 -0.000198
1570 0 0 -0.000220
1575 0 0 -0.000220
1580 0 0 -0.000187
1585 0 0 -0.000142
1590 0 0 -0.000110
1595 0 0 -0.000112
1600 0 0 -0.000135
1605 0 0 -0.000160
1610 0 0 -0.000172
1615 0 0 -0.000168
1620 0 0 -0.000150
1625 0 0 -0.000121
1630 0 0 -0.000096
1635 0 0 -0.000090
1640 0 0 -0.000113
1645 0 0 -0.000147
1650 0 0 -0.000170
1655 0 0 -0.000165
1660 0 0 -0.000142
1665 0 0 -0.000120
1670 0 0 -0.000112
1675 0 0 -0.000119
1680 0 0 -0.000140
1685 0 0 -0.000169
1690 0 0 -0.000194
1695 0 0 -0.000200
1700 0 0 -0.000178
1705 0 0 -0.000146
1710 0 0 -0.000130
1715 0 0 -0.000146
1720 0 0 -0.000178
1725 0 0 -0.000200
1730 0 0 -0.000195
1735 0 0 -0.000170
1740 0 0 -0.000140
1745 0 0 -0.000116
1750 0 0 -0.000105
1755 0 0 -0.000110
1760 0 0 -0.000132
1765 0 0 -0.000155
1770 0 0 -0.000160
1775 0 0 -0.000136
1780 0 0 -0.000101
1785 0 0 -0.000080
1790 0 0 -0.000090
1795 0 0 -0.000120
1800 0 0 -0.000150
1805 0 0 -0.000165
1810 0 0 -0.000163
1815 0 0 -0.000150
1820 0 0 -0.000130
1825 0 0 -0.000115
1830 0 0 -0.000120
1835 0 0 -0.000152
1840 0 0 -0.000193
1845 0 0 -0.000220
1850 0 0 -0.000215
1855 0 0 -0.000189
1860 0 0 -0.000160
1865 0 0 -0.000142
1870 0 0 -0.000136
1875 0 0 -0.000140
1880 0 0 -0.000152
1885 0 0 -0.000168
1890 0 0 -0.000180
1895 0 0 -0.000184
1900 0 0 -0.000178
1905 0 0 -0.000160
1910 0 0 -0.000132
1915 0 0 -0.000101
1920 0 0 -0.000080
1925 0 0 -0.000079
1930 0 0 -0.000109
1935 0 0 -0.000180
1940 0 0 -0.000296
1945 0 0 -0.000425
1950 0 0 -0.000530
1955 0 0 -0.000580
1960 0 0 -0.000579
1965 0 0 -0.000540
1970 0 0 -0.000476
1975 0 0 -0.000408
1980 0 0 -0.000360
1985 0 0 -0.000354
1990 0 0 -0.000419
1995 0 0 -0.000580
2000 0 0 -0.000842
2005 0 0 -0.001112
2010 0 0 -0.001270
2015 0 0 -0.001241
2020 0 0 -0.001114
2025 0 0 -0.001020
2030 0 0 -0.001044
2035 0 0 -0.001092
2040 0 0 -0.001020
2045 0 0 -0.000750
2050 0 0 -0.000450
2055 0 0 -0.000350
2060 0 0 -0.000596
2065 0 0 -0.001008
2070 0 0 -0.001320
2075 0 0 -0.001339
2080 0 0 -0.001151
2085 0 0 -0.000910
2090 0 0 -0.000749
2095 0 0 -0.000707
2100 0 0 -0.000800
2105 0 0 -0.001019
2110 0 0 -0.001254
2115 0 0 -0.001370
2120 0 0 -0.001276
2125 0 0 -0.001058
2130 0 0 -0.000850
2135 0 0 -0.000748
2140 0 0 -0.000710
2145 0 0 -0.000660
2150 0 0 -0.000543
2155 0 0 -0.000394
2160 0 0 -0.000270
2165 0 0 -0.000212
2170 0 0 -0.000206
2175 0 0 -0.000220
2180 0 0 -0.000230
2185 0 0 -0.000233
2190 0 0 -0.000230
2195 0 0 -0.000224
2200 0 0 -0.000217
2205 0 0 -0.000210
2210 0 0 -0.000205
2215 0 0 -0.000202
2220 0 0 -0.000200
2225 0 0 -0.000199
2230 0 0 -0.000199
2235 0 0 -0.000200
2240 0 0 -0.000202
2245 0 0 -0.000206
2250 0 0 -0.000210
2255 0 0 -0.000216
2260 0 0 -0.000227
2265 0 0 -0.000250
2270 0 0 -0.000285
2275 0 0 -0.000318
2280 0 0 -0.000330
2285 0 0 -0.000311
2290 0 0 -0.000274
2295 0 0 -0.000240
2300 0 0 -0.000225
2305 0 0 -0.000222
2310 0 0 -0.000220
2315 0 0 -0.000212
2320 0 0 -0.000212
2325 0 0 -0.000240
2330 0 0 -0.000305
2335 0 0 -0.000374
2340 0 0 -0.000400
2345 0 0 -0.000355
2350 0 0 -0.000275
2355 0 0 -0.000210
2360 0 0 -0.000201
2365 0 0 -0.000251
2370 0 0 -0.000350
2375 0 0 -0.000481
2380 0 0 -0.000589
2385 0 0 -0.000610
2390 0 0 -0.000506
2395 0 0 -0.000345
2400 0 0 -0.000220
2405 0 0 -0.000200
2410 0 0 -0.000250
2415 0 0 -0.000310
2420 0 0 -0.000333
2425 0 0 -0.000326
2430 0 0 -0.000310
2435 0 0 -0.000303
2440 0 0 -0.000306
2445 0 0 -0.000320
2450 0 0 -0.000341
2455 0 0 -0.000356
2460 0 0 -0.000350
2465 0 0 -0.000321
2470 0 0 -0.000312
2475 0 0 -0.000380
2480 0 0 -0.000555
2485 0 0 -0.000759
2490 0 0 -0.000890
2495 0 0 -0.000879
2500 0 0 -0.000797
2505 0 0 -0.000750
2510 0 0 -0.000817
2515 0 0 -0.000962
2520 0 0 -0.001120
2525 0 0 -0.001239
2530 0 0 -0.001306
2535 0 0 -0.001320
2540 0 0 -0.001283
2545 0 0 -0.001207
2550 0 0 -0.001110
2555 0 0 -0.001006
2560 0 0 -0.000904
2565 0 0 -0.000810
2570 0 0 -0.000731
2575 0 0 -0.000673
2580 0 0 -0.000640
2585 0 0 -0.000635
2590 0 0 -0.000654
2595 0 0 -0.000690
2600 0 0 -0.000733
2605 0 0 -0.000767
2610 0 0 -0.000770
2615 0 0 -0.000733
2620 0 0 -0.000683
2625 0 0 -0.000660
2630 0 0 -0.000691
2635 0 0 -0.000764
2640 0 0 -0.000860
2645 0 0 -0.000956
2650 0 0 -0.001028
2655 0 0 -0.001050
2660 0 0 -0.001005
2665 0 0 -0.000912
2670 0 0 -0.000800
2675 0 0 -0.000696
2680 0 0 -0.000622
2685 0 0 -0.000600
2690 0 0 -0.000639
2695 0 0 -0.000704
2700 0 0 -0.000750
2705 0 0 -0.000744
2710 0 0 -0.000711
2715 0 0 -0.000690
2720 0 0 -0.000708
2725 0 0 -0.000745
2730 0 0 -0.000770
2735 0 0 -0.000761
2740 0 0 -0.000730
2745 0 0 -0.000700
2750 0 0 -0.000687
2755 0 0 -0.000686
2760 0 0 -0.000690
2765 0 0 -0.000687
2770 0 0 -0.000660
2775 0 0 -0.000590
2780 0 0 -0.000470
2785 0 0 -0.000329
2790 0 0 -0.000210
2795 0 0 -0.000144
2800 0 0 -0.000125
2805 0 0 -0.000140
2810 0 0 -0.000174
2815 0 0 -0.000209
2820 0 0 -0.000230
2825 0 0 -0.000224
2830 0 0 -0.000202
2835 0 0 -0.000180
2840 0 0 -0.000171
2845 0 0 -0.000178
2850 0 0 -0.000200
2855 0 0 -0.000233
2860 0 0 -0.000260
2865 0 0 -0.000260
2870 0 0 -0.000221
2875 0 0 -0.000166
2880 0 0 -0.000130
2885 0 0 -0.000135
2890 0 0 -0.000164
2895 0 0 -0.000190
2900 0 0 -0.000193
2905 0 0 -0.000182
2910 0 0 -0.000170
2915 0 0 -0.000168
2920 0 0 -0.000172
2925 0 0 -0.000170
2930 0 0 -0.000157
2935 0 0 -0.000135
2940 0 0 -0.000110
2945 0 0 -0.000089
2950 0 0 -0.000079
2955 0 0 -0.000090
2960 0 0 -0.000125
2965 0 0 -0.000166
2970 0 0 -0.000190
2975 0 0 -0.000182
2980 0 0 -0.000155
2985 0 0 -0.000130
2990 0 0 -0.000123
2995 0 0 -0.000135
3000 0 0 -0.000160
3005 0 0 -0.000192
3010 0 0 -0.000218
3015 0 0 -0.000220
3020 0 0 -0.000190
3025 0 0 -0.000145
3030 0 0 -0.000110
3035 0 0 -0.000102
3040 0 0 -0.000113
3045 0 0 -0.000130
3050 0 0 -0.000141
3055 0 0 -0.000142
3060 0 0 -0.000130
3065 0 0 -0.000105
3070 0 0 -0.000082
3075 0 0 -0.000080
3080 0 0 -0.000109
3085 0 0 -0.000148
3090 0 0 -0.000170
3095 0 0 -0.000155
3100 0 0 -0.000119
3105 0 0 -0.000090
3110 0 0 -0.000087
3115 0 0 -0.000107
3120 0 0 -0.000140
3125 0 0 -0.000175
3130 0 0 -0.000199
3135 0 0 -0.000200
3140 0 0 -0.000172
3145 0 0 -0.000136
3150 0 0 -0.000120
3155 0 0 -0.000141
3160 0 0 -0.000178
3165 0 0 -0.000200
3170 0 0 -0.000184
3175 0 0 -0.000146
3180 0 0 -0.000110
3185 0 0 -0.000096
3190 0 0 -0.000102
3195 0 0 -0.000120
3200 0 0 -0.000142
3205 0 0 -0.000157
3210 0 0 -0.000150
3215 0 0 -0.000116
3220 0 0 -0.000076
3225 0 0 -0.000060
3230 0 0 -0.000086
3235 0 0 -0.000131
3240 0 0 -0.000160
3245 0 0 -0.000150
3250 0 0 -0.000120
3255 0 0 -0.000100
3260 0 0 -0.000112
3265 0 0 -0.000145
3270 0 0 -0.000180
3275 0 0 -0.000200
3280 0 0 -0.000203
3285 0 0 -0.000190
3290 0 0 -0.000163
3295 0 0 -0.000132
3300 0 0 -0.000110
3305 0 0 -0.000109
3310 0 0 -0.000134
3315 0 0 -0.000190
3320 0 0 -0.000275
3325 0 0 -0.000357
3330 0 0 -0.000400
3335 0 0 -0.000379
3340 0 0 -0.000319
3345 0 0 -0.000260
3350 0 0 -0.000232
3355 0 0 -0.000232
3360 0 0 -0.000250
3365 0 0 -0.000275
3370 0 0 -0.000300
3375 0 0 -0.000320
3380 0 0 -0.000331
3385 0 0 -0.000331
3390 0 0 -0.000320
3395 0 0 -0.000298
3400 0 0 -0.000270
3405 0 0 -0.000240
3410 0 0 -0.000212
3415 0 0 -0.000191
3420 0 0 -0.000180
3425 0 0 -0.000182
3430 0 0 -0.000198
3435 0 0 -0.000230
3440 0 0 -0.000273
3445 0 0 -0.000303
3450 0 0 -0.000290
3455 0 0 -0.000219
3460 0 0 -0.000138
3465 0 0 -0.000110
3470 0 0 -0.000176
3475 0 0 -0.000285
3480 0 0 -0.000360
3485 0 0 -0.000348
3490 0 0 -0.000281
3495 0 0 -0.000210
3500 0 0 -0.000175
3505 0 0 -0.000166
3510 0 0 -0.000160
3515 0 0 -0.000141
3520 0 0 -0.000121
3525 0 0 -0.000120
3530 0 0 -0.000150
3535 0 0 -0.000194
3540 0 0 -0.000230
3545 0 0 -0.000240
3550 0 0 -0.000230
3555 0 0 -0.000210
3560 0 0 -0.000190
3565 0 0 -0.000172
3570 0 0 -0.000160
3575 0 0 -0.000158
3580 0 0 -0.000181
3585 0 0 -0.000250
3590 0 0 -0.000368
3595 0 0 -0.000482
3600 0 0 -0.000520
3605 0 0 -0.000439
3610 0 0 -0.000290
3615 0 0 -0.000150
3620 0 0 -0.000080
3625 0 0 -0.000077
3630 0 0 -0.000120
3635 0 0 -0.000188
3640 0 0 -0.000252
3645 0 0 -0.000280
3650 0 0 -0.000252
3655 0 0 -0.000192
3660 0 0 -0.000140
3665 0 0 -0.000123
3670 0 0 -0.000137
3675 0 0 -0.000170
3680 0 0 -0.000210
3685 0 0 -0.000249
3690 0 0 -0.000280
3695 0 0 -0.000299
3700 0 0 -0.000313
3705 0 0 -0.000330
3710 0 0 -0.000356
3715 0 0 -0.000386
3720 0 0 -0.000410
3725 0 0 -0.000420
3730 0 0 -0.000412
3735 0 0 -0.000380
3740 0 0 -0.000325
3745 0 0 -0.000270
3750 0 0 -0.000240
3755 0 0 -0.000256
3760 0 0 -0.000306
3765 0 0 -0.000370
3770 0 0 -0.000431
3775 0 0 -0.000475
3780 0 0 -0.000490
3785 0 0 -0.000470
3790 0 0 -0.000435
3795 0 0 -0.000410
3800 0 0 -0.000414
3805 0 0 -0.000439
3810 0 0 -0.000470
3815 0 0 -0.000494
3820 0 0 -0.000506
3825 0 0 -0.000500
3830 0 0 -0.000477
3835 0 0 -0.000451
3840 0 0 -0.000440
3845 0 0 -0.000456
3850 0 0 -0.000481
3855 0 0 -0.000490
3860 0 0 -0.000466
3865 0 0 -0.000425
3870 0 0 -0.000390
3875 0 0 -0.000379
3880 0 0 -0.000382
3885 0 0 -0.000380
3890 0 0 -0.000362
3895 0 0 -0.000332
3900 0 0 -0.000300
3905 0 0 -0.000277
3910 0 0 -0.000275
3915 0 0 -0.000310
3920 0 0 -0.000385
3925 0 0 -0.000464
3930 0 0 -0.000500
3935 0 0 -0.000468
3940 0 0 -0.000427
3945 0 0 -0.000460
3950 0 0 -0.000612
3955 0 0 -0.000791
3960 0 0 -0.000870
3965 0 0 -0.000764
3970 0 0 -0.000566
3975 0 0 -0.000410
3980 0 0 -0.000394
3985 0 0 -0.000462
3990 0 0 -0.000520
3995 0 0 -0.000497
4000 0 0 -0.000423
4005 0 0 -0.000350
4010 0 0 -0.000320
4015 0 0 -0.000318
4020 0 0 -0.000320
4025 0 0 -0.000305
4030 0 0 -0.000280
4035 0 0 -0.000260
4040 0 0 -0.000254
4045 0 0 -0.000260
4050 0 0 -0.000270
4055 0 0 -0.000279
4060 0 0 -0.000281
4065 0 0 -0.000270
4070 0 0 -0.000246
4075 0 0 -0.000226
4080 0 0 -0.000230
4085 0 0 -0.000271
4090 0 0 -0.000320
4095 0 0 -0.000340
4100 0 0 -0.000308
4105 0 0 -0.000264
4110 0 0 -0.000260
4115 0 0 -0.000330
4120 0 0 -0.000424
4125 0 0 -0.000470
4130 0 0 -0.000420
4135 0 0 -0.000318
4140 0 0 -0.000230
4145 0 0 -0.000206
4150 0 0 -0.000226
4155 0 0 -0.000250
4160 0 0 -0.000250
4165 0 0 -0.000234
4170 0 0 -0.000220
4175 0 0 -0.000220
4180 0 0 -0.000229
4185 0 0 -0.000240
4190 0 0 -0.000244
4195 0 0 -0.000241
4200 0 0 -0.000230
4205 0 0 -0.000213
4210 0 0 -0.000200
4215 0 0 -0.000200
4220 0 0 -0.000219
4225 0 0 -0.000239
4230 0 0 -0.000240
4235 0 0 -0.000207
4240 0 0 -0.000163
4245 0 0 -0.000140
4250 0 0 -0.000158
4255 0 0 -0.000195
4260 0 0 -0.000220
4265 0 0 -0.000209
4270 0 0 -0.000175
4275 0 0 -0.000140
4280 0 0 -0.000122
4285 0 0 -0.000122
4290 0 0 -0.000140
4295 0 0 -0.000171
4300 0 0 -0.000198
4305 0 0 -0.000200
4310 0 0 -0.000167
4315 0 0 -0.000120
4320 0 0 -0.000090
4325 0 0 -0.000099
4330 0 0 -0.000133
4335 0 0 -0.000170
4340 0 0 -0.000190
4345 0 0 -0.000193
4350 0 0 -0.000180
4355 0 0 -0.000155
4360 0 0 -0.000128
4365 0 0 -0.000110
4370 0 0 -0.000109
4375 0 0 -0.000123
4380 0 0 -0.000150
4385 0 0 -0.000183
4390 0 0 -0.000208
4395 0 0 -0.000210
4400 0 0 -0.000181
4405 0 0 -0.000141
4410 0 0 -0.000120
4415 0 0 -0.000136
4420 0 0 -0.000167
4425 0 0 -0.000180
4430 0 0 -0.000154
4435 0 0 -0.000109
4440 0 0 -0.000080
4445 0 0 -0.000088
4450 0 0 -0.000117
4455 0 0 -0.000140
4460 0 0 -0.000137
4465 0 0 -0.000118
4470 0 0 -0.000100
4475 0 0 -0.000095
4480 0 0 -0.000101
4485 0 0 -0.000110
4490 0 0 -0.000117
4495 0 0 -0.000120
4500 0 0 -0.000120
4505 0 0 -0.000117
4510 0 0 -0.000118
4515 0 0 -0.000130
4520 0 0 -0.000156
4525 0 0 -0.000183
4530 0 0 -0.000190
4535 0 0 -0.000167
4540 0 0 -0.000134
4545 0 0 -0.000120
4550 0 0 -0.000142
4555 0 0 -0.000177
4560 0 0 -0.000190
4565 0 0 -0.000158
4570 0 0 -0.000109
4575 0 0 -0.000080
4580 0 0 -0.000097
4585 0 0 -0.000136
4590 0 0 -0.000160
4595 0 0 -0.000142
4600 0 0 -0.000105
4605 0 0 -0.000080
4610 0 0 -0.000091
4615 0 0 -0.000120
4620 0 0 -0.000140
4625 0 0 -0.000130
4630 0 0 -0.000106
4635 0 0 -0.000090
4640 0 0 -0.000098
4645 0 0 -0.000120
4650 0 0 -0.000140
4655 0 0 -0.000145
4660 0 0 -0.000141
4665 0 0 -0.000140
4670 0 0 -0.000148
4675 0 0 -0.000161
4680 0 0 -0.000170
4685 0 0 -0.000168
4690 0 0 -0.000160
4695 0 0 -0.000150
4700 0 0 -0.000143
4705 0 0 -0.000140
4710 0 0 -0.000140
4715 0 0 -0.000140
4720 0 0 -0.000133
4725 0 0 -0.000110
4730 0 0 -0.000072
4735 0 0 -0.000054
4740 0 0 -0.000100
4745 0 0 -0.000233
4750 0 0 -0.000383
4755 0 0 -0.000460
4760 0 0 -0.000403
4765 0 0 -0.000280
4770 0 0 -0.000190
4775 0 0 -0.000204
4780 0 0 -0.000278
4785 0 0 -0.000340
4790 0 0 -0.000337
4795 0 0 -0.000298
4800 0 0 -0.000270
4805 0 0 -0.000288
4810 0 0 -0.000333
4815 0 0 -0.000370
4820 0 0 -0.000374
4825 0 0 -0.000349
4830 0 0 -0.000310
4835 0 0 -0.000267
4840 0 0 -0.000223
4845 0 0 -0.000180
4850 0 0 -0.000142
4855 0 0 -0.000124
4860 0 0 -0.000140
4865 0 0 -0.000197
4870 0 0 -0.000259
4875 0 0 -0.000280
4880 0 0 -0.000231
4885 0 0 -0.000152
4890 0 0 -0.000100
4895 0 0 -0.000113
4900 0 0 -0.000163
4905 0 0 -0.000200
4910 0 0 -0.000192
4915 0 0 -0.000158
4920 0 0 -0.000130
4925 0 0 -0.000136
4930 0 0 -0.000180
4935 0 0 -0.000260
4940 0 0 -0.000367
4945 0 0 -0.000464
4950 0 0 -0.000510
4955 0 0 -0.000477
4960 0 0 -0.000397
4965 0 0 -0.000320
4970 0 0 -0.000281
4975 0 0 -0.000269
4980 0 0 -0.000260
4985 0 0 -0.000237
4990 0 0 -0.000213
4995 0 0 -0.000210
5000 0 0 -0.000242
5005 0 0 -0.000295
5010 0 0 -0.000350
5015 0 0 -0.000389
5020 0 0 -0.000407
5025 0 0 -0.000400
5030 0 0 -0.000368
5035 0 0 -0.000315
5040 0 0 -0.000250
5045 0 0 -0.000181
5050 0 0 -0.000128
5055 0 0 -0.000110
5060 0 0 -0.000139
5065 0 0 -0.000190
5070 0 0 -0.000230
5075 0 0 -0.000233
5080 0 0 -0.000213
5085 0 0 -0.000190
5090 0 0 -0.000182
5095 0 0 -0.000190
5100 0 0 -0.000210
5105 0 0 -0.000236
5110 0 0 -0.000258
5115 0 0 -0.000260
5120 0 0 -0.000236
5125 0 0 -0.000205
5130 0 0 -0.000190
5135 0 0 -0.000209
5140 0 0 -0.000252
5145 0 0 -0.000300
5150 0 0 -0.000338
5155 0 0 -0.000357
5160 0 0 -0.000350
5165 0 0 -0.000319
5170 0 0 -0.000296
5175 0 0 -0.000320
5180 0 0 -0.000411
5185 0 0 -0.000513
5190 0 0 -0.000550
5195 0 0 -0.000472
5200 0 0 -0.000327
5205 0 0 -0.000190
5210 0 0 -0.000120
5215 0 0 -0.000119
5220 0 0 -0.000170
5225 0 0 -0.000257
5230 0 0 -0.000348
5235 0 0 -0.000410
5240 0 0 -0.000419
5245 0 0 -0.000398
5250 0 0 -0.000380
5255 0 0 -0.000389
5260 0 0 -0.000401
5265 0 0 -0.000380
5270 0 0 -0.000306
5275 0 0 -0.000213
5280 0 0 -0.000150
5285 0 0 -0.000150
5290 0 0 -0.000192
5295 0 0 -0.000240
5300 0 0 -0.000266
5305 0 0 -0.000270
5310 0 0 -0.000260
5315 0 0 -0.000244
5320 0 0 -0.000228
5325 0 0 -0.000220
5330 0 0 -0.000223
5335 0 0 -0.000235
5340 0 0 -0.000250
5345 0 0 -0.000266
5350 0 0 -0.000297
5355 0 0 -0.000360
5360 0 0 -0.000468
5365 0 0 -0.000613
5370 0 0 -0.000780
5375 0 0 -0.000947
5380 0 0 -0.001054
5385 0 0 -0.001030
5390 0 0 -0.000839
5395 0 0 -0.000573
5400 0 0 -0.000360
5405 0 0 -0.000294
5410 0 0 -0.000342
5415 0 0 -0.000440
5420 0 0 -0.000531
5425 0 0 -0.000585
5430 0 0 -0.000580
5435 0 0 -0.000507
5440 0 0 -0.000403
5445 0 0 -0.000320
5450 0 0 -0.000293
5455 0 0 -0.000307
5460 0 0 -0.000330
5465 0 0 -0.000340
5470 0 0 -0.000339
5475 0 0 -0.000340
5480 0 0 -0.000348
5485 0 0 -0.000358
5490 0 0 -0.000360
5495 0 0 -0.000348
5500 0 0 -0.000336
5505 0 0 -0.000340
5510 0 0 -0.000370
5515 0 0 -0.000406
5520 0 0 -0.000420
5525 0 0 -0.000396
5530 0 0 -0.000363
5535 0 0 -0.000360
5540 0 0 -0.000413
5545 0 0 -0.000488
5550 0 0 -0.000540
5555 0 0 -0.000533
5560 0 0 -0.000478
5565 0 0 -0.000400
5570 0 0 -0.000321
5575 0 0 -0.000256
5580 0 0 -0.000220
5585 0 0 -0.000221
5590 0 0 -0.000242
5595 0 0 -0.000260
5600 0 0 -0.000259
5605 0 0 -0.000242
5610 0 0 -0.000220
5615 0 0 -0.000202
5620 0 0 -0.000193
5625 0 0 -0.000200
5630 0 0 -0.000224
5635 0 0 -0.000252
5640 0 0 -0.000270
5645 0 0 -0.000268
5650 0 0 -0.000258
5655 0 0 -0.000260
5660 0 0 -0.000285
5665 0 0 -0.000317
5670 0 0 -0.000330
5675 0 0 -0.000309
5680 0 0 -0.000265
5685 0 0 -0.000220
5690 0 0 -0.000188
5695 0 0 -0.000167
5700 0 0 -0.000150
5705 0 0 -0.000131
5710 0 0 -0.000113
5715 0 0 -0.000100
5720 0 0 -0.000095
5725 0 0 -0.000104
5730 0 0 -0.000130
5735 0 0 -0.000173
5740 0 0 -0.000212
5745 0 0 -0.000220
5750 0 0 -0.000183
5755 0 0 -0.000127
5760 0 0 -0.000090
5765 0 0 -0.000100
5770 0 0 -0.000139
5775 0 0 -0.000180
5780 0 0 -0.000201
5785 0 0 -0.000207
5790 0 0 -0.000210
5795 0 0 -0.000219
5800 0 0 -0.000224
5805 0 0 -0.000210
5810 0 0 -0.000171
5815 0 0 -0.000129
5820 0 0 -0.000110
5825 0 0 -0.000133
5830 0 0 -0.000175
5835 0 0 -0.000200
5840 0 0 -0.000185
5845 0 0 -0.000146
5850 0 0 -0.000110
5855 0 0 -0.000097
5860 0 0 -0.000104
5865 0 0 -0.000120
5870 0 0 -0.000136
5875 0 0 -0.000145
5880 0 0 -0.000140
5885 0 0 -0.000119
5890 0 0 -0.000097
5895 0 0 -0.000090
5900 0 0 -0.000111
5905 0 0 -0.000142
5910 0 0 -0.000160
5915 0 0 -0.000149
5920 0 0 -0.000125
5925 0 0 -0.000110
5930 0 0 -0.000121
5935 0 0 -0.000147
5940 0 0 -0.000170
5945 0 0 -0.000177
5950 0 0 -0.000171
5955 0 0 -0.000160
5960 0 0 -0.000150
5965 0 0 -0.000145
5970 0 0 -0.000150
5975 0 0 -0.000165
5980 0 0 -0.000177
5985 0 0 -0.000170
5990 0 0 -0.000136
5995 0 0 -0.000096
6000 0 0 -0.000080
6005 0 0 -0.000107
6010 0 0 -0.000149
6015 0 0 -0.000170
6020 0 0 -0.000144
6025 0 0 -0.000098
6030 0 0 -0.000070
6035 0 0 -0.000088
6040 0 0 -0.000130
6045 0 0 -0.000160
6050 0 0 -0.000154
6055 0 0 -0.000126
6060 0 0 -0.000100
6065 0 0 -0.000094
6070 0 0 -0.000106
6075 0 0 -0.000130
6080 0 0 -0.000158
6085 0 0 -0.000178
6090 0 0 -0.000180
6095 0 0 -0.000157
6100 0 0 -0.000128
6105 0 0 -0.000120
6110 0 0 -0.000148
6115 0 0 -0.000186
6120 0 0 -0.000200
6125 0 0 -0.000166
6130 0 0 -0.000112
6135 0 0 -0.000080
6140 0 0 -0.000098
6145 0 0 -0.000138
6150 0 0 -0.000160
6155 0 0 -0.000137
6160 0 0 -0.000094
6165 0 0 -0.000070
6170 0 0 -0.000092
6175 0 0 -0.000131
6180 0 0 -0.000150
6185 0 0 -0.000122
6190 0 0 -0.000085
6195 0 0 -0.000090
6200 0 0 -0.000171
6205 0 0 -0.000289
6210 0 0 -0.000390
6215 0 0 -0.000430
6220 0 0 -0.000419
6225 0 0 -0.000380
6230 0 0 -0.000333
6235 0 0 -0.000295
6240 0 0 -0.000280
6245 0 0 -0.000296
6250 0 0 -0.000330
6255 0 0 -0.000360
6260 0 0 -0.000370
6265 0 0 -0.000359
6270 0 0 -0.000330
6275 0 0 -0.000288
6280 0 0 -0.000246
6285 0 0 -0.000220
6290 0 0 -0.000221
6295 0 0 -0.000236
6300 0 0 -0.000250
6305 0 0 -0.000248
6310 0 0 -0.000230
6315 0 0 -0.000200
6320 0 0 -0.000162
6325 0 0 -0.000130
6330 0 0 -0.000120
6335 0 0 -0.000140
6340 0 0 -0.000172
6345 0 0 -0.000190
6350 0 0 -0.000177
6355 0 0 -0.000154
6360 0 0 -0.000150
6365 0 0 -0.000184
6370 0 0 -0.000232
6375 0 0 -0.000260
6380 0 0 -0.000245
6385 0 0 -0.000205
6390 0 0 -0.000170
6395 0 0 -0.000165
6400 0 0 -0.000203
6405 0 0 -0.000290
6410 0 0 -0.000422
6415 0 0 -0.000542
6420 0 0 -0.000580
6425 0 0 -0.000492
6430 0 0 -0.000339
6435 0 0 -0.000210
6440 0 0 -0.000169
6445 0 0 -0.000187
6450 0 0 -0.000210
6455 0 0 -0.000198
6460 0 0 -0.000163
6465 0 0 -0.000130
6470 0 0 -0.000118
6475 0 0 -0.000125
6480 0 0 -0.000140
6485 0 0 -0.000157
6490 0 0 -0.000171
6495 0 0 -0.000180
6500 0 0 -0.000183
6505 0 0 -0.000182
6510 0 0 -0.000180
6515 0 0 -0.000181
6520 0 0 -0.000191
6525 0 0 -0.000220
6530 0 0 -0.000269
6535 0 0 -0.000323
6540 0 0 -0.000360
6545 0 0 -0.000365
6550 0 0 -0.000347
6555 0 0 -0.000320
6560 0 0 -0.000296
6565 0 0 -0.000272
6570 0 0 -0.000240
6575 0 0 -0.000197
6580 0 0 -0.000157
6585 0 0 -0.000140
6590 0 0 -0.000155
6595 0 0 -0.000179
6600 0 0 -0.000180
6605 0 0 -0.000142
6610 0 0 -0.000109
6615 0 0 -0.000140
6620 0 0 -0.000269
6625 0 0 -0.000422
6630 0 0 -0.000500
6635 0 0 -0.000435
6640 0 0 -0.000290
6645 0 0 -0.000160
6650 0 0 -0.000117
6655 0 0 -0.000141
6660 0 0 -0.000190
6665 0 0 -0.000229
6670 0 0 -0.000249
6675 0 0 -0.000250
6680 0 0 -0.000232
6685 0 0 -0.000208
6690 0 0 -0.000190
6695 0 0 -0.000189
6700 0 0 -0.000200
6705 0 0 -0.000210
6710 0 0 -0.000215
6715 0 0 -0.000226
6720 0 0 -0.000260
6725 0 0 -0.000331
6730 0 0 -0.000443
6735 0 0 -0.000600
6740 0 0 -0.000786
6745 0 0 -0.000922
6750 0 0 -0.000910
6755 0 0 -0.000699
6760 0 0 -0.000420
6765 0 0 -0.000250
6770 0 0 -0.000308
6775 0 0 -0.000485
6780 0 0 -0.000610
6785 0 0 -0.000564
6790 0 0 -0.000418
6795 0 0 -0.000290
6800 0 0 -0.000268
6805 0 0 -0.000319
6810 0 0 -0.000380
6815 0 0 -0.000405
6820 0 0 -0.000416
6825 0 0 -0.000450
6830 0 0 -0.000529
6835 0 0 -0.000610
6840 0 0 -0.000630
6845 0 0 -0.000553
6850 0 0 -0.000436
6855 0 0 -0.000360
6860 0 0 -0.000381
6865 0 0 -0.000449
6870 0 0 -0.000490
6875 0 0 -0.000452
6880 0 0 -0.000375
6885 0 0 -0.000320
6890 0 0 -0.000331
6895 0 0 -0.000379
6900 0 0 -0.000420
6905 0 0 -0.000419
6910 0 0 -0.000390
6915 0 0 -0.000360
6920 0 0 -0.000348
6925 0 0 -0.000349
6930 0 0 -0.000350
6935 0 0 -0.000342
6940 0 0 -0.000334
6945 0 0 -0.000340
6950 0 0 -0.000368
6955 0 0 -0.000409
6960 0 0 -0.000450
6965 0 0 -0.000480
6970 0 0 -0.000491
6975 0 0 -0.000480
6980 0 0 -0.000445
6985 0 0 -0.000405
6990 0 0 -0.000380
6995 0 0 -0.000386
7000 0 0 -0.000407
7005 0 0 -0.000420
7010 0 0 -0.000410
7015 0 0 -0.000387
7020 0 0 -0.000370
7025 0 0 -0.000370
7030 0 0 -0.000379
7035 0 0 -0.000380
7040 0 0 -0.000366
7045 0 0 -0.000357
7050 0 0 -0.000380
7055 0 0 -0.000449
7060 0 0 -0.000524
7065 0 0 -0.000550
7070 0 0 -0.000493
7075 0 0 -0.000395
7080 0 0 -0.000320
7085 0 0 -0.000312
7090 0 0 -0.000346
7095 0 0 -0.000380
7100 0 0 -0.000380
7105 0 0 -0.000349
7110 0 0 -0.000300
7115 0 0 -0.000246
7120 0 0 -0.000203
7125 0 0 -0.000190
7130 0 0 -0.000216
7135 0 0 -0.000254
7140 0 0 -0.000270
7145 0 0 -0.000240
7150 0 0 -0.000183
7155 0 0 -0.000130
7160 0 0 -0.000105
7165 0 0 -0.000107
7170 0 0 -0.000130
7175 0 0 -0.000166
7180 0 0 -0.000196
7185 0 0 -0.000200
7190 0 0 -0.000167
7195 0 0 -0.000122
7200 0 0 -0.000100
7205 0 0 -0.000124
7210 0 0 -0.000175
7215 0 0 -0.000220
7220 0 0 -0.000236
7225 0 0 -0.000231
7230 0 0 -0.000220
7235 0 0 -0.000215
7240 0 0 -0.000208
7245 0 0 -0.000190
7250 0 0 -0.000154
7255 0 0 -0.000117
7260 0 0 -0.000100
7265 0 0 -0.000117
7270 0 0 -0.000150
7275 0 0 -0.000170
7280 0 0 -0.000159
7285 0 0 -0.000129
7290 0 0 -0.000100
7295 0 0 -0.000088
7300 0 0 -0.000093
7305 0 0 -0.000110
7310 0 0 -0.000134
7315 0 0 -0.000152
7320 0 0 -0.000150
7325 0 0 -0.000122
7330 0 0 -0.000089
7335 0 0 -0.000080
7340 0 0 -0.000114
7345 0 0 -0.000165
7350 0 0 -0.000200
7355 0 0 -0.000193
7360 0 0 -0.000164
7365 0 0 -0.000140
7370 0 0 -0.000143
7375 0 0 -0.000162
7380 0 0 -0.000180
7385 0 0 -0.000182
7390 0 0 -0.000170
7395 0 0 -0.000150
7400 0 0 -0.000129
7405 0 0 -0.000113
7410 0 0 -0.000110
7415 0 0 -0.000123
7420 0 0 -0.000138
7425 0 0 -0.000140
7430 0 0 -0.000118
7435 0 0 -0.000090
7440 0 0 -0.000080
7445 0 0 -0.000104
7450 0 0 -0.000140
7455 0 0 -0.000160
7460 0 0 -0.000143
7465 0 0 -0.000110
7470 0 0 -0.000090
7475 0 0 -0.000105
7480 0 0 -0.000140
7485 0 0 -0.000170
7490 0 0 -0.000176
7495 0 0 -0.000165
7500 0 0 -0.000150
7505 0 0 -0.000142
7510 0 0 -0.000142
7515 0 0 -0.000150
7520 0 0 -0.000163
7525 0 0 -0.000173
7530 0 0 -0.000170
7535 0 0 -0.000148
7540 0 0 -0.000122
7545 0 0 -0.000110
7550 0 0 -0.000123
7555 0 0 -0.000145
7560 0 0 -0.000150
7565 0 0 -0.000123
7570 0 0 -0.000086
7575 0 0 -0.000070
7580 0 0 -0.000095
7585 0 0 -0.000136
7590 0 0 -0.000160
7595 0 0 -0.000142
7600 0 0 -0.000104
7605 0 0 -0.000080
7610 0 0 -0.000092
7615 0 0 -0.000122
7620 0 0 -0.000140
7625 0 0 -0.000128
7630 0 0 -0.000112
7635 0 0 -0.000130
7640 0 0 -0.000206
7645 0 0 -0.000308
7650 0 0 -0.000390
7655 0 0 -0.000418
7660 0 0 -0.000403
7665 0 0 -0.000370
7670 0 0 -0.000338
7675 0 0 -0.000313
7680 0 0 -0.000300
7685 0 0 -0.000301
7690 0 0 -0.000310
7695 0 0 -0.000320
7700 0 0 -0.000326
7705 0 0 -0.000323
7710 0 0 -0.000310
7715 0 0 -0.000284
7720 0 0 -0.000249
7725 0 0 -0.000210
7730 0 0 -0.000173
7735 0 0 -0.000146
7740 0 0 -0.000140
7745 0 0 -0.000158
7750 0 0 -0.000183
7755 0 0 -0.000190
7760 0 0 -0.000166
7765 0 0 -0.000137
7770 0 0 -0.000140
7775 0 0 -0.000199
7780 0 0 -0.000278
7785 0 0 -0.000330
7790 0 0 -0.000320
7795 0 0 -0.000274
7800 0 0 -0.000230
7805 0 0 -0.000218
7810 0 0 -0.000227
7815 0 0 -0.000240
7820 0 0 -0.000240
7825 0 0 -0.000225
7830 0 0 -0.000200
7835 0 0 -0.000169
7840 0 0 -0.000146
7845 0 0 -0.000150
7850 0 0 -0.000189
7855 0 0 -0.000237
7860 0 0 -0.000260
7865 0 0 -0.000240
7870 0 0 -0.000222
7875 0 0 -0.000270
7880 0 0 -0.000417
7885 0 0 -0.000591
7890 0 0 -0.000690
7895 0 0 -0.000645
7900 0 0 -0.000510
7905 0 0 -0.000370
7910 0 0 -0.000292
7915 0 0 -0.000260
7920 0 0 -0.000240
7925 0 0 -0.000207
7930 0 0 -0.000170
7935 0 0 -0.000150
7940 0 0 -0.000160
7945 0 0 -0.000189
7950 0 0 -0.000220
7955 0 0 -0.000239
7960 0 0 -0.000242
7965 0 0 -0.000230
7970 0 0 -0.000205
7975 0 0 -0.000179
7980 0 0 -0.000170
7985 0 0 -0.000187
7990 0 0 -0.000216
7995 0 0 -0.000240
8000 0 0 -0.000244
8005 0 0 -0.000234
8010 0 0 -0.000220
8015 0 0 -0.000212
8020 0 0 -0.000214
8025 0 0 -0.000230
8030 0 0 -0.000258
8035 0 0 -0.000282
8040 0 0 -0.000280
8045 0 0 -0.000243
8050 0 0 -0.000207
8055 0 0 -0.000220
8060 0 0 -0.000311
8065 0 0 -0.000431
8070 0 0 -0.000510
8075 0 0 -0.000501
8080 0 0 -0.000444
8085 0 0 -0.000400
8090 0 0 -0.000412
8095 0 0 -0.000459
8100 0 0 -0.000500
8105 0 0 -0.000505
8110 0 0 -0.000478
8115 0 0 -0.000430
8120 0 0 -0.000376
8125 0 0 -0.000333
8130 0 0 -0.000320
8135 0 0 -0.000347
8140 0 0 -0.000381
8145 0 0 -0.000380
8150 0 0 -0.000323
8155 0 0 -0.000277
8160 0 0 -0.000330
8165 0 0 -0.000536
8170 0 0 -0.000802
8175 0 0 -0.001000
8180 0 0 -0.001034
8185 0 0 -0.000941
8190 0 0 -0.000790
8195 0 0 -0.000641
8200 0 0 -0.000514
8205 0 0 -0.000420
8210 0 0 -0.000369
8215 0 0 -0.000360
8220 0 0 -0.000390
8225 0 0 -0.000456
8230 0 0 -0.000549
8235 0 0 -0.000660
8240 0 0 -0.000774
8245 0 0 -0.000857
8250 0 0 -0.000870
8255 0 0 -0.000791
8260 0 0 -0.000662
8265 0 0 -0.000540
8270 0 0 -0.000470
8275 0 0 -0.000442
8280 0 0 -0.000430
8285 0 0 -0.000415
8290 0 0 -0.000397
8295 0 0 -0.000380
8300 0 0 -0.000368
8305 0 0 -0.000356
8310 0 0 -0.000340
8315 0 0 -0.000317
8320 0 0 -0.000299
8325 0 0 -0.000300
8330 0 0 -0.000329
8335 0 0 -0.000370
8340 0 0 -0.000400
8345 0 0 -0.000402
8350 0 0 -0.000386
8355 0 0 -0.000370
8360 0 0 -0.000366
8365 0 0 -0.000374
8370 0 0 -0.000390
8375 0 0 -0.000407
8380 0 0 -0.000412
8385 0 0 -0.000390
8390 0 0 -0.000333
8395 0 0 -0.000263
8400 0 0 -0.000210
8405 0 0 -0.000197
8410 0 0 -0.000213
8415 0 0 -0.000240
8420 0 0 -0.000261
8425 0 0 -0.000267
8430 0 0 -0.000250
8435 0 0 -0.000211
8440 0 0 -0.000179
8445 0 0 -0.000190
8450 0 0 -0.000267
8455 0 0 -0.000376
8460 0 0 -0.000470
8465 0 0 -0.000512
8470 0 0 -0.000502
8475 0 0 -0.000450
8480 0 0 -0.000369
8485 0 0 -0.000293
8490 0 0 -0.000260
8495 0 0 -0.000291
8500 0 0 -0.000349
8505 0 0 -0.000380
8510 0 0 -0.000348
8515 0 0 -0.000292
8520 0 0 -0.000270
8525 0 0 -0.000318
8530 0 0 -0.000393
8535 0 0 -0.000430
8540 0 0 -0.000384
8545 0 0 -0.000284
8550 0 0 -0.000180
8555 0 0 -0.000110
8560 0 0 -0.000079
8565 0 0 -0.000080
8570 0 0 -0.000107
8575 0 0 -0.000143
8580 0 0 -0.000170
8585 0 0 -0.000176
8590 0 0 -0.000166
8595 0 0 -0.000150
8600 0 0 -0.000139
8605 0 0 -0.000140
8610 0 0 -0.000160
8615 0 0 -0.000201
8620 0 0 -0.000240
8625 0 0 -0.000250
8630 0 0 -0.000214
8635 0 0 -0.000158
8640 0 0 -0.000120
8645 0 0 -0.000126
8650 0 0 -0.000159
8655 0 0 -0.000190
8660 0 0 -0.000196
8665 0 0 -0.000185
8670 0 0 -0.000170
8675 0 0 -0.000162
8680 0 0 -0.000155
8685 0 0 -0.000140
8690 0 0 -0.000113
8695 0 0 -0.000087
8700 0 0 -0.000080
8705 0 0 -0.000104
8710 0 0 -0.000141
8715 0 0 -0.000170
8720 0 0 -0.000173
8725 0 0 -0.000158
8730 0 0 -0.000140
8735 0 0 -0.000132
8740 0 0 -0.000136
8745 0 0 -0.000150
8750 0 0 -0.000172
8755 0 0 -0.000190
8760 0 0 -0.000190
8765 0 0 -0.000166
8770 0 0 -0.000134
8775 0 0 -0.000120
8780 0 0 -0.000138
8785 0 0 -0.000168
8790 0 0 -0.000180
8795 0 0 -0.000154
8800 0 0 -0.000111
8805 0 0 -0.000080
8810 0 0 -0.000083
8815 0 0 -0.000107
8820 0 0 -0.000130
8825 0 0 -0.000134
8830 0 0 -0.000124
8835 0 0 -0.000110
8840 0 0 -0.000100
8845 0 0 -0.000098
8850 0 0 -0.000110
8855 0 0 -0.000136
8860 0 0 -0.000162
8865 0 0 -0.000170
8870 0 0 -0.000151
8875 0 0 -0.000125
8880 0 0 -0.000120
8885 0 0 -0.000154
8890 0 0 -0.000200
8895 0 0 -0.000220
8900 0 0 -0.000189
8905 0 0 -0.000136
8910 0 0 -0.000100
8915 0 0 -0.000110
8920 0 0 -0.000145
8925 0 0 -0.000170
8930 0 0 -0.000160
8935 0 0 -0.000129
8940 0 0 -0.000100
8945 0 0 -0.000090
8950 0 0 -0.000096
8955 0 0 -0.000110
8960 0 0 -0.000125
8965 0 0 -0.000134
8970 0 0 -0.000130
8975 0 0 -0.000111
8980 0 0 -0.000092
8985 0 0 -0.000090
8990 0 0 -0.000117
8995 0 0 -0.000153
9000 0 0 -0.000170
9005 0 0 -0.000151
9010 0 0 -0.000119
9015 0 0 -0.000110
9020 0 0 -0.000145
9025 0 0 -0.000195
9030 0 0 -0.000220
9035 0 0 -0.000192
9040 0 0 -0.000138
9045 0 0 -0.000100
9050 0 0 -0.000106
9055 0 0 -0.000137
9060 0 0 -0.000160
9065 0 0 -0.000153
9070 0 0 -0.000126
9075 0 0 -0.000100
9080 0 0 -0.000090
9085 0 0 -0.000098
9090 0 0 -0.000120
9095 0 0 -0.000151
9100 0 0 -0.000177
9105 0 0 -0.000180
9110 0 0 -0.000152
9115 0 0 -0.000112
9120 0 0 -0.000090
9125 0 0 -0.000104
9130 0 0 -0.000139
9135 0 0 -0.000170
9140 0 0 -0.000182
9145 0 0 -0.000191
9150 0 0 -0.000220
9155 0 0 -0.000284
9160 0 0 -0.000361
9165 0 0 -0.000420
9170 0 0 -0.000438
9175 0 0 -0.000420
9180 0 0 -0.000380
9185 0 0 -0.000331
9190 0 0 -0.000282
9195 0 0 -0.000240
9200 0 0 -0.000212
9205 0 0 -0.000191
9210 0 0 -0.000170
9215 0 0 -0.000144
9220 0 0 -0.000128
9225 0 0 -0.000140
9230 0 0 -0.000189
9235 0 0 -0.000245
9240 0 0 -0.000270
9245 0 0 -0.000238
9250 0 0 -0.000179
9255 0 0 -0.000140
9260 0 0 -0.000151
9265 0 0 -0.000190
9270 0 0 -0.000220
9275 0 0 -0.000216
9280 0 0 -0.000193
9285 0 0 -0.000180
9290 0 0 -0.000195
9295 0 0 -0.000225
9300 0 0 -0.000250
9305 0 0 -0.000254
9310 0 0 -0.000239
9315 0 0 -0.000210
9320 0 0 -0.000175
9325 0 0 -0.000147
9330 0 0 -0.000140
9335 0 0 -0.000162
9340 0 0 -0.000191
9345 0 0 -0.000200
9350 0 0 -0.000171
9355 0 0 -0.000129
9360 0 0 -0.000110
9365 0 0 -0.000140
9370 0 0 -0.000207
9375 0 0 -0.000290
9380 0 0 -0.000369
9385 0 0 -0.000425
9390 0 0 -0.000440
9395 0 0 -0.000404
9400 0 0 -0.000338
9405 0 0 -0.000270
9410 0 0 -0.000224
9415 0 0 -0.000202
9420 0 0 -0.000200
9425 0 0 -0.000213
9430 0 0 -0.000229
9435 0 0 -0.000230
9440 0 0 -0.000208
9445 0 0 -0.000181
9450 0 0 -0.000170
9455 0 0 -0.000191
9460 0 0 -0.000224
9465 0 0 -0.000240
9470 0 0 -0.000219
9475 0 0 -0.000175
9480 0 0 -0.000130
9485 0 0 -0.000105
9490 0 0 -0.000107
9495 0 0 -0.000140
9500 0 0 -0.000203
9505 0 0 -0.000265
9510 0 0 -0.000290
9515 0 0 -0.000255
9520 0 0 -0.000187
9525 0 0 -0.000130
9530 0 0 -0.000116
9535 0 0 -0.000143
9540 0 0 -0.000200
9545 0 0 -0.000274
9550 0 0 -0.000340
9555 0 0 -0.000370
9560 0 0 -0.000349
9565 0 0 -0.000308
9570 0 0 -0.000290
9575 0 0 -0.000324
9580 0 0 -0.000377
9585 0 0 -0.000400
9590 0 0 -0.000362
9595 0 0 -0.000293
9600 0 0 -0.000240
9605 0 0 -0.000240
9610 0 0 -0.000289
9615 0 0 -0.000370
9620 0 0 -0.000466
9625 0 0 -0.000547
9630 0 0 -0.000580
9635 0 0 -0.000546
9640 0 0 -0.000477
9645 0 0 -0.000420
9650 0 0 -0.000408
9655 0 0 -0.000417
9660 0 0 -0.000410
9665 0 0 -0.000368
9670 0 0 -0.000336
9675 0 0 -0.000380
9680 0 0 -0.000534
9685 0 0 -0.000720
9690 0 0 -0.000830
9695 0 0 -0.000794
9700 0 0 -0.000687
9705 0 0 -0.000620
9710 0 0 -0.000669
9715 0 0 -0.000762
9720 0 0 -0.000790
9725 0 0 -0.000679
9730 0 0 -0.000493
9735 0 0 -0.000330
9740 0 0 -0.000264
9745 0 0 -0.000268
9750 0 0 -0.000290
9755 0 0 -0.000290
9760 0 0 -0.000274
9765 0 0 -0.000260
9770 0 0 -0.000260
9775 0 0 -0.000267
9780 0 0 -0.000270
9785 0 0 -0.000263
9790 0 0 -0.000255
9795 0 0 -0.000260
9800 0 0 -0.000287
9805 0 0 -0.000321
9810 0 0 -0.000340
9815 0 0 -0.000333
9820 0 0 -0.000323
9825 0 0 -0.000340
9830 0 0 -0.000403
9835 0 0 -0.000475
9840 0 0 -0.000510
9845 0 0 -0.000473
9850 0 0 -0.000392
9855 0 0 -0.000310
9860 0 0 -0.000260
9865 0 0 -0.000236
9870 0 0 -0.000220
9875 0 0 -0.000201
9880 0 0 -0.000190
9885 0 0 -0.000200
9890 0 0 -0.000239
9895 0 0 -0.000283
9900 0 0 -0.000300
9905 0 0 -0.000269
9910 0 0 -0.000212
9915 0 0 -0.000160
9920 0 0 -0.000140
9925 0 0 -0.000149
9930 0 0 -0.000180
9935 0 0 -0.000222
9940 0 0 -0.000256
9945 0 0 -0.000260
9950 0 0 -0.000224
9955 0 0 -0.000174
9960 0 0 -0.000150
9965 0 0 -0.000176
9970 0 0 -0.000225
9975 0 0 -0.000260
9980 0 0 -0.000253
9985 0 0 -0.000226
9990 0 0 -0.000210
9995 0 0 -0.000229
10000 0 0 -0.000265
10005 0 0 -0.000290
10010 0 0 -0.000283
10015 0 0 -0.000251
10020 0 0 -0.000210
10025 0 0 -0.000174
10030 0 0 -0.000149
10035 0 0 -0.000140
10040 0 0 -0.000150
10045 0 0 -0.000173
10050 0 0 -0.000200
10055 0 0 -0.000222
10060 0 0 -0.000236
10065 0 0 -0.000240
10070 0 0 -0.000230
10075 0 0 -0.000204
