0 0 0 -0.000420
5 0 0 -0.000428
10 0 0 -0.000443
15 0 0 -0.000460
20 0 0 -0.000477
25 0 0 -0.000492
30 0 0 -0.000500
35 0 0 -0.000500
40 0 0 -0.000493
45 0 0 -0.000480
50 0 0 -0.000463
55 0 0 -0.000441
60 0 0 -0.000410
65 0 0 -0.000371
70 0 0 -0.000339
75 0 0 -0.000330
80 0 0 -0.000356
85 0 0 -0.000398
90 0 0 -0.000430
95 0 0 -0.000433
100 0 0 -0.000415
105 0 0 -0.000390
110 0 0 -0.000369
115 0 0 -0.000354
120 0 0 -0.000340
125 0 0 -0.000328
130 0 0 -0.000319
135 0 0 -0.000320
140 0 0 -0.000331
145 0 0 -0.000342
150 0 0 -0.000340
155 0 0 -0.000317
160 0 0 -0.000285
165 0 0 -0.000260
170 0 0 -0.000256
175 0 0 -0.000268
180 0 0 -0.000290
185 0 0 -0.000313
190 0 0 -0.000329
195 0 0 -0.000330
200 0 0 -0.000310
205 0 0 -0.000282
210 0 0 -0.000260
215 0 0 -0.000255
220 0 0 -0.000262
225 0 0 -0.000270
230 0 0 -0.000270
235 0 0 -0.000260
240 0 0 -0.000240
245 0 0 -0.000211
250 0 0 -0.000181
255 0 0 -0.000160
260 0 0 -0.000156
265 0 0 -0.000168
270 0 0 -0.000190
275 0 0 -0.000217
280 0 0 -0.000238
285 0 0 -0.000240
290 0 0 -0.000217
295 0 0 -0.000183
300 0 0 -0.000160
305 0 0 -0.000162
310 0 0 -0.000180
315 0 0 -0.000200
320 0 0 -0.000211
325 0 0 -0.000211
330 0 0 -0.000200
335 0 0 -0.000181
340 0 0 -0.000164
345 0 0 -0.000160
350 0 0 -0.000176
355 0 0 -0.000201
360 0 0 -0.000220
365 0 0 -0.000222
370 0 0 -0.000210
375 0 0 -0.000190
380 0 0 -0.000169
385 0 0 -0.000156
390 0 0 -0.000160
395 0 0 -0.000184
400 0 0 -0.000217
405 0 0 -0.000240
410 0 0 -0.000241
415 0 0 -0.000222
420 0 0 -0.000190
425 0 0 -0.000152
430 0 0 -0.000121
435 0 0 -0.000110
440 0 0 -0.000125
445 0 0 -0.000150
450 0 0 -0.000160
455 0 0 -0.000140
460 0 0 -0.000106
465 0 0 -0.000080
470 0 0 -0.000079
475 0 0 -0.000096
480 0 0 -0.000120
485 0 0 -0.000138
490 0 0 -0.000146
495 0 0 -0.000140
500 0 0 -0.000120
505 0 0 -0.000105
510 0 0 -0.000120
515 0 0 -0.000179
520 0 0 -0.000260
525 0 0 -0.000330
530 0 0 -0.000365
535 0 0 -0.000368
540 0 0 -0.000350
545 0 0 -0.000322
550 0 0 -0.000295
555 0 0 -0.000280
560 0 0 -0.000285
565 0 0 -0.000300
570 0 0 -0.000310
575 0 0 -0.000304
580 0 0 -0.000291
585 0 0 -0.000280
590 0 0 -0.000280
595 0 0 -0.000284
600 0 0 -0.000280
605 0 0 -0.000263
610 0 0 -0.000255
615 0 0 -0.000280
620 0 0 -0.000354
625 0 0 -0.000443
630 0 0 -0.000500
635 0 0 -0.000493
640 0 0 -0.000447
645 0 0 -0.000400
650 0 0 -0.000383
655 0 0 -0.000393
660 0 0 -0.000420
665 0 0 -0.000452
670 0 0 -0.000479
675 0 0 -0.000490
680 0 0 -0.000478
685 0 0 -0.000448
690 0 0 -0.000410
695 0 0 -0.000373
700 0 0 -0.000341
705 0 0 -0.000320
710 0 0 -0.000310
715 0 0 -0.000301
720 0 0 -0.000280
725 0 0 -0.000239
730 0 0 -0.000193
735 0 0 -0.000160
740 0 0 -0.000155
745 0 0 -0.000167
750 0 0 -0.000180
755 0 0 -0.000182
760 0 0 -0.000174
765 0 0 -0.000160
770 0 0 -0.000146
775 0 0 -0.000149
780 0 0 -0.000190
785 0 0 -0.000276
790 0 0 -0.000364
795 0 0 -0.000400
800 0 0 -0.000348
805 0 0 -0.000251
810 0 0 -0.000170
815 0 0 -0.000151
820 0 0 -0.000173
825 0 0 -0.000200
830 0 0 -0.000203
835 0 0 -0.000188
840 0 0 -0.000170
845 0 0 -0.000162
850 0 0 -0.000163
855 0 0 -0.000170
860 0 0 -0.000180
865 0 0 -0.000188
870 0 0 -0.000190
875 0 0 -0.000182
880 0 0 -0.000165
885 0 0 -0.000140
890 0 0 -0.000111
895 0 0 -0.000090
900 0 0 -0.000090
905 0 0 -0.000120
910 0 0 -0.000167
915 0 0 -0.000210
920 0 0 -0.000235
925 0 0 -0.000248
930 0 0 -0.000260
935 0 0 -0.000280
940 0 0 -0.000302
945 0 0 -0.000320
950 0 0 -0.000328
955 0 0 -0.000329
960 0 0 -0.000330
965 0 0 -0.000342
970 0 0 -0.000396
975 0 0 -0.000530
980 0 0 -0.000773
985 0 0 -0.001128
990 0 0 -0.001590
995 0 0 -0.002116
1000 0 0 -0.002504
1005 0 0 -0.002510
1010 0 0 -0.001996
1015 0 0 -0.001234
1020 0 0 -0.000600
1025 0 0 -0.000372
1030 0 0 -0.000438
1035 0 0 -0.000590
1040 0 0 -0.000661
1045 0 0 -0.000658
1050 0 0 -0.000630
1055 0 0 -0.000617
1060 0 0 -0.000618
1065 0 0 -0.000620
1070 0 0 -0.000614
1075 0 0 -0.000608
1080 0 0 -0.000610
1085 0 0 -0.000627
1090 0 0 -0.000646
1095 0 0 -0.000650
1100 0 0 -0.000629
1105 0 0 -0.000593
1110 0 0 -0.000560
1115 0 0 -0.000542
1120 0 0 -0.000532
1125 0 0 -0.000520
1130 0 0 -0.000498
1135 0 0 -0.000476
1140 0 0 -0.000470
1145 0 0 -0.000488
1150 0 0 -0.000515
1155 0 0 -0.000530
1160 0 0 -0.000519
1165 0 0 -0.000508
1170 0 0 -0.000530
1175 0 0 -0.000603
1180 0 0 -0.000688
1185 0 0 -0.000730
1190 0 0 -0.000692
1195 0 0 -0.000610
1200 0 0 -0.000540
1205 0 0 -0.000521
1210 0 0 -0.000533
1215 0 0 -0.000540
1220 0 0 -0.000515
1225 0 0 -0.000471
1230 0 0 -0.000430
1235 0 0 -0.000409
1240 0 0 -0.000405
1245 0 0 -0.000410
1250 0 0 -0.000416
1255 0 0 -0.000425
1260 0 0 -0.000440
1265 0 0 -0.000461
1270 0 0 -0.000481
1275 0 0 -0.000490
1280 0 0 -0.000483
1285 0 0 -0.000472
1290 0 0 -0.000470
1295 0 0 -0.000488
1300 0 0 -0.000516
1305 0 0 -0.000540
1310 0 0 -0.000547
1315 0 0 -0.000536
1320 0 0 -0.000510
1325 0 0 -0.000474
1330 0 0 -0.000444
1335 0 0 -0.000440
1340 0 0 -0.000475
1345 0 0 -0.000533
1350 0 0 -0.000590
1355 0 0 -0.000629
1360 0 0 -0.000656
1365 0 0 -0.000680
1370 0 0 -0.000708
1375 0 0 -0.000727
1380 0 0 -0.000720
1385 0 0 -0.000678
1390 0 0 -0.000622
1395 0 0 -0.000580
1400 0 0 -0.000572
1405 0 0 -0.000579
1410 0 0 -0.000570
1415 0 0 -0.000530
1420 0 0 -0.000493
1425 0 0 -0.000510
1430 0 0 -0.000608
1435 0 0 -0.000733
1440 0 0 -0.000810
1445 0 0 -0.000786
1450 0 0 -0.000696
1455 0 0 -0.000600
1460 0 0 -0.000544
1465 0 0 -0.000527
1470 0 0 -0.000540
1475 0 0 -0.000570
1480 0 0 -0.000601
1485 0 0 -0.000620
1490 0 0 -0.000618
1495 0 0 -0.000615
1500 0 0 -0.000640
1505 0 0 -0.000708
1510 0 0 -0.000784
1515 0 0 -0.000820
1520 0 0 -0.000782
1525 0 0 -0.000701
1530 0 0 -0.000620
1535 0 0 -0.000573
1540 0 0 -0.000548
1545 0 0 -0.000520
1550 0 0 -0.000473
1555 0 0 -0.000418
1560 0 0 -0.000370
1565 0 0 -0.000342
1570 0 0 -0.000331
1575 0 0 -0.000330
1580 0 0 -0.000331
1585 0 0 -0.000326
1590 0 0 -0.000310
1595 0 0 -0.000279
1600 0 0 -0.000247
1605 0 0 -0.000230
1610 0 0 -0.000240
1615 0 0 -0.000268
1620 0 0 -0.000300
1625 0 0 -0.000323
1630 0 0 -0.000331
1635 0 0 -0.000320
1640 0 0 -0.000288
1645 0 0 -0.000252
1650 0 0 -0.000230
1655 0 0 -0.000236
1660 0 0 -0.000262
1665 0 0 -0.000290
1670 0 0 -0.000308
1675 0 0 -0.000310
1680 0 0 -0.000290
1685 0 0 -0.000249
1690 0 0 -0.000202
1695 0 0 -0.000170
1700 0 0 -0.000168
1705 0 0 -0.000186
1710 0 0 -0.000210
1715 0 0 -0.000227
1720 0 0 -0.000237
1725 0 0 -0.000240
1730 0 0 -0.000238
1735 0 0 -0.000237
1740 0 0 -0.000240
1745 0 0 -0.000251
1750 0 0 -0.000259
1755 0 0 -0.000250
1760 0 0 -0.000217
1765 0 0 -0.000177
1770 0 0 -0.000150
1775 0 0 -0.000153
1780 0 0 -0.000175
1785 0 0 -0.000200
1790 0 0 -0.000216
1795 0 0 -0.000224
1800 0 0 -0.000230
1805 0 0 -0.000236
1810 0 0 -0.000241
1815 0 0 -0.000240
1820 0 0 -0.000230
1825 0 0 -0.000213
1830 0 0 -0.000190
1835 0 0 -0.000165
1840 0 0 -0.000150
1845 0 0 -0.000160
1850 0 0 -0.000203
1855 0 0 -0.000264
1860 0 0 -0.000320
1865 0 0 -0.000353
1870 0 0 -0.000363
1875 0 0 -0.000350
1880 0 0 -0.000321
1885 0 0 -0.000291
1890 0 0 -0.000280
1895 0 0 -0.000299
1900 0 0 -0.000335
1905 0 0 -0.000370
1910 0 0 -0.000390
1915 0 0 -0.000405
1920 0 0 -0.000430
1925 0 0 -0.000475
1930 0 0 -0.000517
1935 0 0 -0.000530
1940 0 0 -0.000496
1945 0 0 -0.000446
1950 0 0 -0.000420
1955 0 0 -0.000447
1960 0 0 -0.000503
1965 0 0 -0.000550
1970 0 0 -0.000560
1975 0 0 -0.000543
1980 0 0 -0.000520
1985 0 0 -0.000506
1990 0 0 -0.000504
1995 0 0 -0.000510
2000 0 0 -0.000522
2005 0 0 -0.000537
2010 0 0 -0.000550
2015 0 0 -0.000559
2020 0 0 -0.000562
2025 0 0 -0.000560
2030 0 0 -0.000552
2035 0 0 -0.000541
2040 0 0 -0.000530
2045 0 0 -0.000521
2050 0 0 -0.000515
2055 0 0 -0.000510
2060 0 0 -0.000506
2065 0 0 -0.000503
2070 0 0 -0.000500
2075 0 0 -0.000499
2080 0 0 -0.000506
2085 0 0 -0.000530
2090 0 0 -0.000572
2095 0 0 -0.000614
2100 0 0 -0.000630
2105 0 0 -0.000604
2110 0 0 -0.000558
2115 0 0 -0.000520
2120 0 0 -0.000512
2125 0 0 -0.000517
2130 0 0 -0.000510
2135 0 0 -0.000479
2140 0 0 -0.000469
2145 0 0 -0.000540
2150 0 0 -0.000721
2155 0 0 -0.000924
2160 0 0 -0.001030
2165 0 0 -0.000958
2170 0 0 -0.000777
2175 0 0 -0.000590
2180 0 0 -0.000480
2185 0 0 -0.000438
2190 0 0 -0.000430
2195 0 0 -0.000429
2200 0 0 -0.000427
2205 0 0 -0.000420
2210 0 0 -0.000405
2215 0 0 -0.000384
2220 0 0 -0.000360
2225 0 0 -0.000337
2230 0 0 -0.000317
2235 0 0 -0.000300
2240 0 0 -0.000289
2245 0 0 -0.000284
2250 0 0 -0.000290
2255 0 0 -0.000305
2260 0 0 -0.000322
2265 0 0 -0.000330
2270 0 0 -0.000321
2275 0 0 -0.000297
2280 0 0 -0.000260
2285 0 0 -0.000218
2290 0 0 -0.000193
2295 0 0 -0.000210
2300 0 0 -0.000282
2305 0 0 -0.000372
2310 0 0 -0.000430
2315 0 0 -0.000420
2320 0 0 -0.000367
2325 0 0 -0.000310
2330 0 0 -0.000279
2335 0 0 -0.000270
2340 0 0 -0.000270
2345 0 0 -0.000269
2350 0 0 -0.000271
2355 0 0 -0.000280
2360 0 0 -0.000301
2365 0 0 -0.000333
2370 0 0 -0.000370
2375 0 0 -0.000409
2380 0 0 -0.000445
2385 0 0 -0.000470
2390 0 0 -0.000480
2395 0 0 -0.000475
2400 0 0 -0.000460
2405 0 0 -0.000437
2410 0 0 -0.000415
2415 0 0 -0.000400
2420 0 0 -0.000409
2425 0 0 -0.000490
2430 0 0 -0.000700
2435 0 0 -0.001060
2440 0 0 -0.001448
2445 0 0 -0.001710
2450 0 0 -0.001736
2455 0 0 -0.001612
2460 0 0 -0.001470
2465 0 0 -0.001408
2470 0 0 -0.001381
2475 0 0 -0.001310
2480 0 0 -0.001142
2485 0 0 -0.000929
2490 0 0 -0.000750
2495 0 0 -0.000664
2500 0 0 -0.000646
2505 0 0 -0.000650
2510 0 0 -0.000638
2515 0 0 -0.000612
2520 0 0 -0.000580
2525 0 0 -0.000555
2530 0 0 -0.000558
2535 0 0 -0.000610
2540 0 0 -0.000719
2545 0 0 -0.000837
2550 0 0 -0.000900
2555 0 0 -0.000866
2560 0 0 -0.000778
2565 0 0 -0.000700
2570 0 0 -0.000679
2575 0 0 -0.000697
2580 0 0 -0.000720
2585 0 0 -0.000721
2590 0 0 -0.000709
2595 0 0 -0.000700
2600 0 0 -0.000705
2605 0 0 -0.000719
2610 0 0 -0.000730
2615 0 0 -0.000732
2620 0 0 -0.000727
2625 0 0 -0.000720
2630 0 0 -0.000716
2635 0 0 -0.000714
2640 0 0 -0.000710
2645 0 0 -0.000702
2650 0 0 -0.000689
2655 0 0 -0.000670
2660 0 0 -0.000646
2665 0 0 -0.000618
2670 0 0 -0.000590
2675 0 0 -0.000563
2680 0 0 -0.000536
2685 0 0 -0.000510
2690 0 0 -0.000487
2695 0 0 -0.000484
2700 0 0 -0.000520
2705 0 0 -0.000605
2710 0 0 -0.000701
2715 0 0 -0.000760
2720 0 0 -0.000748
2725 0 0 -0.000688
2730 0 0 -0.000620
2735 0 0 -0.000574
2740 0 0 -0.000552
2745 0 0 -0.000550
2750 0 0 -0.000561
2755 0 0 -0.000573
2760 0 0 -0.000570
2765 0 0 -0.000543
2770 0 0 -0.000509
2775 0 0 -0.000490
2780 0 0 -0.000500
2785 0 0 -0.000524
2790 0 0 -0.000540
2795 0 0 -0.000533
2800 0 0 -0.000516
2805 0 0 -0.000510
2810 0 0 -0.000529
2815 0 0 -0.000557
2820 0 0 -0.000570
2825 0 0 -0.000551
2830 0 0 -0.000504
2835 0 0 -0.000440
2840 0 0 -0.000368
2845 0 0 -0.000301
2850 0 0 -0.000250
2855 0 0 -0.000225
2860 0 0 -0.000226
2865 0 0 -0.000250
2870 0 0 -0.000292
2875 0 0 -0.000332
2880 0 0 -0.000350
2885 0 0 -0.000330
2890 0 0 -0.000292
2895 0 0 -0.000260
2900 0 0 -0.000254
2905 0 0 -0.000260
2910 0 0 -0.000260
2915 0 0 -0.000240
2920 0 0 -0.000215
2925 0 0 -0.000210
2930 0 0 -0.000239
2935 0 0 -0.000284
2940 0 0 -0.000320
2945 0 0 -0.000328
2950 0 0 -0.000319
2955 0 0 -0.000310
2960 0 0 -0.000315
2965 0 0 -0.000329
2970 0 0 -0.000340
2975 0 0 -0.000342
2980 0 0 -0.000337
2985 0 0 -0.000330
2990 0 0 -0.000326
2995 0 0 -0.000323
3000 0 0 -0.000320
3005 0 0 -0.000315
3010 0 0 -0.000310
3015 0 0 -0.000310
3020 0 0 -0.000317
3025 0 0 -0.000329
3030 0 0 -0.000340
3035 0 0 -0.000346
3040 0 0 -0.000347
3045 0 0 -0.000340
3050 0 0 -0.000326
3055 0 0 -0.000308
3060 0 0 -0.000290
3065 0 0 -0.000275
3070 0 0 -0.000267
3075 0 0 -0.000270
3080 0 0 -0.000286
3085 0 0 -0.000308
3090 0 0 -0.000330
3095 0 0 -0.000344
3100 0 0 -0.000345
3105 0 0 -0.000330
3110 0 0 -0.000299
3115 0 0 -0.000266
3120 0 0 -0.000250
3125 0 0 -0.000263
3130 0 0 -0.000290
3135 0 0 -0.000310
3140 0 0 -0.000306
3145 0 0 -0.000283
3150 0 0 -0.000250
3155 0 0 -0.000215
3160 0 0 -0.000186
3165 0 0 -0.000170
3170 0 0 -0.000172
3175 0 0 -0.000187
3180 0 0 -0.000210
3185 0 0 -0.000232
3190 0 0 -0.000246
3195 0 0 -0.000240
3200 0 0 -0.000210
3205 0 0 -0.000168
3210 0 0 -0.000130
3215 0 0 -0.000109
3220 0 0 -0.000103
3225 0 0 -0.000110
3230 0 0 -0.000124
3235 0 0 -0.000137
3240 0 0 -0.000140
3245 0 0 -0.000127
3250 0 0 -0.000109
3255 0 0 -0.000100
3260 0 0 -0.000111
3265 0 0 -0.000137
3270 0 0 -0.000170
3275 0 0 -0.000202
3280 0 0 -0.000225
3285 0 0 -0.000230
3290 0 0 -0.000213
3295 0 0 -0.000188
3300 0 0 -0.000170
3305 0 0 -0.000173
3310 0 0 -0.000193
3315 0 0 -0.000220
3320 0 0 -0.000250
3325 0 0 -0.000296
3330 0 0 -0.000380
3335 0 0 -0.000506
3340 0 0 -0.000626
3345 0 0 -0.000680
3350 0 0 -0.000626
3355 0 0 -0.000508
3360 0 0 -0.000390
3365 0 0 -0.000323
3370 0 0 -0.000304
3375 0 0 -0.000320
3380 0 0 -0.000354
3385 0 0 -0.000388
3390 0 0 -0.000400
3395 0 0 -0.000381
3400 0 0 -0.000358
3405 0 0 -0.000370
3410 0 0 -0.000438
3415 0 0 -0.000523
3420 0 0 -0.000570
3425 0 0 -0.000544
3430 0 0 -0.000490
3435 0 0 -0.000470
3440 0 0 -0.000527
3445 0 0 -0.000616
3450 0 0 -0.000670
3455 0 0 -0.000645
3460 0 0 -0.000594
3465 0 0 -0.000590
3470 0 0 -0.000692
3475 0 0 -0.000888
3480 0 0 -0.001150
3485 0 0 -0.001447
3490 0 0 -0.001731
3495 0 0 -0.001950
3500 0 0 -0.002066
3505 0 0 -0.002092
3510 0 0 -0.002050
3515 0 0 -0.001966
3520 0 0 -0.001864
3525 0 0 -0.001770
3530 0 0 -0.001699
3535 0 0 -0.001627
3540 0 0 -0.001520
3545 0 0 -0.001353
3550 0 0 -0.001137
3555 0 0 -0.000890
3560 0 0 -0.000652
3565 0 0 -0.000537
3570 0 0 -0.000680
3575 0 0 -0.001149
3580 0 0 -0.001749
3585 0 0 -0.002220
3590 0 0 -0.002372
3595 0 0 -0.002293
3600 0 0 -0.002140
3605 0 0 -0.002039
3610 0 0 -0.001998
3615 0 0 -0.001990
3620 0 0 -0.001984
3625 0 0 -0.001913
3630 0 0 -0.001700
3635 0 0 -0.001316
3640 0 0 -0.000911
3645 0 0 -0.000680
3650 0 0 -0.000753
3655 0 0 -0.000994
3660 0 0 -0.001200
3665 0 0 -0.001229
3670 0 0 -0.001180
3675 0 0 -0.001210
3680 0 0 -0.001427
3685 0 0 -0.001728
3690 0 0 -0.001960
3695 0 0 -0.002012
3700 0 0 -0.001952
3705 0 0 -0.001890
3710 0 0 -0.001906
3715 0 0 -0.001950
3720 0 0 -0.001940
3725 0 0 -0.001821
3730 0 0 -0.001647
3735 0 0 -0.001500
3740 0 0 -0.001434
3745 0 0 -0.001389
3750 0 0 -0.001280
3755 0 0 -0.001051
3760 0 0 -0.000771
3765 0 0 -0.000540
3770 0 0 -0.000444
3775 0 0 -0.000505
3780 0 0 -0.000730
3785 0 0 -0.001101
3790 0 0 -0.001497
3795 0 0 -0.001770
3800 0 0 -0.001817
3805 0 0 -0.001714
3810 0 0 -0.001580
3815 0 0 -0.001511
3820 0 0 -0.001507
3825 0 0 -0.001540
3830 0 0 -0.001578
3835 0 0 -0.001553
3840 0 0 -0.001390
3845 0 0 -0.001052
3850 0 0 -0.000646
3855 0 0 -0.000320
3860 0 0 -0.000183
3865 0 0 -0.000205
3870 0 0 -0.000320
3875 0 0 -0.000466
3880 0 0 -0.000596
3885 0 0 -0.000670
3890 0 0 -0.000667
3895 0 0 -0.000659
3900 0 0 -0.000740
3905 0 0 -0.000965
3910 0 0 -0.001237
3915 0 0 -0.001420
3920 0 0 -0.001415
3925 0 0 -0.001275
3930 0 0 -0.001090
3935 0 0 -0.000932
3940 0 0 -0.000801
3945 0 0 -0.000680
3950 0 0 -0.000566
3955 0 0 -0.000518
3960 0 0 -0.000610
3965 0 0 -0.000882
3970 0 0 -0.001231
3975 0 0 -0.001520
3980 0 0 -0.001649
3985 0 0 -0.001665
3990 0 0 -0.001650
3995 0 0 -0.001669
4000 0 0 -0.001717
4005 0 0 -0.001770
4010 0 0 -0.001808
4015 0 0 -0.001831
4020 0 0 -0.001840
4025 0 0 -0.001838
4030 0 0 -0.001825
4035 0 0 -0.001800
4040 0 0 -0.001765
4045 0 0 -0.001725
4050 0 0 -0.001690
4055 0 0 -0.001663
4060 0 0 -0.001635
4065 0 0 -0.001590
4070 0 0 -0.001525
4075 0 0 -0.001479
4080 0 0 -0.001500
4085 0 0 -0.001616
4090 0 0 -0.001772
4095 0 0 -0.001890
4100 0 0 -0.001917
4105 0 0 -0.001888
4110 0 0 -0.001860
4115 0 0 -0.001876
4120 0 0 -0.001920
4125 0 0 -0.001960
4130 0 0 -0.001964
4135 0 0 -0.001899
4140 0 0 -0.001730
4145 0 0 -0.001446
4150 0 0 -0.001118
4155 0 0 -0.000840
4160 0 0 -0.000684
4165 0 0 -0.000636
4170 0 0 -0.000660
4175 0 0 -0.000721
4180 0 0 -0.000781
4185 0 0 -0.000800
4190 0 0 -0.000754
4195 0 0 -0.000675
4200 0 0 -0.000610
4205 0 0 -0.000594
4210 0 0 -0.000611
4215 0 0 -0.000630
4220 0 0 -0.000629
4225 0 0 -0.000618
4230 0 0 -0.000610
4235 0 0 -0.000617
4240 0 0 -0.000629
4245 0 0 -0.000630
4250 0 0 -0.000612
4255 0 0 -0.000595
4260 0 0 -0.000610
4265 0 0 -0.000672
4270 0 0 -0.000753
4275 0 0 -0.000810
4280 0 0 -0.000813
4285 0 0 -0.000776
4290 0 0 -0.000720
4295 0 0 -0.000667
4300 0 0 -0.000628
4305 0 0 -0.000610
4310 0 0 -0.000617
4315 0 0 -0.000634
4320 0 0 -0.000640
4325 0 0 -0.000622
4330 0 0 -0.000590
4335 0 0 -0.000560
4340 0 0 -0.000542
4345 0 0 -0.000527
4350 0 0 -0.000500
4355 0 0 -0.000452
4360 0 0 -0.000394
4365 0 0 -0.000340
4370 0 0 -0.000303
4375 0 0 -0.000284
4380 0 0 -0.000280
4385 0 0 -0.000288
4390 0 0 -0.000304
4395 0 0 -0.000320
4400 0 0 -0.000333
4405 0 0 -0.000342
4410 0 0 -0.000350
4415 0 0 -0.000357
4420 0 0 -0.000362
4425 0 0 -0.000360
4430 0 0 -0.000350
4435 0 0 -0.000338
4440 0 0 -0.000330
4445 0 0 -0.000332
4450 0 0 -0.000338
4455 0 0 -0.000340
4460 0 0 -0.000334
4465 0 0 -0.000325
4470 0 0 -0.000320
4475 0 0 -0.000324
4480 0 0 -0.000331
4485 0 0 -0.000330
4490 0 0 -0.000315
4495 0 0 -0.000294
4500 0 0 -0.000280
4505 0 0 -0.000281
4510 0 0 -0.000293
4515 0 0 -0.000310
4520 0 0 -0.000326
4525 0 0 -0.000340
4530 0 0 -0.000350
4535 0 0 -0.000355
4540 0 0 -0.000352
4545 0 0 -0.000340
4550 0 0 -0.000317
4555 0 0 -0.000291
4560 0 0 -0.000270
4565 0 0 -0.000260
4570 0 0 -0.000264
4575 0 0 -0.000280
4580 0 0 -0.000305
4585 0 0 -0.000325
4590 0 0 -0.000320
4595 0 0 -0.000280
4600 0 0 -0.000225
4605 0 0 -0.000180
4610 0 0 -0.000166
4615 0 0 -0.000176
4620 0 0 -0.000200
4625 0 0 -0.000225
4630 0 0 -0.000244
4635 0 0 -0.000250
4640 0 0 -0.000239
4645 0 0 -0.000216
4650 0 0 -0.000190
4655 0 0 -0.000169
4660 0 0 -0.000161
4665 0 0 -0.000170
4670 0 0 -0.000199
4675 0 0 -0.000233
4680 0 0 -0.000250
4685 0 0 -0.000237
4690 0 0 -0.000208
4695 0 0 -0.000180
4700 0 0 -0.000169
4705 0 0 -0.000174
4710 0 0 -0.000190
4715 0 0 -0.000211
4720 0 0 -0.000230
4725 0 0 -0.000240
4730 0 0 -0.000236
4735 0 0 -0.000222
4740 0 0 -0.000200
4745 0 0 -0.000178
4750 0 0 -0.000166
4755 0 0 -0.000180
4760 0 0 -0.000225
4765 0 0 -0.000281
4770 0 0 -0.000320
4775 0 0 -0.000323
4780 0 0 -0.000301
4785 0 0 -0.000270
4790 0 0 -0.000247
4795 0 0 -0.000236
4800 0 0 -0.000240
4805 0 0 -0.000259
4810 0 0 -0.000286
4815 0 0 -0.000310
4820 0 0 -0.000324
4825 0 0 -0.000325
4830 0 0 -0.000310
4835 0 0 -0.000283
4840 0 0 -0.000267
4845 0 0 -0.000290
4850 0 0 -0.000366
4855 0 0 -0.000457
4860 0 0 -0.000510
4865 0 0 -0.000490
4870 0 0 -0.000430
4875 0 0 -0.000380
4880 0 0 -0.000379
4885 0 0 -0.000419
4890 0 0 -0.000480
4895 0 0 -0.000553
4900 0 0 -0.000664
4905 0 0 -0.000850
4910 0 0 -0.001117
4915 0 0 -0.001346
4920 0 0 -0.001390
4925 0 0 -0.001155
4930 0 0 -0.000778
4935 0 0 -0.000450
4940 0 0 -0.000315
4945 0 0 -0.000324
4950 0 0 -0.000380
4955 0 0 -0.000403
4960 0 0 -0.000389
4965 0 0 -0.000350
4970 0 0 -0.000304
4975 0 0 -0.000280
4980 0 0 -0.000310
4985 0 0 -0.000411
4990 0 0 -0.000533
4995 0 0 -0.000610
5000 0 0 -0.000596
5005 0 0 -0.000527
5010 0 0 -0.000460
5015 0 0 -0.000436
5020 0 0 -0.000439
5025 0 0 -0.000440
5030 0 0 -0.000417
5035 0 0 -0.000384
5040 0 0 -0.000360
5045 0 0 -0.000361
5050 0 0 -0.000379
5055 0 0 -0.000400
5060 0 0 -0.000415
5065 0 0 -0.000433
5070 0 0 -0.000470
5075 0 0 -0.000532
5080 0 0 -0.000594
5085 0 0 -0.000620
5090 0 0 -0.000587
5095 0 0 -0.000517
5100 0 0 -0.000440
5105 0 0 -0.000383
5110 0 0 -0.000348
5115 0 0 -0.000330
5120 0 0 -0.000324
5125 0 0 -0.000313
5130 0 0 -0.000280
5135 0 0 -0.000220
5140 0 0 -0.000185
5145 0 0 -0.000240
5150 0 0 -0.000419
5155 0 0 -0.000637
5160 0 0 -0.000780
5165 0 0 -0.000765
5170 0 0 -0.000643
5175 0 0 -0.000500
5180 0 0 -0.000403
5185 0 0 -0.000357
5190 0 0 -0.000350
5195 0 0 -0.000369
5200 0 0 -0.000390
5205 0 0 -0.000390
5210 0 0 -0.000353
5215 0 0 -0.000299
5220 0 0 -0.000260
5225 0 0 -0.000254
5230 0 0 -0.000258
5235 0 0 -0.000240
5240 0 0 -0.000189
5245 0 0 -0.000184
5250 0 0 -0.000330
5255 0 0 -0.000682
5260 0 0 -0.001105
5265 0 0 -0.001420
5270 0 0 -0.001492
5275 0 0 -0.001378
5280 0 0 -0.001180
5285 0 0 -0.000989
5290 0 0 -0.000846
5295 0 0 -0.000780
5300 0 0 -0.000806
5305 0 0 -0.000883
5310 0 0 -0.000960
5315 0 0 -0.000992
5320 0 0 -0.000973
5325 0 0 -0.000910
5330 0 0 -0.000811
5335 0 0 -0.000701
5340 0 0 -0.000610
5345 0 0 -0.000560
5350 0 0 -0.000543
5355 0 0 -0.000540
5360 0 0 -0.000539
5365 0 0 -0.000535
5370 0 0 -0.000530
5375 0 0 -0.000523
5380 0 0 -0.000518
5385 0 0 -0.000520
5390 0 0 -0.000531
5395 0 0 -0.000542
5400 0 0 -0.000540
5405 0 0 -0.000521
5410 0 0 -0.000508
5415 0 0 -0.000530
5420 0 0 -0.000604
5425 0 0 -0.000694
5430 0 0 -0.000750
5435 0 0 -0.000738
5440 0 0 -0.000682
5445 0 0 -0.000620
5450 0 0 -0.000584
5455 0 0 -0.000576
5460 0 0 -0.000590
5465 0 0 -0.000619
5470 0 0 -0.000646
5475 0 0 -0.000650
5480 0 0 -0.000619
5485 0 0 -0.000570
5490 0 0 -0.000530
5495 0 0 -0.000518
5500 0 0 -0.000526
5505 0 0 -0.000540
5510 0 0 -0.000548
5515 0 0 -0.000550
5520 0 0 -0.000550
5525 0 0 -0.000549
5530 0 0 -0.000543
5535 0 0 -0.000530
5540 0 0 -0.000507
5545 0 0 -0.000481
5550 0 0 -0.000460
5555 0 0 -0.000450
5560 0 0 -0.000449
5565 0 0 -0.000450
5570 0 0 -0.000450
5575 0 0 -0.000449
5580 0 0 -0.000450
5585 0 0 -0.000453
5590 0 0 -0.000453
5595 0 0 -0.000440
5600 0 0 -0.000411
5605 0 0 -0.000379
5610 0 0 -0.000360
5615 0 0 -0.000366
5620 0 0 -0.000390
5625 0 0 -0.000420
5630 0 0 -0.000444
5635 0 0 -0.000459
5640 0 0 -0.000460
5645 0 0 -0.000447
5650 0 0 -0.000425
5655 0 0 -0.000400
5660 0 0 -0.000379
5665 0 0 -0.000367
5670 0 0 -0.000370
5675 0 0 -0.000391
5680 0 0 -0.000422
5685 0 0 -0.000450
5690 0 0 -0.000466
5695 0 0 -0.000466
5700 0 0 -0.000450
5705 0 0 -0.000418
5710 0 0 -0.000383
5715 0 0 -0.000360
5720 0 0 -0.000360
5725 0 0 -0.000380
5730 0 0 -0.000410
5735 0 0 -0.000442
5740 0 0 -0.000460
5745 0 0 -0.000450
5750 0 0 -0.000408
5755 0 0 -0.000379
5760 0 0 -0.000420
5765 0 0 -0.000564
5770 0 0 -0.000742
5775 0 0 -0.000860
5780 0 0 -0.000851
5785 0 0 -0.000755
5790 0 0 -0.000640
5795 0 0 -0.000559
5800 0 0 -0.000511
5805 0 0 -0.000480
5810 0 0 -0.000452
5815 0 0 -0.000423
5820 0 0 -0.000390
5825 0 0 -0.000353
5830 0 0 -0.000322
5835 0 0 -0.000310
5840 0 0 -0.000323
5845 0 0 -0.000350
5850 0 0 -0.000370
5855 0 0 -0.000372
5860 0 0 -0.000361
5865 0 0 -0.000350
5870 0 0 -0.000347
5875 0 0 -0.000349
5880 0 0 -0.000350
5885 0 0 -0.000346
5890 0 0 -0.000341
5895 0 0 -0.000340
5900 0 0 -0.000347
5905 0 0 -0.000356
5910 0 0 -0.000360
5915 0 0 -0.000352
5920 0 0 -0.000334
5925 0 0 -0.000310
5930 0 0 -0.000285
5935 0 0 -0.000269
5940 0 0 -0.000270
5945 0 0 -0.000294
5950 0 0 -0.000327
5955 0 0 -0.000350
5960 0 0 -0.000349
5965 0 0 -0.000337
5970 0 0 -0.000330
5975 0 0 -0.000340
5980 0 0 -0.000353
5985 0 0 -0.000350
5990 0 0 -0.000317
5995 0 0 -0.000269
6000 0 0 -0.000230
6005 0 0 -0.000215
6010 0 0 -0.000219
6015 0 0 -0.000230
6020 0 0 -0.000237
6025 0 0 -0.000235
6030 0 0 -0.000220
6035 0 0 -0.000190
6040 0 0 -0.000161
6045 0 0 -0.000150
6050 0 0 -0.000169
6055 0 0 -0.000202
6060 0 0 -0.000230
6065 0 0 -0.000235
6070 0 0 -0.000222
6075 0 0 -0.000200
6080 0 0 -0.000177
6085 0 0 -0.000161
6090 0 0 -0.000160
6095 0 0 -0.000178
6100 0 0 -0.000205
6105 0 0 -0.000230
6110 0 0 -0.000241
6115 0 0 -0.000237
6120 0 0 -0.000220
6125 0 0 -0.000192
6130 0 0 -0.000167
6135 0 0 -0.000160
6140 0 0 -0.000181
6145 0 0 -0.000215
6150 0 0 -0.000240
6155 0 0 -0.000241
6160 0 0 -0.000224
6165 0 0 -0.000200
6170 0 0 -0.000180
6175 0 0 -0.000169
6180 0 0 -0.000170
6185 0 0 -0.000185
6190 0 0 -0.000210
6195 0 0 -0.000240
6200 0 0 -0.000271
6205 0 0 -0.000299
6210 0 0 -0.000320
6215 0 0 -0.000332
6220 0 0 -0.000339
6225 0 0 -0.000350
6230 0 0 -0.000367
6235 0 0 -0.000384
6240 0 0 -0.000390
6245 0 0 -0.000378
6250 0 0 -0.000354
6255 0 0 -0.000330
6260 0 0 -0.000314
6265 0 0 -0.000315
6270 0 0 -0.000340
6275 0 0 -0.000392
6280 0 0 -0.000450
6285 0 0 -0.000490
6290 0 0 -0.000493
6295 0 0 -0.000463
6300 0 0 -0.000410
6305 0 0 -0.000349
6310 0 0 -0.000308
6315 0 0 -0.000320
6320 0 0 -0.000402
6325 0 0 -0.000509
6330 0 0 -0.000580
6335 0 0 -0.000573
6340 0 0 -0.000517
6345 0 0 -0.000460
6350 0 0 -0.000438
6355 0 0 -0.000442
6360 0 0 -0.000450
6365 0 0 -0.000446
6370 0 0 -0.000439
6375 0 0 -0.000440
6380 0 0 -0.000458
6385 0 0 -0.000478
6390 0 0 -0.000480
6395 0 0 -0.000451
6400 0 0 -0.000409
6405 0 0 -0.000380
6410 0 0 -0.000382
6415 0 0 -0.000405
6420 0 0 -0.000430
6425 0 0 -0.000442
6430 0 0 -0.000436
6435 0 0 -0.000410
6440 0 0 -0.000368
6445 0 0 -0.000334
6450 0 0 -0.000340
6455 0 0 -0.000405
6460 0 0 -0.000507
6465 0 0 -0.000610
6470 0 0 -0.000684
6475 0 0 -0.000709
6480 0 0 -0.000670
6485 0 0 -0.000562
6490 0 0 -0.000423
6495 0 0 -0.000300
6500 0 0 -0.000231
6505 0 0 -0.000215
6510 0 0 -0.000240
6515 0 0 -0.000293
6520 0 0 -0.000348
6525 0 0 -0.000380
6530 0 0 -0.000369
6535 0 0 -0.000326
6540 0 0 -0.000270
6545 0 0 -0.000219
6550 0 0 -0.000183
6555 0 0 -0.000170
6560 0 0 -0.000185
6565 0 0 -0.000215
6570 0 0 -0.000240
6575 0 0 -0.000246
6580 0 0 -0.000234
6585 0 0 -0.000210
6590 0 0 -0.000180
6595 0 0 -0.000161
6600 0 0 -0.000170
6605 0 0 -0.000216
6610 0 0 -0.000274
6615 0 0 -0.000310
6620 0 0 -0.000302
6625 0 0 -0.000269
6630 0 0 -0.000240
6635 0 0 -0.000237
6640 0 0 -0.000250
6645 0 0 -0.000260
6650 0 0 -0.000259
6655 0 0 -0.000276
6660 0 0 -0.000350
6665 0 0 -0.000504
6670 0 0 -0.000702
6675 0 0 -0.000890
6680 0 0 -0.001027
6685 0 0 -0.001116
6690 0 0 -0.001170
6695 0 0 -0.001203
6700 0 0 -0.001226
6705 0 0 -0.001250
6710 0 0 -0.001281
6715 0 0 -0.001308
6720 0 0 -0.001320
6725 0 0 -0.001308
6730 0 0 -0.001290
6735 0 0 -0.001290
6740 0 0 -0.001318
6745 0 0 -0.001326
6750 0 0 -0.001250
6755 0 0 -0.001059
6760 0 0 -0.000849
6765 0 0 -0.000750
6770 0 0 -0.000845
6775 0 0 -0.001033
6780 0 0 -0.001170
6785 0 0 -0.001147
6790 0 0 -0.001012
6795 0 0 -0.000850
6800 0 0 -0.000730
6805 0 0 -0.000657
6810 0 0 -0.000620
6815 0 0 -0.000609
6820 0 0 -0.000616
6825 0 0 -0.000630
6830 0 0 -0.000644
6835 0 0 -0.000653
6840 0 0 -0.000650
6845 0 0 -0.000632
6850 0 0 -0.000606
6855 0 0 -0.000580
6860 0 0 -0.000561
6865 0 0 -0.000553
6870 0 0 -0.000560
6875 0 0 -0.000583
6880 0 0 -0.000616
6885 0 0 -0.000650
6890 0 0 -0.000678
6895 0 0 -0.000694
6900 0 0 -0.000690
6905 0 0 -0.000664
6910 0 0 -0.000634
6915 0 0 -0.000620
6920 0 0 -0.000636
6925 0 0 -0.000664
6930 0 0 -0.000680
6935 0 0 -0.000665
6940 0 0 -0.000629
6945 0 0 -0.000590
6950 0 0 -0.000562
6955 0 0 -0.000548
6960 0 0 -0.000550
6965 0 0 -0.000566
6970 0 0 -0.000587
6975 0 0 -0.000600
6980 0 0 -0.000597
6985 0 0 -0.000579
6990 0 0 -0.000550
6995 0 0 -0.000516
7000 0 0 -0.000493
7005 0 0 -0.000500
7010 0 0 -0.000547
7015 0 0 -0.000611
7020 0 0 -0.000660
7025 0 0 -0.000671
7030 0 0 -0.000660
7035 0 0 -0.000650
7040 0 0 -0.000658
7045 0 0 -0.000672
7050 0 0 -0.000670
7055 0 0 -0.000639
7060 0 0 -0.000595
7065 0 0 -0.000560
7070 0 0 -0.000549
7075 0 0 -0.000554
7080 0 0 -0.000560
7085 0 0 -0.000555
7090 0 0 -0.000545
7095 0 0 -0.000540
7100 0 0 -0.000546
7105 0 0 -0.000556
7110 0 0 -0.000560
7115 0 0 -0.000551
7120 0 0 -0.000530
7125 0 0 -0.000500
7130 0 0 -0.000468
7135 0 0 -0.000458
7140 0 0 -0.000500
7145 0 0 -0.000606
7150 0 0 -0.000726
7155 0 0 -0.000790
7160 0 0 -0.000754
7165 0 0 -0.000660
7170 0 0 -0.000570
7175 0 0 -0.000533
7180 0 0 -0.000534
7185 0 0 -0.000540
7190 0 0 -0.000527
7195 0 0 -0.000497
7200 0 0 -0.000460
7205 0 0 -0.000425
7210 0 0 -0.000401
7215 0 0 -0.000400
7220 0 0 -0.000424
7225 0 0 -0.000448
7230 0 0 -0.000440
7235 0 0 -0.000381
7240 0 0 -0.000303
7245 0 0 -0.000250
7250 0 0 -0.000253
7255 0 0 -0.000289
7260 0 0 -0.000320
7265 0 0 -0.000320
7270 0 0 -0.000302
7275 0 0 -0.000290
7280 0 0 -0.000300
7285 0 0 -0.000323
7290 0 0 -0.000340
7295 0 0 -0.000340
7300 0 0 -0.000330
7305 0 0 -0.000320
7310 0 0 -0.000319
7315 0 0 -0.000325
7320 0 0 -0.000330
7325 0 0 -0.000331
7330 0 0 -0.000327
7335 0 0 -0.000320
7340 0 0 -0.000311
7345 0 0 -0.000299
7350 0 0 -0.000280
7355 0 0 -0.000256
7360 0 0 -0.000237
7365 0 0 -0.000240
7370 0 0 -0.000271
7375 0 0 -0.000313
7380 0 0 -0.000340
7385 0 0 -0.000334
7390 0 0 -0.000305
7395 0 0 -0.000270
7400 0 0 -0.000243
7405 0 0 -0.000232
7410 0 0 -0.000240
7415 0 0 -0.000268
7420 0 0 -0.000298
7425 0 0 -0.000310
7430 0 0 -0.000288
7435 0 0 -0.000245
7440 0 0 -0.000200
7445 0 0 -0.000169
7450 0 0 -0.000156
7455 0 0 -0.000160
7460 0 0 -0.000179
7465 0 0 -0.000206
7470 0 0 -0.000230
7475 0 0 -0.000243
7480 0 0 -0.000244
7485 0 0 -0.000230
7490 0 0 -0.000205
7495 0 0 -0.000182
7500 0 0 -0.000180
7505 0 0 -0.000209
7510 0 0 -0.000248
7515 0 0 -0.000270
7520 0 0 -0.000256
7525 0 0 -0.000222
7530 0 0 -0.000190
7535 0 0 -0.000180
7540 0 0 -0.000189
7545 0 0 -0.000210
7550 0 0 -0.000233
7555 0 0 -0.000250
7560 0 0 -0.000250
7565 0 0 -0.000228
7570 0 0 -0.000198
7575 0 0 -0.000180
7580 0 0 -0.000187
7585 0 0 -0.000210
7590 0 0 -0.000230
7595 0 0 -0.000236
7600 0 0 -0.000228
7605 0 0 -0.000210
7610 0 0 -0.000188
7615 0 0 -0.000174
7620 0 0 -0.000180
7625 0 0 -0.000212
7630 0 0 -0.000251
7635 0 0 -0.000270
7640 0 0 -0.000253
7645 0 0 -0.000215
7650 0 0 -0.000180
7655 0 0 -0.000168
7660 0 0 -0.000177
7665 0 0 -0.000200
7670 0 0 -0.000231
7675 0 0 -0.000268
7680 0 0 -0.000310
7685 0 0 -0.000354
7690 0 0 -0.000386
7695 0 0 -0.000390
7700 0 0 -0.000358
7705 0 0 -0.000314
7710 0 0 -0.000290
7715 0 0 -0.000310
7720 0 0 -0.000365
7725 0 0 -0.000440
7730 0 0 -0.000519
7735 0 0 -0.000587
7740 0 0 -0.000630
7745 0 0 -0.000639
7750 0 0 -0.000619
7755 0 0 -0.000580
7760 0 0 -0.000532
7765 0 0 -0.000488
7770 0 0 -0.000460
7775 0 0 -0.000458
7780 0 0 -0.000469
7785 0 0 -0.000480
7790 0 0 -0.000477
7795 0 0 -0.000465
7800 0 0 -0.000450
7805 0 0 -0.000439
7810 0 0 -0.000432
7815 0 0 -0.000430
7820 0 0 -0.000431
7825 0 0 -0.000430
7830 0 0 -0.000420
7835 0 0 -0.000398
7840 0 0 -0.000374
7845 0 0 -0.000360
7850 0 0 -0.000364
7855 0 0 -0.000378
7860 0 0 -0.000390
7865 0 0 -0.000394
7870 0 0 -0.000404
7875 0 0 -0.000440
7880 0 0 -0.000511
7885 0 0 -0.000586
7890 0 0 -0.000620
7895 0 0 -0.000585
7900 0 0 -0.000508
7905 0 0 -0.000430
7910 0 0 -0.000388
7915 0 0 -0.000400
7920 0 0 -0.000480
7925 0 0 -0.000625
7930 0 0 -0.000761
7935 0 0 -0.000800
7940 0 0 -0.000683
7945 0 0 -0.000479
7950 0 0 -0.000290
7955 0 0 -0.000193
7960 0 0 -0.000173
7965 0 0 -0.000190
7970 0 0 -0.000212
7975 0 0 -0.000231
7980 0 0 -0.000250
7985 0 0 -0.000267
7990 0 0 -0.000284
7995 0 0 -0.000300
8000 0 0 -0.000321
8005 0 0 -0.000373
8010 0 0 -0.000490
8015 0 0 -0.000680
8020 0 0 -0.000859
8025 0 0 -0.000920
8030 0 0 -0.000795
8035 0 0 -0.000575
8040 0 0 -0.000390
8045 0 0 -0.000336
8050 0 0 -0.000376
8055 0 0 -0.000440
8060 0 0 -0.000470
8065 0 0 -0.000469
8070 0 0 -0.000450
8075 0 0 -0.000428
8080 0 0 -0.000413
8085 0 0 -0.000410
8090 0 0 -0.000425
8095 0 0 -0.000451
8100 0 0 -0.000480
8105 0 0 -0.000502
8110 0 0 -0.000511
8115 0 0 -0.000500
8120 0 0 -0.000466
8125 0 0 -0.000426
8130 0 0 -0.000400
8135 0 0 -0.000402
8140 0 0 -0.000423
8145 0 0 -0.000450
8150 0 0 -0.000469
8155 0 0 -0.000474
8160 0 0 -0.000460
8165 0 0 -0.000424
8170 0 0 -0.000379
8175 0 0 -0.000340
8180 0 0 -0.000320
8185 0 0 -0.000320
8190 0 0 -0.000340
8195 0 0 -0.000378
8200 0 0 -0.000422
8205 0 0 -0.000460
8210 0 0 -0.000482
8215 0 0 -0.000488
8220 0 0 -0.000480
8225 0 0 -0.000462
8230 0 0 -0.000445
8235 0 0 -0.000440
8240 0 0 -0.000454
8245 0 0 -0.000471
8250 0 0 -0.000470
8255 0 0 -0.000442
8260 0 0 -0.000428
8265 0 0 -0.000480
8270 0 0 -0.000626
8275 0 0 -0.000794
8280 0 0 -0.000890
8285 0 0 -0.000850
8290 0 0 -0.000743
8295 0 0 -0.000670
8300 0 0 -0.000701
8305 0 0 -0.000784
8310 0 0 -0.000840
8315 0 0 -0.000809
8320 0 0 -0.000721
8325 0 0 -0.000630
8330 0 0 -0.000576
8335 0 0 -0.000550
8340 0 0 -0.000530
8345 0 0 -0.000501
8350 0 0 -0.000472
8355 0 0 -0.000460
8360 0 0 -0.000474
8365 0 0 -0.000503
8370 0 0 -0.000530
8375 0 0 -0.000542
8380 0 0 -0.000537
8385 0 0 -0.000520
8390 0 0 -0.000494
8395 0 0 -0.000470
8400 0 0 -0.000460
8405 0 0 -0.000471
8410 0 0 -0.000495
8415 0 0 -0.000520
8420 0 0 -0.000535
8425 0 0 -0.000538
8430 0 0 -0.000530
8435 0 0 -0.000513
8440 0 0 -0.000496
8445 0 0 -0.000490
8450 0 0 -0.000505
8455 0 0 -0.000539
8460 0 0 -0.000590
8465 0 0 -0.000650
8470 0 0 -0.000699
8475 0 0 -0.000710
8480 0 0 -0.000668
8485 0 0 -0.000595
8490 0 0 -0.000520
8495 0 0 -0.000469
8500 0 0 -0.000446
8505 0 0 -0.000450
8510 0 0 -0.000480
8515 0 0 -0.000531
8520 0 0 -0.000600
8525 0 0 -0.000677
8530 0 0 -0.000737
8535 0 0 -0.000750
8540 0 0 -0.000699
8545 0 0 -0.000617
8550 0 0 -0.000550
8555 0 0 -0.000533
8560 0 0 -0.000554
8565 0 0 -0.000590
8570 0 0 -0.000621
8575 0 0 -0.000639
8580 0 0 -0.000640
8585 0 0 -0.000621
8590 0 0 -0.000583
8595 0 0 -0.000530
8600 0 0 -0.000471
8605 0 0 -0.000444
8610 0 0 -0.000490
8615 0 0 -0.000631
8620 0 0 -0.000798
8625 0 0 -0.000900
8630 0 0 -0.000875
8635 0 0 -0.000769
8640 0 0 -0.000660
8645 0 0 -0.000601
8650 0 0 -0.000564
8655 0 0 -0.000500
8660 0 0 -0.000379
8665 0 0 -0.000247
8670 0 0 -0.000170
8675 0 0 -0.000192
8680 0 0 -0.000275
8685 0 0 -0.000360
8690 0 0 -0.000399
8695 0 0 -0.000397
8700 0 0 -0.000370
8705 0 0 -0.000334
8710 0 0 -0.000303
8715 0 0 -0.000290
8720 0 0 -0.000303
8725 0 0 -0.000329
8730 0 0 -0.000350
8735 0 0 -0.000352
8740 0 0 -0.000341
8745 0 0 -0.000330
8750 0 0 -0.000328
8755 0 0 -0.000333
8760 0 0 -0.000340
8765 0 0 -0.000345
8770 0 0 -0.000344
8775 0 0 -0.000330
8780 0 0 -0.000303
8785 0 0 -0.000272
8790 0 0 -0.000250
8795 0 0 -0.000247
8800 0 0 -0.000260
8805 0 0 -0.000280
8810 0 0 -0.000301
8815 0 0 -0.000317
8820 0 0 -0.000320
8825 0 0 -0.000307
8830 0 0 -0.000287
8835 0 0 -0.000270
8840 0 0 -0.000266
8845 0 0 -0.000276
8850 0 0 -0.000300
8855 0 0 -0.000334
8860 0 0 -0.000365
8865 0 0 -0.000380
8870 0 0 -0.000368
8875 0 0 -0.000334
8880 0 0 -0.000290
8885 0 0 -0.000244
8890 0 0 -0.000208
8895 0 0 -0.000190
8900 0 0 -0.000197
8905 0 0 -0.000216
8910 0 0 -0.000230
8915 0 0 -0.000227
8920 0 0 -0.000211
8925 0 0 -0.000190
8930 0 0 -0.000172
8935 0 0 -0.000163
8940 0 0 -0.000170
8945 0 0 -0.000194
8950 0 0 -0.000220
8955 0 0 -0.000230
8960 0 0 -0.000212
8965 0 0 -0.000182
8970 0 0 -0.000160
8975 0 0 -0.000163
8980 0 0 -0.000184
8985 0 0 -0.000210
8990 0 0 -0.000229
8995 0 0 -0.000237
9000 0 0 -0.000230
9005 0 0 -0.000207
9010 0 0 -0.000180
9015 0 0 -0.000160
9020 0 0 -0.000158
9025 0 0 -0.000170
9030 0 0 -0.000190
9035 0 0 -0.000210
9040 0 0 -0.000223
9045 0 0 -0.000220
9050 0 0 -0.000197
9055 0 0 -0.000168
9060 0 0 -0.000150
9065 0 0 -0.000156
9070 0 0 -0.000178
9075 0 0 -0.000200
9080 0 0 -0.000212
9085 0 0 -0.000211
9090 0 0 -0.000200
9095 0 0 -0.000181
9100 0 0 -0.000163
9105 0 0 -0.000160
9110 0 0 -0.000178
9115 0 0 -0.000204
9120 0 0 -0.000220
9125 0 0 -0.000213
9130 0 0 -0.000192
9135 0 0 -0.000170
9140 0 0 -0.000159
9145 0 0 -0.000165
9150 0 0 -0.000190
9155 0 0 -0.000236
9160 0 0 -0.000295
9165 0 0 -0.000360
9170 0 0 -0.000422
9175 0 0 -0.000482
9180 0 0 -0.000540
9185 0 0 -0.000606
9190 0 0 -0.000725
9195 0 0 -0.000950
9200 0 0 -0.001300
9205 0 0 -0.001650
9210 0 0 -0.001840
9215 0 0 -0.001759
9220 0 0 -0.001491
9225 0 0 -0.001170
9230 0 0 -0.000913
9235 0 0 -0.000769
9240 0 0 -0.000770
9245 0 0 -0.000932
9250 0 0 -0.001201
9255 0 0 -0.001510
9260 0 0 -0.001793
9265 0 0 -0.002004
9270 0 0 -0.002100
9275 0 0 -0.002061
9280 0 0 -0.001947
9285 0 0 -0.001840
9290 0 0 -0.001800
9295 0 0 -0.001799
9300 0 0 -0.001790
9305 0 0 -0.001737
9310 0 0 -0.001657
9315 0 0 -0.001580
9320 0 0 -0.001533
9325 0 0 -0.001537
9330 0 0 -0.001610
9335 0 0 -0.001754
9340 0 0 -0.001912
9345 0 0 -0.002010
9350 0 0 -0.002001
9355 0 0 -0.001938
9360 0 0 -0.001900
9365 0 0 -0.001943
9370 0 0 -0.002035
9375 0 0 -0.002120
9380 0 0 -0.002151
9385 0 0 -0.002118
9390 0 0 -0.002020
9395 0 0 -0.001862
9400 0 0 -0.001681
9405 0 0 -0.001520
9410 0 0 -0.001410
9415 0 0 -0.001326
9420 0 0 -0.001230
9425 0 0 -0.001101
9430 0 0 -0.000986
9435 0 0 -0.000950
9440 0 0 -0.001033
9445 0 0 -0.001172
9450 0 0 -0.001280
9455 0 0 -0.001297
9460 0 0 -0.001273
9465 0 0 -0.001290
9470 0 0 -0.001401
9475 0 0 -0.001558
9480 0 0 -0.001690
9485 0 0 -0.001745
9490 0 0 -0.001754
9495 0 0 -0.001770
9500 0 0 -0.001824
9505 0 0 -0.001869
9510 0 0 -0.001840
9515 0 0 -0.001698
9520 0 0 -0.001523
9525 0 0 -0.001420
9530 0 0 -0.001464
9535 0 0 -0.001595
9540 0 0 -0.001720
9545 0 0 -0.001771
9550 0 0 -0.001777
9555 0 0 -0.001790
9560 0 0 -0.001842
9565 0 0 -0.001885
9570 0 0 -0.001850
9575 0 0 -0.001704
9580 0 0 -0.001559
9585 0 0 -0.001560
9590 0 0 -0.001790
9595 0 0 -0.002071
9600 0 0 -0.002160
9605 0 0 -0.001894
9610 0 0 -0.001432
9615 0 0 -0.001010
9620 0 0 -0.000816
9625 0 0 -0.000829
9630 0 0 -0.000980
9635 0 0 -0.001207
9640 0 0 -0.001490
9645 0 0 -0.001820
9650 0 0 -0.002170
9655 0 0 -0.002444
9660 0 0 -0.002530
9665 0 0 -0.002361
9670 0 0 -0.002061
9675 0 0 -0.001800
9680 0 0 -0.001704
9685 0 0 -0.001712
9690 0 0 -0.001720
9695 0 0 -0.001650
9700 0 0 -0.001543
9705 0 0 -0.001470
9710 0 0 -0.001473
9715 0 0 -0.001484
9720 0 0 -0.001410
9725 0 0 -0.001189
9730 0 0 -0.000893
9735 0 0 -0.000630
9740 0 0 -0.000480
9745 0 0 -0.000424
9750 0 0 -0.000420
9755 0 0 -0.000431
9760 0 0 -0.000448
9765 0 0 -0.000470
9770 0 0 -0.000495
9775 0 0 -0.000517
9780 0 0 -0.000530
9785 0 0 -0.000529
9790 0 0 -0.000520
9795 0 0 -0.000510
9800 0 0 -0.000506
9805 0 0 -0.000502
9810 0 0 -0.000490
9815 0 0 -0.000467
9820 0 0 -0.000448
9825 0 0 -0.000450
9830 0 0 -0.000485
9835 0 0 -0.000533
9840 0 0 -0.000570
9845 0 0 -0.000576
9850 0 0 -0.000558
9855 0 0 -0.000530
9860 0 0 -0.000505
9865 0 0 -0.000484
9870 0 0 -0.000470
9875 0 0 -0.000462
9880 0 0 -0.000459
9885 0 0 -0.000460
9890 0 0 -0.000463
9895 0 0 -0.000460
9900 0 0 -0.000440
9905 0 0 -0.000402
9910 0 0 -0.000374
9915 0 0 -0.000390
9920 0 0 -0.000472
9925 0 0 -0.000580
9930 0 0 -0.000660
9935 0 0 -0.000672
9940 0 0 -0.000634
9945 0 0 -0.000580
9950 0 0 -0.000536
9955 0 0 -0.000506
9960 0 0 -0.000490
9965 0 0 -0.000486
9970 0 0 -0.000490
9975 0 0 -0.000500
9980 0 0 -0.000512
9985 0 0 -0.000528
9990 0 0 -0.000550
9995 0 0 -0.000578
10000 0 0 -0.000597
10005 0 0 -0.000590
10010 0 0 -0.000552
10015 0 0 -0.000534
10020 0 0 -0.000600
10025 0 0 -0.000781
10030 0 0 -0.000984
10035 0 0 -0.001080
10040 0 0 -0.000986
10045 0 0 -0.000787
10050 0 0 -0.000610
10055 0 0 -0.000551
10060 0 0 -0.000586
10065 0 0 -0.000660
10070 0 0 -0.000717
10075 0 0 -0.000702
