0 0.000000
30 35.440000
60 34.930000
90 35.030000
120 33.900000
150 31.110000
180 29.080000
210 26.790000
240 22.330000
270 25.500000
300 25.400000
330 26.470000
360 25.450000
390 25.730000
420 27.690000
450 32.280000
480 35.520000
510 36.030000
540 35.930000
570 36.570000
600 35.380000
630 35.190000
660 35.010000
690 34.970000
720 34.960000
750 34.670000
780 34.890000
810 34.930000
840 34.790000
870 34.340000
900 31.750000
930 33.820000
960 34.990000
990 35.170000
1020 35.440000
1050 35.260000
1080 36.270000
1110 36.690000
1140 35.520000
1170 35.020000
1200 35.020000
1230 35.370000
1260 35.020000
1290 35.020000
1320 35.340000
1350 35.840000
1380 35.170000
1410 35.330000
1440 35.000000
1470 37.060000
1500 35.590000
1530 34.110000
1560 32.490000
1590 31.720000
1620 29.460000
1650 26.350000
1680 24.900000
1710 24.890000
1740 25.430000
1770 26.000000
1800 25.340000
1830 25.770000
1860 25.460000
1890 26.910000
1920 29.680000
1950 31.270000
1980 32.650000
2010 31.400000
2040 30.730000
2070 29.100000
2100 25.470000
2130 25.420000
2160 25.460000
2190 25.850000
2220 25.460000
2250 25.460000
2280 25.450000
2310 25.460000
2340 25.460000
2370 25.460000
2400 25.970000
2430 28.790000
2460 30.060000
2490 33.210000
2520 37.010000
2550 36.480000
2580 35.500000
2610 33.250000
2640 31.870000
2670 32.040000
2700 31.520000
2730 29.630000
2760 28.560000
2790 31.310000
2820 25.850000
2850 31.180000
2880 29.300000
2910 30.760000
2940 30.160000
2970 26.030000
3000 23.140000
3030 20.900000
3060 15.820000
3090 18.960000
3120 18.190000
3150 19.920000
3180 20.240000
3210 27.770000
3240 27.650000
3270 26.870000
3300 39.810000
3330 40.500000
3360 50.380000
3390 46.670000
3420 35.340000
3450 35.520000
3480 35.540000
3510 34.730000
3540 32.730000
3570 31.500000
3600 31.620000
3630 32.770000
3660 32.610000
3690 32.930000
3720 34.440000
3750 34.910000
3780 34.970000
3810 34.910000
3840 34.900000
3870 32.930000
3900 35.250000
3930 37.130000
3960 73.320000
3990 87.520000
4020 64.740000
4050 47.230000
4080 44.410000
4110 37.770000
4140 35.850000
4170 35.260000
4200 31.660000
4230 35.580000
4260 32.620000
4290 34.530000
4320 34.710000
4350 35.350000
4380 35.790000
4410 35.160000
4440 35.100000
4470 36.060000
4500 35.340000
4530 35.060000
4560 34.770000
4590 34.300000
4620 35.230000
4650 38.540000
4680 36.280000
4710 31.470000
4740 36.690000
4770 53.110000
4800 67.230000
4830 41.450000
4860 36.650000
4890 40.630000
4920 42.120000
4950 35.480000
4980 35.760000
5010 36.580000
5040 36.010000
5070 35.960000
5100 35.920000
5130 34.100000
5160 34.350000
5190 35.120000
5220 35.210000
5250 34.130000
5280 37.000000
5310 38.460000
5340 37.830000
5370 42.950000
5400 60.000000
5430 65.980000
5460 61.150000
5490 55.950000
5520 46.820000
5550 43.950000
5580 46.840000
5610 37.510000
5640 33.380000
5670 36.590000
5700 31.240000
5730 34.830000
5760 33.480000
5790 36.030000
5820 37.300000
5850 36.230000
5880 34.240000
5910 34.080000
5940 29.450000
5970 27.580000
6000 26.180000
6030 26.210000
6060 29.170000
6090 32.100000
6120 39.220000
6150 27.270000
6180 41.870000
6210 45.320000
6240 63.410000
6270 50.350000
6300 45.220000
6330 46.870000
6360 43.840000
6390 44.420000
6420 38.510000
6450 37.050000
6480 38.600000
6510 38.330000
6540 41.780000
6570 41.090000
6600 41.110000
6630 41.960000
6660 37.110000
6690 38.490000
6720 42.230000
6750 40.370000
6780 45.130000
6810 70.440000
6840 97.060000
6870 103.810000
6900 111.640000
6930 66.680000
6960 66.320000
6990 63.830000
7020 52.430000
7050 45.480000
7080 36.340000
7110 43.290000
7140 39.720000
7170 35.190000
7200 35.260000
7230 35.780000
7260 36.030000
7290 36.250000
7320 35.510000
7350 36.020000
7380 35.910000
7410 35.520000
7440 35.140000
7470 35.830000
7500 35.590000
7530 40.240000
7560 39.780000
7590 32.900000
7620 96.190000
7650 77.070000
7680 111.500000
7710 75.290000
7740 53.440000
7770 53.150000
7800 41.960000
7830 37.990000
7860 37.960000
7890 35.020000
7920 35.350000
7950 36.000000
7980 33.040000
8010 34.580000
8040 34.900000
8070 34.230000
8100 34.310000
8130 35.110000
8160 35.780000
8190 37.550000
8220 39.190000
8250 55.280000
8280 99.900000
8310 65.530000
8340 97.860000
8370 81.630000
8400 53.510000
8430 69.800000
8460 52.750000
8490 40.280000
8520 35.030000
8550 39.340000
8580 35.490000
8610 37.980000
8640 34.150000
8670 36.030000
8700 36.030000
8730 35.850000
8760 35.460000
8790 36.030000
8820 36.010000
8850 35.140000
8880 35.310000
8910 36.300000
8940 37.420000
8970 43.560000
9000 32.760000
9030 32.560000
9060 89.520000
9090 46.290000
9120 82.470000
9150 60.930000
9180 43.150000
9210 41.820000
9240 35.500000
9270 35.140000
9300 34.780000
9330 34.980000
9360 35.000000
9390 34.970000
9420 33.680000
9450 33.700000
9480 32.850000
9510 34.270000
9540 34.140000
9570 34.740000
9600 34.980000
9630 35.310000
9660 36.460000
9690 36.660000
9720 66.320000
9750 48.100000
9780 48.710000
9810 48.330000
9840 43.630000
9870 41.680000
9900 40.630000
9930 35.800000
9960 35.770000
9990 44.600000
10020 38.300000
10050 40.040000
