 0.00000000e+00 8.69792090e-01
 5.00000000e+00 8.64739270e-01
 1.00000000e+01 8.61101266e-01
 1.50000000e+01 8.58952223e-01
 2.00000000e+01 8.58327104e-01
 2.50000000e+01 8.59220760e-01
 3.00000000e+01 8.61587880e-01
 3.50000000e+01 8.65343802e-01
 4.00000000e+01 8.70366191e-01
 4.50000000e+01 8.76497537e-01
 5.00000000e+01 8.83548418e-01
 5.50000000e+01 8.91301468e-01
 6.00000000e+01 8.99515964e-01
 6.50000000e+01 9.07932925e-01
 7.00000000e+01 9.16280634e-01
 7.50000000e+01 9.24280448e-01
 8.00000000e+01 9.31652787e-01
 8.50000000e+01 9.38123161e-01
 9.00000000e+01 9.43428129e-01
 9.50000000e+01 9.47321033e-01
 1.00000000e+02 9.49577418e-01
 1.05000000e+02 9.50000000e-01
 1.10000000e+02 9.48423083e-01
 1.15000000e+02 9.44716337e-01
 1.20000000e+02 9.38787845e-01
 1.25000000e+02 9.30586364e-01
 1.30000000e+02 9.20102747e-01
 1.35000000e+02 9.07370495e-01
 1.40000000e+02 8.92465420e-01
 1.45000000e+02 8.75504442e-01
 1.50000000e+02 8.56643525e-01
 1.55000000e+02 8.36074805e-01
 1.60000000e+02 8.14022966e-01
 1.65000000e+02 7.90740941e-01
 1.70000000e+02 7.66505030e-01
 1.75000000e+02 7.41609520e-01
 1.80000000e+02 7.16360951e-01
 1.85000000e+02 6.91072110e-01
 1.90000000e+02 6.66055909e-01
 1.95000000e+02 6.41619259e-01
 2.00000000e+02 6.18057072e-01
 2.05000000e+02 5.95646509e-01
 2.10000000e+02 5.74641614e-01
 2.15000000e+02 5.55268419e-01
 2.20000000e+02 5.37720640e-01
 2.25000000e+02 5.22156053e-01
 2.30000000e+02 5.08693609e-01
 2.35000000e+02 4.97411374e-01
 2.40000000e+02 4.88345304e-01
 2.45000000e+02 4.81488912e-01
 2.50000000e+02 4.76793808e-01
 2.55000000e+02 4.74171107e-01
 2.60000000e+02 4.73493686e-01
 2.65000000e+02 4.74599214e-01
 2.70000000e+02 4.77293926e-01
 2.75000000e+02 4.81357023e-01
 2.80000000e+02 4.86545631e-01
 2.85000000e+02 4.92600202e-01
 2.90000000e+02 4.99250247e-01
 2.95000000e+02 5.06220270e-01
 3.00000000e+02 5.13235786e-01
 3.05000000e+02 5.20029298e-01
 3.10000000e+02 5.26346092e-01
 3.15000000e+02 5.31949739e-01
 3.20000000e+02 5.36627189e-01
 3.25000000e+02 5.40193339e-01
 3.30000000e+02 5.42494983e-01
 3.35000000e+02 5.43414069e-01
 3.40000000e+02 5.42870176e-01
 3.45000000e+02 5.40822178e-01
 3.50000000e+02 5.37269046e-01
 3.55000000e+02 5.32249779e-01
 3.60000000e+02 5.25842463e-01
 3.65000000e+02 5.18162478e-01
 3.70000000e+02 5.09359890e-01
 3.75000000e+02 4.99616093e-01
 3.80000000e+02 4.89139755e-01
 3.85000000e+02 4.78162172e-01
 3.90000000e+02 4.66932121e-01
 3.95000000e+02 4.55710315e-01
 4.00000000e+02 4.44763596e-01
 4.05000000e+02 4.34358969e-01
 4.10000000e+02 4.24757623e-01
 4.15000000e+02 4.16209045e-01
 4.20000000e+02 4.08945380e-01
 4.25000000e+02 4.03176130e-01
 4.30000000e+02 3.99083321e-01
 4.35000000e+02 3.96817244e-01
 4.40000000e+02 3.96492843e-01
 4.45000000e+02 3.98186852e-01
 4.50000000e+02 4.01935725e-01
 4.55000000e+02 4.07734409e-01
 4.60000000e+02 4.15535991e-01
 4.65000000e+02 4.25252226e-01
 4.70000000e+02 4.36754935e-01
 4.75000000e+02 4.49878244e-01
 4.80000000e+02 4.64421621e-01
 4.85000000e+02 4.80153654e-01
 4.90000000e+02 4.96816475e-01
 4.95000000e+02 5.14130753e-01
 5.00000000e+02 5.31801152e-01
 5.05000000e+02 5.49522131e-01
 5.10000000e+02 5.66983968e-01
 5.15000000e+02 5.83878887e-01
 5.20000000e+02 5.99907162e-01
 5.25000000e+02 6.14783053e-01
 5.30000000e+02 6.28240473e-01
 5.35000000e+02 6.40038256e-01
 5.40000000e+02 6.49964908e-01
 5.45000000e+02 6.57842762e-01
 5.50000000e+02 6.63531434e-01
 5.55000000e+02 6.66930511e-01
 5.60000000e+02 6.67981419e-01
 5.65000000e+02 6.66668434e-01
 5.70000000e+02 6.63018804e-01
 5.75000000e+02 6.57101999e-01
 5.80000000e+02 6.49028083e-01
 5.85000000e+02 6.38945263e-01
 5.90000000e+02 6.27036655e-01
 5.95000000e+02 6.13516339e-01
 6.00000000e+02 5.98624790e-01
 6.05000000e+02 5.82623774e-01
 6.10000000e+02 5.65790826e-01
 6.15000000e+02 5.48413418e-01
 6.20000000e+02 5.30782946e-01
 6.25000000e+02 5.13188664e-01
 6.30000000e+02 4.95911681e-01
 6.35000000e+02 4.79219168e-01
 6.40000000e+02 4.63358873e-01
 6.45000000e+02 4.48554081e-01
 6.50000000e+02 4.34999109e-01
 6.55000000e+02 4.22855439e-01
 6.60000000e+02 4.12248569e-01
 6.65000000e+02 4.03265642e-01
 6.70000000e+02 3.95953910e-01
 6.75000000e+02 3.90320059e-01
 6.80000000e+02 3.86330411e-01
 6.85000000e+02 3.83911994e-01
 6.90000000e+02 3.82954463e-01
 6.95000000e+02 3.83312820e-01
 7.00000000e+02 3.84810889e-01
 7.05000000e+02 3.87245452e-01
 7.10000000e+02 3.90390976e-01
 7.15000000e+02 3.94004819e-01
 7.20000000e+02 3.97832803e-01
 7.25000000e+02 4.01615045e-01
 7.30000000e+02 4.05091905e-01
 7.35000000e+02 4.08009944e-01
 7.40000000e+02 4.10127745e-01
 7.45000000e+02 4.11221483e-01
 7.50000000e+02 4.11090130e-01
 7.55000000e+02 4.09560167e-01
 7.60000000e+02 4.06489721e-01
 7.65000000e+02 4.01772018e-01
 7.70000000e+02 3.95338100e-01
 7.75000000e+02 3.87158730e-01
 7.80000000e+02 3.77245443e-01
 7.85000000e+02 3.65650740e-01
 7.90000000e+02 3.52467386e-01
 7.95000000e+02 3.37826862e-01
 8.00000000e+02 3.21896972e-01
 8.05000000e+02 3.04878672e-01
 8.10000000e+02 2.87002180e-01
 8.15000000e+02 2.68522449e-01
 8.20000000e+02 2.49714103e-01
 8.25000000e+02 2.30865926e-01
 8.30000000e+02 2.12275043e-01
 8.35000000e+02 1.94240892e-01
 8.40000000e+02 1.77059128e-01
 8.45000000e+02 1.61015587e-01
 8.50000000e+02 1.46380422e-01
 8.55000000e+02 1.33402551e-01
 8.60000000e+02 1.22304532e-01
 8.65000000e+02 1.13277957e-01
 8.70000000e+02 1.06479484e-01
 8.75000000e+02 1.02027572e-01
 8.80000000e+02 1.00000000e-01
 8.85000000e+02 1.00432214e-01
 8.90000000e+02 1.03316548e-01
 8.95000000e+02 1.08602317e-01
 9.00000000e+02 1.16196802e-01
 9.05000000e+02 1.25967092e-01
 9.10000000e+02 1.37742746e-01
 9.15000000e+02 1.51319228e-01
 9.20000000e+02 1.66462028e-01
 9.25000000e+02 1.82911401e-01
 9.30000000e+02 2.00387607e-01
 9.35000000e+02 2.18596557e-01
 9.40000000e+02 2.37235734e-01
 9.45000000e+02 2.56000273e-01
 9.50000000e+02 2.74589073e-01
 9.55000000e+02 2.92710805e-01
 9.60000000e+02 3.10089700e-01
 9.65000000e+02 3.26470989e-01
 9.70000000e+02 3.41625888e-01
 9.75000000e+02 3.55356011e-01
 9.80000000e+02 3.67497142e-01
 9.85000000e+02 3.77922259e-01
 9.90000000e+02 3.86543774e-01
 9.95000000e+02 3.93314926e-01
 1.00000000e+03 3.98230305e-01
 1.00500000e+03 4.01325499e-01
 1.01000000e+03 4.02675870e-01
 1.01500000e+03 4.02394489e-01
 1.02000000e+03 4.00629269e-01
 1.02500000e+03 3.97559372e-01
 1.03000000e+03 3.93390946e-01
 1.03500000e+03 3.88352308e-01
 1.04000000e+03 3.82688655e-01
 1.04500000e+03 3.76656430e-01
 1.05000000e+03 3.70517456e-01
 1.05500000e+03 3.64532969e-01
 1.06000000e+03 3.58957675e-01
 1.06500000e+03 3.54033950e-01
 1.07000000e+03 3.49986324e-01
 1.07500000e+03 3.47016351e-01
 1.08000000e+03 3.45297982e-01
 1.08500000e+03 3.44973542e-01
 1.09000000e+03 3.46150386e-01
 1.09500000e+03 3.48898321e-01
 1.10000000e+03 3.53247837e-01
 1.10500000e+03 3.59189192e-01
 1.11000000e+03 3.66672373e-01
 1.11500000e+03 3.75607920e-01
 1.12000000e+03 3.85868621e-01
 1.12500000e+03 3.97292018e-01
 1.13000000e+03 4.09683690e-01
 1.13500000e+03 4.22821232e-01
 1.14000000e+03 4.36458859e-01
 1.14500000e+03 4.50332515e-01
 1.15000000e+03 4.64165415e-01
 1.15500000e+03 4.77673868e-01
 1.16000000e+03 4.90573274e-01
 1.16500000e+03 5.02584179e-01
 1.17000000e+03 5.13438232e-01
 1.17500000e+03 5.22883946e-01
 1.18000000e+03 5.30692127e-01
 1.18500000e+03 5.36660850e-01
 1.19000000e+03 5.40619900e-01
 1.19500000e+03 5.42434552e-01
 1.20000000e+03 5.42008638e-01
 1.20500000e+03 5.39286818e-01
 1.21000000e+03 5.34256008e-01
 1.21500000e+03 5.26945949e-01
 1.22000000e+03 5.17428878e-01
 1.22500000e+03 5.05818336e-01
 1.23000000e+03 4.92267107e-01
 1.23500000e+03 4.76964363e-01
 1.24000000e+03 4.60132040e-01
 1.24500000e+03 4.42020553e-01
 1.25000000e+03 4.22903909e-01
 1.25500000e+03 4.03074348e-01
 1.26000000e+03 3.82836596e-01
 1.26500000e+03 3.62501878e-01
 1.27000000e+03 3.42381790e-01
 1.27500000e+03 3.22782176e-01
 1.28000000e+03 3.03997134e-01
 1.28500000e+03 2.86303263e-01
 1.29000000e+03 2.69954298e-01
 1.29500000e+03 2.55176209e-01
 1.30000000e+03 2.42162903e-01
 1.30500000e+03 2.31072587e-01
 1.31000000e+03 2.22024891e-01
 1.31500000e+03 2.15098791e-01
 1.32000000e+03 2.10331392e-01
 1.32500000e+03 2.07717578e-01
 1.33000000e+03 2.07210547e-01
 1.33500000e+03 2.08723221e-01
 1.34000000e+03 2.12130480e-01
 1.34500000e+03 2.17272198e-01
 1.35000000e+03 2.23956996e-01
 1.35500000e+03 2.31966637e-01
 1.36000000e+03 2.41060975e-01
 1.36500000e+03 2.50983344e-01
 1.37000000e+03 2.61466277e-01
 1.37500000e+03 2.72237432e-01
 1.38000000e+03 2.83025594e-01
 1.38500000e+03 2.93566640e-01
 1.39000000e+03 3.03609322e-01
 1.39500000e+03 3.12920756e-01
 1.40000000e+03 3.21291497e-01
 1.40500000e+03 3.28540100e-01
 1.41000000e+03 3.34517052e-01
 1.41500000e+03 3.39108013e-01
 1.42000000e+03 3.42236284e-01
 1.42500000e+03 3.43864452e-01
 1.43000000e+03 3.43995181e-01
 1.43500000e+03 3.42671126e-01
 1.44000000e+03 3.39973978e-01
 1.44500000e+03 3.36022659e-01
 1.45000000e+03 3.30970703e-01
 1.45500000e+03 3.25002875e-01
 1.46000000e+03 3.18331114e-01
 1.46500000e+03 3.11189869e-01
 1.47000000e+03 3.03830941e-01
 1.47500000e+03 2.96517927e-01
 1.48000000e+03 2.89520398e-01
 1.48500000e+03 2.83107927e-01
 1.49000000e+03 2.77544096e-01
 1.49500000e+03 2.73080602e-01
 1.50000000e+03 2.69951607e-01
 1.50500000e+03 2.68368429e-01
 1.51000000e+03 2.68514702e-01
 1.51500000e+03 2.70542106e-01
 1.52000000e+03 2.74566755e-01
 1.52500000e+03 2.80666322e-01
 1.53000000e+03 2.88877968e-01
 1.53500000e+03 2.99197110e-01
 1.54000000e+03 3.11577066e-01
 1.54500000e+03 3.25929575e-01
 1.55000000e+03 3.42126201e-01
 1.55500000e+03 3.60000566e-01
 1.56000000e+03 3.79351391e-01
 1.56500000e+03 3.99946268e-01
 1.57000000e+03 4.21526092e-01
 1.57500000e+03 4.43810057e-01
 1.58000000e+03 4.66501112e-01
 1.58500000e+03 4.89291766e-01
 1.59000000e+03 5.11870123e-01
 1.59500000e+03 5.33926008e-01
 1.60000000e+03 5.55157079e-01
 1.60500000e+03 5.75274773e-01
 1.61000000e+03 5.94009976e-01
 1.61500000e+03 6.11118302e-01
 1.62000000e+03 6.26384856e-01
 1.62500000e+03 6.39628394e-01
 1.63000000e+03 6.50704793e-01
 1.63500000e+03 6.59509745e-01
 1.64000000e+03 6.65980644e-01
 1.64500000e+03 6.70097600e-01
 1.65000000e+03 6.71883585e-01
 1.65500000e+03 6.71403681e-01
 1.66000000e+03 6.68763479e-01
 1.66500000e+03 6.64106633e-01
 1.67000000e+03 6.57611643e-01
 1.67500000e+03 6.49487924e-01
 1.68000000e+03 6.39971249e-01
 1.68500000e+03 6.29318662e-01
 1.69000000e+03 6.17802969e-01
 1.69500000e+03 6.05706921e-01
 1.70000000e+03 5.93317216e-01
 1.70500000e+03 5.80918443e-01
 1.71000000e+03 5.68787103e-01
 1.71500000e+03 5.57185818e-01
 1.72000000e+03 5.46357869e-01
 1.72500000e+03 5.36522167e-01
 1.73000000e+03 5.27868760e-01
 1.73500000e+03 5.20554982e-01
 1.74000000e+03 5.14702312e-01
 1.74500000e+03 5.10394023e-01
 1.75000000e+03 5.07673649e-01
 1.75500000e+03 5.06544328e-01
 1.76000000e+03 5.06969011e-01
 1.76500000e+03 5.08871546e-01
 1.77000000e+03 5.12138605e-01
 1.77500000e+03 5.16622415e-01
 1.78000000e+03 5.22144240e-01
 1.78500000e+03 5.28498528e-01
 1.79000000e+03 5.35457641e-01
 1.79500000e+03 5.42777070e-01
 1.80000000e+03 5.50201011e-01
 1.80500000e+03 5.57468204e-01
 1.81000000e+03 5.64317882e-01
 1.81500000e+03 5.70495735e-01
 1.82000000e+03 5.75759728e-01
 1.82500000e+03 5.79885680e-01
 1.83000000e+03 5.82672466e-01
 1.83500000e+03 5.83946725e-01
 1.84000000e+03 5.83567002e-01
 1.84500000e+03 5.81427197e-01
 1.85000000e+03 5.77459280e-01
 1.85500000e+03 5.71635189e-01
 1.86000000e+03 5.63967883e-01
 1.86500000e+03 5.54511524e-01
 1.87000000e+03 5.43360776e-01
 1.87500000e+03 5.30649246e-01
 1.88000000e+03 5.16547084e-01
 1.88500000e+03 5.01257806e-01
 1.89000000e+03 4.85014393e-01
 1.89500000e+03 4.68074759e-01
 1.90000000e+03 4.50716669e-01
 1.90500000e+03 4.33232228e-01
 1.91000000e+03 4.15922041e-01
 1.91500000e+03 3.99089180e-01
 1.92000000e+03 3.83033077e-01
 1.92500000e+03 3.68043464e-01
 1.93000000e+03 3.54394511e-01
 1.93500000e+03 3.42339253e-01
 1.94000000e+03 3.32104452e-01
 1.94500000e+03 3.23885978e-01
 1.95000000e+03 3.17844826e-01
 1.95500000e+03 3.14103837e-01
 1.96000000e+03 3.12745204e-01
 1.96500000e+03 3.13808805e-01
 1.97000000e+03 3.17291406e-01
 1.97500000e+03 3.23146743e-01
 1.98000000e+03 3.31286491e-01
 1.98500000e+03 3.41582091e-01
 1.99000000e+03 3.53867403e-01
 1.99500000e+03 3.67942116e-01
 2.00000000e+03 3.83575868e-01
 2.00500000e+03 4.00512965e-01
 2.01000000e+03 4.18477607e-01
 2.01500000e+03 4.37179526e-01
 2.02000000e+03 4.56319889e-01
 2.02500000e+03 4.75597371e-01
 2.03000000e+03 4.94714253e-01
 2.03500000e+03 5.13382421e-01
 2.04000000e+03 5.31329142e-01
 2.04500000e+03 5.48302498e-01
 2.05000000e+03 5.64076354e-01
 2.05500000e+03 5.78454775e-01
 2.06000000e+03 5.91275778e-01
 2.06500000e+03 6.02414358e-01
 2.07000000e+03 6.11784718e-01
 2.07500000e+03 6.19341656e-01
 2.08000000e+03 6.25081087e-01
 2.08500000e+03 6.29039684e-01
 2.09000000e+03 6.31293655e-01
 2.09500000e+03 6.31956667e-01
 2.10000000e+03 6.31176991e-01
 2.10500000e+03 6.29133892e-01
 2.11000000e+03 6.26033384e-01
 2.11500000e+03 6.22103399e-01
 2.12000000e+03 6.17588509e-01
 2.12500000e+03 6.12744292e-01
 2.13000000e+03 6.07831470e-01
 2.13500000e+03 6.03109947e-01
 2.14000000e+03 5.98832866e-01
 2.14500000e+03 5.95240823e-01
 2.15000000e+03 5.92556354e-01
 2.15500000e+03 5.90978809e-01
 2.16000000e+03 5.90679741e-01
 2.16500000e+03 5.91798882e-01
 2.17000000e+03 5.94440816e-01
 2.17500000e+03 5.98672408e-01
 2.18000000e+03 6.04521047e-01
 2.18500000e+03 6.11973740e-01
 2.19000000e+03 6.20977085e-01
 2.19500000e+03 6.31438110e-01
 2.20000000e+03 6.43225975e-01
 2.20500000e+03 6.56174496e-01
 2.21000000e+03 6.70085441e-01
 2.21500000e+03 6.84732520e-01
 2.22000000e+03 6.99865999e-01
 2.22500000e+03 7.15217836e-01
 2.23000000e+03 7.30507223e-01
 2.23500000e+03 7.45446428e-01
 2.24000000e+03 7.59746815e-01
 2.24500000e+03 7.73124896e-01
 2.25000000e+03 7.85308320e-01
 2.25500000e+03 7.96041636e-01
 2.26000000e+03 8.05091741e-01
 2.26500000e+03 8.12252871e-01
 2.27000000e+03 8.17351051e-01
 2.27500000e+03 8.20247896e-01
 2.28000000e+03 8.20843683e-01
 2.28500000e+03 8.19079639e-01
 2.29000000e+03 8.14939383e-01
 2.29500000e+03 8.08449503e-01
 2.30000000e+03 7.99679241e-01
 2.30500000e+03 7.88739311e-01
 2.31000000e+03 7.75779851e-01
 2.31500000e+03 7.60987571e-01
 2.32000000e+03 7.44582149e-01
 2.32500000e+03 7.26811943e-01
 2.33000000e+03 7.07949123e-01
 2.33500000e+03 6.88284308e-01
 2.34000000e+03 6.68120835e-01
 2.34500000e+03 6.47768773e-01
 2.35000000e+03 6.27538801e-01
 2.35500000e+03 6.07736090e-01
 2.36000000e+03 5.88654309e-01
 2.36500000e+03 5.70569881e-01
 2.37000000e+03 5.53736611e-01
 2.37500000e+03 5.38380796e-01
 2.38000000e+03 5.24696918e-01
 2.38500000e+03 5.12844013e-01
 2.39000000e+03 5.02942788e-01
 2.39500000e+03 4.95073545e-01
 2.40000000e+03 4.89274958e-01
 2.40500000e+03 4.85543720e-01
 2.41000000e+03 4.83835076e-01
 2.41500000e+03 4.84064221e-01
 2.42000000e+03 4.86108536e-01
 2.42500000e+03 4.89810609e-01
 2.43000000e+03 4.94981986e-01
 2.43500000e+03 5.01407555e-01
 2.44000000e+03 5.08850486e-01
 2.44500000e+03 5.17057613e-01
 2.45000000e+03 5.25765136e-01
 2.45500000e+03 5.34704544e-01
 2.46000000e+03 5.43608601e-01
 2.46500000e+03 5.52217299e-01
 2.47000000e+03 5.60283632e-01
 2.47500000e+03 5.67579068e-01
 2.48000000e+03 5.73898613e-01
 2.48500000e+03 5.79065360e-01
 2.49000000e+03 5.82934403e-01
 2.49500000e+03 5.85396068e-01
 2.50000000e+03 5.86378367e-01
 2.50500000e+03 5.85848624e-01
 2.51000000e+03 5.83814254e-01
 2.51500000e+03 5.80322666e-01
 2.52000000e+03 5.75460290e-01
 2.52500000e+03 5.69350757e-01
 2.53000000e+03 5.62152265e-01
 2.53500000e+03 5.54054189e-01
 2.54000000e+03 5.45273005e-01
 2.54500000e+03 5.36047613e-01
 2.55000000e+03 5.26634165e-01
 2.55500000e+03 5.17300498e-01
 2.56000000e+03 5.08320300e-01
 2.56500000e+03 4.99967119e-01
 2.57000000e+03 4.92508366e-01
 2.57500000e+03 4.86199404e-01
 2.58000000e+03 4.81277891e-01
 2.58500000e+03 4.77958454e-01
 2.59000000e+03 4.76427848e-01
 2.59500000e+03 4.76840670e-01
 2.60000000e+03 4.79315742e-01
 2.60500000e+03 4.83933227e-01
 2.61000000e+03 4.90732549e-01
 2.61500000e+03 4.99711157e-01
 2.62000000e+03 5.10824163e-01
 2.62500000e+03 5.23984861e-01
 2.63000000e+03 5.39066119e-01
 2.63500000e+03 5.55902613e-01
 2.64000000e+03 5.74293870e-01
 2.64500000e+03 5.94008030e-01
 2.65000000e+03 6.14786283e-01
 2.65500000e+03 6.36347861e-01
 2.66000000e+03 6.58395499e-01
 2.66500000e+03 6.80621239e-01
 2.67000000e+03 7.02712466e-01
 2.67500000e+03 7.24358041e-01
 2.68000000e+03 7.45254413e-01
 2.68500000e+03 7.65111573e-01
 2.69000000e+03 7.83658730e-01
 2.69500000e+03 8.00649593e-01
 2.70000000e+03 8.15867144e-01
 2.70500000e+03 8.29127804e-01
 2.71000000e+03 8.40284911e-01
 2.71500000e+03 8.49231427e-01
 2.72000000e+03 8.55901830e-01
 2.72500000e+03 8.60273143e-01
 2.73000000e+03 8.62365085e-01
 2.73500000e+03 8.62239337e-01
 2.74000000e+03 8.59997947e-01
 2.74500000e+03 8.55780901e-01
 2.75000000e+03 8.49762916e-01
 2.75500000e+03 8.42149523e-01
 2.76000000e+03 8.33172524e-01
 2.76500000e+03 8.23084918e-01
 2.77000000e+03 8.12155405e-01
 2.77500000e+03 8.00662586e-01
 2.78000000e+03 7.88888975e-01
 2.78500000e+03 7.77114963e-01
 2.79000000e+03 7.65612846e-01
 2.79500000e+03 7.54641057e-01
 2.80000000e+03 7.44438712e-01
 2.80500000e+03 7.35220596e-01
 2.81000000e+03 7.27172687e-01
 2.81500000e+03 7.20448317e-01
 2.82000000e+03 7.15165044e-01
 2.82500000e+03 7.11402314e-01
 2.83000000e+03 7.09199945e-01
 2.83500000e+03 7.08557478e-01
 2.84000000e+03 7.09434401e-01
 2.84500000e+03 7.11751243e-01
 2.85000000e+03 7.15391511e-01
 2.85500000e+03 7.20204440e-01
 2.86000000e+03 7.26008474e-01
 2.86500000e+03 7.32595428e-01
 2.87000000e+03 7.39735229e-01
 2.87500000e+03 7.47181135e-01
 2.88000000e+03 7.54675323e-01
