   8 -0.700  0.700
   3 -0.750  0.240
   1 -0.700 -0.240
  12 -0.750 -0.700

   4 -0.300  0.700
   6 -0.340  0.550
   7 -0.360  0.400
   2 -0.550  0.250
   9 -0.340  0.270
  15 -0.390 -0.050
  16 -0.360 -0.200
  17 -0.330 -0.350
  13 -0.230 -0.400
  10 -0.270 -0.650

  18 -0.160  0.600
   5 -0.100  0.400
  45 -0.120  0.300
  29 -0.140  0.100
  49 -0.150 -0.000
  11 -0.120 -0.200
  14 -0.140 -0.300
  51 -0.120 -0.400
  55 -0.140 -0.500

  19  0.100  0.600
  44  0.120  0.500
  28  0.120  0.400
  38  0.140  0.300
  48  0.220  0.200
  41  0.160  0.100
  43  0.140  0.000
  46  0.100 -0.100
  52  0.140 -0.300
  50  0.100 -0.470
  54  0.140 -0.600
  
  20  0.250  0.700
  22  0.320  0.400
  27  0.340  0.300
  37  0.360  0.200
  42  0.340  0.100
  56  0.320  0.000
  47  0.250 -0.100
  53  0.220 -0.550

  21  0.350  0.600
  23  0.420  0.400
  26  0.440  0.300
  36  0.460  0.200
  39  0.440  0.100
  40  0.420  0.000
  57  0.400 -0.100
  
  24  0.500  0.500
  35  0.550  0.100
  
  25  0.600  0.600
  34  0.650  0.200
  
  30  0.750  0.400
  32  0.750  0.100
  
  31  0.900  0.300
  33  0.900  0.200
