0.000000 0.202437
300.000000 0.203263
600.000000 0.204088
900.000000 0.204913
1200.000000 0.205736
1500.000000 0.206559
1800.000000 0.207380
2100.000000 0.208201
2400.000000 0.209020
2700.000000 0.209839
3000.000000 0.210656
3300.000000 0.211473
3600.000000 0.212288
3900.000000 0.213102
4200.000000 0.213915
4500.000000 0.214727
4800.000000 0.215537
5100.000000 0.216346
5400.000000 0.217154
5700.000000 0.217960
6000.000000 0.218765
6300.000000 0.219569
6600.000000 0.220371
6900.000000 0.221172
7200.000000 0.221972
7500.000000 0.222770
7800.000000 0.223567
8100.000000 0.224362
8400.000000 0.225156
8700.000000 0.225949
9000.000000 0.226740
9300.000000 0.227530
9600.000000 0.228318
9900.000000 0.229105
10200.000000 0.229890
10500.000000 0.230674
10800.000000 0.231457
11100.000000 0.232238
11400.000000 0.233017
11700.000000 0.233796
12000.000000 0.234573
12300.000000 0.235349
12600.000000 0.236123
12900.000000 0.236896
13200.000000 0.237668
13500.000000 0.238438
13800.000000 0.239207
14100.000000 0.239975
14400.000000 0.240742
14700.000000 0.241507
15000.000000 0.242272
15300.000000 0.243035
15600.000000 0.243797
15900.000000 0.244558
16200.000000 0.245318
16500.000000 0.246078
16800.000000 0.246836
17100.000000 0.247593
17400.000000 0.248349
17700.000000 0.249105
18000.000000 0.249860
18300.000000 0.250614
18600.000000 0.251367
18900.000000 0.252119
19200.000000 0.252871
19500.000000 0.253623
19800.000000 0.254374
20100.000000 0.255124
20400.000000 0.255874
20700.000000 0.256624
21000.000000 0.257373
21300.000000 0.258122
21600.000000 0.258871
21900.000000 0.259619
22200.000000 0.260368
22500.000000 0.261117
22800.000000 0.261865
23100.000000 0.262614
23400.000000 0.263363
23700.000000 0.264112
24000.000000 0.264861
24300.000000 0.265611
24600.000000 0.266361
24900.000000 0.267111
25200.000000 0.267862
25500.000000 0.268614
25800.000000 0.269366
26100.000000 0.270119
26400.000000 0.270873
26700.000000 0.271628
27000.000000 0.272384
27300.000000 0.273140
27600.000000 0.273898
27900.000000 0.274657
28200.000000 0.275418
28500.000000 0.276179
28800.000000 0.276942
29100.000000 0.277707
29400.000000 0.278473
29700.000000 0.279240
30000.000000 0.280010
30300.000000 0.280781
30600.000000 0.281554
30900.000000 0.282329
31200.000000 0.283106
31500.000000 0.283885
31800.000000 0.284666
32100.000000 0.285450
32400.000000 0.286236
32700.000000 0.287024
33000.000000 0.287815
33300.000000 0.288608
33600.000000 0.289405
33900.000000 0.290203
34200.000000 0.291005
34500.000000 0.291810
34800.000000 0.292617
35100.000000 0.293428
35400.000000 0.294242
35700.000000 0.295059
36000.000000 0.295880
36300.000000 0.296704
36600.000000 0.297531
36900.000000 0.298362
37200.000000 0.299197
37500.000000 0.300035
37800.000000 0.300878
38100.000000 0.301724
38400.000000 0.302574
38700.000000 0.303428
39000.000000 0.304287
39300.000000 0.305150
39600.000000 0.306017
39900.000000 0.306888
40200.000000 0.307764
40500.000000 0.308645
40800.000000 0.309530
41100.000000 0.310420
41400.000000 0.311315
41700.000000 0.312214
42000.000000 0.313119
42300.000000 0.314029
42600.000000 0.314943
42900.000000 0.315863
43200.000000 0.316789
43500.000000 0.317719
43800.000000 0.318656
44100.000000 0.319597
44400.000000 0.320545
44700.000000 0.321497
45000.000000 0.322456
45300.000000 0.323421
45600.000000 0.324391
45900.000000 0.325367
46200.000000 0.326350
46500.000000 0.327338
46800.000000 0.328333
47100.000000 0.329334
47400.000000 0.330341
47700.000000 0.331354
48000.000000 0.332374
48300.000000 0.333401
48600.000000 0.334434
48900.000000 0.335473
49200.000000 0.336520
49500.000000 0.337573
49800.000000 0.338633
50100.000000 0.339699
50400.000000 0.340773
50700.000000 0.341854
51000.000000 0.342942
51300.000000 0.344036
51600.000000 0.345138
51900.000000 0.346247
52200.000000 0.347364
52500.000000 0.348488
52800.000000 0.349619
53100.000000 0.350757
53400.000000 0.351903
53700.000000 0.353056
54000.000000 0.354217
54300.000000 0.355386
54600.000000 0.356562
54900.000000 0.357745
55200.000000 0.358937
55500.000000 0.360136
55800.000000 0.361343
56100.000000 0.362558
56400.000000 0.363780
56700.000000 0.365011
57000.000000 0.366249
57300.000000 0.367495
57600.000000 0.368749
57900.000000 0.370011
58200.000000 0.371281
58500.000000 0.372560
58800.000000 0.373846
59100.000000 0.375140
59400.000000 0.376442
59700.000000 0.377753
60000.000000 0.379071
60300.000000 0.380398
60600.000000 0.381732
60900.000000 0.383075
61200.000000 0.384426
61500.000000 0.385786
61800.000000 0.387153
62100.000000 0.388528
62400.000000 0.389912
62700.000000 0.391304
63000.000000 0.392704
63300.000000 0.394112
63600.000000 0.395528
63900.000000 0.396953
64200.000000 0.398385
64500.000000 0.399826
64800.000000 0.401275
65100.000000 0.402731
65400.000000 0.404196
65700.000000 0.405669
66000.000000 0.407150
66300.000000 0.408639
66600.000000 0.410136
66900.000000 0.411641
67200.000000 0.413154
67500.000000 0.414675
67800.000000 0.416204
68100.000000 0.417741
68400.000000 0.419285
68700.000000 0.420837
69000.000000 0.422397
69300.000000 0.423965
69600.000000 0.425540
69900.000000 0.427123
70200.000000 0.428713
70500.000000 0.430311
70800.000000 0.431917
71100.000000 0.433530
71400.000000 0.435150
71700.000000 0.436777
72000.000000 0.438412
72300.000000 0.440054
72600.000000 0.441703
72900.000000 0.443360
73200.000000 0.445023
73500.000000 0.446693
73800.000000 0.448370
74100.000000 0.450054
74400.000000 0.451744
74700.000000 0.453442
75000.000000 0.455145
75300.000000 0.456856
75600.000000 0.458573
75900.000000 0.460296
76200.000000 0.462025
76500.000000 0.463761
76800.000000 0.465502
77100.000000 0.467250
77400.000000 0.469003
77700.000000 0.470763
78000.000000 0.472528
78300.000000 0.474298
78600.000000 0.476075
78900.000000 0.477856
79200.000000 0.479643
79500.000000 0.481436
79800.000000 0.483233
80100.000000 0.485035
80400.000000 0.486843
80700.000000 0.488655
81000.000000 0.490472
81300.000000 0.492293
81600.000000 0.494119
81900.000000 0.495949
82200.000000 0.497784
82500.000000 0.499622
82800.000000 0.501465
83100.000000 0.503311
83400.000000 0.505161
83700.000000 0.507015
84000.000000 0.508872
84300.000000 0.510732
84600.000000 0.512596
84900.000000 0.514463
85200.000000 0.516333
85500.000000 0.518205
85800.000000 0.520081
86100.000000 0.521959
86400.000000 0.523839
86700.000000 0.525721
87000.000000 0.527606
87300.000000 0.529492
87600.000000 0.531381
87900.000000 0.533271
88200.000000 0.535162
88500.000000 0.537055
88800.000000 0.538949
89100.000000 0.540845
89400.000000 0.542741
89700.000000 0.544638
90000.000000 0.546535
90300.000000 0.548433
90600.000000 0.550331
90900.000000 0.552230
91200.000000 0.554128
91500.000000 0.556026
91800.000000 0.557924
92100.000000 0.559821
92400.000000 0.561717
92700.000000 0.563613
93000.000000 0.565507
93300.000000 0.567400
93600.000000 0.569292
93900.000000 0.571183
94200.000000 0.573071
94500.000000 0.574958
94800.000000 0.576842
95100.000000 0.578725
95400.000000 0.580605
95700.000000 0.582482
96000.000000 0.584356
96300.000000 0.586228
96600.000000 0.588096
96900.000000 0.589961
97200.000000 0.591822
97500.000000 0.593680
97800.000000 0.595534
98100.000000 0.597383
98400.000000 0.599229
98700.000000 0.601070
99000.000000 0.602906
99300.000000 0.604738
99600.000000 0.606564
99900.000000 0.608385
100200.000000 0.610201
100500.000000 0.612011
100800.000000 0.613816
101100.000000 0.615614
101400.000000 0.617407
101700.000000 0.619193
102000.000000 0.620972
102300.000000 0.622745
102600.000000 0.624510
102900.000000 0.626269
103200.000000 0.628020
103500.000000 0.629764
103800.000000 0.631500
104100.000000 0.633228
104400.000000 0.634948
104700.000000 0.636660
105000.000000 0.638363
105300.000000 0.640058
105600.000000 0.641743
105900.000000 0.643420
106200.000000 0.645087
106500.000000 0.646745
106800.000000 0.648393
107100.000000 0.650031
107400.000000 0.651660
107700.000000 0.653278
108000.000000 0.654885
108300.000000 0.656482
108600.000000 0.658068
108900.000000 0.659643
109200.000000 0.661207
109500.000000 0.662759
109800.000000 0.664300
110100.000000 0.665829
110400.000000 0.667345
110700.000000 0.668850
111000.000000 0.670342
111300.000000 0.671822
111600.000000 0.673289
111900.000000 0.674743
112200.000000 0.676184
112500.000000 0.677611
112800.000000 0.679025
113100.000000 0.680425
113400.000000 0.681811
113700.000000 0.683183
114000.000000 0.684541
114300.000000 0.685885
114600.000000 0.687213
114900.000000 0.688527
115200.000000 0.689826
115500.000000 0.691109
115800.000000 0.692378
116100.000000 0.693630
116400.000000 0.694867
116700.000000 0.696088
117000.000000 0.697292
117300.000000 0.698481
117600.000000 0.699653
117900.000000 0.700808
118200.000000 0.701946
118500.000000 0.703068
118800.000000 0.704172
119100.000000 0.705259
119400.000000 0.706328
119700.000000 0.707380
120000.000000 0.708414
120300.000000 0.709430
120600.000000 0.710427
120900.000000 0.711406
121200.000000 0.712367
121500.000000 0.713309
121800.000000 0.714232
122100.000000 0.715136
122400.000000 0.716021
122700.000000 0.716887
123000.000000 0.717733
123300.000000 0.718560
123600.000000 0.719367
123900.000000 0.720153
124200.000000 0.720920
124500.000000 0.721667
124800.000000 0.722393
125100.000000 0.723098
125400.000000 0.723783
125700.000000 0.724447
126000.000000 0.725091
126300.000000 0.725713
126600.000000 0.726314
126900.000000 0.726893
127200.000000 0.727451
127500.000000 0.727988
127800.000000 0.728502
128100.000000 0.728995
128400.000000 0.729466
128700.000000 0.729915
129000.000000 0.730341
129300.000000 0.730745
129600.000000 0.731127
129900.000000 0.731486
130200.000000 0.731822
130500.000000 0.732135
130800.000000 0.732426
131100.000000 0.732693
131400.000000 0.732937
131700.000000 0.733158
132000.000000 0.733356
132300.000000 0.733530
132600.000000 0.733681
132900.000000 0.733808
133200.000000 0.733911
133500.000000 0.733991
133800.000000 0.734046
134100.000000 0.734078
134400.000000 0.734085
134700.000000 0.734068
135000.000000 0.734027
135300.000000 0.733962
135600.000000 0.733872
135900.000000 0.733757
136200.000000 0.733619
136500.000000 0.733455
136800.000000 0.733267
137100.000000 0.733054
137400.000000 0.732816
137700.000000 0.732553
138000.000000 0.732266
138300.000000 0.731953
138600.000000 0.731615
138900.000000 0.731253
139200.000000 0.730865
139500.000000 0.730452
139800.000000 0.730013
140100.000000 0.729549
140400.000000 0.729060
140700.000000 0.728546
141000.000000 0.728006
141300.000000 0.727441
141600.000000 0.726851
141900.000000 0.726235
142200.000000 0.725593
142500.000000 0.724926
142800.000000 0.724233
143100.000000 0.723515
143400.000000 0.722772
143700.000000 0.722002
144000.000000 0.721207
144300.000000 0.720387
144600.000000 0.719541
144900.000000 0.718669
145200.000000 0.717772
145500.000000 0.716849
145800.000000 0.715901
146100.000000 0.714927
146400.000000 0.713927
146700.000000 0.712902
147000.000000 0.711852
147300.000000 0.710775
147600.000000 0.709674
147900.000000 0.708547
148200.000000 0.707394
148500.000000 0.706216
148800.000000 0.705013
149100.000000 0.703785
149400.000000 0.702531
149700.000000 0.701252
150000.000000 0.699947
150300.000000 0.698618
150600.000000 0.697263
150900.000000 0.695883
151200.000000 0.694479
151500.000000 0.693049
151800.000000 0.691595
152100.000000 0.690115
152400.000000 0.688611
152700.000000 0.687082
153000.000000 0.685529
153300.000000 0.683951
153600.000000 0.682348
153900.000000 0.680721
154200.000000 0.679070
154500.000000 0.677395
154800.000000 0.675695
155100.000000 0.673971
155400.000000 0.672224
155700.000000 0.670452
156000.000000 0.668656
156300.000000 0.666837
156600.000000 0.664995
156900.000000 0.663128
157200.000000 0.661239
157500.000000 0.659326
157800.000000 0.657390
158100.000000 0.655431
158400.000000 0.653449
158700.000000 0.651444
159000.000000 0.649416
159300.000000 0.647366
159600.000000 0.645293
159900.000000 0.643198
160200.000000 0.641081
160500.000000 0.638942
160800.000000 0.636781
161100.000000 0.634598
161400.000000 0.632393
161700.000000 0.630167
162000.000000 0.627919
162300.000000 0.625650
162600.000000 0.623360
162900.000000 0.621049
163200.000000 0.618718
163500.000000 0.616366
163800.000000 0.613993
164100.000000 0.611600
164400.000000 0.609187
164700.000000 0.606754
165000.000000 0.604301
165300.000000 0.601828
165600.000000 0.599336
165900.000000 0.596825
166200.000000 0.594294
166500.000000 0.591745
166800.000000 0.589176
167100.000000 0.586590
167400.000000 0.583984
167700.000000 0.581361
168000.000000 0.578720
168300.000000 0.576060
168600.000000 0.573383
168900.000000 0.570689
169200.000000 0.567978
169500.000000 0.565249
169800.000000 0.562503
170100.000000 0.559741
170400.000000 0.556963
170700.000000 0.554168
171000.000000 0.551357
171300.000000 0.548530
171600.000000 0.545688
171900.000000 0.542830
172200.000000 0.539957
172500.000000 0.537069
172800.000000 0.534166
173100.000000 0.531249
173400.000000 0.528318
173700.000000 0.525372
174000.000000 0.522413
174300.000000 0.519440
174600.000000 0.516453
174900.000000 0.513454
175200.000000 0.510441
175500.000000 0.507416
175800.000000 0.504378
176100.000000 0.501328
176400.000000 0.498266
176700.000000 0.495192
177000.000000 0.492107
177300.000000 0.489010
177600.000000 0.485903
177900.000000 0.482785
178200.000000 0.479656
178500.000000 0.476517
178800.000000 0.473367
179100.000000 0.470208
179400.000000 0.467040
179700.000000 0.463862
180000.000000 0.460675
180300.000000 0.457480
180600.000000 0.454275
180900.000000 0.451063
181200.000000 0.447843
181500.000000 0.444615
181800.000000 0.441379
182100.000000 0.438136
182400.000000 0.434886
182700.000000 0.431630
183000.000000 0.428367
183300.000000 0.425098
183600.000000 0.421823
183900.000000 0.418543
184200.000000 0.415257
184500.000000 0.411966
184800.000000 0.408670
185100.000000 0.405370
185400.000000 0.402065
185700.000000 0.398757
186000.000000 0.395444
186300.000000 0.392129
186600.000000 0.388810
186900.000000 0.385488
187200.000000 0.382164
187500.000000 0.378837
187800.000000 0.375508
188100.000000 0.372177
188400.000000 0.368845
188700.000000 0.365512
189000.000000 0.362178
189300.000000 0.358843
189600.000000 0.355508
189900.000000 0.352172
190200.000000 0.348837
190500.000000 0.345502
190800.000000 0.342169
191100.000000 0.338836
191400.000000 0.335504
191700.000000 0.332174
192000.000000 0.328846
192300.000000 0.325520
192600.000000 0.322196
192900.000000 0.318875
193200.000000 0.315557
193500.000000 0.312243
193800.000000 0.308932
194100.000000 0.305625
194400.000000 0.302322
194700.000000 0.299023
195000.000000 0.295730
195300.000000 0.292441
195600.000000 0.289157
195900.000000 0.285879
196200.000000 0.282607
196500.000000 0.279341
196800.000000 0.276082
197100.000000 0.272829
197400.000000 0.269583
197700.000000 0.266344
198000.000000 0.263113
198300.000000 0.259890
198600.000000 0.256675
198900.000000 0.253468
199200.000000 0.250270
199500.000000 0.247081
199800.000000 0.243901
200100.000000 0.240730
200400.000000 0.237570
200700.000000 0.234419
201000.000000 0.231279
201300.000000 0.228149
201600.000000 0.225031
201900.000000 0.221923
202200.000000 0.218827
202500.000000 0.215742
202800.000000 0.212670
203100.000000 0.209610
203400.000000 0.206562
203700.000000 0.203527
204000.000000 0.200506
204300.000000 0.197497
204600.000000 0.194502
204900.000000 0.191521
205200.000000 0.188555
205500.000000 0.185602
205800.000000 0.182665
206100.000000 0.179742
206400.000000 0.176834
206700.000000 0.173942
207000.000000 0.171066
207300.000000 0.168205
207600.000000 0.165361
207900.000000 0.162534
208200.000000 0.159723
208500.000000 0.156929
208800.000000 0.154152
209100.000000 0.151393
209400.000000 0.148652
209700.000000 0.145928
210000.000000 0.143223
210300.000000 0.140537
210600.000000 0.137869
210900.000000 0.135220
211200.000000 0.132591
211500.000000 0.129980
211800.000000 0.127390
212100.000000 0.124820
212400.000000 0.122270
212700.000000 0.119740
213000.000000 0.117231
213300.000000 0.114743
213600.000000 0.112276
213900.000000 0.109830
214200.000000 0.107406
214500.000000 0.105004
214800.000000 0.102624
215100.000000 0.100266
215400.000000 0.097930
215700.000000 0.095618
216000.000000 0.093328
216300.000000 0.091061
216600.000000 0.088818
216900.000000 0.086598
217200.000000 0.084402
217500.000000 0.082230
217800.000000 0.080083
218100.000000 0.077960
218400.000000 0.075861
218700.000000 0.073787
219000.000000 0.071738
219300.000000 0.069715
219600.000000 0.067716
219900.000000 0.065744
220200.000000 0.063797
220500.000000 0.061876
220800.000000 0.059981
221100.000000 0.058113
221400.000000 0.056271
221700.000000 0.054456
222000.000000 0.052668
222300.000000 0.050907
222600.000000 0.049174
222900.000000 0.047467
223200.000000 0.045789
223500.000000 0.044138
223800.000000 0.042515
224100.000000 0.040920
224400.000000 0.039353
224700.000000 0.037815
225000.000000 0.036306
225300.000000 0.034825
225600.000000 0.033373
225900.000000 0.031950
226200.000000 0.030556
226500.000000 0.029192
226800.000000 0.027857
227100.000000 0.026552
227400.000000 0.025277
227700.000000 0.024031
228000.000000 0.022816
228300.000000 0.021631
228600.000000 0.020476
228900.000000 0.019352
229200.000000 0.018258
229500.000000 0.017195
229800.000000 0.016162
230100.000000 0.015161
230400.000000 0.014191
230700.000000 0.013252
231000.000000 0.012344
231300.000000 0.011467
231600.000000 0.010622
231900.000000 0.009809
232200.000000 0.009028
232500.000000 0.008278
232800.000000 0.007560
233100.000000 0.006874
233400.000000 0.006220
233700.000000 0.005599
234000.000000 0.005009
234300.000000 0.004452
234600.000000 0.003928
234900.000000 0.003436
235200.000000 0.002976
235500.000000 0.002550
235800.000000 0.002156
236100.000000 0.001794
236400.000000 0.001466
236700.000000 0.001171
237000.000000 0.000908
237300.000000 0.000679
237600.000000 0.000483
237900.000000 0.000320
238200.000000 0.000190
238500.000000 0.000093
238800.000000 0.000030
239100.000000 0.000000
239400.000000 0.000003
239700.000000 0.000040
240000.000000 0.000111
240300.000000 0.000215
240600.000000 0.000352
240900.000000 0.000523
241200.000000 0.000728
241500.000000 0.000966
241800.000000 0.001238
242100.000000 0.001543
242400.000000 0.001882
242700.000000 0.002255
243000.000000 0.002661
243300.000000 0.003101
243600.000000 0.003575
243900.000000 0.004083
244200.000000 0.004624
244500.000000 0.005199
244800.000000 0.005807
245100.000000 0.006449
245400.000000 0.007125
245700.000000 0.007835
246000.000000 0.008578
246300.000000 0.009354
246600.000000 0.010164
246900.000000 0.011008
247200.000000 0.011885
247500.000000 0.012796
247800.000000 0.013740
248100.000000 0.014718
248400.000000 0.015729
248700.000000 0.016773
249000.000000 0.017850
249300.000000 0.018961
249600.000000 0.020105
249900.000000 0.021282
250200.000000 0.022492
250500.000000 0.023735
250800.000000 0.025011
251100.000000 0.026320
251400.000000 0.027662
251700.000000 0.029037
252000.000000 0.030444
252300.000000 0.031884
252600.000000 0.033356
252900.000000 0.034861
253200.000000 0.036398
253500.000000 0.037968
253800.000000 0.039569
254100.000000 0.041203
254400.000000 0.042869
254700.000000 0.044567
255000.000000 0.046296
255300.000000 0.048057
255600.000000 0.049850
255900.000000 0.051675
256200.000000 0.053531
256500.000000 0.055418
256800.000000 0.057336
257100.000000 0.059285
257400.000000 0.061266
257700.000000 0.063277
258000.000000 0.065319
258300.000000 0.067391
258600.000000 0.069494
258900.000000 0.071627
259200.000000 0.073791
259500.000000 0.075984
259800.000000 0.078208
260100.000000 0.080461
260400.000000 0.082744
260700.000000 0.085056
261000.000000 0.087398
261300.000000 0.089768
261600.000000 0.092168
261900.000000 0.094597
262200.000000 0.097055
262500.000000 0.099541
262800.000000 0.102055
263100.000000 0.104598
263400.000000 0.107169
263700.000000 0.109768
264000.000000 0.112394
264300.000000 0.115048
264600.000000 0.117730
264900.000000 0.120439
265200.000000 0.123174
265500.000000 0.125937
265800.000000 0.128726
266100.000000 0.131542
266400.000000 0.134384
266700.000000 0.137253
267000.000000 0.140147
267300.000000 0.143067
267600.000000 0.146012
267900.000000 0.148983
268200.000000 0.151979
268500.000000 0.154999
268800.000000 0.158045
269100.000000 0.161115
269400.000000 0.164209
269700.000000 0.167328
270000.000000 0.170470
270300.000000 0.173636
270600.000000 0.176826
270900.000000 0.180038
271200.000000 0.183274
271500.000000 0.186533
271800.000000 0.189814
272100.000000 0.193117
272400.000000 0.196442
272700.000000 0.199790
273000.000000 0.203159
273300.000000 0.206549
273600.000000 0.209961
273900.000000 0.213394
274200.000000 0.216847
274500.000000 0.220321
274800.000000 0.223815
275100.000000 0.227329
275400.000000 0.230862
275700.000000 0.234415
276000.000000 0.237988
276300.000000 0.241579
276600.000000 0.245189
276900.000000 0.248818
277200.000000 0.252465
277500.000000 0.256129
277800.000000 0.259812
278100.000000 0.263512
278400.000000 0.267229
278700.000000 0.270963
279000.000000 0.274713
279300.000000 0.278480
279600.000000 0.282264
279900.000000 0.286063
280200.000000 0.289877
280500.000000 0.293707
280800.000000 0.297552
281100.000000 0.301412
281400.000000 0.305286
281700.000000 0.309174
282000.000000 0.313077
282300.000000 0.316993
282600.000000 0.320922
282900.000000 0.324864
283200.000000 0.328820
283500.000000 0.332788
283800.000000 0.336768
284100.000000 0.340760
284400.000000 0.344763
284700.000000 0.348778
285000.000000 0.352804
285300.000000 0.356841
285600.000000 0.360889
285900.000000 0.364946
286200.000000 0.369014
286500.000000 0.373091
286800.000000 0.377178
287100.000000 0.381274
287400.000000 0.385378
287700.000000 0.389491
288000.000000 0.393612
288300.000000 0.397741
288600.000000 0.401877
288900.000000 0.406021
289200.000000 0.410171
289500.000000 0.414328
289800.000000 0.418492
290100.000000 0.422662
290400.000000 0.426837
290700.000000 0.431018
291000.000000 0.435204
291300.000000 0.439395
291600.000000 0.443590
291900.000000 0.447790
292200.000000 0.451993
292500.000000 0.456200
292800.000000 0.460411
293100.000000 0.464624
293400.000000 0.468840
293700.000000 0.473059
294000.000000 0.477279
294300.000000 0.481501
294600.000000 0.485725
294900.000000 0.489950
295200.000000 0.494176
295500.000000 0.498402
295800.000000 0.502629
296100.000000 0.506855
296400.000000 0.511081
296700.000000 0.515307
297000.000000 0.519531
297300.000000 0.523754
297600.000000 0.527975
297900.000000 0.532195
298200.000000 0.536412
298500.000000 0.540626
298800.000000 0.544838
299100.000000 0.549047
299400.000000 0.553252
299700.000000 0.557453
300000.000000 0.561650
300300.000000 0.565843
300600.000000 0.570031
300900.000000 0.574214
301200.000000 0.578392
301500.000000 0.582564
301800.000000 0.586730
302100.000000 0.590890
302400.000000 0.595043
302700.000000 0.599189
303000.000000 0.603329
303300.000000 0.607461
303600.000000 0.611585
303900.000000 0.615701
304200.000000 0.619808
304500.000000 0.623907
304800.000000 0.627997
305100.000000 0.632078
305400.000000 0.636149
305700.000000 0.640210
306000.000000 0.644261
306300.000000 0.648301
306600.000000 0.652331
306900.000000 0.656350
307200.000000 0.660357
307500.000000 0.664353
307800.000000 0.668337
308100.000000 0.672309
308400.000000 0.676268
308700.000000 0.680214
309000.000000 0.684147
309300.000000 0.688067
309600.000000 0.691973
309900.000000 0.695865
310200.000000 0.699743
310500.000000 0.703606
310800.000000 0.707455
311100.000000 0.711288
311400.000000 0.715106
311700.000000 0.718909
312000.000000 0.722695
312300.000000 0.726466
312600.000000 0.730220
312900.000000 0.733957
313200.000000 0.737677
313500.000000 0.741380
313800.000000 0.745065
314100.000000 0.748733
314400.000000 0.752382
314700.000000 0.756013
315000.000000 0.759626
315300.000000 0.763219
315600.000000 0.766794
315900.000000 0.770349
316200.000000 0.773884
316500.000000 0.777400
316800.000000 0.780895
317100.000000 0.784371
317400.000000 0.787825
317700.000000 0.791258
318000.000000 0.794671
318300.000000 0.798062
318600.000000 0.801431
318900.000000 0.804779
319200.000000 0.808104
319500.000000 0.811407
319800.000000 0.814688
320100.000000 0.817946
320400.000000 0.821180
320700.000000 0.824392
321000.000000 0.827580
321300.000000 0.830744
321600.000000 0.833884
321900.000000 0.837001
322200.000000 0.840093
322500.000000 0.843160
322800.000000 0.846202
323100.000000 0.849220
323400.000000 0.852212
323700.000000 0.855179
324000.000000 0.858120
324300.000000 0.861035
324600.000000 0.863925
324900.000000 0.866788
325200.000000 0.869625
325500.000000 0.872435
325800.000000 0.875218
326100.000000 0.877975
326400.000000 0.880704
326700.000000 0.883406
327000.000000 0.886080
327300.000000 0.888726
327600.000000 0.891345
327900.000000 0.893936
328200.000000 0.896498
328500.000000 0.899032
328800.000000 0.901538
329100.000000 0.904014
329400.000000 0.906462
329700.000000 0.908881
330000.000000 0.911270
330300.000000 0.913631
330600.000000 0.915961
330900.000000 0.918262
331200.000000 0.920534
331500.000000 0.922775
331800.000000 0.924986
332100.000000 0.927167
332400.000000 0.929318
332700.000000 0.931438
333000.000000 0.933527
333300.000000 0.935586
333600.000000 0.937614
333900.000000 0.939611
334200.000000 0.941577
334500.000000 0.943512
334800.000000 0.945415
335100.000000 0.947287
335400.000000 0.949128
335700.000000 0.950937
336000.000000 0.952714
336300.000000 0.954459
336600.000000 0.956172
336900.000000 0.957854
337200.000000 0.959503
337500.000000 0.961120
337800.000000 0.962705
338100.000000 0.964257
338400.000000 0.965777
338700.000000 0.967265
339000.000000 0.968720
339300.000000 0.970142
339600.000000 0.971532
339900.000000 0.972888
340200.000000 0.974213
340500.000000 0.975504
340800.000000 0.976762
341100.000000 0.977987
341400.000000 0.979180
341700.000000 0.980339
342000.000000 0.981465
342300.000000 0.982558
342600.000000 0.983618
342900.000000 0.984645
343200.000000 0.985639
343500.000000 0.986599
343800.000000 0.987526
344100.000000 0.988420
344400.000000 0.989280
344700.000000 0.990107
345000.000000 0.990901
345300.000000 0.991662
345600.000000 0.992389
345900.000000 0.993083
346200.000000 0.993744
346500.000000 0.994371
346800.000000 0.994965
347100.000000 0.995526
347400.000000 0.996054
347700.000000 0.996548
348000.000000 0.997009
348300.000000 0.997437
348600.000000 0.997832
348900.000000 0.998194
349200.000000 0.998522
349500.000000 0.998818
349800.000000 0.999081
350100.000000 0.999310
350400.000000 0.999507
350700.000000 0.999671
351000.000000 0.999802
351300.000000 0.999901
351600.000000 0.999966
351900.000000 0.999999
352200.000000 1.000000
352500.000000 0.999968
352800.000000 0.999904
353100.000000 0.999807
353400.000000 0.999679
353700.000000 0.999518
354000.000000 0.999325
354300.000000 0.999100
354600.000000 0.998843
354900.000000 0.998554
355200.000000 0.998234
355500.000000 0.997882
355800.000000 0.997499
356100.000000 0.997084
356400.000000 0.996638
356700.000000 0.996161
357000.000000 0.995653
357300.000000 0.995114
357600.000000 0.994544
357900.000000 0.993943
358200.000000 0.993313
358500.000000 0.992651
358800.000000 0.991960
359100.000000 0.991238
359400.000000 0.990486
359700.000000 0.989705
360000.000000 0.988893
360300.000000 0.988053
360600.000000 0.987182
360900.000000 0.986283
361200.000000 0.985355
361500.000000 0.984397
361800.000000 0.983411
362100.000000 0.982397
362400.000000 0.981353
362700.000000 0.980282
363000.000000 0.979183
363300.000000 0.978056
363600.000000 0.976901
363900.000000 0.975718
364200.000000 0.974508
364500.000000 0.973271
364800.000000 0.972007
365100.000000 0.970717
365400.000000 0.969400
365700.000000 0.968056
366000.000000 0.966686
366300.000000 0.965290
366600.000000 0.963869
366900.000000 0.962422
367200.000000 0.960950
367500.000000 0.959452
367800.000000 0.957930
368100.000000 0.956383
368400.000000 0.954811
368700.000000 0.953215
369000.000000 0.951595
369300.000000 0.949952
369600.000000 0.948285
369900.000000 0.946594
370200.000000 0.944881
370500.000000 0.943144
370800.000000 0.941385
371100.000000 0.939604
371400.000000 0.937800
371700.000000 0.935974
372000.000000 0.934127
372300.000000 0.932259
372600.000000 0.930369
372900.000000 0.928459
373200.000000 0.926527
373500.000000 0.924576
373800.000000 0.922604
374100.000000 0.920612
374400.000000 0.918601
374700.000000 0.916571
375000.000000 0.914521
375300.000000 0.912453
375600.000000 0.910366
375900.000000 0.908261
376200.000000 0.906138
376500.000000 0.903997
376800.000000 0.901839
377100.000000 0.899663
377400.000000 0.897471
377700.000000 0.895262
378000.000000 0.893037
378300.000000 0.890795
378600.000000 0.888538
378900.000000 0.886266
379200.000000 0.883978
379500.000000 0.881676
379800.000000 0.879359
380100.000000 0.877027
380400.000000 0.874682
380700.000000 0.872323
381000.000000 0.869950
381300.000000 0.867565
381600.000000 0.865166
381900.000000 0.862755
382200.000000 0.860332
382500.000000 0.857897
382800.000000 0.855450
383100.000000 0.852992
383400.000000 0.850523
383700.000000 0.848044
384000.000000 0.845553
384300.000000 0.843053
384600.000000 0.840543
384900.000000 0.838024
385200.000000 0.835495
385500.000000 0.832957
385800.000000 0.830411
386100.000000 0.827857
386400.000000 0.825294
386700.000000 0.822724
387000.000000 0.820147
387300.000000 0.817563
387600.000000 0.814972
387900.000000 0.812375
388200.000000 0.809771
388500.000000 0.807162
388800.000000 0.804548
389100.000000 0.801928
389400.000000 0.799303
389700.000000 0.796674
390000.000000 0.794041
390300.000000 0.791404
390600.000000 0.788764
390900.000000 0.786120
391200.000000 0.783473
391500.000000 0.780824
391800.000000 0.778172
392100.000000 0.775518
392400.000000 0.772863
392700.000000 0.770206
393000.000000 0.767549
393300.000000 0.764890
393600.000000 0.762231
393900.000000 0.759572
394200.000000 0.756913
394500.000000 0.754255
394800.000000 0.751598
395100.000000 0.748941
395400.000000 0.746287
395700.000000 0.743633
396000.000000 0.740982
396300.000000 0.738334
396600.000000 0.735688
396900.000000 0.733045
397200.000000 0.730405
397500.000000 0.727769
397800.000000 0.725136
398100.000000 0.722508
398400.000000 0.719885
398700.000000 0.717266
399000.000000 0.714652
399300.000000 0.712044
399600.000000 0.709442
399900.000000 0.706845
400200.000000 0.704255
400500.000000 0.701671
400800.000000 0.699094
401100.000000 0.696524
401400.000000 0.693962
401700.000000 0.691408
402000.000000 0.688861
402300.000000 0.686323
402600.000000 0.683793
402900.000000 0.681273
403200.000000 0.678761
403500.000000 0.676259
403800.000000 0.673767
404100.000000 0.671285
404400.000000 0.668812
404700.000000 0.666351
405000.000000 0.663900
405300.000000 0.661461
405600.000000 0.659032
405900.000000 0.656616
406200.000000 0.654211
406500.000000 0.651819
406800.000000 0.649438
407100.000000 0.647071
407400.000000 0.644716
407700.000000 0.642375
408000.000000 0.640047
408300.000000 0.637733
408600.000000 0.635432
408900.000000 0.633146
409200.000000 0.630875
409500.000000 0.628618
409800.000000 0.626376
410100.000000 0.624149
410400.000000 0.621937
410700.000000 0.619741
411000.000000 0.617561
411300.000000 0.615397
411600.000000 0.613249
411900.000000 0.611118
412200.000000 0.609003
412500.000000 0.606906
412800.000000 0.604826
413100.000000 0.602763
413400.000000 0.600717
413700.000000 0.598690
414000.000000 0.596680
414300.000000 0.594689
414600.000000 0.592716
414900.000000 0.590762
415200.000000 0.588827
415500.000000 0.586910
415800.000000 0.585013
416100.000000 0.583135
416400.000000 0.581277
416700.000000 0.579439
417000.000000 0.577620
417300.000000 0.575822
417600.000000 0.574043
417900.000000 0.572286
418200.000000 0.570549
418500.000000 0.568832
418800.000000 0.567137
419100.000000 0.565463
419400.000000 0.563810
419700.000000 0.562178
420000.000000 0.560568
420300.000000 0.558980
420600.000000 0.557413
420900.000000 0.555869
421200.000000 0.554346
421500.000000 0.552846
421800.000000 0.551368
422100.000000 0.549913
422400.000000 0.548481
422700.000000 0.547071
423000.000000 0.545684
423300.000000 0.544320
423600.000000 0.542979
423900.000000 0.541661
424200.000000 0.540367
424500.000000 0.539096
424800.000000 0.537848
425100.000000 0.536624
425400.000000 0.535424
425700.000000 0.534248
426000.000000 0.533095
426300.000000 0.531967
426600.000000 0.530862
426900.000000 0.529782
427200.000000 0.528726
427500.000000 0.527694
427800.000000 0.526686
428100.000000 0.525703
428400.000000 0.524744
428700.000000 0.523809
429000.000000 0.522899
429300.000000 0.522014
429600.000000 0.521153
429900.000000 0.520317
430200.000000 0.519506
430500.000000 0.518719
430800.000000 0.517958
431100.000000 0.517221
431400.000000 0.516508
431700.000000 0.515821
432000.000000 0.515158
432300.000000 0.514521
432600.000000 0.513908
432900.000000 0.513320
433200.000000 0.512757
433500.000000 0.512219
433800.000000 0.511706
434100.000000 0.511217
434400.000000 0.510754
434700.000000 0.510315
435000.000000 0.509901
435300.000000 0.509512
435600.000000 0.509148
435900.000000 0.508809
436200.000000 0.508494
436500.000000 0.508204
436800.000000 0.507938
437100.000000 0.507698
437400.000000 0.507481
437700.000000 0.507290
438000.000000 0.507122
438300.000000 0.506980
438600.000000 0.506861
438900.000000 0.506767
439200.000000 0.506697
439500.000000 0.506651
439800.000000 0.506630
440100.000000 0.506632
440400.000000 0.506658
440700.000000 0.506708
441000.000000 0.506782
441300.000000 0.506880
441600.000000 0.507001
441900.000000 0.507146
442200.000000 0.507314
442500.000000 0.507505
442800.000000 0.507720
443100.000000 0.507958
443400.000000 0.508218
443700.000000 0.508502
444000.000000 0.508808
444300.000000 0.509137
444600.000000 0.509488
444900.000000 0.509862
445200.000000 0.510258
445500.000000 0.510677
445800.000000 0.511117
446100.000000 0.511579
446400.000000 0.512063
446700.000000 0.512568
447000.000000 0.513095
447300.000000 0.513643
447600.000000 0.514212
447900.000000 0.514802
448200.000000 0.515413
448500.000000 0.516045
448800.000000 0.516697
449100.000000 0.517370
449400.000000 0.518062
449700.000000 0.518775
450000.000000 0.519507
450300.000000 0.520259
450600.000000 0.521031
450900.000000 0.521822
451200.000000 0.522632
451500.000000 0.523461
451800.000000 0.524308
452100.000000 0.525174
452400.000000 0.526059
452700.000000 0.526961
453000.000000 0.527882
453300.000000 0.528820
453600.000000 0.529776
453900.000000 0.530749
454200.000000 0.531740
454500.000000 0.532747
454800.000000 0.533771
455100.000000 0.534811
455400.000000 0.535868
455700.000000 0.536941
456000.000000 0.538029
456300.000000 0.539134
456600.000000 0.540253
456900.000000 0.541388
457200.000000 0.542538
457500.000000 0.543702
457800.000000 0.544881
458100.000000 0.546075
458400.000000 0.547282
458700.000000 0.548503
459000.000000 0.549737
459300.000000 0.550985
459600.000000 0.552246
459900.000000 0.553520
460200.000000 0.554806
460500.000000 0.556105
460800.000000 0.557415
461100.000000 0.558738
461400.000000 0.560072
461700.000000 0.561417
462000.000000 0.562773
462300.000000 0.564141
462600.000000 0.565518
462900.000000 0.566906
463200.000000 0.568305
463500.000000 0.569712
463800.000000 0.571130
464100.000000 0.572556
464400.000000 0.573992
464700.000000 0.575436
465000.000000 0.576889
465300.000000 0.578350
465600.000000 0.579819
465900.000000 0.581296
466200.000000 0.582780
466500.000000 0.584271
466800.000000 0.585769
467100.000000 0.587273
467400.000000 0.588784
467700.000000 0.590301
468000.000000 0.591824
468300.000000 0.593352
468600.000000 0.594885
468900.000000 0.596424
469200.000000 0.597966
469500.000000 0.599514
469800.000000 0.601065
470100.000000 0.602621
470400.000000 0.604180
470700.000000 0.605742
471000.000000 0.607307
471300.000000 0.608875
471600.000000 0.610445
471900.000000 0.612018
472200.000000 0.613593
472500.000000 0.615169
472800.000000 0.616746
473100.000000 0.618325
473400.000000 0.619904
473700.000000 0.621484
474000.000000 0.623065
474300.000000 0.624645
474600.000000 0.626225
474900.000000 0.627804
475200.000000 0.629383
475500.000000 0.630960
475800.000000 0.632536
476100.000000 0.634111
476400.000000 0.635683
476700.000000 0.637254
477000.000000 0.638822
477300.000000 0.640387
477600.000000 0.641949
477900.000000 0.643508
478200.000000 0.645063
478500.000000 0.646615
478800.000000 0.648162
479100.000000 0.649705
479400.000000 0.651244
479700.000000 0.652778
480000.000000 0.654306
480300.000000 0.655830
480600.000000 0.657347
480900.000000 0.658859
481200.000000 0.660364
481500.000000 0.661864
481800.000000 0.663356
482100.000000 0.664842
482400.000000 0.666320
482700.000000 0.667791
483000.000000 0.669255
483300.000000 0.670710
483600.000000 0.672157
483900.000000 0.673596
484200.000000 0.675027
484500.000000 0.676448
484800.000000 0.677860
485100.000000 0.679263
485400.000000 0.680657
485700.000000 0.682040
486000.000000 0.683414
486300.000000 0.684777
486600.000000 0.686130
486900.000000 0.687472
487200.000000 0.688803
487500.000000 0.690123
487800.000000 0.691431
488100.000000 0.692728
488400.000000 0.694013
488700.000000 0.695286
489000.000000 0.696547
489300.000000 0.697795
489600.000000 0.699030
489900.000000 0.700253
490200.000000 0.701463
490500.000000 0.702659
490800.000000 0.703842
491100.000000 0.705011
491400.000000 0.706166
491700.000000 0.707308
492000.000000 0.708434
492300.000000 0.709547
492600.000000 0.710645
492900.000000 0.711728
493200.000000 0.712796
493500.000000 0.713849
493800.000000 0.714887
494100.000000 0.715909
494400.000000 0.716915
494700.000000 0.717906
495000.000000 0.718881
495300.000000 0.719839
495600.000000 0.720781
495900.000000 0.721707
496200.000000 0.722616
496500.000000 0.723508
496800.000000 0.724384
497100.000000 0.725242
497400.000000 0.726083
497700.000000 0.726907
498000.000000 0.727713
498300.000000 0.728502
498600.000000 0.729273
498900.000000 0.730026
499200.000000 0.730761
499500.000000 0.731478
499800.000000 0.732177
500100.000000 0.732857
500400.000000 0.733519
500700.000000 0.734163
501000.000000 0.734788
501300.000000 0.735394
501600.000000 0.735981
501900.000000 0.736549
502200.000000 0.737099
502500.000000 0.737629
502800.000000 0.738140
503100.000000 0.738631
503400.000000 0.739104
503700.000000 0.739556
504000.000000 0.739990
504300.000000 0.740403
504600.000000 0.740797
504900.000000 0.741172
505200.000000 0.741526
505500.000000 0.741861
505800.000000 0.742176
506100.000000 0.742471
506400.000000 0.742745
506700.000000 0.743000
507000.000000 0.743235
507300.000000 0.743450
507600.000000 0.743644
507900.000000 0.743819
508200.000000 0.743973
508500.000000 0.744107
508800.000000 0.744220
509100.000000 0.744314
509400.000000 0.744387
509700.000000 0.744440
510000.000000 0.744472
510300.000000 0.744485
510600.000000 0.744477
510900.000000 0.744449
511200.000000 0.744400
511500.000000 0.744331
511800.000000 0.744242
512100.000000 0.744133
512400.000000 0.744003
512700.000000 0.743854
513000.000000 0.743684
513300.000000 0.743494
513600.000000 0.743284
513900.000000 0.743053
514200.000000 0.742803
514500.000000 0.742533
514800.000000 0.742243
515100.000000 0.741933
515400.000000 0.741603
515700.000000 0.741253
516000.000000 0.740884
516300.000000 0.740495
516600.000000 0.740086
516900.000000 0.739658
517200.000000 0.739210
517500.000000 0.738743
517800.000000 0.738257
518100.000000 0.737752
518400.000000 0.737227
518700.000000 0.736683
519000.000000 0.736121
519300.000000 0.735539
519600.000000 0.734939
519900.000000 0.734320
520200.000000 0.733683
520500.000000 0.733027
520800.000000 0.732352
521100.000000 0.731660
521400.000000 0.730949
521700.000000 0.730221
522000.000000 0.729474
522300.000000 0.728710
522600.000000 0.727928
522900.000000 0.727129
523200.000000 0.726312
523500.000000 0.725478
523800.000000 0.724627
524100.000000 0.723759
524400.000000 0.722875
524700.000000 0.721973
525000.000000 0.721055
525300.000000 0.720121
525600.000000 0.719171
525900.000000 0.718204
526200.000000 0.717222
526500.000000 0.716224
526800.000000 0.715210
527100.000000 0.714181
527400.000000 0.713137
527700.000000 0.712078
528000.000000 0.711004
528300.000000 0.709915
528600.000000 0.708812
528900.000000 0.707694
529200.000000 0.706563
529500.000000 0.705417
529800.000000 0.704258
530100.000000 0.703085
530400.000000 0.701899
530700.000000 0.700699
531000.000000 0.699487
531300.000000 0.698262
531600.000000 0.697024
531900.000000 0.695774
532200.000000 0.694512
532500.000000 0.693237
532800.000000 0.691952
533100.000000 0.690654
533400.000000 0.689345
533700.000000 0.688026
534000.000000 0.686695
534300.000000 0.685354
534600.000000 0.684002
534900.000000 0.682640
535200.000000 0.681268
535500.000000 0.679887
535800.000000 0.678496
536100.000000 0.677095
536400.000000 0.675686
536700.000000 0.674268
537000.000000 0.672841
537300.000000 0.671406
537600.000000 0.669962
537900.000000 0.668511
538200.000000 0.667053
538500.000000 0.665587
538800.000000 0.664113
539100.000000 0.662633
539400.000000 0.661147
539700.000000 0.659654
540000.000000 0.658154
540300.000000 0.656649
540600.000000 0.655138
540900.000000 0.653622
541200.000000 0.652101
541500.000000 0.650575
541800.000000 0.649044
542100.000000 0.647509
542400.000000 0.645970
542700.000000 0.644427
543000.000000 0.642880
543300.000000 0.641330
543600.000000 0.639777
543900.000000 0.638222
544200.000000 0.636663
544500.000000 0.635103
544800.000000 0.633540
545100.000000 0.631976
545400.000000 0.630410
545700.000000 0.628842
546000.000000 0.627274
546300.000000 0.625706
546600.000000 0.624136
546900.000000 0.622567
547200.000000 0.620997
547500.000000 0.619429
547800.000000 0.617860
548100.000000 0.616293
548400.000000 0.614726
548700.000000 0.613161
549000.000000 0.611598
549300.000000 0.610037
549600.000000 0.608478
549900.000000 0.606921
550200.000000 0.605368
550500.000000 0.603817
550800.000000 0.602269
551100.000000 0.600725
551400.000000 0.599185
551700.000000 0.597649
552000.000000 0.596117
552300.000000 0.594590
552600.000000 0.593067
552900.000000 0.591550
553200.000000 0.590038
553500.000000 0.588532
553800.000000 0.587031
554100.000000 0.585537
554400.000000 0.584049
554700.000000 0.582568
555000.000000 0.581094
555300.000000 0.579627
555600.000000 0.578167
555900.000000 0.576715
556200.000000 0.575271
556500.000000 0.573835
556800.000000 0.572408
557100.000000 0.570989
557400.000000 0.569579
557700.000000 0.568179
558000.000000 0.566787
558300.000000 0.565406
558600.000000 0.564034
558900.000000 0.562673
559200.000000 0.561322
559500.000000 0.559981
559800.000000 0.558651
560100.000000 0.557333
560400.000000 0.556026
560700.000000 0.554730
561000.000000 0.553446
561300.000000 0.552174
561600.000000 0.550915
561900.000000 0.549668
562200.000000 0.548433
562500.000000 0.547212
562800.000000 0.546004
563100.000000 0.544809
563400.000000 0.543628
563700.000000 0.542460
564000.000000 0.541306
564300.000000 0.540167
564600.000000 0.539042
564900.000000 0.537932
565200.000000 0.536837
565500.000000 0.535756
565800.000000 0.534691
566100.000000 0.533642
566400.000000 0.532608
566700.000000 0.531590
567000.000000 0.530587
567300.000000 0.529602
567600.000000 0.528632
567900.000000 0.527679
568200.000000 0.526743
568500.000000 0.525824
568800.000000 0.524922
569100.000000 0.524037
569400.000000 0.523170
569700.000000 0.522320
570000.000000 0.521489
570300.000000 0.520675
570600.000000 0.519879
570900.000000 0.519102
571200.000000 0.518343
571500.000000 0.517603
571800.000000 0.516882
572100.000000 0.516179
572400.000000 0.515496
572700.000000 0.514832
573000.000000 0.514187
573300.000000 0.513561
573600.000000 0.512956
573900.000000 0.512370
574200.000000 0.511804
574500.000000 0.511258
574800.000000 0.510732
575100.000000 0.510226
575400.000000 0.509741
575700.000000 0.509277
576000.000000 0.508833
576300.000000 0.508409
576600.000000 0.508007
576900.000000 0.507626
577200.000000 0.507265
577500.000000 0.506926
577800.000000 0.506608
578100.000000 0.506311
578400.000000 0.506036
578700.000000 0.505782
579000.000000 0.505550
579300.000000 0.505340
579600.000000 0.505151
579900.000000 0.504984
580200.000000 0.504839
580500.000000 0.504716
580800.000000 0.504615
581100.000000 0.504536
581400.000000 0.504479
581700.000000 0.504445
582000.000000 0.504433
582300.000000 0.504443
582600.000000 0.504475
582900.000000 0.504530
583200.000000 0.504607
583500.000000 0.504707
583800.000000 0.504829
584100.000000 0.504973
584400.000000 0.505141
584700.000000 0.505331
585000.000000 0.505543
585300.000000 0.505778
585600.000000 0.506036
585900.000000 0.506316
586200.000000 0.506619
586500.000000 0.506944
586800.000000 0.507293
587100.000000 0.507664
587400.000000 0.508057
587700.000000 0.508473
588000.000000 0.508912
588300.000000 0.509373
588600.000000 0.509857
588900.000000 0.510364
589200.000000 0.510893
589500.000000 0.511444
589800.000000 0.512018
590100.000000 0.512615
590400.000000 0.513233
590700.000000 0.513875
591000.000000 0.514538
591300.000000 0.515224
591600.000000 0.515932
591900.000000 0.516662
592200.000000 0.517414
592500.000000 0.518188
592800.000000 0.518984
593100.000000 0.519802
593400.000000 0.520642
593700.000000 0.521504
594000.000000 0.522387
594300.000000 0.523292
594600.000000 0.524219
594900.000000 0.525167
595200.000000 0.526136
595500.000000 0.527126
595800.000000 0.528138
596100.000000 0.529171
596400.000000 0.530224
596700.000000 0.531299
597000.000000 0.532394
597300.000000 0.533510
597600.000000 0.534646
597900.000000 0.535803
598200.000000 0.536980
598500.000000 0.538177
598800.000000 0.539394
599100.000000 0.540632
599400.000000 0.541888
599700.000000 0.543165
600000.000000 0.544461
600300.000000 0.545776
600600.000000 0.547111
600900.000000 0.548465
601200.000000 0.549837
601500.000000 0.551229
601800.000000 0.552639
602100.000000 0.554067
602400.000000 0.555514
602700.000000 0.556979
603000.000000 0.558462
603300.000000 0.559963
603600.000000 0.561481
603900.000000 0.563017
604200.000000 0.564570
604500.000000 0.566140
604800.000000 0.567728
605100.000000 0.569332
605400.000000 0.570952
605700.000000 0.572589
606000.000000 0.574242
606300.000000 0.575912
606600.000000 0.577597
606900.000000 0.579297
607200.000000 0.581013
607500.000000 0.582745
607800.000000 0.584491
608100.000000 0.586252
608400.000000 0.588028
608700.000000 0.589818
609000.000000 0.591622
609300.000000 0.593441
609600.000000 0.595273
609900.000000 0.597119
610200.000000 0.598977
610500.000000 0.600850
610800.000000 0.602735
611100.000000 0.604632
611400.000000 0.606542
611700.000000 0.608464
612000.000000 0.610399
612300.000000 0.612345
612600.000000 0.614302
612900.000000 0.616271
613200.000000 0.618251
613500.000000 0.620241
613800.000000 0.622242
614100.000000 0.624254
614400.000000 0.626275
614700.000000 0.628306
615000.000000 0.630347
615300.000000 0.632398
615600.000000 0.634457
615900.000000 0.636525
616200.000000 0.638602
616500.000000 0.640687
616800.000000 0.642780
617100.000000 0.644881
617400.000000 0.646989
617700.000000 0.649105
618000.000000 0.651228
618300.000000 0.653357
618600.000000 0.655493
618900.000000 0.657635
619200.000000 0.659784
619500.000000 0.661938
619800.000000 0.664097
620100.000000 0.666262
620400.000000 0.668431
620700.000000 0.670606
621000.000000 0.672784
621300.000000 0.674967
621600.000000 0.677153
621900.000000 0.679343
622200.000000 0.681537
622500.000000 0.683733
622800.000000 0.685932
623100.000000 0.688134
623400.000000 0.690338
623700.000000 0.692544
624000.000000 0.694751
624300.000000 0.696960
624600.000000 0.699170
624900.000000 0.701381
625200.000000 0.703592
625500.000000 0.705804
625800.000000 0.708015
626100.000000 0.710226
626400.000000 0.712437
626700.000000 0.714647
627000.000000 0.716856
627300.000000 0.719063
627600.000000 0.721269
627900.000000 0.723473
628200.000000 0.725674
628500.000000 0.727873
628800.000000 0.730070
629100.000000 0.732263
629400.000000 0.734453
629700.000000 0.736639
630000.000000 0.738822
630300.000000 0.741000
630600.000000 0.743174
630900.000000 0.745343
631200.000000 0.747507
631500.000000 0.749666
631800.000000 0.751819
632100.000000 0.753967
632400.000000 0.756108
632700.000000 0.758243
633000.000000 0.760372
633300.000000 0.762493
633600.000000 0.764608
633900.000000 0.766715
634200.000000 0.768814
634500.000000 0.770906
634800.000000 0.772989
635100.000000 0.775064
635400.000000 0.777129
635700.000000 0.779186
636000.000000 0.781234
636300.000000 0.783272
636600.000000 0.785300
636900.000000 0.787318
637200.000000 0.789326
637500.000000 0.791323
637800.000000 0.793310
638100.000000 0.795285
638400.000000 0.797249
638700.000000 0.799201
639000.000000 0.801142
639300.000000 0.803070
639600.000000 0.804986
639900.000000 0.806889
640200.000000 0.808780
640500.000000 0.810657
640800.000000 0.812522
641100.000000 0.814372
641400.000000 0.816209
641700.000000 0.818032
642000.000000 0.819840
642300.000000 0.821634
642600.000000 0.823413
642900.000000 0.825177
643200.000000 0.826926
643500.000000 0.828659
643800.000000 0.830377
644100.000000 0.832078
644400.000000 0.833764
644700.000000 0.835433
645000.000000 0.837086
645300.000000 0.838722
645600.000000 0.840341
645900.000000 0.841943
646200.000000 0.843527
646500.000000 0.845094
646800.000000 0.846642
647100.000000 0.848173
647400.000000 0.849685
647700.000000 0.851179
648000.000000 0.852655
648300.000000 0.854111
648600.000000 0.855549
648900.000000 0.856967
649200.000000 0.858365
649500.000000 0.859744
649800.000000 0.861104
650100.000000 0.862443
650400.000000 0.863762
650700.000000 0.865061
651000.000000 0.866339
651300.000000 0.867596
651600.000000 0.868833
651900.000000 0.870048
652200.000000 0.871242
652500.000000 0.872415
652800.000000 0.873566
653100.000000 0.874696
653400.000000 0.875804
653700.000000 0.876889
654000.000000 0.877953
654300.000000 0.878994
654600.000000 0.880012
654900.000000 0.881008
655200.000000 0.881981
655500.000000 0.882932
655800.000000 0.883859
656100.000000 0.884763
656400.000000 0.885643
656700.000000 0.886501
657000.000000 0.887334
657300.000000 0.888144
657600.000000 0.888930
657900.000000 0.889692
658200.000000 0.890430
658500.000000 0.891144
658800.000000 0.891833
659100.000000 0.892498
659400.000000 0.893139
659700.000000 0.893755
660000.000000 0.894346
660300.000000 0.894912
660600.000000 0.895454
660900.000000 0.895970
661200.000000 0.896461
661500.000000 0.896928
661800.000000 0.897368
662100.000000 0.897784
662400.000000 0.898174
662700.000000 0.898538
663000.000000 0.898877
663300.000000 0.899190
663600.000000 0.899478
663900.000000 0.899740
664200.000000 0.899975
664500.000000 0.900185
664800.000000 0.900369
665100.000000 0.900527
665400.000000 0.900659
665700.000000 0.900764
666000.000000 0.900844
666300.000000 0.900897
666600.000000 0.900924
666900.000000 0.900925
667200.000000 0.900899
667500.000000 0.900847
667800.000000 0.900769
668100.000000 0.900664
668400.000000 0.900532
668700.000000 0.900375
669000.000000 0.900190
669300.000000 0.899980
669600.000000 0.899742
669900.000000 0.899479
670200.000000 0.899188
670500.000000 0.898871
670800.000000 0.898528
671100.000000 0.898158
671400.000000 0.897762
671700.000000 0.897339
672000.000000 0.896889
672300.000000 0.896413
672600.000000 0.895911
672900.000000 0.895382
673200.000000 0.894826
673500.000000 0.894245
673800.000000 0.893637
674100.000000 0.893002
674400.000000 0.892341
674700.000000 0.891654
675000.000000 0.890941
675300.000000 0.890201
675600.000000 0.889435
675900.000000 0.888643
676200.000000 0.887825
676500.000000 0.886981
676800.000000 0.886111
677100.000000 0.885215
677400.000000 0.884293
677700.000000 0.883346
678000.000000 0.882372
678300.000000 0.881373
678600.000000 0.880349
678900.000000 0.879299
679200.000000 0.878223
679500.000000 0.877122
679800.000000 0.875996
680100.000000 0.874845
680400.000000 0.873668
680700.000000 0.872466
681000.000000 0.871240
681300.000000 0.869988
681600.000000 0.868712
681900.000000 0.867411
682200.000000 0.866086
682500.000000 0.864736
682800.000000 0.863362
683100.000000 0.861963
683400.000000 0.860540
683700.000000 0.859094
684000.000000 0.857623
684300.000000 0.856129
684600.000000 0.854611
684900.000000 0.853069
685200.000000 0.851504
685500.000000 0.849915
685800.000000 0.848304
686100.000000 0.846669
686400.000000 0.845011
686700.000000 0.843331
687000.000000 0.841627
687300.000000 0.839902
687600.000000 0.838154
687900.000000 0.836383
688200.000000 0.834591
688500.000000 0.832777
688800.000000 0.830941
689100.000000 0.829083
689400.000000 0.827203
689700.000000 0.825303
690000.000000 0.823381
690300.000000 0.821438
690600.000000 0.819474
690900.000000 0.817489
691200.000000 0.815484
691500.000000 0.813459
691800.000000 0.811413
692100.000000 0.809348
692400.000000 0.807262
692700.000000 0.805157
693000.000000 0.803032
693300.000000 0.800887
693600.000000 0.798724
693900.000000 0.796542
694200.000000 0.794340
694500.000000 0.792121
694800.000000 0.789882
695100.000000 0.787626
695400.000000 0.785351
695700.000000 0.783058
696000.000000 0.780748
696300.000000 0.778420
696600.000000 0.776075
696900.000000 0.773713
697200.000000 0.771334
697500.000000 0.768938
697800.000000 0.766525
698100.000000 0.764097
698400.000000 0.761652
698700.000000 0.759191
699000.000000 0.756714
699300.000000 0.754222
699600.000000 0.751715
699900.000000 0.749192
700200.000000 0.746655
700500.000000 0.744103
700800.000000 0.741536
701100.000000 0.738956
701400.000000 0.736361
701700.000000 0.733752
702000.000000 0.731130
702300.000000 0.728494
702600.000000 0.725845
702900.000000 0.723183
703200.000000 0.720508
703500.000000 0.717821
703800.000000 0.715122
704100.000000 0.712410
704400.000000 0.709687
704700.000000 0.706952
705000.000000 0.704205
705300.000000 0.701447
705600.000000 0.698679
705900.000000 0.695899
706200.000000 0.693109
706500.000000 0.690309
706800.000000 0.687498
707100.000000 0.684678
707400.000000 0.681849
707700.000000 0.679009
708000.000000 0.676161
708300.000000 0.673304
708600.000000 0.670438
708900.000000 0.667563
709200.000000 0.664681
709500.000000 0.661790
709800.000000 0.658892
710100.000000 0.655986
710400.000000 0.653073
710700.000000 0.650153
711000.000000 0.647226
711300.000000 0.644292
711600.000000 0.641352
711900.000000 0.638406
712200.000000 0.635454
712500.000000 0.632496
712800.000000 0.629533
713100.000000 0.626565
713400.000000 0.623591
713700.000000 0.620613
714000.000000 0.617631
714300.000000 0.614644
714600.000000 0.611654
714900.000000 0.608659
715200.000000 0.605661
715500.000000 0.602660
715800.000000 0.599655
716100.000000 0.596648
716400.000000 0.593638
716700.000000 0.590626
717000.000000 0.587612
717300.000000 0.584596
717600.000000 0.581578
717900.000000 0.578559
718200.000000 0.575538
718500.000000 0.572517
718800.000000 0.569494
719100.000000 0.566472
719400.000000 0.563449
719700.000000 0.560426
720000.000000 0.557403
720300.000000 0.554380
720600.000000 0.551359
720900.000000 0.548338
721200.000000 0.545318
721500.000000 0.542299
721800.000000 0.539283
722100.000000 0.536267
722400.000000 0.533254
722700.000000 0.530244
723000.000000 0.527235
723300.000000 0.524230
723600.000000 0.521227
723900.000000 0.518227
724200.000000 0.515231
724500.000000 0.512238
724800.000000 0.509249
725100.000000 0.506265
725400.000000 0.503284
725700.000000 0.500308
726000.000000 0.497336
726300.000000 0.494370
726600.000000 0.491408
726900.000000 0.488452
727200.000000 0.485502
727500.000000 0.482557
727800.000000 0.479618
728100.000000 0.476685
728400.000000 0.473759
728700.000000 0.470840
729000.000000 0.467927
729300.000000 0.465021
729600.000000 0.462122
729900.000000 0.459231
730200.000000 0.456347
730500.000000 0.453472
730800.000000 0.450604
731100.000000 0.447744
731400.000000 0.444893
731700.000000 0.442051
732000.000000 0.439217
732300.000000 0.436393
732600.000000 0.433578
732900.000000 0.430772
733200.000000 0.427975
733500.000000 0.425189
733800.000000 0.422412
734100.000000 0.419646
734400.000000 0.416890
734700.000000 0.414144
735000.000000 0.411410
735300.000000 0.408686
735600.000000 0.405973
735900.000000 0.403272
736200.000000 0.400582
736500.000000 0.397903
736800.000000 0.395237
737100.000000 0.392582
737400.000000 0.389940
737700.000000 0.387310
738000.000000 0.384692
738300.000000 0.382087
738600.000000 0.379495
738900.000000 0.376916
739200.000000 0.374350
739500.000000 0.371797
739800.000000 0.369258
740100.000000 0.366733
740400.000000 0.364221
740700.000000 0.361723
741000.000000 0.359240
741300.000000 0.356771
741600.000000 0.354316
741900.000000 0.351875
742200.000000 0.349450
742500.000000 0.347039
742800.000000 0.344643
743100.000000 0.342263
743400.000000 0.339898
743700.000000 0.337548
744000.000000 0.335213
744300.000000 0.332895
744600.000000 0.330592
744900.000000 0.328306
745200.000000 0.326035
745500.000000 0.323781
745800.000000 0.321543
746100.000000 0.319321
746400.000000 0.317117
746700.000000 0.314929
747000.000000 0.312757
747300.000000 0.310603
747600.000000 0.308466
747900.000000 0.306346
748200.000000 0.304244
748500.000000 0.302159
748800.000000 0.300091
749100.000000 0.298041
749400.000000 0.296009
749700.000000 0.293995
750000.000000 0.291999
750300.000000 0.290021
750600.000000 0.288061
750900.000000 0.286119
751200.000000 0.284196
751500.000000 0.282292
751800.000000 0.280405
752100.000000 0.278538
752400.000000 0.276689
752700.000000 0.274859
753000.000000 0.273048
753300.000000 0.271257
753600.000000 0.269484
753900.000000 0.267730
754200.000000 0.265996
754500.000000 0.264281
754800.000000 0.262585
755100.000000 0.260909
755400.000000 0.259252
755700.000000 0.257615
756000.000000 0.255998
756300.000000 0.254400
756600.000000 0.252823
756900.000000 0.251265
757200.000000 0.249727
757500.000000 0.248209
757800.000000 0.246711
758100.000000 0.245233
758400.000000 0.243776
758700.000000 0.242338
759000.000000 0.240921
759300.000000 0.239524
759600.000000 0.238148
759900.000000 0.236792
760200.000000 0.235456
760500.000000 0.234141
760800.000000 0.232846
761100.000000 0.231572
761400.000000 0.230318
761700.000000 0.229085
762000.000000 0.227873
762300.000000 0.226681
762600.000000 0.225510
762900.000000 0.224360
763200.000000 0.223231
763500.000000 0.222122
763800.000000 0.221034
764100.000000 0.219967
764400.000000 0.218920
764700.000000 0.217895
765000.000000 0.216890
765300.000000 0.215906
765600.000000 0.214944
765900.000000 0.214001
766200.000000 0.213080
766500.000000 0.212180
766800.000000 0.211300
767100.000000 0.210442
767400.000000 0.209604
767700.000000 0.208787
768000.000000 0.207991
768300.000000 0.207216
768600.000000 0.206462
768900.000000 0.205728
769200.000000 0.205015
769500.000000 0.204324
769800.000000 0.203652
770100.000000 0.203002
770400.000000 0.202372
770700.000000 0.201764
771000.000000 0.201175
771300.000000 0.200608
771600.000000 0.200061
771900.000000 0.199535
772200.000000 0.199029
772500.000000 0.198544
772800.000000 0.198080
773100.000000 0.197635
773400.000000 0.197212
773700.000000 0.196809
774000.000000 0.196426
774300.000000 0.196063
774600.000000 0.195721
774900.000000 0.195399
775200.000000 0.195097
775500.000000 0.194815
775800.000000 0.194554
776100.000000 0.194312
776400.000000 0.194091
776700.000000 0.193889
777000.000000 0.193707
777300.000000 0.193545
777600.000000 0.193403
777900.000000 0.193280
778200.000000 0.193177
778500.000000 0.193094
778800.000000 0.193030
779100.000000 0.192986
779400.000000 0.192961
779700.000000 0.192955
780000.000000 0.192968
780300.000000 0.193001
780600.000000 0.193053
780900.000000 0.193123
781200.000000 0.193213
781500.000000 0.193321
781800.000000 0.193448
782100.000000 0.193594
782400.000000 0.193759
782700.000000 0.193942
783000.000000 0.194143
783300.000000 0.194362
783600.000000 0.194600
783900.000000 0.194856
784200.000000 0.195130
784500.000000 0.195423
784800.000000 0.195732
785100.000000 0.196060
785400.000000 0.196405
785700.000000 0.196768
786000.000000 0.197149
786300.000000 0.197546
786600.000000 0.197961
786900.000000 0.198394
787200.000000 0.198843
787500.000000 0.199309
787800.000000 0.199792
788100.000000 0.200292
788400.000000 0.200808
788700.000000 0.201341
789000.000000 0.201891
789300.000000 0.202456
789600.000000 0.203038
789900.000000 0.203636
790200.000000 0.204250
790500.000000 0.204879
790800.000000 0.205525
791100.000000 0.206186
791400.000000 0.206862
791700.000000 0.207554
792000.000000 0.208261
792300.000000 0.208983
792600.000000 0.209720
792900.000000 0.210471
793200.000000 0.211238
793500.000000 0.212019
793800.000000 0.212815
794100.000000 0.213625
794400.000000 0.214449
794700.000000 0.215287
795000.000000 0.216139
795300.000000 0.217005
795600.000000 0.217884
795900.000000 0.218777
796200.000000 0.219684
796500.000000 0.220603
796800.000000 0.221536
797100.000000 0.222482
797400.000000 0.223441
797700.000000 0.224412
798000.000000 0.225396
798300.000000 0.226392
798600.000000 0.227400
798900.000000 0.228421
799200.000000 0.229454
799500.000000 0.230498
799800.000000 0.231554
800100.000000 0.232622
800400.000000 0.233701
800700.000000 0.234791
801000.000000 0.235892
801300.000000 0.237004
801600.000000 0.238127
801900.000000 0.239261
802200.000000 0.240405
802500.000000 0.241559
802800.000000 0.242724
803100.000000 0.243899
803400.000000 0.245083
803700.000000 0.246277
804000.000000 0.247481
804300.000000 0.248694
804600.000000 0.249917
804900.000000 0.251148
805200.000000 0.252389
805500.000000 0.253638
805800.000000 0.254896
806100.000000 0.256162
806400.000000 0.257437
806700.000000 0.258720
807000.000000 0.260010
807300.000000 0.261309
807600.000000 0.262615
807900.000000 0.263929
808200.000000 0.265250
808500.000000 0.266578
808800.000000 0.267914
809100.000000 0.269256
809400.000000 0.270605
809700.000000 0.271960
810000.000000 0.273322
810300.000000 0.274690
810600.000000 0.276064
810900.000000 0.277444
811200.000000 0.278829
811500.000000 0.280220
811800.000000 0.281617
812100.000000 0.283019
812400.000000 0.284426
812700.000000 0.285837
813000.000000 0.287254
813300.000000 0.288675
813600.000000 0.290100
813900.000000 0.291530
814200.000000 0.292964
814500.000000 0.294402
814800.000000 0.295843
815100.000000 0.297288
815400.000000 0.298737
815700.000000 0.300189
816000.000000 0.301644
816300.000000 0.303101
816600.000000 0.304562
816900.000000 0.306025
817200.000000 0.307491
817500.000000 0.308959
817800.000000 0.310429
818100.000000 0.311901
818400.000000 0.313375
818700.000000 0.314850
819000.000000 0.316327
819300.000000 0.317805
819600.000000 0.319285
819900.000000 0.320765
820200.000000 0.322246
820500.000000 0.323728
820800.000000 0.325211
821100.000000 0.326693
821400.000000 0.328176
821700.000000 0.329659
822000.000000 0.331142
822300.000000 0.332625
822600.000000 0.334107
822900.000000 0.335588
823200.000000 0.337069
823500.000000 0.338549
823800.000000 0.340027
824100.000000 0.341505
824400.000000 0.342981
824700.000000 0.344455
825000.000000 0.345928
825300.000000 0.347399
825600.000000 0.348868
825900.000000 0.350335
826200.000000 0.351799
826500.000000 0.353261
826800.000000 0.354720
827100.000000 0.356177
827400.000000 0.357631
827700.000000 0.359081
828000.000000 0.360529
828300.000000 0.361973
828600.000000 0.363413
828900.000000 0.364850
829200.000000 0.366283
829500.000000 0.367712
829800.000000 0.369137
830100.000000 0.370558
830400.000000 0.371974
830700.000000 0.373386
831000.000000 0.374793
831300.000000 0.376196
831600.000000 0.377593
831900.000000 0.378986
832200.000000 0.380373
832500.000000 0.381754
832800.000000 0.383131
833100.000000 0.384501
833400.000000 0.385866
833700.000000 0.387225
834000.000000 0.388578
834300.000000 0.389925
834600.000000 0.391265
834900.000000 0.392600
835200.000000 0.393927
835500.000000 0.395248
835800.000000 0.396562
836100.000000 0.397869
836400.000000 0.399169
836700.000000 0.400462
837000.000000 0.401747
837300.000000 0.403025
837600.000000 0.404296
837900.000000 0.405559
838200.000000 0.406814
838500.000000 0.408061
838800.000000 0.409300
839100.000000 0.410531
839400.000000 0.411754
839700.000000 0.412968
840000.000000 0.414174
840300.000000 0.415371
840600.000000 0.416560
840900.000000 0.417740
841200.000000 0.418911
841500.000000 0.420073
841800.000000 0.421225
842100.000000 0.422369
842400.000000 0.423503
842700.000000 0.424628
843000.000000 0.425743
843300.000000 0.426849
843600.000000 0.427945
843900.000000 0.429031
844200.000000 0.430107
844500.000000 0.431173
844800.000000 0.432229
845100.000000 0.433275
845400.000000 0.434310
845700.000000 0.435336
846000.000000 0.436350
846300.000000 0.437355
846600.000000 0.438348
846900.000000 0.439331
847200.000000 0.440303
847500.000000 0.441264
847800.000000 0.442215
848100.000000 0.443154
848400.000000 0.444082
848700.000000 0.444999
849000.000000 0.445905
849300.000000 0.446799
849600.000000 0.447682
849900.000000 0.448554
850200.000000 0.449414
850500.000000 0.450262
850800.000000 0.451099
851100.000000 0.451924
851400.000000 0.452738
851700.000000 0.453539
852000.000000 0.454329
852300.000000 0.455106
852600.000000 0.455872
852900.000000 0.456626
853200.000000 0.457367
853500.000000 0.458097
853800.000000 0.458814
854100.000000 0.459519
854400.000000 0.460211
854700.000000 0.460891
855000.000000 0.461559
855300.000000 0.462215
855600.000000 0.462858
855900.000000 0.463488
856200.000000 0.464106
856500.000000 0.464711
856800.000000 0.465304
857100.000000 0.465884
857400.000000 0.466452
857700.000000 0.467007
858000.000000 0.467549
858300.000000 0.468078
858600.000000 0.468594
858900.000000 0.469098
859200.000000 0.469589
859500.000000 0.470067
859800.000000 0.470532
860100.000000 0.470984
860400.000000 0.471424
860700.000000 0.471850
861000.000000 0.472264
861300.000000 0.472665
861600.000000 0.473053
861900.000000 0.473427
862200.000000 0.473789
862500.000000 0.474138
862800.000000 0.474474
863100.000000 0.474797
863400.000000 0.475108
863700.000000 0.475405
864000.000000 0.475689
864300.000000 0.475961
864600.000000 0.476219
864900.000000 0.476465
865200.000000 0.476697
865500.000000 0.476917
865800.000000 0.477124
866100.000000 0.477318
866400.000000 0.477499
866700.000000 0.477668
867000.000000 0.477823
867300.000000 0.477966
867600.000000 0.478096
867900.000000 0.478214
868200.000000 0.478319
868500.000000 0.478411
868800.000000 0.478490
869100.000000 0.478557
869400.000000 0.478611
869700.000000 0.478653
870000.000000 0.478682
870300.000000 0.478699
870600.000000 0.478703
870900.000000 0.478695
871200.000000 0.478675
871500.000000 0.478642
871800.000000 0.478597
872100.000000 0.478540
872400.000000 0.478471
872700.000000 0.478389
873000.000000 0.478296
873300.000000 0.478190
873600.000000 0.478073
873900.000000 0.477944
874200.000000 0.477803
874500.000000 0.477650
874800.000000 0.477485
875100.000000 0.477309
875400.000000 0.477121
875700.000000 0.476922
876000.000000 0.476711
876300.000000 0.476489
876600.000000 0.476255
876900.000000 0.476011
877200.000000 0.475755
877500.000000 0.475488
877800.000000 0.475210
878100.000000 0.474921
878400.000000 0.474621
878700.000000 0.474310
879000.000000 0.473989
879300.000000 0.473656
879600.000000 0.473314
879900.000000 0.472961
880200.000000 0.472597
880500.000000 0.472223
880800.000000 0.471839
881100.000000 0.471445
881400.000000 0.471041
881700.000000 0.470627
882000.000000 0.470203
882300.000000 0.469769
882600.000000 0.469326
882900.000000 0.468873
883200.000000 0.468410
883500.000000 0.467938
883800.000000 0.467457
884100.000000 0.466967
884400.000000 0.466467
884700.000000 0.465959
885000.000000 0.465442
885300.000000 0.464915
885600.000000 0.464381
885900.000000 0.463837
886200.000000 0.463286
886500.000000 0.462726
886800.000000 0.462157
887100.000000 0.461581
887400.000000 0.460996
887700.000000 0.460404
888000.000000 0.459804
888300.000000 0.459196
888600.000000 0.458580
888900.000000 0.457957
889200.000000 0.457327
889500.000000 0.456690
889800.000000 0.456045
890100.000000 0.455394
890400.000000 0.454735
890700.000000 0.454070
891000.000000 0.453399
891300.000000 0.452720
891600.000000 0.452036
891900.000000 0.451345
892200.000000 0.450648
892500.000000 0.449945
892800.000000 0.449236
893100.000000 0.448522
893400.000000 0.447801
893700.000000 0.447076
894000.000000 0.446345
894300.000000 0.445608
894600.000000 0.444867
894900.000000 0.444121
895200.000000 0.443369
895500.000000 0.442613
895800.000000 0.441853
896100.000000 0.441088
896400.000000 0.440319
896700.000000 0.439545
897000.000000 0.438768
897300.000000 0.437986
897600.000000 0.437201
897900.000000 0.436412
898200.000000 0.435619
898500.000000 0.434824
898800.000000 0.434025
899100.000000 0.433222
899400.000000 0.432417
899700.000000 0.431609
900000.000000 0.430798
900300.000000 0.429985
900600.000000 0.429169
900900.000000 0.428351
901200.000000 0.427531
901500.000000 0.426709
901800.000000 0.425885
902100.000000 0.425059
902400.000000 0.424231
902700.000000 0.423402
903000.000000 0.422572
903300.000000 0.421740
903600.000000 0.420908
903900.000000 0.420074
904200.000000 0.419240
904500.000000 0.418405
904800.000000 0.417569
905100.000000 0.416734
905400.000000 0.415897
905700.000000 0.415061
906000.000000 0.414225
906300.000000 0.413389
906600.000000 0.412553
906900.000000 0.411718
907200.000000 0.410883
907500.000000 0.410049
907800.000000 0.409216
908100.000000 0.408384
908400.000000 0.407552
908700.000000 0.406723
909000.000000 0.405894
909300.000000 0.405067
909600.000000 0.404242
909900.000000 0.403418
910200.000000 0.402597
910500.000000 0.401777
910800.000000 0.400959
911100.000000 0.400144
911400.000000 0.399332
911700.000000 0.398521
912000.000000 0.397714
912300.000000 0.396909
912600.000000 0.396108
912900.000000 0.395309
913200.000000 0.394514
913500.000000 0.393722
913800.000000 0.392933
914100.000000 0.392148
914400.000000 0.391366
914700.000000 0.390589
915000.000000 0.389815
915300.000000 0.389046
915600.000000 0.388281
915900.000000 0.387520
916200.000000 0.386763
916500.000000 0.386011
916800.000000 0.385264
917100.000000 0.384521
917400.000000 0.383783
917700.000000 0.383051
918000.000000 0.382323
918300.000000 0.381601
918600.000000 0.380884
918900.000000 0.380172
919200.000000 0.379466
919500.000000 0.378766
919800.000000 0.378072
920100.000000 0.377383
920400.000000 0.376701
920700.000000 0.376024
921000.000000 0.375354
921300.000000 0.374690
921600.000000 0.374033
921900.000000 0.373382
922200.000000 0.372738
922500.000000 0.372100
922800.000000 0.371470
923100.000000 0.370846
923400.000000 0.370229
923700.000000 0.369619
924000.000000 0.369017
924300.000000 0.368422
924600.000000 0.367834
924900.000000 0.367254
925200.000000 0.366681
925500.000000 0.366116
925800.000000 0.365558
926100.000000 0.365009
926400.000000 0.364467
926700.000000 0.363934
927000.000000 0.363408
927300.000000 0.362891
927600.000000 0.362381
927900.000000 0.361880
928200.000000 0.361388
928500.000000 0.360904
928800.000000 0.360428
929100.000000 0.359961
929400.000000 0.359503
929700.000000 0.359053
930000.000000 0.358612
930300.000000 0.358180
930600.000000 0.357757
930900.000000 0.357343
931200.000000 0.356938
931500.000000 0.356542
931800.000000 0.356155
932100.000000 0.355777
932400.000000 0.355409
932700.000000 0.355050
933000.000000 0.354700
933300.000000 0.354360
933600.000000 0.354029
933900.000000 0.353707
934200.000000 0.353396
934500.000000 0.353093
934800.000000 0.352801
935100.000000 0.352518
935400.000000 0.352245
935700.000000 0.351981
936000.000000 0.351728
936300.000000 0.351484
936600.000000 0.351250
936900.000000 0.351026
937200.000000 0.350812
937500.000000 0.350608
937800.000000 0.350414
938100.000000 0.350229
938400.000000 0.350055
938700.000000 0.349891
939000.000000 0.349737
939300.000000 0.349593
939600.000000 0.349459
939900.000000 0.349335
940200.000000 0.349221
940500.000000 0.349118
940800.000000 0.349024
941100.000000 0.348941
941400.000000 0.348868
941700.000000 0.348805
942000.000000 0.348752
942300.000000 0.348709
942600.000000 0.348676
942900.000000 0.348654
943200.000000 0.348642
943500.000000 0.348639
943800.000000 0.348647
944100.000000 0.348666
944400.000000 0.348694
944700.000000 0.348732
945000.000000 0.348781
945300.000000 0.348839
945600.000000 0.348908
945900.000000 0.348986
946200.000000 0.349075
946500.000000 0.349173
946800.000000 0.349282
947100.000000 0.349400
947400.000000 0.349529
947700.000000 0.349667
948000.000000 0.349815
948300.000000 0.349973
948600.000000 0.350141
948900.000000 0.350319
949200.000000 0.350506
949500.000000 0.350703
949800.000000 0.350910
950100.000000 0.351126
950400.000000 0.351352
950700.000000 0.351587
951000.000000 0.351832
951300.000000 0.352086
951600.000000 0.352350
951900.000000 0.352623
952200.000000 0.352905
952500.000000 0.353196
952800.000000 0.353497
953100.000000 0.353806
953400.000000 0.354125
953700.000000 0.354453
954000.000000 0.354790
954300.000000 0.355135
954600.000000 0.355490
954900.000000 0.355853
955200.000000 0.356225
955500.000000 0.356605
955800.000000 0.356994
956100.000000 0.357391
956400.000000 0.357797
956700.000000 0.358211
957000.000000 0.358634
957300.000000 0.359064
957600.000000 0.359503
957900.000000 0.359950
958200.000000 0.360405
958500.000000 0.360867
958800.000000 0.361337
959100.000000 0.361815
959400.000000 0.362301
959700.000000 0.362794
960000.000000 0.363295
960300.000000 0.363803
960600.000000 0.364318
960900.000000 0.364841
961200.000000 0.365370
961500.000000 0.365907
961800.000000 0.366450
962100.000000 0.367000
962400.000000 0.367557
962700.000000 0.368121
963000.000000 0.368691
963300.000000 0.369267
963600.000000 0.369850
963900.000000 0.370439
964200.000000 0.371034
964500.000000 0.371635
964800.000000 0.372243
965100.000000 0.372855
965400.000000 0.373474
965700.000000 0.374098
966000.000000 0.374728
966300.000000 0.375363
966600.000000 0.376003
966900.000000 0.376649
967200.000000 0.377300
967500.000000 0.377955
967800.000000 0.378616
968100.000000 0.379281
968400.000000 0.379950
968700.000000 0.380625
969000.000000 0.381303
969300.000000 0.381986
969600.000000 0.382673
969900.000000 0.383364
970200.000000 0.384060
970500.000000 0.384758
970800.000000 0.385461
971100.000000 0.386167
971400.000000 0.386877
971700.000000 0.387590
972000.000000 0.388306
972300.000000 0.389025
972600.000000 0.389747
972900.000000 0.390472
973200.000000 0.391200
973500.000000 0.391931
973800.000000 0.392664
974100.000000 0.393399
974400.000000 0.394137
974700.000000 0.394876
975000.000000 0.395618
975300.000000 0.396362
975600.000000 0.397107
975900.000000 0.397854
976200.000000 0.398603
976500.000000 0.399353
976800.000000 0.400104
977100.000000 0.400857
977400.000000 0.401610
977700.000000 0.402365
978000.000000 0.403120
978300.000000 0.403876
978600.000000 0.404632
978900.000000 0.405389
979200.000000 0.406146
979500.000000 0.406903
979800.000000 0.407661
980100.000000 0.408418
980400.000000 0.409175
980700.000000 0.409932
981000.000000 0.410688
981300.000000 0.411444
981600.000000 0.412199
981900.000000 0.412954
982200.000000 0.413707
982500.000000 0.414459
982800.000000 0.415211
983100.000000 0.415961
983400.000000 0.416709
983700.000000 0.417456
984000.000000 0.418202
984300.000000 0.418945
984600.000000 0.419687
984900.000000 0.420427
985200.000000 0.421165
985500.000000 0.421900
985800.000000 0.422634
986100.000000 0.423364
986400.000000 0.424093
986700.000000 0.424818
987000.000000 0.425541
987300.000000 0.426261
987600.000000 0.426978
987900.000000 0.427692
988200.000000 0.428402
988500.000000 0.429109
988800.000000 0.429813
989100.000000 0.430514
989400.000000 0.431210
989700.000000 0.431903
990000.000000 0.432592
990300.000000 0.433277
990600.000000 0.433958
990900.000000 0.434635
991200.000000 0.435308
991500.000000 0.435976
991800.000000 0.436640
992100.000000 0.437299
992400.000000 0.437954
992700.000000 0.438603
993000.000000 0.439248
993300.000000 0.439888
993600.000000 0.440523
993900.000000 0.441153
994200.000000 0.441778
994500.000000 0.442397
994800.000000 0.443011
995100.000000 0.443620
995400.000000 0.444223
995700.000000 0.444820
996000.000000 0.445412
996300.000000 0.445998
996600.000000 0.446577
996900.000000 0.447151
997200.000000 0.447719
997500.000000 0.448281
997800.000000 0.448837
998100.000000 0.449386
998400.000000 0.449929
998700.000000 0.450466
999000.000000 0.450996
999300.000000 0.451519
999600.000000 0.452036
999900.000000 0.452546
1000200.000000 0.453050
1000500.000000 0.453547
1000800.000000 0.454036
1001100.000000 0.454519
1001400.000000 0.454995
1001700.000000 0.455464
1002000.000000 0.455926
1002300.000000 0.456381
1002600.000000 0.456828
1002900.000000 0.457268
1003200.000000 0.457701
1003500.000000 0.458127
1003800.000000 0.458545
1004100.000000 0.458956
1004400.000000 0.459359
1004700.000000 0.459755
1005000.000000 0.460143
1005300.000000 0.460523
1005600.000000 0.460896
1005900.000000 0.461262
1006200.000000 0.461619
1006500.000000 0.461969
1006800.000000 0.462311
1007100.000000 0.462645
1007400.000000 0.462972
1007700.000000 0.463291
1008000.000000 0.463601
1008300.000000 0.463904
1008600.000000 0.464199
1008900.000000 0.464487
1009200.000000 0.464766
1009500.000000 0.465037
1009800.000000 0.465300
1010100.000000 0.465556
1010400.000000 0.465803
1010700.000000 0.466042
1011000.000000 0.466274
1011300.000000 0.466497
1011600.000000 0.466713
1011900.000000 0.466920
1012200.000000 0.467119
1012500.000000 0.467311
1012800.000000 0.467494
1013100.000000 0.467670
1013400.000000 0.467837
1013700.000000 0.467997
1014000.000000 0.468148
1014300.000000 0.468292
1014600.000000 0.468428
1014900.000000 0.468556
1015200.000000 0.468676
1015500.000000 0.468788
1015800.000000 0.468892
1016100.000000 0.468989
1016400.000000 0.469077
1016700.000000 0.469158
1017000.000000 0.469232
1017300.000000 0.469297
1017600.000000 0.469355
1017900.000000 0.469405
1018200.000000 0.469448
1018500.000000 0.469483
1018800.000000 0.469511
1019100.000000 0.469531
1019400.000000 0.469543
1019700.000000 0.469549
1020000.000000 0.469547
1020300.000000 0.469537
1020600.000000 0.469521
1020900.000000 0.469497
1021200.000000 0.469466
1021500.000000 0.469428
1021800.000000 0.469383
1022100.000000 0.469331
1022400.000000 0.469272
1022700.000000 0.469206
1023000.000000 0.469134
1023300.000000 0.469055
1023600.000000 0.468969
1023900.000000 0.468876
1024200.000000 0.468777
1024500.000000 0.468672
1024800.000000 0.468560
1025100.000000 0.468442
1025400.000000 0.468318
1025700.000000 0.468187
1026000.000000 0.468051
1026300.000000 0.467908
1026600.000000 0.467760
1026900.000000 0.467606
1027200.000000 0.467446
1027500.000000 0.467280
1027800.000000 0.467109
1028100.000000 0.466932
1028400.000000 0.466750
1028700.000000 0.466563
1029000.000000 0.466370
1029300.000000 0.466173
1029600.000000 0.465970
1029900.000000 0.465762
1030200.000000 0.465550
1030500.000000 0.465333
1030800.000000 0.465111
1031100.000000 0.464884
1031400.000000 0.464654
1031700.000000 0.464419
1032000.000000 0.464179
1032300.000000 0.463936
1032600.000000 0.463688
1032900.000000 0.463437
1033200.000000 0.463182
1033500.000000 0.462923
1033800.000000 0.462661
1034100.000000 0.462395
1034400.000000 0.462126
1034700.000000 0.461854
1035000.000000 0.461578
1035300.000000 0.461300
1035600.000000 0.461018
1035900.000000 0.460734
1036200.000000 0.460447
1036500.000000 0.460158
1036800.000000 0.459867
1037100.000000 0.459573
1037400.000000 0.459276
1037700.000000 0.458978
1038000.000000 0.458678
1038300.000000 0.458377
1038600.000000 0.458073
1038900.000000 0.457768
1039200.000000 0.457462
1039500.000000 0.457154
1039800.000000 0.456845
1040100.000000 0.456535
1040400.000000 0.456224
1040700.000000 0.455913
1041000.000000 0.455601
1041300.000000 0.455288
1041600.000000 0.454975
1041900.000000 0.454662
1042200.000000 0.454348
1042500.000000 0.454035
1042800.000000 0.453722
1043100.000000 0.453409
1043400.000000 0.453097
1043700.000000 0.452785
1044000.000000 0.452473
1044300.000000 0.452163
1044600.000000 0.451854
1044900.000000 0.451545
1045200.000000 0.451238
1045500.000000 0.450933
1045800.000000 0.450628
1046100.000000 0.450326
1046400.000000 0.450025
1046700.000000 0.449726
1047000.000000 0.449429
1047300.000000 0.449135
1047600.000000 0.448842
1047900.000000 0.448553
1048200.000000 0.448265
1048500.000000 0.447981
1048800.000000 0.447699
1049100.000000 0.447420
1049400.000000 0.447145
1049700.000000 0.446873
1050000.000000 0.446604
1050300.000000 0.446338
1050600.000000 0.446077
1050900.000000 0.445819
1051200.000000 0.445565
1051500.000000 0.445315
1051800.000000 0.445070
1052100.000000 0.444828
1052400.000000 0.444592
1052700.000000 0.444360
1053000.000000 0.444132
1053300.000000 0.443910
1053600.000000 0.443692
1053900.000000 0.443480
1054200.000000 0.443272
1054500.000000 0.443071
1054800.000000 0.442874
1055100.000000 0.442684
1055400.000000 0.442499
1055700.000000 0.442320
1056000.000000 0.442147
1056300.000000 0.441980
1056600.000000 0.441820
1056900.000000 0.441666
1057200.000000 0.441518
1057500.000000 0.441377
1057800.000000 0.441243
1058100.000000 0.441116
1058400.000000 0.440996
1058700.000000 0.440882
1059000.000000 0.440777
1059300.000000 0.440678
1059600.000000 0.440587
1059900.000000 0.440503
1060200.000000 0.440428
1060500.000000 0.440360
1060800.000000 0.440300
1061100.000000 0.440247
1061400.000000 0.440204
1061700.000000 0.440168
1062000.000000 0.440141
1062300.000000 0.440122
1062600.000000 0.440111
1062900.000000 0.440110
1063200.000000 0.440117
1063500.000000 0.440133
1063800.000000 0.440158
1064100.000000 0.440192
1064400.000000 0.440235
1064700.000000 0.440288
1065000.000000 0.440349
1065300.000000 0.440421
1065600.000000 0.440501
1065900.000000 0.440592
1066200.000000 0.440692
1066500.000000 0.440802
1066800.000000 0.440922
1067100.000000 0.441051
1067400.000000 0.441191
1067700.000000 0.441341
1068000.000000 0.441501
1068300.000000 0.441672
1068600.000000 0.441852
1068900.000000 0.442044
1069200.000000 0.442245
1069500.000000 0.442458
1069800.000000 0.442681
1070100.000000 0.442914
1070400.000000 0.443159
1070700.000000 0.443414
1071000.000000 0.443680
1071300.000000 0.443957
1071600.000000 0.444245
1071900.000000 0.444545
1072200.000000 0.444855
1072500.000000 0.445177
1072800.000000 0.445509
1073100.000000 0.445854
1073400.000000 0.446209
1073700.000000 0.446576
1074000.000000 0.446954
1074300.000000 0.447344
1074600.000000 0.447745
1074900.000000 0.448158
1075200.000000 0.448582
1075500.000000 0.449018
1075800.000000 0.449466
1076100.000000 0.449925
1076400.000000 0.450396
1076700.000000 0.450879
1077000.000000 0.451374
1077300.000000 0.451880
1077600.000000 0.452398
1077900.000000 0.452929
1078200.000000 0.453470
1078500.000000 0.454024
1078800.000000 0.454590
1079100.000000 0.455167
1079400.000000 0.455757
1079700.000000 0.456358
1080000.000000 0.456971
1080300.000000 0.457597
1080600.000000 0.458234
1080900.000000 0.458883
1081200.000000 0.459544
1081500.000000 0.460216
1081800.000000 0.460901
1082100.000000 0.461598
1082400.000000 0.462306
1082700.000000 0.463027
1083000.000000 0.463759
1083300.000000 0.464503
1083600.000000 0.465259
1083900.000000 0.466026
1084200.000000 0.466806
1084500.000000 0.467597
1084800.000000 0.468400
1085100.000000 0.469215
1085400.000000 0.470041
1085700.000000 0.470879
1086000.000000 0.471728
1086300.000000 0.472589
1086600.000000 0.473462
1086900.000000 0.474346
1087200.000000 0.475241
1087500.000000 0.476148
1087800.000000 0.477066
1088100.000000 0.477996
1088400.000000 0.478937
1088700.000000 0.479888
1089000.000000 0.480851
1089300.000000 0.481825
1089600.000000 0.482810
1089900.000000 0.483806
1090200.000000 0.484813
1090500.000000 0.485831
1090800.000000 0.486859
1091100.000000 0.487899
1091400.000000 0.488948
1091700.000000 0.490008
1092000.000000 0.491079
1092300.000000 0.492160
1092600.000000 0.493252
1092900.000000 0.494353
1093200.000000 0.495465
1093500.000000 0.496587
1093800.000000 0.497718
1094100.000000 0.498860
1094400.000000 0.500011
1094700.000000 0.501172
1095000.000000 0.502343
1095300.000000 0.503523
1095600.000000 0.504712
1095900.000000 0.505911
1096200.000000 0.507119
1096500.000000 0.508336
1096800.000000 0.509562
1097100.000000 0.510797
1097400.000000 0.512041
1097700.000000 0.513293
1098000.000000 0.514554
1098300.000000 0.515824
1098600.000000 0.517101
1098900.000000 0.518387
1099200.000000 0.519681
1099500.000000 0.520983
1099800.000000 0.522293
1100100.000000 0.523611
1100400.000000 0.524936
1100700.000000 0.526268
1101000.000000 0.527608
1101300.000000 0.528955
1101600.000000 0.530309
1101900.000000 0.531671
1102200.000000 0.533038
1102500.000000 0.534413
1102800.000000 0.535794
1103100.000000 0.537182
1103400.000000 0.538576
1103700.000000 0.539976
1104000.000000 0.541382
1104300.000000 0.542793
1104600.000000 0.544211
1104900.000000 0.545634
1105200.000000 0.547062
1105500.000000 0.548496
1105800.000000 0.549935
1106100.000000 0.551378
1106400.000000 0.552827
1106700.000000 0.554280
1107000.000000 0.555738
1107300.000000 0.557200
1107600.000000 0.558666
1107900.000000 0.560136
1108200.000000 0.561610
1108500.000000 0.563088
1108800.000000 0.564569
1109100.000000 0.566054
1109400.000000 0.567542
1109700.000000 0.569033
1110000.000000 0.570527
1110300.000000 0.572024
1110600.000000 0.573523
1110900.000000 0.575025
1111200.000000 0.576529
1111500.000000 0.578035
1111800.000000 0.579542
1112100.000000 0.581052
1112400.000000 0.582563
1112700.000000 0.584076
1113000.000000 0.585590
1113300.000000 0.587104
1113600.000000 0.588620
1113900.000000 0.590137
1114200.000000 0.591654
1114500.000000 0.593171
1114800.000000 0.594689
1115100.000000 0.596206
1115400.000000 0.597724
1115700.000000 0.599241
1116000.000000 0.600757
1116300.000000 0.602273
1116600.000000 0.603788
1116900.000000 0.605303
1117200.000000 0.606815
1117500.000000 0.608327
1117800.000000 0.609837
1118100.000000 0.611345
1118400.000000 0.612851
1118700.000000 0.614356
1119000.000000 0.615858
1119300.000000 0.617357
1119600.000000 0.618854
1119900.000000 0.620348
1120200.000000 0.621840
1120500.000000 0.623328
1120800.000000 0.624812
1121100.000000 0.626294
1121400.000000 0.627771
1121700.000000 0.629245
1122000.000000 0.630715
1122300.000000 0.632181
1122600.000000 0.633642
1122900.000000 0.635099
1123200.000000 0.636551
1123500.000000 0.637998
1123800.000000 0.639440
1124100.000000 0.640877
1124400.000000 0.642308
1124700.000000 0.643734
1125000.000000 0.645154
1125300.000000 0.646569
1125600.000000 0.647977
1125900.000000 0.649379
1126200.000000 0.650775
1126500.000000 0.652164
1126800.000000 0.653546
1127100.000000 0.654921
1127400.000000 0.656290
1127700.000000 0.657651
1128000.000000 0.659005
1128300.000000 0.660351
1128600.000000 0.661689
1128900.000000 0.663020
1129200.000000 0.664342
1129500.000000 0.665657
1129800.000000 0.666963
1130100.000000 0.668260
1130400.000000 0.669549
1130700.000000 0.670829
1131000.000000 0.672100
1131300.000000 0.673362
1131600.000000 0.674615
1131900.000000 0.675858
1132200.000000 0.677092
1132500.000000 0.678316
1132800.000000 0.679530
1133100.000000 0.680734
1133400.000000 0.681928
1133700.000000 0.683112
1134000.000000 0.684285
1134300.000000 0.685447
1134600.000000 0.686599
1134900.000000 0.687741
1135200.000000 0.688871
1135500.000000 0.689990
1135800.000000 0.691097
1136100.000000 0.692194
1136400.000000 0.693279
1136700.000000 0.694352
1137000.000000 0.695414
1137300.000000 0.696463
1137600.000000 0.697501
1137900.000000 0.698526
1138200.000000 0.699540
1138500.000000 0.700541
1138800.000000 0.701529
1139100.000000 0.702505
1139400.000000 0.703468
1139700.000000 0.704418
1140000.000000 0.705356
1140300.000000 0.706280
1140600.000000 0.707192
1140900.000000 0.708090
1141200.000000 0.708974
1141500.000000 0.709846
1141800.000000 0.710703
1142100.000000 0.711547
1142400.000000 0.712378
1142700.000000 0.713194
1143000.000000 0.713997
1143300.000000 0.714786
1143600.000000 0.715561
1143900.000000 0.716321
1144200.000000 0.717067
1144500.000000 0.717799
1144800.000000 0.718517
1145100.000000 0.719220
1145400.000000 0.719908
1145700.000000 0.720582
1146000.000000 0.721241
1146300.000000 0.721886
1146600.000000 0.722516
1146900.000000 0.723130
1147200.000000 0.723730
1147500.000000 0.724315
1147800.000000 0.724885
1148100.000000 0.725440
1148400.000000 0.725979
1148700.000000 0.726504
1149000.000000 0.727013
1149300.000000 0.727507
1149600.000000 0.727985
1149900.000000 0.728448
1150200.000000 0.728896
1150500.000000 0.729328
1150800.000000 0.729745
1151100.000000 0.730146
1151400.000000 0.730532
1151700.000000 0.730902
1152000.000000 0.731256
1152300.000000 0.731595
1152600.000000 0.731918
1152900.000000 0.732226
1153200.000000 0.732518
1153500.000000 0.732794
1153800.000000 0.733055
1154100.000000 0.733300
1154400.000000 0.733529
1154700.000000 0.733742
1155000.000000 0.733940
1155300.000000 0.734122
1155600.000000 0.734288
1155900.000000 0.734439
1156200.000000 0.734574
1156500.000000 0.734693
1156800.000000 0.734797
1157100.000000 0.734885
1157400.000000 0.734957
1157700.000000 0.735014
1158000.000000 0.735055
1158300.000000 0.735081
1158600.000000 0.735091
1158900.000000 0.735085
1159200.000000 0.735064
1159500.000000 0.735028
1159800.000000 0.734976
1160100.000000 0.734909
1160400.000000 0.734827
1160700.000000 0.734729
1161000.000000 0.734616
1161300.000000 0.734488
1161600.000000 0.734344
1161900.000000 0.734186
1162200.000000 0.734013
1162500.000000 0.733825
1162800.000000 0.733621
1163100.000000 0.733403
1163400.000000 0.733170
1163700.000000 0.732923
1164000.000000 0.732661
1164300.000000 0.732384
1164600.000000 0.732093
1164900.000000 0.731787
1165200.000000 0.731467
1165500.000000 0.731133
1165800.000000 0.730785
1166100.000000 0.730422
1166400.000000 0.730045
1166700.000000 0.729655
1167000.000000 0.729251
1167300.000000 0.728833
1167600.000000 0.728401
1167900.000000 0.727956
1168200.000000 0.727497
1168500.000000 0.727025
1168800.000000 0.726540
1169100.000000 0.726042
1169400.000000 0.725531
1169700.000000 0.725006
1170000.000000 0.724469
1170300.000000 0.723920
1170600.000000 0.723357
1170900.000000 0.722782
1171200.000000 0.722195
1171500.000000 0.721596
1171800.000000 0.720985
1172100.000000 0.720361
1172400.000000 0.719726
1172700.000000 0.719079
1173000.000000 0.718421
1173300.000000 0.717751
1173600.000000 0.717070
1173900.000000 0.716377
1174200.000000 0.715674
1174500.000000 0.714959
1174800.000000 0.714234
1175100.000000 0.713498
1175400.000000 0.712752
1175700.000000 0.711996
1176000.000000 0.711229
1176300.000000 0.710452
1176600.000000 0.709666
1176900.000000 0.708869
1177200.000000 0.708064
1177500.000000 0.707248
1177800.000000 0.706424
1178100.000000 0.705590
1178400.000000 0.704747
1178700.000000 0.703896
1179000.000000 0.703036
1179300.000000 0.702168
1179600.000000 0.701291
1179900.000000 0.700406
1180200.000000 0.699513
1180500.000000 0.698613
1180800.000000 0.697704
1181100.000000 0.696789
1181400.000000 0.695866
1181700.000000 0.694936
1182000.000000 0.693999
1182300.000000 0.693055
1182600.000000 0.692105
1182900.000000 0.691148
1183200.000000 0.690186
1183500.000000 0.689217
1183800.000000 0.688242
1184100.000000 0.687262
1184400.000000 0.686276
1184700.000000 0.685285
1185000.000000 0.684289
1185300.000000 0.683287
1185600.000000 0.682281
1185900.000000 0.681271
1186200.000000 0.680256
1186500.000000 0.679237
1186800.000000 0.678214
1187100.000000 0.677187
1187400.000000 0.676157
1187700.000000 0.675123
1188000.000000 0.674086
1188300.000000 0.673046
1188600.000000 0.672003
1188900.000000 0.670957
1189200.000000 0.669909
1189500.000000 0.668859
1189800.000000 0.667806
1190100.000000 0.666752
1190400.000000 0.665696
1190700.000000 0.664639
1191000.000000 0.663580
1191300.000000 0.662520
1191600.000000 0.661460
1191900.000000 0.660398
1192200.000000 0.659336
1192500.000000 0.658274
1192800.000000 0.657212
1193100.000000 0.656150
1193400.000000 0.655088
1193700.000000 0.654026
1194000.000000 0.652966
1194300.000000 0.651906
1194600.000000 0.650847
1194900.000000 0.649789
1195200.000000 0.648733
1195500.000000 0.647679
1195800.000000 0.646626
1196100.000000 0.645576
1196400.000000 0.644528
1196700.000000 0.643482
1197000.000000 0.642439
1197300.000000 0.641398
1197600.000000 0.640361
1197900.000000 0.639327
1198200.000000 0.638296
1198500.000000 0.637269
1198800.000000 0.636246
1199100.000000 0.635226
1199400.000000 0.634211
1199700.000000 0.633200
1200000.000000 0.632194
1200300.000000 0.631193
1200600.000000 0.630196
1200900.000000 0.629205
1201200.000000 0.628219
1201500.000000 0.627238
1201800.000000 0.626263
1202100.000000 0.625294
1202400.000000 0.624331
1202700.000000 0.623375
1203000.000000 0.622424
1203300.000000 0.621480
1203600.000000 0.620544
1203900.000000 0.619613
1204200.000000 0.618691
1204500.000000 0.617775
1204800.000000 0.616867
1205100.000000 0.615967
1205400.000000 0.615074
1205700.000000 0.614189
1206000.000000 0.613313
1206300.000000 0.612445
1206600.000000 0.611585
1206900.000000 0.610735
1207200.000000 0.609893
1207500.000000 0.609060
1207800.000000 0.608236
1208100.000000 0.607421
1208400.000000 0.606616
1208700.000000 0.605821
1209000.000000 0.605035
1209300.000000 0.604260
1209600.000000 0.603495
1209900.000000 0.602740
1210200.000000 0.601995
1210500.000000 0.601261
1210800.000000 0.600537
1211100.000000 0.599825
1211400.000000 0.599124
1211700.000000 0.598433
1212000.000000 0.597754
1212300.000000 0.597087
1212600.000000 0.596431
1212900.000000 0.595787
1213200.000000 0.595155
1213500.000000 0.594534
1213800.000000 0.593926
1214100.000000 0.593330
1214400.000000 0.592747
1214700.000000 0.592176
1215000.000000 0.591618
1215300.000000 0.591072
1215600.000000 0.590540
1215900.000000 0.590020
1216200.000000 0.589513
1216500.000000 0.589020
1216800.000000 0.588540
1217100.000000 0.588074
1217400.000000 0.587621
1217700.000000 0.587182
1218000.000000 0.586756
1218300.000000 0.586345
1218600.000000 0.585947
1218900.000000 0.585564
1219200.000000 0.585194
1219500.000000 0.584839
1219800.000000 0.584499
1220100.000000 0.584173
1220400.000000 0.583861
1220700.000000 0.583564
1221000.000000 0.583282
1221300.000000 0.583014
1221600.000000 0.582762
1221900.000000 0.582524
1222200.000000 0.582302
1222500.000000 0.582094
1222800.000000 0.581902
1223100.000000 0.581725
1223400.000000 0.581563
1223700.000000 0.581417
1224000.000000 0.581286
1224300.000000 0.581171
1224600.000000 0.581071
1224900.000000 0.580986
1225200.000000 0.580918
1225500.000000 0.580865
1225800.000000 0.580828
1226100.000000 0.580807
1226400.000000 0.580801
1226700.000000 0.580811
1227000.000000 0.580838
1227300.000000 0.580880
1227600.000000 0.580938
1227900.000000 0.581013
1228200.000000 0.581103
1228500.000000 0.581209
1228800.000000 0.581332
1229100.000000 0.581471
1229400.000000 0.581625
1229700.000000 0.581796
1230000.000000 0.581984
1230300.000000 0.582187
1230600.000000 0.582406
1230900.000000 0.582642
1231200.000000 0.582894
1231500.000000 0.583162
1231800.000000 0.583446
1232100.000000 0.583747
1232400.000000 0.584064
1232700.000000 0.584397
1233000.000000 0.584746
1233300.000000 0.585111
1233600.000000 0.585493
1233900.000000 0.585890
1234200.000000 0.586304
1234500.000000 0.586734
1234800.000000 0.587180
1235100.000000 0.587641
1235400.000000 0.588119
1235700.000000 0.588613
1236000.000000 0.589123
1236300.000000 0.589649
1236600.000000 0.590191
1236900.000000 0.590748
1237200.000000 0.591322
1237500.000000 0.591911
1237800.000000 0.592515
1238100.000000 0.593136
1238400.000000 0.593772
1238700.000000 0.594423
1239000.000000 0.595090
1239300.000000 0.595773
1239600.000000 0.596471
1239900.000000 0.597184
1240200.000000 0.597912
1240500.000000 0.598656
1240800.000000 0.599414
1241100.000000 0.600188
1241400.000000 0.600976
1241700.000000 0.601780
1242000.000000 0.602598
1242300.000000 0.603431
1242600.000000 0.604279
1242900.000000 0.605141
1243200.000000 0.606017
1243500.000000 0.606908
1243800.000000 0.607813
1244100.000000 0.608733
1244400.000000 0.609666
1244700.000000 0.610613
1245000.000000 0.611575
1245300.000000 0.612550
1245600.000000 0.613538
1245900.000000 0.614541
1246200.000000 0.615556
1246500.000000 0.616585
1246800.000000 0.617628
1247100.000000 0.618683
1247400.000000 0.619751
1247700.000000 0.620833
1248000.000000 0.621927
1248300.000000 0.623033
1248600.000000 0.624152
1248900.000000 0.625284
1249200.000000 0.626427
1249500.000000 0.627583
1249800.000000 0.628751
1250100.000000 0.629931
1250400.000000 0.631122
1250700.000000 0.632325
1251000.000000 0.633540
1251300.000000 0.634765
1251600.000000 0.636002
1251900.000000 0.637250
1252200.000000 0.638509
1252500.000000 0.639779
1252800.000000 0.641059
1253100.000000 0.642349
1253400.000000 0.643650
1253700.000000 0.644961
1254000.000000 0.646282
1254300.000000 0.647612
1254600.000000 0.648953
1254900.000000 0.650302
1255200.000000 0.651662
1255500.000000 0.653030
1255800.000000 0.654407
1256100.000000 0.655793
1256400.000000 0.657188
1256700.000000 0.658591
1257000.000000 0.660003
1257300.000000 0.661423
1257600.000000 0.662850
1257900.000000 0.664286
1258200.000000 0.665729
1258500.000000 0.667180
1258800.000000 0.668638
1259100.000000 0.670103
1259400.000000 0.671575
1259700.000000 0.673054
1260000.000000 0.674539
1260300.000000 0.676031
1260600.000000 0.677529
1260900.000000 0.679033
1261200.000000 0.680543
1261500.000000 0.682058
1261800.000000 0.683579
1262100.000000 0.685105
1262400.000000 0.686637
1262700.000000 0.688173
1263000.000000 0.689714
1263300.000000 0.691260
1263600.000000 0.692809
1263900.000000 0.694363
1264200.000000 0.695921
1264500.000000 0.697483
1264800.000000 0.699048
1265100.000000 0.700617
1265400.000000 0.702189
1265700.000000 0.703764
1266000.000000 0.705341
1266300.000000 0.706922
1266600.000000 0.708504
1266900.000000 0.710089
1267200.000000 0.711676
1267500.000000 0.713265
1267800.000000 0.714855
1268100.000000 0.716447
1268400.000000 0.718039
1268700.000000 0.719633
1269000.000000 0.721228
1269300.000000 0.722823
1269600.000000 0.724419
1269900.000000 0.726015
1270200.000000 0.727611
1270500.000000 0.729206
1270800.000000 0.730802
1271100.000000 0.732397
1271400.000000 0.733991
1271700.000000 0.735584
1272000.000000 0.737175
1272300.000000 0.738766
1272600.000000 0.740355
1272900.000000 0.741942
1273200.000000 0.743527
1273500.000000 0.745109
1273800.000000 0.746690
1274100.000000 0.748268
1274400.000000 0.749843
1274700.000000 0.751415
1275000.000000 0.752984
1275300.000000 0.754549
1275600.000000 0.756111
1275900.000000 0.757670
1276200.000000 0.759224
1276500.000000 0.760774
1276800.000000 0.762319
1277100.000000 0.763861
1277400.000000 0.765397
1277700.000000 0.766928
1278000.000000 0.768455
1278300.000000 0.769976
1278600.000000 0.771491
1278900.000000 0.773001
1279200.000000 0.774504
1279500.000000 0.776002
1279800.000000 0.777493
1280100.000000 0.778978
1280400.000000 0.780456
1280700.000000 0.781928
1281000.000000 0.783392
1281300.000000 0.784849
1281600.000000 0.786299
1281900.000000 0.787741
1282200.000000 0.789175
1282500.000000 0.790601
1282800.000000 0.792019
1283100.000000 0.793429
1283400.000000 0.794830
1283700.000000 0.796223
1284000.000000 0.797606
1284300.000000 0.798981
1284600.000000 0.800347
1284900.000000 0.801703
1285200.000000 0.803049
1285500.000000 0.804386
1285800.000000 0.805713
1286100.000000 0.807029
1286400.000000 0.808336
1286700.000000 0.809632
1287000.000000 0.810917
1287300.000000 0.812192
1287600.000000 0.813456
1287900.000000 0.814709
1288200.000000 0.815950
1288500.000000 0.817180
1288800.000000 0.818399
1289100.000000 0.819606
1289400.000000 0.820801
1289700.000000 0.821984
1290000.000000 0.823155
1290300.000000 0.824313
1290600.000000 0.825459
1290900.000000 0.826593
1291200.000000 0.827714
1291500.000000 0.828821
1291800.000000 0.829916
1292100.000000 0.830998
1292400.000000 0.832066
1292700.000000 0.833121
1293000.000000 0.834162
1293300.000000 0.835189
1293600.000000 0.836203
1293900.000000 0.837202
1294200.000000 0.838187
1294500.000000 0.839159
1294800.000000 0.840115
1295100.000000 0.841058
1295400.000000 0.841985
1295700.000000 0.842898
1296000.000000 0.843796
