0 0 0 -0.000208
5 0 0 -0.000222
10 0 0 -0.000220
15 0 0 -0.000208
20 0 0 -0.000191
25 0 0 -0.000178
30 0 0 -0.000173
35 0 0 -0.000180
40 0 0 -0.000195
45 0 0 -0.000208
50 0 0 -0.000212
55 0 0 -0.000211
60 0 0 -0.000208
65 0 0 -0.000205
70 0 0 -0.000205
75 0 0 -0.000208
80 0 0 -0.000212
85 0 0 -0.000214
90 0 0 -0.000208
95 0 0 -0.000191
100 0 0 -0.000175
105 0 0 -0.000173
110 0 0 -0.000192
115 0 0 -0.000221
120 0 0 -0.000242
125 0 0 -0.000243
130 0 0 -0.000228
135 0 0 -0.000206
140 0 0 -0.000187
145 0 0 -0.000175
150 0 0 -0.000173
155 0 0 -0.000183
160 0 0 -0.000198
165 0 0 -0.000208
170 0 0 -0.000205
175 0 0 -0.000200
180 0 0 -0.000208
185 0 0 -0.000234
190 0 0 -0.000264
195 0 0 -0.000276
200 0 0 -0.000256
205 0 0 -0.000224
210 0 0 -0.000208
215 0 0 -0.000227
220 0 0 -0.000259
225 0 0 -0.000276
230 0 0 -0.000255
235 0 0 -0.000212
240 0 0 -0.000173
245 0 0 -0.000157
250 0 0 -0.000160
255 0 0 -0.000173
260 0 0 -0.000186
265 0 0 -0.000198
270 0 0 -0.000208
275 0 0 -0.000214
280 0 0 -0.000214
285 0 0 -0.000208
290 0 0 -0.000193
295 0 0 -0.000179
300 0 0 -0.000173
305 0 0 -0.000182
310 0 0 -0.000197
315 0 0 -0.000206
320 0 0 -0.000201
325 0 0 -0.000187
330 0 0 -0.000173
335 0 0 -0.000165
340 0 0 -0.000165
345 0 0 -0.000173
350 0 0 -0.000187
355 0 0 -0.000201
360 0 0 -0.000208
365 0 0 -0.000204
370 0 0 -0.000200
375 0 0 -0.000208
380 0 0 -0.000234
385 0 0 -0.000256
390 0 0 -0.000242
395 0 0 -0.000180
400 0 0 -0.000122
405 0 0 -0.000138
410 0 0 -0.000269
415 0 0 -0.000441
420 0 0 -0.000552
425 0 0 -0.000529
430 0 0 -0.000422
435 0 0 -0.000311
440 0 0 -0.000257
445 0 0 -0.000245
450 0 0 -0.000242
455 0 0 -0.000223
460 0 0 -0.000194
465 0 0 -0.000173
470 0 0 -0.000169
475 0 0 -0.000174
480 0 0 -0.000173
485 0 0 -0.000156
490 0 0 -0.000130
495 0 0 -0.000103
500 0 0 -0.000085
505 0 0 -0.000083
510 0 0 -0.000103
515 0 0 -0.000147
520 0 0 -0.000192
525 0 0 -0.000208
530 0 0 -0.000175
535 0 0 -0.000117
540 0 0 -0.000068
545 0 0 -0.000054
550 0 0 -0.000069
555 0 0 -0.000103
560 0 0 -0.000143
565 0 0 -0.000172
570 0 0 -0.000173
575 0 0 -0.000138
580 0 0 -0.000092
585 0 0 -0.000070
590 0 0 -0.000092
595 0 0 -0.000138
600 0 0 -0.000173
605 0 0 -0.000172
610 0 0 -0.000143
615 0 0 -0.000104
620 0 0 -0.000072
625 0 0 -0.000066
630 0 0 -0.000104
635 0 0 -0.000194
640 0 0 -0.000293
645 0 0 -0.000346
650 0 0 -0.000315
655 0 0 -0.000239
660 0 0 -0.000173
665 0 0 -0.000157
670 0 0 -0.000178
675 0 0 -0.000208
680 0 0 -0.000222
685 0 0 -0.000220
690 0 0 -0.000208
695 0 0 -0.000189
700 0 0 -0.000174
705 0 0 -0.000173
710 0 0 -0.000189
715 0 0 -0.000208
720 0 0 -0.000208
725 0 0 -0.000177
730 0 0 -0.000143
735 0 0 -0.000138
740 0 0 -0.000184
745 0 0 -0.000247
750 0 0 -0.000277
755 0 0 -0.000243
760 0 0 -0.000179
765 0 0 -0.000138
770 0 0 -0.000155
775 0 0 -0.000204
780 0 0 -0.000242
785 0 0 -0.000238
790 0 0 -0.000206
795 0 0 -0.000173
800 0 0 -0.000158
805 0 0 -0.000160
810 0 0 -0.000173
815 0 0 -0.000189
820 0 0 -0.000203
825 0 0 -0.000208
830 0 0 -0.000200
835 0 0 -0.000185
840 0 0 -0.000173
845 0 0 -0.000168
850 0 0 -0.000170
855 0 0 -0.000174
860 0 0 -0.000177
865 0 0 -0.000177
870 0 0 -0.000173
875 0 0 -0.000164
880 0 0 -0.000153
885 0 0 -0.000138
890 0 0 -0.000124
895 0 0 -0.000120
900 0 0 -0.000138
905 0 0 -0.000182
910 0 0 -0.000228
915 0 0 -0.000242
920 0 0 -0.000206
925 0 0 -0.000146
930 0 0 -0.000103
935 0 0 -0.000104
940 0 0 -0.000126
945 0 0 -0.000138
950 0 0 -0.000120
955 0 0 -0.000112
960 0 0 -0.000173
965 0 0 -0.000334
970 0 0 -0.000534
975 0 0 -0.000691
980 0 0 -0.000741
985 0 0 -0.000705
990 0 0 -0.000623
995 0 0 -0.000529
1000 0 0 -0.000426
1005 0 0 -0.000311
1010 0 0 -0.000189
1015 0 0 -0.000110
1020 0 0 -0.000138
1025 0 0 -0.000301
1030 0 0 -0.000505
1035 0 0 -0.000622
1040 0 0 -0.000564
1045 0 0 -0.000401
1050 0 0 -0.000242
1055 0 0 -0.000174
1060 0 0 -0.000184
1065 0 0 -0.000241
1070 0 0 -0.000314
1075 0 0 -0.000387
1080 0 0 -0.000450
1085 0 0 -0.000493
1090 0 0 -0.000516
1095 0 0 -0.000518
1100 0 0 -0.000504
1105 0 0 -0.000478
1110 0 0 -0.000450
1115 0 0 -0.000427
1120 0 0 -0.000414
1125 0 0 -0.000414
1130 0 0 -0.000429
1135 0 0 -0.000446
1140 0 0 -0.000450
1145 0 0 -0.000431
1150 0 0 -0.000410
1155 0 0 -0.000414
1160 0 0 -0.000461
1165 0 0 -0.000538
1170 0 0 -0.000622
1175 0 0 -0.000692
1180 0 0 -0.000732
1185 0 0 -0.000726
1190 0 0 -0.000670
1195 0 0 -0.000606
1200 0 0 -0.000588
1205 0 0 -0.000648
1210 0 0 -0.000731
1215 0 0 -0.000760
1220 0 0 -0.000681
1225 0 0 -0.000542
1230 0 0 -0.000415
1235 0 0 -0.000355
1240 0 0 -0.000352
1245 0 0 -0.000380
1250 0 0 -0.000417
1255 0 0 -0.000454
1260 0 0 -0.000484
1265 0 0 -0.000503
1270 0 0 -0.000513
1275 0 0 -0.000518
1280 0 0 -0.000521
1285 0 0 -0.000521
1290 0 0 -0.000518
1295 0 0 -0.000513
1300 0 0 -0.000502
1305 0 0 -0.000485
1310 0 0 -0.000460
1315 0 0 -0.000434
1320 0 0 -0.000414
1325 0 0 -0.000403
1330 0 0 -0.000395
1335 0 0 -0.000380
1340 0 0 -0.000351
1345 0 0 -0.000314
1350 0 0 -0.000277
1355 0 0 -0.000248
1360 0 0 -0.000225
1365 0 0 -0.000206
1370 0 0 -0.000190
1375 0 0 -0.000178
1380 0 0 -0.000172
1385 0 0 -0.000172
1390 0 0 -0.000174
1395 0 0 -0.000173
1400 0 0 -0.000163
1405 0 0 -0.000150
1410 0 0 -0.000138
1415 0 0 -0.000132
1420 0 0 -0.000132
1425 0 0 -0.000138
1430 0 0 -0.000148
1435 0 0 -0.000160
1440 0 0 -0.000173
1445 0 0 -0.000183
1450 0 0 -0.000185
1455 0 0 -0.000173
1460 0 0 -0.000145
1465 0 0 -0.000116
1470 0 0 -0.000103
1475 0 0 -0.000120
1480 0 0 -0.000150
1485 0 0 -0.000173
1490 0 0 -0.000172
1495 0 0 -0.000156
1500 0 0 -0.000138
1505 0 0 -0.000129
1510 0 0 -0.000129
1515 0 0 -0.000139
1520 0 0 -0.000156
1525 0 0 -0.000170
1530 0 0 -0.000173
1535 0 0 -0.000157
1540 0 0 -0.000130
1545 0 0 -0.000104
1550 0 0 -0.000089
1555 0 0 -0.000088
1560 0 0 -0.000103
1565 0 0 -0.000133
1570 0 0 -0.000162
1575 0 0 -0.000173
1580 0 0 -0.000153
1585 0 0 -0.000122
1590 0 0 -0.000104
1595 0 0 -0.000118
1600 0 0 -0.000148
1605 0 0 -0.000173
1610 0 0 -0.000175
1615 0 0 -0.000160
1620 0 0 -0.000139
1625 0 0 -0.000121
1630 0 0 -0.000108
1635 0 0 -0.000103
1640 0 0 -0.000107
1645 0 0 -0.000120
1650 0 0 -0.000138
1655 0 0 -0.000160
1660 0 0 -0.000175
1665 0 0 -0.000173
1670 0 0 -0.000148
1675 0 0 -0.000117
1680 0 0 -0.000103
1685 0 0 -0.000121
1690 0 0 -0.000152
1695 0 0 -0.000173
1700 0 0 -0.000164
1705 0 0 -0.000136
1710 0 0 -0.000104
1715 0 0 -0.000085
1720 0 0 -0.000083
1725 0 0 -0.000103
1730 0 0 -0.000146
1735 0 0 -0.000189
1740 0 0 -0.000208
1745 0 0 -0.000184
1750 0 0 -0.000140
1755 0 0 -0.000104
1760 0 0 -0.000099
1765 0 0 -0.000116
1770 0 0 -0.000139
1775 0 0 -0.000154
1780 0 0 -0.000155
1785 0 0 -0.000139
1790 0 0 -0.000108
1795 0 0 -0.000078
1800 0 0 -0.000070
1805 0 0 -0.000096
1810 0 0 -0.000138
1815 0 0 -0.000173
1820 0 0 -0.000181
1825 0 0 -0.000175
1830 0 0 -0.000173
1835 0 0 -0.000189
1840 0 0 -0.000216
1845 0 0 -0.000242
1850 0 0 -0.000260
1855 0 0 -0.000279
1860 0 0 -0.000312
1865 0 0 -0.000374
1870 0 0 -0.000482
1875 0 0 -0.000658
1880 0 0 -0.000898
1885 0 0 -0.001117
1890 0 0 -0.001210
1895 0 0 -0.001105
1900 0 0 -0.000882
1905 0 0 -0.000656
1910 0 0 -0.000517
1915 0 0 -0.000450
1920 0 0 -0.000415
1925 0 0 -0.000379
1930 0 0 -0.000342
1935 0 0 -0.000311
1940 0 0 -0.000291
1945 0 0 -0.000281
1950 0 0 -0.000277
1955 0 0 -0.000277
1960 0 0 -0.000278
1965 0 0 -0.000277
1970 0 0 -0.000274
1975 0 0 -0.000273
1980 0 0 -0.000277
1985 0 0 -0.000290
1990 0 0 -0.000304
1995 0 0 -0.000312
2000 0 0 -0.000307
2005 0 0 -0.000293
2010 0 0 -0.000277
2015 0 0 -0.000266
2020 0 0 -0.000264
2025 0 0 -0.000276
2030 0 0 -0.000303
2035 0 0 -0.000332
2040 0 0 -0.000346
2045 0 0 -0.000333
2050 0 0 -0.000304
2055 0 0 -0.000276
2060 0 0 -0.000262
2065 0 0 -0.000263
2070 0 0 -0.000276
2075 0 0 -0.000297
2080 0 0 -0.000314
2085 0 0 -0.000311
2090 0 0 -0.000280
2095 0 0 -0.000247
2100 0 0 -0.000242
2105 0 0 -0.000287
2110 0 0 -0.000348
2115 0 0 -0.000380
2120 0 0 -0.000355
2125 0 0 -0.000295
2130 0 0 -0.000242
2135 0 0 -0.000226
2140 0 0 -0.000242
2145 0 0 -0.000277
2150 0 0 -0.000317
2155 0 0 -0.000345
2160 0 0 -0.000346
2165 0 0 -0.000307
2170 0 0 -0.000243
2175 0 0 -0.000173
2180 0 0 -0.000113
2185 0 0 -0.000075
2190 0 0 -0.000070
2195 0 0 -0.000100
2200 0 0 -0.000144
2205 0 0 -0.000173
2210 0 0 -0.000165
2215 0 0 -0.000135
2220 0 0 -0.000103
2225 0 0 -0.000087
2230 0 0 -0.000088
2235 0 0 -0.000103
2240 0 0 -0.000129
2245 0 0 -0.000156
2250 0 0 -0.000173
2255 0 0 -0.000171
2260 0 0 -0.000156
2265 0 0 -0.000138
2270 0 0 -0.000123
2275 0 0 -0.000112
2280 0 0 -0.000104
2285 0 0 -0.000099
2290 0 0 -0.000098
2295 0 0 -0.000103
2300 0 0 -0.000115
2305 0 0 -0.000129
2310 0 0 -0.000138
2315 0 0 -0.000138
2320 0 0 -0.000135
2325 0 0 -0.000138
2330 0 0 -0.000151
2335 0 0 -0.000167
2340 0 0 -0.000173
2345 0 0 -0.000161
2350 0 0 -0.000136
2355 0 0 -0.000104
2360 0 0 -0.000074
2365 0 0 -0.000058
2370 0 0 -0.000070
2375 0 0 -0.000115
2380 0 0 -0.000170
2385 0 0 -0.000206
2390 0 0 -0.000202
2395 0 0 -0.000172
2400 0 0 -0.000139
2405 0 0 -0.000124
2410 0 0 -0.000125
2415 0 0 -0.000138
2420 0 0 -0.000157
2425 0 0 -0.000172
2430 0 0 -0.000173
2435 0 0 -0.000153
2440 0 0 -0.000125
2445 0 0 -0.000104
2450 0 0 -0.000105
2455 0 0 -0.000137
2460 0 0 -0.000208
2465 0 0 -0.000317
2470 0 0 -0.000434
2475 0 0 -0.000518
2480 0 0 -0.000541
2485 0 0 -0.000512
2490 0 0 -0.000449
2495 0 0 -0.000374
2500 0 0 -0.000317
2505 0 0 -0.000311
2510 0 0 -0.000374
2515 0 0 -0.000462
2520 0 0 -0.000518
2525 0 0 -0.000502
2530 0 0 -0.000449
2535 0 0 -0.000415
2540 0 0 -0.000439
2545 0 0 -0.000497
2550 0 0 -0.000553
2555 0 0 -0.000577
2560 0 0 -0.000572
2565 0 0 -0.000553
2570 0 0 -0.000531
2575 0 0 -0.000517
2580 0 0 -0.000518
2585 0 0 -0.000541
2590 0 0 -0.000569
2595 0 0 -0.000587
2600 0 0 -0.000580
2605 0 0 -0.000562
2610 0 0 -0.000552
2615 0 0 -0.000562
2620 0 0 -0.000579
2625 0 0 -0.000587
2630 0 0 -0.000573
2635 0 0 -0.000554
2640 0 0 -0.000553
2645 0 0 -0.000585
2650 0 0 -0.000629
2655 0 0 -0.000656
2660 0 0 -0.000647
2665 0 0 -0.000616
2670 0 0 -0.000587
2675 0 0 -0.000577
2680 0 0 -0.000581
2685 0 0 -0.000587
2690 0 0 -0.000585
2695 0 0 -0.000582
2700 0 0 -0.000587
2705 0 0 -0.000603
2710 0 0 -0.000620
2715 0 0 -0.000622
2720 0 0 -0.000595
2725 0 0 -0.000546
2730 0 0 -0.000484
2735 0 0 -0.000419
2740 0 0 -0.000367
2745 0 0 -0.000344
2750 0 0 -0.000361
2755 0 0 -0.000395
2760 0 0 -0.000415
2765 0 0 -0.000402
2770 0 0 -0.000371
2775 0 0 -0.000346
2780 0 0 -0.000343
2785 0 0 -0.000350
2790 0 0 -0.000346
2795 0 0 -0.000317
2800 0 0 -0.000284
2805 0 0 -0.000277
2810 0 0 -0.000312
2815 0 0 -0.000361
2820 0 0 -0.000380
2825 0 0 -0.000344
2830 0 0 -0.000274
2835 0 0 -0.000208
2840 0 0 -0.000173
2845 0 0 -0.000166
2850 0 0 -0.000173
2855 0 0 -0.000182
2860 0 0 -0.000184
2865 0 0 -0.000173
2870 0 0 -0.000144
2875 0 0 -0.000114
2880 0 0 -0.000103
2885 0 0 -0.000123
2890 0 0 -0.000156
2895 0 0 -0.000173
2900 0 0 -0.000156
2905 0 0 -0.000124
2910 0 0 -0.000103
2915 0 0 -0.000113
2920 0 0 -0.000142
2925 0 0 -0.000173
2930 0 0 -0.000189
2935 0 0 -0.000189
2940 0 0 -0.000173
2945 0 0 -0.000143
2950 0 0 -0.000114
2955 0 0 -0.000103
2960 0 0 -0.000120
2965 0 0 -0.000151
2970 0 0 -0.000173
2975 0 0 -0.000171
2980 0 0 -0.000155
2985 0 0 -0.000138
2990 0 0 -0.000132
2995 0 0 -0.000134
3000 0 0 -0.000138
3005 0 0 -0.000139
3010 0 0 -0.000138
3015 0 0 -0.000138
3020 0 0 -0.000139
3025 0 0 -0.000140
3030 0 0 -0.000139
3035 0 0 -0.000135
3040 0 0 -0.000132
3045 0 0 -0.000138
3050 0 0 -0.000155
3055 0 0 -0.000172
3060 0 0 -0.000173
3065 0 0 -0.000148
3070 0 0 -0.000116
3075 0 0 -0.000103
3080 0 0 -0.000125
3085 0 0 -0.000159
3090 0 0 -0.000173
3095 0 0 -0.000146
3100 0 0 -0.000100
3105 0 0 -0.000068
3110 0 0 -0.000075
3115 0 0 -0.000106
3120 0 0 -0.000138
3125 0 0 -0.000153
3130 0 0 -0.000151
3135 0 0 -0.000138
3140 0 0 -0.000120
3145 0 0 -0.000105
3150 0 0 -0.000103
3155 0 0 -0.000119
3160 0 0 -0.000146
3165 0 0 -0.000173
3170 0 0 -0.000189
3175 0 0 -0.000190
3180 0 0 -0.000173
3185 0 0 -0.000137
3190 0 0 -0.000096
3195 0 0 -0.000068
3200 0 0 -0.000066
3205 0 0 -0.000082
3210 0 0 -0.000103
3215 0 0 -0.000120
3220 0 0 -0.000131
3225 0 0 -0.000138
3230 0 0 -0.000141
3235 0 0 -0.000141
3240 0 0 -0.000138
3245 0 0 -0.000134
3250 0 0 -0.000133
3255 0 0 -0.000138
3260 0 0 -0.000150
3265 0 0 -0.000155
3270 0 0 -0.000138
3275 0 0 -0.000094
3280 0 0 -0.000064
3285 0 0 -0.000103
3290 0 0 -0.000241
3295 0 0 -0.000409
3300 0 0 -0.000518
3305 0 0 -0.000504
3310 0 0 -0.000411
3315 0 0 -0.000311
3320 0 0 -0.000259
3325 0 0 -0.000245
3330 0 0 -0.000241
3335 0 0 -0.000227
3340 0 0 -0.000211
3345 0 0 -0.000206
3350 0 0 -0.000222
3355 0 0 -0.000242
3360 0 0 -0.000242
3365 0 0 -0.000212
3370 0 0 -0.000176
3375 0 0 -0.000173
3380 0 0 -0.000224
3385 0 0 -0.000297
3390 0 0 -0.000346
3395 0 0 -0.000337
3400 0 0 -0.000292
3405 0 0 -0.000241
3410 0 0 -0.000213
3415 0 0 -0.000213
3420 0 0 -0.000241
3425 0 0 -0.000292
3430 0 0 -0.000338
3435 0 0 -0.000346
3440 0 0 -0.000296
3445 0 0 -0.000222
3450 0 0 -0.000173
3455 0 0 -0.000180
3460 0 0 -0.000218
3465 0 0 -0.000242
3470 0 0 -0.000225
3475 0 0 -0.000180
3480 0 0 -0.000138
3485 0 0 -0.000119
3490 0 0 -0.000122
3495 0 0 -0.000138
3500 0 0 -0.000158
3505 0 0 -0.000173
3510 0 0 -0.000173
3515 0 0 -0.000152
3520 0 0 -0.000124
3525 0 0 -0.000103
3530 0 0 -0.000103
3535 0 0 -0.000117
3540 0 0 -0.000139
3545 0 0 -0.000161
3550 0 0 -0.000183
3555 0 0 -0.000208
3560 0 0 -0.000234
3565 0 0 -0.000251
3570 0 0 -0.000242
3575 0 0 -0.000203
3580 0 0 -0.000157
3585 0 0 -0.000138
3590 0 0 -0.000166
3595 0 0 -0.000215
3600 0 0 -0.000242
3605 0 0 -0.000222
3610 0 0 -0.000176
3615 0 0 -0.000138
3620 0 0 -0.000134
3625 0 0 -0.000152
3630 0 0 -0.000173
3635 0 0 -0.000181
3640 0 0 -0.000179
3645 0 0 -0.000173
3650 0 0 -0.000168
3655 0 0 -0.000168
3660 0 0 -0.000173
3665 0 0 -0.000183
3670 0 0 -0.000196
3675 0 0 -0.000208
3680 0 0 -0.000214
3685 0 0 -0.000214
3690 0 0 -0.000208
3695 0 0 -0.000195
3700 0 0 -0.000182
3705 0 0 -0.000173
3710 0 0 -0.000172
3715 0 0 -0.000174
3720 0 0 -0.000173
3725 0 0 -0.000163
3730 0 0 -0.000149
3735 0 0 -0.000138
3740 0 0 -0.000135
3745 0 0 -0.000137
3750 0 0 -0.000138
3755 0 0 -0.000136
3760 0 0 -0.000135
3765 0 0 -0.000139
3770 0 0 -0.000153
3775 0 0 -0.000167
3780 0 0 -0.000173
3785 0 0 -0.000163
3790 0 0 -0.000146
3795 0 0 -0.000138
3800 0 0 -0.000147
3805 0 0 -0.000163
3810 0 0 -0.000173
3815 0 0 -0.000167
3820 0 0 -0.000152
3825 0 0 -0.000138
3830 0 0 -0.000133
3835 0 0 -0.000135
3840 0 0 -0.000138
3845 0 0 -0.000140
3850 0 0 -0.000148
3855 0 0 -0.000173
3860 0 0 -0.000219
3865 0 0 -0.000263
3870 0 0 -0.000277
3875 0 0 -0.000246
3880 0 0 -0.000215
3885 0 0 -0.000242
3890 0 0 -0.000365
3895 0 0 -0.000529
3900 0 0 -0.000656
3905 0 0 -0.000691
3910 0 0 -0.000654
3915 0 0 -0.000587
3920 0 0 -0.000523
3925 0 0 -0.000476
3930 0 0 -0.000449
3935 0 0 -0.000445
3940 0 0 -0.000450
3945 0 0 -0.000449
3950 0 0 -0.000429
3955 0 0 -0.000401
3960 0 0 -0.000379
3965 0 0 -0.000376
3970 0 0 -0.000398
3975 0 0 -0.000449
3980 0 0 -0.000530
3985 0 0 -0.000629
3990 0 0 -0.000726
3995 0 0 -0.000805
4000 0 0 -0.000846
4005 0 0 -0.000830
4010 0 0 -0.000752
4015 0 0 -0.000652
4020 0 0 -0.000588
4025 0 0 -0.000594
4030 0 0 -0.000626
4035 0 0 -0.000622
4040 0 0 -0.000537
4045 0 0 -0.000413
4050 0 0 -0.000311
4055 0 0 -0.000276
4060 0 0 -0.000297
4065 0 0 -0.000346
4070 0 0 -0.000397
4075 0 0 -0.000436
4080 0 0 -0.000450
4085 0 0 -0.000430
4090 0 0 -0.000389
4095 0 0 -0.000346
4100 0 0 -0.000314
4105 0 0 -0.000302
4110 0 0 -0.000311
4115 0 0 -0.000341
4120 0 0 -0.000372
4125 0 0 -0.000380
4130 0 0 -0.000352
4135 0 0 -0.000307
4140 0 0 -0.000277
4145 0 0 -0.000284
4150 0 0 -0.000314
4155 0 0 -0.000346
4160 0 0 -0.000365
4165 0 0 -0.000382
4170 0 0 -0.000415
4175 0 0 -0.000474
4180 0 0 -0.000531
4185 0 0 -0.000552
4190 0 0 -0.000512
4195 0 0 -0.000433
4200 0 0 -0.000346
4205 0 0 -0.000277
4210 0 0 -0.000232
4215 0 0 -0.000208
4220 0 0 -0.000201
4225 0 0 -0.000204
4230 0 0 -0.000208
4235 0 0 -0.000204
4240 0 0 -0.000201
4245 0 0 -0.000208
4250 0 0 -0.000229
4255 0 0 -0.000247
4260 0 0 -0.000241
4265 0 0 -0.000198
4270 0 0 -0.000141
4275 0 0 -0.000103
4280 0 0 -0.000109
4285 0 0 -0.000140
4290 0 0 -0.000173
4295 0 0 -0.000185
4300 0 0 -0.000182
4305 0 0 -0.000173
4310 0 0 -0.000166
4315 0 0 -0.000165
4320 0 0 -0.000173
4325 0 0 -0.000189
4330 0 0 -0.000204
4335 0 0 -0.000208
4340 0 0 -0.000191
4345 0 0 -0.000164
4350 0 0 -0.000138
4355 0 0 -0.000124
4360 0 0 -0.000124
4365 0 0 -0.000139
4370 0 0 -0.000168
4375 0 0 -0.000196
4380 0 0 -0.000208
4385 0 0 -0.000193
4390 0 0 -0.000163
4395 0 0 -0.000138
4400 0 0 -0.000130
4405 0 0 -0.000133
4410 0 0 -0.000138
4415 0 0 -0.000137
4420 0 0 -0.000135
4425 0 0 -0.000138
4430 0 0 -0.000151
4435 0 0 -0.000166
4440 0 0 -0.000173
4445 0 0 -0.000165
4450 0 0 -0.000151
4455 0 0 -0.000139
4460 0 0 -0.000138
4465 0 0 -0.000141
4470 0 0 -0.000138
4475 0 0 -0.000124
4480 0 0 -0.000108
4485 0 0 -0.000104
4490 0 0 -0.000121
4495 0 0 -0.000149
4500 0 0 -0.000173
4505 0 0 -0.000183
4510 0 0 -0.000181
4515 0 0 -0.000173
4520 0 0 -0.000163
4525 0 0 -0.000153
4530 0 0 -0.000139
4535 0 0 -0.000123
4540 0 0 -0.000109
4545 0 0 -0.000104
4550 0 0 -0.000112
4555 0 0 -0.000127
4560 0 0 -0.000138
4565 0 0 -0.000140
4570 0 0 -0.000137
4575 0 0 -0.000138
4580 0 0 -0.000148
4585 0 0 -0.000162
4590 0 0 -0.000174
4595 0 0 -0.000178
4600 0 0 -0.000176
4605 0 0 -0.000173
4610 0 0 -0.000169
4615 0 0 -0.000160
4620 0 0 -0.000138
4625 0 0 -0.000101
4630 0 0 -0.000069
4635 0 0 -0.000068
4640 0 0 -0.000114
4645 0 0 -0.000174
4650 0 0 -0.000206
4655 0 0 -0.000182
4660 0 0 -0.000132
4665 0 0 -0.000103
4670 0 0 -0.000127
4675 0 0 -0.000176
4680 0 0 -0.000208
4685 0 0 -0.000192
4690 0 0 -0.000148
4695 0 0 -0.000104
4700 0 0 -0.000086
4705 0 0 -0.000089
4710 0 0 -0.000103
4715 0 0 -0.000122
4720 0 0 -0.000144
4725 0 0 -0.000173
4730 0 0 -0.000208
4735 0 0 -0.000245
4740 0 0 -0.000277
4745 0 0 -0.000300
4750 0 0 -0.000311
4755 0 0 -0.000311
4760 0 0 -0.000300
4765 0 0 -0.000286
4770 0 0 -0.000277
4775 0 0 -0.000278
4780 0 0 -0.000281
4785 0 0 -0.000276
4790 0 0 -0.000257
4795 0 0 -0.000239
4800 0 0 -0.000241
4805 0 0 -0.000275
4810 0 0 -0.000311
4815 0 0 -0.000312
4820 0 0 -0.000254
4825 0 0 -0.000169
4830 0 0 -0.000103
4835 0 0 -0.000089
4840 0 0 -0.000111
4845 0 0 -0.000138
4850 0 0 -0.000148
4855 0 0 -0.000145
4860 0 0 -0.000138
4865 0 0 -0.000135
4870 0 0 -0.000136
4875 0 0 -0.000138
4880 0 0 -0.000139
4885 0 0 -0.000138
4890 0 0 -0.000138
4895 0 0 -0.000138
4900 0 0 -0.000138
4905 0 0 -0.000138
4910 0 0 -0.000137
4915 0 0 -0.000137
4920 0 0 -0.000138
4925 0 0 -0.000141
4930 0 0 -0.000143
4935 0 0 -0.000137
4940 0 0 -0.000121
4945 0 0 -0.000106
4950 0 0 -0.000103
4955 0 0 -0.000122
4960 0 0 -0.000150
4965 0 0 -0.000173
4970 0 0 -0.000179
4975 0 0 -0.000175
4980 0 0 -0.000173
4985 0 0 -0.000181
4990 0 0 -0.000195
4995 0 0 -0.000206
5000 0 0 -0.000209
5005 0 0 -0.000199
5010 0 0 -0.000173
5015 0 0 -0.000132
5020 0 0 -0.000100
5025 0 0 -0.000104
5030 0 0 -0.000162
5035 0 0 -0.000235
5040 0 0 -0.000276
5045 0 0 -0.000251
5050 0 0 -0.000190
5055 0 0 -0.000138
5060 0 0 -0.000130
5065 0 0 -0.000150
5070 0 0 -0.000173
5075 0 0 -0.000176
5080 0 0 -0.000162
5085 0 0 -0.000139
5090 0 0 -0.000116
5095 0 0 -0.000101
5100 0 0 -0.000103
5105 0 0 -0.000127
5110 0 0 -0.000157
5115 0 0 -0.000173
5120 0 0 -0.000162
5125 0 0 -0.000133
5130 0 0 -0.000103
5135 0 0 -0.000086
5140 0 0 -0.000085
5145 0 0 -0.000104
5150 0 0 -0.000142
5155 0 0 -0.000183
5160 0 0 -0.000208
5165 0 0 -0.000202
5170 0 0 -0.000174
5175 0 0 -0.000138
5180 0 0 -0.000107
5185 0 0 -0.000092
5190 0 0 -0.000103
5195 0 0 -0.000145
5200 0 0 -0.000199
5205 0 0 -0.000241
5210 0 0 -0.000253
5215 0 0 -0.000239
5220 0 0 -0.000208
5225 0 0 -0.000170
5230 0 0 -0.000141
5235 0 0 -0.000138
5240 0 0 -0.000169
5245 0 0 -0.000213
5250 0 0 -0.000241
5255 0 0 -0.000233
5260 0 0 -0.000203
5265 0 0 -0.000173
5270 0 0 -0.000160
5275 0 0 -0.000162
5280 0 0 -0.000173
5285 0 0 -0.000185
5290 0 0 -0.000188
5295 0 0 -0.000173
5300 0 0 -0.000137
5305 0 0 -0.000112
5310 0 0 -0.000138
5315 0 0 -0.000238
5320 0 0 -0.000364
5325 0 0 -0.000450
5330 0 0 -0.000449
5335 0 0 -0.000387
5340 0 0 -0.000311
5345 0 0 -0.000256
5350 0 0 -0.000225
5355 0 0 -0.000208
5360 0 0 -0.000200
5365 0 0 -0.000209
5370 0 0 -0.000241
5375 0 0 -0.000301
5380 0 0 -0.000367
5385 0 0 -0.000414
5390 0 0 -0.000423
5395 0 0 -0.000405
5400 0 0 -0.000380
5405 0 0 -0.000363
5410 0 0 -0.000353
5415 0 0 -0.000346
5420 0 0 -0.000337
5425 0 0 -0.000326
5430 0 0 -0.000312
5435 0 0 -0.000295
5440 0 0 -0.000281
5445 0 0 -0.000276
5450 0 0 -0.000286
5455 0 0 -0.000310
5460 0 0 -0.000347
5465 0 0 -0.000396
5470 0 0 -0.000454
5475 0 0 -0.000518
5480 0 0 -0.000587
5485 0 0 -0.000657
5490 0 0 -0.000726
5495 0 0 -0.000791
5500 0 0 -0.000841
5505 0 0 -0.000864
5510 0 0 -0.000850
5515 0 0 -0.000793
5520 0 0 -0.000691
5525 0 0 -0.000562
5530 0 0 -0.000509
5535 0 0 -0.000656
5540 0 0 -0.001066
5545 0 0 -0.001544
5550 0 0 -0.001831
5555 0 0 -0.001751
5560 0 0 -0.001446
5565 0 0 -0.001140
5570 0 0 -0.001002
5575 0 0 -0.000989
5580 0 0 -0.001002
5585 0 0 -0.000966
5590 0 0 -0.000896
5595 0 0 -0.000829
5600 0 0 -0.000793
5605 0 0 -0.000768
5610 0 0 -0.000726
5615 0 0 -0.000648
5620 0 0 -0.000556
5625 0 0 -0.000484
5630 0 0 -0.000455
5635 0 0 -0.000461
5640 0 0 -0.000484
5645 0 0 -0.000507
5650 0 0 -0.000522
5655 0 0 -0.000520
5660 0 0 -0.000495
5665 0 0 -0.000456
5670 0 0 -0.000415
5675 0 0 -0.000382
5680 0 0 -0.000359
5685 0 0 -0.000346
5690 0 0 -0.000340
5695 0 0 -0.000341
5700 0 0 -0.000346
5705 0 0 -0.000349
5710 0 0 -0.000341
5715 0 0 -0.000311
5720 0 0 -0.000253
5725 0 0 -0.000188
5730 0 0 -0.000138
5735 0 0 -0.000122
5740 0 0 -0.000129
5745 0 0 -0.000138
5750 0 0 -0.000136
5755 0 0 -0.000132
5760 0 0 -0.000138
5765 0 0 -0.000163
5770 0 0 -0.000192
5775 0 0 -0.000208
5780 0 0 -0.000195
5785 0 0 -0.000166
5790 0 0 -0.000138
5795 0 0 -0.000124
5800 0 0 -0.000125
5805 0 0 -0.000138
5810 0 0 -0.000159
5815 0 0 -0.000175
5820 0 0 -0.000173
5825 0 0 -0.000145
5830 0 0 -0.000113
5835 0 0 -0.000103
5840 0 0 -0.000133
5845 0 0 -0.000179
5850 0 0 -0.000208
5855 0 0 -0.000195
5860 0 0 -0.000162
5865 0 0 -0.000138
5870 0 0 -0.000145
5875 0 0 -0.000165
5880 0 0 -0.000173
5885 0 0 -0.000150
5890 0 0 -0.000117
5895 0 0 -0.000104
5900 0 0 -0.000131
5905 0 0 -0.000176
5910 0 0 -0.000206
5915 0 0 -0.000200
5920 0 0 -0.000171
5925 0 0 -0.000139
5930 0 0 -0.000124
5935 0 0 -0.000124
5940 0 0 -0.000138
5945 0 0 -0.000159
5950 0 0 -0.000175
5955 0 0 -0.000173
5960 0 0 -0.000145
5965 0 0 -0.000113
5970 0 0 -0.000104
5975 0 0 -0.000137
5980 0 0 -0.000183
5985 0 0 -0.000208
5990 0 0 -0.000184
5995 0 0 -0.000138
6000 0 0 -0.000103
6005 0 0 -0.000107
6010 0 0 -0.000138
6015 0 0 -0.000173
6020 0 0 -0.000193
6025 0 0 -0.000194
6030 0 0 -0.000173
6035 0 0 -0.000133
6040 0 0 -0.000091
6045 0 0 -0.000068
6050 0 0 -0.000079
6055 0 0 -0.000110
6060 0 0 -0.000138
6065 0 0 -0.000148
6070 0 0 -0.000145
6075 0 0 -0.000138
6080 0 0 -0.000136
6085 0 0 -0.000137
6090 0 0 -0.000138
6095 0 0 -0.000137
6100 0 0 -0.000136
6105 0 0 -0.000138
6110 0 0 -0.000146
6115 0 0 -0.000158
6120 0 0 -0.000173
6125 0 0 -0.000187
6130 0 0 -0.000191
6135 0 0 -0.000173
6140 0 0 -0.000129
6145 0 0 -0.000083
6150 0 0 -0.000068
6155 0 0 -0.000105
6160 0 0 -0.000165
6165 0 0 -0.000208
6170 0 0 -0.000205
6175 0 0 -0.000173
6180 0 0 -0.000138
6185 0 0 -0.000124
6190 0 0 -0.000144
6195 0 0 -0.000208
6200 0 0 -0.000316
6205 0 0 -0.000434
6210 0 0 -0.000518
6215 0 0 -0.000536
6220 0 0 -0.000504
6225 0 0 -0.000450
6230 0 0 -0.000400
6235 0 0 -0.000371
6240 0 0 -0.000380
6245 0 0 -0.000433
6250 0 0 -0.000494
6255 0 0 -0.000518
6260 0 0 -0.000476
6265 0 0 -0.000393
6270 0 0 -0.000311
6275 0 0 -0.000261
6280 0 0 -0.000233
6285 0 0 -0.000206
6290 0 0 -0.000167
6295 0 0 -0.000126
6300 0 0 -0.000103
6305 0 0 -0.000111
6310 0 0 -0.000139
6315 0 0 -0.000173
6320 0 0 -0.000198
6325 0 0 -0.000210
6330 0 0 -0.000208
6335 0 0 -0.000191
6340 0 0 -0.000165
6345 0 0 -0.000138
6350 0 0 -0.000116
6355 0 0 -0.000103
6360 0 0 -0.000103
6365 0 0 -0.000116
6370 0 0 -0.000132
6375 0 0 -0.000138
6380 0 0 -0.000125
6385 0 0 -0.000107
6390 0 0 -0.000103
6395 0 0 -0.000128
6400 0 0 -0.000176
6405 0 0 -0.000241
6410 0 0 -0.000312
6415 0 0 -0.000376
6420 0 0 -0.000415
6425 0 0 -0.000421
6430 0 0 -0.000404
6435 0 0 -0.000380
6440 0 0 -0.000361
6445 0 0 -0.000342
6450 0 0 -0.000311
6455 0 0 -0.000263
6460 0 0 -0.000212
6465 0 0 -0.000173
6470 0 0 -0.000159
6475 0 0 -0.000163
6480 0 0 -0.000173
6485 0 0 -0.000177
6490 0 0 -0.000177
6495 0 0 -0.000174
6500 0 0 -0.000171
6505 0 0 -0.000169
6510 0 0 -0.000173
6515 0 0 -0.000183
6520 0 0 -0.000196
6525 0 0 -0.000208
6530 0 0 -0.000215
6535 0 0 -0.000215
6540 0 0 -0.000208
6545 0 0 -0.000193
6550 0 0 -0.000178
6555 0 0 -0.000173
6560 0 0 -0.000182
6565 0 0 -0.000198
6570 0 0 -0.000208
6575 0 0 -0.000202
6580 0 0 -0.000188
6585 0 0 -0.000173
6590 0 0 -0.000164
6595 0 0 -0.000164
6600 0 0 -0.000173
6605 0 0 -0.000188
6610 0 0 -0.000202
6615 0 0 -0.000206
6620 0 0 -0.000195
6625 0 0 -0.000179
6630 0 0 -0.000173
6635 0 0 -0.000185
6640 0 0 -0.000202
6645 0 0 -0.000208
6650 0 0 -0.000189
6655 0 0 -0.000159
6660 0 0 -0.000138
6665 0 0 -0.000140
6670 0 0 -0.000156
6675 0 0 -0.000173
6680 0 0 -0.000180
6685 0 0 -0.000178
6690 0 0 -0.000173
6695 0 0 -0.000168
6700 0 0 -0.000167
6705 0 0 -0.000173
6710 0 0 -0.000186
6715 0 0 -0.000200
6720 0 0 -0.000208
6725 0 0 -0.000202
6730 0 0 -0.000189
6735 0 0 -0.000173
6740 0 0 -0.000164
6745 0 0 -0.000180
6750 0 0 -0.000241
6755 0 0 -0.000355
6760 0 0 -0.000469
6765 0 0 -0.000518
6770 0 0 -0.000459
6775 0 0 -0.000342
6780 0 0 -0.000241
6785 0 0 -0.000212
6790 0 0 -0.000245
6795 0 0 -0.000311
6800 0 0 -0.000383
6805 0 0 -0.000436
6810 0 0 -0.000449
6815 0 0 -0.000408
6820 0 0 -0.000347
6825 0 0 -0.000311
6830 0 0 -0.000331
6835 0 0 -0.000389
6840 0 0 -0.000450
6845 0 0 -0.000488
6850 0 0 -0.000499
6855 0 0 -0.000484
6860 0 0 -0.000447
6865 0 0 -0.000405
6870 0 0 -0.000379
6875 0 0 -0.000383
6880 0 0 -0.000410
6885 0 0 -0.000449
6890 0 0 -0.000487
6895 0 0 -0.000514
6900 0 0 -0.000518
6905 0 0 -0.000495
6910 0 0 -0.000463
6915 0 0 -0.000450
6920 0 0 -0.000471
6925 0 0 -0.000495
6930 0 0 -0.000484
6935 0 0 -0.000410
6940 0 0 -0.000312
6945 0 0 -0.000241
6950 0 0 -0.000235
6955 0 0 -0.000271
6960 0 0 -0.000311
6965 0 0 -0.000326
6970 0 0 -0.000321
6975 0 0 -0.000312
6980 0 0 -0.000309
6985 0 0 -0.000310
6990 0 0 -0.000311
6995 0 0 -0.000309
7000 0 0 -0.000307
7005 0 0 -0.000311
7010 0 0 -0.000324
7015 0 0 -0.000338
7020 0 0 -0.000346
7025 0 0 -0.000340
7030 0 0 -0.000325
7035 0 0 -0.000311
7040 0 0 -0.000303
7045 0 0 -0.000303
7050 0 0 -0.000311
7055 0 0 -0.000326
7060 0 0 -0.000349
7065 0 0 -0.000379
7070 0 0 -0.000414
7075 0 0 -0.000442
7080 0 0 -0.000449
7085 0 0 -0.000429
7090 0 0 -0.000407
7095 0 0 -0.000414
7100 0 0 -0.000468
7105 0 0 -0.000532
7110 0 0 -0.000553
7115 0 0 -0.000497
7120 0 0 -0.000399
7125 0 0 -0.000311
7130 0 0 -0.000272
7135 0 0 -0.000269
7140 0 0 -0.000276
7145 0 0 -0.000273
7150 0 0 -0.000261
7155 0 0 -0.000242
7160 0 0 -0.000223
7165 0 0 -0.000200
7170 0 0 -0.000173
7175 0 0 -0.000140
7180 0 0 -0.000113
7185 0 0 -0.000104
7190 0 0 -0.000122
7195 0 0 -0.000152
7200 0 0 -0.000173
7205 0 0 -0.000171
7210 0 0 -0.000154
7215 0 0 -0.000138
7220 0 0 -0.000132
7225 0 0 -0.000135
7230 0 0 -0.000139
7235 0 0 -0.000141
7240 0 0 -0.000140
7245 0 0 -0.000138
7250 0 0 -0.000136
7255 0 0 -0.000136
7260 0 0 -0.000138
7265 0 0 -0.000142
7270 0 0 -0.000144
7275 0 0 -0.000138
7280 0 0 -0.000122
7285 0 0 -0.000106
7290 0 0 -0.000104
7295 0 0 -0.000125
7300 0 0 -0.000155
7305 0 0 -0.000173
7310 0 0 -0.000166
7315 0 0 -0.000148
7320 0 0 -0.000138
7325 0 0 -0.000148
7330 0 0 -0.000166
7335 0 0 -0.000173
7340 0 0 -0.000155
7345 0 0 -0.000126
7350 0 0 -0.000104
7355 0 0 -0.000105
7360 0 0 -0.000121
7365 0 0 -0.000138
7370 0 0 -0.000146
7375 0 0 -0.000146
7380 0 0 -0.000139
7385 0 0 -0.000130
7390 0 0 -0.000127
7395 0 0 -0.000138
7400 0 0 -0.000168
7405 0 0 -0.000199
7410 0 0 -0.000206
7415 0 0 -0.000177
7420 0 0 -0.000132
7425 0 0 -0.000103
7430 0 0 -0.000113
7435 0 0 -0.000145
7440 0 0 -0.000173
7445 0 0 -0.000176
7450 0 0 -0.000160
7455 0 0 -0.000138
7460 0 0 -0.000119
7465 0 0 -0.000107
7470 0 0 -0.000103
7475 0 0 -0.000109
7480 0 0 -0.000122
7485 0 0 -0.000138
7490 0 0 -0.000154
7495 0 0 -0.000167
7500 0 0 -0.000173
7505 0 0 -0.000169
7510 0 0 -0.000157
7515 0 0 -0.000139
7520 0 0 -0.000118
7525 0 0 -0.000103
7530 0 0 -0.000103
7535 0 0 -0.000123
7540 0 0 -0.000152
7545 0 0 -0.000173
7550 0 0 -0.000173
7555 0 0 -0.000159
7560 0 0 -0.000138
7565 0 0 -0.000119
7570 0 0 -0.000106
7575 0 0 -0.000103
7580 0 0 -0.000111
7585 0 0 -0.000126
7590 0 0 -0.000138
7595 0 0 -0.000143
7600 0 0 -0.000142
7605 0 0 -0.000138
7610 0 0 -0.000134
7615 0 0 -0.000132
7620 0 0 -0.000138
7625 0 0 -0.000152
7630 0 0 -0.000166
7635 0 0 -0.000173
7640 0 0 -0.000165
7645 0 0 -0.000150
7650 0 0 -0.000138
7655 0 0 -0.000135
7660 0 0 -0.000138
7665 0 0 -0.000138
7670 0 0 -0.000131
7675 0 0 -0.000118
7680 0 0 -0.000104
7685 0 0 -0.000094
7690 0 0 -0.000092
7695 0 0 -0.000103
7700 0 0 -0.000133
7705 0 0 -0.000188
7710 0 0 -0.000276
7715 0 0 -0.000393
7720 0 0 -0.000493
7725 0 0 -0.000518
7730 0 0 -0.000436
7735 0 0 -0.000305
7740 0 0 -0.000208
7745 0 0 -0.000202
7750 0 0 -0.000247
7755 0 0 -0.000276
7760 0 0 -0.000243
7765 0 0 -0.000171
7770 0 0 -0.000103
7775 0 0 -0.000073
7780 0 0 -0.000078
7785 0 0 -0.000103
7790 0 0 -0.000137
7795 0 0 -0.000165
7800 0 0 -0.000173
7805 0 0 -0.000152
7810 0 0 -0.000112
7815 0 0 -0.000068
7820 0 0 -0.000034
7825 0 0 -0.000020
7830 0 0 -0.000035
7835 0 0 -0.000081
7840 0 0 -0.000136
7845 0 0 -0.000173
7850 0 0 -0.000170
7855 0 0 -0.000141
7860 0 0 -0.000104
7865 0 0 -0.000082
7870 0 0 -0.000106
7875 0 0 -0.000208
7880 0 0 -0.000397
7885 0 0 -0.000593
7890 0 0 -0.000691
7895 0 0 -0.000621
7900 0 0 -0.000448
7905 0 0 -0.000276
7910 0 0 -0.000182
7915 0 0 -0.000158
7920 0 0 -0.000173
7925 0 0 -0.000197
7930 0 0 -0.000214
7935 0 0 -0.000208
7940 0 0 -0.000170
7945 0 0 -0.000125
7950 0 0 -0.000104
7955 0 0 -0.000128
7960 0 0 -0.000173
7965 0 0 -0.000208
7970 0 0 -0.000209
7975 0 0 -0.000199
7980 0 0 -0.000208
7985 0 0 -0.000257
7990 0 0 -0.000325
7995 0 0 -0.000380
8000 0 0 -0.000398
8005 0 0 -0.000374
8010 0 0 -0.000311
8015 0 0 -0.000219
8020 0 0 -0.000144
8025 0 0 -0.000138
8030 0 0 -0.000235
8035 0 0 -0.000385
8040 0 0 -0.000517
8045 0 0 -0.000578
8050 0 0 -0.000580
8055 0 0 -0.000552
8060 0 0 -0.000517
8065 0 0 -0.000474
8070 0 0 -0.000414
8075 0 0 -0.000334
8080 0 0 -0.000248
8085 0 0 -0.000173
8090 0 0 -0.000127
8095 0 0 -0.000131
8100 0 0 -0.000206
8105 0 0 -0.000355
8110 0 0 -0.000502
8115 0 0 -0.000552
8120 0 0 -0.000446
8125 0 0 -0.000269
8130 0 0 -0.000138
8135 0 0 -0.000139
8140 0 0 -0.000215
8145 0 0 -0.000276
8150 0 0 -0.000256
8155 0 0 -0.000181
8160 0 0 -0.000104
8165 0 0 -0.000069
8170 0 0 -0.000089
8175 0 0 -0.000173
8180 0 0 -0.000315
8185 0 0 -0.000472
8190 0 0 -0.000588
8195 0 0 -0.000622
8200 0 0 -0.000598
8205 0 0 -0.000553
8210 0 0 -0.000518
8215 0 0 -0.000488
8220 0 0 -0.000450
8225 0 0 -0.000395
8230 0 0 -0.000324
8235 0 0 -0.000241
8240 0 0 -0.000162
8245 0 0 -0.000149
8250 0 0 -0.000276
8255 0 0 -0.000574
8260 0 0 -0.000902
8265 0 0 -0.001072
8270 0 0 -0.000966
8275 0 0 -0.000732
8280 0 0 -0.000588
8285 0 0 -0.000679
8290 0 0 -0.000872
8295 0 0 -0.000967
8300 0 0 -0.000827
8305 0 0 -0.000579
8310 0 0 -0.000415
8315 0 0 -0.000469
8320 0 0 -0.000637
8325 0 0 -0.000760
8330 0 0 -0.000721
8335 0 0 -0.000590
8340 0 0 -0.000484
8345 0 0 -0.000485
8350 0 0 -0.000555
8355 0 0 -0.000623
8360 0 0 -0.000636
8365 0 0 -0.000612
8370 0 0 -0.000588
8375 0 0 -0.000590
8380 0 0 -0.000608
8385 0 0 -0.000623
8390 0 0 -0.000620
8395 0 0 -0.000605
8400 0 0 -0.000588
8405 0 0 -0.000578
8410 0 0 -0.000578
8415 0 0 -0.000588
8420 0 0 -0.000608
8425 0 0 -0.000633
8430 0 0 -0.000656
8435 0 0 -0.000675
8440 0 0 -0.000686
8445 0 0 -0.000691
8450 0 0 -0.000690
8455 0 0 -0.000679
8460 0 0 -0.000656
8465 0 0 -0.000620
8470 0 0 -0.000573
8475 0 0 -0.000518
8480 0 0 -0.000462
8485 0 0 -0.000412
8490 0 0 -0.000379
8495 0 0 -0.000369
8500 0 0 -0.000365
8505 0 0 -0.000346
8510 0 0 -0.000297
8515 0 0 -0.000242
8520 0 0 -0.000208
8525 0 0 -0.000215
8530 0 0 -0.000247
8535 0 0 -0.000276
8540 0 0 -0.000281
8545 0 0 -0.000267
8550 0 0 -0.000242
8555 0 0 -0.000218
8560 0 0 -0.000204
8565 0 0 -0.000208
8570 0 0 -0.000233
8575 0 0 -0.000264
8580 0 0 -0.000277
8585 0 0 -0.000257
8590 0 0 -0.000216
8595 0 0 -0.000173
8600 0 0 -0.000142
8605 0 0 -0.000130
8610 0 0 -0.000138
8615 0 0 -0.000165
8620 0 0 -0.000195
8625 0 0 -0.000208
8630 0 0 -0.000191
8635 0 0 -0.000159
8640 0 0 -0.000137
8645 0 0 -0.000139
8650 0 0 -0.000157
8655 0 0 -0.000173
8660 0 0 -0.000176
8665 0 0 -0.000173
8670 0 0 -0.000173
8675 0 0 -0.000183
8680 0 0 -0.000189
8685 0 0 -0.000173
8690 0 0 -0.000126
8695 0 0 -0.000078
8700 0 0 -0.000068
8705 0 0 -0.000122
8710 0 0 -0.000198
8715 0 0 -0.000241
8720 0 0 -0.000215
8725 0 0 -0.000152
8730 0 0 -0.000104
8735 0 0 -0.000109
8740 0 0 -0.000143
8745 0 0 -0.000173
8750 0 0 -0.000171
8755 0 0 -0.000152
8760 0 0 -0.000139
8765 0 0 -0.000149
8770 0 0 -0.000168
8775 0 0 -0.000173
8780 0 0 -0.000151
8785 0 0 -0.000119
8790 0 0 -0.000103
8795 0 0 -0.000120
8800 0 0 -0.000152
8805 0 0 -0.000173
8810 0 0 -0.000165
8815 0 0 -0.000146
8820 0 0 -0.000138
8825 0 0 -0.000159
8830 0 0 -0.000191
8835 0 0 -0.000208
8840 0 0 -0.000192
8845 0 0 -0.000160
8850 0 0 -0.000138
8855 0 0 -0.000142
8860 0 0 -0.000161
8865 0 0 -0.000173
8870 0 0 -0.000165
8875 0 0 -0.000148
8880 0 0 -0.000138
8885 0 0 -0.000147
8890 0 0 -0.000164
8895 0 0 -0.000173
8900 0 0 -0.000163
8905 0 0 -0.000147
8910 0 0 -0.000138
8915 0 0 -0.000150
8920 0 0 -0.000176
8925 0 0 -0.000206
8930 0 0 -0.000232
8935 0 0 -0.000246
8940 0 0 -0.000242
8945 0 0 -0.000219
8950 0 0 -0.000189
8955 0 0 -0.000173
8960 0 0 -0.000181
8965 0 0 -0.000199
8970 0 0 -0.000206
8975 0 0 -0.000188
8980 0 0 -0.000158
8985 0 0 -0.000138
8990 0 0 -0.000143
8995 0 0 -0.000160
9000 0 0 -0.000173
9005 0 0 -0.000167
9010 0 0 -0.000151
9015 0 0 -0.000138
9020 0 0 -0.000137
9025 0 0 -0.000141
9030 0 0 -0.000138
9035 0 0 -0.000122
9040 0 0 -0.000105
9045 0 0 -0.000103
9050 0 0 -0.000125
9055 0 0 -0.000156
9060 0 0 -0.000173
9065 0 0 -0.000161
9070 0 0 -0.000131
9075 0 0 -0.000104
9080 0 0 -0.000095
9085 0 0 -0.000106
9090 0 0 -0.000138
9095 0 0 -0.000184
9100 0 0 -0.000218
9105 0 0 -0.000206
9110 0 0 -0.000137
9115 0 0 -0.000075
9120 0 0 -0.000104
9125 0 0 -0.000273
9130 0 0 -0.000489
9135 0 0 -0.000623
9140 0 0 -0.000584
9145 0 0 -0.000435
9150 0 0 -0.000276
9155 0 0 -0.000185
9160 0 0 -0.000151
9165 0 0 -0.000139
9170 0 0 -0.000124
9175 0 0 -0.000109
9180 0 0 -0.000103
9185 0 0 -0.000115
9190 0 0 -0.000140
9195 0 0 -0.000173
9200 0 0 -0.000207
9205 0 0 -0.000242
9210 0 0 -0.000276
9215 0 0 -0.000310
9220 0 0 -0.000344
9225 0 0 -0.000379
9230 0 0 -0.000414
9235 0 0 -0.000432
9240 0 0 -0.000414
9245 0 0 -0.000354
9250 0 0 -0.000308
9255 0 0 -0.000346
9260 0 0 -0.000507
9265 0 0 -0.000715
9270 0 0 -0.000864
9275 0 0 -0.000872
9280 0 0 -0.000764
9285 0 0 -0.000588
9290 0 0 -0.000396
9295 0 0 -0.000249
9300 0 0 -0.000208
9305 0 0 -0.000308
9310 0 0 -0.000479
9315 0 0 -0.000622
9320 0 0 -0.000662
9325 0 0 -0.000614
9330 0 0 -0.000518
9335 0 0 -0.000409
9340 0 0 -0.000310
9345 0 0 -0.000242
9350 0 0 -0.000219
9355 0 0 -0.000217
9360 0 0 -0.000206
9365 0 0 -0.000174
9370 0 0 -0.000174
9375 0 0 -0.000277
9380 0 0 -0.000518
9385 0 0 -0.000777
9390 0 0 -0.000899
9395 0 0 -0.000780
9400 0 0 -0.000539
9405 0 0 -0.000346
9410 0 0 -0.000324
9415 0 0 -0.000408
9420 0 0 -0.000484
9425 0 0 -0.000466
9430 0 0 -0.000388
9435 0 0 -0.000311
9440 0 0 -0.000282
9445 0 0 -0.000290
9450 0 0 -0.000311
9455 0 0 -0.000322
9460 0 0 -0.000322
9465 0 0 -0.000311
9470 0 0 -0.000293
9475 0 0 -0.000278
9480 0 0 -0.000277
9485 0 0 -0.000297
9490 0 0 -0.000325
9495 0 0 -0.000346
9500 0 0 -0.000347
9505 0 0 -0.000332
9510 0 0 -0.000312
9515 0 0 -0.000293
9520 0 0 -0.000280
9525 0 0 -0.000276
9530 0 0 -0.000282
9535 0 0 -0.000295
9540 0 0 -0.000311
9545 0 0 -0.000323
9550 0 0 -0.000326
9555 0 0 -0.000311
9560 0 0 -0.000276
9565 0 0 -0.000244
9570 0 0 -0.000242
9575 0 0 -0.000287
9580 0 0 -0.000347
9585 0 0 -0.000380
9590 0 0 -0.000357
9595 0 0 -0.000299
9600 0 0 -0.000241
9605 0 0 -0.000211
9610 0 0 -0.000204
9615 0 0 -0.000208
9620 0 0 -0.000212
9625 0 0 -0.000213
9630 0 0 -0.000208
9635 0 0 -0.000195
9640 0 0 -0.000181
9645 0 0 -0.000173
9650 0 0 -0.000179
9655 0 0 -0.000219
9660 0 0 -0.000311
9665 0 0 -0.000466
9670 0 0 -0.000653
9675 0 0 -0.000829
9680 0 0 -0.000956
9685 0 0 -0.001001
9690 0 0 -0.000934
9695 0 0 -0.000745
9700 0 0 -0.000515
9705 0 0 -0.000346
9710 0 0 -0.000309
9715 0 0 -0.000357
9720 0 0 -0.000414
9725 0 0 -0.000424
9730 0 0 -0.000418
9735 0 0 -0.000450
9740 0 0 -0.000556
9745 0 0 -0.000700
9750 0 0 -0.000829
9755 0 0 -0.000899
9760 0 0 -0.000907
9765 0 0 -0.000863
9770 0 0 -0.000777
9775 0 0 -0.000675
9780 0 0 -0.000587
9785 0 0 -0.000538
9790 0 0 -0.000537
9795 0 0 -0.000587
9800 0 0 -0.000682
9805 0 0 -0.000780
9810 0 0 -0.000829
9815 0 0 -0.000794
9820 0 0 -0.000708
9825 0 0 -0.000623
9830 0 0 -0.000579
9835 0 0 -0.000573
9840 0 0 -0.000587
9845 0 0 -0.000607
9850 0 0 -0.000622
9855 0 0 -0.000622
9860 0 0 -0.000602
9865 0 0 -0.000582
9870 0 0 -0.000588
9875 0 0 -0.000634
9880 0 0 -0.000693
9885 0 0 -0.000726
9890 0 0 -0.000706
9895 0 0 -0.000650
9900 0 0 -0.000588
9905 0 0 -0.000544
9910 0 0 -0.000521
9915 0 0 -0.000518
9920 0 0 -0.000533
9925 0 0 -0.000550
9930 0 0 -0.000553
9935 0 0 -0.000531
9940 0 0 -0.000492
9945 0 0 -0.000449
9950 0 0 -0.000412
9955 0 0 -0.000380
9960 0 0 -0.000346
9965 0 0 -0.000306
9970 0 0 -0.000259
9975 0 0 -0.000208
9980 0 0 -0.000154
9985 0 0 -0.000113
9990 0 0 -0.000103
9995 0 0 -0.000133
10000 0 0 -0.000179
10005 0 0 -0.000208
10010 0 0 -0.000198
10015 0 0 -0.000165
10020 0 0 -0.000138
10025 0 0 -0.000135
10030 0 0 -0.000151
10035 0 0 -0.000173
10040 0 0 -0.000189
10045 0 0 -0.000200
10050 0 0 -0.000208
10055 0 0 -0.000212
10060 0 0 -0.000213
10065 0 0 -0.000208
10070 0 0 -0.000195
10075 0 0 -0.000172
