0 0 0 -0.000940
5 0 0 -0.000995
10 0 0 -0.001019
15 0 0 -0.001020
20 0 0 -0.001005
25 0 0 -0.000983
30 0 0 -0.000960
35 0 0 -0.000943
40 0 0 -0.000931
45 0 0 -0.000920
50 0 0 -0.000908
55 0 0 -0.000895
60 0 0 -0.000880
65 0 0 -0.000862
70 0 0 -0.000833
75 0 0 -0.000780
80 0 0 -0.000699
85 0 0 -0.000611
90 0 0 -0.000540
95 0 0 -0.000506
100 0 0 -0.000499
105 0 0 -0.000500
110 0 0 -0.000495
115 0 0 -0.000487
120 0 0 -0.000480
125 0 0 -0.000478
130 0 0 -0.000469
135 0 0 -0.000440
140 0 0 -0.000384
145 0 0 -0.000326
150 0 0 -0.000300
155 0 0 -0.000327
160 0 0 -0.000385
165 0 0 -0.000440
170 0 0 -0.000464
175 0 0 -0.000455
180 0 0 -0.000420
185 0 0 -0.000367
190 0 0 -0.000324
195 0 0 -0.000320
200 0 0 -0.000373
205 0 0 -0.000444
210 0 0 -0.000480
215 0 0 -0.000446
220 0 0 -0.000376
225 0 0 -0.000320
230 0 0 -0.000317
235 0 0 -0.000353
240 0 0 -0.000400
245 0 0 -0.000433
250 0 0 -0.000442
255 0 0 -0.000420
260 0 0 -0.000367
265 0 0 -0.000314
270 0 0 -0.000300
275 0 0 -0.000351
280 0 0 -0.000433
285 0 0 -0.000500
290 0 0 -0.000518
295 0 0 -0.000512
300 0 0 -0.000520
305 0 0 -0.000567
310 0 0 -0.000627
315 0 0 -0.000660
320 0 0 -0.000640
325 0 0 -0.000589
330 0 0 -0.000540
335 0 0 -0.000521
340 0 0 -0.000536
345 0 0 -0.000580
350 0 0 -0.000645
355 0 0 -0.000697
360 0 0 -0.000700
365 0 0 -0.000632
370 0 0 -0.000543
375 0 0 -0.000500
380 0 0 -0.000546
385 0 0 -0.000636
390 0 0 -0.000700
395 0 0 -0.000690
400 0 0 -0.000634
405 0 0 -0.000580
410 0 0 -0.000564
415 0 0 -0.000578
420 0 0 -0.000600
425 0 0 -0.000613
430 0 0 -0.000613
435 0 0 -0.000600
440 0 0 -0.000578
445 0 0 -0.000569
450 0 0 -0.000600
455 0 0 -0.000683
460 0 0 -0.000766
465 0 0 -0.000780
470 0 0 -0.000683
475 0 0 -0.000534
480 0 0 -0.000420
485 0 0 -0.000401
490 0 0 -0.000442
495 0 0 -0.000480
500 0 0 -0.000470
505 0 0 -0.000427
510 0 0 -0.000380
515 0 0 -0.000356
520 0 0 -0.000361
525 0 0 -0.000400
530 0 0 -0.000468
535 0 0 -0.000535
540 0 0 -0.000560
545 0 0 -0.000519
550 0 0 -0.000444
555 0 0 -0.000380
560 0 0 -0.000365
565 0 0 -0.000416
570 0 0 -0.000540
575 0 0 -0.000737
580 0 0 -0.000961
585 0 0 -0.001160
590 0 0 -0.001286
595 0 0 -0.001327
600 0 0 -0.001280
605 0 0 -0.001155
610 0 0 -0.001021
615 0 0 -0.000960
620 0 0 -0.001027
625 0 0 -0.001157
630 0 0 -0.001260
635 0 0 -0.001269
640 0 0 -0.001226
645 0 0 -0.001200
650 0 0 -0.001232
655 0 0 -0.001261
660 0 0 -0.001200
665 0 0 -0.001019
670 0 0 -0.000925
675 0 0 -0.001180
680 0 0 -0.001940
685 0 0 -0.002918
690 0 0 -0.003720
695 0 0 -0.004054
700 0 0 -0.004039
705 0 0 -0.003900
710 0 0 -0.003814
715 0 0 -0.003777
720 0 0 -0.003740
725 0 0 -0.003665
730 0 0 -0.003564
735 0 0 -0.003460
740 0 0 -0.003374
745 0 0 -0.003312
750 0 0 -0.003280
755 0 0 -0.003288
760 0 0 -0.003379
765 0 0 -0.003600
770 0 0 -0.003959
775 0 0 -0.004293
780 0 0 -0.004400
785 0 0 -0.004154
790 0 0 -0.003750
795 0 0 -0.003460
800 0 0 -0.003481
805 0 0 -0.003699
810 0 0 -0.003920
815 0 0 -0.003997
820 0 0 -0.003959
825 0 0 -0.003880
830 0 0 -0.003817
835 0 0 -0.003770
840 0 0 -0.003720
845 0 0 -0.003649
850 0 0 -0.003532
855 0 0 -0.003340
860 0 0 -0.003054
865 0 0 -0.002688
870 0 0 -0.002260
875 0 0 -0.001801
880 0 0 -0.001376
885 0 0 -0.001060
890 0 0 -0.000902
895 0 0 -0.000854
900 0 0 -0.000840
905 0 0 -0.000827
910 0 0 -0.000944
915 0 0 -0.001360
920 0 0 -0.002159
925 0 0 -0.003076
930 0 0 -0.003760
935 0 0 -0.003985
940 0 0 -0.004025
945 0 0 -0.004280
950 0 0 -0.005006
955 0 0 -0.005891
960 0 0 -0.006480
965 0 0 -0.006431
970 0 0 -0.005846
975 0 0 -0.004940
980 0 0 -0.003938
985 0 0 -0.003107
990 0 0 -0.002720
995 0 0 -0.002936
1000 0 0 -0.003441
1005 0 0 -0.003800
1010 0 0 -0.003715
1015 0 0 -0.003419
1020 0 0 -0.003280
1025 0 0 -0.003550
1030 0 0 -0.004019
1035 0 0 -0.004360
1040 0 0 -0.004334
1045 0 0 -0.004039
1050 0 0 -0.003660
1055 0 0 -0.003352
1060 0 0 -0.003150
1065 0 0 -0.003060
1070 0 0 -0.003075
1075 0 0 -0.003144
1080 0 0 -0.003200
1085 0 0 -0.003199
1090 0 0 -0.003169
1095 0 0 -0.003160
1100 0 0 -0.003198
1105 0 0 -0.003224
1110 0 0 -0.003160
1115 0 0 -0.002952
1120 0 0 -0.002657
1125 0 0 -0.002360
1130 0 0 -0.002122
1135 0 0 -0.001918
1140 0 0 -0.001700
1145 0 0 -0.001443
1150 0 0 -0.001218
1155 0 0 -0.001120
1160 0 0 -0.001206
1165 0 0 -0.001388
1170 0 0 -0.001540
1175 0 0 -0.001570
1180 0 0 -0.001509
1185 0 0 -0.001420
1190 0 0 -0.001353
1195 0 0 -0.001300
1200 0 0 -0.001240
1205 0 0 -0.001159
1210 0 0 -0.001076
1215 0 0 -0.001020
1220 0 0 -0.001014
1225 0 0 -0.001061
1230 0 0 -0.001160
1235 0 0 -0.001300
1240 0 0 -0.001428
1245 0 0 -0.001480
1250 0 0 -0.001418
1255 0 0 -0.001302
1260 0 0 -0.001220
1265 0 0 -0.001231
1270 0 0 -0.001294
1275 0 0 -0.001340
1280 0 0 -0.001320
1285 0 0 -0.001258
1290 0 0 -0.001200
1295 0 0 -0.001179
1300 0 0 -0.001196
1305 0 0 -0.001240
1310 0 0 -0.001302
1315 0 0 -0.001373
1320 0 0 -0.001440
1325 0 0 -0.001494
1330 0 0 -0.001525
1335 0 0 -0.001520
1340 0 0 -0.001473
1345 0 0 -0.001384
1350 0 0 -0.001260
1355 0 0 -0.001115
1360 0 0 -0.001006
1365 0 0 -0.001000
1370 0 0 -0.001134
1375 0 0 -0.001326
1380 0 0 -0.001460
1385 0 0 -0.001454
1390 0 0 -0.001345
1395 0 0 -0.001200
1400 0 0 -0.001078
1405 0 0 -0.001000
1410 0 0 -0.000980
1415 0 0 -0.001020
1420 0 0 -0.001077
1425 0 0 -0.001100
1430 0 0 -0.001051
1435 0 0 -0.000957
1440 0 0 -0.000860
1445 0 0 -0.000795
1450 0 0 -0.000769
1455 0 0 -0.000780
1460 0 0 -0.000822
1465 0 0 -0.000871
1470 0 0 -0.000900
1475 0 0 -0.000887
1480 0 0 -0.000842
1485 0 0 -0.000780
1490 0 0 -0.000716
1495 0 0 -0.000660
1500 0 0 -0.000620
1505 0 0 -0.000601
1510 0 0 -0.000598
1515 0 0 -0.000600
1520 0 0 -0.000600
1525 0 0 -0.000594
1530 0 0 -0.000580
1535 0 0 -0.000556
1540 0 0 -0.000527
1545 0 0 -0.000500
1550 0 0 -0.000481
1555 0 0 -0.000478
1560 0 0 -0.000500
1565 0 0 -0.000554
1570 0 0 -0.000636
1575 0 0 -0.000740
1580 0 0 -0.000857
1585 0 0 -0.000961
1590 0 0 -0.001020
1595 0 0 -0.001015
1600 0 0 -0.000971
1605 0 0 -0.000920
1610 0 0 -0.000889
1615 0 0 -0.000869
1620 0 0 -0.000840
1625 0 0 -0.000789
1630 0 0 -0.000720
1635 0 0 -0.000640
1640 0 0 -0.000558
1645 0 0 -0.000487
1650 0 0 -0.000440
1655 0 0 -0.000424
1660 0 0 -0.000430
1665 0 0 -0.000440
1670 0 0 -0.000442
1675 0 0 -0.000430
1680 0 0 -0.000400
1685 0 0 -0.000354
1690 0 0 -0.000312
1695 0 0 -0.000300
1700 0 0 -0.000334
1705 0 0 -0.000392
1710 0 0 -0.000440
1715 0 0 -0.000455
1720 0 0 -0.000449
1725 0 0 -0.000440
1730 0 0 -0.000447
1735 0 0 -0.000473
1740 0 0 -0.000520
1745 0 0 -0.000585
1750 0 0 -0.000647
1755 0 0 -0.000680
1760 0 0 -0.000665
1765 0 0 -0.000617
1770 0 0 -0.000560
1775 0 0 -0.000513
1780 0 0 -0.000490
1785 0 0 -0.000500
1790 0 0 -0.000547
1795 0 0 -0.000604
1800 0 0 -0.000640
1805 0 0 -0.000631
1810 0 0 -0.000590
1815 0 0 -0.000540
1820 0 0 -0.000501
1825 0 0 -0.000485
1830 0 0 -0.000500
1835 0 0 -0.000547
1840 0 0 -0.000599
1845 0 0 -0.000620
1850 0 0 -0.000587
1855 0 0 -0.000527
1860 0 0 -0.000480
1865 0 0 -0.000476
1870 0 0 -0.000507
1875 0 0 -0.000560
1880 0 0 -0.000618
1885 0 0 -0.000669
1890 0 0 -0.000700
1895 0 0 -0.000702
1900 0 0 -0.000680
1905 0 0 -0.000640
1910 0 0 -0.000591
1915 0 0 -0.000545
1920 0 0 -0.000520
1925 0 0 -0.000521
1930 0 0 -0.000525
1935 0 0 -0.000500
1940 0 0 -0.000426
1945 0 0 -0.000338
1950 0 0 -0.000280
1955 0 0 -0.000286
1960 0 0 -0.000337
1965 0 0 -0.000400
1970 0 0 -0.000447
1975 0 0 -0.000469
1980 0 0 -0.000460
1985 0 0 -0.000420
1990 0 0 -0.000376
1995 0 0 -0.000360
2000 0 0 -0.000392
2005 0 0 -0.000445
2010 0 0 -0.000480
2015 0 0 -0.000470
2020 0 0 -0.000439
2025 0 0 -0.000420
2030 0 0 -0.000438
2035 0 0 -0.000470
2040 0 0 -0.000480
2045 0 0 -0.000446
2050 0 0 -0.000393
2055 0 0 -0.000360
2060 0 0 -0.000374
2065 0 0 -0.000427
2070 0 0 -0.000500
2075 0 0 -0.000574
2080 0 0 -0.000628
2085 0 0 -0.000640
2090 0 0 -0.000598
2095 0 0 -0.000526
2100 0 0 -0.000460
2105 0 0 -0.000429
2110 0 0 -0.000446
2115 0 0 -0.000520
2120 0 0 -0.000648
2125 0 0 -0.000776
2130 0 0 -0.000840
2135 0 0 -0.000798
2140 0 0 -0.000700
2145 0 0 -0.000620
2150 0 0 -0.000614
2155 0 0 -0.000670
2160 0 0 -0.000760
2165 0 0 -0.000854
2170 0 0 -0.000919
2175 0 0 -0.000920
2180 0 0 -0.000841
2185 0 0 -0.000731
2190 0 0 -0.000660
2195 0 0 -0.000674
2200 0 0 -0.000738
2205 0 0 -0.000800
2210 0 0 -0.000816
2215 0 0 -0.000790
2220 0 0 -0.000740
2225 0 0 -0.000682
2230 0 0 -0.000635
2235 0 0 -0.000620
2240 0 0 -0.000646
2245 0 0 -0.000685
2250 0 0 -0.000700
2255 0 0 -0.000665
2260 0 0 -0.000605
2265 0 0 -0.000560
2270 0 0 -0.000557
2275 0 0 -0.000585
2280 0 0 -0.000620
2285 0 0 -0.000643
2290 0 0 -0.000645
2295 0 0 -0.000620
2300 0 0 -0.000570
2305 0 0 -0.000525
2310 0 0 -0.000520
2315 0 0 -0.000577
2320 0 0 -0.000656
2325 0 0 -0.000700
2330 0 0 -0.000670
2335 0 0 -0.000600
2340 0 0 -0.000540
2345 0 0 -0.000528
2350 0 0 -0.000556
2355 0 0 -0.000600
2360 0 0 -0.000640
2365 0 0 -0.000659
2370 0 0 -0.000640
2375 0 0 -0.000578
2380 0 0 -0.000509
2385 0 0 -0.000480
2390 0 0 -0.000522
2395 0 0 -0.000599
2400 0 0 -0.000660
2405 0 0 -0.000666
2410 0 0 -0.000635
2415 0 0 -0.000600
2420 0 0 -0.000614
2425 0 0 -0.000809
2430 0 0 -0.001340
2435 0 0 -0.002257
2440 0 0 -0.003203
2445 0 0 -0.003720
2450 0 0 -0.003506
2455 0 0 -0.002890
2460 0 0 -0.002360
2465 0 0 -0.002289
2470 0 0 -0.002599
2475 0 0 -0.003100
2480 0 0 -0.003618
2485 0 0 -0.004037
2490 0 0 -0.004260
2495 0 0 -0.004227
2500 0 0 -0.004039
2505 0 0 -0.003840
2510 0 0 -0.003730
2515 0 0 -0.003650
2520 0 0 -0.003500
2525 0 0 -0.003220
2530 0 0 -0.002908
2535 0 0 -0.002700
2540 0 0 -0.002690
2545 0 0 -0.002793
2550 0 0 -0.002880
2555 0 0 -0.002854
2560 0 0 -0.002747
2565 0 0 -0.002620
2570 0 0 -0.002523
2575 0 0 -0.002449
2580 0 0 -0.002380
2585 0 0 -0.002308
2590 0 0 -0.002276
2595 0 0 -0.002340
2600 0 0 -0.002520
2605 0 0 -0.002698
2610 0 0 -0.002720
2615 0 0 -0.002481
2620 0 0 -0.002069
2625 0 0 -0.001620
2630 0 0 -0.001247
2635 0 0 -0.000979
2640 0 0 -0.000820
2645 0 0 -0.000770
2650 0 0 -0.000802
2655 0 0 -0.000880
2660 0 0 -0.000974
2665 0 0 -0.001071
2670 0 0 -0.001160
2675 0 0 -0.001232
2680 0 0 -0.001281
2685 0 0 -0.001300
2690 0 0 -0.001290
2695 0 0 -0.001274
2700 0 0 -0.001280
2705 0 0 -0.001325
2710 0 0 -0.001373
2715 0 0 -0.001380
2720 0 0 -0.001318
2725 0 0 -0.001240
2730 0 0 -0.001220
2735 0 0 -0.001305
2740 0 0 -0.001429
2745 0 0 -0.001500
2750 0 0 -0.001456
2755 0 0 -0.001348
2760 0 0 -0.001260
2765 0 0 -0.001249
2770 0 0 -0.001276
2775 0 0 -0.001280
2780 0 0 -0.001216
2785 0 0 -0.001119
2790 0 0 -0.001040
2795 0 0 -0.001021
2800 0 0 -0.001059
2805 0 0 -0.001140
2810 0 0 -0.001244
2815 0 0 -0.001327
2820 0 0 -0.001340
2825 0 0 -0.001255
2830 0 0 -0.001128
2835 0 0 -0.001040
2840 0 0 -0.001045
2845 0 0 -0.001100
2850 0 0 -0.001140
2855 0 0 -0.001127
2860 0 0 -0.001144
2865 0 0 -0.001300
2870 0 0 -0.001647
2875 0 0 -0.001997
2880 0 0 -0.002100
2885 0 0 -0.001798
2890 0 0 -0.001289
2895 0 0 -0.000860
2900 0 0 -0.000722
2905 0 0 -0.000784
2910 0 0 -0.000880
2915 0 0 -0.000881
2920 0 0 -0.000813
2925 0 0 -0.000740
2930 0 0 -0.000708
2935 0 0 -0.000695
2940 0 0 -0.000660
2945 0 0 -0.000577
2950 0 0 -0.000481
2955 0 0 -0.000420
2960 0 0 -0.000427
2965 0 0 -0.000475
2970 0 0 -0.000520
2975 0 0 -0.000530
2980 0 0 -0.000517
2985 0 0 -0.000500
2990 0 0 -0.000497
2995 0 0 -0.000500
3000 0 0 -0.000500
3005 0 0 -0.000486
3010 0 0 -0.000459
3015 0 0 -0.000420
3020 0 0 -0.000374
3025 0 0 -0.000340
3030 0 0 -0.000340
3035 0 0 -0.000387
3040 0 0 -0.000452
3045 0 0 -0.000500
3050 0 0 -0.000502
3055 0 0 -0.000469
3060 0 0 -0.000420
3065 0 0 -0.000374
3070 0 0 -0.000349
3075 0 0 -0.000360
3080 0 0 -0.000414
3085 0 0 -0.000476
3090 0 0 -0.000500
3095 0 0 -0.000457
3100 0 0 -0.000386
3105 0 0 -0.000340
3110 0 0 -0.000358
3115 0 0 -0.000412
3120 0 0 -0.000460
3125 0 0 -0.000468
3130 0 0 -0.000443
3135 0 0 -0.000400
3140 0 0 -0.000357
3145 0 0 -0.000341
3150 0 0 -0.000380
3155 0 0 -0.000486
3160 0 0 -0.000609
3165 0 0 -0.000680
3170 0 0 -0.000656
3175 0 0 -0.000586
3180 0 0 -0.000540
3185 0 0 -0.000568
3190 0 0 -0.000634
3195 0 0 -0.000680
3200 0 0 -0.000663
3205 0 0 -0.000610
3210 0 0 -0.000560
3215 0 0 -0.000547
3220 0 0 -0.000565
3225 0 0 -0.000600
3230 0 0 -0.000636
3235 0 0 -0.000656
3240 0 0 -0.000640
3245 0 0 -0.000582
3250 0 0 -0.000519
3255 0 0 -0.000500
3260 0 0 -0.000555
3265 0 0 -0.000638
3270 0 0 -0.000680
3275 0 0 -0.000638
3280 0 0 -0.000556
3285 0 0 -0.000500
3290 0 0 -0.000519
3295 0 0 -0.000581
3300 0 0 -0.000640
3305 0 0 -0.000658
3310 0 0 -0.000649
3315 0 0 -0.000640
3320 0 0 -0.000651
3325 0 0 -0.000676
3330 0 0 -0.000700
3335 0 0 -0.000711
3340 0 0 -0.000696
3345 0 0 -0.000640
3350 0 0 -0.000542
3355 0 0 -0.000444
3360 0 0 -0.000400
3365 0 0 -0.000443
3370 0 0 -0.000530
3375 0 0 -0.000600
3380 0 0 -0.000606
3385 0 0 -0.000568
3390 0 0 -0.000520
3395 0 0 -0.000493
3400 0 0 -0.000493
3405 0 0 -0.000520
3410 0 0 -0.000571
3415 0 0 -0.000621
3420 0 0 -0.000640
3425 0 0 -0.000613
3430 0 0 -0.000576
3435 0 0 -0.000580
3440 0 0 -0.000657
3445 0 0 -0.000769
3450 0 0 -0.000860
3455 0 0 -0.000888
3460 0 0 -0.000871
3465 0 0 -0.000840
3470 0 0 -0.000823
3475 0 0 -0.000834
3480 0 0 -0.000880
3485 0 0 -0.000960
3490 0 0 -0.001021
3495 0 0 -0.001000
3500 0 0 -0.000860
3505 0 0 -0.000674
3510 0 0 -0.000540
3515 0 0 -0.000527
3520 0 0 -0.000582
3525 0 0 -0.000620
3530 0 0 -0.000587
3535 0 0 -0.000538
3540 0 0 -0.000560
3545 0 0 -0.000697
3550 0 0 -0.000835
3555 0 0 -0.000820
3560 0 0 -0.000581
3565 0 0 -0.000374
3570 0 0 -0.000540
3575 0 0 -0.001292
3580 0 0 -0.002338
3585 0 0 -0.003260
3590 0 0 -0.003721
3595 0 0 -0.003701
3600 0 0 -0.003260
3605 0 0 -0.002513
3610 0 0 -0.001786
3615 0 0 -0.001460
3620 0 0 -0.001771
3625 0 0 -0.002380
3630 0 0 -0.002800
3635 0 0 -0.002676
3640 0 0 -0.002167
3645 0 0 -0.001560
3650 0 0 -0.001108
3655 0 0 -0.000927
3660 0 0 -0.001100
3665 0 0 -0.001647
3670 0 0 -0.002338
3675 0 0 -0.002880
3680 0 0 -0.003061
3685 0 0 -0.002991
3690 0 0 -0.002860
3695 0 0 -0.002815
3700 0 0 -0.002826
3705 0 0 -0.002820
3710 0 0 -0.002745
3715 0 0 -0.002629
3720 0 0 -0.002520
3725 0 0 -0.002442
3730 0 0 -0.002321
3735 0 0 -0.002060
3740 0 0 -0.001608
3745 0 0 -0.001110
3750 0 0 -0.000760
3755 0 0 -0.000687
3760 0 0 -0.000774
3765 0 0 -0.000840
3770 0 0 -0.000765
3775 0 0 -0.000676
3780 0 0 -0.000760
3785 0 0 -0.001149
3790 0 0 -0.001747
3795 0 0 -0.002400
3800 0 0 -0.002973
3805 0 0 -0.003402
3810 0 0 -0.003640
3815 0 0 -0.003661
3820 0 0 -0.003527
3825 0 0 -0.003320
3830 0 0 -0.003112
3835 0 0 -0.002932
3840 0 0 -0.002800
3845 0 0 -0.002722
3850 0 0 -0.002654
3855 0 0 -0.002540
3860 0 0 -0.002368
3865 0 0 -0.002299
3870 0 0 -0.002540
3875 0 0 -0.003208
3880 0 0 -0.004068
3885 0 0 -0.004800
3890 0 0 -0.005164
3895 0 0 -0.005253
3900 0 0 -0.005240
3905 0 0 -0.005254
3910 0 0 -0.005230
3915 0 0 -0.005060
3920 0 0 -0.004691
3925 0 0 -0.004309
3930 0 0 -0.004160
3935 0 0 -0.004371
3940 0 0 -0.004604
3945 0 0 -0.004400
3950 0 0 -0.003472
3955 0 0 -0.002207
3960 0 0 -0.001160
3965 0 0 -0.000740
3970 0 0 -0.000779
3975 0 0 -0.000960
3980 0 0 -0.001034
3985 0 0 -0.001010
3990 0 0 -0.000960
3995 0 0 -0.000945
4000 0 0 -0.000978
4005 0 0 -0.001060
4010 0 0 -0.001182
4015 0 0 -0.001290
4020 0 0 -0.001320
4025 0 0 -0.001231
4030 0 0 -0.001078
4035 0 0 -0.000940
4040 0 0 -0.000876
4045 0 0 -0.000869
4050 0 0 -0.000880
4055 0 0 -0.000883
4060 0 0 -0.000889
4065 0 0 -0.000920
4070 0 0 -0.000990
4075 0 0 -0.001089
4080 0 0 -0.001200
4085 0 0 -0.001304
4090 0 0 -0.001379
4095 0 0 -0.001400
4100 0 0 -0.001357
4105 0 0 -0.001286
4110 0 0 -0.001240
4115 0 0 -0.001251
4120 0 0 -0.001288
4125 0 0 -0.001300
4130 0 0 -0.001258
4135 0 0 -0.001204
4140 0 0 -0.001200
4145 0 0 -0.001285
4150 0 0 -0.001409
4155 0 0 -0.001500
4160 0 0 -0.001503
4165 0 0 -0.001437
4170 0 0 -0.001340
4175 0 0 -0.001248
4180 0 0 -0.001187
4185 0 0 -0.001180
4190 0 0 -0.001238
4195 0 0 -0.001317
4200 0 0 -0.001360
4205 0 0 -0.001328
4210 0 0 -0.001252
4215 0 0 -0.001180
4220 0 0 -0.001150
4225 0 0 -0.001150
4230 0 0 -0.001160
4235 0 0 -0.001161
4240 0 0 -0.001153
4245 0 0 -0.001140
4250 0 0 -0.001126
4255 0 0 -0.001107
4260 0 0 -0.001080
4265 0 0 -0.001045
4270 0 0 -0.001018
4275 0 0 -0.001020
4280 0 0 -0.001063
4285 0 0 -0.001116
4290 0 0 -0.001140
4295 0 0 -0.001108
4300 0 0 -0.001042
4305 0 0 -0.000980
4310 0 0 -0.000950
4315 0 0 -0.000952
4320 0 0 -0.000980
4325 0 0 -0.001024
4330 0 0 -0.001070
4335 0 0 -0.001100
4340 0 0 -0.001103
4345 0 0 -0.001086
4350 0 0 -0.001060
4355 0 0 -0.001032
4360 0 0 -0.000995
4365 0 0 -0.000940
4370 0 0 -0.000873
4375 0 0 -0.000864
4380 0 0 -0.001000
4385 0 0 -0.001319
4390 0 0 -0.001662
4395 0 0 -0.001820
4400 0 0 -0.001655
4405 0 0 -0.001310
4410 0 0 -0.001000
4415 0 0 -0.000881
4420 0 0 -0.000883
4425 0 0 -0.000880
4430 0 0 -0.000780
4435 0 0 -0.000627
4440 0 0 -0.000500
4445 0 0 -0.000455
4450 0 0 -0.000465
4455 0 0 -0.000480
4460 0 0 -0.000463
4465 0 0 -0.000423
4470 0 0 -0.000380
4475 0 0 -0.000352
4480 0 0 -0.000345
4485 0 0 -0.000360
4490 0 0 -0.000397
4495 0 0 -0.000437
4500 0 0 -0.000460
4505 0 0 -0.000450
4510 0 0 -0.000417
4515 0 0 -0.000380
4520 0 0 -0.000353
4525 0 0 -0.000344
4530 0 0 -0.000360
4535 0 0 -0.000400
4540 0 0 -0.000443
4545 0 0 -0.000460
4550 0 0 -0.000436
4555 0 0 -0.000401
4560 0 0 -0.000400
4565 0 0 -0.000460
4570 0 0 -0.000554
4575 0 0 -0.000640
4580 0 0 -0.000683
4585 0 0 -0.000681
4590 0 0 -0.000640
4595 0 0 -0.000572
4600 0 0 -0.000512
4605 0 0 -0.000500
4610 0 0 -0.000559
4615 0 0 -0.000641
4620 0 0 -0.000680
4625 0 0 -0.000631
4630 0 0 -0.000542
4635 0 0 -0.000480
4640 0 0 -0.000495
4645 0 0 -0.000558
4650 0 0 -0.000620
4655 0 0 -0.000642
4660 0 0 -0.000624
4665 0 0 -0.000580
4670 0 0 -0.000523
4675 0 0 -0.000479
4680 0 0 -0.000480
4685 0 0 -0.000540
4690 0 0 -0.000619
4695 0 0 -0.000660
4700 0 0 -0.000629
4705 0 0 -0.000568
4710 0 0 -0.000540
4715 0 0 -0.000589
4720 0 0 -0.000675
4725 0 0 -0.000740
4730 0 0 -0.000740
4735 0 0 -0.000695
4740 0 0 -0.000640
4745 0 0 -0.000604
4750 0 0 -0.000596
4755 0 0 -0.000620
4760 0 0 -0.000673
4765 0 0 -0.000726
4770 0 0 -0.000740
4775 0 0 -0.000691
4780 0 0 -0.000599
4785 0 0 -0.000500
4790 0 0 -0.000424
4795 0 0 -0.000391
4800 0 0 -0.000420
4805 0 0 -0.000514
4810 0 0 -0.000623
4815 0 0 -0.000680
4820 0 0 -0.000643
4825 0 0 -0.000559
4830 0 0 -0.000500
4835 0 0 -0.000521
4840 0 0 -0.000626
4845 0 0 -0.000800
4850 0 0 -0.001019
4855 0 0 -0.001198
4860 0 0 -0.001240
4865 0 0 -0.001086
4870 0 0 -0.000834
4875 0 0 -0.000620
4880 0 0 -0.000544
4885 0 0 -0.000563
4890 0 0 -0.000600
4895 0 0 -0.000599
4900 0 0 -0.000593
4905 0 0 -0.000640
4910 0 0 -0.000769
4915 0 0 -0.000908
4920 0 0 -0.000960
4925 0 0 -0.000860
4930 0 0 -0.000684
4935 0 0 -0.000540
4940 0 0 -0.000508
4945 0 0 -0.000556
4950 0 0 -0.000620
4955 0 0 -0.000651
4960 0 0 -0.000647
4965 0 0 -0.000620
4970 0 0 -0.000580
4975 0 0 -0.000537
4980 0 0 -0.000500
4985 0 0 -0.000478
4990 0 0 -0.000471
4995 0 0 -0.000480
5000 0 0 -0.000504
5005 0 0 -0.000544
5010 0 0 -0.000600
5015 0 0 -0.000668
5020 0 0 -0.000734
5025 0 0 -0.000780
5030 0 0 -0.000795
5035 0 0 -0.000799
5040 0 0 -0.000820
5045 0 0 -0.000873
5050 0 0 -0.000927
5055 0 0 -0.000940
5060 0 0 -0.000884
5065 0 0 -0.000789
5070 0 0 -0.000700
5075 0 0 -0.000653
5080 0 0 -0.000654
5085 0 0 -0.000700
5090 0 0 -0.000784
5095 0 0 -0.000876
5100 0 0 -0.000940
5105 0 0 -0.000949
5110 0 0 -0.000905
5115 0 0 -0.000820
5120 0 0 -0.000707
5125 0 0 -0.000596
5130 0 0 -0.000520
5135 0 0 -0.000507
5140 0 0 -0.000571
5145 0 0 -0.000720
5150 0 0 -0.000950
5155 0 0 -0.001206
5160 0 0 -0.001420
5165 0 0 -0.001535
5170 0 0 -0.001531
5175 0 0 -0.001400
5180 0 0 -0.001153
5185 0 0 -0.000877
5190 0 0 -0.000680
5195 0 0 -0.000638
5200 0 0 -0.000699
5205 0 0 -0.000780
5210 0 0 -0.000814
5215 0 0 -0.000802
5220 0 0 -0.000760
5225 0 0 -0.000705
5230 0 0 -0.000648
5235 0 0 -0.000600
5240 0 0 -0.000571
5245 0 0 -0.000564
5250 0 0 -0.000580
5255 0 0 -0.000617
5260 0 0 -0.000662
5265 0 0 -0.000700
5270 0 0 -0.000722
5275 0 0 -0.000742
5280 0 0 -0.000780
5285 0 0 -0.000847
5290 0 0 -0.000918
5295 0 0 -0.000960
5300 0 0 -0.000951
5305 0 0 -0.000923
5310 0 0 -0.000920
5315 0 0 -0.000970
5320 0 0 -0.001035
5325 0 0 -0.001060
5330 0 0 -0.001013
5335 0 0 -0.000958
5340 0 0 -0.000980
5345 0 0 -0.001145
5350 0 0 -0.001432
5355 0 0 -0.001800
5360 0 0 -0.002188
5365 0 0 -0.002450
5370 0 0 -0.002420
5375 0 0 -0.002008
5380 0 0 -0.001425
5385 0 0 -0.000960
5390 0 0 -0.000822
5395 0 0 -0.000908
5400 0 0 -0.001040
5405 0 0 -0.001081
5410 0 0 -0.001067
5415 0 0 -0.001080
5420 0 0 -0.001171
5425 0 0 -0.001281
5430 0 0 -0.001320
5435 0 0 -0.001232
5440 0 0 -0.001080
5445 0 0 -0.000960
5450 0 0 -0.000942
5455 0 0 -0.000999
5460 0 0 -0.001080
5465 0 0 -0.001144
5470 0 0 -0.001183
5475 0 0 -0.001200
5480 0 0 -0.001200
5485 0 0 -0.001205
5490 0 0 -0.001240
5495 0 0 -0.001320
5500 0 0 -0.001415
5505 0 0 -0.001480
5510 0 0 -0.001487
5515 0 0 -0.001455
5520 0 0 -0.001420
5525 0 0 -0.001406
5530 0 0 -0.001405
5535 0 0 -0.001400
5540 0 0 -0.001380
5545 0 0 -0.001360
5550 0 0 -0.001360
5555 0 0 -0.001392
5560 0 0 -0.001431
5565 0 0 -0.001440
5570 0 0 -0.001396
5575 0 0 -0.001320
5580 0 0 -0.001240
5585 0 0 -0.001183
5590 0 0 -0.001150
5595 0 0 -0.001140
5600 0 0 -0.001149
5605 0 0 -0.001177
5610 0 0 -0.001220
5615 0 0 -0.001276
5620 0 0 -0.001334
5625 0 0 -0.001380
5630 0 0 -0.001401
5635 0 0 -0.001385
5640 0 0 -0.001320
5645 0 0 -0.001209
5650 0 0 -0.001121
5655 0 0 -0.001140
5660 0 0 -0.001312
5665 0 0 -0.001528
5670 0 0 -0.001640
5675 0 0 -0.001548
5680 0 0 -0.001342
5685 0 0 -0.001160
5690 0 0 -0.001103
5695 0 0 -0.001124
5700 0 0 -0.001140
5705 0 0 -0.001090
5710 0 0 -0.001010
5715 0 0 -0.000960
5720 0 0 -0.000989
5725 0 0 -0.001108
5730 0 0 -0.001320
5735 0 0 -0.001618
5740 0 0 -0.001960
5745 0 0 -0.002300
5750 0 0 -0.002579
5755 0 0 -0.002706
5760 0 0 -0.002580
5765 0 0 -0.002157
5770 0 0 -0.001614
5775 0 0 -0.001180
5780 0 0 -0.001023
5785 0 0 -0.001049
5790 0 0 -0.001100
5795 0 0 -0.001055
5800 0 0 -0.000951
5805 0 0 -0.000860
5810 0 0 -0.000834
5815 0 0 -0.000835
5820 0 0 -0.000800
5825 0 0 -0.000690
5830 0 0 -0.000548
5835 0 0 -0.000440
5840 0 0 -0.000412
5845 0 0 -0.000439
5850 0 0 -0.000480
5855 0 0 -0.000502
5860 0 0 -0.000505
5865 0 0 -0.000500
5870 0 0 -0.000494
5875 0 0 -0.000488
5880 0 0 -0.000480
5885 0 0 -0.000469
5890 0 0 -0.000460
5895 0 0 -0.000460
5900 0 0 -0.000471
5905 0 0 -0.000483
5910 0 0 -0.000480
5915 0 0 -0.000453
5920 0 0 -0.000409
5925 0 0 -0.000360
5930 0 0 -0.000319
5935 0 0 -0.000301
5940 0 0 -0.000320
5945 0 0 -0.000382
5950 0 0 -0.000451
5955 0 0 -0.000480
5960 0 0 -0.000439
5965 0 0 -0.000367
5970 0 0 -0.000320
5975 0 0 -0.000339
5980 0 0 -0.000409
5985 0 0 -0.000500
5990 0 0 -0.000585
5995 0 0 -0.000645
6000 0 0 -0.000660
6005 0 0 -0.000622
6010 0 0 -0.000562
6015 0 0 -0.000520
6020 0 0 -0.000525
6025 0 0 -0.000566
6030 0 0 -0.000620
6035 0 0 -0.000667
6040 0 0 -0.000692
6045 0 0 -0.000680
6050 0 0 -0.000625
6055 0 0 -0.000553
6060 0 0 -0.000500
6065 0 0 -0.000491
6070 0 0 -0.000517
6075 0 0 -0.000560
6080 0 0 -0.000603
6085 0 0 -0.000628
6090 0 0 -0.000620
6095 0 0 -0.000571
6100 0 0 -0.000511
6105 0 0 -0.000480
6110 0 0 -0.000505
6115 0 0 -0.000563
6120 0 0 -0.000620
6125 0 0 -0.000646
6130 0 0 -0.000639
6135 0 0 -0.000600
6140 0 0 -0.000538
6145 0 0 -0.000486
6150 0 0 -0.000480
6155 0 0 -0.000540
6160 0 0 -0.000611
6165 0 0 -0.000620
6170 0 0 -0.000524
6175 0 0 -0.000407
6180 0 0 -0.000380
6185 0 0 -0.000519
6190 0 0 -0.000745
6195 0 0 -0.000940
6200 0 0 -0.001014
6205 0 0 -0.000990
6210 0 0 -0.000920
6215 0 0 -0.000845
6220 0 0 -0.000767
6225 0 0 -0.000680
6230 0 0 -0.000583
6235 0 0 -0.000504
6240 0 0 -0.000480
6245 0 0 -0.000535
6250 0 0 -0.000651
6255 0 0 -0.000800
6260 0 0 -0.000949
6265 0 0 -0.001053
6270 0 0 -0.001060
6275 0 0 -0.000947
6280 0 0 -0.000792
6285 0 0 -0.000700
6290 0 0 -0.000740
6295 0 0 -0.000837
6300 0 0 -0.000880
6305 0 0 -0.000792
6310 0 0 -0.000639
6315 0 0 -0.000520
6320 0 0 -0.000508
6325 0 0 -0.000568
6330 0 0 -0.000640
6335 0 0 -0.000675
6340 0 0 -0.000676
6345 0 0 -0.000660
6350 0 0 -0.000641
6355 0 0 -0.000625
6360 0 0 -0.000620
6365 0 0 -0.000627
6370 0 0 -0.000632
6375 0 0 -0.000620
6380 0 0 -0.000579
6385 0 0 -0.000520
6390 0 0 -0.000460
6395 0 0 -0.000420
6400 0 0 -0.000439
6405 0 0 -0.000560
6410 0 0 -0.000797
6415 0 0 -0.001047
6420 0 0 -0.001180
6425 0 0 -0.001107
6430 0 0 -0.000912
6435 0 0 -0.000720
6440 0 0 -0.000633
6445 0 0 -0.000649
6450 0 0 -0.000740
6455 0 0 -0.000876
6460 0 0 -0.001011
6465 0 0 -0.001100
6470 0 0 -0.001107
6475 0 0 -0.001050
6480 0 0 -0.000960
6485 0 0 -0.000866
6490 0 0 -0.000792
6495 0 0 -0.000760
6500 0 0 -0.000781
6505 0 0 -0.000828
6510 0 0 -0.000860
6515 0 0 -0.000850
6520 0 0 -0.000814
6525 0 0 -0.000780
6530 0 0 -0.000769
6535 0 0 -0.000784
6540 0 0 -0.000820
6545 0 0 -0.000871
6550 0 0 -0.000919
6555 0 0 -0.000940
6560 0 0 -0.000921
6565 0 0 -0.000880
6570 0 0 -0.000840
6575 0 0 -0.000823
6580 0 0 -0.000830
6585 0 0 -0.000860
6590 0 0 -0.000906
6595 0 0 -0.000942
6600 0 0 -0.000940
6605 0 0 -0.000883
6610 0 0 -0.000811
6615 0 0 -0.000780
6620 0 0 -0.000825
6625 0 0 -0.000904
6630 0 0 -0.000960
6635 0 0 -0.000946
6640 0 0 -0.000871
6645 0 0 -0.000760
6650 0 0 -0.000638
6655 0 0 -0.000534
6660 0 0 -0.000480
6665 0 0 -0.000495
6670 0 0 -0.000549
6675 0 0 -0.000600
6680 0 0 -0.000614
6685 0 0 -0.000596
6690 0 0 -0.000560
6695 0 0 -0.000519
6700 0 0 -0.000493
6705 0 0 -0.000500
6710 0 0 -0.000549
6715 0 0 -0.000610
6720 0 0 -0.000640
6725 0 0 -0.000612
6730 0 0 -0.000552
6735 0 0 -0.000500
6740 0 0 -0.000486
6745 0 0 -0.000505
6750 0 0 -0.000540
6755 0 0 -0.000577
6760 0 0 -0.000606
6765 0 0 -0.000620
6770 0 0 -0.000612
6775 0 0 -0.000589
6780 0 0 -0.000560
6785 0 0 -0.000533
6790 0 0 -0.000516
6795 0 0 -0.000520
6800 0 0 -0.000550
6805 0 0 -0.000605
6810 0 0 -0.000680
6815 0 0 -0.000771
6820 0 0 -0.000867
6825 0 0 -0.000960
6830 0 0 -0.001038
6835 0 0 -0.001094
6840 0 0 -0.001120
6845 0 0 -0.001110
6850 0 0 -0.001067
6855 0 0 -0.001000
6860 0 0 -0.000916
6865 0 0 -0.000830
6870 0 0 -0.000760
6875 0 0 -0.000720
6880 0 0 -0.000713
6885 0 0 -0.000740
6890 0 0 -0.000794
6895 0 0 -0.000841
6900 0 0 -0.000840
6905 0 0 -0.000769
6910 0 0 -0.000683
6915 0 0 -0.000660
6920 0 0 -0.000750
6925 0 0 -0.000906
6930 0 0 -0.001060
6935 0 0 -0.001154
6940 0 0 -0.001190
6945 0 0 -0.001180
6950 0 0 -0.001143
6955 0 0 -0.001106
6960 0 0 -0.001100
6965 0 0 -0.001143
6970 0 0 -0.001199
6975 0 0 -0.001220
6980 0 0 -0.001173
6985 0 0 -0.001090
6990 0 0 -0.001020
6995 0 0 -0.001000
7000 0 0 -0.001021
7005 0 0 -0.001060
7010 0 0 -0.001096
7015 0 0 -0.001115
7020 0 0 -0.001100
7025 0 0 -0.001048
7030 0 0 -0.000993
7035 0 0 -0.000980
7040 0 0 -0.001038
7045 0 0 -0.001129
7050 0 0 -0.001200
7055 0 0 -0.001211
7060 0 0 -0.001180
7065 0 0 -0.001140
7070 0 0 -0.001119
7075 0 0 -0.001125
7080 0 0 -0.001160
7085 0 0 -0.001220
7090 0 0 -0.001273
7095 0 0 -0.001280
7100 0 0 -0.001218
7105 0 0 -0.001122
7110 0 0 -0.001040
7115 0 0 -0.001010
7120 0 0 -0.001024
7125 0 0 -0.001060
7130 0 0 -0.001100
7135 0 0 -0.001125
7140 0 0 -0.001120
7145 0 0 -0.001074
7150 0 0 -0.001005
7155 0 0 -0.000940
7160 0 0 -0.000902
7165 0 0 -0.000899
7170 0 0 -0.000940
7175 0 0 -0.001021
7180 0 0 -0.001103
7185 0 0 -0.001140
7190 0 0 -0.001099
7195 0 0 -0.001010
7200 0 0 -0.000920
7205 0 0 -0.000867
7210 0 0 -0.000855
7215 0 0 -0.000880
7220 0 0 -0.000935
7225 0 0 -0.000997
7230 0 0 -0.001040
7235 0 0 -0.001046
7240 0 0 -0.001026
7245 0 0 -0.001000
7250 0 0 -0.000983
7255 0 0 -0.000972
7260 0 0 -0.000960
7265 0 0 -0.000943
7270 0 0 -0.000932
7275 0 0 -0.000940
7280 0 0 -0.000975
7285 0 0 -0.001022
7290 0 0 -0.001060
7295 0 0 -0.001075
7300 0 0 -0.001077
7305 0 0 -0.001080
7310 0 0 -0.001092
7315 0 0 -0.001084
7320 0 0 -0.001020
7325 0 0 -0.000880
7330 0 0 -0.000707
7335 0 0 -0.000560
7340 0 0 -0.000483
7345 0 0 -0.000460
7350 0 0 -0.000460
7355 0 0 -0.000457
7360 0 0 -0.000440
7365 0 0 -0.000400
7370 0 0 -0.000340
7375 0 0 -0.000297
7380 0 0 -0.000320
7385 0 0 -0.000436
7390 0 0 -0.000593
7395 0 0 -0.000720
7400 0 0 -0.000762
7405 0 0 -0.000732
7410 0 0 -0.000660
7415 0 0 -0.000575
7420 0 0 -0.000506
7425 0 0 -0.000480
7430 0 0 -0.000514
7435 0 0 -0.000576
7440 0 0 -0.000620
7445 0 0 -0.000619
7450 0 0 -0.000608
7455 0 0 -0.000640
7460 0 0 -0.000752
7465 0 0 -0.000913
7470 0 0 -0.001080
7475 0 0 -0.001209
7480 0 0 -0.001271
7485 0 0 -0.001240
7490 0 0 -0.001107
7495 0 0 -0.000929
7500 0 0 -0.000780
7505 0 0 -0.000715
7510 0 0 -0.000704
7515 0 0 -0.000700
7520 0 0 -0.000665
7525 0 0 -0.000606
7530 0 0 -0.000540
7535 0 0 -0.000486
7540 0 0 -0.000461
7545 0 0 -0.000480
7550 0 0 -0.000549
7555 0 0 -0.000621
7560 0 0 -0.000640
7565 0 0 -0.000569
7570 0 0 -0.000453
7575 0 0 -0.000360
7580 0 0 -0.000341
7585 0 0 -0.000383
7590 0 0 -0.000460
7595 0 0 -0.000543
7600 0 0 -0.000600
7605 0 0 -0.000600
7610 0 0 -0.000528
7615 0 0 -0.000442
7620 0 0 -0.000420
7625 0 0 -0.000513
7630 0 0 -0.000671
7635 0 0 -0.000820
7640 0 0 -0.000901
7645 0 0 -0.000920
7650 0 0 -0.000900
7655 0 0 -0.000860
7660 0 0 -0.000806
7665 0 0 -0.000740
7670 0 0 -0.000669
7675 0 0 -0.000614
7680 0 0 -0.000600
7685 0 0 -0.000641
7690 0 0 -0.000708
7695 0 0 -0.000760
7700 0 0 -0.000765
7705 0 0 -0.000723
7710 0 0 -0.000640
7715 0 0 -0.000530
7720 0 0 -0.000430
7725 0 0 -0.000380
7730 0 0 -0.000406
7735 0 0 -0.000466
7740 0 0 -0.000500
7745 0 0 -0.000467
7750 0 0 -0.000397
7755 0 0 -0.000340
7760 0 0 -0.000334
7765 0 0 -0.000373
7770 0 0 -0.000440
7775 0 0 -0.000516
7780 0 0 -0.000577
7785 0 0 -0.000600
7790 0 0 -0.000576
7795 0 0 -0.000565
7800 0 0 -0.000640
7805 0 0 -0.000843
7810 0 0 -0.001074
7815 0 0 -0.001200
7820 0 0 -0.001131
7825 0 0 -0.000950
7830 0 0 -0.000780
7835 0 0 -0.000718
7840 0 0 -0.000742
7845 0 0 -0.000800
7850 0 0 -0.000858
7855 0 0 -0.000949
7860 0 0 -0.001120
7865 0 0 -0.001392
7870 0 0 -0.001667
7875 0 0 -0.001820
7880 0 0 -0.001762
7885 0 0 -0.001555
7890 0 0 -0.001300
7895 0 0 -0.001091
7900 0 0 -0.000996
7905 0 0 -0.001080
7910 0 0 -0.001359
7915 0 0 -0.001664
7920 0 0 -0.001780
7925 0 0 -0.001567
7930 0 0 -0.001183
7935 0 0 -0.000860
7940 0 0 -0.000767
7945 0 0 -0.000822
7950 0 0 -0.000880
7955 0 0 -0.000835
7960 0 0 -0.000733
7965 0 0 -0.000660
7970 0 0 -0.000677
7975 0 0 -0.000750
7980 0 0 -0.000820
7985 0 0 -0.000842
7990 0 0 -0.000823
7995 0 0 -0.000780
8000 0 0 -0.000732
8005 0 0 -0.000699
8010 0 0 -0.000700
8015 0 0 -0.000745
8020 0 0 -0.000804
8025 0 0 -0.000840
8030 0 0 -0.000825
8035 0 0 -0.000776
8040 0 0 -0.000720
8045 0 0 -0.000680
8050 0 0 -0.000661
8055 0 0 -0.000660
8060 0 0 -0.000673
8065 0 0 -0.000681
8070 0 0 -0.000660
8075 0 0 -0.000598
8080 0 0 -0.000525
8085 0 0 -0.000480
8090 0 0 -0.000492
8095 0 0 -0.000542
8100 0 0 -0.000600
8105 0 0 -0.000640
8110 0 0 -0.000644
8115 0 0 -0.000600
8120 0 0 -0.000511
8125 0 0 -0.000448
8130 0 0 -0.000500
8135 0 0 -0.000713
8140 0 0 -0.000966
8145 0 0 -0.001100
8150 0 0 -0.001007
8155 0 0 -0.000798
8160 0 0 -0.000640
8165 0 0 -0.000652
8170 0 0 -0.000764
8175 0 0 -0.000860
8180 0 0 -0.000856
8185 0 0 -0.000791
8190 0 0 -0.000740
8195 0 0 -0.000755
8200 0 0 -0.000815
8205 0 0 -0.000880
8210 0 0 -0.000918
8215 0 0 -0.000929
8220 0 0 -0.000920
8225 0 0 -0.000901
8230 0 0 -0.000888
8235 0 0 -0.000900
8240 0 0 -0.000947
8245 0 0 -0.001015
8250 0 0 -0.001080
8255 0 0 -0.001129
8260 0 0 -0.001175
8265 0 0 -0.001240
8270 0 0 -0.001339
8275 0 0 -0.001454
8280 0 0 -0.001560
8285 0 0 -0.001626
8290 0 0 -0.001594
8295 0 0 -0.001400
8300 0 0 -0.001045
8305 0 0 -0.000800
8310 0 0 -0.001000
8315 0 0 -0.001844
8320 0 0 -0.002975
8325 0 0 -0.003900
8330 0 0 -0.004256
8335 0 0 -0.004204
8340 0 0 -0.004040
8345 0 0 -0.003987
8350 0 0 -0.003994
8355 0 0 -0.003940
8360 0 0 -0.003753
8365 0 0 -0.003566
8370 0 0 -0.003560
8375 0 0 -0.003831
8380 0 0 -0.004129
8385 0 0 -0.004120
8390 0 0 -0.003584
8395 0 0 -0.002769
8400 0 0 -0.002040
8405 0 0 -0.001672
8410 0 0 -0.001578
8415 0 0 -0.001580
8420 0 0 -0.001532
8425 0 0 -0.001410
8430 0 0 -0.001220
8435 0 0 -0.001006
8440 0 0 -0.000958
8445 0 0 -0.001300
8450 0 0 -0.002152
8455 0 0 -0.003210
8460 0 0 -0.004060
8465 0 0 -0.004403
8470 0 0 -0.004385
8475 0 0 -0.004260
8480 0 0 -0.004224
8485 0 0 -0.004228
8490 0 0 -0.004160
8495 0 0 -0.003951
8500 0 0 -0.003693
8505 0 0 -0.003520
8510 0 0 -0.003522
8515 0 0 -0.003618
8520 0 0 -0.003680
8525 0 0 -0.003621
8530 0 0 -0.003502
8535 0 0 -0.003420
8540 0 0 -0.003436
8545 0 0 -0.003459
8550 0 0 -0.003360
8555 0 0 -0.003050
8560 0 0 -0.002589
8565 0 0 -0.002080
8570 0 0 -0.001613
8575 0 0 -0.001244
8580 0 0 -0.001020
8585 0 0 -0.000968
8590 0 0 -0.001028
8595 0 0 -0.001120
8600 0 0 -0.001178
8605 0 0 -0.001190
8610 0 0 -0.001160
8615 0 0 -0.001101
8620 0 0 -0.001066
8625 0 0 -0.001120
8630 0 0 -0.001297
8635 0 0 -0.001509
8640 0 0 -0.001640
8645 0 0 -0.001607
8650 0 0 -0.001464
8655 0 0 -0.001300
8660 0 0 -0.001185
8665 0 0 -0.001113
8670 0 0 -0.001060
8675 0 0 -0.001011
8680 0 0 -0.000982
8685 0 0 -0.001000
8690 0 0 -0.001074
8695 0 0 -0.001156
8700 0 0 -0.001180
8705 0 0 -0.001100
8710 0 0 -0.000934
8715 0 0 -0.000720
8720 0 0 -0.000516
8725 0 0 -0.000477
8730 0 0 -0.000780
8735 0 0 -0.001509
8740 0 0 -0.002371
8745 0 0 -0.002980
8750 0 0 -0.003064
8755 0 0 -0.002809
8760 0 0 -0.002520
8765 0 0 -0.002429
8770 0 0 -0.002499
8775 0 0 -0.002620
8780 0 0 -0.002700
8785 0 0 -0.002702
8790 0 0 -0.002600
8795 0 0 -0.002381
8800 0 0 -0.002064
8805 0 0 -0.001680
8810 0 0 -0.001267
8815 0 0 -0.000900
8820 0 0 -0.000660
8825 0 0 -0.000600
8830 0 0 -0.000648
8835 0 0 -0.000700
8840 0 0 -0.000678
8845 0 0 -0.000608
8850 0 0 -0.000540
8855 0 0 -0.000514
8860 0 0 -0.000531
8865 0 0 -0.000580
8870 0 0 -0.000647
8875 0 0 -0.000694
8880 0 0 -0.000680
8885 0 0 -0.000586
8890 0 0 -0.000491
8895 0 0 -0.000500
8900 0 0 -0.000680
8905 0 0 -0.000946
8910 0 0 -0.001180
8915 0 0 -0.001291
8920 0 0 -0.001315
8925 0 0 -0.001320
8930 0 0 -0.001351
8935 0 0 -0.001371
8940 0 0 -0.001320
8945 0 0 -0.001162
8950 0 0 -0.000955
8955 0 0 -0.000780
8960 0 0 -0.000698
8965 0 0 -0.000686
8970 0 0 -0.000700
8975 0 0 -0.000703
8980 0 0 -0.000684
8985 0 0 -0.000640
8990 0 0 -0.000573
8995 0 0 -0.000514
9000 0 0 -0.000500
9005 0 0 -0.000551
9010 0 0 -0.000624
9015 0 0 -0.000660
9020 0 0 -0.000616
9025 0 0 -0.000521
9030 0 0 -0.000420
9035 0 0 -0.000351
9040 0 0 -0.000324
9045 0 0 -0.000340
9050 0 0 -0.000396
9055 0 0 -0.000461
9060 0 0 -0.000500
9065 0 0 -0.000487
9070 0 0 -0.000438
9075 0 0 -0.000380
9080 0 0 -0.000339
9085 0 0 -0.000333
9090 0 0 -0.000380
9095 0 0 -0.000485
9100 0 0 -0.000609
9105 0 0 -0.000700
9110 0 0 -0.000720
9115 0 0 -0.000679
9120 0 0 -0.000600
9125 0 0 -0.000507
9130 0 0 -0.000430
9135 0 0 -0.000400
9140 0 0 -0.000435
9145 0 0 -0.000503
9150 0 0 -0.000560
9155 0 0 -0.000573
9160 0 0 -0.000558
9165 0 0 -0.000540
9170 0 0 -0.000539
9175 0 0 -0.000544
9180 0 0 -0.000540
9185 0 0 -0.000515
9190 0 0 -0.000487
9195 0 0 -0.000480
9200 0 0 -0.000509
9205 0 0 -0.000558
9210 0 0 -0.000600
9215 0 0 -0.000616
9220 0 0 -0.000612
9225 0 0 -0.000600
9230 0 0 -0.000592
9235 0 0 -0.000596
9240 0 0 -0.000620
9245 0 0 -0.000667
9250 0 0 -0.000710
9255 0 0 -0.000720
9260 0 0 -0.000679
9265 0 0 -0.000627
9270 0 0 -0.000620
9275 0 0 -0.000694
9280 0 0 -0.000807
9285 0 0 -0.000900
9290 0 0 -0.000930
9295 0 0 -0.000927
9300 0 0 -0.000940
9305 0 0 -0.001001
9310 0 0 -0.001073
9315 0 0 -0.001100
9320 0 0 -0.001048
9325 0 0 -0.000960
9330 0 0 -0.000900
9335 0 0 -0.000926
9340 0 0 -0.001080
9345 0 0 -0.001400
9350 0 0 -0.001895
9355 0 0 -0.002464
9360 0 0 -0.002980
9365 0 0 -0.003339
9370 0 0 -0.003543
9375 0 0 -0.003620
9380 0 0 -0.003595
9385 0 0 -0.003483
9390 0 0 -0.003300
9395 0 0 -0.003069
9400 0 0 -0.002857
9405 0 0 -0.002740
9410 0 0 -0.002768
9415 0 0 -0.002884
9420 0 0 -0.003000
9425 0 0 -0.003051
9430 0 0 -0.003042
9435 0 0 -0.003000
9440 0 0 -0.002950
9445 0 0 -0.002920
9450 0 0 -0.002940
9455 0 0 -0.003010
9460 0 0 -0.003017
9465 0 0 -0.002820
9470 0 0 -0.002350
9475 0 0 -0.001822
9480 0 0 -0.001520
9485 0 0 -0.001626
9490 0 0 -0.001900
9495 0 0 -0.002000
9500 0 0 -0.001685
9505 0 0 -0.001132
9510 0 0 -0.000620
9515 0 0 -0.000364
9520 0 0 -0.000310
9525 0 0 -0.000340
9530 0 0 -0.000358
9535 0 0 -0.000364
9540 0 0 -0.000380
9545 0 0 -0.000420
9550 0 0 -0.000459
9555 0 0 -0.000460
9560 0 0 -0.000403
9565 0 0 -0.000320
9570 0 0 -0.000260
9575 0 0 -0.000257
9580 0 0 -0.000299
9585 0 0 -0.000360
9590 0 0 -0.000418
9595 0 0 -0.000457
9600 0 0 -0.000460
9605 0 0 -0.000423
9610 0 0 -0.000382
9615 0 0 -0.000380
9620 0 0 -0.000445
9625 0 0 -0.000533
9630 0 0 -0.000580
9635 0 0 -0.000566
9640 0 0 -0.000642
9645 0 0 -0.001000
9650 0 0 -0.001747
9655 0 0 -0.002638
9660 0 0 -0.003340
9665 0 0 -0.003602
9670 0 0 -0.003497
9675 0 0 -0.003180
9680 0 0 -0.002785
9685 0 0 -0.002367
9690 0 0 -0.001960
9695 0 0 -0.001599
9700 0 0 -0.001316
9705 0 0 -0.001140
9710 0 0 -0.001087
9715 0 0 -0.001108
9720 0 0 -0.001140
9725 0 0 -0.001133
9730 0 0 -0.001097
9735 0 0 -0.001060
9740 0 0 -0.001044
9745 0 0 -0.001061
9750 0 0 -0.001120
9755 0 0 -0.001231
9760 0 0 -0.001411
9765 0 0 -0.001680
9770 0 0 -0.002032
9775 0 0 -0.002362
9780 0 0 -0.002540
9785 0 0 -0.002475
9790 0 0 -0.002233
9795 0 0 -0.001920
9800 0 0 -0.001648
9805 0 0 -0.001554
9810 0 0 -0.001780
9815 0 0 -0.002391
9820 0 0 -0.003139
9825 0 0 -0.003700
9830 0 0 -0.003839
9835 0 0 -0.003686
9840 0 0 -0.003460
9845 0 0 -0.003334
9850 0 0 -0.003284
9855 0 0 -0.003240
9860 0 0 -0.003138
9865 0 0 -0.002951
9870 0 0 -0.002660
9875 0 0 -0.002266
9880 0 0 -0.001852
9885 0 0 -0.001520
9890 0 0 -0.001344
9895 0 0 -0.001286
9900 0 0 -0.001280
9905 0 0 -0.001276
9910 0 0 -0.001292
9915 0 0 -0.001360
9920 0 0 -0.001496
9925 0 0 -0.001637
9930 0 0 -0.001700
9935 0 0 -0.001632
9940 0 0 -0.001490
9945 0 0 -0.001360
9950 0 0 -0.001306
9955 0 0 -0.001303
9960 0 0 -0.001300
9965 0 0 -0.001263
9970 0 0 -0.001207
9975 0 0 -0.001160
9980 0 0 -0.001148
9985 0 0 -0.001179
9990 0 0 -0.001260
9995 0 0 -0.001384
10000 0 0 -0.001493
10005 0 0 -0.001520
10010 0 0 -0.001420
10015 0 0 -0.001252
10020 0 0 -0.001100
10025 0 0 -0.001026
10030 0 0 -0.001007
10035 0 0 -0.001000
10040 0 0 -0.000974
10045 0 0 -0.000949
10050 0 0 -0.000960
10055 0 0 -0.001028
10060 0 0 -0.001132
10065 0 0 -0.001240
10070 0 0 -0.001319
10075 0 0 -0.001336
