0 0 0 -0.000220
5 0 0 -0.000149
10 0 0 -0.000119
15 0 0 -0.000120
20 0 0 -0.000141
25 0 0 -0.000171
30 0 0 -0.000200
35 0 0 -0.000217
40 0 0 -0.000218
45 0 0 -0.000200
50 0 0 -0.000163
55 0 0 -0.000123
60 0 0 -0.000100
65 0 0 -0.000108
70 0 0 -0.000135
75 0 0 -0.000160
80 0 0 -0.000169
85 0 0 -0.000161
90 0 0 -0.000140
95 0 0 -0.000110
100 0 0 -0.000085
105 0 0 -0.000080
110 0 0 -0.000103
115 0 0 -0.000140
120 0 0 -0.000170
125 0 0 -0.000177
130 0 0 -0.000165
135 0 0 -0.000140
140 0 0 -0.000112
145 0 0 -0.000094
150 0 0 -0.000100
155 0 0 -0.000136
160 0 0 -0.000182
165 0 0 -0.000210
170 0 0 -0.000202
175 0 0 -0.000173
180 0 0 -0.000150
185 0 0 -0.000151
190 0 0 -0.000169
195 0 0 -0.000190
200 0 0 -0.000204
205 0 0 -0.000207
210 0 0 -0.000200
215 0 0 -0.000183
220 0 0 -0.000161
225 0 0 -0.000140
230 0 0 -0.000126
235 0 0 -0.000119
240 0 0 -0.000120
245 0 0 -0.000128
250 0 0 -0.000139
255 0 0 -0.000150
260 0 0 -0.000159
265 0 0 -0.000165
270 0 0 -0.000170
275 0 0 -0.000175
280 0 0 -0.000179
285 0 0 -0.000180
290 0 0 -0.000178
295 0 0 -0.000173
300 0 0 -0.000170
305 0 0 -0.000169
310 0 0 -0.000169
315 0 0 -0.000170
320 0 0 -0.000170
325 0 0 -0.000169
330 0 0 -0.000170
335 0 0 -0.000173
340 0 0 -0.000179
345 0 0 -0.000190
350 0 0 -0.000204
355 0 0 -0.000214
360 0 0 -0.000210
365 0 0 -0.000186
370 0 0 -0.000157
375 0 0 -0.000140
380 0 0 -0.000148
385 0 0 -0.000168
390 0 0 -0.000180
395 0 0 -0.000171
400 0 0 -0.000149
405 0 0 -0.000130
410 0 0 -0.000126
415 0 0 -0.000134
420 0 0 -0.000150
425 0 0 -0.000167
430 0 0 -0.000177
435 0 0 -0.000170
440 0 0 -0.000141
445 0 0 -0.000110
450 0 0 -0.000100
455 0 0 -0.000126
460 0 0 -0.000161
465 0 0 -0.000170
470 0 0 -0.000133
475 0 0 -0.000091
480 0 0 -0.000100
485 0 0 -0.000197
490 0 0 -0.000330
495 0 0 -0.000430
500 0 0 -0.000442
505 0 0 -0.000386
510 0 0 -0.000300
515 0 0 -0.000218
520 0 0 -0.000159
525 0 0 -0.000140
530 0 0 -0.000168
535 0 0 -0.000211
540 0 0 -0.000230
545 0 0 -0.000198
550 0 0 -0.000143
555 0 0 -0.000110
560 0 0 -0.000126
565 0 0 -0.000162
570 0 0 -0.000170
575 0 0 -0.000125
580 0 0 -0.000081
585 0 0 -0.000110
590 0 0 -0.000257
595 0 0 -0.000453
600 0 0 -0.000600
605 0 0 -0.000627
610 0 0 -0.000565
615 0 0 -0.000470
620 0 0 -0.000388
625 0 0 -0.000326
630 0 0 -0.000280
635 0 0 -0.000247
640 0 0 -0.000232
645 0 0 -0.000240
650 0 0 -0.000268
655 0 0 -0.000277
660 0 0 -0.000220
665 0 0 -0.000083
670 0 0 0.000004
675 0 0 -0.000120
680 0 0 -0.000553
685 0 0 -0.001122
690 0 0 -0.001590
695 0 0 -0.001779
700 0 0 -0.001762
705 0 0 -0.001670
710 0 0 -0.001602
715 0 0 -0.001507
720 0 0 -0.001300
725 0 0 -0.000936
730 0 0 -0.000530
735 0 0 -0.000240
740 0 0 -0.000174
745 0 0 -0.000248
750 0 0 -0.000330
755 0 0 -0.000321
760 0 0 -0.000250
765 0 0 -0.000180
770 0 0 -0.000157
775 0 0 -0.000169
780 0 0 -0.000190
785 0 0 -0.000199
790 0 0 -0.000196
795 0 0 -0.000190
800 0 0 -0.000185
805 0 0 -0.000180
810 0 0 -0.000170
815 0 0 -0.000155
820 0 0 -0.000144
825 0 0 -0.000150
830 0 0 -0.000180
835 0 0 -0.000219
840 0 0 -0.000250
845 0 0 -0.000257
850 0 0 -0.000242
855 0 0 -0.000210
860 0 0 -0.000168
865 0 0 -0.000137
870 0 0 -0.000140
875 0 0 -0.000188
880 0 0 -0.000249
885 0 0 -0.000280
890 0 0 -0.000253
895 0 0 -0.000201
900 0 0 -0.000170
905 0 0 -0.000194
910 0 0 -0.000250
915 0 0 -0.000300
920 0 0 -0.000315
925 0 0 -0.000301
930 0 0 -0.000270
935 0 0 -0.000235
940 0 0 -0.000203
945 0 0 -0.000180
950 0 0 -0.000172
955 0 0 -0.000181
960 0 0 -0.000210
965 0 0 -0.000257
970 0 0 -0.000310
975 0 0 -0.000350
980 0 0 -0.000363
985 0 0 -0.000342
990 0 0 -0.000280
995 0 0 -0.000191
1000 0 0 -0.000163
1005 0 0 -0.000300
1010 0 0 -0.000661
1015 0 0 -0.001115
1020 0 0 -0.001480
1025 0 0 -0.001619
1030 0 0 -0.001562
1035 0 0 -0.001380
1040 0 0 -0.001140
1045 0 0 -0.000889
1050 0 0 -0.000670
1055 0 0 -0.000513
1060 0 0 -0.000408
1065 0 0 -0.000330
1070 0 0 -0.000271
1075 0 0 -0.000272
1080 0 0 -0.000390
1085 0 0 -0.000646
1090 0 0 -0.000923
1095 0 0 -0.001070
1100 0 0 -0.000985
1105 0 0 -0.000759
1110 0 0 -0.000530
1115 0 0 -0.000408
1120 0 0 -0.000376
1125 0 0 -0.000390
1130 0 0 -0.000410
1135 0 0 -0.000424
1140 0 0 -0.000430
1145 0 0 -0.000424
1150 0 0 -0.000407
1155 0 0 -0.000380
1160 0 0 -0.000346
1165 0 0 -0.000318
1170 0 0 -0.000310
1175 0 0 -0.000330
1180 0 0 -0.000361
1185 0 0 -0.000380
1190 0 0 -0.000370
1195 0 0 -0.000346
1200 0 0 -0.000330
1205 0 0 -0.000337
1210 0 0 -0.000359
1215 0 0 -0.000380
1220 0 0 -0.000388
1225 0 0 -0.000383
1230 0 0 -0.000370
1235 0 0 -0.000353
1240 0 0 -0.000338
1245 0 0 -0.000330
1250 0 0 -0.000331
1255 0 0 -0.000332
1260 0 0 -0.000320
1265 0 0 -0.000289
1270 0 0 -0.000253
1275 0 0 -0.000230
1280 0 0 -0.000235
1285 0 0 -0.000256
1290 0 0 -0.000280
1295 0 0 -0.000292
1300 0 0 -0.000292
1305 0 0 -0.000280
1310 0 0 -0.000260
1315 0 0 -0.000243
1320 0 0 -0.000240
1325 0 0 -0.000260
1330 0 0 -0.000289
1335 0 0 -0.000310
1340 0 0 -0.000308
1345 0 0 -0.000286
1350 0 0 -0.000250
1355 0 0 -0.000207
1360 0 0 -0.000172
1365 0 0 -0.000160
1370 0 0 -0.000180
1375 0 0 -0.000212
1380 0 0 -0.000230
1385 0 0 -0.000214
1390 0 0 -0.000177
1395 0 0 -0.000140
1400 0 0 -0.000119
1405 0 0 -0.000113
1410 0 0 -0.000120
1415 0 0 -0.000134
1420 0 0 -0.000144
1425 0 0 -0.000140
1430 0 0 -0.000115
1435 0 0 -0.000087
1440 0 0 -0.000080
1445 0 0 -0.000107
1450 0 0 -0.000148
1455 0 0 -0.000170
1460 0 0 -0.000154
1465 0 0 -0.000118
1470 0 0 -0.000090
1475 0 0 -0.000092
1480 0 0 -0.000114
1485 0 0 -0.000140
1490 0 0 -0.000157
1495 0 0 -0.000163
1500 0 0 -0.000160
1505 0 0 -0.000152
1510 0 0 -0.000146
1515 0 0 -0.000150
1520 0 0 -0.000169
1525 0 0 -0.000188
1530 0 0 -0.000190
1535 0 0 -0.000163
1540 0 0 -0.000130
1545 0 0 -0.000120
1550 0 0 -0.000151
1555 0 0 -0.000194
1560 0 0 -0.000210
1565 0 0 -0.000172
1570 0 0 -0.000111
1575 0 0 -0.000070
1580 0 0 -0.000080
1585 0 0 -0.000119
1590 0 0 -0.000150
1595 0 0 -0.000147
1600 0 0 -0.000123
1605 0 0 -0.000100
1610 0 0 -0.000095
1615 0 0 -0.000104
1620 0 0 -0.000120
1625 0 0 -0.000135
1630 0 0 -0.000140
1635 0 0 -0.000130
1640 0 0 -0.000102
1645 0 0 -0.000077
1650 0 0 -0.000080
1655 0 0 -0.000126
1660 0 0 -0.000189
1665 0 0 -0.000230
1670 0 0 -0.000223
1675 0 0 -0.000189
1680 0 0 -0.000160
1685 0 0 -0.000160
1690 0 0 -0.000179
1695 0 0 -0.000200
1700 0 0 -0.000210
1705 0 0 -0.000210
1710 0 0 -0.000210
1715 0 0 -0.000212
1720 0 0 -0.000209
1725 0 0 -0.000190
1730 0 0 -0.000150
1735 0 0 -0.000108
1740 0 0 -0.000090
1745 0 0 -0.000112
1750 0 0 -0.000150
1755 0 0 -0.000170
1760 0 0 -0.000148
1765 0 0 -0.000107
1770 0 0 -0.000080
1775 0 0 -0.000089
1780 0 0 -0.000118
1785 0 0 -0.000140
1790 0 0 -0.000135
1795 0 0 -0.000115
1800 0 0 -0.000100
1805 0 0 -0.000105
1810 0 0 -0.000120
1815 0 0 -0.000130
1820 0 0 -0.000125
1825 0 0 -0.000114
1830 0 0 -0.000110
1835 0 0 -0.000122
1840 0 0 -0.000142
1845 0 0 -0.000160
1850 0 0 -0.000166
1855 0 0 -0.000164
1860 0 0 -0.000160
1865 0 0 -0.000159
1870 0 0 -0.000158
1875 0 0 -0.000150
1880 0 0 -0.000136
1885 0 0 -0.000134
1890 0 0 -0.000170
1895 0 0 -0.000255
1900 0 0 -0.000354
1905 0 0 -0.000420
1910 0 0 -0.000418
1915 0 0 -0.000368
1920 0 0 -0.000300
1925 0 0 -0.000243
1930 0 0 -0.000207
1935 0 0 -0.000200
1940 0 0 -0.000223
1945 0 0 -0.000254
1950 0 0 -0.000270
1955 0 0 -0.000252
1960 0 0 -0.000217
1965 0 0 -0.000190
1970 0 0 -0.000190
1975 0 0 -0.000205
1980 0 0 -0.000220
1985 0 0 -0.000221
1990 0 0 -0.000211
1995 0 0 -0.000200
2000 0 0 -0.000194
2005 0 0 -0.000191
2010 0 0 -0.000190
2015 0 0 -0.000188
2020 0 0 -0.000185
2025 0 0 -0.000180
2030 0 0 -0.000174
2035 0 0 -0.000170
2040 0 0 -0.000170
2045 0 0 -0.000177
2050 0 0 -0.000196
2055 0 0 -0.000230
2060 0 0 -0.000278
2065 0 0 -0.000317
2070 0 0 -0.000320
2075 0 0 -0.000270
2080 0 0 -0.000191
2085 0 0 -0.000120
2090 0 0 -0.000084
2095 0 0 -0.000081
2100 0 0 -0.000100
2105 0 0 -0.000129
2110 0 0 -0.000155
2115 0 0 -0.000160
2120 0 0 -0.000137
2125 0 0 -0.000102
2130 0 0 -0.000080
2135 0 0 -0.000089
2140 0 0 -0.000125
2145 0 0 -0.000180
2150 0 0 -0.000242
2155 0 0 -0.000295
2160 0 0 -0.000320
2165 0 0 -0.000305
2170 0 0 -0.000269
2175 0 0 -0.000240
2180 0 0 -0.000237
2185 0 0 -0.000249
2190 0 0 -0.000260
2195 0 0 -0.000257
2200 0 0 -0.000247
2205 0 0 -0.000240
2210 0 0 -0.000244
2215 0 0 -0.000251
2220 0 0 -0.000250
2225 0 0 -0.000232
2230 0 0 -0.000203
2235 0 0 -0.000170
2240 0 0 -0.000142
2245 0 0 -0.000126
2250 0 0 -0.000130
2255 0 0 -0.000156
2260 0 0 -0.000189
2265 0 0 -0.000210
2270 0 0 -0.000206
2275 0 0 -0.000185
2280 0 0 -0.000160
2285 0 0 -0.000142
2290 0 0 -0.000135
2295 0 0 -0.000140
2300 0 0 -0.000158
2305 0 0 -0.000183
2310 0 0 -0.000210
2315 0 0 -0.000232
2320 0 0 -0.000243
2325 0 0 -0.000240
2330 0 0 -0.000220
2335 0 0 -0.000198
2340 0 0 -0.000190
2345 0 0 -0.000208
2350 0 0 -0.000235
2355 0 0 -0.000250
2360 0 0 -0.000236
2365 0 0 -0.000203
2370 0 0 -0.000170
2375 0 0 -0.000155
2380 0 0 -0.000184
2385 0 0 -0.000280
2390 0 0 -0.000447
2395 0 0 -0.000592
2400 0 0 -0.000600
2405 0 0 -0.000413
2410 0 0 -0.000200
2415 0 0 -0.000190
2420 0 0 -0.000521
2425 0 0 -0.000984
2430 0 0 -0.001280
2435 0 0 -0.001198
2440 0 0 -0.000873
2445 0 0 -0.000530
2450 0 0 -0.000339
2455 0 0 -0.000270
2460 0 0 -0.000240
2465 0 0 -0.000192
2470 0 0 -0.000169
2475 0 0 -0.000240
2480 0 0 -0.000440
2485 0 0 -0.000676
2490 0 0 -0.000820
2495 0 0 -0.000794
2500 0 0 -0.000705
2505 0 0 -0.000710
2510 0 0 -0.000906
2515 0 0 -0.001157
2520 0 0 -0.001270
2525 0 0 -0.001114
2530 0 0 -0.000802
2535 0 0 -0.000510
2540 0 0 -0.000372
2545 0 0 -0.000359
2550 0 0 -0.000400
2555 0 0 -0.000435
2560 0 0 -0.000448
2565 0 0 -0.000430
2570 0 0 -0.000382
2575 0 0 -0.000331
2580 0 0 -0.000310
2585 0 0 -0.000340
2590 0 0 -0.000388
2595 0 0 -0.000410
2600 0 0 -0.000376
2605 0 0 -0.000317
2610 0 0 -0.000280
2615 0 0 -0.000296
2620 0 0 -0.000340
2625 0 0 -0.000370
2630 0 0 -0.000358
2635 0 0 -0.000324
2640 0 0 -0.000300
2645 0 0 -0.000309
2650 0 0 -0.000336
2655 0 0 -0.000360
2660 0 0 -0.000363
2665 0 0 -0.000355
2670 0 0 -0.000350
2675 0 0 -0.000358
2680 0 0 -0.000370
2685 0 0 -0.000370
2690 0 0 -0.000350
2695 0 0 -0.000321
2700 0 0 -0.000300
2705 0 0 -0.000300
2710 0 0 -0.000313
2715 0 0 -0.000330
2720 0 0 -0.000339
2725 0 0 -0.000334
2730 0 0 -0.000310
2735 0 0 -0.000265
2740 0 0 -0.000221
2745 0 0 -0.000200
2750 0 0 -0.000220
2755 0 0 -0.000259
2760 0 0 -0.000290
2765 0 0 -0.000291
2770 0 0 -0.000274
2775 0 0 -0.000260
2780 0 0 -0.000264
2785 0 0 -0.000284
2790 0 0 -0.000310
2795 0 0 -0.000335
2800 0 0 -0.000348
2805 0 0 -0.000340
2810 0 0 -0.000306
2815 0 0 -0.000259
2820 0 0 -0.000220
2825 0 0 -0.000202
2830 0 0 -0.000196
2835 0 0 -0.000190
2840 0 0 -0.000173
2845 0 0 -0.000150
2850 0 0 -0.000130
2855 0 0 -0.000121
2860 0 0 -0.000121
2865 0 0 -0.000130
2870 0 0 -0.000143
2875 0 0 -0.000153
2880 0 0 -0.000150
2885 0 0 -0.000130
2890 0 0 -0.000107
2895 0 0 -0.000100
2900 0 0 -0.000121
2905 0 0 -0.000153
2910 0 0 -0.000170
2915 0 0 -0.000156
2920 0 0 -0.000130
2925 0 0 -0.000120
2930 0 0 -0.000145
2935 0 0 -0.000185
2940 0 0 -0.000210
2945 0 0 -0.000198
2950 0 0 -0.000167
2955 0 0 -0.000140
2960 0 0 -0.000136
2965 0 0 -0.000145
2970 0 0 -0.000150
2975 0 0 -0.000138
2980 0 0 -0.000116
2985 0 0 -0.000100
2990 0 0 -0.000098
2995 0 0 -0.000107
3000 0 0 -0.000120
3005 0 0 -0.000130
3010 0 0 -0.000134
3015 0 0 -0.000130
3020 0 0 -0.000117
3025 0 0 -0.000103
3030 0 0 -0.000100
3035 0 0 -0.000115
3040 0 0 -0.000136
3045 0 0 -0.000150
3050 0 0 -0.000146
3055 0 0 -0.000137
3060 0 0 -0.000140
3065 0 0 -0.000165
3070 0 0 -0.000193
3075 0 0 -0.000200
3080 0 0 -0.000170
3085 0 0 -0.000129
3090 0 0 -0.000110
3095 0 0 -0.000136
3100 0 0 -0.000182
3105 0 0 -0.000210
3110 0 0 -0.000194
3115 0 0 -0.000153
3120 0 0 -0.000120
3125 0 0 -0.000117
3130 0 0 -0.000136
3135 0 0 -0.000160
3140 0 0 -0.000175
3145 0 0 -0.000181
3150 0 0 -0.000180
3155 0 0 -0.000174
3160 0 0 -0.000162
3165 0 0 -0.000140
3170 0 0 -0.000110
3175 0 0 -0.000087
3180 0 0 -0.000090
3185 0 0 -0.000130
3190 0 0 -0.000181
3195 0 0 -0.000210
3200 0 0 -0.000194
3205 0 0 -0.000156
3210 0 0 -0.000130
3215 0 0 -0.000141
3220 0 0 -0.000170
3225 0 0 -0.000190
3230 0 0 -0.000181
3235 0 0 -0.000154
3240 0 0 -0.000130
3245 0 0 -0.000124
3250 0 0 -0.000128
3255 0 0 -0.000130
3260 0 0 -0.000120
3265 0 0 -0.000107
3270 0 0 -0.000100
3275 0 0 -0.000107
3280 0 0 -0.000121
3285 0 0 -0.000130
3290 0 0 -0.000126
3295 0 0 -0.000115
3300 0 0 -0.000110
3305 0 0 -0.000116
3310 0 0 -0.000124
3315 0 0 -0.000120
3320 0 0 -0.000100
3325 0 0 -0.000096
3330 0 0 -0.000150
3335 0 0 -0.000284
3340 0 0 -0.000437
3345 0 0 -0.000530
3350 0 0 -0.000506
3355 0 0 -0.000408
3360 0 0 -0.000300
3365 0 0 -0.000236
3370 0 0 -0.000214
3375 0 0 -0.000220
3380 0 0 -0.000240
3385 0 0 -0.000258
3390 0 0 -0.000260
3395 0 0 -0.000236
3400 0 0 -0.000201
3405 0 0 -0.000180
3410 0 0 -0.000186
3415 0 0 -0.000204
3420 0 0 -0.000210
3425 0 0 -0.000188
3430 0 0 -0.000156
3435 0 0 -0.000140
3440 0 0 -0.000156
3445 0 0 -0.000188
3450 0 0 -0.000210
3455 0 0 -0.000203
3460 0 0 -0.000180
3465 0 0 -0.000160
3470 0 0 -0.000160
3475 0 0 -0.000178
3480 0 0 -0.000210
3485 0 0 -0.000249
3490 0 0 -0.000278
3495 0 0 -0.000280
3500 0 0 -0.000244
3505 0 0 -0.000193
3510 0 0 -0.000160
3515 0 0 -0.000166
3520 0 0 -0.000194
3525 0 0 -0.000220
3530 0 0 -0.000221
3535 0 0 -0.000186
3540 0 0 -0.000110
3545 0 0 -0.000009
3550 0 0 0.000008
3555 0 0 -0.000190
3560 0 0 -0.000669
3565 0 0 -0.001226
3570 0 0 -0.001590
3575 0 0 -0.001571
3580 0 0 -0.001298
3585 0 0 -0.000980
3590 0 0 -0.000778
3595 0 0 -0.000669
3600 0 0 -0.000580
3605 0 0 -0.000459
3610 0 0 -0.000331
3615 0 0 -0.000240
3620 0 0 -0.000215
3625 0 0 -0.000234
3630 0 0 -0.000260
3635 0 0 -0.000265
3640 0 0 -0.000254
3645 0 0 -0.000240
3650 0 0 -0.000232
3655 0 0 -0.000225
3660 0 0 -0.000210
3665 0 0 -0.000182
3670 0 0 -0.000151
3675 0 0 -0.000130
3680 0 0 -0.000129
3685 0 0 -0.000145
3690 0 0 -0.000170
3695 0 0 -0.000197
3700 0 0 -0.000214
3705 0 0 -0.000210
3710 0 0 -0.000180
3715 0 0 -0.000141
3720 0 0 -0.000120
3725 0 0 -0.000133
3730 0 0 -0.000169
3735 0 0 -0.000210
3740 0 0 -0.000239
3745 0 0 -0.000251
3750 0 0 -0.000240
3755 0 0 -0.000208
3760 0 0 -0.000176
3765 0 0 -0.000170
3770 0 0 -0.000210
3775 0 0 -0.000298
3780 0 0 -0.000430
3785 0 0 -0.000596
3790 0 0 -0.000750
3795 0 0 -0.000840
3800 0 0 -0.000829
3805 0 0 -0.000750
3810 0 0 -0.000650
3815 0 0 -0.000569
3820 0 0 -0.000506
3825 0 0 -0.000450
3830 0 0 -0.000399
3835 0 0 -0.000375
3840 0 0 -0.000410
3845 0 0 -0.000519
3850 0 0 -0.000661
3855 0 0 -0.000780
3860 0 0 -0.000833
3865 0 0 -0.000834
3870 0 0 -0.000810
3875 0 0 -0.000784
3880 0 0 -0.000756
3885 0 0 -0.000720
3890 0 0 -0.000671
3895 0 0 -0.000600
3900 0 0 -0.000500
3905 0 0 -0.000380
3910 0 0 -0.000317
3915 0 0 -0.000410
3920 0 0 -0.000709
3925 0 0 -0.001086
3930 0 0 -0.001370
3935 0 0 -0.001435
3940 0 0 -0.001340
3945 0 0 -0.001190
3950 0 0 -0.001068
3955 0 0 -0.000962
3960 0 0 -0.000840
3965 0 0 -0.000681
3970 0 0 -0.000519
3975 0 0 -0.000400
3980 0 0 -0.000357
3985 0 0 -0.000361
3990 0 0 -0.000370
3995 0 0 -0.000353
4000 0 0 -0.000325
4005 0 0 -0.000310
4010 0 0 -0.000326
4015 0 0 -0.000355
4020 0 0 -0.000370
4025 0 0 -0.000352
4030 0 0 -0.000315
4035 0 0 -0.000280
4040 0 0 -0.000266
4045 0 0 -0.000271
4050 0 0 -0.000290
4055 0 0 -0.000317
4060 0 0 -0.000338
4065 0 0 -0.000340
4070 0 0 -0.000314
4075 0 0 -0.000281
4080 0 0 -0.000270
4085 0 0 -0.000297
4090 0 0 -0.000339
4095 0 0 -0.000360
4100 0 0 -0.000341
4105 0 0 -0.000321
4110 0 0 -0.000350
4115 0 0 -0.000459
4120 0 0 -0.000587
4125 0 0 -0.000650
4130 0 0 -0.000590
4135 0 0 -0.000458
4140 0 0 -0.000330
4145 0 0 -0.000267
4150 0 0 -0.000264
4155 0 0 -0.000300
4160 0 0 -0.000354
4165 0 0 -0.000402
4170 0 0 -0.000420
4175 0 0 -0.000394
4180 0 0 -0.000341
4185 0 0 -0.000290
4190 0 0 -0.000262
4195 0 0 -0.000255
4200 0 0 -0.000260
4205 0 0 -0.000269
4210 0 0 -0.000267
4215 0 0 -0.000240
4220 0 0 -0.000182
4225 0 0 -0.000124
4230 0 0 -0.000110
4235 0 0 -0.000164
4240 0 0 -0.000243
4245 0 0 -0.000290
4250 0 0 -0.000263
4255 0 0 -0.000191
4260 0 0 -0.000120
4265 0 0 -0.000087
4270 0 0 -0.000090
4275 0 0 -0.000120
4280 0 0 -0.000163
4285 0 0 -0.000200
4290 0 0 -0.000210
4295 0 0 -0.000181
4300 0 0 -0.000139
4305 0 0 -0.000120
4310 0 0 -0.000147
4315 0 0 -0.000193
4320 0 0 -0.000220
4325 0 0 -0.000201
4330 0 0 -0.000156
4335 0 0 -0.000120
4340 0 0 -0.000116
4345 0 0 -0.000133
4350 0 0 -0.000150
4355 0 0 -0.000151
4360 0 0 -0.000138
4365 0 0 -0.000120
4370 0 0 -0.000103
4375 0 0 -0.000094
4380 0 0 -0.000100
4385 0 0 -0.000122
4390 0 0 -0.000145
4395 0 0 -0.000150
4400 0 0 -0.000124
4405 0 0 -0.000091
4410 0 0 -0.000080
4415 0 0 -0.000111
4420 0 0 -0.000160
4425 0 0 -0.000190
4430 0 0 -0.000177
4435 0 0 -0.000143
4440 0 0 -0.000120
4445 0 0 -0.000130
4450 0 0 -0.000159
4455 0 0 -0.000180
4460 0 0 -0.000176
4465 0 0 -0.000156
4470 0 0 -0.000140
4475 0 0 -0.000139
4480 0 0 -0.000147
4485 0 0 -0.000150
4490 0 0 -0.000140
4495 0 0 -0.000123
4500 0 0 -0.000110
4505 0 0 -0.000108
4510 0 0 -0.000113
4515 0 0 -0.000120
4520 0 0 -0.000123
4525 0 0 -0.000122
4530 0 0 -0.000120
4535 0 0 -0.000117
4540 0 0 -0.000114
4545 0 0 -0.000110
4550 0 0 -0.000105
4555 0 0 -0.000106
4560 0 0 -0.000120
4565 0 0 -0.000151
4570 0 0 -0.000189
4575 0 0 -0.000220
4580 0 0 -0.000232
4585 0 0 -0.000230
4590 0 0 -0.000220
4595 0 0 -0.000208
4600 0 0 -0.000193
4605 0 0 -0.000170
4610 0 0 -0.000140
4615 0 0 -0.000115
4620 0 0 -0.000110
4625 0 0 -0.000133
4630 0 0 -0.000162
4635 0 0 -0.000170
4640 0 0 -0.000139
4645 0 0 -0.000093
4650 0 0 -0.000070
4655 0 0 -0.000092
4660 0 0 -0.000134
4665 0 0 -0.000160
4670 0 0 -0.000143
4675 0 0 -0.000106
4680 0 0 -0.000080
4685 0 0 -0.000090
4690 0 0 -0.000118
4695 0 0 -0.000140
4700 0 0 -0.000137
4705 0 0 -0.000123
4710 0 0 -0.000120
4715 0 0 -0.000142
4720 0 0 -0.000174
4725 0 0 -0.000190
4730 0 0 -0.000175
4735 0 0 -0.000146
4740 0 0 -0.000130
4745 0 0 -0.000142
4750 0 0 -0.000162
4755 0 0 -0.000160
4760 0 0 -0.000120
4765 0 0 -0.000081
4770 0 0 -0.000100
4775 0 0 -0.000207
4780 0 0 -0.000344
4785 0 0 -0.000430
4790 0 0 -0.000408
4795 0 0 -0.000322
4800 0 0 -0.000240
4805 0 0 -0.000214
4810 0 0 -0.000226
4815 0 0 -0.000240
4820 0 0 -0.000230
4825 0 0 -0.000209
4830 0 0 -0.000200
4835 0 0 -0.000219
4840 0 0 -0.000247
4845 0 0 -0.000260
4850 0 0 -0.000242
4855 0 0 -0.000214
4860 0 0 -0.000210
4865 0 0 -0.000249
4870 0 0 -0.000300
4875 0 0 -0.000320
4880 0 0 -0.000281
4885 0 0 -0.000211
4890 0 0 -0.000150
4895 0 0 -0.000130
4900 0 0 -0.000138
4905 0 0 -0.000150
4910 0 0 -0.000149
4915 0 0 -0.000139
4920 0 0 -0.000130
4925 0 0 -0.000131
4930 0 0 -0.000148
4935 0 0 -0.000190
4940 0 0 -0.000255
4945 0 0 -0.000314
4950 0 0 -0.000330
4955 0 0 -0.000279
4960 0 0 -0.000199
4965 0 0 -0.000140
4970 0 0 -0.000138
4975 0 0 -0.000168
4980 0 0 -0.000190
4985 0 0 -0.000179
4990 0 0 -0.000169
4995 0 0 -0.000210
5000 0 0 -0.000331
5005 0 0 -0.000481
5010 0 0 -0.000590
5015 0 0 -0.000604
5020 0 0 -0.000539
5025 0 0 -0.000430
5030 0 0 -0.000309
5035 0 0 -0.000204
5040 0 0 -0.000140
5045 0 0 -0.000133
5050 0 0 -0.000163
5055 0 0 -0.000200
5060 0 0 -0.000220
5065 0 0 -0.000222
5070 0 0 -0.000210
5075 0 0 -0.000189
5080 0 0 -0.000169
5085 0 0 -0.000160
5090 0 0 -0.000168
5095 0 0 -0.000188
5100 0 0 -0.000210
5105 0 0 -0.000226
5110 0 0 -0.000230
5115 0 0 -0.000220
5120 0 0 -0.000195
5125 0 0 -0.000171
5130 0 0 -0.000170
5135 0 0 -0.000204
5140 0 0 -0.000248
5145 0 0 -0.000270
5150 0 0 -0.000249
5155 0 0 -0.000207
5160 0 0 -0.000180
5165 0 0 -0.000191
5170 0 0 -0.000218
5175 0 0 -0.000230
5180 0 0 -0.000204
5185 0 0 -0.000161
5190 0 0 -0.000130
5195 0 0 -0.000133
5200 0 0 -0.000154
5205 0 0 -0.000170
5210 0 0 -0.000163
5215 0 0 -0.000144
5220 0 0 -0.000130
5225 0 0 -0.000134
5230 0 0 -0.000148
5235 0 0 -0.000160
5240 0 0 -0.000160
5245 0 0 -0.000151
5250 0 0 -0.000140
5255 0 0 -0.000134
5260 0 0 -0.000147
5265 0 0 -0.000190
5270 0 0 -0.000268
5275 0 0 -0.000341
5280 0 0 -0.000360
5285 0 0 -0.000297
5290 0 0 -0.000213
5295 0 0 -0.000190
5300 0 0 -0.000279
5305 0 0 -0.000408
5310 0 0 -0.000470
5315 0 0 -0.000398
5320 0 0 -0.000273
5325 0 0 -0.000210
5330 0 0 -0.000288
5335 0 0 -0.000433
5340 0 0 -0.000530
5345 0 0 -0.000500
5350 0 0 -0.000395
5355 0 0 -0.000300
5360 0 0 -0.000279
5365 0 0 -0.000308
5370 0 0 -0.000340
5375 0 0 -0.000342
5380 0 0 -0.000324
5385 0 0 -0.000310
5390 0 0 -0.000320
5395 0 0 -0.000362
5400 0 0 -0.000440
5405 0 0 -0.000550
5410 0 0 -0.000648
5415 0 0 -0.000680
5420 0 0 -0.000615
5425 0 0 -0.000501
5430 0 0 -0.000410
5435 0 0 -0.000392
5440 0 0 -0.000415
5445 0 0 -0.000430
5450 0 0 -0.000400
5455 0 0 -0.000345
5460 0 0 -0.000300
5465 0 0 -0.000291
5470 0 0 -0.000302
5475 0 0 -0.000310
5480 0 0 -0.000296
5485 0 0 -0.000271
5490 0 0 -0.000250
5495 0 0 -0.000246
5500 0 0 -0.000258
5505 0 0 -0.000280
5510 0 0 -0.000308
5515 0 0 -0.000338
5520 0 0 -0.000370
5525 0 0 -0.000401
5530 0 0 -0.000428
5535 0 0 -0.000450
5540 0 0 -0.000465
5545 0 0 -0.000471
5550 0 0 -0.000470
5555 0 0 -0.000462
5560 0 0 -0.000456
5565 0 0 -0.000460
5570 0 0 -0.000478
5575 0 0 -0.000490
5580 0 0 -0.000470
5585 0 0 -0.000404
5590 0 0 -0.000320
5595 0 0 -0.000260
5600 0 0 -0.000251
5605 0 0 -0.000270
5610 0 0 -0.000280
5615 0 0 -0.000256
5620 0 0 -0.000218
5625 0 0 -0.000200
5630 0 0 -0.000222
5635 0 0 -0.000263
5640 0 0 -0.000290
5645 0 0 -0.000279
5650 0 0 -0.000244
5655 0 0 -0.000210
5660 0 0 -0.000195
5665 0 0 -0.000197
5670 0 0 -0.000210
5675 0 0 -0.000226
5680 0 0 -0.000235
5685 0 0 -0.000230
5690 0 0 -0.000206
5695 0 0 -0.000179
5700 0 0 -0.000170
5705 0 0 -0.000193
5710 0 0 -0.000226
5715 0 0 -0.000240
5720 0 0 -0.000215
5725 0 0 -0.000172
5730 0 0 -0.000140
5735 0 0 -0.000142
5740 0 0 -0.000163
5745 0 0 -0.000180
5750 0 0 -0.000177
5755 0 0 -0.000160
5760 0 0 -0.000140
5765 0 0 -0.000128
5770 0 0 -0.000125
5775 0 0 -0.000130
5780 0 0 -0.000142
5785 0 0 -0.000149
5790 0 0 -0.000140
5795 0 0 -0.000109
5800 0 0 -0.000079
5805 0 0 -0.000080
5810 0 0 -0.000129
5815 0 0 -0.000193
5820 0 0 -0.000230
5825 0 0 -0.000209
5830 0 0 -0.000159
5835 0 0 -0.000120
5840 0 0 -0.000123
5845 0 0 -0.000153
5850 0 0 -0.000180
5855 0 0 -0.000184
5860 0 0 -0.000170
5865 0 0 -0.000150
5870 0 0 -0.000134
5875 0 0 -0.000123
5880 0 0 -0.000120
5885 0 0 -0.000123
5890 0 0 -0.000125
5895 0 0 -0.000120
5900 0 0 -0.000104
5905 0 0 -0.000088
5910 0 0 -0.000090
5915 0 0 -0.000118
5920 0 0 -0.000150
5925 0 0 -0.000160
5930 0 0 -0.000129
5935 0 0 -0.000086
5940 0 0 -0.000070
5945 0 0 -0.000106
5950 0 0 -0.000164
5955 0 0 -0.000200
5960 0 0 -0.000185
5965 0 0 -0.000145
5970 0 0 -0.000120
5975 0 0 -0.000138
5980 0 0 -0.000179
5985 0 0 -0.000210
5990 0 0 -0.000208
5995 0 0 -0.000184
6000 0 0 -0.000160
6005 0 0 -0.000151
6010 0 0 -0.000153
6015 0 0 -0.000160
6020 0 0 -0.000165
6025 0 0 -0.000168
6030 0 0 -0.000170
6035 0 0 -0.000172
6040 0 0 -0.000167
6045 0 0 -0.000150
6050 0 0 -0.000118
6055 0 0 -0.000087
6060 0 0 -0.000080
6065 0 0 -0.000109
6070 0 0 -0.000150
6075 0 0 -0.000170
6080 0 0 -0.000149
6085 0 0 -0.000110
6090 0 0 -0.000090
6095 0 0 -0.000113
6100 0 0 -0.000157
6105 0 0 -0.000190
6110 0 0 -0.000189
6115 0 0 -0.000168
6120 0 0 -0.000150
6125 0 0 -0.000151
6130 0 0 -0.000162
6135 0 0 -0.000170
6140 0 0 -0.000163
6145 0 0 -0.000146
6150 0 0 -0.000130
6155 0 0 -0.000121
6160 0 0 -0.000119
6165 0 0 -0.000120
6170 0 0 -0.000121
6175 0 0 -0.000121
6180 0 0 -0.000120
6185 0 0 -0.000117
6190 0 0 -0.000111
6195 0 0 -0.000100
6200 0 0 -0.000085
6205 0 0 -0.000085
6210 0 0 -0.000120
6215 0 0 -0.000202
6220 0 0 -0.000302
6225 0 0 -0.000380
6230 0 0 -0.000406
6235 0 0 -0.000388
6240 0 0 -0.000340
6245 0 0 -0.000280
6250 0 0 -0.000232
6255 0 0 -0.000220
6260 0 0 -0.000258
6265 0 0 -0.000312
6270 0 0 -0.000340
6275 0 0 -0.000311
6280 0 0 -0.000251
6285 0 0 -0.000200
6290 0 0 -0.000189
6295 0 0 -0.000209
6300 0 0 -0.000240
6305 0 0 -0.000266
6310 0 0 -0.000278
6315 0 0 -0.000270
6320 0 0 -0.000239
6325 0 0 -0.000197
6330 0 0 -0.000160
6335 0 0 -0.000141
6340 0 0 -0.000134
6345 0 0 -0.000130
6350 0 0 -0.000122
6355 0 0 -0.000119
6360 0 0 -0.000130
6365 0 0 -0.000162
6370 0 0 -0.000199
6375 0 0 -0.000220
6380 0 0 -0.000212
6385 0 0 -0.000190
6390 0 0 -0.000180
6395 0 0 -0.000196
6400 0 0 -0.000224
6405 0 0 -0.000240
6410 0 0 -0.000227
6415 0 0 -0.000192
6420 0 0 -0.000150
6425 0 0 -0.000117
6430 0 0 -0.000128
6435 0 0 -0.000220
6440 0 0 -0.000405
6445 0 0 -0.000596
6450 0 0 -0.000680
6455 0 0 -0.000582
6460 0 0 -0.000380
6465 0 0 -0.000190
6470 0 0 -0.000102
6475 0 0 -0.000097
6480 0 0 -0.000130
6485 0 0 -0.000163
6490 0 0 -0.000187
6495 0 0 -0.000200
6500 0 0 -0.000202
6505 0 0 -0.000199
6510 0 0 -0.000200
6515 0 0 -0.000210
6520 0 0 -0.000225
6525 0 0 -0.000240
6530 0 0 -0.000250
6535 0 0 -0.000251
6540 0 0 -0.000240
6545 0 0 -0.000217
6550 0 0 -0.000190
6555 0 0 -0.000170
6560 0 0 -0.000164
6565 0 0 -0.000170
6570 0 0 -0.000180
6575 0 0 -0.000189
6580 0 0 -0.000188
6585 0 0 -0.000170
6590 0 0 -0.000133
6595 0 0 -0.000105
6600 0 0 -0.000120
6605 0 0 -0.000195
6610 0 0 -0.000286
6615 0 0 -0.000330
6620 0 0 -0.000286
6625 0 0 -0.000196
6630 0 0 -0.000120
6635 0 0 -0.000105
6640 0 0 -0.000135
6645 0 0 -0.000180
6650 0 0 -0.000215
6655 0 0 -0.000235
6660 0 0 -0.000240
6665 0 0 -0.000231
6670 0 0 -0.000220
6675 0 0 -0.000220
6680 0 0 -0.000240
6685 0 0 -0.000266
6690 0 0 -0.000280
6695 0 0 -0.000268
6700 0 0 -0.000239
6705 0 0 -0.000210
6710 0 0 -0.000193
6715 0 0 -0.000190
6720 0 0 -0.000200
6725 0 0 -0.000223
6730 0 0 -0.000257
6735 0 0 -0.000300
6740 0 0 -0.000351
6745 0 0 -0.000411
6750 0 0 -0.000480
6755 0 0 -0.000554
6760 0 0 -0.000607
6765 0 0 -0.000610
6770 0 0 -0.000549
6775 0 0 -0.000476
6780 0 0 -0.000460
6785 0 0 -0.000545
6790 0 0 -0.000675
6795 0 0 -0.000770
6800 0 0 -0.000775
6805 0 0 -0.000727
6810 0 0 -0.000690
6815 0 0 -0.000706
6820 0 0 -0.000743
6825 0 0 -0.000750
6830 0 0 -0.000691
6835 0 0 -0.000594
6840 0 0 -0.000500
6845 0 0 -0.000443
6850 0 0 -0.000415
6855 0 0 -0.000400
6860 0 0 -0.000385
6865 0 0 -0.000375
6870 0 0 -0.000380
6875 0 0 -0.000404
6880 0 0 -0.000428
6885 0 0 -0.000430
6890 0 0 -0.000394
6895 0 0 -0.000339
6900 0 0 -0.000290
6905 0 0 -0.000271
6910 0 0 -0.000284
6915 0 0 -0.000330
6920 0 0 -0.000402
6925 0 0 -0.000468
6930 0 0 -0.000490
6935 0 0 -0.000445
6940 0 0 -0.000364
6945 0 0 -0.000290
6950 0 0 -0.000258
6955 0 0 -0.000258
6960 0 0 -0.000270
6965 0 0 -0.000278
6970 0 0 -0.000291
6975 0 0 -0.000320
6980 0 0 -0.000372
6985 0 0 -0.000422
6990 0 0 -0.000440
6995 0 0 -0.000405
7000 0 0 -0.000342
7005 0 0 -0.000290
7010 0 0 -0.000274
7015 0 0 -0.000280
7020 0 0 -0.000280
7025 0 0 -0.000256
7030 0 0 -0.000223
7035 0 0 -0.000200
7040 0 0 -0.000204
7045 0 0 -0.000229
7050 0 0 -0.000260
7055 0 0 -0.000286
7060 0 0 -0.000302
7065 0 0 -0.000300
7070 0 0 -0.000281
7075 0 0 -0.000263
7080 0 0 -0.000270
7085 0 0 -0.000314
7090 0 0 -0.000370
7095 0 0 -0.000400
7100 0 0 -0.000379
7105 0 0 -0.000321
7110 0 0 -0.000250
7115 0 0 -0.000187
7120 0 0 -0.000144
7125 0 0 -0.000130
7130 0 0 -0.000148
7135 0 0 -0.000177
7140 0 0 -0.000190
7145 0 0 -0.000169
7150 0 0 -0.000131
7155 0 0 -0.000100
7160 0 0 -0.000095
7165 0 0 -0.000110
7170 0 0 -0.000130
7175 0 0 -0.000145
7180 0 0 -0.000149
7185 0 0 -0.000140
7190 0 0 -0.000117
7195 0 0 -0.000097
7200 0 0 -0.000100
7205 0 0 -0.000137
7210 0 0 -0.000187
7215 0 0 -0.000220
7220 0 0 -0.000214
7225 0 0 -0.000184
7230 0 0 -0.000150
7235 0 0 -0.000132
7240 0 0 -0.000132
7245 0 0 -0.000150
7250 0 0 -0.000180
7255 0 0 -0.000204
7260 0 0 -0.000200
7265 0 0 -0.000155
7270 0 0 -0.000096
7275 0 0 -0.000060
7280 0 0 -0.000071
7285 0 0 -0.000112
7290 0 0 -0.000150
7295 0 0 -0.000163
7300 0 0 -0.000153
7305 0 0 -0.000130
7310 0 0 -0.000103
7315 0 0 -0.000085
7320 0 0 -0.000090
7325 0 0 -0.000124
7330 0 0 -0.000167
7335 0 0 -0.000190
7340 0 0 -0.000174
7345 0 0 -0.000141
7350 0 0 -0.000120
7355 0 0 -0.000132
7360 0 0 -0.000164
7365 0 0 -0.000190
7370 0 0 -0.000193
7375 0 0 -0.000179
7380 0 0 -0.000160
7385 0 0 -0.000145
7390 0 0 -0.000138
7395 0 0 -0.000140
7400 0 0 -0.000152
7405 0 0 -0.000165
7410 0 0 -0.000170
7415 0 0 -0.000160
7420 0 0 -0.000140
7425 0 0 -0.000120
7430 0 0 -0.000108
7435 0 0 -0.000104
7440 0 0 -0.000110
7445 0 0 -0.000124
7450 0 0 -0.000143
7455 0 0 -0.000160
7460 0 0 -0.000172
7465 0 0 -0.000181
7470 0 0 -0.000190
7475 0 0 -0.000201
7480 0 0 -0.000209
7485 0 0 -0.000210
7490 0 0 -0.000199
7495 0 0 -0.000180
7500 0 0 -0.000160
7505 0 0 -0.000144
7510 0 0 -0.000139
7515 0 0 -0.000150
7520 0 0 -0.000179
7525 0 0 -0.000207
7530 0 0 -0.000210
7535 0 0 -0.000172
7540 0 0 -0.000118
7545 0 0 -0.000080
7550 0 0 -0.000082
7555 0 0 -0.000110
7560 0 0 -0.000140
7565 0 0 -0.000152
7570 0 0 -0.000147
7575 0 0 -0.000130
7580 0 0 -0.000107
7585 0 0 -0.000090
7590 0 0 -0.000090
7595 0 0 -0.000114
7600 0 0 -0.000145
7605 0 0 -0.000160
7610 0 0 -0.000145
7615 0 0 -0.000119
7620 0 0 -0.000110
7625 0 0 -0.000137
7630 0 0 -0.000178
7635 0 0 -0.000200
7640 0 0 -0.000184
7645 0 0 -0.000162
7650 0 0 -0.000180
7655 0 0 -0.000264
7660 0 0 -0.000371
7665 0 0 -0.000440
7670 0 0 -0.000427
7675 0 0 -0.000356
7680 0 0 -0.000270
7685 0 0 -0.000206
7690 0 0 -0.000176
7695 0 0 -0.000190
7700 0 0 -0.000246
7705 0 0 -0.000307
7710 0 0 -0.000330
7715 0 0 -0.000285
7720 0 0 -0.000213
7725 0 0 -0.000170
7730 0 0 -0.000194
7735 0 0 -0.000254
7740 0 0 -0.000300
7745 0 0 -0.000295
7750 0 0 -0.000252
7755 0 0 -0.000200
7760 0 0 -0.000161
7765 0 0 -0.000146
7770 0 0 -0.000160
7775 0 0 -0.000204
7780 0 0 -0.000259
7785 0 0 -0.000300
7790 0 0 -0.000309
7795 0 0 -0.000289
7800 0 0 -0.000250
7805 0 0 -0.000204
7810 0 0 -0.000165
7815 0 0 -0.000150
7820 0 0 -0.000168
7825 0 0 -0.000197
7830 0 0 -0.000210
7835 0 0 -0.000188
7840 0 0 -0.000157
7845 0 0 -0.000150
7850 0 0 -0.000190
7855 0 0 -0.000250
7860 0 0 -0.000290
7865 0 0 -0.000281
7870 0 0 -0.000238
7875 0 0 -0.000190
7880 0 0 -0.000163
7885 0 0 -0.000179
7890 0 0 -0.000260
7895 0 0 -0.000409
7900 0 0 -0.000555
7905 0 0 -0.000610
7910 0 0 -0.000516
7915 0 0 -0.000345
7920 0 0 -0.000200
7925 0 0 -0.000158
7930 0 0 -0.000188
7935 0 0 -0.000230
7940 0 0 -0.000241
7945 0 0 -0.000232
7950 0 0 -0.000230
7955 0 0 -0.000256
7960 0 0 -0.000318
7965 0 0 -0.000420
7970 0 0 -0.000557
7975 0 0 -0.000685
7980 0 0 -0.000750
7985 0 0 -0.000716
7990 0 0 -0.000621
7995 0 0 -0.000520
8000 0 0 -0.000455
8005 0 0 -0.000416
8010 0 0 -0.000380
8015 0 0 -0.000332
8020 0 0 -0.000290
8025 0 0 -0.000280
8030 0 0 -0.000318
8035 0 0 -0.000374
8040 0 0 -0.000410
8045 0 0 -0.000396
8050 0 0 -0.000353
8055 0 0 -0.000310
8060 0 0 -0.000291
8065 0 0 -0.000284
8070 0 0 -0.000270
8075 0 0 -0.000236
8080 0 0 -0.000198
8085 0 0 -0.000180
8090 0 0 -0.000201
8095 0 0 -0.000270
8100 0 0 -0.000390
8105 0 0 -0.000556
8110 0 0 -0.000719
8115 0 0 -0.000820
8120 0 0 -0.000816
8125 0 0 -0.000727
8130 0 0 -0.000590
8135 0 0 -0.000452
8140 0 0 -0.000400
8145 0 0 -0.000530
8150 0 0 -0.000890
8155 0 0 -0.001330
8160 0 0 -0.001650
8165 0 0 -0.001700
8170 0 0 -0.001530
8175 0 0 -0.001240
8180 0 0 -0.000920
8185 0 0 -0.000628
8190 0 0 -0.000410
8195 0 0 -0.000299
8200 0 0 -0.000262
8205 0 0 -0.000250
8210 0 0 -0.000228
8215 0 0 -0.000214
8220 0 0 -0.000240
8225 0 0 -0.000324
8230 0 0 -0.000428
8235 0 0 -0.000500
8240 0 0 -0.000505
8245 0 0 -0.000475
8250 0 0 -0.000460
8255 0 0 -0.000492
8260 0 0 -0.000541
8265 0 0 -0.000560
8270 0 0 -0.000515
8275 0 0 -0.000432
8280 0 0 -0.000350
8285 0 0 -0.000300
8290 0 0 -0.000285
8295 0 0 -0.000300
8300 0 0 -0.000337
8305 0 0 -0.000377
8310 0 0 -0.000400
8315 0 0 -0.000391
8320 0 0 -0.000367
8325 0 0 -0.000350
8330 0 0 -0.000357
8335 0 0 -0.000381
8340 0 0 -0.000410
8345 0 0 -0.000431
8350 0 0 -0.000435
8355 0 0 -0.000410
8360 0 0 -0.000354
8365 0 0 -0.000296
8370 0 0 -0.000270
8375 0 0 -0.000299
8380 0 0 -0.000350
8385 0 0 -0.000380
8390 0 0 -0.000358
8395 0 0 -0.000313
8400 0 0 -0.000290
8405 0 0 -0.000318
8410 0 0 -0.000369
8415 0 0 -0.000400
8420 0 0 -0.000382
8425 0 0 -0.000346
8430 0 0 -0.000340
8435 0 0 -0.000393
8440 0 0 -0.000470
8445 0 0 -0.000520
8450 0 0 -0.000507
8455 0 0 -0.000452
8460 0 0 -0.000390
8465 0 0 -0.000350
8470 0 0 -0.000330
8475 0 0 -0.000320
8480 0 0 -0.000312
8485 0 0 -0.000308
8490 0 0 -0.000310
8495 0 0 -0.000319
8500 0 0 -0.000328
8505 0 0 -0.000330
8510 0 0 -0.000318
8515 0 0 -0.000294
8520 0 0 -0.000260
8525 0 0 -0.000221
8530 0 0 -0.000188
8535 0 0 -0.000170
8540 0 0 -0.000174
8545 0 0 -0.000184
8550 0 0 -0.000180
8555 0 0 -0.000149
8560 0 0 -0.000109
8565 0 0 -0.000090
8570 0 0 -0.000109
8575 0 0 -0.000151
8580 0 0 -0.000190
8585 0 0 -0.000206
8590 0 0 -0.000201
8595 0 0 -0.000180
8600 0 0 -0.000152
8605 0 0 -0.000130
8610 0 0 -0.000130
8615 0 0 -0.000159
8620 0 0 -0.000196
8625 0 0 -0.000210
8630 0 0 -0.000183
8635 0 0 -0.000136
8640 0 0 -0.000100
8645 0 0 -0.000097
8650 0 0 -0.000117
8655 0 0 -0.000140
8660 0 0 -0.000151
8665 0 0 -0.000147
8670 0 0 -0.000130
8675 0 0 -0.000102
8680 0 0 -0.000080
8685 0 0 -0.000080
8690 0 0 -0.000113
8695 0 0 -0.000156
8700 0 0 -0.000180
8705 0 0 -0.000165
8710 0 0 -0.000131
8715 0 0 -0.000110
8720 0 0 -0.000124
8725 0 0 -0.000158
8730 0 0 -0.000190
8735 0 0 -0.000201
8740 0 0 -0.000193
8745 0 0 -0.000170
8750 0 0 -0.000140
8755 0 0 -0.000118
8760 0 0 -0.000120
8765 0 0 -0.000154
8770 0 0 -0.000195
8775 0 0 -0.000210
8780 0 0 -0.000177
8785 0 0 -0.000121
8790 0 0 -0.000080
8795 0 0 -0.000081
8800 0 0 -0.000110
8805 0 0 -0.000140
8810 0 0 -0.000152
8815 0 0 -0.000147
8820 0 0 -0.000130
8825 0 0 -0.000108
8830 0 0 -0.000091
8835 0 0 -0.000090
8840 0 0 -0.000111
8845 0 0 -0.000142
8850 0 0 -0.000170
8855 0 0 -0.000182
8860 0 0 -0.000180
8865 0 0 -0.000170
8870 0 0 -0.000157
8875 0 0 -0.000148
8880 0 0 -0.000150
8885 0 0 -0.000166
8890 0 0 -0.000189
8895 0 0 -0.000210
8900 0 0 -0.000221
8905 0 0 -0.000223
8910 0 0 -0.000220
8915 0 0 -0.000213
8920 0 0 -0.000198
8925 0 0 -0.000170
8930 0 0 -0.000129
8935 0 0 -0.000089
8940 0 0 -0.000070
8945 0 0 -0.000085
8950 0 0 -0.000119
8955 0 0 -0.000150
8960 0 0 -0.000161
8965 0 0 -0.000152
8970 0 0 -0.000130
8975 0 0 -0.000102
8980 0 0 -0.000083
8985 0 0 -0.000090
8990 0 0 -0.000131
8995 0 0 -0.000182
9000 0 0 -0.000210
9005 0 0 -0.000194
9010 0 0 -0.000156
9015 0 0 -0.000130
9020 0 0 -0.000140
9025 0 0 -0.000169
9030 0 0 -0.000190
9035 0 0 -0.000185
9040 0 0 -0.000163
9045 0 0 -0.000140
9050 0 0 -0.000130
9055 0 0 -0.000129
9060 0 0 -0.000130
9065 0 0 -0.000128
9070 0 0 -0.000124
9075 0 0 -0.000120
9080 0 0 -0.000117
9085 0 0 -0.000115
9090 0 0 -0.000110
9095 0 0 -0.000104
9100 0 0 -0.000109
9105 0 0 -0.000140
9110 0 0 -0.000204
9115 0 0 -0.000278
9120 0 0 -0.000330
9125 0 0 -0.000336
9130 0 0 -0.000309
9135 0 0 -0.000270
9140 0 0 -0.000236
9145 0 0 -0.000215
9150 0 0 -0.000210
9155 0 0 -0.000222
9160 0 0 -0.000240
9165 0 0 -0.000250
9170 0 0 -0.000242
9175 0 0 -0.000225
9180 0 0 -0.000210
9185 0 0 -0.000206
9190 0 0 -0.000206
9195 0 0 -0.000200
9200 0 0 -0.000182
9205 0 0 -0.000159
9210 0 0 -0.000140
9215 0 0 -0.000136
9220 0 0 -0.000161
9225 0 0 -0.000230
9230 0 0 -0.000345
9235 0 0 -0.000454
9240 0 0 -0.000490
9245 0 0 -0.000412
9250 0 0 -0.000273
9255 0 0 -0.000150
9260 0 0 -0.000103
9265 0 0 -0.000123
9270 0 0 -0.000180
9275 0 0 -0.000250
9280 0 0 -0.000315
9285 0 0 -0.000360
9290 0 0 -0.000376
9295 0 0 -0.000371
9300 0 0 -0.000360
9305 0 0 -0.000353
9310 0 0 -0.000343
9315 0 0 -0.000320
9320 0 0 -0.000279
9325 0 0 -0.000240
9330 0 0 -0.000230
9335 0 0 -0.000265
9340 0 0 -0.000312
9345 0 0 -0.000330
9350 0 0 -0.000289
9355 0 0 -0.000218
9360 0 0 -0.000160
9365 0 0 -0.000146
9370 0 0 -0.000162
9375 0 0 -0.000180
9380 0 0 -0.000185
9385 0 0 -0.000206
9390 0 0 -0.000280
9395 0 0 -0.000425
9400 0 0 -0.000572
9405 0 0 -0.000630
9410 0 0 -0.000540
9415 0 0 -0.000371
9420 0 0 -0.000220
9425 0 0 -0.000163
9430 0 0 -0.000179
9435 0 0 -0.000220
9440 0 0 -0.000250
9445 0 0 -0.000262
9450 0 0 -0.000260
9455 0 0 -0.000247
9460 0 0 -0.000228
9465 0 0 -0.000210
9470 0 0 -0.000198
9475 0 0 -0.000191
9480 0 0 -0.000190
9485 0 0 -0.000193
9490 0 0 -0.000197
9495 0 0 -0.000200
9500 0 0 -0.000199
9505 0 0 -0.000195
9510 0 0 -0.000190
9515 0 0 -0.000185
9520 0 0 -0.000181
9525 0 0 -0.000180
9530 0 0 -0.000184
9535 0 0 -0.000191
9540 0 0 -0.000200
9545 0 0 -0.000210
9550 0 0 -0.000215
9555 0 0 -0.000210
9560 0 0 -0.000195
9565 0 0 -0.000190
9570 0 0 -0.000220
9575 0 0 -0.000298
9580 0 0 -0.000385
9585 0 0 -0.000430
9590 0 0 -0.000397
9595 0 0 -0.000320
9600 0 0 -0.000250
9605 0 0 -0.000224
9610 0 0 -0.000232
9615 0 0 -0.000250
9620 0 0 -0.000259
9625 0 0 -0.000261
9630 0 0 -0.000260
9635 0 0 -0.000262
9640 0 0 -0.000266
9645 0 0 -0.000270
9650 0 0 -0.000273
9655 0 0 -0.000273
9660 0 0 -0.000270
9665 0 0 -0.000265
9670 0 0 -0.000273
9675 0 0 -0.000310
9680 0 0 -0.000387
9685 0 0 -0.000486
9690 0 0 -0.000580
9695 0 0 -0.000647
9700 0 0 -0.000678
9705 0 0 -0.000670
9710 0 0 -0.000623
9715 0 0 -0.000563
9720 0 0 -0.000520
9725 0 0 -0.000517
9730 0 0 -0.000536
9735 0 0 -0.000550
9740 0 0 -0.000539
9745 0 0 -0.000509
9750 0 0 -0.000470
9755 0 0 -0.000434
9760 0 0 -0.000405
9765 0 0 -0.000390
9770 0 0 -0.000391
9775 0 0 -0.000403
9780 0 0 -0.000420
9785 0 0 -0.000435
9790 0 0 -0.000439
9795 0 0 -0.000420
9800 0 0 -0.000377
9805 0 0 -0.000338
9810 0 0 -0.000340
9815 0 0 -0.000404
9820 0 0 -0.000487
9825 0 0 -0.000530
9830 0 0 -0.000492
9835 0 0 -0.000410
9840 0 0 -0.000340
9845 0 0 -0.000324
9850 0 0 -0.000346
9855 0 0 -0.000380
9860 0 0 -0.000401
9865 0 0 -0.000407
9870 0 0 -0.000400
9875 0 0 -0.000382
9880 0 0 -0.000360
9885 0 0 -0.000340
9890 0 0 -0.000327
9895 0 0 -0.000320
9900 0 0 -0.000320
9905 0 0 -0.000325
9910 0 0 -0.000332
9915 0 0 -0.000340
9920 0 0 -0.000347
9925 0 0 -0.000350
9930 0 0 -0.000350
9935 0 0 -0.000345
9940 0 0 -0.000340
9945 0 0 -0.000340
9950 0 0 -0.000348
9955 0 0 -0.000360
9960 0 0 -0.000370
9965 0 0 -0.000374
9970 0 0 -0.000373
9975 0 0 -0.000370
9980 0 0 -0.000368
9985 0 0 -0.000360
9990 0 0 -0.000340
9995 0 0 -0.000305
10000 0 0 -0.000266
10005 0 0 -0.000240
10010 0 0 -0.000237
10015 0 0 -0.000246
10020 0 0 -0.000250
10025 0 0 -0.000238
10030 0 0 -0.000217
10035 0 0 -0.000200
10040 0 0 -0.000197
10045 0 0 -0.000203
10050 0 0 -0.000210
10055 0 0 -0.000212
10060 0 0 -0.000208
10065 0 0 -0.000200
10070 0 0 -0.000190
10075 0 0 -0.000180
