0 0 0 -0.000260
5 0 0 -0.000374
10 0 0 -0.000435
15 0 0 -0.000460
20 0 0 -0.000463
25 0 0 -0.000458
30 0 0 -0.000460
35 0 0 -0.000479
40 0 0 -0.000505
45 0 0 -0.000520
50 0 0 -0.000512
55 0 0 -0.000478
60 0 0 -0.000420
65 0 0 -0.000344
70 0 0 -0.000279
75 0 0 -0.000260
80 0 0 -0.000307
85 0 0 -0.000379
90 0 0 -0.000420
95 0 0 -0.000391
100 0 0 -0.000322
105 0 0 -0.000260
110 0 0 -0.000242
115 0 0 -0.000256
120 0 0 -0.000280
125 0 0 -0.000294
130 0 0 -0.000289
135 0 0 -0.000260
140 0 0 -0.000209
145 0 0 -0.000164
150 0 0 -0.000160
155 0 0 -0.000218
160 0 0 -0.000291
165 0 0 -0.000320
170 0 0 -0.000265
175 0 0 -0.000180
180 0 0 -0.000140
185 0 0 -0.000194
190 0 0 -0.000287
195 0 0 -0.000340
200 0 0 -0.000298
205 0 0 -0.000212
210 0 0 -0.000160
215 0 0 -0.000197
220 0 0 -0.000284
225 0 0 -0.000360
230 0 0 -0.000378
235 0 0 -0.000355
240 0 0 -0.000320
245 0 0 -0.000299
250 0 0 -0.000294
255 0 0 -0.000300
260 0 0 -0.000312
265 0 0 -0.000322
270 0 0 -0.000320
275 0 0 -0.000303
280 0 0 -0.000283
285 0 0 -0.000280
290 0 0 -0.000303
295 0 0 -0.000327
300 0 0 -0.000320
305 0 0 -0.000263
310 0 0 -0.000193
315 0 0 -0.000160
320 0 0 -0.000196
325 0 0 -0.000262
330 0 0 -0.000300
335 0 0 -0.000270
340 0 0 -0.000211
345 0 0 -0.000180
350 0 0 -0.000214
355 0 0 -0.000273
360 0 0 -0.000300
365 0 0 -0.000256
370 0 0 -0.000182
375 0 0 -0.000140
380 0 0 -0.000172
385 0 0 -0.000244
390 0 0 -0.000300
395 0 0 -0.000302
400 0 0 -0.000275
405 0 0 -0.000260
410 0 0 -0.000286
415 0 0 -0.000330
420 0 0 -0.000360
425 0 0 -0.000350
430 0 0 -0.000315
435 0 0 -0.000280
440 0 0 -0.000266
445 0 0 -0.000278
450 0 0 -0.000320
455 0 0 -0.000386
460 0 0 -0.000441
465 0 0 -0.000440
470 0 0 -0.000359
475 0 0 -0.000249
480 0 0 -0.000180
485 0 0 -0.000201
490 0 0 -0.000279
495 0 0 -0.000360
500 0 0 -0.000400
505 0 0 -0.000393
510 0 0 -0.000340
515 0 0 -0.000255
520 0 0 -0.000194
525 0 0 -0.000220
530 0 0 -0.000372
535 0 0 -0.000573
540 0 0 -0.000720
545 0 0 -0.000735
550 0 0 -0.000649
555 0 0 -0.000520
560 0 0 -0.000405
565 0 0 -0.000361
570 0 0 -0.000440
575 0 0 -0.000665
580 0 0 -0.000921
585 0 0 -0.001060
590 0 0 -0.000983
595 0 0 -0.000788
600 0 0 -0.000620
605 0 0 -0.000588
610 0 0 -0.000648
615 0 0 -0.000720
620 0 0 -0.000741
625 0 0 -0.000719
630 0 0 -0.000680
635 0 0 -0.000647
640 0 0 -0.000626
645 0 0 -0.000620
650 0 0 -0.000627
655 0 0 -0.000623
660 0 0 -0.000580
665 0 0 -0.000484
670 0 0 -0.000388
675 0 0 -0.000360
680 0 0 -0.000443
685 0 0 -0.000573
690 0 0 -0.000660
695 0 0 -0.000648
700 0 0 -0.000612
705 0 0 -0.000660
710 0 0 -0.000858
715 0 0 -0.001105
720 0 0 -0.001260
725 0 0 -0.001221
730 0 0 -0.001047
735 0 0 -0.000840
740 0 0 -0.000683
745 0 0 -0.000590
750 0 0 -0.000560
755 0 0 -0.000582
760 0 0 -0.000612
765 0 0 -0.000600
770 0 0 -0.000525
775 0 0 -0.000488
780 0 0 -0.000620
785 0 0 -0.000988
790 0 0 -0.001395
795 0 0 -0.001580
800 0 0 -0.001367
805 0 0 -0.000933
810 0 0 -0.000540
815 0 0 -0.000386
820 0 0 -0.000409
825 0 0 -0.000480
830 0 0 -0.000499
835 0 0 -0.000473
840 0 0 -0.000440
845 0 0 -0.000426
850 0 0 -0.000430
855 0 0 -0.000440
860 0 0 -0.000448
865 0 0 -0.000454
870 0 0 -0.000460
875 0 0 -0.000466
880 0 0 -0.000473
885 0 0 -0.000480
890 0 0 -0.000486
895 0 0 -0.000487
900 0 0 -0.000480
905 0 0 -0.000466
910 0 0 -0.000475
915 0 0 -0.000540
920 0 0 -0.000678
925 0 0 -0.000830
930 0 0 -0.000920
935 0 0 -0.000893
940 0 0 -0.000781
945 0 0 -0.000640
950 0 0 -0.000520
955 0 0 -0.000451
960 0 0 -0.000460
965 0 0 -0.000557
970 0 0 -0.000697
975 0 0 -0.000820
980 0 0 -0.000885
985 0 0 -0.000933
990 0 0 -0.001020
995 0 0 -0.001179
1000 0 0 -0.001328
1005 0 0 -0.001360
1010 0 0 -0.001207
1015 0 0 -0.000973
1020 0 0 -0.000800
1025 0 0 -0.000791
1030 0 0 -0.000876
1035 0 0 -0.000940
1040 0 0 -0.000905
1045 0 0 -0.000828
1050 0 0 -0.000800
1055 0 0 -0.000879
1060 0 0 -0.000994
1065 0 0 -0.001040
1070 0 0 -0.000948
1075 0 0 -0.000786
1080 0 0 -0.000660
1085 0 0 -0.000645
1090 0 0 -0.000701
1095 0 0 -0.000760
1100 0 0 -0.000771
1105 0 0 -0.000742
1110 0 0 -0.000700
1115 0 0 -0.000665
1120 0 0 -0.000639
1125 0 0 -0.000620
1130 0 0 -0.000605
1135 0 0 -0.000597
1140 0 0 -0.000600
1145 0 0 -0.000612
1150 0 0 -0.000613
1155 0 0 -0.000580
1160 0 0 -0.000502
1165 0 0 -0.000428
1170 0 0 -0.000420
1175 0 0 -0.000515
1180 0 0 -0.000650
1185 0 0 -0.000740
1190 0 0 -0.000722
1195 0 0 -0.000635
1200 0 0 -0.000540
1205 0 0 -0.000485
1210 0 0 -0.000456
1215 0 0 -0.000420
1220 0 0 -0.000361
1225 0 0 -0.000318
1230 0 0 -0.000340
1235 0 0 -0.000458
1240 0 0 -0.000611
1245 0 0 -0.000720
1250 0 0 -0.000726
1255 0 0 -0.000666
1260 0 0 -0.000600
1265 0 0 -0.000575
1270 0 0 -0.000582
1275 0 0 -0.000600
1280 0 0 -0.000612
1285 0 0 -0.000617
1290 0 0 -0.000620
1295 0 0 -0.000625
1300 0 0 -0.000631
1305 0 0 -0.000640
1310 0 0 -0.000648
1315 0 0 -0.000646
1320 0 0 -0.000620
1325 0 0 -0.000565
1330 0 0 -0.000502
1335 0 0 -0.000460
1340 0 0 -0.000463
1345 0 0 -0.000517
1350 0 0 -0.000620
1355 0 0 -0.000763
1360 0 0 -0.000891
1365 0 0 -0.000940
1370 0 0 -0.000868
1375 0 0 -0.000734
1380 0 0 -0.000620
1385 0 0 -0.000585
1390 0 0 -0.000592
1395 0 0 -0.000580
1400 0 0 -0.000508
1405 0 0 -0.000415
1410 0 0 -0.000360
1415 0 0 -0.000382
1420 0 0 -0.000441
1425 0 0 -0.000480
1430 0 0 -0.000458
1435 0 0 -0.000402
1440 0 0 -0.000360
1445 0 0 -0.000365
1450 0 0 -0.000406
1455 0 0 -0.000460
1460 0 0 -0.000507
1465 0 0 -0.000541
1470 0 0 -0.000560
1475 0 0 -0.000563
1480 0 0 -0.000554
1485 0 0 -0.000540
1490 0 0 -0.000525
1495 0 0 -0.000512
1500 0 0 -0.000500
1505 0 0 -0.000491
1510 0 0 -0.000484
1515 0 0 -0.000480
1520 0 0 -0.000475
1525 0 0 -0.000460
1530 0 0 -0.000420
1535 0 0 -0.000350
1540 0 0 -0.000268
1545 0 0 -0.000200
1550 0 0 -0.000166
1555 0 0 -0.000167
1560 0 0 -0.000200
1565 0 0 -0.000258
1570 0 0 -0.000320
1575 0 0 -0.000360
1580 0 0 -0.000358
1585 0 0 -0.000321
1590 0 0 -0.000260
1595 0 0 -0.000190
1600 0 0 -0.000140
1605 0 0 -0.000140
1610 0 0 -0.000207
1615 0 0 -0.000299
1620 0 0 -0.000360
1625 0 0 -0.000350
1630 0 0 -0.000296
1635 0 0 -0.000240
1640 0 0 -0.000218
1645 0 0 -0.000233
1650 0 0 -0.000280
1655 0 0 -0.000350
1660 0 0 -0.000414
1665 0 0 -0.000440
1670 0 0 -0.000407
1675 0 0 -0.000341
1680 0 0 -0.000280
1685 0 0 -0.000255
1690 0 0 -0.000264
1695 0 0 -0.000300
1700 0 0 -0.000350
1705 0 0 -0.000392
1710 0 0 -0.000400
1715 0 0 -0.000357
1720 0 0 -0.000286
1725 0 0 -0.000220
1730 0 0 -0.000186
1735 0 0 -0.000187
1740 0 0 -0.000220
1745 0 0 -0.000278
1750 0 0 -0.000330
1755 0 0 -0.000340
1760 0 0 -0.000287
1765 0 0 -0.000210
1770 0 0 -0.000160
1775 0 0 -0.000176
1780 0 0 -0.000234
1785 0 0 -0.000300
1790 0 0 -0.000341
1795 0 0 -0.000348
1800 0 0 -0.000320
1805 0 0 -0.000260
1810 0 0 -0.000206
1815 0 0 -0.000200
1820 0 0 -0.000270
1825 0 0 -0.000370
1830 0 0 -0.000440
1835 0 0 -0.000434
1840 0 0 -0.000380
1845 0 0 -0.000320
1850 0 0 -0.000291
1855 0 0 -0.000293
1860 0 0 -0.000320
1865 0 0 -0.000361
1870 0 0 -0.000391
1875 0 0 -0.000380
1880 0 0 -0.000314
1885 0 0 -0.000235
1890 0 0 -0.000200
1895 0 0 -0.000245
1900 0 0 -0.000321
1905 0 0 -0.000360
1910 0 0 -0.000315
1915 0 0 -0.000232
1920 0 0 -0.000180
1925 0 0 -0.000208
1930 0 0 -0.000285
1935 0 0 -0.000360
1940 0 0 -0.000393
1945 0 0 -0.000384
1950 0 0 -0.000340
1955 0 0 -0.000281
1960 0 0 -0.000260
1965 0 0 -0.000340
1970 0 0 -0.000553
1975 0 0 -0.000808
1980 0 0 -0.000980
1985 0 0 -0.000983
1990 0 0 -0.000878
1995 0 0 -0.000760
2000 0 0 -0.000705
2005 0 0 -0.000702
2010 0 0 -0.000720
2015 0 0 -0.000726
2020 0 0 -0.000690
2025 0 0 -0.000580
2030 0 0 -0.000402
2035 0 0 -0.000311
2040 0 0 -0.000500
2045 0 0 -0.001068
2050 0 0 -0.001748
2055 0 0 -0.002180
2060 0 0 -0.002114
2065 0 0 -0.001731
2070 0 0 -0.001320
2075 0 0 -0.001112
2080 0 0 -0.001096
2085 0 0 -0.001200
2090 0 0 -0.001361
2095 0 0 -0.001538
2100 0 0 -0.001700
2105 0 0 -0.001815
2110 0 0 -0.001861
2115 0 0 -0.001820
2120 0 0 -0.001686
2125 0 0 -0.001506
2130 0 0 -0.001340
2135 0 0 -0.001238
2140 0 0 -0.001206
2145 0 0 -0.001240
2150 0 0 -0.001323
2155 0 0 -0.001390
2160 0 0 -0.001360
2165 0 0 -0.001187
2170 0 0 -0.000950
2175 0 0 -0.000760
2180 0 0 -0.000695
2185 0 0 -0.000708
2190 0 0 -0.000720
2195 0 0 -0.000672
2200 0 0 -0.000585
2205 0 0 -0.000500
2210 0 0 -0.000449
2215 0 0 -0.000432
2220 0 0 -0.000440
2225 0 0 -0.000463
2230 0 0 -0.000492
2235 0 0 -0.000520
2240 0 0 -0.000541
2245 0 0 -0.000569
2250 0 0 -0.000620
2255 0 0 -0.000695
2260 0 0 -0.000734
2265 0 0 -0.000660
2270 0 0 -0.000442
2275 0 0 -0.000226
2280 0 0 -0.000200
2285 0 0 -0.000489
2290 0 0 -0.000951
2295 0 0 -0.001380
2300 0 0 -0.001620
2305 0 0 -0.001730
2310 0 0 -0.001820
2315 0 0 -0.001972
2320 0 0 -0.002158
2325 0 0 -0.002320
2330 0 0 -0.002412
2335 0 0 -0.002425
2340 0 0 -0.002360
2345 0 0 -0.002227
2350 0 0 -0.002074
2355 0 0 -0.001960
2360 0 0 -0.001928
2365 0 0 -0.001960
2370 0 0 -0.002020
2375 0 0 -0.002076
2380 0 0 -0.002104
2385 0 0 -0.002080
2390 0 0 -0.001996
2395 0 0 -0.001896
2400 0 0 -0.001840
2405 0 0 -0.001864
2410 0 0 -0.001915
2415 0 0 -0.001920
2420 0 0 -0.001829
2425 0 0 -0.001691
2430 0 0 -0.001580
2435 0 0 -0.001549
2440 0 0 -0.001571
2445 0 0 -0.001600
2450 0 0 -0.001598
2455 0 0 -0.001567
2460 0 0 -0.001520
2465 0 0 -0.001464
2470 0 0 -0.001384
2475 0 0 -0.001260
2480 0 0 -0.001089
2485 0 0 -0.000930
2490 0 0 -0.000860
2495 0 0 -0.000941
2500 0 0 -0.001177
2505 0 0 -0.001560
2510 0 0 -0.002054
2515 0 0 -0.002516
2520 0 0 -0.002780
2525 0 0 -0.002732
2530 0 0 -0.002483
2535 0 0 -0.002200
2540 0 0 -0.002012
2545 0 0 -0.001903
2550 0 0 -0.001820
2555 0 0 -0.001725
2560 0 0 -0.001640
2565 0 0 -0.001600
2570 0 0 -0.001621
2575 0 0 -0.001632
2580 0 0 -0.001540
2585 0 0 -0.001290
2590 0 0 -0.000978
2595 0 0 -0.000740
2600 0 0 -0.000672
2605 0 0 -0.000717
2610 0 0 -0.000780
2615 0 0 -0.000787
2620 0 0 -0.000755
2625 0 0 -0.000720
2630 0 0 -0.000714
2635 0 0 -0.000742
2640 0 0 -0.000800
2645 0 0 -0.000877
2650 0 0 -0.000928
2655 0 0 -0.000900
2660 0 0 -0.000763
2665 0 0 -0.000585
2670 0 0 -0.000460
2675 0 0 -0.000452
2680 0 0 -0.000522
2685 0 0 -0.000600
2690 0 0 -0.000634
2695 0 0 -0.000628
2700 0 0 -0.000600
2705 0 0 -0.000569
2710 0 0 -0.000551
2715 0 0 -0.000560
2720 0 0 -0.000603
2725 0 0 -0.000649
2730 0 0 -0.000660
2735 0 0 -0.000613
2740 0 0 -0.000548
2745 0 0 -0.000520
2750 0 0 -0.000566
2755 0 0 -0.000646
2760 0 0 -0.000700
2765 0 0 -0.000682
2770 0 0 -0.000606
2775 0 0 -0.000500
2780 0 0 -0.000392
2785 0 0 -0.000304
2790 0 0 -0.000260
2795 0 0 -0.000270
2800 0 0 -0.000304
2805 0 0 -0.000320
2810 0 0 -0.000291
2815 0 0 -0.000244
2820 0 0 -0.000220
2825 0 0 -0.000245
2830 0 0 -0.000287
2835 0 0 -0.000300
2840 0 0 -0.000254
2845 0 0 -0.000189
2850 0 0 -0.000160
2855 0 0 -0.000204
2860 0 0 -0.000283
2865 0 0 -0.000340
2870 0 0 -0.000335
2875 0 0 -0.000298
2880 0 0 -0.000280
2885 0 0 -0.000314
2890 0 0 -0.000379
2895 0 0 -0.000440
2900 0 0 -0.000469
2905 0 0 -0.000471
2910 0 0 -0.000460
2915 0 0 -0.000444
2920 0 0 -0.000415
2925 0 0 -0.000360
2930 0 0 -0.000274
2935 0 0 -0.000193
2940 0 0 -0.000160
2945 0 0 -0.000202
2950 0 0 -0.000275
2955 0 0 -0.000320
2960 0 0 -0.000294
2965 0 0 -0.000230
2970 0 0 -0.000180
2975 0 0 -0.000183
2980 0 0 -0.000220
2985 0 0 -0.000260
2990 0 0 -0.000277
2995 0 0 -0.000269
3000 0 0 -0.000240
3005 0 0 -0.000198
3010 0 0 -0.000168
3015 0 0 -0.000180
3020 0 0 -0.000250
3025 0 0 -0.000336
3030 0 0 -0.000380
3035 0 0 -0.000346
3040 0 0 -0.000278
3045 0 0 -0.000240
3050 0 0 -0.000274
3055 0 0 -0.000341
3060 0 0 -0.000380
3065 0 0 -0.000350
3070 0 0 -0.000286
3075 0 0 -0.000240
3080 0 0 -0.000249
3085 0 0 -0.000284
3090 0 0 -0.000300
3095 0 0 -0.000266
3100 0 0 -0.000211
3105 0 0 -0.000180
3110 0 0 -0.000201
3115 0 0 -0.000248
3120 0 0 -0.000280
3125 0 0 -0.000267
3130 0 0 -0.000229
3135 0 0 -0.000200
3140 0 0 -0.000202
3145 0 0 -0.000223
3150 0 0 -0.000240
3155 0 0 -0.000238
3160 0 0 -0.000226
3165 0 0 -0.000220
3170 0 0 -0.000231
3175 0 0 -0.000255
3180 0 0 -0.000280
3185 0 0 -0.000300
3190 0 0 -0.000313
3195 0 0 -0.000320
3200 0 0 -0.000322
3205 0 0 -0.000321
3210 0 0 -0.000320
3215 0 0 -0.000319
3220 0 0 -0.000315
3225 0 0 -0.000300
3230 0 0 -0.000273
3235 0 0 -0.000242
3240 0 0 -0.000220
3245 0 0 -0.000215
3250 0 0 -0.000219
3255 0 0 -0.000220
3260 0 0 -0.000209
3265 0 0 -0.000197
3270 0 0 -0.000200
3275 0 0 -0.000225
3280 0 0 -0.000254
3285 0 0 -0.000260
3290 0 0 -0.000229
3295 0 0 -0.000189
3300 0 0 -0.000180
3305 0 0 -0.000224
3310 0 0 -0.000277
3315 0 0 -0.000280
3320 0 0 -0.000204
3325 0 0 -0.000147
3330 0 0 -0.000240
3335 0 0 -0.000555
3340 0 0 -0.000934
3345 0 0 -0.001160
3350 0 0 -0.001086
3355 0 0 -0.000840
3360 0 0 -0.000620
3365 0 0 -0.000572
3370 0 0 -0.000640
3375 0 0 -0.000720
3380 0 0 -0.000728
3385 0 0 -0.000672
3390 0 0 -0.000580
3395 0 0 -0.000482
3400 0 0 -0.000407
3405 0 0 -0.000380
3410 0 0 -0.000416
3415 0 0 -0.000474
3420 0 0 -0.000500
3425 0 0 -0.000457
3430 0 0 -0.000380
3435 0 0 -0.000320
3440 0 0 -0.000315
3445 0 0 -0.000342
3450 0 0 -0.000360
3455 0 0 -0.000343
3460 0 0 -0.000312
3465 0 0 -0.000300
3470 0 0 -0.000328
3475 0 0 -0.000372
3480 0 0 -0.000400
3485 0 0 -0.000391
3490 0 0 -0.000380
3495 0 0 -0.000420
3500 0 0 -0.000538
3505 0 0 -0.000678
3510 0 0 -0.000760
3515 0 0 -0.000728
3520 0 0 -0.000617
3525 0 0 -0.000480
3530 0 0 -0.000366
3535 0 0 -0.000291
3540 0 0 -0.000260
3545 0 0 -0.000277
3550 0 0 -0.000324
3555 0 0 -0.000380
3560 0 0 -0.000436
3565 0 0 -0.000526
3570 0 0 -0.000700
3575 0 0 -0.000968
3580 0 0 -0.001197
3585 0 0 -0.001220
3590 0 0 -0.000937
3595 0 0 -0.000528
3600 0 0 -0.000240
3605 0 0 -0.000249
3610 0 0 -0.000433
3615 0 0 -0.000600
3620 0 0 -0.000604
3625 0 0 -0.000497
3630 0 0 -0.000380
3635 0 0 -0.000332
3640 0 0 -0.000342
3645 0 0 -0.000380
3650 0 0 -0.000416
3655 0 0 -0.000433
3660 0 0 -0.000420
3665 0 0 -0.000372
3670 0 0 -0.000319
3675 0 0 -0.000300
3680 0 0 -0.000338
3685 0 0 -0.000396
3690 0 0 -0.000420
3695 0 0 -0.000376
3700 0 0 -0.000299
3705 0 0 -0.000240
3710 0 0 -0.000240
3715 0 0 -0.000287
3720 0 0 -0.000360
3725 0 0 -0.000434
3730 0 0 -0.000483
3735 0 0 -0.000480
3740 0 0 -0.000410
3745 0 0 -0.000313
3750 0 0 -0.000240
3755 0 0 -0.000231
3760 0 0 -0.000268
3765 0 0 -0.000320
3770 0 0 -0.000375
3775 0 0 -0.000494
3780 0 0 -0.000760
3785 0 0 -0.001211
3790 0 0 -0.001715
3795 0 0 -0.002100
3800 0 0 -0.002243
3805 0 0 -0.002225
3810 0 0 -0.002180
3815 0 0 -0.002196
3820 0 0 -0.002186
3825 0 0 -0.002020
3830 0 0 -0.001630
3835 0 0 -0.001200
3840 0 0 -0.000980
3845 0 0 -0.001135
3850 0 0 -0.001504
3855 0 0 -0.001840
3860 0 0 -0.001960
3865 0 0 -0.001921
3870 0 0 -0.001840
3875 0 0 -0.001810
3880 0 0 -0.001827
3885 0 0 -0.001860
3890 0 0 -0.001887
3895 0 0 -0.001911
3900 0 0 -0.001940
3905 0 0 -0.001990
3910 0 0 -0.002102
3915 0 0 -0.002320
3920 0 0 -0.002644
3925 0 0 -0.002883
3930 0 0 -0.002800
3935 0 0 -0.002256
3940 0 0 -0.001509
3945 0 0 -0.000920
3950 0 0 -0.000748
3955 0 0 -0.000859
3960 0 0 -0.001020
3965 0 0 -0.001051
3970 0 0 -0.000978
3975 0 0 -0.000880
3980 0 0 -0.000819
3985 0 0 -0.000793
3990 0 0 -0.000780
3995 0 0 -0.000766
4000 0 0 -0.000756
4005 0 0 -0.000760
4010 0 0 -0.000785
4015 0 0 -0.000833
4020 0 0 -0.000900
4025 0 0 -0.000980
4030 0 0 -0.001039
4035 0 0 -0.001040
4040 0 0 -0.000959
4045 0 0 -0.000829
4050 0 0 -0.000700
4055 0 0 -0.000611
4060 0 0 -0.000571
4065 0 0 -0.000580
4070 0 0 -0.000631
4075 0 0 -0.000690
4080 0 0 -0.000720
4085 0 0 -0.000693
4090 0 0 -0.000634
4095 0 0 -0.000580
4100 0 0 -0.000560
4105 0 0 -0.000571
4110 0 0 -0.000600
4115 0 0 -0.000635
4120 0 0 -0.000655
4125 0 0 -0.000640
4130 0 0 -0.000579
4135 0 0 -0.000509
4140 0 0 -0.000480
4145 0 0 -0.000523
4150 0 0 -0.000596
4155 0 0 -0.000640
4160 0 0 -0.000614
4165 0 0 -0.000545
4170 0 0 -0.000480
4175 0 0 -0.000452
4180 0 0 -0.000452
4185 0 0 -0.000460
4190 0 0 -0.000460
4195 0 0 -0.000457
4200 0 0 -0.000460
4205 0 0 -0.000477
4210 0 0 -0.000509
4215 0 0 -0.000560
4220 0 0 -0.000623
4225 0 0 -0.000669
4230 0 0 -0.000660
4235 0 0 -0.000577
4240 0 0 -0.000469
4245 0 0 -0.000400
4250 0 0 -0.000416
4255 0 0 -0.000476
4260 0 0 -0.000520
4265 0 0 -0.000502
4270 0 0 -0.000438
4275 0 0 -0.000360
4280 0 0 -0.000296
4285 0 0 -0.000264
4290 0 0 -0.000280
4295 0 0 -0.000348
4300 0 0 -0.000421
4305 0 0 -0.000440
4310 0 0 -0.000367
4315 0 0 -0.000255
4320 0 0 -0.000180
4325 0 0 -0.000195
4330 0 0 -0.000267
4335 0 0 -0.000340
4340 0 0 -0.000370
4345 0 0 -0.000364
4350 0 0 -0.000340
4355 0 0 -0.000315
4360 0 0 -0.000294
4365 0 0 -0.000280
4370 0 0 -0.000277
4375 0 0 -0.000289
4380 0 0 -0.000320
4385 0 0 -0.000368
4390 0 0 -0.000405
4395 0 0 -0.000400
4400 0 0 -0.000334
4405 0 0 -0.000254
4410 0 0 -0.000220
4415 0 0 -0.000271
4420 0 0 -0.000356
4425 0 0 -0.000400
4430 0 0 -0.000352
4435 0 0 -0.000256
4440 0 0 -0.000180
4445 0 0 -0.000174
4450 0 0 -0.000214
4455 0 0 -0.000260
4460 0 0 -0.000278
4465 0 0 -0.000269
4470 0 0 -0.000240
4475 0 0 -0.000203
4480 0 0 -0.000176
4485 0 0 -0.000180
4490 0 0 -0.000225
4495 0 0 -0.000279
4500 0 0 -0.000300
4505 0 0 -0.000263
4510 0 0 -0.000210
4515 0 0 -0.000200
4520 0 0 -0.000270
4525 0 0 -0.000368
4530 0 0 -0.000420
4535 0 0 -0.000377
4540 0 0 -0.000291
4545 0 0 -0.000240
4550 0 0 -0.000277
4555 0 0 -0.000354
4560 0 0 -0.000400
4565 0 0 -0.000364
4570 0 0 -0.000284
4575 0 0 -0.000220
4580 0 0 -0.000216
4585 0 0 -0.000249
4590 0 0 -0.000280
4595 0 0 -0.000279
4600 0 0 -0.000253
4605 0 0 -0.000220
4610 0 0 -0.000195
4615 0 0 -0.000187
4620 0 0 -0.000200
4625 0 0 -0.000236
4630 0 0 -0.000271
4635 0 0 -0.000280
4640 0 0 -0.000245
4645 0 0 -0.000198
4650 0 0 -0.000180
4655 0 0 -0.000218
4660 0 0 -0.000281
4665 0 0 -0.000320
4670 0 0 -0.000305
4675 0 0 -0.000268
4680 0 0 -0.000260
4685 0 0 -0.000310
4690 0 0 -0.000377
4695 0 0 -0.000400
4700 0 0 -0.000340
4705 0 0 -0.000249
4710 0 0 -0.000200
4715 0 0 -0.000242
4720 0 0 -0.000322
4725 0 0 -0.000360
4730 0 0 -0.000303
4735 0 0 -0.000203
4740 0 0 -0.000140
4745 0 0 -0.000168
4750 0 0 -0.000244
4755 0 0 -0.000300
4760 0 0 -0.000294
4765 0 0 -0.000281
4770 0 0 -0.000340
4775 0 0 -0.000517
4780 0 0 -0.000724
4785 0 0 -0.000840
4790 0 0 -0.000785
4795 0 0 -0.000638
4800 0 0 -0.000520
4805 0 0 -0.000521
4810 0 0 -0.000603
4815 0 0 -0.000700
4820 0 0 -0.000756
4825 0 0 -0.000766
4830 0 0 -0.000740
4835 0 0 -0.000686
4840 0 0 -0.000616
4845 0 0 -0.000540
4850 0 0 -0.000470
4855 0 0 -0.000420
4860 0 0 -0.000400
4865 0 0 -0.000416
4870 0 0 -0.000441
4875 0 0 -0.000440
4880 0 0 -0.000390
4885 0 0 -0.000322
4890 0 0 -0.000280
4895 0 0 -0.000295
4900 0 0 -0.000346
4905 0 0 -0.000400
4910 0 0 -0.000433
4915 0 0 -0.000459
4920 0 0 -0.000500
4925 0 0 -0.000567
4930 0 0 -0.000628
4935 0 0 -0.000640
4940 0 0 -0.000576
4945 0 0 -0.000472
4950 0 0 -0.000380
4955 0 0 -0.000338
4960 0 0 -0.000323
4965 0 0 -0.000300
4970 0 0 -0.000259
4975 0 0 -0.000297
4980 0 0 -0.000540
4985 0 0 -0.001042
4990 0 0 -0.001580
4995 0 0 -0.001860
5000 0 0 -0.001690
5005 0 0 -0.001290
5010 0 0 -0.000980
5015 0 0 -0.000986
5020 0 0 -0.001145
5025 0 0 -0.001200
5030 0 0 -0.000969
5035 0 0 -0.000585
5040 0 0 -0.000260
5045 0 0 -0.000151
5050 0 0 -0.000206
5055 0 0 -0.000320
5060 0 0 -0.000405
5065 0 0 -0.000440
5070 0 0 -0.000420
5075 0 0 -0.000351
5080 0 0 -0.000275
5085 0 0 -0.000240
5090 0 0 -0.000280
5095 0 0 -0.000353
5100 0 0 -0.000400
5105 0 0 -0.000381
5110 0 0 -0.000330
5115 0 0 -0.000300
5120 0 0 -0.000329
5125 0 0 -0.000394
5130 0 0 -0.000460
5135 0 0 -0.000495
5140 0 0 -0.000495
5145 0 0 -0.000460
5150 0 0 -0.000397
5155 0 0 -0.000338
5160 0 0 -0.000320
5165 0 0 -0.000365
5170 0 0 -0.000431
5175 0 0 -0.000460
5180 0 0 -0.000413
5185 0 0 -0.000332
5190 0 0 -0.000280
5195 0 0 -0.000298
5200 0 0 -0.000340
5205 0 0 -0.000340
5210 0 0 -0.000268
5215 0 0 -0.000242
5220 0 0 -0.000420
5225 0 0 -0.000880
5230 0 0 -0.001395
5235 0 0 -0.001660
5240 0 0 -0.001471
5245 0 0 -0.001020
5250 0 0 -0.000600
5255 0 0 -0.000430
5260 0 0 -0.000443
5265 0 0 -0.000500
5270 0 0 -0.000500
5275 0 0 -0.000502
5280 0 0 -0.000600
5285 0 0 -0.000849
5290 0 0 -0.001129
5295 0 0 -0.001280
5300 0 0 -0.001194
5305 0 0 -0.000979
5310 0 0 -0.000800
5315 0 0 -0.000771
5320 0 0 -0.000808
5325 0 0 -0.000780
5330 0 0 -0.000612
5335 0 0 -0.000461
5340 0 0 -0.000540
5345 0 0 -0.000972
5350 0 0 -0.001516
5355 0 0 -0.001840
5360 0 0 -0.001712
5365 0 0 -0.001302
5370 0 0 -0.000880
5375 0 0 -0.000656
5380 0 0 -0.000604
5385 0 0 -0.000640
5390 0 0 -0.000693
5395 0 0 -0.000751
5400 0 0 -0.000820
5405 0 0 -0.000898
5410 0 0 -0.000966
5415 0 0 -0.001000
5420 0 0 -0.000988
5425 0 0 -0.000960
5430 0 0 -0.000960
5435 0 0 -0.001012
5440 0 0 -0.001067
5445 0 0 -0.001060
5450 0 0 -0.000950
5455 0 0 -0.000801
5460 0 0 -0.000700
5465 0 0 -0.000709
5470 0 0 -0.000775
5475 0 0 -0.000820
5480 0 0 -0.000784
5485 0 0 -0.000694
5490 0 0 -0.000600
5495 0 0 -0.000540
5500 0 0 -0.000516
5505 0 0 -0.000520
5510 0 0 -0.000543
5515 0 0 -0.000563
5520 0 0 -0.000560
5525 0 0 -0.000518
5530 0 0 -0.000456
5535 0 0 -0.000400
5540 0 0 -0.000377
5545 0 0 -0.000415
5550 0 0 -0.000540
5555 0 0 -0.000756
5560 0 0 -0.000968
5565 0 0 -0.001060
5570 0 0 -0.000955
5575 0 0 -0.000744
5580 0 0 -0.000560
5585 0 0 -0.000502
5590 0 0 -0.000537
5595 0 0 -0.000600
5600 0 0 -0.000636
5605 0 0 -0.000636
5610 0 0 -0.000600
5615 0 0 -0.000538
5620 0 0 -0.000484
5625 0 0 -0.000480
5630 0 0 -0.000549
5635 0 0 -0.000635
5640 0 0 -0.000660
5645 0 0 -0.000575
5650 0 0 -0.000435
5655 0 0 -0.000320
5660 0 0 -0.000289
5665 0 0 -0.000318
5670 0 0 -0.000360
5675 0 0 -0.000378
5680 0 0 -0.000370
5685 0 0 -0.000340
5690 0 0 -0.000297
5695 0 0 -0.000263
5700 0 0 -0.000260
5705 0 0 -0.000302
5710 0 0 -0.000356
5715 0 0 -0.000380
5720 0 0 -0.000347
5725 0 0 -0.000295
5730 0 0 -0.000280
5735 0 0 -0.000336
5740 0 0 -0.000418
5745 0 0 -0.000460
5750 0 0 -0.000419
5755 0 0 -0.000337
5760 0 0 -0.000280
5765 0 0 -0.000293
5770 0 0 -0.000348
5775 0 0 -0.000400
5780 0 0 -0.000413
5785 0 0 -0.000399
5790 0 0 -0.000380
5795 0 0 -0.000371
5800 0 0 -0.000358
5805 0 0 -0.000320
5810 0 0 -0.000246
5815 0 0 -0.000171
5820 0 0 -0.000140
5825 0 0 -0.000183
5830 0 0 -0.000261
5835 0 0 -0.000320
5840 0 0 -0.000318
5845 0 0 -0.000274
5850 0 0 -0.000220
5855 0 0 -0.000185
5860 0 0 -0.000182
5865 0 0 -0.000220
5870 0 0 -0.000299
5875 0 0 -0.000381
5880 0 0 -0.000420
5885 0 0 -0.000385
5890 0 0 -0.000314
5895 0 0 -0.000260
5900 0 0 -0.000262
5905 0 0 -0.000300
5910 0 0 -0.000340
5915 0 0 -0.000354
5920 0 0 -0.000344
5925 0 0 -0.000320
5930 0 0 -0.000291
5935 0 0 -0.000267
5940 0 0 -0.000260
5945 0 0 -0.000274
5950 0 0 -0.000289
5955 0 0 -0.000280
5960 0 0 -0.000232
5965 0 0 -0.000177
5970 0 0 -0.000160
5975 0 0 -0.000208
5980 0 0 -0.000281
5985 0 0 -0.000320
5990 0 0 -0.000287
5995 0 0 -0.000221
6000 0 0 -0.000180
6005 0 0 -0.000204
6010 0 0 -0.000261
6015 0 0 -0.000300
6020 0 0 -0.000285
6025 0 0 -0.000244
6030 0 0 -0.000220
6035 0 0 -0.000244
6040 0 0 -0.000295
6045 0 0 -0.000340
6050 0 0 -0.000353
6055 0 0 -0.000341
6060 0 0 -0.000320
6065 0 0 -0.000304
6070 0 0 -0.000296
6075 0 0 -0.000300
6080 0 0 -0.000314
6085 0 0 -0.000320
6090 0 0 -0.000300
6095 0 0 -0.000243
6100 0 0 -0.000181
6105 0 0 -0.000160
6110 0 0 -0.000205
6115 0 0 -0.000272
6120 0 0 -0.000300
6125 0 0 -0.000250
6130 0 0 -0.000172
6135 0 0 -0.000140
6140 0 0 -0.000200
6145 0 0 -0.000295
6150 0 0 -0.000340
6155 0 0 -0.000281
6160 0 0 -0.000178
6165 0 0 -0.000120
6170 0 0 -0.000168
6175 0 0 -0.000269
6180 0 0 -0.000340
6185 0 0 -0.000325
6190 0 0 -0.000274
6195 0 0 -0.000260
6200 0 0 -0.000340
6205 0 0 -0.000488
6210 0 0 -0.000660
6215 0 0 -0.000813
6220 0 0 -0.000911
6225 0 0 -0.000920
6230 0 0 -0.000825
6235 0 0 -0.000685
6240 0 0 -0.000580
6245 0 0 -0.000565
6250 0 0 -0.000610
6255 0 0 -0.000660
6260 0 0 -0.000674
6265 0 0 -0.000650
6270 0 0 -0.000600
6275 0 0 -0.000534
6280 0 0 -0.000468
6285 0 0 -0.000420
6290 0 0 -0.000402
6295 0 0 -0.000411
6300 0 0 -0.000440
6305 0 0 -0.000479
6310 0 0 -0.000507
6315 0 0 -0.000500
6320 0 0 -0.000446
6325 0 0 -0.000382
6330 0 0 -0.000360
6335 0 0 -0.000410
6340 0 0 -0.000485
6345 0 0 -0.000520
6350 0 0 -0.000470
6355 0 0 -0.000380
6360 0 0 -0.000320
6365 0 0 -0.000339
6370 0 0 -0.000418
6375 0 0 -0.000520
6380 0 0 -0.000609
6385 0 0 -0.000663
6390 0 0 -0.000660
6395 0 0 -0.000591
6400 0 0 -0.000494
6405 0 0 -0.000420
6410 0 0 -0.000402
6415 0 0 -0.000411
6420 0 0 -0.000400
6425 0 0 -0.000340
6430 0 0 -0.000274
6435 0 0 -0.000260
6440 0 0 -0.000338
6445 0 0 -0.000465
6450 0 0 -0.000580
6455 0 0 -0.000637
6460 0 0 -0.000658
6465 0 0 -0.000680
6470 0 0 -0.000728
6475 0 0 -0.000770
6480 0 0 -0.000760
6485 0 0 -0.000669
6490 0 0 -0.000531
6495 0 0 -0.000400
6500 0 0 -0.000317
6505 0 0 -0.000291
6510 0 0 -0.000320
6515 0 0 -0.000396
6520 0 0 -0.000478
6525 0 0 -0.000520
6530 0 0 -0.000490
6535 0 0 -0.000425
6540 0 0 -0.000380
6545 0 0 -0.000391
6550 0 0 -0.000422
6555 0 0 -0.000420
6560 0 0 -0.000357
6565 0 0 -0.000305
6570 0 0 -0.000360
6575 0 0 -0.000576
6580 0 0 -0.000832
6585 0 0 -0.000960
6590 0 0 -0.000848
6595 0 0 -0.000597
6600 0 0 -0.000360
6605 0 0 -0.000256
6610 0 0 -0.000262
6615 0 0 -0.000320
6620 0 0 -0.000380
6625 0 0 -0.000418
6630 0 0 -0.000420
6635 0 0 -0.000379
6640 0 0 -0.000331
6645 0 0 -0.000320
6650 0 0 -0.000375
6655 0 0 -0.000454
6660 0 0 -0.000500
6665 0 0 -0.000474
6670 0 0 -0.000414
6675 0 0 -0.000380
6680 0 0 -0.000413
6685 0 0 -0.000487
6690 0 0 -0.000560
6695 0 0 -0.000595
6700 0 0 -0.000583
6705 0 0 -0.000520
6710 0 0 -0.000413
6715 0 0 -0.000308
6720 0 0 -0.000260
6725 0 0 -0.000303
6730 0 0 -0.000392
6735 0 0 -0.000460
6740 0 0 -0.000462
6745 0 0 -0.000431
6750 0 0 -0.000420
6755 0 0 -0.000474
6760 0 0 -0.000611
6765 0 0 -0.000840
6770 0 0 -0.001155
6775 0 0 -0.001484
6780 0 0 -0.001740
6785 0 0 -0.001856
6790 0 0 -0.001860
6795 0 0 -0.001800
6800 0 0 -0.001716
6805 0 0 -0.001612
6810 0 0 -0.001480
6815 0 0 -0.001322
6820 0 0 -0.001164
6825 0 0 -0.001040
6830 0 0 -0.000970
6835 0 0 -0.000925
6840 0 0 -0.000860
6845 0 0 -0.000752
6850 0 0 -0.000655
6855 0 0 -0.000640
6860 0 0 -0.000753
6865 0 0 -0.000925
6870 0 0 -0.001060
6875 0 0 -0.001083
6880 0 0 -0.001006
6885 0 0 -0.000860
6890 0 0 -0.000683
6895 0 0 -0.000530
6900 0 0 -0.000460
6905 0 0 -0.000508
6910 0 0 -0.000615
6915 0 0 -0.000700
6920 0 0 -0.000703
6925 0 0 -0.000653
6930 0 0 -0.000600
6935 0 0 -0.000584
6940 0 0 -0.000602
6945 0 0 -0.000640
6950 0 0 -0.000683
6955 0 0 -0.000711
6960 0 0 -0.000700
6965 0 0 -0.000639
6970 0 0 -0.000558
6975 0 0 -0.000500
6980 0 0 -0.000497
6985 0 0 -0.000552
6990 0 0 -0.000660
6995 0 0 -0.000808
7000 0 0 -0.000957
7005 0 0 -0.001060
7010 0 0 -0.001084
7015 0 0 -0.001047
7020 0 0 -0.000980
7025 0 0 -0.000907
7030 0 0 -0.000834
7035 0 0 -0.000760
7040 0 0 -0.000687
7045 0 0 -0.000629
7050 0 0 -0.000600
7055 0 0 -0.000608
7060 0 0 -0.000626
7065 0 0 -0.000620
7070 0 0 -0.000568
7075 0 0 -0.000500
7080 0 0 -0.000460
7085 0 0 -0.000479
7090 0 0 -0.000532
7095 0 0 -0.000580
7100 0 0 -0.000594
7105 0 0 -0.000571
7110 0 0 -0.000520
7115 0 0 -0.000450
7120 0 0 -0.000387
7125 0 0 -0.000360
7130 0 0 -0.000386
7135 0 0 -0.000434
7140 0 0 -0.000460
7145 0 0 -0.000432
7150 0 0 -0.000368
7155 0 0 -0.000300
7160 0 0 -0.000253
7165 0 0 -0.000238
7170 0 0 -0.000260
7175 0 0 -0.000316
7180 0 0 -0.000370
7185 0 0 -0.000380
7190 0 0 -0.000319
7195 0 0 -0.000231
7200 0 0 -0.000180
7205 0 0 -0.000209
7210 0 0 -0.000286
7215 0 0 -0.000360
7220 0 0 -0.000392
7225 0 0 -0.000386
7230 0 0 -0.000360
7235 0 0 -0.000327
7240 0 0 -0.000293
7245 0 0 -0.000260
7250 0 0 -0.000234
7255 0 0 -0.000229
7260 0 0 -0.000260
7265 0 0 -0.000332
7270 0 0 -0.000408
7275 0 0 -0.000440
7280 0 0 -0.000397
7285 0 0 -0.000318
7290 0 0 -0.000260
7295 0 0 -0.000263
7300 0 0 -0.000303
7305 0 0 -0.000340
7310 0 0 -0.000344
7315 0 0 -0.000319
7320 0 0 -0.000280
7325 0 0 -0.000242
7330 0 0 -0.000217
7335 0 0 -0.000220
7340 0 0 -0.000255
7345 0 0 -0.000294
7350 0 0 -0.000300
7355 0 0 -0.000252
7360 0 0 -0.000187
7365 0 0 -0.000160
7370 0 0 -0.000204
7375 0 0 -0.000278
7380 0 0 -0.000320
7385 0 0 -0.000289
7390 0 0 -0.000223
7395 0 0 -0.000180
7400 0 0 -0.000201
7405 0 0 -0.000261
7410 0 0 -0.000320
7415 0 0 -0.000346
7420 0 0 -0.000343
7425 0 0 -0.000320
7430 0 0 -0.000291
7435 0 0 -0.000271
7440 0 0 -0.000280
7445 0 0 -0.000325
7450 0 0 -0.000372
7455 0 0 -0.000380
7460 0 0 -0.000322
7465 0 0 -0.000241
7470 0 0 -0.000200
7475 0 0 -0.000238
7480 0 0 -0.000308
7485 0 0 -0.000340
7490 0 0 -0.000290
7495 0 0 -0.000206
7500 0 0 -0.000160
7505 0 0 -0.000201
7510 0 0 -0.000278
7515 0 0 -0.000320
7520 0 0 -0.000276
7525 0 0 -0.000193
7530 0 0 -0.000140
7535 0 0 -0.000166
7540 0 0 -0.000233
7545 0 0 -0.000280
7550 0 0 -0.000266
7555 0 0 -0.000223
7560 0 0 -0.000200
7565 0 0 -0.000232
7570 0 0 -0.000292
7575 0 0 -0.000340
7580 0 0 -0.000346
7585 0 0 -0.000324
7590 0 0 -0.000300
7595 0 0 -0.000295
7600 0 0 -0.000304
7605 0 0 -0.000320
7610 0 0 -0.000333
7615 0 0 -0.000335
7620 0 0 -0.000320
7625 0 0 -0.000282
7630 0 0 -0.000232
7635 0 0 -0.000180
7640 0 0 -0.000145
7645 0 0 -0.000164
7650 0 0 -0.000280
7655 0 0 -0.000508
7660 0 0 -0.000755
7665 0 0 -0.000900
7670 0 0 -0.000863
7675 0 0 -0.000718
7680 0 0 -0.000580
7685 0 0 -0.000536
7690 0 0 -0.000566
7695 0 0 -0.000620
7700 0 0 -0.000658
7705 0 0 -0.000672
7710 0 0 -0.000660
7715 0 0 -0.000623
7720 0 0 -0.000572
7725 0 0 -0.000520
7730 0 0 -0.000478
7735 0 0 -0.000456
7740 0 0 -0.000460
7745 0 0 -0.000492
7750 0 0 -0.000524
7755 0 0 -0.000520
7760 0 0 -0.000463
7765 0 0 -0.000401
7770 0 0 -0.000400
7775 0 0 -0.000500
7780 0 0 -0.000636
7785 0 0 -0.000720
7790 0 0 -0.000686
7795 0 0 -0.000567
7800 0 0 -0.000420
7805 0 0 -0.000296
7810 0 0 -0.000223
7815 0 0 -0.000220
7820 0 0 -0.000295
7825 0 0 -0.000396
7830 0 0 -0.000460
7835 0 0 -0.000440
7840 0 0 -0.000370
7845 0 0 -0.000300
7850 0 0 -0.000272
7855 0 0 -0.000282
7860 0 0 -0.000320
7865 0 0 -0.000369
7870 0 0 -0.000405
7875 0 0 -0.000400
7880 0 0 -0.000344
7885 0 0 -0.000293
7890 0 0 -0.000320
7895 0 0 -0.000467
7900 0 0 -0.000656
7905 0 0 -0.000780
7910 0 0 -0.000762
7915 0 0 -0.000645
7920 0 0 -0.000500
7925 0 0 -0.000389
7930 0 0 -0.000322
7935 0 0 -0.000300
7940 0 0 -0.000318
7945 0 0 -0.000359
7950 0 0 -0.000400
7955 0 0 -0.000424
7960 0 0 -0.000430
7965 0 0 -0.000420
7970 0 0 -0.000400
7975 0 0 -0.000382
7980 0 0 -0.000380
7985 0 0 -0.000402
7990 0 0 -0.000425
7995 0 0 -0.000420
8000 0 0 -0.000369
8005 0 0 -0.000297
8010 0 0 -0.000240
8015 0 0 -0.000227
8020 0 0 -0.000251
8025 0 0 -0.000300
8030 0 0 -0.000357
8035 0 0 -0.000404
8040 0 0 -0.000420
8045 0 0 -0.000393
8050 0 0 -0.000343
8055 0 0 -0.000300
8060 0 0 -0.000292
8065 0 0 -0.000344
8070 0 0 -0.000480
8075 0 0 -0.000705
8080 0 0 -0.000949
8085 0 0 -0.001120
8090 0 0 -0.001154
8095 0 0 -0.001087
8100 0 0 -0.000980
8105 0 0 -0.000886
8110 0 0 -0.000822
8115 0 0 -0.000800
8120 0 0 -0.000826
8125 0 0 -0.000895
8130 0 0 -0.001000
8135 0 0 -0.001123
8140 0 0 -0.001210
8145 0 0 -0.001200
8150 0 0 -0.001063
8155 0 0 -0.000903
8160 0 0 -0.000860
8165 0 0 -0.001020
8170 0 0 -0.001258
8175 0 0 -0.001400
8180 0 0 -0.001326
8185 0 0 -0.001144
8190 0 0 -0.001020
8195 0 0 -0.001067
8200 0 0 -0.001200
8205 0 0 -0.001280
8210 0 0 -0.001212
8215 0 0 -0.001068
8220 0 0 -0.000960
8225 0 0 -0.000970
8230 0 0 -0.001055
8235 0 0 -0.001140
8240 0 0 -0.001166
8245 0 0 -0.001133
8250 0 0 -0.001060
8255 0 0 -0.000964
8260 0 0 -0.000874
8265 0 0 -0.000820
8270 0 0 -0.000822
8275 0 0 -0.000864
8280 0 0 -0.000920
8285 0 0 -0.000967
8290 0 0 -0.001001
8295 0 0 -0.001020
8300 0 0 -0.001025
8305 0 0 -0.001017
8310 0 0 -0.001000
8315 0 0 -0.000978
8320 0 0 -0.000961
8325 0 0 -0.000960
8330 0 0 -0.000980
8335 0 0 -0.000997
8340 0 0 -0.000980
8345 0 0 -0.000911
8350 0 0 -0.000818
8355 0 0 -0.000740
8360 0 0 -0.000707
8365 0 0 -0.000707
8370 0 0 -0.000720
8375 0 0 -0.000730
8380 0 0 -0.000745
8385 0 0 -0.000780
8390 0 0 -0.000841
8395 0 0 -0.000904
8400 0 0 -0.000940
8405 0 0 -0.000925
8410 0 0 -0.000872
8415 0 0 -0.000800
8420 0 0 -0.000728
8425 0 0 -0.000665
8430 0 0 -0.000620
8435 0 0 -0.000597
8440 0 0 -0.000593
8445 0 0 -0.000600
8450 0 0 -0.000611
8455 0 0 -0.000610
8460 0 0 -0.000580
8465 0 0 -0.000514
8470 0 0 -0.000446
8475 0 0 -0.000420
8480 0 0 -0.000467
8485 0 0 -0.000560
8490 0 0 -0.000660
8495 0 0 -0.000733
8500 0 0 -0.000768
8505 0 0 -0.000760
8510 0 0 -0.000711
8515 0 0 -0.000647
8520 0 0 -0.000600
8525 0 0 -0.000594
8530 0 0 -0.000620
8535 0 0 -0.000660
8540 0 0 -0.000695
8545 0 0 -0.000702
8550 0 0 -0.000660
8555 0 0 -0.000558
8560 0 0 -0.000434
8565 0 0 -0.000340
8570 0 0 -0.000312
8575 0 0 -0.000329
8580 0 0 -0.000360
8585 0 0 -0.000374
8590 0 0 -0.000363
8595 0 0 -0.000320
8600 0 0 -0.000249
8605 0 0 -0.000187
8610 0 0 -0.000180
8615 0 0 -0.000252
8620 0 0 -0.000350
8625 0 0 -0.000400
8630 0 0 -0.000353
8635 0 0 -0.000266
8640 0 0 -0.000220
8645 0 0 -0.000271
8650 0 0 -0.000375
8655 0 0 -0.000460
8660 0 0 -0.000476
8665 0 0 -0.000448
8670 0 0 -0.000420
8675 0 0 -0.000424
8680 0 0 -0.000436
8685 0 0 -0.000420
8690 0 0 -0.000352
8695 0 0 -0.000269
8700 0 0 -0.000220
8705 0 0 -0.000239
8710 0 0 -0.000295
8715 0 0 -0.000340
8720 0 0 -0.000337
8725 0 0 -0.000297
8730 0 0 -0.000240
8735 0 0 -0.000189
8740 0 0 -0.000162
8745 0 0 -0.000180
8750 0 0 -0.000249
8755 0 0 -0.000327
8760 0 0 -0.000360
8765 0 0 -0.000312
8770 0 0 -0.000226
8775 0 0 -0.000160
8780 0 0 -0.000160
8785 0 0 -0.000205
8790 0 0 -0.000260
8795 0 0 -0.000295
8800 0 0 -0.000307
8805 0 0 -0.000300
8810 0 0 -0.000280
8815 0 0 -0.000266
8820 0 0 -0.000280
8825 0 0 -0.000332
8830 0 0 -0.000388
8835 0 0 -0.000400
8840 0 0 -0.000341
8845 0 0 -0.000258
8850 0 0 -0.000220
8855 0 0 -0.000269
8860 0 0 -0.000354
8865 0 0 -0.000400
8870 0 0 -0.000355
8875 0 0 -0.000261
8880 0 0 -0.000180
8885 0 0 -0.000162
8890 0 0 -0.000192
8895 0 0 -0.000240
8900 0 0 -0.000280
8905 0 0 -0.000297
8910 0 0 -0.000280
8915 0 0 -0.000226
8920 0 0 -0.000171
8925 0 0 -0.000160
8930 0 0 -0.000220
8935 0 0 -0.000302
8940 0 0 -0.000340
8945 0 0 -0.000290
8950 0 0 -0.000205
8955 0 0 -0.000160
8960 0 0 -0.000207
8965 0 0 -0.000303
8970 0 0 -0.000380
8975 0 0 -0.000390
8980 0 0 -0.000351
8985 0 0 -0.000300
8990 0 0 -0.000268
8995 0 0 -0.000262
9000 0 0 -0.000280
9005 0 0 -0.000318
9010 0 0 -0.000349
9015 0 0 -0.000340
9020 0 0 -0.000275
9025 0 0 -0.000196
9030 0 0 -0.000160
9035 0 0 -0.000204
9040 0 0 -0.000280
9045 0 0 -0.000320
9050 0 0 -0.000279
9055 0 0 -0.000203
9060 0 0 -0.000160
9065 0 0 -0.000195
9070 0 0 -0.000259
9075 0 0 -0.000280
9080 0 0 -0.000217
9085 0 0 -0.000153
9090 0 0 -0.000200
9095 0 0 -0.000427
9100 0 0 -0.000720
9105 0 0 -0.000920
9110 0 0 -0.000916
9115 0 0 -0.000787
9120 0 0 -0.000660
9125 0 0 -0.000632
9130 0 0 -0.000672
9135 0 0 -0.000720
9140 0 0 -0.000728
9145 0 0 -0.000701
9150 0 0 -0.000660
9155 0 0 -0.000620
9160 0 0 -0.000581
9165 0 0 -0.000540
9170 0 0 -0.000497
9175 0 0 -0.000460
9180 0 0 -0.000440
9185 0 0 -0.000441
9190 0 0 -0.000444
9195 0 0 -0.000420
9200 0 0 -0.000356
9205 0 0 -0.000286
9210 0 0 -0.000260
9215 0 0 -0.000307
9220 0 0 -0.000392
9225 0 0 -0.000460
9230 0 0 -0.000474
9235 0 0 -0.000460
9240 0 0 -0.000460
9245 0 0 -0.000501
9250 0 0 -0.000561
9255 0 0 -0.000600
9260 0 0 -0.000592
9265 0 0 -0.000546
9270 0 0 -0.000480
9275 0 0 -0.000414
9280 0 0 -0.000367
9285 0 0 -0.000360
9290 0 0 -0.000401
9295 0 0 -0.000451
9300 0 0 -0.000460
9305 0 0 -0.000402
9310 0 0 -0.000350
9315 0 0 -0.000400
9320 0 0 -0.000607
9325 0 0 -0.000849
9330 0 0 -0.000960
9335 0 0 -0.000838
9340 0 0 -0.000634
9345 0 0 -0.000560
9350 0 0 -0.000753
9355 0 0 -0.001042
9360 0 0 -0.001180
9365 0 0 -0.000998
9370 0 0 -0.000633
9375 0 0 -0.000300
9380 0 0 -0.000165
9385 0 0 -0.000193
9390 0 0 -0.000300
9395 0 0 -0.000411
9400 0 0 -0.000492
9405 0 0 -0.000520
9410 0 0 -0.000483
9415 0 0 -0.000419
9420 0 0 -0.000380
9425 0 0 -0.000400
9430 0 0 -0.000454
9435 0 0 -0.000500
9440 0 0 -0.000507
9445 0 0 -0.000481
9450 0 0 -0.000440
9455 0 0 -0.000399
9460 0 0 -0.000369
9465 0 0 -0.000360
9470 0 0 -0.000376
9475 0 0 -0.000398
9480 0 0 -0.000400
9485 0 0 -0.000368
9490 0 0 -0.000329
9495 0 0 -0.000320
9500 0 0 -0.000364
9505 0 0 -0.000422
9510 0 0 -0.000440
9515 0 0 -0.000383
9520 0 0 -0.000301
9525 0 0 -0.000260
9530 0 0 -0.000307
9535 0 0 -0.000391
9540 0 0 -0.000440
9545 0 0 -0.000406
9550 0 0 -0.000346
9555 0 0 -0.000340
9560 0 0 -0.000443
9565 0 0 -0.000598
9570 0 0 -0.000720
9575 0 0 -0.000744
9580 0 0 -0.000691
9585 0 0 -0.000600
9590 0 0 -0.000509
9595 0 0 -0.000442
9600 0 0 -0.000420
9605 0 0 -0.000454
9610 0 0 -0.000513
9615 0 0 -0.000560
9620 0 0 -0.000565
9625 0 0 -0.000543
9630 0 0 -0.000520
9635 0 0 -0.000514
9640 0 0 -0.000514
9645 0 0 -0.000500
9650 0 0 -0.000466
9655 0 0 -0.000454
9660 0 0 -0.000520
9665 0 0 -0.000684
9670 0 0 -0.000828
9675 0 0 -0.000800
9680 0 0 -0.000541
9685 0 0 -0.000365
9690 0 0 -0.000680
9695 0 0 -0.001707
9700 0 0 -0.002929
9705 0 0 -0.003640
9710 0 0 -0.003353
9715 0 0 -0.002443
9720 0 0 -0.001500
9725 0 0 -0.000983
9730 0 0 -0.000818
9735 0 0 -0.000800
9740 0 0 -0.000762
9745 0 0 -0.000703
9750 0 0 -0.000660
9755 0 0 -0.000659
9760 0 0 -0.000672
9765 0 0 -0.000660
9770 0 0 -0.000596
9775 0 0 -0.000508
9780 0 0 -0.000440
9785 0 0 -0.000422
9790 0 0 -0.000438
9795 0 0 -0.000460
9800 0 0 -0.000467
9805 0 0 -0.000468
9810 0 0 -0.000480
9815 0 0 -0.000513
9820 0 0 -0.000553
9825 0 0 -0.000580
9830 0 0 -0.000579
9835 0 0 -0.000550
9840 0 0 -0.000500
9845 0 0 -0.000436
9850 0 0 -0.000375
9855 0 0 -0.000340
9860 0 0 -0.000344
9865 0 0 -0.000377
9870 0 0 -0.000420
9875 0 0 -0.000458
9880 0 0 -0.000481
9885 0 0 -0.000480
9890 0 0 -0.000454
9895 0 0 -0.000429
9900 0 0 -0.000440
9905 0 0 -0.000506
9910 0 0 -0.000585
9915 0 0 -0.000620
9920 0 0 -0.000575
9925 0 0 -0.000494
9930 0 0 -0.000440
9935 0 0 -0.000458
9940 0 0 -0.000521
9945 0 0 -0.000580
9950 0 0 -0.000599
9955 0 0 -0.000581
9960 0 0 -0.000540
9965 0 0 -0.000489
9970 0 0 -0.000449
9975 0 0 -0.000440
9980 0 0 -0.000474
9985 0 0 -0.000526
9990 0 0 -0.000560
9995 0 0 -0.000554
10000 0 0 -0.000535
10005 0 0 -0.000540
10010 0 0 -0.000594
10015 0 0 -0.000658
10020 0 0 -0.000680
10025 0 0 -0.000622
10030 0 0 -0.000514
10035 0 0 -0.000400
10040 0 0 -0.000318
10045 0 0 -0.000283
10050 0 0 -0.000300
10055 0 0 -0.000370
10060 0 0 -0.000462
10065 0 0 -0.000540
10070 0 0 -0.000567
10075 0 0 -0.000506
