0 0 0 -0.001152
5 0 0 -0.000818
10 0 0 -0.000595
15 0 0 -0.000464
20 0 0 -0.000409
25 0 0 -0.000414
30 0 0 -0.000460
35 0 0 -0.000528
40 0 0 -0.000580
45 0 0 -0.000576
50 0 0 -0.000495
55 0 0 -0.000393
60 0 0 -0.000344
65 0 0 -0.000398
70 0 0 -0.000502
75 0 0 -0.000576
80 0 0 -0.000565
85 0 0 -0.000506
90 0 0 -0.000460
95 0 0 -0.000472
100 0 0 -0.000522
105 0 0 -0.000576
110 0 0 -0.000604
115 0 0 -0.000603
120 0 0 -0.000576
125 0 0 -0.000529
130 0 0 -0.000483
135 0 0 -0.000460
140 0 0 -0.000478
145 0 0 -0.000523
150 0 0 -0.000576
155 0 0 -0.000616
160 0 0 -0.000624
165 0 0 -0.000576
170 0 0 -0.000470
175 0 0 -0.000367
180 0 0 -0.000348
185 0 0 -0.000459
190 0 0 -0.000614
195 0 0 -0.000692
200 0 0 -0.000615
205 0 0 -0.000460
210 0 0 -0.000348
215 0 0 -0.000364
220 0 0 -0.000465
225 0 0 -0.000576
230 0 0 -0.000634
235 0 0 -0.000632
240 0 0 -0.000576
245 0 0 -0.000479
250 0 0 -0.000385
255 0 0 -0.000344
260 0 0 -0.000390
265 0 0 -0.000486
270 0 0 -0.000576
275 0 0 -0.000616
280 0 0 -0.000611
285 0 0 -0.000576
290 0 0 -0.000528
295 0 0 -0.000484
300 0 0 -0.000460
305 0 0 -0.000466
310 0 0 -0.000477
315 0 0 -0.000460
320 0 0 -0.000398
325 0 0 -0.000339
330 0 0 -0.000344
335 0 0 -0.000451
340 0 0 -0.000597
345 0 0 -0.000692
350 0 0 -0.000672
355 0 0 -0.000575
360 0 0 -0.000460
365 0 0 -0.000380
370 0 0 -0.000343
375 0 0 -0.000348
380 0 0 -0.000397
385 0 0 -0.000506
390 0 0 -0.000692
395 0 0 -0.000955
400 0 0 -0.001218
405 0 0 -0.001384
410 0 0 -0.001386
415 0 0 -0.001280
420 0 0 -0.001152
425 0 0 -0.001075
430 0 0 -0.001071
435 0 0 -0.001152
440 0 0 -0.001309
445 0 0 -0.001458
450 0 0 -0.001496
455 0 0 -0.001353
460 0 0 -0.001091
465 0 0 -0.000808
470 0 0 -0.000583
475 0 0 -0.000430
480 0 0 -0.000348
485 0 0 -0.000328
490 0 0 -0.000339
495 0 0 -0.000344
500 0 0 -0.000319
505 0 0 -0.000302
510 0 0 -0.000344
515 0 0 -0.000472
520 0 0 -0.000619
525 0 0 -0.000692
530 0 0 -0.000629
535 0 0 -0.000485
540 0 0 -0.000344
545 0 0 -0.000275
550 0 0 -0.000280
555 0 0 -0.000344
560 0 0 -0.000446
565 0 0 -0.000541
570 0 0 -0.000576
575 0 0 -0.000519
580 0 0 -0.000419
585 0 0 -0.000344
590 0 0 -0.000345
595 0 0 -0.000397
600 0 0 -0.000460
605 0 0 -0.000497
610 0 0 -0.000498
615 0 0 -0.000460
620 0 0 -0.000390
625 0 0 -0.000333
630 0 0 -0.000348
635 0 0 -0.000465
640 0 0 -0.000612
645 0 0 -0.000692
650 0 0 -0.000642
655 0 0 -0.000531
660 0 0 -0.000460
665 0 0 -0.000502
670 0 0 -0.000606
675 0 0 -0.000692
680 0 0 -0.000700
685 0 0 -0.000649
690 0 0 -0.000576
695 0 0 -0.000515
700 0 0 -0.000475
705 0 0 -0.000460
710 0 0 -0.000468
715 0 0 -0.000477
720 0 0 -0.000460
725 0 0 -0.000408
730 0 0 -0.000381
735 0 0 -0.000460
740 0 0 -0.000683
745 0 0 -0.000929
750 0 0 -0.001036
755 0 0 -0.000901
760 0 0 -0.000648
765 0 0 -0.000460
770 0 0 -0.000466
775 0 0 -0.000586
780 0 0 -0.000688
785 0 0 -0.000678
790 0 0 -0.000610
795 0 0 -0.000576
800 0 0 -0.000638
805 0 0 -0.000743
810 0 0 -0.000804
815 0 0 -0.000764
820 0 0 -0.000665
825 0 0 -0.000576
830 0 0 -0.000547
835 0 0 -0.000559
840 0 0 -0.000576
845 0 0 -0.000576
850 0 0 -0.000597
855 0 0 -0.000692
860 0 0 -0.000885
865 0 0 -0.001081
870 0 0 -0.001156
875 0 0 -0.001030
880 0 0 -0.000792
885 0 0 -0.000576
890 0 0 -0.000484
895 0 0 -0.000500
900 0 0 -0.000576
905 0 0 -0.000669
910 0 0 -0.000753
915 0 0 -0.000808
920 0 0 -0.000820
925 0 0 -0.000810
930 0 0 -0.000808
935 0 0 -0.000830
940 0 0 -0.000844
945 0 0 -0.000804
950 0 0 -0.000699
955 0 0 -0.000649
960 0 0 -0.000808
965 0 0 -0.001260
970 0 0 -0.001809
975 0 0 -0.002188
980 0 0 -0.002237
985 0 0 -0.002226
990 0 0 -0.002532
995 0 0 -0.003366
1000 0 0 -0.004267
1005 0 0 -0.004608
1010 0 0 -0.003974
1015 0 0 -0.002799
1020 0 0 -0.001728
1025 0 0 -0.001246
1030 0 0 -0.001198
1035 0 0 -0.001268
1040 0 0 -0.001223
1045 0 0 -0.001163
1050 0 0 -0.001268
1055 0 0 -0.001652
1060 0 0 -0.002152
1065 0 0 -0.002536
1070 0 0 -0.002637
1075 0 0 -0.002546
1080 0 0 -0.002420
1085 0 0 -0.002376
1090 0 0 -0.002366
1095 0 0 -0.002304
1100 0 0 -0.002132
1105 0 0 -0.001911
1110 0 0 -0.001728
1115 0 0 -0.001652
1120 0 0 -0.001665
1125 0 0 -0.001728
1130 0 0 -0.001815
1135 0 0 -0.001954
1140 0 0 -0.002188
1145 0 0 -0.002526
1150 0 0 -0.002845
1155 0 0 -0.002992
1160 0 0 -0.002869
1165 0 0 -0.002614
1170 0 0 -0.002420
1175 0 0 -0.002426
1180 0 0 -0.002549
1185 0 0 -0.002648
1190 0 0 -0.002621
1195 0 0 -0.002517
1200 0 0 -0.002420
1205 0 0 -0.002394
1210 0 0 -0.002411
1215 0 0 -0.002420
1220 0 0 -0.002380
1225 0 0 -0.002297
1230 0 0 -0.002188
1235 0 0 -0.002072
1240 0 0 -0.001983
1245 0 0 -0.001956
1250 0 0 -0.002013
1255 0 0 -0.002111
1260 0 0 -0.002192
1265 0 0 -0.002211
1270 0 0 -0.002167
1275 0 0 -0.002072
1280 0 0 -0.001939
1285 0 0 -0.001781
1290 0 0 -0.001612
1295 0 0 -0.001458
1300 0 0 -0.001392
1305 0 0 -0.001496
1310 0 0 -0.001808
1315 0 0 -0.002180
1320 0 0 -0.002420
1325 0 0 -0.002386
1330 0 0 -0.002152
1335 0 0 -0.001844
1340 0 0 -0.001570
1345 0 0 -0.001371
1350 0 0 -0.001272
1355 0 0 -0.001280
1360 0 0 -0.001341
1365 0 0 -0.001384
1370 0 0 -0.001361
1375 0 0 -0.001304
1380 0 0 -0.001268
1385 0 0 -0.001290
1390 0 0 -0.001344
1395 0 0 -0.001384
1400 0 0 -0.001378
1405 0 0 -0.001334
1410 0 0 -0.001268
1415 0 0 -0.001200
1420 0 0 -0.001153
1425 0 0 -0.001152
1430 0 0 -0.001211
1435 0 0 -0.001302
1440 0 0 -0.001384
1445 0 0 -0.001425
1450 0 0 -0.001423
1455 0 0 -0.001384
1460 0 0 -0.001316
1465 0 0 -0.001233
1470 0 0 -0.001152
1475 0 0 -0.001088
1480 0 0 -0.001047
1485 0 0 -0.001036
1490 0 0 -0.001057
1495 0 0 -0.001100
1500 0 0 -0.001152
1505 0 0 -0.001202
1510 0 0 -0.001243
1515 0 0 -0.001268
1520 0 0 -0.001270
1525 0 0 -0.001236
1530 0 0 -0.001152
1535 0 0 -0.001018
1540 0 0 -0.000881
1545 0 0 -0.000804
1550 0 0 -0.000824
1555 0 0 -0.000887
1560 0 0 -0.000920
1565 0 0 -0.000868
1570 0 0 -0.000772
1575 0 0 -0.000692
1580 0 0 -0.000673
1585 0 0 -0.000688
1590 0 0 -0.000692
1595 0 0 -0.000655
1600 0 0 -0.000603
1605 0 0 -0.000576
1610 0 0 -0.000602
1615 0 0 -0.000654
1620 0 0 -0.000692
1625 0 0 -0.000685
1630 0 0 -0.000640
1635 0 0 -0.000576
1640 0 0 -0.000510
1645 0 0 -0.000464
1650 0 0 -0.000460
1655 0 0 -0.000511
1660 0 0 -0.000597
1665 0 0 -0.000688
1670 0 0 -0.000755
1675 0 0 -0.000766
1680 0 0 -0.000692
1685 0 0 -0.000523
1690 0 0 -0.000335
1695 0 0 -0.000228
1700 0 0 -0.000265
1705 0 0 -0.000377
1710 0 0 -0.000460
1715 0 0 -0.000442
1720 0 0 -0.000376
1725 0 0 -0.000348
1730 0 0 -0.000415
1735 0 0 -0.000519
1740 0 0 -0.000576
1745 0 0 -0.000527
1750 0 0 -0.000424
1755 0 0 -0.000348
1760 0 0 -0.000356
1765 0 0 -0.000413
1770 0 0 -0.000460
1775 0 0 -0.000453
1780 0 0 -0.000406
1785 0 0 -0.000348
1790 0 0 -0.000306
1795 0 0 -0.000299
1800 0 0 -0.000348
1805 0 0 -0.000455
1810 0 0 -0.000557
1815 0 0 -0.000576
1820 0 0 -0.000467
1825 0 0 -0.000313
1830 0 0 -0.000232
1835 0 0 -0.000303
1840 0 0 -0.000454
1845 0 0 -0.000576
1850 0 0 -0.000583
1855 0 0 -0.000492
1860 0 0 -0.000344
1865 0 0 -0.000194
1870 0 0 -0.000153
1875 0 0 -0.000348
1880 0 0 -0.000836
1885 0 0 -0.001393
1890 0 0 -0.001728
1895 0 0 -0.001643
1900 0 0 -0.001321
1905 0 0 -0.001036
1910 0 0 -0.000986
1915 0 0 -0.001053
1920 0 0 -0.001036
1925 0 0 -0.000802
1930 0 0 -0.000471
1935 0 0 -0.000228
1940 0 0 -0.000206
1945 0 0 -0.000326
1950 0 0 -0.000460
1955 0 0 -0.000504
1960 0 0 -0.000457
1965 0 0 -0.000348
1970 0 0 -0.000210
1975 0 0 -0.000108
1980 0 0 -0.000116
1985 0 0 -0.000271
1990 0 0 -0.000471
1995 0 0 -0.000576
2000 0 0 -0.000497
2005 0 0 -0.000333
2010 0 0 -0.000232
2015 0 0 -0.000297
2020 0 0 -0.000452
2025 0 0 -0.000576
2030 0 0 -0.000577
2035 0 0 -0.000481
2040 0 0 -0.000344
2045 0 0 -0.000217
2050 0 0 -0.000132
2055 0 0 -0.000116
2060 0 0 -0.000185
2065 0 0 -0.000312
2070 0 0 -0.000460
2075 0 0 -0.000594
2080 0 0 -0.000681
2085 0 0 -0.000692
2090 0 0 -0.000610
2095 0 0 -0.000475
2100 0 0 -0.000344
2105 0 0 -0.000261
2110 0 0 -0.000225
2115 0 0 -0.000228
2120 0 0 -0.000257
2125 0 0 -0.000300
2130 0 0 -0.000344
2135 0 0 -0.000379
2140 0 0 -0.000413
2145 0 0 -0.000460
2150 0 0 -0.000523
2155 0 0 -0.000574
2160 0 0 -0.000576
2165 0 0 -0.000507
2170 0 0 -0.000411
2175 0 0 -0.000344
2180 0 0 -0.000353
2185 0 0 -0.000436
2190 0 0 -0.000576
2195 0 0 -0.000749
2200 0 0 -0.000889
2205 0 0 -0.000920
2210 0 0 -0.000798
2215 0 0 -0.000608
2220 0 0 -0.000464
2225 0 0 -0.000450
2230 0 0 -0.000515
2235 0 0 -0.000576
2240 0 0 -0.000571
2245 0 0 -0.000519
2250 0 0 -0.000460
2255 0 0 -0.000427
2260 0 0 -0.000427
2265 0 0 -0.000460
2270 0 0 -0.000520
2275 0 0 -0.000573
2280 0 0 -0.000576
2285 0 0 -0.000506
2290 0 0 -0.000409
2295 0 0 -0.000348
2300 0 0 -0.000370
2305 0 0 -0.000458
2310 0 0 -0.000576
2315 0 0 -0.000692
2320 0 0 -0.000778
2325 0 0 -0.000808
2330 0 0 -0.000770
2335 0 0 -0.000709
2340 0 0 -0.000688
2345 0 0 -0.000747
2350 0 0 -0.000845
2355 0 0 -0.000924
2360 0 0 -0.000940
2365 0 0 -0.000924
2370 0 0 -0.000924
2375 0 0 -0.000971
2380 0 0 -0.001026
2385 0 0 -0.001036
2390 0 0 -0.000965
2395 0 0 -0.000865
2400 0 0 -0.000808
2405 0 0 -0.000844
2410 0 0 -0.000938
2415 0 0 -0.001036
2420 0 0 -0.001094
2425 0 0 -0.001124
2430 0 0 -0.001148
2435 0 0 -0.001185
2440 0 0 -0.001228
2445 0 0 -0.001268
2450 0 0 -0.001310
2455 0 0 -0.001431
2460 0 0 -0.001728
2465 0 0 -0.002243
2470 0 0 -0.002813
2475 0 0 -0.003224
2480 0 0 -0.003321
2485 0 0 -0.003194
2490 0 0 -0.002992
2495 0 0 -0.002841
2500 0 0 -0.002765
2505 0 0 -0.002764
2510 0 0 -0.002821
2515 0 0 -0.002853
2520 0 0 -0.002764
2525 0 0 -0.002498
2530 0 0 -0.002175
2535 0 0 -0.001956
2540 0 0 -0.001949
2545 0 0 -0.002043
2550 0 0 -0.002072
2555 0 0 -0.001921
2560 0 0 -0.001681
2565 0 0 -0.001496
2570 0 0 -0.001469
2575 0 0 -0.001542
2580 0 0 -0.001616
2585 0 0 -0.001620
2590 0 0 -0.001596
2595 0 0 -0.001612
2600 0 0 -0.001715
2605 0 0 -0.001855
2610 0 0 -0.001960
2615 0 0 -0.001981
2620 0 0 -0.001959
2625 0 0 -0.001960
2630 0 0 -0.002024
2635 0 0 -0.002090
2640 0 0 -0.002072
2645 0 0 -0.001916
2650 0 0 -0.001691
2655 0 0 -0.001500
2660 0 0 -0.001420
2665 0 0 -0.001433
2670 0 0 -0.001500
2675 0 0 -0.001580
2680 0 0 -0.001631
2685 0 0 -0.001612
2690 0 0 -0.001497
2695 0 0 -0.001326
2700 0 0 -0.001152
2705 0 0 -0.001022
2710 0 0 -0.000945
2715 0 0 -0.000920
2720 0 0 -0.000943
2725 0 0 -0.000990
2730 0 0 -0.001036
2735 0 0 -0.001058
2740 0 0 -0.001057
2745 0 0 -0.001036
2750 0 0 -0.001001
2755 0 0 -0.000961
2760 0 0 -0.000924
2765 0 0 -0.000899
2770 0 0 -0.000895
2775 0 0 -0.000920
2780 0 0 -0.000975
2785 0 0 -0.001027
2790 0 0 -0.001036
2795 0 0 -0.000977
2800 0 0 -0.000884
2805 0 0 -0.000804
2810 0 0 -0.000773
2815 0 0 -0.000781
2820 0 0 -0.000804
2825 0 0 -0.000822
2830 0 0 -0.000826
2835 0 0 -0.000808
2840 0 0 -0.000767
2845 0 0 -0.000720
2850 0 0 -0.000692
2855 0 0 -0.000700
2860 0 0 -0.000740
2865 0 0 -0.000804
2870 0 0 -0.000878
2875 0 0 -0.000930
2880 0 0 -0.000920
2885 0 0 -0.000827
2890 0 0 -0.000693
2895 0 0 -0.000576
2900 0 0 -0.000519
2905 0 0 -0.000494
2910 0 0 -0.000460
2915 0 0 -0.000386
2920 0 0 -0.000296
2925 0 0 -0.000228
2930 0 0 -0.000213
2935 0 0 -0.000253
2940 0 0 -0.000344
2945 0 0 -0.000474
2950 0 0 -0.000605
2955 0 0 -0.000692
2960 0 0 -0.000702
2965 0 0 -0.000653
2970 0 0 -0.000576
2975 0 0 -0.000502
2980 0 0 -0.000455
2985 0 0 -0.000460
2990 0 0 -0.000528
2995 0 0 -0.000622
3000 0 0 -0.000692
3005 0 0 -0.000700
3010 0 0 -0.000654
3015 0 0 -0.000576
3020 0 0 -0.000486
3025 0 0 -0.000402
3030 0 0 -0.000344
3035 0 0 -0.000324
3040 0 0 -0.000331
3045 0 0 -0.000348
3050 0 0 -0.000365
3055 0 0 -0.000395
3060 0 0 -0.000460
3065 0 0 -0.000566
3070 0 0 -0.000664
3075 0 0 -0.000692
3080 0 0 -0.000610
3085 0 0 -0.000471
3090 0 0 -0.000348
3095 0 0 -0.000298
3100 0 0 -0.000308
3105 0 0 -0.000344
3110 0 0 -0.000381
3115 0 0 -0.000418
3120 0 0 -0.000460
3125 0 0 -0.000508
3130 0 0 -0.000551
3135 0 0 -0.000576
3140 0 0 -0.000571
3145 0 0 -0.000532
3150 0 0 -0.000460
3155 0 0 -0.000361
3160 0 0 -0.000270
3165 0 0 -0.000228
3170 0 0 -0.000264
3175 0 0 -0.000354
3180 0 0 -0.000460
3185 0 0 -0.000547
3190 0 0 -0.000593
3195 0 0 -0.000576
3200 0 0 -0.000492
3205 0 0 -0.000393
3210 0 0 -0.000348
3215 0 0 -0.000401
3220 0 0 -0.000501
3225 0 0 -0.000576
3230 0 0 -0.000572
3235 0 0 -0.000517
3240 0 0 -0.000460
3245 0 0 -0.000439
3250 0 0 -0.000446
3255 0 0 -0.000460
3260 0 0 -0.000465
3265 0 0 -0.000464
3270 0 0 -0.000464
3275 0 0 -0.000469
3280 0 0 -0.000472
3285 0 0 -0.000464
3290 0 0 -0.000456
3295 0 0 -0.000534
3300 0 0 -0.000804
3305 0 0 -0.001307
3310 0 0 -0.001826
3315 0 0 -0.002076
3320 0 0 -0.001869
3325 0 0 -0.001391
3330 0 0 -0.000924
3335 0 0 -0.000686
3340 0 0 -0.000641
3345 0 0 -0.000692
3350 0 0 -0.000759
3355 0 0 -0.000833
3360 0 0 -0.000924
3365 0 0 -0.001032
3370 0 0 -0.001123
3375 0 0 -0.001152
3380 0 0 -0.001090
3385 0 0 -0.000962
3390 0 0 -0.000808
3395 0 0 -0.000667
3400 0 0 -0.000577
3405 0 0 -0.000576
3410 0 0 -0.000681
3415 0 0 -0.000825
3420 0 0 -0.000920
3425 0 0 -0.000904
3430 0 0 -0.000808
3435 0 0 -0.000692
3440 0 0 -0.000600
3445 0 0 -0.000528
3450 0 0 -0.000464
3455 0 0 -0.000399
3460 0 0 -0.000351
3465 0 0 -0.000348
3470 0 0 -0.000404
3475 0 0 -0.000493
3480 0 0 -0.000576
3485 0 0 -0.000622
3490 0 0 -0.000624
3495 0 0 -0.000580
3500 0 0 -0.000497
3505 0 0 -0.000407
3510 0 0 -0.000348
3515 0 0 -0.000349
3520 0 0 -0.000395
3525 0 0 -0.000460
3530 0 0 -0.000521
3535 0 0 -0.000564
3540 0 0 -0.000576
3545 0 0 -0.000550
3550 0 0 -0.000503
3555 0 0 -0.000460
3560 0 0 -0.000439
3565 0 0 -0.000441
3570 0 0 -0.000464
3575 0 0 -0.000506
3580 0 0 -0.000577
3585 0 0 -0.000688
3590 0 0 -0.000838
3595 0 0 -0.000975
3600 0 0 -0.001036
3605 0 0 -0.000982
3610 0 0 -0.000877
3615 0 0 -0.000808
3620 0 0 -0.000834
3625 0 0 -0.000900
3630 0 0 -0.000920
3635 0 0 -0.000840
3640 0 0 -0.000730
3645 0 0 -0.000692
3650 0 0 -0.000790
3655 0 0 -0.000944
3660 0 0 -0.001036
3665 0 0 -0.000989
3670 0 0 -0.000875
3675 0 0 -0.000808
3680 0 0 -0.000863
3685 0 0 -0.000973
3690 0 0 -0.001036
3695 0 0 -0.000982
3700 0 0 -0.000875
3705 0 0 -0.000808
3710 0 0 -0.000849
3715 0 0 -0.000951
3720 0 0 -0.001036
3725 0 0 -0.001047
3730 0 0 -0.000999
3735 0 0 -0.000924
3740 0 0 -0.000852
3745 0 0 -0.000806
3750 0 0 -0.000804
3755 0 0 -0.000858
3760 0 0 -0.000946
3765 0 0 -0.001036
3770 0 0 -0.001099
3775 0 0 -0.001108
3780 0 0 -0.001036
3785 0 0 -0.000876
3790 0 0 -0.000695
3795 0 0 -0.000576
3800 0 0 -0.000581
3805 0 0 -0.000677
3810 0 0 -0.000808
3815 0 0 -0.000919
3820 0 0 -0.000971
3825 0 0 -0.000924
3830 0 0 -0.000791
3835 0 0 -0.000781
3840 0 0 -0.001152
3845 0 0 -0.002044
3850 0 0 -0.003117
3855 0 0 -0.003916
3860 0 0 -0.004098
3865 0 0 -0.003789
3870 0 0 -0.003228
3875 0 0 -0.002631
3880 0 0 -0.002104
3885 0 0 -0.001728
3890 0 0 -0.001557
3895 0 0 -0.001543
3900 0 0 -0.001612
3905 0 0 -0.001700
3910 0 0 -0.001781
3915 0 0 -0.001840
3920 0 0 -0.001875
3925 0 0 -0.001932
3930 0 0 -0.002072
3935 0 0 -0.002329
3940 0 0 -0.002629
3945 0 0 -0.002876
3950 0 0 -0.002983
3955 0 0 -0.002915
3960 0 0 -0.002652
3965 0 0 -0.002226
3970 0 0 -0.001891
3975 0 0 -0.001956
3980 0 0 -0.002595
3985 0 0 -0.003451
3990 0 0 -0.004032
3995 0 0 -0.004000
4000 0 0 -0.003628
4005 0 0 -0.003344
4010 0 0 -0.003441
4015 0 0 -0.003679
4020 0 0 -0.003688
4025 0 0 -0.003214
4030 0 0 -0.002484
4035 0 0 -0.001844
4040 0 0 -0.001549
4045 0 0 -0.001498
4050 0 0 -0.001500
4055 0 0 -0.001413
4060 0 0 -0.001299
4065 0 0 -0.001268
4070 0 0 -0.001392
4075 0 0 -0.001586
4080 0 0 -0.001728
4085 0 0 -0.001727
4090 0 0 -0.001625
4095 0 0 -0.001500
4100 0 0 -0.001414
4105 0 0 -0.001377
4110 0 0 -0.001384
4115 0 0 -0.001426
4120 0 0 -0.001475
4125 0 0 -0.001496
4130 0 0 -0.001469
4135 0 0 -0.001419
4140 0 0 -0.001384
4145 0 0 -0.001393
4150 0 0 -0.001437
4155 0 0 -0.001496
4160 0 0 -0.001548
4165 0 0 -0.001560
4170 0 0 -0.001496
4175 0 0 -0.001341
4180 0 0 -0.001161
4185 0 0 -0.001040
4190 0 0 -0.001037
4195 0 0 -0.001100
4200 0 0 -0.001152
4205 0 0 -0.001136
4210 0 0 -0.001081
4215 0 0 -0.001036
4220 0 0 -0.001040
4225 0 0 -0.001085
4230 0 0 -0.001152
4235 0 0 -0.001221
4240 0 0 -0.001268
4245 0 0 -0.001268
4250 0 0 -0.001212
4255 0 0 -0.001151
4260 0 0 -0.001152
4265 0 0 -0.001250
4270 0 0 -0.001364
4275 0 0 -0.001380
4280 0 0 -0.001231
4285 0 0 -0.001026
4290 0 0 -0.000920
4295 0 0 -0.001017
4300 0 0 -0.001221
4305 0 0 -0.001384
4310 0 0 -0.001397
4315 0 0 -0.001295
4320 0 0 -0.001152
4325 0 0 -0.001026
4330 0 0 -0.000916
4335 0 0 -0.000808
4340 0 0 -0.000695
4345 0 0 -0.000605
4350 0 0 -0.000576
4355 0 0 -0.000630
4360 0 0 -0.000725
4365 0 0 -0.000804
4370 0 0 -0.000823
4375 0 0 -0.000781
4380 0 0 -0.000692
4385 0 0 -0.000574
4390 0 0 -0.000478
4395 0 0 -0.000460
4400 0 0 -0.000553
4405 0 0 -0.000697
4410 0 0 -0.000804
4415 0 0 -0.000814
4420 0 0 -0.000758
4425 0 0 -0.000692
4430 0 0 -0.000660
4435 0 0 -0.000663
4440 0 0 -0.000688
4445 0 0 -0.000721
4450 0 0 -0.000732
4455 0 0 -0.000688
4460 0 0 -0.000576
4465 0 0 -0.000469
4470 0 0 -0.000460
4475 0 0 -0.000604
4480 0 0 -0.000803
4485 0 0 -0.000920
4490 0 0 -0.000862
4495 0 0 -0.000708
4500 0 0 -0.000576
4505 0 0 -0.000557
4510 0 0 -0.000618
4515 0 0 -0.000692
4520 0 0 -0.000728
4525 0 0 -0.000724
4530 0 0 -0.000692
4535 0 0 -0.000645
4540 0 0 -0.000600
4545 0 0 -0.000576
4550 0 0 -0.000583
4555 0 0 -0.000595
4560 0 0 -0.000576
4565 0 0 -0.000503
4570 0 0 -0.000410
4575 0 0 -0.000344
4580 0 0 -0.000340
4585 0 0 -0.000386
4590 0 0 -0.000460
4595 0 0 -0.000536
4600 0 0 -0.000585
4605 0 0 -0.000576
4610 0 0 -0.000494
4615 0 0 -0.000394
4620 0 0 -0.000348
4625 0 0 -0.000403
4630 0 0 -0.000505
4635 0 0 -0.000576
4640 0 0 -0.000562
4645 0 0 -0.000502
4650 0 0 -0.000460
4655 0 0 -0.000481
4660 0 0 -0.000535
4665 0 0 -0.000576
4670 0 0 -0.000568
4675 0 0 -0.000521
4680 0 0 -0.000460
4685 0 0 -0.000405
4690 0 0 -0.000365
4695 0 0 -0.000348
4700 0 0 -0.000360
4705 0 0 -0.000398
4710 0 0 -0.000460
4715 0 0 -0.000535
4720 0 0 -0.000587
4725 0 0 -0.000576
4730 0 0 -0.000482
4735 0 0 -0.000376
4740 0 0 -0.000348
4745 0 0 -0.000464
4750 0 0 -0.000679
4755 0 0 -0.000920
4760 0 0 -0.001126
4765 0 0 -0.001283
4770 0 0 -0.001384
4775 0 0 -0.001429
4780 0 0 -0.001425
4785 0 0 -0.001384
4790 0 0 -0.001312
4795 0 0 -0.001201
4800 0 0 -0.001040
4805 0 0 -0.000829
4810 0 0 -0.000616
4815 0 0 -0.000460
4820 0 0 -0.000404
4825 0 0 -0.000420
4830 0 0 -0.000464
4835 0 0 -0.000497
4840 0 0 -0.000500
4845 0 0 -0.000460
4850 0 0 -0.000373
4855 0 0 -0.000280
4860 0 0 -0.000232
4865 0 0 -0.000265
4870 0 0 -0.000355
4875 0 0 -0.000460
4880 0 0 -0.000545
4885 0 0 -0.000590
4890 0 0 -0.000576
4895 0 0 -0.000500
4900 0 0 -0.000405
4905 0 0 -0.000348
4910 0 0 -0.000367
4915 0 0 -0.000423
4920 0 0 -0.000460
4925 0 0 -0.000438
4930 0 0 -0.000386
4935 0 0 -0.000348
4940 0 0 -0.000359
4945 0 0 -0.000405
4950 0 0 -0.000460
4955 0 0 -0.000500
4960 0 0 -0.000506
4965 0 0 -0.000460
4970 0 0 -0.000358
4975 0 0 -0.000257
4980 0 0 -0.000228
4985 0 0 -0.000317
4990 0 0 -0.000462
4995 0 0 -0.000576
5000 0 0 -0.000593
5005 0 0 -0.000538
5010 0 0 -0.000460
5015 0 0 -0.000398
5020 0 0 -0.000360
5025 0 0 -0.000348
5030 0 0 -0.000362
5035 0 0 -0.000401
5040 0 0 -0.000460
5045 0 0 -0.000536
5050 0 0 -0.000617
5055 0 0 -0.000688
5060 0 0 -0.000736
5065 0 0 -0.000742
5070 0 0 -0.000688
5075 0 0 -0.000569
5080 0 0 -0.000433
5085 0 0 -0.000344
5090 0 0 -0.000345
5095 0 0 -0.000402
5100 0 0 -0.000464
5105 0 0 -0.000493
5110 0 0 -0.000517
5115 0 0 -0.000576
5120 0 0 -0.000692
5125 0 0 -0.000799
5130 0 0 -0.000808
5135 0 0 -0.000672
5140 0 0 -0.000505
5145 0 0 -0.000460
5150 0 0 -0.000638
5155 0 0 -0.000925
5160 0 0 -0.001152
5165 0 0 -0.001192
5170 0 0 -0.001088
5175 0 0 -0.000924
5180 0 0 -0.000772
5185 0 0 -0.000654
5190 0 0 -0.000580
5195 0 0 -0.000556
5200 0 0 -0.000562
5205 0 0 -0.000576
5210 0 0 -0.000579
5215 0 0 -0.000576
5220 0 0 -0.000576
5225 0 0 -0.000590
5230 0 0 -0.000625
5235 0 0 -0.000688
5240 0 0 -0.000774
5245 0 0 -0.000833
5250 0 0 -0.000804
5255 0 0 -0.000654
5260 0 0 -0.000464
5265 0 0 -0.000348
5270 0 0 -0.000380
5275 0 0 -0.000491
5280 0 0 -0.000576
5285 0 0 -0.000562
5290 0 0 -0.000496
5295 0 0 -0.000460
5300 0 0 -0.000509
5305 0 0 -0.000605
5310 0 0 -0.000688
5315 0 0 -0.000713
5320 0 0 -0.000702
5325 0 0 -0.000692
5330 0 0 -0.000711
5335 0 0 -0.000755
5340 0 0 -0.000808
5345 0 0 -0.000858
5350 0 0 -0.000898
5355 0 0 -0.000924
5360 0 0 -0.000936
5365 0 0 -0.000962
5370 0 0 -0.001036
5375 0 0 -0.001173
5380 0 0 -0.001315
5385 0 0 -0.001384
5390 0 0 -0.001336
5395 0 0 -0.001258
5400 0 0 -0.001268
5405 0 0 -0.001442
5410 0 0 -0.001681
5415 0 0 -0.001844
5420 0 0 -0.001832
5425 0 0 -0.001717
5430 0 0 -0.001612
5435 0 0 -0.001598
5440 0 0 -0.001626
5445 0 0 -0.001612
5450 0 0 -0.001506
5455 0 0 -0.001391
5460 0 0 -0.001380
5465 0 0 -0.001554
5470 0 0 -0.001855
5475 0 0 -0.002188
5480 0 0 -0.002463
5485 0 0 -0.002604
5490 0 0 -0.002536
5495 0 0 -0.002229
5500 0 0 -0.001822
5505 0 0 -0.001500
5510 0 0 -0.001394
5515 0 0 -0.001433
5520 0 0 -0.001496
5525 0 0 -0.001490
5530 0 0 -0.001436
5535 0 0 -0.001384
5540 0 0 -0.001370
5545 0 0 -0.001380
5550 0 0 -0.001384
5555 0 0 -0.001361
5560 0 0 -0.001318
5565 0 0 -0.001268
5570 0 0 -0.001231
5575 0 0 -0.001253
5580 0 0 -0.001384
5585 0 0 -0.001648
5590 0 0 -0.001956
5595 0 0 -0.002188
5600 0 0 -0.002253
5605 0 0 -0.002163
5610 0 0 -0.001956
5615 0 0 -0.001684
5620 0 0 -0.001452
5625 0 0 -0.001380
5630 0 0 -0.001538
5635 0 0 -0.001792
5640 0 0 -0.001960
5645 0 0 -0.001906
5650 0 0 -0.001680
5655 0 0 -0.001380
5660 0 0 -0.001091
5665 0 0 -0.000853
5670 0 0 -0.000692
5675 0 0 -0.000627
5680 0 0 -0.000636
5685 0 0 -0.000688
5690 0 0 -0.000752
5695 0 0 -0.000802
5700 0 0 -0.000808
5705 0 0 -0.000755
5710 0 0 -0.000666
5715 0 0 -0.000576
5720 0 0 -0.000512
5725 0 0 -0.000475
5730 0 0 -0.000460
5735 0 0 -0.000465
5740 0 0 -0.000500
5745 0 0 -0.000576
5750 0 0 -0.000692
5755 0 0 -0.000792
5760 0 0 -0.000808
5765 0 0 -0.000700
5770 0 0 -0.000548
5775 0 0 -0.000460
5780 0 0 -0.000509
5785 0 0 -0.000623
5790 0 0 -0.000692
5795 0 0 -0.000642
5800 0 0 -0.000533
5805 0 0 -0.000460
5810 0 0 -0.000491
5815 0 0 -0.000588
5820 0 0 -0.000688
5825 0 0 -0.000738
5830 0 0 -0.000736
5835 0 0 -0.000692
5840 0 0 -0.000617
5845 0 0 -0.000533
5850 0 0 -0.000464
5855 0 0 -0.000429
5860 0 0 -0.000430
5865 0 0 -0.000460
5870 0 0 -0.000516
5875 0 0 -0.000594
5880 0 0 -0.000688
5885 0 0 -0.000786
5890 0 0 -0.000842
5895 0 0 -0.000804
5900 0 0 -0.000646
5905 0 0 -0.000456
5910 0 0 -0.000348
5915 0 0 -0.000402
5920 0 0 -0.000551
5925 0 0 -0.000692
5930 0 0 -0.000747
5935 0 0 -0.000733
5940 0 0 -0.000692
5945 0 0 -0.000656
5950 0 0 -0.000621
5955 0 0 -0.000576
5960 0 0 -0.000516
5965 0 0 -0.000467
5970 0 0 -0.000460
5975 0 0 -0.000516
5980 0 0 -0.000606
5985 0 0 -0.000692
5990 0 0 -0.000739
5995 0 0 -0.000740
6000 0 0 -0.000692
6005 0 0 -0.000606
6010 0 0 -0.000543
6015 0 0 -0.000576
6020 0 0 -0.000743
6025 0 0 -0.000941
6030 0 0 -0.001032
6035 0 0 -0.000925
6040 0 0 -0.000723
6045 0 0 -0.000576
6050 0 0 -0.000586
6055 0 0 -0.000669
6060 0 0 -0.000692
6065 0 0 -0.000566
6070 0 0 -0.000371
6075 0 0 -0.000232
6080 0 0 -0.000239
6085 0 0 -0.000343
6090 0 0 -0.000464
6095 0 0 -0.000537
6100 0 0 -0.000567
6105 0 0 -0.000576
6110 0 0 -0.000583
6115 0 0 -0.000585
6120 0 0 -0.000576
6125 0 0 -0.000551
6130 0 0 -0.000512
6135 0 0 -0.000460
6140 0 0 -0.000402
6145 0 0 -0.000358
6150 0 0 -0.000348
6155 0 0 -0.000385
6160 0 0 -0.000436
6165 0 0 -0.000460
6170 0 0 -0.000442
6175 0 0 -0.000478
6180 0 0 -0.000692
6185 0 0 -0.001142
6190 0 0 -0.001617
6195 0 0 -0.001840
6200 0 0 -0.001628
6205 0 0 -0.001185
6210 0 0 -0.000808
6215 0 0 -0.000722
6220 0 0 -0.000848
6225 0 0 -0.001036
6230 0 0 -0.001159
6235 0 0 -0.001196
6240 0 0 -0.001152
6245 0 0 -0.001041
6250 0 0 -0.000908
6255 0 0 -0.000808
6260 0 0 -0.000782
6265 0 0 -0.000825
6270 0 0 -0.000920
6275 0 0 -0.001042
6280 0 0 -0.001139
6285 0 0 -0.001152
6290 0 0 -0.001043
6295 0 0 -0.000864
6300 0 0 -0.000692
6305 0 0 -0.000582
6310 0 0 -0.000517
6315 0 0 -0.000460
6320 0 0 -0.000392
6325 0 0 -0.000368
6330 0 0 -0.000460
6335 0 0 -0.000707
6340 0 0 -0.001018
6345 0 0 -0.001268
6350 0 0 -0.001370
6355 0 0 -0.001378
6360 0 0 -0.001384
6365 0 0 -0.001454
6370 0 0 -0.001551
6375 0 0 -0.001612
6380 0 0 -0.001591
6385 0 0 -0.001504
6390 0 0 -0.001384
6395 0 0 -0.001262
6400 0 0 -0.001173
6405 0 0 -0.001152
6410 0 0 -0.001216
6415 0 0 -0.001314
6420 0 0 -0.001380
6425 0 0 -0.001366
6430 0 0 -0.001310
6435 0 0 -0.001268
6440 0 0 -0.001282
6445 0 0 -0.001332
6450 0 0 -0.001384
6455 0 0 -0.001408
6460 0 0 -0.001406
6465 0 0 -0.001384
6470 0 0 -0.001358
6475 0 0 -0.001376
6480 0 0 -0.001496
6485 0 0 -0.001739
6490 0 0 -0.001984
6495 0 0 -0.002076
6500 0 0 -0.001915
6505 0 0 -0.001624
6510 0 0 -0.001380
6515 0 0 -0.001321
6520 0 0 -0.001420
6525 0 0 -0.001612
6530 0 0 -0.001825
6535 0 0 -0.001972
6540 0 0 -0.001960
6545 0 0 -0.001737
6550 0 0 -0.001417
6555 0 0 -0.001152
6560 0 0 -0.001057
6565 0 0 -0.001085
6570 0 0 -0.001152
6575 0 0 -0.001187
6580 0 0 -0.001184
6585 0 0 -0.001152
6590 0 0 -0.001103
6595 0 0 -0.001058
6600 0 0 -0.001040
6605 0 0 -0.001059
6610 0 0 -0.001075
6615 0 0 -0.001036
6620 0 0 -0.000913
6625 0 0 -0.000769
6630 0 0 -0.000692
6635 0 0 -0.000743
6640 0 0 -0.000881
6645 0 0 -0.001036
6650 0 0 -0.001154
6655 0 0 -0.001229
6660 0 0 -0.001268
6665 0 0 -0.001274
6670 0 0 -0.001240
6675 0 0 -0.001156
6680 0 0 -0.001023
6685 0 0 -0.000886
6690 0 0 -0.000804
6695 0 0 -0.000814
6700 0 0 -0.000873
6705 0 0 -0.000920
6710 0 0 -0.000913
6715 0 0 -0.000893
6720 0 0 -0.000920
6725 0 0 -0.001036
6730 0 0 -0.001207
6735 0 0 -0.001384
6740 0 0 -0.001525
6745 0 0 -0.001635
6750 0 0 -0.001728
6755 0 0 -0.001812
6760 0 0 -0.001860
6765 0 0 -0.001840
6770 0 0 -0.001739
6775 0 0 -0.001630
6780 0 0 -0.001612
6785 0 0 -0.001734
6790 0 0 -0.001869
6795 0 0 -0.001844
6800 0 0 -0.001579
6805 0 0 -0.001371
6810 0 0 -0.001612
6815 0 0 -0.002514
6820 0 0 -0.003584
6825 0 0 -0.004148
6830 0 0 -0.003761
6835 0 0 -0.002879
6840 0 0 -0.002188
6845 0 0 -0.002177
6850 0 0 -0.002566
6855 0 0 -0.002880
6860 0 0 -0.002773
6865 0 0 -0.002407
6870 0 0 -0.002072
6875 0 0 -0.001985
6880 0 0 -0.002072
6885 0 0 -0.002188
6890 0 0 -0.002217
6895 0 0 -0.002166
6900 0 0 -0.002072
6905 0 0 -0.001966
6910 0 0 -0.001853
6915 0 0 -0.001728
6920 0 0 -0.001594
6925 0 0 -0.001470
6930 0 0 -0.001384
6935 0 0 -0.001352
6940 0 0 -0.001359
6945 0 0 -0.001384
6950 0 0 -0.001405
6955 0 0 -0.001408
6960 0 0 -0.001380
6965 0 0 -0.001314
6970 0 0 -0.001229
6975 0 0 -0.001152
6980 0 0 -0.001107
6985 0 0 -0.001104
6990 0 0 -0.001152
6995 0 0 -0.001248
7000 0 0 -0.001345
7005 0 0 -0.001384
7010 0 0 -0.001328
7015 0 0 -0.001227
7020 0 0 -0.001152
7025 0 0 -0.001156
7030 0 0 -0.001209
7035 0 0 -0.001264
7040 0 0 -0.001283
7045 0 0 -0.001277
7050 0 0 -0.001268
7055 0 0 -0.001276
7060 0 0 -0.001311
7065 0 0 -0.001380
7070 0 0 -0.001476
7075 0 0 -0.001540
7080 0 0 -0.001496
7085 0 0 -0.001306
7090 0 0 -0.001071
7095 0 0 -0.000924
7100 0 0 -0.000956
7105 0 0 -0.001077
7110 0 0 -0.001152
7115 0 0 -0.001080
7120 0 0 -0.000902
7125 0 0 -0.000692
7130 0 0 -0.000516
7135 0 0 -0.000396
7140 0 0 -0.000344
7145 0 0 -0.000363
7150 0 0 -0.000416
7155 0 0 -0.000460
7160 0 0 -0.000463
7165 0 0 -0.000450
7170 0 0 -0.000460
7175 0 0 -0.000520
7180 0 0 -0.000608
7185 0 0 -0.000688
7190 0 0 -0.000732
7195 0 0 -0.000734
7200 0 0 -0.000692
7205 0 0 -0.000612
7210 0 0 -0.000523
7215 0 0 -0.000460
7220 0 0 -0.000447
7225 0 0 -0.000459
7230 0 0 -0.000460
7235 0 0 -0.000426
7240 0 0 -0.000377
7245 0 0 -0.000344
7250 0 0 -0.000352
7255 0 0 -0.000395
7260 0 0 -0.000460
7265 0 0 -0.000531
7270 0 0 -0.000581
7275 0 0 -0.000576
7280 0 0 -0.000502
7285 0 0 -0.000405
7290 0 0 -0.000348
7295 0 0 -0.000372
7300 0 0 -0.000432
7305 0 0 -0.000460
7310 0 0 -0.000413
7315 0 0 -0.000347
7320 0 0 -0.000344
7325 0 0 -0.000453
7330 0 0 -0.000603
7335 0 0 -0.000692
7340 0 0 -0.000646
7345 0 0 -0.000507
7350 0 0 -0.000344
7355 0 0 -0.000220
7360 0 0 -0.000172
7365 0 0 -0.000232
7370 0 0 -0.000405
7375 0 0 -0.000598
7380 0 0 -0.000692
7385 0 0 -0.000612
7390 0 0 -0.000451
7395 0 0 -0.000344
7400 0 0 -0.000385
7405 0 0 -0.000501
7410 0 0 -0.000576
7415 0 0 -0.000529
7420 0 0 -0.000421
7425 0 0 -0.000348
7430 0 0 -0.000379
7435 0 0 -0.000477
7440 0 0 -0.000576
7445 0 0 -0.000625
7450 0 0 -0.000622
7455 0 0 -0.000576
7460 0 0 -0.000501
7465 0 0 -0.000416
7470 0 0 -0.000344
7475 0 0 -0.000304
7480 0 0 -0.000303
7485 0 0 -0.000344
7490 0 0 -0.000423
7495 0 0 -0.000512
7500 0 0 -0.000576
7505 0 0 -0.000588
7510 0 0 -0.000548
7515 0 0 -0.000460
7520 0 0 -0.000341
7525 0 0 -0.000244
7530 0 0 -0.000232
7535 0 0 -0.000339
7540 0 0 -0.000489
7545 0 0 -0.000576
7550 0 0 -0.000529
7555 0 0 -0.000417
7560 0 0 -0.000344
7565 0 0 -0.000382
7570 0 0 -0.000485
7575 0 0 -0.000576
7580 0 0 -0.000595
7585 0 0 -0.000548
7590 0 0 -0.000460
7595 0 0 -0.000355
7600 0 0 -0.000266
7605 0 0 -0.000228
7610 0 0 -0.000264
7615 0 0 -0.000353
7620 0 0 -0.000464
7625 0 0 -0.000563
7630 0 0 -0.000613
7635 0 0 -0.000576
7640 0 0 -0.000438
7645 0 0 -0.000285
7650 0 0 -0.000228
7655 0 0 -0.000338
7660 0 0 -0.000533
7665 0 0 -0.000692
7670 0 0 -0.000724
7675 0 0 -0.000664
7680 0 0 -0.000576
7685 0 0 -0.000513
7690 0 0 -0.000478
7695 0 0 -0.000460
7700 0 0 -0.000451
7705 0 0 -0.000451
7710 0 0 -0.000464
7715 0 0 -0.000496
7720 0 0 -0.000566
7725 0 0 -0.000692
7730 0 0 -0.000879
7735 0 0 -0.001060
7740 0 0 -0.001152
7745 0 0 -0.001094
7750 0 0 -0.000921
7755 0 0 -0.000688
7760 0 0 -0.000454
7765 0 0 -0.000280
7770 0 0 -0.000228
7775 0 0 -0.000328
7780 0 0 -0.000486
7785 0 0 -0.000576
7790 0 0 -0.000516
7795 0 0 -0.000394
7800 0 0 -0.000344
7805 0 0 -0.000451
7810 0 0 -0.000616
7815 0 0 -0.000692
7820 0 0 -0.000582
7825 0 0 -0.000381
7830 0 0 -0.000232
7835 0 0 -0.000240
7840 0 0 -0.000348
7845 0 0 -0.000460
7850 0 0 -0.000502
7855 0 0 -0.000489
7860 0 0 -0.000460
7865 0 0 -0.000445
7870 0 0 -0.000446
7875 0 0 -0.000460
7880 0 0 -0.000480
7885 0 0 -0.000487
7890 0 0 -0.000460
7895 0 0 -0.000392
7900 0 0 -0.000333
7905 0 0 -0.000344
7910 0 0 -0.000462
7915 0 0 -0.000612
7920 0 0 -0.000692
7925 0 0 -0.000632
7930 0 0 -0.000488
7935 0 0 -0.000348
7940 0 0 -0.000282
7945 0 0 -0.000289
7950 0 0 -0.000348
7955 0 0 -0.000437
7960 0 0 -0.000524
7965 0 0 -0.000576
7970 0 0 -0.000573
7975 0 0 -0.000555
7980 0 0 -0.000576
7985 0 0 -0.000663
7990 0 0 -0.000735
7995 0 0 -0.000688
8000 0 0 -0.000481
8005 0 0 -0.000345
8010 0 0 -0.000576
8015 0 0 -0.001349
8020 0 0 -0.002343
8025 0 0 -0.003112
8030 0 0 -0.003329
8035 0 0 -0.003128
8040 0 0 -0.002764
8045 0 0 -0.002446
8050 0 0 -0.002215
8055 0 0 -0.002072
8060 0 0 -0.002004
8065 0 0 -0.001952
8070 0 0 -0.001844
8075 0 0 -0.001629
8080 0 0 -0.001341
8085 0 0 -0.001036
8090 0 0 -0.000773
8095 0 0 -0.000630
8100 0 0 -0.000692
8105 0 0 -0.000988
8110 0 0 -0.001335
8115 0 0 -0.001496
8120 0 0 -0.001310
8125 0 0 -0.000928
8130 0 0 -0.000576
8135 0 0 -0.000425
8140 0 0 -0.000424
8145 0 0 -0.000464
8150 0 0 -0.000465
8155 0 0 -0.000449
8160 0 0 -0.000464
8165 0 0 -0.000541
8170 0 0 -0.000637
8175 0 0 -0.000692
8180 0 0 -0.000667
8185 0 0 -0.000607
8190 0 0 -0.000576
8195 0 0 -0.000613
8200 0 0 -0.000646
8205 0 0 -0.000576
8210 0 0 -0.000381
8215 0 0 -0.000339
8220 0 0 -0.000808
8225 0 0 -0.001977
8230 0 0 -0.003377
8235 0 0 -0.004376
8240 0 0 -0.004522
8245 0 0 -0.004098
8250 0 0 -0.003568
8255 0 0 -0.003286
8260 0 0 -0.003163
8265 0 0 -0.002996
8270 0 0 -0.002645
8275 0 0 -0.002208
8280 0 0 -0.001844
8285 0 0 -0.001673
8290 0 0 -0.001660
8295 0 0 -0.001732
8300 0 0 -0.001824
8305 0 0 -0.001906
8310 0 0 -0.001960
8315 0 0 -0.001973
8320 0 0 -0.001964
8325 0 0 -0.001960
8330 0 0 -0.001982
8335 0 0 -0.002024
8340 0 0 -0.002076
8345 0 0 -0.002126
8350 0 0 -0.002165
8355 0 0 -0.002188
8360 0 0 -0.002182
8365 0 0 -0.002117
8370 0 0 -0.001960
8375 0 0 -0.001702
8380 0 0 -0.001433
8385 0 0 -0.001268
8390 0 0 -0.001283
8395 0 0 -0.001399
8400 0 0 -0.001500
8405 0 0 -0.001495
8410 0 0 -0.001402
8415 0 0 -0.001268
8420 0 0 -0.001137
8425 0 0 -0.001047
8430 0 0 -0.001036
8435 0 0 -0.001124
8440 0 0 -0.001262
8445 0 0 -0.001384
8450 0 0 -0.001439
8455 0 0 -0.001433
8460 0 0 -0.001384
8465 0 0 -0.001319
8470 0 0 -0.001296
8475 0 0 -0.001380
8480 0 0 -0.001613
8485 0 0 -0.001945
8490 0 0 -0.002304
8495 0 0 -0.002623
8500 0 0 -0.002863
8505 0 0 -0.002992
8510 0 0 -0.002984
8515 0 0 -0.002832
8520 0 0 -0.002536
8525 0 0 -0.002113
8530 0 0 -0.001653
8535 0 0 -0.001264
8540 0 0 -0.001024
8545 0 0 -0.000893
8550 0 0 -0.000804
8555 0 0 -0.000705
8560 0 0 -0.000617
8565 0 0 -0.000576
8570 0 0 -0.000604
8575 0 0 -0.000661
8580 0 0 -0.000692
8585 0 0 -0.000660
8590 0 0 -0.000602
8595 0 0 -0.000576
8600 0 0 -0.000617
8605 0 0 -0.000678
8610 0 0 -0.000692
8615 0 0 -0.000617
8620 0 0 -0.000511
8625 0 0 -0.000460
8630 0 0 -0.000518
8635 0 0 -0.000626
8640 0 0 -0.000692
8645 0 0 -0.000658
8650 0 0 -0.000588
8655 0 0 -0.000576
8660 0 0 -0.000683
8665 0 0 -0.000834
8670 0 0 -0.000920
8675 0 0 -0.000870
8680 0 0 -0.000757
8685 0 0 -0.000692
8690 0 0 -0.000749
8695 0 0 -0.000861
8700 0 0 -0.000924
8705 0 0 -0.000864
8710 0 0 -0.000724
8715 0 0 -0.000576
8720 0 0 -0.000479
8725 0 0 -0.000441
8730 0 0 -0.000460
8735 0 0 -0.000526
8740 0 0 -0.000614
8745 0 0 -0.000692
8750 0 0 -0.000734
8755 0 0 -0.000734
8760 0 0 -0.000688
8765 0 0 -0.000603
8770 0 0 -0.000513
8775 0 0 -0.000464
8780 0 0 -0.000482
8785 0 0 -0.000536
8790 0 0 -0.000576
8795 0 0 -0.000571
8800 0 0 -0.000554
8805 0 0 -0.000576
8810 0 0 -0.000665
8815 0 0 -0.000766
8820 0 0 -0.000804
8825 0 0 -0.000729
8830 0 0 -0.000589
8835 0 0 -0.000460
8840 0 0 -0.000400
8845 0 0 -0.000407
8850 0 0 -0.000460
8855 0 0 -0.000540
8860 0 0 -0.000625
8865 0 0 -0.000692
8870 0 0 -0.000723
8875 0 0 -0.000721
8880 0 0 -0.000692
8885 0 0 -0.000646
8890 0 0 -0.000601
8895 0 0 -0.000576
8900 0 0 -0.000581
8905 0 0 -0.000592
8910 0 0 -0.000576
8915 0 0 -0.000515
8920 0 0 -0.000456
8925 0 0 -0.000460
8930 0 0 -0.000565
8935 0 0 -0.000709
8940 0 0 -0.000804
8945 0 0 -0.000788
8950 0 0 -0.000693
8955 0 0 -0.000576
8960 0 0 -0.000485
8965 0 0 -0.000442
8970 0 0 -0.000460
8975 0 0 -0.000540
8980 0 0 -0.000637
8985 0 0 -0.000692
8990 0 0 -0.000668
8995 0 0 -0.000608
9000 0 0 -0.000576
9005 0 0 -0.000614
9010 0 0 -0.000675
9015 0 0 -0.000692
9020 0 0 -0.000620
9025 0 0 -0.000516
9030 0 0 -0.000460
9035 0 0 -0.000507
9040 0 0 -0.000610
9045 0 0 -0.000692
9050 0 0 -0.000699
9055 0 0 -0.000648
9060 0 0 -0.000576
9065 0 0 -0.000514
9070 0 0 -0.000473
9075 0 0 -0.000460
9080 0 0 -0.000477
9085 0 0 -0.000519
9090 0 0 -0.000576
9095 0 0 -0.000646
9100 0 0 -0.000753
9105 0 0 -0.000924
9110 0 0 -0.001171
9115 0 0 -0.001428
9120 0 0 -0.001612
9125 0 0 -0.001657
9130 0 0 -0.001571
9135 0 0 -0.001380
9140 0 0 -0.001132
9145 0 0 -0.000966
9150 0 0 -0.001040
9155 0 0 -0.001445
9160 0 0 -0.001991
9165 0 0 -0.002420
9170 0 0 -0.002542
9175 0 0 -0.002449
9180 0 0 -0.002304
9185 0 0 -0.002233
9190 0 0 -0.002214
9195 0 0 -0.002188
9200 0 0 -0.002115
9205 0 0 -0.002022
9210 0 0 -0.001956
9215 0 0 -0.001951
9220 0 0 -0.001998
9225 0 0 -0.002076
9230 0 0 -0.002166
9235 0 0 -0.002248
9240 0 0 -0.002304
9245 0 0 -0.002321
9250 0 0 -0.002315
9255 0 0 -0.002304
9260 0 0 -0.002301
9265 0 0 -0.002276
9270 0 0 -0.002192
9275 0 0 -0.002021
9280 0 0 -0.001780
9285 0 0 -0.001496
9290 0 0 -0.001198
9295 0 0 -0.000918
9300 0 0 -0.000692
9305 0 0 -0.000554
9310 0 0 -0.000540
9315 0 0 -0.000688
9320 0 0 -0.000998
9325 0 0 -0.001327
9330 0 0 -0.001496
9335 0 0 -0.001383
9340 0 0 -0.001098
9345 0 0 -0.000808
9350 0 0 -0.000644
9355 0 0 -0.000585
9360 0 0 -0.000576
9365 0 0 -0.000570
9370 0 0 -0.000566
9375 0 0 -0.000576
9380 0 0 -0.000607
9385 0 0 -0.000649
9390 0 0 -0.000688
9395 0 0 -0.000712
9400 0 0 -0.000715
9405 0 0 -0.000692
9410 0 0 -0.000643
9415 0 0 -0.000595
9420 0 0 -0.000576
9425 0 0 -0.000607
9430 0 0 -0.000659
9435 0 0 -0.000692
9440 0 0 -0.000677
9445 0 0 -0.000630
9450 0 0 -0.000576
9455 0 0 -0.000539
9460 0 0 -0.000535
9465 0 0 -0.000576
9470 0 0 -0.000664
9475 0 0 -0.000758
9480 0 0 -0.000804
9485 0 0 -0.000771
9490 0 0 -0.000709
9495 0 0 -0.000688
9500 0 0 -0.000750
9505 0 0 -0.000823
9510 0 0 -0.000808
9515 0 0 -0.000650
9520 0 0 -0.000477
9525 0 0 -0.000464
9530 0 0 -0.000716
9535 0 0 -0.001063
9540 0 0 -0.001268
9545 0 0 -0.001169
9550 0 0 -0.000905
9555 0 0 -0.000692
9560 0 0 -0.000689
9565 0 0 -0.000842
9570 0 0 -0.001040
9575 0 0 -0.001186
9580 0 0 -0.001235
9585 0 0 -0.001152
9590 0 0 -0.000938
9595 0 0 -0.000728
9600 0 0 -0.000688
9605 0 0 -0.000921
9610 0 0 -0.001267
9615 0 0 -0.001500
9620 0 0 -0.001457
9625 0 0 -0.001217
9630 0 0 -0.000920
9635 0 0 -0.000687
9640 0 0 -0.000564
9645 0 0 -0.000576
9650 0 0 -0.000721
9655 0 0 -0.000884
9660 0 0 -0.000924
9665 0 0 -0.000774
9670 0 0 -0.000670
9675 0 0 -0.000920
9680 0 0 -0.001704
9685 0 0 -0.002670
9690 0 0 -0.003336
9695 0 0 -0.003356
9700 0 0 -0.002936
9705 0 0 -0.002416
9710 0 0 -0.002076
9715 0 0 -0.001936
9720 0 0 -0.001956
9725 0 0 -0.002088
9730 0 0 -0.002266
9735 0 0 -0.002420
9740 0 0 -0.002502
9745 0 0 -0.002556
9750 0 0 -0.002652
9755 0 0 -0.002821
9760 0 0 -0.002946
9765 0 0 -0.002876
9770 0 0 -0.002531
9775 0 0 -0.002128
9780 0 0 -0.001960
9785 0 0 -0.002211
9790 0 0 -0.002635
9795 0 0 -0.002880
9800 0 0 -0.002699
9805 0 0 -0.002262
9810 0 0 -0.001844
9815 0 0 -0.001657
9820 0 0 -0.001655
9825 0 0 -0.001728
9830 0 0 -0.001786
9835 0 0 -0.001821
9840 0 0 -0.001844
9845 0 0 -0.001862
9850 0 0 -0.001866
9855 0 0 -0.001844
9860 0 0 -0.001791
9865 0 0 -0.001738
9870 0 0 -0.001728
9875 0 0 -0.001786
9880 0 0 -0.001879
9885 0 0 -0.001960
9890 0 0 -0.001992
9895 0 0 -0.001984
9900 0 0 -0.001956
9905 0 0 -0.001929
9910 0 0 -0.001923
9915 0 0 -0.001956
9920 0 0 -0.002028
9925 0 0 -0.002061
9930 0 0 -0.001956
9935 0 0 -0.001656
9940 0 0 -0.001265
9945 0 0 -0.000924
9950 0 0 -0.000746
9955 0 0 -0.000721
9960 0 0 -0.000808
9965 0 0 -0.000963
9970 0 0 -0.001135
9975 0 0 -0.001268
9980 0 0 -0.001318
9985 0 0 -0.001277
9990 0 0 -0.001148
9995 0 0 -0.000945
10000 0 0 -0.000730
10005 0 0 -0.000576
10010 0 0 -0.000534
10015 0 0 -0.000557
10020 0 0 -0.000576
10025 0 0 -0.000541
10030 0 0 -0.000486
10035 0 0 -0.000464
10040 0 0 -0.000514
10045 0 0 -0.000605
10050 0 0 -0.000692
10055 0 0 -0.000736
10060 0 0 -0.000733
10065 0 0 -0.000688
10070 0 0 -0.000605
10075 0 0 -0.000489
