0 0 0 -0.000114
5 0 0 -0.000113
10 0 0 -0.000118
15 0 0 -0.000126
20 0 0 -0.000136
25 0 0 -0.000145
30 0 0 -0.000150
35 0 0 -0.000151
40 0 0 -0.000148
45 0 0 -0.000144
50 0 0 -0.000141
55 0 0 -0.000139
60 0 0 -0.000138
65 0 0 -0.000137
70 0 0 -0.000132
75 0 0 -0.000120
80 0 0 -0.000098
85 0 0 -0.000076
90 0 0 -0.000066
95 0 0 -0.000075
100 0 0 -0.000096
105 0 0 -0.000114
110 0 0 -0.000120
115 0 0 -0.000115
120 0 0 -0.000102
125 0 0 -0.000085
130 0 0 -0.000069
135 0 0 -0.000060
140 0 0 -0.000062
145 0 0 -0.000073
150 0 0 -0.000090
155 0 0 -0.000109
160 0 0 -0.000125
165 0 0 -0.000132
170 0 0 -0.000126
175 0 0 -0.000111
180 0 0 -0.000096
185 0 0 -0.000086
190 0 0 -0.000084
195 0 0 -0.000090
200 0 0 -0.000103
205 0 0 -0.000118
210 0 0 -0.000126
215 0 0 -0.000123
220 0 0 -0.000111
225 0 0 -0.000096
230 0 0 -0.000083
235 0 0 -0.000074
240 0 0 -0.000072
245 0 0 -0.000077
250 0 0 -0.000087
255 0 0 -0.000096
260 0 0 -0.000101
265 0 0 -0.000103
270 0 0 -0.000102
275 0 0 -0.000099
280 0 0 -0.000098
285 0 0 -0.000102
290 0 0 -0.000112
295 0 0 -0.000121
300 0 0 -0.000120
305 0 0 -0.000105
310 0 0 -0.000084
315 0 0 -0.000072
320 0 0 -0.000078
325 0 0 -0.000095
330 0 0 -0.000114
335 0 0 -0.000125
340 0 0 -0.000126
345 0 0 -0.000114
350 0 0 -0.000090
355 0 0 -0.000065
360 0 0 -0.000054
365 0 0 -0.000066
370 0 0 -0.000088
375 0 0 -0.000102
380 0 0 -0.000096
385 0 0 -0.000077
390 0 0 -0.000060
395 0 0 -0.000055
400 0 0 -0.000061
405 0 0 -0.000072
410 0 0 -0.000084
415 0 0 -0.000091
420 0 0 -0.000090
425 0 0 -0.000079
430 0 0 -0.000067
435 0 0 -0.000066
440 0 0 -0.000084
445 0 0 -0.000110
450 0 0 -0.000126
455 0 0 -0.000122
460 0 0 -0.000106
465 0 0 -0.000090
470 0 0 -0.000085
475 0 0 -0.000089
480 0 0 -0.000096
485 0 0 -0.000101
490 0 0 -0.000107
495 0 0 -0.000114
500 0 0 -0.000125
505 0 0 -0.000135
510 0 0 -0.000138
515 0 0 -0.000131
520 0 0 -0.000119
525 0 0 -0.000108
530 0 0 -0.000101
535 0 0 -0.000092
540 0 0 -0.000072
545 0 0 -0.000040
550 0 0 -0.000030
555 0 0 -0.000084
560 0 0 -0.000225
565 0 0 -0.000400
570 0 0 -0.000534
575 0 0 -0.000574
580 0 0 -0.000543
585 0 0 -0.000486
590 0 0 -0.000439
595 0 0 -0.000411
600 0 0 -0.000408
605 0 0 -0.000428
610 0 0 -0.000457
615 0 0 -0.000474
620 0 0 -0.000466
625 0 0 -0.000440
630 0 0 -0.000408
635 0 0 -0.000380
640 0 0 -0.000364
645 0 0 -0.000366
650 0 0 -0.000390
655 0 0 -0.000437
660 0 0 -0.000504
665 0 0 -0.000584
670 0 0 -0.000646
675 0 0 -0.000654
680 0 0 -0.000587
685 0 0 -0.000483
690 0 0 -0.000396
695 0 0 -0.000366
700 0 0 -0.000381
705 0 0 -0.000414
710 0 0 -0.000442
715 0 0 -0.000453
720 0 0 -0.000438
725 0 0 -0.000394
730 0 0 -0.000334
735 0 0 -0.000276
740 0 0 -0.000235
745 0 0 -0.000208
750 0 0 -0.000192
755 0 0 -0.000181
760 0 0 -0.000172
765 0 0 -0.000162
770 0 0 -0.000150
775 0 0 -0.000137
780 0 0 -0.000126
785 0 0 -0.000118
790 0 0 -0.000114
795 0 0 -0.000114
800 0 0 -0.000119
805 0 0 -0.000124
810 0 0 -0.000126
815 0 0 -0.000121
820 0 0 -0.000113
825 0 0 -0.000108
830 0 0 -0.000110
835 0 0 -0.000115
840 0 0 -0.000114
845 0 0 -0.000104
850 0 0 -0.000092
855 0 0 -0.000090
860 0 0 -0.000105
865 0 0 -0.000128
870 0 0 -0.000144
875 0 0 -0.000144
880 0 0 -0.000138
885 0 0 -0.000138
890 0 0 -0.000153
895 0 0 -0.000171
900 0 0 -0.000174
905 0 0 -0.000151
910 0 0 -0.000119
915 0 0 -0.000102
920 0 0 -0.000115
925 0 0 -0.000142
930 0 0 -0.000156
935 0 0 -0.000141
940 0 0 -0.000114
945 0 0 -0.000096
950 0 0 -0.000107
955 0 0 -0.000139
960 0 0 -0.000180
965 0 0 -0.000219
970 0 0 -0.000247
975 0 0 -0.000258
980 0 0 -0.000248
985 0 0 -0.000232
990 0 0 -0.000228
995 0 0 -0.000246
1000 0 0 -0.000270
1005 0 0 -0.000276
1010 0 0 -0.000253
1015 0 0 -0.000245
1020 0 0 -0.000306
1025 0 0 -0.000468
1030 0 0 -0.000665
1035 0 0 -0.000804
1040 0 0 -0.000821
1045 0 0 -0.000759
1050 0 0 -0.000684
1055 0 0 -0.000651
1060 0 0 -0.000657
1065 0 0 -0.000684
1070 0 0 -0.000716
1075 0 0 -0.000747
1080 0 0 -0.000774
1085 0 0 -0.000791
1090 0 0 -0.000788
1095 0 0 -0.000756
1100 0 0 -0.000690
1105 0 0 -0.000615
1110 0 0 -0.000564
1115 0 0 -0.000559
1120 0 0 -0.000588
1125 0 0 -0.000630
1130 0 0 -0.000665
1135 0 0 -0.000679
1140 0 0 -0.000660
1145 0 0 -0.000601
1150 0 0 -0.000527
1155 0 0 -0.000468
1160 0 0 -0.000447
1165 0 0 -0.000453
1170 0 0 -0.000468
1175 0 0 -0.000476
1180 0 0 -0.000477
1185 0 0 -0.000474
1190 0 0 -0.000468
1195 0 0 -0.000451
1200 0 0 -0.000414
1205 0 0 -0.000355
1210 0 0 -0.000307
1215 0 0 -0.000312
1220 0 0 -0.000396
1225 0 0 -0.000514
1230 0 0 -0.000606
1235 0 0 -0.000627
1240 0 0 -0.000601
1245 0 0 -0.000570
1250 0 0 -0.000565
1255 0 0 -0.000572
1260 0 0 -0.000570
1265 0 0 -0.000542
1270 0 0 -0.000504
1275 0 0 -0.000480
1280 0 0 -0.000485
1285 0 0 -0.000503
1290 0 0 -0.000510
1295 0 0 -0.000490
1300 0 0 -0.000453
1305 0 0 -0.000420
1310 0 0 -0.000404
1315 0 0 -0.000404
1320 0 0 -0.000414
1325 0 0 -0.000427
1330 0 0 -0.000437
1335 0 0 -0.000438
1340 0 0 -0.000426
1345 0 0 -0.000407
1350 0 0 -0.000390
1355 0 0 -0.000381
1360 0 0 -0.000379
1365 0 0 -0.000384
1370 0 0 -0.000392
1375 0 0 -0.000397
1380 0 0 -0.000390
1385 0 0 -0.000366
1390 0 0 -0.000328
1395 0 0 -0.000282
1400 0 0 -0.000235
1405 0 0 -0.000190
1410 0 0 -0.000150
1415 0 0 -0.000119
1420 0 0 -0.000097
1425 0 0 -0.000084
1430 0 0 -0.000079
1435 0 0 -0.000082
1440 0 0 -0.000090
1445 0 0 -0.000101
1450 0 0 -0.000108
1455 0 0 -0.000102
1460 0 0 -0.000080
1465 0 0 -0.000054
1470 0 0 -0.000042
1475 0 0 -0.000056
1480 0 0 -0.000082
1485 0 0 -0.000102
1490 0 0 -0.000102
1495 0 0 -0.000087
1500 0 0 -0.000066
1505 0 0 -0.000049
1510 0 0 -0.000043
1515 0 0 -0.000054
1520 0 0 -0.000083
1525 0 0 -0.000116
1530 0 0 -0.000132
1535 0 0 -0.000119
1540 0 0 -0.000091
1545 0 0 -0.000072
1550 0 0 -0.000076
1555 0 0 -0.000095
1560 0 0 -0.000114
1565 0 0 -0.000120
1570 0 0 -0.000113
1575 0 0 -0.000096
1580 0 0 -0.000073
1585 0 0 -0.000053
1590 0 0 -0.000048
1595 0 0 -0.000065
1600 0 0 -0.000089
1605 0 0 -0.000102
1610 0 0 -0.000092
1615 0 0 -0.000070
1620 0 0 -0.000054
1625 0 0 -0.000058
1630 0 0 -0.000072
1635 0 0 -0.000084
1640 0 0 -0.000083
1645 0 0 -0.000075
1650 0 0 -0.000072
1655 0 0 -0.000080
1660 0 0 -0.000093
1665 0 0 -0.000102
1670 0 0 -0.000100
1675 0 0 -0.000092
1680 0 0 -0.000090
1685 0 0 -0.000099
1690 0 0 -0.000114
1695 0 0 -0.000126
1700 0 0 -0.000129
1705 0 0 -0.000126
1710 0 0 -0.000120
1715 0 0 -0.000116
1720 0 0 -0.000111
1725 0 0 -0.000102
1730 0 0 -0.000088
1735 0 0 -0.000072
1740 0 0 -0.000060
1745 0 0 -0.000057
1750 0 0 -0.000062
1755 0 0 -0.000072
1760 0 0 -0.000085
1765 0 0 -0.000094
1770 0 0 -0.000090
1775 0 0 -0.000070
1780 0 0 -0.000048
1785 0 0 -0.000042
1790 0 0 -0.000063
1795 0 0 -0.000096
1800 0 0 -0.000120
1805 0 0 -0.000118
1810 0 0 -0.000101
1815 0 0 -0.000084
1820 0 0 -0.000079
1825 0 0 -0.000085
1830 0 0 -0.000096
1835 0 0 -0.000107
1840 0 0 -0.000111
1845 0 0 -0.000102
1850 0 0 -0.000077
1855 0 0 -0.000051
1860 0 0 -0.000042
1865 0 0 -0.000061
1870 0 0 -0.000090
1875 0 0 -0.000102
1880 0 0 -0.000080
1885 0 0 -0.000050
1890 0 0 -0.000048
1895 0 0 -0.000096
1900 0 0 -0.000166
1905 0 0 -0.000216
1910 0 0 -0.000217
1915 0 0 -0.000184
1920 0 0 -0.000144
1925 0 0 -0.000120
1930 0 0 -0.000115
1935 0 0 -0.000126
1940 0 0 -0.000150
1945 0 0 -0.000173
1950 0 0 -0.000180
1955 0 0 -0.000163
1960 0 0 -0.000138
1965 0 0 -0.000126
1970 0 0 -0.000143
1975 0 0 -0.000171
1980 0 0 -0.000186
1985 0 0 -0.000170
1990 0 0 -0.000132
1995 0 0 -0.000090
2000 0 0 -0.000058
2005 0 0 -0.000046
2010 0 0 -0.000060
2015 0 0 -0.000103
2020 0 0 -0.000152
2025 0 0 -0.000180
2030 0 0 -0.000166
2035 0 0 -0.000126
2040 0 0 -0.000084
2045 0 0 -0.000059
2050 0 0 -0.000052
2055 0 0 -0.000060
2060 0 0 -0.000079
2065 0 0 -0.000100
2070 0 0 -0.000114
2075 0 0 -0.000115
2080 0 0 -0.000106
2085 0 0 -0.000096
2090 0 0 -0.000089
2095 0 0 -0.000086
2100 0 0 -0.000084
2105 0 0 -0.000083
2110 0 0 -0.000089
2115 0 0 -0.000108
2120 0 0 -0.000144
2125 0 0 -0.000192
2130 0 0 -0.000246
2135 0 0 -0.000296
2140 0 0 -0.000326
2145 0 0 -0.000318
2150 0 0 -0.000262
2155 0 0 -0.000184
2160 0 0 -0.000120
2165 0 0 -0.000097
2170 0 0 -0.000107
2175 0 0 -0.000132
2180 0 0 -0.000157
2185 0 0 -0.000174
2190 0 0 -0.000180
2195 0 0 -0.000172
2200 0 0 -0.000156
2205 0 0 -0.000144
2210 0 0 -0.000142
2215 0 0 -0.000144
2220 0 0 -0.000144
2225 0 0 -0.000136
2230 0 0 -0.000122
2235 0 0 -0.000108
2240 0 0 -0.000098
2245 0 0 -0.000096
2250 0 0 -0.000102
2255 0 0 -0.000117
2260 0 0 -0.000132
2265 0 0 -0.000138
2270 0 0 -0.000127
2275 0 0 -0.000107
2280 0 0 -0.000090
2285 0 0 -0.000084
2290 0 0 -0.000089
2295 0 0 -0.000102
2300 0 0 -0.000120
2305 0 0 -0.000133
2310 0 0 -0.000132
2315 0 0 -0.000111
2320 0 0 -0.000089
2325 0 0 -0.000090
2330 0 0 -0.000128
2335 0 0 -0.000178
2340 0 0 -0.000204
2345 0 0 -0.000184
2350 0 0 -0.000153
2355 0 0 -0.000162
2360 0 0 -0.000241
2365 0 0 -0.000341
2370 0 0 -0.000390
2375 0 0 -0.000342
2380 0 0 -0.000240
2385 0 0 -0.000150
2390 0 0 -0.000120
2395 0 0 -0.000130
2400 0 0 -0.000144
2405 0 0 -0.000135
2410 0 0 -0.000112
2415 0 0 -0.000096
2420 0 0 -0.000101
2425 0 0 -0.000125
2430 0 0 -0.000162
2435 0 0 -0.000205
2440 0 0 -0.000240
2445 0 0 -0.000252
2450 0 0 -0.000232
2455 0 0 -0.000195
2460 0 0 -0.000162
2465 0 0 -0.000148
2470 0 0 -0.000152
2475 0 0 -0.000168
2480 0 0 -0.000190
2485 0 0 -0.000215
2490 0 0 -0.000240
2495 0 0 -0.000264
2500 0 0 -0.000288
2505 0 0 -0.000312
2510 0 0 -0.000335
2515 0 0 -0.000348
2520 0 0 -0.000336
2525 0 0 -0.000294
2530 0 0 -0.000243
2535 0 0 -0.000210
2540 0 0 -0.000213
2545 0 0 -0.000234
2550 0 0 -0.000246
2555 0 0 -0.000232
2560 0 0 -0.000204
2565 0 0 -0.000186
2570 0 0 -0.000193
2575 0 0 -0.000214
2580 0 0 -0.000234
2585 0 0 -0.000240
2590 0 0 -0.000232
2595 0 0 -0.000216
2600 0 0 -0.000196
2605 0 0 -0.000180
2610 0 0 -0.000174
2615 0 0 -0.000182
2620 0 0 -0.000196
2625 0 0 -0.000204
2630 0 0 -0.000198
2635 0 0 -0.000185
2640 0 0 -0.000174
2645 0 0 -0.000172
2650 0 0 -0.000179
2655 0 0 -0.000192
2660 0 0 -0.000207
2665 0 0 -0.000222
2670 0 0 -0.000234
2675 0 0 -0.000241
2680 0 0 -0.000241
2685 0 0 -0.000234
2690 0 0 -0.000219
2695 0 0 -0.000201
2700 0 0 -0.000186
2705 0 0 -0.000180
2710 0 0 -0.000184
2715 0 0 -0.000198
2720 0 0 -0.000220
2725 0 0 -0.000240
2730 0 0 -0.000246
2735 0 0 -0.000230
2740 0 0 -0.000204
2745 0 0 -0.000186
2750 0 0 -0.000188
2755 0 0 -0.000203
2760 0 0 -0.000216
2765 0 0 -0.000217
2770 0 0 -0.000208
2775 0 0 -0.000192
2780 0 0 -0.000174
2785 0 0 -0.000158
2790 0 0 -0.000150
2795 0 0 -0.000152
2800 0 0 -0.000154
2805 0 0 -0.000144
2810 0 0 -0.000113
2815 0 0 -0.000077
2820 0 0 -0.000054
2825 0 0 -0.000058
2830 0 0 -0.000076
2835 0 0 -0.000090
2840 0 0 -0.000085
2845 0 0 -0.000070
2850 0 0 -0.000060
2855 0 0 -0.000064
2860 0 0 -0.000079
2865 0 0 -0.000096
2870 0 0 -0.000109
2875 0 0 -0.000114
2880 0 0 -0.000108
2885 0 0 -0.000091
2890 0 0 -0.000074
2895 0 0 -0.000072
2900 0 0 -0.000093
2905 0 0 -0.000121
2910 0 0 -0.000132
2915 0 0 -0.000111
2920 0 0 -0.000074
2925 0 0 -0.000048
2930 0 0 -0.000049
2935 0 0 -0.000067
2940 0 0 -0.000084
2945 0 0 -0.000086
2950 0 0 -0.000077
2955 0 0 -0.000066
2960 0 0 -0.000061
2965 0 0 -0.000061
2970 0 0 -0.000066
2975 0 0 -0.000074
2980 0 0 -0.000082
2985 0 0 -0.000084
2990 0 0 -0.000079
2995 0 0 -0.000074
3000 0 0 -0.000078
3005 0 0 -0.000097
3010 0 0 -0.000118
3015 0 0 -0.000126
3020 0 0 -0.000111
3025 0 0 -0.000086
3030 0 0 -0.000072
3035 0 0 -0.000082
3040 0 0 -0.000103
3045 0 0 -0.000114
3050 0 0 -0.000101
3055 0 0 -0.000075
3060 0 0 -0.000054
3065 0 0 -0.000052
3070 0 0 -0.000061
3075 0 0 -0.000072
3080 0 0 -0.000076
3085 0 0 -0.000074
3090 0 0 -0.000072
3095 0 0 -0.000073
3100 0 0 -0.000074
3105 0 0 -0.000072
3110 0 0 -0.000066
3115 0 0 -0.000062
3120 0 0 -0.000066
3125 0 0 -0.000084
3130 0 0 -0.000108
3135 0 0 -0.000126
3140 0 0 -0.000131
3145 0 0 -0.000129
3150 0 0 -0.000126
3155 0 0 -0.000129
3160 0 0 -0.000130
3165 0 0 -0.000120
3170 0 0 -0.000094
3175 0 0 -0.000066
3180 0 0 -0.000054
3185 0 0 -0.000069
3190 0 0 -0.000094
3195 0 0 -0.000108
3200 0 0 -0.000094
3205 0 0 -0.000067
3210 0 0 -0.000048
3215 0 0 -0.000052
3220 0 0 -0.000069
3225 0 0 -0.000084
3230 0 0 -0.000085
3235 0 0 -0.000077
3240 0 0 -0.000066
3245 0 0 -0.000060
3250 0 0 -0.000062
3255 0 0 -0.000072
3260 0 0 -0.000091
3265 0 0 -0.000109
3270 0 0 -0.000114
3275 0 0 -0.000100
3280 0 0 -0.000080
3285 0 0 -0.000072
3290 0 0 -0.000087
3295 0 0 -0.000110
3300 0 0 -0.000120
3305 0 0 -0.000104
3310 0 0 -0.000073
3315 0 0 -0.000048
3320 0 0 -0.000044
3325 0 0 -0.000061
3330 0 0 -0.000096
3335 0 0 -0.000144
3340 0 0 -0.000191
3345 0 0 -0.000222
3350 0 0 -0.000225
3355 0 0 -0.000209
3360 0 0 -0.000186
3365 0 0 -0.000168
3370 0 0 -0.000156
3375 0 0 -0.000150
3380 0 0 -0.000148
3385 0 0 -0.000151
3390 0 0 -0.000156
3395 0 0 -0.000163
3400 0 0 -0.000165
3405 0 0 -0.000156
3410 0 0 -0.000133
3415 0 0 -0.000110
3420 0 0 -0.000108
3425 0 0 -0.000137
3430 0 0 -0.000174
3435 0 0 -0.000186
3440 0 0 -0.000153
3445 0 0 -0.000099
3450 0 0 -0.000060
3455 0 0 -0.000063
3460 0 0 -0.000093
3465 0 0 -0.000126
3470 0 0 -0.000143
3475 0 0 -0.000144
3480 0 0 -0.000138
3485 0 0 -0.000129
3490 0 0 -0.000120
3495 0 0 -0.000114
3500 0 0 -0.000111
3505 0 0 -0.000108
3510 0 0 -0.000102
3515 0 0 -0.000091
3520 0 0 -0.000081
3525 0 0 -0.000084
3530 0 0 -0.000104
3535 0 0 -0.000131
3540 0 0 -0.000150
3545 0 0 -0.000150
3550 0 0 -0.000135
3555 0 0 -0.000108
3560 0 0 -0.000081
3565 0 0 -0.000086
3570 0 0 -0.000156
3575 0 0 -0.000306
3580 0 0 -0.000461
3585 0 0 -0.000522
3590 0 0 -0.000426
3595 0 0 -0.000246
3600 0 0 -0.000090
3605 0 0 -0.000038
3610 0 0 -0.000062
3615 0 0 -0.000108
3620 0 0 -0.000131
3625 0 0 -0.000133
3630 0 0 -0.000126
3635 0 0 -0.000120
3640 0 0 -0.000117
3645 0 0 -0.000114
3650 0 0 -0.000110
3655 0 0 -0.000106
3660 0 0 -0.000102
3665 0 0 -0.000100
3670 0 0 -0.000101
3675 0 0 -0.000108
3680 0 0 -0.000122
3685 0 0 -0.000135
3690 0 0 -0.000138
3695 0 0 -0.000126
3700 0 0 -0.000108
3705 0 0 -0.000096
3710 0 0 -0.000100
3715 0 0 -0.000110
3720 0 0 -0.000114
3725 0 0 -0.000104
3730 0 0 -0.000089
3735 0 0 -0.000084
3740 0 0 -0.000098
3745 0 0 -0.000122
3750 0 0 -0.000138
3755 0 0 -0.000137
3760 0 0 -0.000123
3765 0 0 -0.000108
3770 0 0 -0.000098
3775 0 0 -0.000087
3780 0 0 -0.000066
3785 0 0 -0.000035
3790 0 0 -0.000037
3795 0 0 -0.000126
3800 0 0 -0.000328
3805 0 0 -0.000565
3810 0 0 -0.000732
3815 0 0 -0.000754
3820 0 0 -0.000683
3825 0 0 -0.000600
3830 0 0 -0.000565
3835 0 0 -0.000547
3840 0 0 -0.000492
3845 0 0 -0.000366
3850 0 0 -0.000215
3855 0 0 -0.000102
3860 0 0 -0.000074
3865 0 0 -0.000103
3870 0 0 -0.000144
3875 0 0 -0.000161
3880 0 0 -0.000157
3885 0 0 -0.000144
3890 0 0 -0.000135
3895 0 0 -0.000147
3900 0 0 -0.000198
3905 0 0 -0.000302
3910 0 0 -0.000449
3915 0 0 -0.000624
3920 0 0 -0.000808
3925 0 0 -0.000956
3930 0 0 -0.001020
3935 0 0 -0.000967
3940 0 0 -0.000830
3945 0 0 -0.000660
3950 0 0 -0.000502
3955 0 0 -0.000381
3960 0 0 -0.000318
3965 0 0 -0.000320
3970 0 0 -0.000348
3975 0 0 -0.000348
3980 0 0 -0.000288
3985 0 0 -0.000211
3990 0 0 -0.000180
3995 0 0 -0.000235
4000 0 0 -0.000330
4005 0 0 -0.000396
4010 0 0 -0.000383
4015 0 0 -0.000318
4020 0 0 -0.000246
4025 0 0 -0.000202
4030 0 0 -0.000184
4035 0 0 -0.000180
4040 0 0 -0.000182
4045 0 0 -0.000188
4050 0 0 -0.000198
4055 0 0 -0.000213
4060 0 0 -0.000227
4065 0 0 -0.000234
4070 0 0 -0.000230
4075 0 0 -0.000218
4080 0 0 -0.000204
4085 0 0 -0.000192
4090 0 0 -0.000192
4095 0 0 -0.000210
4100 0 0 -0.000251
4105 0 0 -0.000293
4110 0 0 -0.000312
4115 0 0 -0.000289
4120 0 0 -0.000241
4125 0 0 -0.000192
4130 0 0 -0.000161
4135 0 0 -0.000146
4140 0 0 -0.000144
4145 0 0 -0.000148
4150 0 0 -0.000157
4155 0 0 -0.000168
4160 0 0 -0.000179
4165 0 0 -0.000185
4170 0 0 -0.000180
4175 0 0 -0.000161
4180 0 0 -0.000140
4185 0 0 -0.000132
4190 0 0 -0.000148
4195 0 0 -0.000175
4200 0 0 -0.000198
4205 0 0 -0.000203
4210 0 0 -0.000191
4215 0 0 -0.000168
4220 0 0 -0.000140
4225 0 0 -0.000114
4230 0 0 -0.000102
4235 0 0 -0.000108
4240 0 0 -0.000119
4245 0 0 -0.000120
4250 0 0 -0.000100
4255 0 0 -0.000074
4260 0 0 -0.000060
4265 0 0 -0.000072
4270 0 0 -0.000095
4275 0 0 -0.000108
4280 0 0 -0.000096
4285 0 0 -0.000072
4290 0 0 -0.000054
4295 0 0 -0.000056
4300 0 0 -0.000071
4305 0 0 -0.000084
4310 0 0 -0.000086
4315 0 0 -0.000079
4320 0 0 -0.000072
4325 0 0 -0.000069
4330 0 0 -0.000073
4335 0 0 -0.000084
4340 0 0 -0.000100
4345 0 0 -0.000114
4350 0 0 -0.000114
4355 0 0 -0.000096
4360 0 0 -0.000073
4365 0 0 -0.000066
4370 0 0 -0.000086
4375 0 0 -0.000114
4380 0 0 -0.000126
4385 0 0 -0.000105
4390 0 0 -0.000068
4395 0 0 -0.000042
4400 0 0 -0.000046
4405 0 0 -0.000067
4410 0 0 -0.000084
4415 0 0 -0.000081
4420 0 0 -0.000066
4425 0 0 -0.000054
4430 0 0 -0.000055
4435 0 0 -0.000066
4440 0 0 -0.000078
4445 0 0 -0.000085
4450 0 0 -0.000086
4455 0 0 -0.000084
4460 0 0 -0.000080
4465 0 0 -0.000079
4470 0 0 -0.000084
4475 0 0 -0.000098
4480 0 0 -0.000112
4485 0 0 -0.000114
4490 0 0 -0.000098
4495 0 0 -0.000076
4500 0 0 -0.000066
4505 0 0 -0.000078
4510 0 0 -0.000099
4515 0 0 -0.000108
4520 0 0 -0.000091
4525 0 0 -0.000063
4530 0 0 -0.000048
4535 0 0 -0.000060
4540 0 0 -0.000085
4545 0 0 -0.000102
4550 0 0 -0.000097
4555 0 0 -0.000079
4560 0 0 -0.000066
4565 0 0 -0.000068
4570 0 0 -0.000082
4575 0 0 -0.000096
4580 0 0 -0.000104
4585 0 0 -0.000109
4590 0 0 -0.000114
4595 0 0 -0.000122
4600 0 0 -0.000127
4605 0 0 -0.000120
4610 0 0 -0.000098
4615 0 0 -0.000074
4620 0 0 -0.000066
4625 0 0 -0.000084
4630 0 0 -0.000112
4635 0 0 -0.000126
4640 0 0 -0.000110
4645 0 0 -0.000078
4650 0 0 -0.000054
4655 0 0 -0.000053
4660 0 0 -0.000066
4665 0 0 -0.000078
4670 0 0 -0.000078
4675 0 0 -0.000069
4680 0 0 -0.000060
4685 0 0 -0.000057
4690 0 0 -0.000060
4695 0 0 -0.000066
4700 0 0 -0.000073
4705 0 0 -0.000078
4710 0 0 -0.000078
4715 0 0 -0.000073
4720 0 0 -0.000068
4725 0 0 -0.000072
4730 0 0 -0.000088
4735 0 0 -0.000107
4740 0 0 -0.000114
4745 0 0 -0.000101
4750 0 0 -0.000079
4755 0 0 -0.000066
4760 0 0 -0.000073
4765 0 0 -0.000096
4770 0 0 -0.000126
4775 0 0 -0.000154
4780 0 0 -0.000177
4785 0 0 -0.000192
4790 0 0 -0.000197
4795 0 0 -0.000193
4800 0 0 -0.000180
4805 0 0 -0.000161
4810 0 0 -0.000143
4815 0 0 -0.000132
4820 0 0 -0.000133
4825 0 0 -0.000140
4830 0 0 -0.000144
4835 0 0 -0.000139
4840 0 0 -0.000129
4845 0 0 -0.000120
4850 0 0 -0.000117
4855 0 0 -0.000122
4860 0 0 -0.000132
4865 0 0 -0.000146
4870 0 0 -0.000156
4875 0 0 -0.000150
4880 0 0 -0.000123
4885 0 0 -0.000092
4890 0 0 -0.000078
4895 0 0 -0.000094
4900 0 0 -0.000123
4905 0 0 -0.000138
4910 0 0 -0.000122
4915 0 0 -0.000090
4920 0 0 -0.000066
4925 0 0 -0.000067
4930 0 0 -0.000086
4935 0 0 -0.000114
4940 0 0 -0.000139
4945 0 0 -0.000155
4950 0 0 -0.000156
4955 0 0 -0.000141
4960 0 0 -0.000126
4965 0 0 -0.000132
4970 0 0 -0.000172
4975 0 0 -0.000224
4980 0 0 -0.000258
4985 0 0 -0.000253
4990 0 0 -0.000223
4995 0 0 -0.000192
5000 0 0 -0.000179
5005 0 0 -0.000191
5010 0 0 -0.000234
5015 0 0 -0.000304
5020 0 0 -0.000371
5025 0 0 -0.000396
5030 0 0 -0.000354
5035 0 0 -0.000273
5040 0 0 -0.000192
5045 0 0 -0.000142
5050 0 0 -0.000120
5055 0 0 -0.000114
5060 0 0 -0.000113
5065 0 0 -0.000115
5070 0 0 -0.000120
5075 0 0 -0.000126
5080 0 0 -0.000131
5085 0 0 -0.000132
5090 0 0 -0.000126
5095 0 0 -0.000114
5100 0 0 -0.000096
5105 0 0 -0.000074
5110 0 0 -0.000058
5115 0 0 -0.000060
5120 0 0 -0.000085
5125 0 0 -0.000120
5130 0 0 -0.000144
5135 0 0 -0.000143
5140 0 0 -0.000127
5145 0 0 -0.000108
5150 0 0 -0.000099
5155 0 0 -0.000101
5160 0 0 -0.000114
5165 0 0 -0.000134
5170 0 0 -0.000147
5175 0 0 -0.000138
5180 0 0 -0.000100
5185 0 0 -0.000063
5190 0 0 -0.000066
5195 0 0 -0.000133
5200 0 0 -0.000221
5205 0 0 -0.000270
5210 0 0 -0.000240
5215 0 0 -0.000166
5220 0 0 -0.000102
5225 0 0 -0.000090
5230 0 0 -0.000115
5235 0 0 -0.000150
5240 0 0 -0.000173
5245 0 0 -0.000184
5250 0 0 -0.000186
5255 0 0 -0.000183
5260 0 0 -0.000176
5265 0 0 -0.000162
5270 0 0 -0.000142
5275 0 0 -0.000124
5280 0 0 -0.000114
5285 0 0 -0.000118
5290 0 0 -0.000128
5295 0 0 -0.000132
5300 0 0 -0.000123
5305 0 0 -0.000112
5310 0 0 -0.000114
5315 0 0 -0.000138
5320 0 0 -0.000164
5325 0 0 -0.000168
5330 0 0 -0.000134
5335 0 0 -0.000096
5340 0 0 -0.000096
5345 0 0 -0.000164
5350 0 0 -0.000269
5355 0 0 -0.000366
5360 0 0 -0.000421
5365 0 0 -0.000444
5370 0 0 -0.000456
5375 0 0 -0.000471
5380 0 0 -0.000475
5385 0 0 -0.000450
5390 0 0 -0.000384
5395 0 0 -0.000303
5400 0 0 -0.000240
5405 0 0 -0.000219
5410 0 0 -0.000226
5415 0 0 -0.000234
5420 0 0 -0.000227
5425 0 0 -0.000219
5430 0 0 -0.000234
5435 0 0 -0.000285
5440 0 0 -0.000342
5445 0 0 -0.000366
5450 0 0 -0.000331
5455 0 0 -0.000260
5460 0 0 -0.000192
5465 0 0 -0.000156
5470 0 0 -0.000149
5475 0 0 -0.000162
5480 0 0 -0.000185
5485 0 0 -0.000206
5490 0 0 -0.000216
5495 0 0 -0.000206
5500 0 0 -0.000183
5505 0 0 -0.000156
5510 0 0 -0.000135
5515 0 0 -0.000125
5520 0 0 -0.000132
5525 0 0 -0.000157
5530 0 0 -0.000188
5535 0 0 -0.000210
5540 0 0 -0.000211
5545 0 0 -0.000202
5550 0 0 -0.000198
5555 0 0 -0.000209
5560 0 0 -0.000226
5565 0 0 -0.000234
5570 0 0 -0.000223
5575 0 0 -0.000199
5580 0 0 -0.000168
5585 0 0 -0.000140
5590 0 0 -0.000122
5595 0 0 -0.000120
5600 0 0 -0.000138
5605 0 0 -0.000162
5610 0 0 -0.000174
5615 0 0 -0.000163
5620 0 0 -0.000140
5625 0 0 -0.000120
5630 0 0 -0.000116
5635 0 0 -0.000127
5640 0 0 -0.000150
5645 0 0 -0.000178
5650 0 0 -0.000202
5655 0 0 -0.000210
5660 0 0 -0.000195
5665 0 0 -0.000169
5670 0 0 -0.000150
5675 0 0 -0.000148
5680 0 0 -0.000155
5685 0 0 -0.000156
5690 0 0 -0.000141
5695 0 0 -0.000117
5700 0 0 -0.000096
5705 0 0 -0.000087
5710 0 0 -0.000089
5715 0 0 -0.000096
5720 0 0 -0.000104
5725 0 0 -0.000108
5730 0 0 -0.000102
5735 0 0 -0.000083
5740 0 0 -0.000062
5745 0 0 -0.000054
5750 0 0 -0.000067
5755 0 0 -0.000089
5760 0 0 -0.000102
5765 0 0 -0.000093
5770 0 0 -0.000072
5775 0 0 -0.000054
5780 0 0 -0.000052
5785 0 0 -0.000062
5790 0 0 -0.000078
5795 0 0 -0.000095
5800 0 0 -0.000106
5805 0 0 -0.000108
5810 0 0 -0.000098
5815 0 0 -0.000086
5820 0 0 -0.000084
5825 0 0 -0.000099
5830 0 0 -0.000119
5835 0 0 -0.000126
5840 0 0 -0.000108
5845 0 0 -0.000079
5850 0 0 -0.000060
5855 0 0 -0.000066
5860 0 0 -0.000084
5865 0 0 -0.000096
5870 0 0 -0.000090
5875 0 0 -0.000073
5880 0 0 -0.000060
5885 0 0 -0.000060
5890 0 0 -0.000067
5895 0 0 -0.000072
5900 0 0 -0.000069
5905 0 0 -0.000062
5910 0 0 -0.000060
5915 0 0 -0.000069
5920 0 0 -0.000083
5925 0 0 -0.000096
5930 0 0 -0.000101
5935 0 0 -0.000100
5940 0 0 -0.000096
5945 0 0 -0.000092
5950 0 0 -0.000090
5955 0 0 -0.000090
5960 0 0 -0.000093
5965 0 0 -0.000097
5970 0 0 -0.000102
5975 0 0 -0.000105
5980 0 0 -0.000104
5985 0 0 -0.000096
5990 0 0 -0.000081
5995 0 0 -0.000067
6000 0 0 -0.000060
6005 0 0 -0.000067
6010 0 0 -0.000082
6015 0 0 -0.000096
6020 0 0 -0.000102
6025 0 0 -0.000103
6030 0 0 -0.000102
6035 0 0 -0.000103
6040 0 0 -0.000101
6045 0 0 -0.000090
6050 0 0 -0.000068
6055 0 0 -0.000048
6060 0 0 -0.000048
6065 0 0 -0.000078
6070 0 0 -0.000117
6075 0 0 -0.000138
6080 0 0 -0.000122
6085 0 0 -0.000088
6090 0 0 -0.000066
6095 0 0 -0.000076
6100 0 0 -0.000103
6105 0 0 -0.000120
6110 0 0 -0.000111
6115 0 0 -0.000087
6120 0 0 -0.000066
6125 0 0 -0.000063
6130 0 0 -0.000070
6135 0 0 -0.000078
6140 0 0 -0.000077
6145 0 0 -0.000072
6150 0 0 -0.000066
6155 0 0 -0.000065
6160 0 0 -0.000068
6165 0 0 -0.000072
6170 0 0 -0.000075
6175 0 0 -0.000075
6180 0 0 -0.000072
6185 0 0 -0.000066
6190 0 0 -0.000063
6195 0 0 -0.000066
6200 0 0 -0.000081
6205 0 0 -0.000106
6210 0 0 -0.000138
6215 0 0 -0.000175
6220 0 0 -0.000209
6225 0 0 -0.000234
6230 0 0 -0.000243
6235 0 0 -0.000235
6240 0 0 -0.000210
6245 0 0 -0.000171
6250 0 0 -0.000133
6255 0 0 -0.000114
6260 0 0 -0.000125
6265 0 0 -0.000149
6270 0 0 -0.000162
6275 0 0 -0.000149
6280 0 0 -0.000122
6285 0 0 -0.000102
6290 0 0 -0.000104
6295 0 0 -0.000117
6300 0 0 -0.000126
6305 0 0 -0.000119
6310 0 0 -0.000103
6315 0 0 -0.000090
6320 0 0 -0.000090
6325 0 0 -0.000103
6330 0 0 -0.000126
6335 0 0 -0.000156
6340 0 0 -0.000179
6345 0 0 -0.000180
6350 0 0 -0.000151
6355 0 0 -0.000110
6360 0 0 -0.000084
6365 0 0 -0.000089
6370 0 0 -0.000111
6375 0 0 -0.000126
6380 0 0 -0.000118
6385 0 0 -0.000096
6390 0 0 -0.000078
6395 0 0 -0.000076
6400 0 0 -0.000085
6405 0 0 -0.000096
6410 0 0 -0.000101
6415 0 0 -0.000099
6420 0 0 -0.000090
6425 0 0 -0.000077
6430 0 0 -0.000070
6435 0 0 -0.000084
6440 0 0 -0.000126
6445 0 0 -0.000180
6450 0 0 -0.000228
6455 0 0 -0.000252
6460 0 0 -0.000251
6465 0 0 -0.000228
6470 0 0 -0.000189
6475 0 0 -0.000147
6480 0 0 -0.000120
6485 0 0 -0.000119
6490 0 0 -0.000134
6495 0 0 -0.000150
6500 0 0 -0.000155
6505 0 0 -0.000152
6510 0 0 -0.000144
6515 0 0 -0.000136
6520 0 0 -0.000130
6525 0 0 -0.000126
6530 0 0 -0.000124
6535 0 0 -0.000125
6540 0 0 -0.000126
6545 0 0 -0.000127
6550 0 0 -0.000125
6555 0 0 -0.000114
6560 0 0 -0.000093
6565 0 0 -0.000071
6570 0 0 -0.000060
6575 0 0 -0.000068
6580 0 0 -0.000089
6585 0 0 -0.000114
6590 0 0 -0.000133
6595 0 0 -0.000140
6600 0 0 -0.000126
6605 0 0 -0.000092
6610 0 0 -0.000067
6615 0 0 -0.000090
6620 0 0 -0.000179
6625 0 0 -0.000284
6630 0 0 -0.000336
6635 0 0 -0.000289
6640 0 0 -0.000191
6645 0 0 -0.000114
6650 0 0 -0.000113
6655 0 0 -0.000167
6660 0 0 -0.000240
6665 0 0 -0.000299
6670 0 0 -0.000334
6675 0 0 -0.000342
6680 0 0 -0.000321
6685 0 0 -0.000289
6690 0 0 -0.000264
6695 0 0 -0.000264
6700 0 0 -0.000287
6705 0 0 -0.000330
6710 0 0 -0.000385
6715 0 0 -0.000431
6720 0 0 -0.000444
6725 0 0 -0.000411
6730 0 0 -0.000362
6735 0 0 -0.000336
6740 0 0 -0.000361
6745 0 0 -0.000412
6750 0 0 -0.000450
6755 0 0 -0.000445
6760 0 0 -0.000400
6765 0 0 -0.000330
6770 0 0 -0.000248
6775 0 0 -0.000173
6780 0 0 -0.000126
6785 0 0 -0.000120
6790 0 0 -0.000136
6795 0 0 -0.000150
6800 0 0 -0.000143
6805 0 0 -0.000127
6810 0 0 -0.000120
6815 0 0 -0.000137
6820 0 0 -0.000174
6825 0 0 -0.000222
6830 0 0 -0.000271
6835 0 0 -0.000305
6840 0 0 -0.000306
6845 0 0 -0.000265
6850 0 0 -0.000209
6855 0 0 -0.000174
6860 0 0 -0.000185
6865 0 0 -0.000221
6870 0 0 -0.000246
6875 0 0 -0.000237
6880 0 0 -0.000205
6885 0 0 -0.000174
6890 0 0 -0.000161
6895 0 0 -0.000166
6900 0 0 -0.000186
6905 0 0 -0.000215
6910 0 0 -0.000238
6915 0 0 -0.000240
6920 0 0 -0.000211
6925 0 0 -0.000170
6930 0 0 -0.000144
6935 0 0 -0.000151
6940 0 0 -0.000177
6945 0 0 -0.000198
6950 0 0 -0.000199
6955 0 0 -0.000185
6960 0 0 -0.000168
6965 0 0 -0.000159
6970 0 0 -0.000164
6975 0 0 -0.000186
6980 0 0 -0.000225
6985 0 0 -0.000266
6990 0 0 -0.000288
6995 0 0 -0.000279
7000 0 0 -0.000253
7005 0 0 -0.000228
7010 0 0 -0.000220
7015 0 0 -0.000221
7020 0 0 -0.000222
7025 0 0 -0.000213
7030 0 0 -0.000199
7035 0 0 -0.000186
7040 0 0 -0.000179
7045 0 0 -0.000180
7050 0 0 -0.000186
7055 0 0 -0.000196
7060 0 0 -0.000204
7065 0 0 -0.000204
7070 0 0 -0.000191
7075 0 0 -0.000171
7080 0 0 -0.000150
7085 0 0 -0.000136
7090 0 0 -0.000133
7095 0 0 -0.000144
7100 0 0 -0.000169
7105 0 0 -0.000194
7110 0 0 -0.000198
7115 0 0 -0.000171
7120 0 0 -0.000132
7125 0 0 -0.000108
7130 0 0 -0.000118
7135 0 0 -0.000146
7140 0 0 -0.000168
7145 0 0 -0.000166
7150 0 0 -0.000146
7155 0 0 -0.000120
7160 0 0 -0.000098
7165 0 0 -0.000087
7170 0 0 -0.000090
7175 0 0 -0.000108
7180 0 0 -0.000128
7185 0 0 -0.000132
7190 0 0 -0.000108
7195 0 0 -0.000073
7200 0 0 -0.000048
7205 0 0 -0.000049
7210 0 0 -0.000067
7215 0 0 -0.000084
7220 0 0 -0.000088
7225 0 0 -0.000082
7230 0 0 -0.000072
7235 0 0 -0.000063
7240 0 0 -0.000060
7245 0 0 -0.000066
7250 0 0 -0.000083
7255 0 0 -0.000101
7260 0 0 -0.000108
7265 0 0 -0.000095
7270 0 0 -0.000076
7275 0 0 -0.000066
7280 0 0 -0.000078
7285 0 0 -0.000102
7290 0 0 -0.000120
7295 0 0 -0.000121
7300 0 0 -0.000110
7305 0 0 -0.000096
7310 0 0 -0.000087
7315 0 0 -0.000083
7320 0 0 -0.000084
7325 0 0 -0.000089
7330 0 0 -0.000091
7335 0 0 -0.000084
7340 0 0 -0.000065
7345 0 0 -0.000046
7350 0 0 -0.000042
7355 0 0 -0.000063
7360 0 0 -0.000093
7365 0 0 -0.000108
7370 0 0 -0.000094
7375 0 0 -0.000066
7380 0 0 -0.000048
7385 0 0 -0.000057
7390 0 0 -0.000082
7395 0 0 -0.000102
7400 0 0 -0.000105
7405 0 0 -0.000096
7410 0 0 -0.000090
7415 0 0 -0.000094
7420 0 0 -0.000103
7425 0 0 -0.000108
7430 0 0 -0.000102
7435 0 0 -0.000091
7440 0 0 -0.000084
7445 0 0 -0.000087
7450 0 0 -0.000095
7455 0 0 -0.000102
7460 0 0 -0.000104
7465 0 0 -0.000102
7470 0 0 -0.000102
7475 0 0 -0.000106
7480 0 0 -0.000108
7485 0 0 -0.000102
7490 0 0 -0.000083
7495 0 0 -0.000060
7500 0 0 -0.000048
7505 0 0 -0.000055
7510 0 0 -0.000074
7515 0 0 -0.000090
7520 0 0 -0.000094
7525 0 0 -0.000090
7530 0 0 -0.000084
7535 0 0 -0.000081
7540 0 0 -0.000083
7545 0 0 -0.000090
7550 0 0 -0.000100
7555 0 0 -0.000108
7560 0 0 -0.000108
7565 0 0 -0.000096
7570 0 0 -0.000080
7575 0 0 -0.000072
7580 0 0 -0.000080
7585 0 0 -0.000093
7590 0 0 -0.000096
7595 0 0 -0.000081
7600 0 0 -0.000059
7605 0 0 -0.000048
7610 0 0 -0.000060
7615 0 0 -0.000082
7620 0 0 -0.000096
7625 0 0 -0.000089
7630 0 0 -0.000068
7635 0 0 -0.000048
7640 0 0 -0.000040
7645 0 0 -0.000050
7650 0 0 -0.000084
7655 0 0 -0.000142
7660 0 0 -0.000203
7665 0 0 -0.000240
7670 0 0 -0.000236
7675 0 0 -0.000207
7680 0 0 -0.000180
7685 0 0 -0.000174
7690 0 0 -0.000181
7695 0 0 -0.000186
7700 0 0 -0.000180
7705 0 0 -0.000166
7710 0 0 -0.000156
7715 0 0 -0.000154
7720 0 0 -0.000153
7725 0 0 -0.000144
7730 0 0 -0.000120
7735 0 0 -0.000096
7740 0 0 -0.000090
7745 0 0 -0.000114
7750 0 0 -0.000149
7755 0 0 -0.000168
7760 0 0 -0.000155
7765 0 0 -0.000126
7770 0 0 -0.000108
7775 0 0 -0.000119
7780 0 0 -0.000146
7785 0 0 -0.000168
7790 0 0 -0.000169
7795 0 0 -0.000157
7800 0 0 -0.000144
7805 0 0 -0.000140
7810 0 0 -0.000141
7815 0 0 -0.000138
7820 0 0 -0.000126
7825 0 0 -0.000113
7830 0 0 -0.000108
7835 0 0 -0.000118
7840 0 0 -0.000132
7845 0 0 -0.000138
7850 0 0 -0.000125
7855 0 0 -0.000103
7860 0 0 -0.000084
7865 0 0 -0.000078
7870 0 0 -0.000086
7875 0 0 -0.000102
7880 0 0 -0.000121
7885 0 0 -0.000124
7890 0 0 -0.000090
7895 0 0 -0.000018
7900 0 0 0.000014
7905 0 0 -0.000096
7910 0 0 -0.000397
7915 0 0 -0.000741
7920 0 0 -0.000930
7925 0 0 -0.000830
7930 0 0 -0.000555
7935 0 0 -0.000282
7940 0 0 -0.000148
7945 0 0 -0.000127
7950 0 0 -0.000150
7955 0 0 -0.000164
7960 0 0 -0.000163
7965 0 0 -0.000156
7970 0 0 -0.000149
7975 0 0 -0.000142
7980 0 0 -0.000132
7985 0 0 -0.000119
7990 0 0 -0.000104
7995 0 0 -0.000090
8000 0 0 -0.000078
8005 0 0 -0.000073
8010 0 0 -0.000078
8015 0 0 -0.000095
8020 0 0 -0.000113
8025 0 0 -0.000120
8030 0 0 -0.000106
8035 0 0 -0.000083
8040 0 0 -0.000066
8045 0 0 -0.000067
8050 0 0 -0.000082
8055 0 0 -0.000102
8060 0 0 -0.000120
8065 0 0 -0.000131
8070 0 0 -0.000132
8075 0 0 -0.000123
8080 0 0 -0.000115
8085 0 0 -0.000120
8090 0 0 -0.000145
8095 0 0 -0.000175
8100 0 0 -0.000186
8105 0 0 -0.000164
8110 0 0 -0.000126
8115 0 0 -0.000096
8120 0 0 -0.000092
8125 0 0 -0.000108
8130 0 0 -0.000132
8135 0 0 -0.000152
8140 0 0 -0.000163
8145 0 0 -0.000162
8150 0 0 -0.000148
8155 0 0 -0.000127
8160 0 0 -0.000108
8165 0 0 -0.000098
8170 0 0 -0.000096
8175 0 0 -0.000102
8180 0 0 -0.000112
8185 0 0 -0.000122
8190 0 0 -0.000126
8195 0 0 -0.000121
8200 0 0 -0.000113
8205 0 0 -0.000114
8210 0 0 -0.000130
8215 0 0 -0.000154
8220 0 0 -0.000180
8225 0 0 -0.000200
8230 0 0 -0.000216
8235 0 0 -0.000234
8240 0 0 -0.000257
8245 0 0 -0.000285
8250 0 0 -0.000318
8255 0 0 -0.000351
8260 0 0 -0.000368
8265 0 0 -0.000348
8270 0 0 -0.000282
8275 0 0 -0.000207
8280 0 0 -0.000168
8285 0 0 -0.000197
8290 0 0 -0.000258
8295 0 0 -0.000300
8300 0 0 -0.000286
8305 0 0 -0.000237
8310 0 0 -0.000186
8315 0 0 -0.000160
8320 0 0 -0.000159
8325 0 0 -0.000174
8330 0 0 -0.000196
8335 0 0 -0.000214
8340 0 0 -0.000216
8345 0 0 -0.000196
8350 0 0 -0.000170
8355 0 0 -0.000156
8360 0 0 -0.000169
8365 0 0 -0.000196
8370 0 0 -0.000216
8375 0 0 -0.000215
8380 0 0 -0.000200
8385 0 0 -0.000180
8390 0 0 -0.000166
8395 0 0 -0.000156
8400 0 0 -0.000150
8405 0 0 -0.000146
8410 0 0 -0.000153
8415 0 0 -0.000180
8420 0 0 -0.000232
8425 0 0 -0.000285
8430 0 0 -0.000312
8435 0 0 -0.000293
8440 0 0 -0.000245
8445 0 0 -0.000198
8450 0 0 -0.000172
8455 0 0 -0.000166
8460 0 0 -0.000168
8465 0 0 -0.000172
8470 0 0 -0.000176
8475 0 0 -0.000180
8480 0 0 -0.000183
8485 0 0 -0.000182
8490 0 0 -0.000174
8495 0 0 -0.000159
8500 0 0 -0.000144
8505 0 0 -0.000138
8510 0 0 -0.000148
8515 0 0 -0.000167
8520 0 0 -0.000186
8525 0 0 -0.000196
8530 0 0 -0.000194
8535 0 0 -0.000180
8540 0 0 -0.000154
8545 0 0 -0.000124
8550 0 0 -0.000102
8555 0 0 -0.000094
8560 0 0 -0.000093
8565 0 0 -0.000090
8570 0 0 -0.000078
8575 0 0 -0.000066
8580 0 0 -0.000066
8585 0 0 -0.000087
8590 0 0 -0.000113
8595 0 0 -0.000126
8600 0 0 -0.000113
8605 0 0 -0.000087
8610 0 0 -0.000072
8615 0 0 -0.000081
8620 0 0 -0.000103
8625 0 0 -0.000120
8630 0 0 -0.000117
8635 0 0 -0.000102
8640 0 0 -0.000084
8645 0 0 -0.000073
8650 0 0 -0.000069
8655 0 0 -0.000072
8660 0 0 -0.000079
8665 0 0 -0.000085
8670 0 0 -0.000084
8675 0 0 -0.000071
8680 0 0 -0.000057
8685 0 0 -0.000054
8690 0 0 -0.000069
8695 0 0 -0.000089
8700 0 0 -0.000096
8705 0 0 -0.000078
8710 0 0 -0.000052
8715 0 0 -0.000042
8720 0 0 -0.000062
8725 0 0 -0.000097
8730 0 0 -0.000120
8735 0 0 -0.000115
8740 0 0 -0.000094
8745 0 0 -0.000078
8750 0 0 -0.000082
8755 0 0 -0.000096
8760 0 0 -0.000108
8765 0 0 -0.000106
8770 0 0 -0.000095
8775 0 0 -0.000084
8780 0 0 -0.000078
8785 0 0 -0.000077
8790 0 0 -0.000078
8795 0 0 -0.000078
8800 0 0 -0.000077
8805 0 0 -0.000072
8810 0 0 -0.000065
8815 0 0 -0.000059
8820 0 0 -0.000060
8825 0 0 -0.000071
8830 0 0 -0.000082
8835 0 0 -0.000084
8840 0 0 -0.000069
8845 0 0 -0.000051
8850 0 0 -0.000048
8855 0 0 -0.000072
8860 0 0 -0.000107
8865 0 0 -0.000132
8870 0 0 -0.000130
8875 0 0 -0.000113
8880 0 0 -0.000096
8885 0 0 -0.000093
8890 0 0 -0.000101
8895 0 0 -0.000114
8900 0 0 -0.000126
8905 0 0 -0.000131
8910 0 0 -0.000126
8915 0 0 -0.000108
8920 0 0 -0.000085
8925 0 0 -0.000066
8930 0 0 -0.000058
8935 0 0 -0.000059
8940 0 0 -0.000066
8945 0 0 -0.000074
8950 0 0 -0.000080
8955 0 0 -0.000078
8960 0 0 -0.000068
8965 0 0 -0.000056
8970 0 0 -0.000054
8975 0 0 -0.000067
8980 0 0 -0.000086
8985 0 0 -0.000096
8990 0 0 -0.000089
8995 0 0 -0.000076
9000 0 0 -0.000072
9005 0 0 -0.000087
9010 0 0 -0.000109
9015 0 0 -0.000120
9020 0 0 -0.000108
9025 0 0 -0.000085
9030 0 0 -0.000072
9035 0 0 -0.000081
9040 0 0 -0.000099
9045 0 0 -0.000108
9050 0 0 -0.000095
9055 0 0 -0.000071
9060 0 0 -0.000054
9065 0 0 -0.000056
9070 0 0 -0.000069
9075 0 0 -0.000078
9080 0 0 -0.000074
9085 0 0 -0.000063
9090 0 0 -0.000054
9095 0 0 -0.000054
9100 0 0 -0.000064
9105 0 0 -0.000084
9110 0 0 -0.000112
9115 0 0 -0.000140
9120 0 0 -0.000162
9125 0 0 -0.000170
9130 0 0 -0.000167
9135 0 0 -0.000156
9140 0 0 -0.000141
9145 0 0 -0.000129
9150 0 0 -0.000126
9155 0 0 -0.000136
9160 0 0 -0.000150
9165 0 0 -0.000156
9170 0 0 -0.000147
9175 0 0 -0.000131
9180 0 0 -0.000120
9185 0 0 -0.000122
9190 0 0 -0.000128
9195 0 0 -0.000126
9200 0 0 -0.000108
9205 0 0 -0.000084
9210 0 0 -0.000066
9215 0 0 -0.000064
9220 0 0 -0.000070
9225 0 0 -0.000072
9230 0 0 -0.000064
9235 0 0 -0.000060
9240 0 0 -0.000084
9245 0 0 -0.000146
9250 0 0 -0.000218
9255 0 0 -0.000264
9260 0 0 -0.000256
9265 0 0 -0.000213
9270 0 0 -0.000162
9275 0 0 -0.000128
9280 0 0 -0.000114
9285 0 0 -0.000120
9290 0 0 -0.000141
9295 0 0 -0.000161
9300 0 0 -0.000162
9305 0 0 -0.000132
9310 0 0 -0.000096
9315 0 0 -0.000084
9320 0 0 -0.000118
9325 0 0 -0.000175
9330 0 0 -0.000222
9335 0 0 -0.000235
9340 0 0 -0.000238
9345 0 0 -0.000264
9350 0 0 -0.000333
9355 0 0 -0.000408
9360 0 0 -0.000438
9365 0 0 -0.000388
9370 0 0 -0.000286
9375 0 0 -0.000174
9380 0 0 -0.000093
9385 0 0 -0.000072
9390 0 0 -0.000138
9395 0 0 -0.000296
9400 0 0 -0.000467
9405 0 0 -0.000552
9410 0 0 -0.000484
9415 0 0 -0.000330
9420 0 0 -0.000186
9425 0 0 -0.000128
9430 0 0 -0.000137
9435 0 0 -0.000168
9440 0 0 -0.000186
9445 0 0 -0.000187
9450 0 0 -0.000174
9455 0 0 -0.000153
9460 0 0 -0.000138
9465 0 0 -0.000144
9470 0 0 -0.000180
9475 0 0 -0.000224
9480 0 0 -0.000246
9485 0 0 -0.000225
9490 0 0 -0.000180
9495 0 0 -0.000138
9500 0 0 -0.000122
9505 0 0 -0.000124
9510 0 0 -0.000132
9515 0 0 -0.000136
9520 0 0 -0.000136
9525 0 0 -0.000138
9530 0 0 -0.000144
9535 0 0 -0.000151
9540 0 0 -0.000156
9545 0 0 -0.000156
9550 0 0 -0.000153
9555 0 0 -0.000150
9560 0 0 -0.000149
9565 0 0 -0.000148
9570 0 0 -0.000144
9575 0 0 -0.000135
9580 0 0 -0.000127
9585 0 0 -0.000126
9590 0 0 -0.000135
9595 0 0 -0.000149
9600 0 0 -0.000156
9605 0 0 -0.000151
9610 0 0 -0.000138
9615 0 0 -0.000126
9620 0 0 -0.000120
9625 0 0 -0.000120
9630 0 0 -0.000120
9635 0 0 -0.000119
9640 0 0 -0.000120
9645 0 0 -0.000126
9650 0 0 -0.000141
9655 0 0 -0.000166
9660 0 0 -0.000198
9665 0 0 -0.000236
9670 0 0 -0.000268
9675 0 0 -0.000282
9680 0 0 -0.000272
9685 0 0 -0.000258
9690 0 0 -0.000264
9695 0 0 -0.000307
9700 0 0 -0.000364
9705 0 0 -0.000402
9710 0 0 -0.000399
9715 0 0 -0.000370
9720 0 0 -0.000336
9725 0 0 -0.000317
9730 0 0 -0.000308
9735 0 0 -0.000300
9740 0 0 -0.000286
9745 0 0 -0.000269
9750 0 0 -0.000252
9755 0 0 -0.000239
9760 0 0 -0.000230
9765 0 0 -0.000222
9770 0 0 -0.000214
9775 0 0 -0.000208
9780 0 0 -0.000204
9785 0 0 -0.000203
9790 0 0 -0.000204
9795 0 0 -0.000204
9800 0 0 -0.000203
9805 0 0 -0.000202
9810 0 0 -0.000204
9815 0 0 -0.000210
9820 0 0 -0.000212
9825 0 0 -0.000198
9830 0 0 -0.000165
9835 0 0 -0.000140
9840 0 0 -0.000156
9845 0 0 -0.000231
9850 0 0 -0.000324
9855 0 0 -0.000378
9860 0 0 -0.000354
9865 0 0 -0.000286
9870 0 0 -0.000222
9875 0 0 -0.000201
9880 0 0 -0.000211
9885 0 0 -0.000228
9890 0 0 -0.000233
9895 0 0 -0.000229
9900 0 0 -0.000222
9905 0 0 -0.000219
9910 0 0 -0.000221
9915 0 0 -0.000228
9920 0 0 -0.000239
9925 0 0 -0.000250
9930 0 0 -0.000258
9935 0 0 -0.000259
9940 0 0 -0.000254
9945 0 0 -0.000246
9950 0 0 -0.000238
9955 0 0 -0.000229
9960 0 0 -0.000222
9965 0 0 -0.000216
9970 0 0 -0.000209
9975 0 0 -0.000198
9980 0 0 -0.000183
9985 0 0 -0.000165
9990 0 0 -0.000150
9995 0 0 -0.000140
10000 0 0 -0.000134
10005 0 0 -0.000132
10010 0 0 -0.000131
10015 0 0 -0.000130
10020 0 0 -0.000126
10025 0 0 -0.000119
10030 0 0 -0.000112
10035 0 0 -0.000108
10040 0 0 -0.000111
10045 0 0 -0.000118
10050 0 0 -0.000126
10055 0 0 -0.000131
10060 0 0 -0.000133
10065 0 0 -0.000132
10070 0 0 -0.000129
10075 0 0 -0.000125
