0 0 0 -0.000340
5 0 0 -0.000333
10 0 0 -0.000302
15 0 0 -0.000260
20 0 0 -0.000220
25 0 0 -0.000196
30 0 0 -0.000200
35 0 0 -0.000239
40 0 0 -0.000295
45 0 0 -0.000340
50 0 0 -0.000355
55 0 0 -0.000345
60 0 0 -0.000320
65 0 0 -0.000291
70 0 0 -0.000273
75 0 0 -0.000280
80 0 0 -0.000321
85 0 0 -0.000377
90 0 0 -0.000420
95 0 0 -0.000429
100 0 0 -0.000407
105 0 0 -0.000360
110 0 0 -0.000299
115 0 0 -0.000244
120 0 0 -0.000220
125 0 0 -0.000241
130 0 0 -0.000285
135 0 0 -0.000320
140 0 0 -0.000323
145 0 0 -0.000299
150 0 0 -0.000260
155 0 0 -0.000220
160 0 0 -0.000195
165 0 0 -0.000200
170 0 0 -0.000244
175 0 0 -0.000301
180 0 0 -0.000340
185 0 0 -0.000336
190 0 0 -0.000307
195 0 0 -0.000280
200 0 0 -0.000276
205 0 0 -0.000297
210 0 0 -0.000340
215 0 0 -0.000398
220 0 0 -0.000448
225 0 0 -0.000460
230 0 0 -0.000418
235 0 0 -0.000352
240 0 0 -0.000300
245 0 0 -0.000292
250 0 0 -0.000314
255 0 0 -0.000340
260 0 0 -0.000350
265 0 0 -0.000348
270 0 0 -0.000340
275 0 0 -0.000334
280 0 0 -0.000334
285 0 0 -0.000340
290 0 0 -0.000352
295 0 0 -0.000358
300 0 0 -0.000340
305 0 0 -0.000291
310 0 0 -0.000235
315 0 0 -0.000200
320 0 0 -0.000210
325 0 0 -0.000256
330 0 0 -0.000320
335 0 0 -0.000383
340 0 0 -0.000424
345 0 0 -0.000420
350 0 0 -0.000360
355 0 0 -0.000282
360 0 0 -0.000240
365 0 0 -0.000268
370 0 0 -0.000337
375 0 0 -0.000400
380 0 0 -0.000421
385 0 0 -0.000399
390 0 0 -0.000340
395 0 0 -0.000258
400 0 0 -0.000185
405 0 0 -0.000160
410 0 0 -0.000206
415 0 0 -0.000279
420 0 0 -0.000320
425 0 0 -0.000292
430 0 0 -0.000247
435 0 0 -0.000260
440 0 0 -0.000377
445 0 0 -0.000534
450 0 0 -0.000640
455 0 0 -0.000628
460 0 0 -0.000533
465 0 0 -0.000420
470 0 0 -0.000338
475 0 0 -0.000293
480 0 0 -0.000280
485 0 0 -0.000292
490 0 0 -0.000322
495 0 0 -0.000360
500 0 0 -0.000395
505 0 0 -0.000409
510 0 0 -0.000380
515 0 0 -0.000301
520 0 0 -0.000215
525 0 0 -0.000180
530 0 0 -0.000231
535 0 0 -0.000321
540 0 0 -0.000380
545 0 0 -0.000380
550 0 0 -0.000450
555 0 0 -0.000760
560 0 0 -0.001398
565 0 0 -0.002120
570 0 0 -0.002600
575 0 0 -0.002608
580 0 0 -0.002298
585 0 0 -0.001920
590 0 0 -0.001681
595 0 0 -0.001627
600 0 0 -0.001760
605 0 0 -0.002045
610 0 0 -0.002294
615 0 0 -0.002280
620 0 0 -0.001897
625 0 0 -0.001519
630 0 0 -0.001640
635 0 0 -0.002552
640 0 0 -0.003734
645 0 0 -0.004460
650 0 0 -0.004225
655 0 0 -0.003397
660 0 0 -0.002560
665 0 0 -0.002160
670 0 0 -0.002085
675 0 0 -0.002080
680 0 0 -0.001953
685 0 0 -0.001756
690 0 0 -0.001600
695 0 0 -0.001560
700 0 0 -0.001563
705 0 0 -0.001500
710 0 0 -0.001297
715 0 0 -0.001017
720 0 0 -0.000760
725 0 0 -0.000606
730 0 0 -0.000563
735 0 0 -0.000620
740 0 0 -0.000753
745 0 0 -0.000883
750 0 0 -0.000920
755 0 0 -0.000804
760 0 0 -0.000609
765 0 0 -0.000440
770 0 0 -0.000377
775 0 0 -0.000389
780 0 0 -0.000420
785 0 0 -0.000426
790 0 0 -0.000413
795 0 0 -0.000400
800 0 0 -0.000401
805 0 0 -0.000410
810 0 0 -0.000420
815 0 0 -0.000422
820 0 0 -0.000415
825 0 0 -0.000400
830 0 0 -0.000380
835 0 0 -0.000368
840 0 0 -0.000380
845 0 0 -0.000424
850 0 0 -0.000480
855 0 0 -0.000520
860 0 0 -0.000528
865 0 0 -0.000529
870 0 0 -0.000560
875 0 0 -0.000645
880 0 0 -0.000758
885 0 0 -0.000860
890 0 0 -0.000921
895 0 0 -0.000939
900 0 0 -0.000920
905 0 0 -0.000872
910 0 0 -0.000812
915 0 0 -0.000760
920 0 0 -0.000727
925 0 0 -0.000695
930 0 0 -0.000640
935 0 0 -0.000559
940 0 0 -0.000547
945 0 0 -0.000720
950 0 0 -0.001139
955 0 0 -0.001640
960 0 0 -0.002000
965 0 0 -0.002064
970 0 0 -0.001945
975 0 0 -0.001820
980 0 0 -0.001824
985 0 0 -0.001913
990 0 0 -0.002000
995 0 0 -0.002022
1000 0 0 -0.002015
1005 0 0 -0.002040
1010 0 0 -0.002137
1015 0 0 -0.002259
1020 0 0 -0.002340
1025 0 0 -0.002331
1030 0 0 -0.002257
1035 0 0 -0.002160
1040 0 0 -0.002070
1045 0 0 -0.001968
1050 0 0 -0.001820
1055 0 0 -0.001620
1060 0 0 -0.001471
1065 0 0 -0.001500
1070 0 0 -0.001777
1075 0 0 -0.002133
1080 0 0 -0.002340
1085 0 0 -0.002244
1090 0 0 -0.001986
1095 0 0 -0.001780
1100 0 0 -0.001784
1105 0 0 -0.001931
1110 0 0 -0.002100
1115 0 0 -0.002192
1120 0 0 -0.002209
1125 0 0 -0.002180
1130 0 0 -0.002130
1135 0 0 -0.002083
1140 0 0 -0.002060
1145 0 0 -0.002072
1150 0 0 -0.002087
1155 0 0 -0.002060
1160 0 0 -0.001966
1165 0 0 -0.001851
1170 0 0 -0.001780
1175 0 0 -0.001789
1180 0 0 -0.001794
1185 0 0 -0.001680
1190 0 0 -0.001380
1195 0 0 -0.001006
1200 0 0 -0.000720
1205 0 0 -0.000635
1210 0 0 -0.000685
1215 0 0 -0.000760
1220 0 0 -0.000774
1225 0 0 -0.000745
1230 0 0 -0.000720
1235 0 0 -0.000732
1240 0 0 -0.000767
1245 0 0 -0.000800
1250 0 0 -0.000811
1255 0 0 -0.000791
1260 0 0 -0.000740
1265 0 0 -0.000659
1270 0 0 -0.000575
1275 0 0 -0.000520
1280 0 0 -0.000520
1285 0 0 -0.000576
1290 0 0 -0.000680
1295 0 0 -0.000816
1300 0 0 -0.000926
1305 0 0 -0.000940
1310 0 0 -0.000817
1315 0 0 -0.000626
1320 0 0 -0.000460
1325 0 0 -0.000392
1330 0 0 -0.000400
1335 0 0 -0.000440
1340 0 0 -0.000471
1345 0 0 -0.000475
1350 0 0 -0.000440
1355 0 0 -0.000361
1360 0 0 -0.000273
1365 0 0 -0.000220
1370 0 0 -0.000232
1375 0 0 -0.000289
1380 0 0 -0.000360
1385 0 0 -0.000415
1390 0 0 -0.000440
1395 0 0 -0.000420
1400 0 0 -0.000354
1405 0 0 -0.000278
1410 0 0 -0.000240
1415 0 0 -0.000269
1420 0 0 -0.000333
1425 0 0 -0.000380
1430 0 0 -0.000374
1435 0 0 -0.000326
1440 0 0 -0.000260
1445 0 0 -0.000200
1450 0 0 -0.000167
1455 0 0 -0.000180
1460 0 0 -0.000248
1465 0 0 -0.000327
1470 0 0 -0.000360
1475 0 0 -0.000311
1480 0 0 -0.000224
1485 0 0 -0.000160
1490 0 0 -0.000167
1495 0 0 -0.000225
1500 0 0 -0.000300
1505 0 0 -0.000360
1510 0 0 -0.000391
1515 0 0 -0.000380
1520 0 0 -0.000327
1525 0 0 -0.000265
1530 0 0 -0.000240
1535 0 0 -0.000280
1540 0 0 -0.000350
1545 0 0 -0.000400
1550 0 0 -0.000394
1555 0 0 -0.000345
1560 0 0 -0.000280
1565 0 0 -0.000224
1570 0 0 -0.000192
1575 0 0 -0.000200
1580 0 0 -0.000251
1585 0 0 -0.000306
1590 0 0 -0.000320
1595 0 0 -0.000262
1600 0 0 -0.000180
1605 0 0 -0.000140
1610 0 0 -0.000186
1615 0 0 -0.000274
1620 0 0 -0.000340
1625 0 0 -0.000336
1630 0 0 -0.000288
1635 0 0 -0.000240
1640 0 0 -0.000226
1645 0 0 -0.000248
1650 0 0 -0.000300
1655 0 0 -0.000371
1660 0 0 -0.000434
1665 0 0 -0.000460
1670 0 0 -0.000430
1675 0 0 -0.000371
1680 0 0 -0.000320
1685 0 0 -0.000306
1690 0 0 -0.000319
1695 0 0 -0.000340
1700 0 0 -0.000354
1705 0 0 -0.000359
1710 0 0 -0.000360
1715 0 0 -0.000359
1720 0 0 -0.000353
1725 0 0 -0.000340
1730 0 0 -0.000318
1735 0 0 -0.000285
1740 0 0 -0.000240
1745 0 0 -0.000189
1750 0 0 -0.000158
1755 0 0 -0.000180
1760 0 0 -0.000271
1765 0 0 -0.000380
1770 0 0 -0.000440
1775 0 0 -0.000407
1780 0 0 -0.000325
1785 0 0 -0.000260
1790 0 0 -0.000261
1795 0 0 -0.000303
1800 0 0 -0.000340
1805 0 0 -0.000340
1810 0 0 -0.000313
1815 0 0 -0.000280
1820 0 0 -0.000259
1825 0 0 -0.000252
1830 0 0 -0.000260
1835 0 0 -0.000279
1840 0 0 -0.000292
1845 0 0 -0.000280
1850 0 0 -0.000232
1855 0 0 -0.000178
1860 0 0 -0.000160
1865 0 0 -0.000206
1870 0 0 -0.000296
1875 0 0 -0.000400
1880 0 0 -0.000490
1885 0 0 -0.000558
1890 0 0 -0.000600
1895 0 0 -0.000617
1900 0 0 -0.000624
1905 0 0 -0.000640
1910 0 0 -0.000674
1915 0 0 -0.000700
1920 0 0 -0.000680
1925 0 0 -0.000596
1930 0 0 -0.000500
1935 0 0 -0.000460
1940 0 0 -0.000516
1945 0 0 -0.000592
1950 0 0 -0.000580
1955 0 0 -0.000428
1960 0 0 -0.000297
1965 0 0 -0.000400
1970 0 0 -0.000863
1975 0 0 -0.001466
1980 0 0 -0.001900
1985 0 0 -0.001953
1990 0 0 -0.001797
1995 0 0 -0.001700
2000 0 0 -0.001844
2005 0 0 -0.002062
2010 0 0 -0.002100
2015 0 0 -0.001783
2020 0 0 -0.001251
2025 0 0 -0.000720
2030 0 0 -0.000376
2035 0 0 -0.000276
2040 0 0 -0.000440
2045 0 0 -0.000861
2050 0 0 -0.001404
2055 0 0 -0.001900
2060 0 0 -0.002211
2065 0 0 -0.002305
2070 0 0 -0.002180
2075 0 0 -0.001853
2080 0 0 -0.001420
2085 0 0 -0.001000
2090 0 0 -0.000685
2095 0 0 -0.000474
2100 0 0 -0.000340
2105 0 0 -0.000260
2110 0 0 -0.000218
2115 0 0 -0.000200
2120 0 0 -0.000196
2125 0 0 -0.000212
2130 0 0 -0.000260
2135 0 0 -0.000342
2140 0 0 -0.000423
2145 0 0 -0.000460
2150 0 0 -0.000425
2155 0 0 -0.000354
2160 0 0 -0.000300
2165 0 0 -0.000306
2170 0 0 -0.000370
2175 0 0 -0.000480
2180 0 0 -0.000618
2185 0 0 -0.000736
2190 0 0 -0.000780
2195 0 0 -0.000715
2200 0 0 -0.000592
2205 0 0 -0.000480
2210 0 0 -0.000432
2215 0 0 -0.000430
2220 0 0 -0.000440
2225 0 0 -0.000434
2230 0 0 -0.000416
2235 0 0 -0.000400
2240 0 0 -0.000394
2245 0 0 -0.000396
2250 0 0 -0.000400
2255 0 0 -0.000401
2260 0 0 -0.000401
2265 0 0 -0.000400
2270 0 0 -0.000401
2275 0 0 -0.000401
2280 0 0 -0.000400
2285 0 0 -0.000394
2290 0 0 -0.000382
2295 0 0 -0.000360
2300 0 0 -0.000330
2305 0 0 -0.000310
2310 0 0 -0.000320
2315 0 0 -0.000374
2320 0 0 -0.000445
2325 0 0 -0.000500
2330 0 0 -0.000513
2335 0 0 -0.000493
2340 0 0 -0.000460
2345 0 0 -0.000429
2350 0 0 -0.000407
2355 0 0 -0.000400
2360 0 0 -0.000409
2365 0 0 -0.000426
2370 0 0 -0.000440
2375 0 0 -0.000441
2380 0 0 -0.000423
2385 0 0 -0.000380
2390 0 0 -0.000314
2395 0 0 -0.000256
2400 0 0 -0.000240
2405 0 0 -0.000292
2410 0 0 -0.000384
2415 0 0 -0.000480
2420 0 0 -0.000545
2425 0 0 -0.000567
2430 0 0 -0.000540
2435 0 0 -0.000464
2440 0 0 -0.000370
2445 0 0 -0.000300
2450 0 0 -0.000289
2455 0 0 -0.000357
2460 0 0 -0.000520
2465 0 0 -0.000783
2470 0 0 -0.001106
2475 0 0 -0.001440
2480 0 0 -0.001740
2485 0 0 -0.001985
2490 0 0 -0.002160
2495 0 0 -0.002255
2500 0 0 -0.002278
2505 0 0 -0.002240
2510 0 0 -0.002148
2515 0 0 -0.001978
2520 0 0 -0.001700
2525 0 0 -0.001313
2530 0 0 -0.000927
2535 0 0 -0.000680
2540 0 0 -0.000664
2545 0 0 -0.000779
2550 0 0 -0.000880
2555 0 0 -0.000857
2560 0 0 -0.000751
2565 0 0 -0.000640
2570 0 0 -0.000586
2575 0 0 -0.000591
2580 0 0 -0.000640
2585 0 0 -0.000717
2590 0 0 -0.000794
2595 0 0 -0.000840
2600 0 0 -0.000832
2605 0 0 -0.000784
2610 0 0 -0.000720
2615 0 0 -0.000659
2620 0 0 -0.000605
2625 0 0 -0.000560
2630 0 0 -0.000525
2635 0 0 -0.000508
2640 0 0 -0.000520
2645 0 0 -0.000564
2650 0 0 -0.000624
2655 0 0 -0.000680
2660 0 0 -0.000713
2665 0 0 -0.000720
2670 0 0 -0.000700
2675 0 0 -0.000660
2680 0 0 -0.000628
2685 0 0 -0.000640
2690 0 0 -0.000716
2695 0 0 -0.000809
2700 0 0 -0.000860
2705 0 0 -0.000826
2710 0 0 -0.000747
2715 0 0 -0.000680
2720 0 0 -0.000668
2725 0 0 -0.000687
2730 0 0 -0.000700
2735 0 0 -0.000677
2740 0 0 -0.000629
2745 0 0 -0.000580
2750 0 0 -0.000547
2755 0 0 -0.000534
2760 0 0 -0.000540
2765 0 0 -0.000560
2770 0 0 -0.000580
2775 0 0 -0.000580
2780 0 0 -0.000548
2785 0 0 -0.000490
2790 0 0 -0.000420
2795 0 0 -0.000350
2800 0 0 -0.000292
2805 0 0 -0.000260
2810 0 0 -0.000262
2815 0 0 -0.000293
2820 0 0 -0.000340
2825 0 0 -0.000392
2830 0 0 -0.000426
2835 0 0 -0.000420
2840 0 0 -0.000361
2845 0 0 -0.000285
2850 0 0 -0.000240
2855 0 0 -0.000258
2860 0 0 -0.000317
2865 0 0 -0.000380
2870 0 0 -0.000414
2875 0 0 -0.000410
2880 0 0 -0.000360
2885 0 0 -0.000269
2890 0 0 -0.000179
2895 0 0 -0.000140
2900 0 0 -0.000185
2905 0 0 -0.000272
2910 0 0 -0.000340
2915 0 0 -0.000344
2920 0 0 -0.000301
2925 0 0 -0.000240
2930 0 0 -0.000190
2935 0 0 -0.000166
2940 0 0 -0.000180
2945 0 0 -0.000237
2950 0 0 -0.000309
2955 0 0 -0.000360
2960 0 0 -0.000364
2965 0 0 -0.000336
2970 0 0 -0.000300
2975 0 0 -0.000277
2980 0 0 -0.000275
2985 0 0 -0.000300
2990 0 0 -0.000351
2995 0 0 -0.000397
3000 0 0 -0.000400
3005 0 0 -0.000338
3010 0 0 -0.000253
3015 0 0 -0.000200
3020 0 0 -0.000218
3025 0 0 -0.000275
3030 0 0 -0.000320
3035 0 0 -0.000315
3040 0 0 -0.000272
3045 0 0 -0.000220
3050 0 0 -0.000181
3055 0 0 -0.000170
3060 0 0 -0.000200
3065 0 0 -0.000271
3070 0 0 -0.000342
3075 0 0 -0.000360
3080 0 0 -0.000293
3085 0 0 -0.000200
3090 0 0 -0.000160
3095 0 0 -0.000226
3100 0 0 -0.000341
3105 0 0 -0.000420
3110 0 0 -0.000403
3115 0 0 -0.000334
3120 0 0 -0.000280
3125 0 0 -0.000291
3130 0 0 -0.000345
3135 0 0 -0.000400
3140 0 0 -0.000424
3145 0 0 -0.000420
3150 0 0 -0.000400
3155 0 0 -0.000374
3160 0 0 -0.000347
3165 0 0 -0.000320
3170 0 0 -0.000295
3175 0 0 -0.000269
3180 0 0 -0.000240
3185 0 0 -0.000208
3190 0 0 -0.000188
3195 0 0 -0.000200
3200 0 0 -0.000253
3205 0 0 -0.000314
3210 0 0 -0.000340
3215 0 0 -0.000303
3220 0 0 -0.000239
3225 0 0 -0.000200
3230 0 0 -0.000224
3235 0 0 -0.000290
3240 0 0 -0.000360
3245 0 0 -0.000404
3250 0 0 -0.000412
3255 0 0 -0.000380
3260 0 0 -0.000311
3265 0 0 -0.000243
3270 0 0 -0.000220
3275 0 0 -0.000270
3280 0 0 -0.000340
3285 0 0 -0.000360
3290 0 0 -0.000289
3295 0 0 -0.000200
3300 0 0 -0.000200
3305 0 0 -0.000354
3310 0 0 -0.000581
3315 0 0 -0.000760
3320 0 0 -0.000803
3325 0 0 -0.000742
3330 0 0 -0.000640
3335 0 0 -0.000549
3340 0 0 -0.000481
3345 0 0 -0.000440
3350 0 0 -0.000427
3355 0 0 -0.000441
3360 0 0 -0.000480
3365 0 0 -0.000535
3370 0 0 -0.000574
3375 0 0 -0.000560
3380 0 0 -0.000475
3385 0 0 -0.000375
3390 0 0 -0.000340
3395 0 0 -0.000416
3400 0 0 -0.000535
3405 0 0 -0.000600
3410 0 0 -0.000543
3415 0 0 -0.000415
3420 0 0 -0.000300
3425 0 0 -0.000260
3430 0 0 -0.000278
3435 0 0 -0.000320
3440 0 0 -0.000354
3445 0 0 -0.000370
3450 0 0 -0.000360
3455 0 0 -0.000327
3460 0 0 -0.000305
3465 0 0 -0.000340
3470 0 0 -0.000453
3475 0 0 -0.000587
3480 0 0 -0.000660
3485 0 0 -0.000618
3490 0 0 -0.000502
3495 0 0 -0.000380
3500 0 0 -0.000305
3505 0 0 -0.000281
3510 0 0 -0.000300
3515 0 0 -0.000353
3520 0 0 -0.000425
3525 0 0 -0.000500
3530 0 0 -0.000559
3535 0 0 -0.000581
3540 0 0 -0.000540
3545 0 0 -0.000444
3550 0 0 -0.000424
3555 0 0 -0.000640
3560 0 0 -0.001183
3565 0 0 -0.001863
3570 0 0 -0.002420
3575 0 0 -0.002651
3580 0 0 -0.002578
3585 0 0 -0.002280
3590 0 0 -0.001839
3595 0 0 -0.001353
3600 0 0 -0.000920
3605 0 0 -0.000620
3610 0 0 -0.000449
3615 0 0 -0.000380
3620 0 0 -0.000387
3625 0 0 -0.000433
3630 0 0 -0.000480
3635 0 0 -0.000499
3640 0 0 -0.000494
3645 0 0 -0.000480
3650 0 0 -0.000467
3655 0 0 -0.000450
3660 0 0 -0.000420
3665 0 0 -0.000374
3670 0 0 -0.000328
3675 0 0 -0.000300
3680 0 0 -0.000304
3685 0 0 -0.000330
3690 0 0 -0.000360
3695 0 0 -0.000379
3700 0 0 -0.000375
3705 0 0 -0.000340
3710 0 0 -0.000273
3715 0 0 -0.000210
3720 0 0 -0.000200
3725 0 0 -0.000269
3730 0 0 -0.000366
3735 0 0 -0.000420
3740 0 0 -0.000386
3745 0 0 -0.000314
3750 0 0 -0.000280
3755 0 0 -0.000337
3760 0 0 -0.000455
3765 0 0 -0.000580
3770 0 0 -0.000668
3775 0 0 -0.000704
3780 0 0 -0.000680
3785 0 0 -0.000595
3790 0 0 -0.000482
3795 0 0 -0.000380
3800 0 0 -0.000321
3805 0 0 -0.000304
3810 0 0 -0.000320
3815 0 0 -0.000357
3820 0 0 -0.000398
3825 0 0 -0.000420
3830 0 0 -0.000410
3835 0 0 -0.000378
3840 0 0 -0.000340
3845 0 0 -0.000316
3850 0 0 -0.000333
3855 0 0 -0.000420
3860 0 0 -0.000590
3865 0 0 -0.000787
3870 0 0 -0.000940
3875 0 0 -0.000995
3880 0 0 -0.000970
3885 0 0 -0.000900
3890 0 0 -0.000821
3895 0 0 -0.000774
3900 0 0 -0.000800
3905 0 0 -0.000917
3910 0 0 -0.001050
3915 0 0 -0.001100
3920 0 0 -0.001004
3925 0 0 -0.000839
3930 0 0 -0.000720
3935 0 0 -0.000728
3940 0 0 -0.000820
3945 0 0 -0.000920
3950 0 0 -0.000968
3955 0 0 -0.000958
3960 0 0 -0.000900
3965 0 0 -0.000808
3970 0 0 -0.000715
3975 0 0 -0.000660
3980 0 0 -0.000666
3985 0 0 -0.000696
3990 0 0 -0.000700
3995 0 0 -0.000642
4000 0 0 -0.000553
4005 0 0 -0.000480
4010 0 0 -0.000460
4015 0 0 -0.000490
4020 0 0 -0.000560
4025 0 0 -0.000654
4030 0 0 -0.000745
4035 0 0 -0.000800
4040 0 0 -0.000798
4045 0 0 -0.000756
4050 0 0 -0.000700
4055 0 0 -0.000654
4060 0 0 -0.000626
4065 0 0 -0.000620
4070 0 0 -0.000636
4075 0 0 -0.000651
4080 0 0 -0.000640
4085 0 0 -0.000589
4090 0 0 -0.000543
4095 0 0 -0.000560
4100 0 0 -0.000672
4105 0 0 -0.000810
4110 0 0 -0.000880
4115 0 0 -0.000818
4120 0 0 -0.000682
4125 0 0 -0.000560
4130 0 0 -0.000517
4135 0 0 -0.000522
4140 0 0 -0.000520
4145 0 0 -0.000474
4150 0 0 -0.000412
4155 0 0 -0.000380
4160 0 0 -0.000410
4165 0 0 -0.000481
4170 0 0 -0.000560
4175 0 0 -0.000617
4180 0 0 -0.000639
4185 0 0 -0.000620
4190 0 0 -0.000560
4195 0 0 -0.000498
4200 0 0 -0.000480
4205 0 0 -0.000535
4210 0 0 -0.000621
4215 0 0 -0.000680
4220 0 0 -0.000666
4225 0 0 -0.000596
4230 0 0 -0.000500
4235 0 0 -0.000405
4240 0 0 -0.000322
4245 0 0 -0.000260
4250 0 0 -0.000225
4255 0 0 -0.000219
4260 0 0 -0.000240
4265 0 0 -0.000283
4270 0 0 -0.000326
4275 0 0 -0.000340
4280 0 0 -0.000309
4285 0 0 -0.000257
4290 0 0 -0.000220
4295 0 0 -0.000224
4300 0 0 -0.000262
4305 0 0 -0.000320
4310 0 0 -0.000381
4315 0 0 -0.000422
4320 0 0 -0.000420
4325 0 0 -0.000362
4330 0 0 -0.000285
4335 0 0 -0.000240
4340 0 0 -0.000260
4345 0 0 -0.000315
4350 0 0 -0.000360
4355 0 0 -0.000359
4360 0 0 -0.000320
4365 0 0 -0.000260
4370 0 0 -0.000198
4375 0 0 -0.000157
4380 0 0 -0.000160
4385 0 0 -0.000219
4390 0 0 -0.000296
4395 0 0 -0.000340
4400 0 0 -0.000318
4405 0 0 -0.000256
4410 0 0 -0.000200
4415 0 0 -0.000183
4420 0 0 -0.000206
4425 0 0 -0.000260
4430 0 0 -0.000332
4435 0 0 -0.000390
4440 0 0 -0.000400
4445 0 0 -0.000342
4450 0 0 -0.000261
4455 0 0 -0.000220
4460 0 0 -0.000259
4465 0 0 -0.000340
4470 0 0 -0.000400
4475 0 0 -0.000396
4480 0 0 -0.000345
4485 0 0 -0.000280
4490 0 0 -0.000230
4495 0 0 -0.000207
4500 0 0 -0.000220
4505 0 0 -0.000268
4510 0 0 -0.000315
4515 0 0 -0.000320
4520 0 0 -0.000257
4525 0 0 -0.000174
4530 0 0 -0.000140
4535 0 0 -0.000198
4540 0 0 -0.000296
4545 0 0 -0.000360
4550 0 0 -0.000339
4555 0 0 -0.000276
4560 0 0 -0.000240
4565 0 0 -0.000278
4570 0 0 -0.000356
4575 0 0 -0.000420
4580 0 0 -0.000430
4585 0 0 -0.000410
4590 0 0 -0.000400
4595 0 0 -0.000424
4600 0 0 -0.000452
4605 0 0 -0.000440
4610 0 0 -0.000360
4615 0 0 -0.000254
4620 0 0 -0.000180
4625 0 0 -0.000181
4630 0 0 -0.000229
4635 0 0 -0.000280
4640 0 0 -0.000300
4645 0 0 -0.000289
4650 0 0 -0.000260
4655 0 0 -0.000224
4660 0 0 -0.000198
4665 0 0 -0.000200
4670 0 0 -0.000238
4675 0 0 -0.000284
4680 0 0 -0.000300
4685 0 0 -0.000264
4690 0 0 -0.000213
4695 0 0 -0.000200
4700 0 0 -0.000258
4705 0 0 -0.000345
4710 0 0 -0.000400
4715 0 0 -0.000382
4720 0 0 -0.000325
4725 0 0 -0.000280
4730 0 0 -0.000284
4735 0 0 -0.000312
4740 0 0 -0.000320
4745 0 0 -0.000285
4750 0 0 -0.000250
4755 0 0 -0.000280
4760 0 0 -0.000409
4765 0 0 -0.000568
4770 0 0 -0.000660
4775 0 0 -0.000620
4780 0 0 -0.000509
4785 0 0 -0.000420
4790 0 0 -0.000421
4795 0 0 -0.000481
4800 0 0 -0.000540
4805 0 0 -0.000555
4810 0 0 -0.000535
4815 0 0 -0.000500
4820 0 0 -0.000469
4825 0 0 -0.000448
4830 0 0 -0.000440
4835 0 0 -0.000446
4840 0 0 -0.000452
4845 0 0 -0.000440
4850 0 0 -0.000401
4855 0 0 -0.000353
4860 0 0 -0.000320
4865 0 0 -0.000319
4870 0 0 -0.000329
4875 0 0 -0.000320
4880 0 0 -0.000278
4885 0 0 -0.000245
4890 0 0 -0.000280
4895 0 0 -0.000415
4900 0 0 -0.000579
4905 0 0 -0.000680
4910 0 0 -0.000650
4915 0 0 -0.000538
4920 0 0 -0.000420
4925 0 0 -0.000359
4930 0 0 -0.000356
4935 0 0 -0.000400
4940 0 0 -0.000474
4945 0 0 -0.000547
4950 0 0 -0.000580
4955 0 0 -0.000549
4960 0 0 -0.000472
4965 0 0 -0.000380
4970 0 0 -0.000303
4975 0 0 -0.000277
4980 0 0 -0.000340
4985 0 0 -0.000510
4990 0 0 -0.000730
4995 0 0 -0.000920
5000 0 0 -0.001020
5005 0 0 -0.001034
5010 0 0 -0.000980
5015 0 0 -0.000879
5020 0 0 -0.000746
5025 0 0 -0.000600
5030 0 0 -0.000458
5035 0 0 -0.000343
5040 0 0 -0.000280
5045 0 0 -0.000285
5050 0 0 -0.000330
5055 0 0 -0.000380
5060 0 0 -0.000406
5065 0 0 -0.000409
5070 0 0 -0.000400
5075 0 0 -0.000388
5080 0 0 -0.000384
5085 0 0 -0.000400
5090 0 0 -0.000440
5095 0 0 -0.000478
5100 0 0 -0.000480
5105 0 0 -0.000426
5110 0 0 -0.000350
5115 0 0 -0.000300
5120 0 0 -0.000310
5125 0 0 -0.000361
5130 0 0 -0.000420
5135 0 0 -0.000458
5140 0 0 -0.000466
5145 0 0 -0.000440
5150 0 0 -0.000380
5155 0 0 -0.000301
5160 0 0 -0.000220
5165 0 0 -0.000163
5170 0 0 -0.000182
5175 0 0 -0.000340
5180 0 0 -0.000654
5185 0 0 -0.000972
5190 0 0 -0.001100
5195 0 0 -0.000913
5200 0 0 -0.000555
5205 0 0 -0.000240
5210 0 0 -0.000129
5215 0 0 -0.000180
5220 0 0 -0.000300
5225 0 0 -0.000409
5230 0 0 -0.000490
5235 0 0 -0.000540
5240 0 0 -0.000555
5245 0 0 -0.000536
5250 0 0 -0.000480
5255 0 0 -0.000395
5260 0 0 -0.000320
5265 0 0 -0.000300
5270 0 0 -0.000361
5275 0 0 -0.000446
5280 0 0 -0.000480
5285 0 0 -0.000424
5290 0 0 -0.000388
5295 0 0 -0.000520
5300 0 0 -0.000914
5305 0 0 -0.001452
5310 0 0 -0.001960
5315 0 0 -0.002302
5320 0 0 -0.002477
5325 0 0 -0.002520
5330 0 0 -0.002459
5335 0 0 -0.002295
5340 0 0 -0.002020
5345 0 0 -0.001661
5350 0 0 -0.001372
5355 0 0 -0.001340
5360 0 0 -0.001676
5365 0 0 -0.002181
5370 0 0 -0.002580
5375 0 0 -0.002662
5380 0 0 -0.002472
5385 0 0 -0.002120
5390 0 0 -0.001709
5395 0 0 -0.001308
5400 0 0 -0.000980
5405 0 0 -0.000772
5410 0 0 -0.000673
5415 0 0 -0.000660
5420 0 0 -0.000703
5425 0 0 -0.000759
5430 0 0 -0.000780
5435 0 0 -0.000736
5440 0 0 -0.000670
5445 0 0 -0.000640
5450 0 0 -0.000686
5455 0 0 -0.000767
5460 0 0 -0.000820
5465 0 0 -0.000801
5470 0 0 -0.000734
5475 0 0 -0.000660
5480 0 0 -0.000613
5485 0 0 -0.000596
5490 0 0 -0.000600
5495 0 0 -0.000619
5500 0 0 -0.000643
5505 0 0 -0.000660
5510 0 0 -0.000661
5515 0 0 -0.000646
5520 0 0 -0.000620
5525 0 0 -0.000589
5530 0 0 -0.000574
5535 0 0 -0.000600
5540 0 0 -0.000678
5545 0 0 -0.000764
5550 0 0 -0.000800
5555 0 0 -0.000749
5560 0 0 -0.000649
5565 0 0 -0.000560
5570 0 0 -0.000525
5575 0 0 -0.000523
5580 0 0 -0.000520
5585 0 0 -0.000488
5590 0 0 -0.000436
5595 0 0 -0.000380
5600 0 0 -0.000340
5605 0 0 -0.000344
5610 0 0 -0.000420
5615 0 0 -0.000582
5620 0 0 -0.000773
5625 0 0 -0.000920
5630 0 0 -0.000969
5635 0 0 -0.000937
5640 0 0 -0.000860
5645 0 0 -0.000772
5650 0 0 -0.000692
5655 0 0 -0.000640
5660 0 0 -0.000622
5665 0 0 -0.000603
5670 0 0 -0.000540
5675 0 0 -0.000407
5680 0 0 -0.000257
5685 0 0 -0.000160
5690 0 0 -0.000167
5695 0 0 -0.000239
5700 0 0 -0.000320
5705 0 0 -0.000361
5710 0 0 -0.000358
5715 0 0 -0.000320
5720 0 0 -0.000257
5725 0 0 -0.000194
5730 0 0 -0.000160
5735 0 0 -0.000175
5740 0 0 -0.000228
5745 0 0 -0.000300
5750 0 0 -0.000371
5755 0 0 -0.000419
5760 0 0 -0.000420
5765 0 0 -0.000364
5770 0 0 -0.000288
5775 0 0 -0.000240
5780 0 0 -0.000255
5785 0 0 -0.000308
5790 0 0 -0.000360
5795 0 0 -0.000380
5800 0 0 -0.000365
5805 0 0 -0.000320
5810 0 0 -0.000254
5815 0 0 -0.000196
5820 0 0 -0.000180
5825 0 0 -0.000227
5830 0 0 -0.000298
5835 0 0 -0.000340
5840 0 0 -0.000317
5845 0 0 -0.000256
5850 0 0 -0.000200
5855 0 0 -0.000184
5860 0 0 -0.000202
5865 0 0 -0.000240
5870 0 0 -0.000284
5875 0 0 -0.000316
5880 0 0 -0.000320
5885 0 0 -0.000287
5890 0 0 -0.000247
5895 0 0 -0.000240
5900 0 0 -0.000291
5905 0 0 -0.000367
5910 0 0 -0.000420
5915 0 0 -0.000414
5920 0 0 -0.000365
5925 0 0 -0.000300
5930 0 0 -0.000245
5935 0 0 -0.000215
5940 0 0 -0.000220
5945 0 0 -0.000263
5950 0 0 -0.000311
5955 0 0 -0.000320
5960 0 0 -0.000265
5965 0 0 -0.000191
5970 0 0 -0.000160
5975 0 0 -0.000214
5980 0 0 -0.000304
5985 0 0 -0.000360
5990 0 0 -0.000335
5995 0 0 -0.000268
6000 0 0 -0.000220
6005 0 0 -0.000236
6010 0 0 -0.000296
6015 0 0 -0.000360
6020 0 0 -0.000400
6025 0 0 -0.000422
6030 0 0 -0.000440
6035 0 0 -0.000462
6040 0 0 -0.000470
6045 0 0 -0.000440
6050 0 0 -0.000359
6055 0 0 -0.000262
6060 0 0 -0.000200
6065 0 0 -0.000205
6070 0 0 -0.000252
6075 0 0 -0.000300
6080 0 0 -0.000316
6085 0 0 -0.000300
6090 0 0 -0.000260
6095 0 0 -0.000208
6100 0 0 -0.000171
6105 0 0 -0.000180
6110 0 0 -0.000250
6115 0 0 -0.000331
6120 0 0 -0.000360
6125 0 0 -0.000296
6130 0 0 -0.000195
6135 0 0 -0.000140
6140 0 0 -0.000186
6145 0 0 -0.000284
6150 0 0 -0.000360
6155 0 0 -0.000361
6160 0 0 -0.000317
6165 0 0 -0.000280
6170 0 0 -0.000286
6175 0 0 -0.000312
6180 0 0 -0.000320
6185 0 0 -0.000289
6190 0 0 -0.000267
6195 0 0 -0.000320
6200 0 0 -0.000486
6205 0 0 -0.000682
6210 0 0 -0.000800
6215 0 0 -0.000763
6220 0 0 -0.000631
6225 0 0 -0.000500
6230 0 0 -0.000443
6235 0 0 -0.000447
6240 0 0 -0.000480
6245 0 0 -0.000512
6250 0 0 -0.000534
6255 0 0 -0.000540
6260 0 0 -0.000527
6265 0 0 -0.000499
6270 0 0 -0.000460
6275 0 0 -0.000419
6280 0 0 -0.000397
6285 0 0 -0.000420
6290 0 0 -0.000498
6295 0 0 -0.000580
6300 0 0 -0.000600
6305 0 0 -0.000517
6310 0 0 -0.000390
6315 0 0 -0.000300
6320 0 0 -0.000306
6325 0 0 -0.000367
6330 0 0 -0.000420
6335 0 0 -0.000416
6340 0 0 -0.000371
6345 0 0 -0.000320
6350 0 0 -0.000290
6355 0 0 -0.000284
6360 0 0 -0.000300
6365 0 0 -0.000334
6370 0 0 -0.000373
6375 0 0 -0.000400
6380 0 0 -0.000405
6385 0 0 -0.000389
6390 0 0 -0.000360
6395 0 0 -0.000326
6400 0 0 -0.000306
6405 0 0 -0.000320
6410 0 0 -0.000377
6415 0 0 -0.000430
6420 0 0 -0.000420
6425 0 0 -0.000321
6430 0 0 -0.000236
6435 0 0 -0.000300
6440 0 0 -0.000590
6445 0 0 -0.000949
6450 0 0 -0.001160
6455 0 0 -0.001071
6460 0 0 -0.000793
6465 0 0 -0.000500
6470 0 0 -0.000330
6475 0 0 -0.000273
6480 0 0 -0.000280
6485 0 0 -0.000310
6490 0 0 -0.000347
6495 0 0 -0.000380
6500 0 0 -0.000402
6505 0 0 -0.000414
6510 0 0 -0.000420
6515 0 0 -0.000423
6520 0 0 -0.000418
6525 0 0 -0.000400
6530 0 0 -0.000367
6535 0 0 -0.000329
6540 0 0 -0.000300
6545 0 0 -0.000291
6550 0 0 -0.000304
6555 0 0 -0.000340
6560 0 0 -0.000395
6565 0 0 -0.000449
6570 0 0 -0.000480
6575 0 0 -0.000470
6580 0 0 -0.000431
6585 0 0 -0.000380
6590 0 0 -0.000333
6595 0 0 -0.000303
6600 0 0 -0.000300
6605 0 0 -0.000330
6610 0 0 -0.000382
6615 0 0 -0.000440
6620 0 0 -0.000489
6625 0 0 -0.000514
6630 0 0 -0.000500
6635 0 0 -0.000441
6640 0 0 -0.000367
6645 0 0 -0.000320
6650 0 0 -0.000325
6655 0 0 -0.000352
6660 0 0 -0.000360
6665 0 0 -0.000319
6670 0 0 -0.000264
6675 0 0 -0.000240
6680 0 0 -0.000282
6685 0 0 -0.000362
6690 0 0 -0.000440
6695 0 0 -0.000481
6700 0 0 -0.000480
6705 0 0 -0.000440
6710 0 0 -0.000370
6715 0 0 -0.000309
6720 0 0 -0.000300
6725 0 0 -0.000371
6730 0 0 -0.000477
6735 0 0 -0.000560
6740 0 0 -0.000573
6745 0 0 -0.000529
6750 0 0 -0.000460
6755 0 0 -0.000391
6760 0 0 -0.000340
6765 0 0 -0.000320
6770 0 0 -0.000337
6775 0 0 -0.000358
6780 0 0 -0.000340
6785 0 0 -0.000264
6790 0 0 -0.000199
6795 0 0 -0.000240
6800 0 0 -0.000443
6805 0 0 -0.000718
6810 0 0 -0.000940
6815 0 0 -0.001014
6820 0 0 -0.000962
6825 0 0 -0.000840
6830 0 0 -0.000700
6835 0 0 -0.000590
6840 0 0 -0.000560
6845 0 0 -0.000635
6850 0 0 -0.000756
6855 0 0 -0.000840
6860 0 0 -0.000827
6865 0 0 -0.000739
6870 0 0 -0.000620
6875 0 0 -0.000516
6880 0 0 -0.000488
6885 0 0 -0.000600
6890 0 0 -0.000875
6895 0 0 -0.001175
6900 0 0 -0.001320
6905 0 0 -0.001190
6910 0 0 -0.000899
6915 0 0 -0.000620
6920 0 0 -0.000487
6925 0 0 -0.000485
6930 0 0 -0.000560
6935 0 0 -0.000661
6940 0 0 -0.000748
6945 0 0 -0.000780
6950 0 0 -0.000736
6955 0 0 -0.000662
6960 0 0 -0.000620
6965 0 0 -0.000654
6970 0 0 -0.000732
6975 0 0 -0.000800
6980 0 0 -0.000819
6985 0 0 -0.000804
6990 0 0 -0.000780
6995 0 0 -0.000768
7000 0 0 -0.000765
7005 0 0 -0.000760
7010 0 0 -0.000744
7015 0 0 -0.000711
7020 0 0 -0.000660
7025 0 0 -0.000591
7030 0 0 -0.000528
7035 0 0 -0.000500
7040 0 0 -0.000527
7045 0 0 -0.000595
7050 0 0 -0.000680
7055 0 0 -0.000758
7060 0 0 -0.000796
7065 0 0 -0.000760
7070 0 0 -0.000633
7075 0 0 -0.000474
7080 0 0 -0.000360
7085 0 0 -0.000345
7090 0 0 -0.000392
7095 0 0 -0.000440
7100 0 0 -0.000443
7105 0 0 -0.000408
7110 0 0 -0.000360
7115 0 0 -0.000318
7120 0 0 -0.000294
7125 0 0 -0.000300
7130 0 0 -0.000337
7135 0 0 -0.000377
7140 0 0 -0.000380
7145 0 0 -0.000324
7150 0 0 -0.000241
7155 0 0 -0.000180
7160 0 0 -0.000175
7165 0 0 -0.000212
7170 0 0 -0.000260
7175 0 0 -0.000295
7180 0 0 -0.000305
7185 0 0 -0.000280
7190 0 0 -0.000221
7195 0 0 -0.000165
7200 0 0 -0.000160
7205 0 0 -0.000234
7210 0 0 -0.000341
7215 0 0 -0.000420
7220 0 0 -0.000424
7225 0 0 -0.000376
7230 0 0 -0.000320
7235 0 0 -0.000288
7240 0 0 -0.000283
7245 0 0 -0.000300
7250 0 0 -0.000330
7255 0 0 -0.000352
7260 0 0 -0.000340
7265 0 0 -0.000281
7270 0 0 -0.000212
7275 0 0 -0.000180
7280 0 0 -0.000217
7285 0 0 -0.000283
7290 0 0 -0.000320
7295 0 0 -0.000290
7300 0 0 -0.000225
7305 0 0 -0.000180
7310 0 0 -0.000191
7315 0 0 -0.000236
7320 0 0 -0.000280
7325 0 0 -0.000294
7330 0 0 -0.000283
7335 0 0 -0.000260
7340 0 0 -0.000238
7345 0 0 -0.000233
7350 0 0 -0.000260
7355 0 0 -0.000324
7360 0 0 -0.000392
7365 0 0 -0.000420
7370 0 0 -0.000381
7375 0 0 -0.000310
7380 0 0 -0.000260
7385 0 0 -0.000266
7390 0 0 -0.000306
7395 0 0 -0.000340
7400 0 0 -0.000340
7405 0 0 -0.000313
7410 0 0 -0.000280
7415 0 0 -0.000254
7420 0 0 -0.000235
7425 0 0 -0.000220
7430 0 0 -0.000207
7435 0 0 -0.000204
7440 0 0 -0.000220
7445 0 0 -0.000261
7450 0 0 -0.000308
7455 0 0 -0.000340
7460 0 0 -0.000342
7465 0 0 -0.000332
7470 0 0 -0.000340
7475 0 0 -0.000381
7480 0 0 -0.000428
7485 0 0 -0.000440
7490 0 0 -0.000392
7495 0 0 -0.000317
7500 0 0 -0.000260
7505 0 0 -0.000256
7510 0 0 -0.000291
7515 0 0 -0.000340
7520 0 0 -0.000379
7525 0 0 -0.000390
7530 0 0 -0.000360
7535 0 0 -0.000283
7540 0 0 -0.000200
7545 0 0 -0.000160
7550 0 0 -0.000197
7555 0 0 -0.000270
7560 0 0 -0.000320
7565 0 0 -0.000305
7570 0 0 -0.000251
7575 0 0 -0.000200
7580 0 0 -0.000185
7585 0 0 -0.000202
7590 0 0 -0.000240
7595 0 0 -0.000285
7600 0 0 -0.000313
7605 0 0 -0.000300
7610 0 0 -0.000239
7615 0 0 -0.000192
7620 0 0 -0.000240
7625 0 0 -0.000428
7630 0 0 -0.000664
7635 0 0 -0.000820
7640 0 0 -0.000807
7645 0 0 -0.000687
7650 0 0 -0.000560
7655 0 0 -0.000503
7660 0 0 -0.000507
7665 0 0 -0.000540
7670 0 0 -0.000573
7675 0 0 -0.000591
7680 0 0 -0.000580
7685 0 0 -0.000534
7690 0 0 -0.000472
7695 0 0 -0.000420
7700 0 0 -0.000399
7705 0 0 -0.000412
7710 0 0 -0.000460
7715 0 0 -0.000536
7720 0 0 -0.000609
7725 0 0 -0.000640
7730 0 0 -0.000609
7735 0 0 -0.000561
7740 0 0 -0.000560
7745 0 0 -0.000642
7750 0 0 -0.000741
7755 0 0 -0.000760
7760 0 0 -0.000642
7765 0 0 -0.000469
7770 0 0 -0.000360
7775 0 0 -0.000394
7780 0 0 -0.000503
7785 0 0 -0.000580
7790 0 0 -0.000547
7795 0 0 -0.000445
7800 0 0 -0.000340
7805 0 0 -0.000288
7810 0 0 -0.000287
7815 0 0 -0.000320
7820 0 0 -0.000370
7825 0 0 -0.000407
7830 0 0 -0.000400
7835 0 0 -0.000333
7840 0 0 -0.000247
7845 0 0 -0.000200
7850 0 0 -0.000231
7855 0 0 -0.000312
7860 0 0 -0.000400
7865 0 0 -0.000456
7870 0 0 -0.000465
7875 0 0 -0.000420
7880 0 0 -0.000333
7885 0 0 -0.000306
7890 0 0 -0.000460
7895 0 0 -0.000853
7900 0 0 -0.001277
7905 0 0 -0.001460
7910 0 0 -0.001222
7915 0 0 -0.000758
7920 0 0 -0.000360
7925 0 0 -0.000242
7930 0 0 -0.000321
7935 0 0 -0.000440
7940 0 0 -0.000476
7945 0 0 -0.000446
7950 0 0 -0.000400
7955 0 0 -0.000379
7960 0 0 -0.000377
7965 0 0 -0.000380
7970 0 0 -0.000374
7975 0 0 -0.000355
7980 0 0 -0.000320
7985 0 0 -0.000273
7990 0 0 -0.000237
7995 0 0 -0.000240
8000 0 0 -0.000298
8005 0 0 -0.000379
8010 0 0 -0.000440
8015 0 0 -0.000447
8020 0 0 -0.000413
8025 0 0 -0.000360
8030 0 0 -0.000314
8035 0 0 -0.000308
8040 0 0 -0.000380
8045 0 0 -0.000540
8050 0 0 -0.000704
8055 0 0 -0.000760
8060 0 0 -0.000639
8065 0 0 -0.000430
8070 0 0 -0.000260
8075 0 0 -0.000224
8080 0 0 -0.000282
8085 0 0 -0.000360
8090 0 0 -0.000399
8095 0 0 -0.000405
8100 0 0 -0.000400
8105 0 0 -0.000397
8110 0 0 -0.000379
8115 0 0 -0.000320
8120 0 0 -0.000218
8125 0 0 -0.000161
8130 0 0 -0.000260
8135 0 0 -0.000580
8140 0 0 -0.001001
8145 0 0 -0.001360
8150 0 0 -0.001525
8155 0 0 -0.001499
8160 0 0 -0.001320
8165 0 0 -0.001036
8170 0 0 -0.000741
8175 0 0 -0.000540
8180 0 0 -0.000508
8185 0 0 -0.000595
8190 0 0 -0.000720
8195 0 0 -0.000812
8200 0 0 -0.000844
8205 0 0 -0.000800
8210 0 0 -0.000673
8215 0 0 -0.000503
8220 0 0 -0.000340
8225 0 0 -0.000232
8230 0 0 -0.000224
8235 0 0 -0.000360
8240 0 0 -0.000655
8245 0 0 -0.001011
8250 0 0 -0.001300
8255 0 0 -0.001422
8260 0 0 -0.001385
8265 0 0 -0.001220
8270 0 0 -0.000972
8275 0 0 -0.000727
8280 0 0 -0.000580
8285 0 0 -0.000593
8290 0 0 -0.000695
8295 0 0 -0.000780
8300 0 0 -0.000771
8305 0 0 -0.000693
8310 0 0 -0.000600
8315 0 0 -0.000535
8320 0 0 -0.000508
8325 0 0 -0.000520
8330 0 0 -0.000566
8335 0 0 -0.000617
8340 0 0 -0.000640
8345 0 0 -0.000610
8350 0 0 -0.000547
8355 0 0 -0.000480
8360 0 0 -0.000435
8365 0 0 -0.000425
8370 0 0 -0.000460
8375 0 0 -0.000539
8380 0 0 -0.000622
8385 0 0 -0.000660
8390 0 0 -0.000622
8395 0 0 -0.000544
8400 0 0 -0.000480
8405 0 0 -0.000475
8410 0 0 -0.000536
8415 0 0 -0.000660
8420 0 0 -0.000832
8425 0 0 -0.000985
8430 0 0 -0.001040
8435 0 0 -0.000946
8440 0 0 -0.000773
8445 0 0 -0.000620
8450 0 0 -0.000559
8455 0 0 -0.000553
8460 0 0 -0.000540
8465 0 0 -0.000475
8470 0 0 -0.000386
8475 0 0 -0.000320
8480 0 0 -0.000312
8485 0 0 -0.000358
8490 0 0 -0.000440
8495 0 0 -0.000541
8500 0 0 -0.000632
8505 0 0 -0.000680
8510 0 0 -0.000665
8515 0 0 -0.000613
8520 0 0 -0.000560
8525 0 0 -0.000535
8530 0 0 -0.000537
8535 0 0 -0.000560
8540 0 0 -0.000593
8545 0 0 -0.000614
8550 0 0 -0.000600
8555 0 0 -0.000537
8560 0 0 -0.000462
8565 0 0 -0.000420
8570 0 0 -0.000443
8575 0 0 -0.000499
8580 0 0 -0.000540
8585 0 0 -0.000529
8590 0 0 -0.000470
8595 0 0 -0.000380
8600 0 0 -0.000277
8605 0 0 -0.000192
8610 0 0 -0.000160
8615 0 0 -0.000201
8620 0 0 -0.000273
8625 0 0 -0.000320
8630 0 0 -0.000302
8635 0 0 -0.000247
8640 0 0 -0.000200
8645 0 0 -0.000195
8650 0 0 -0.000222
8655 0 0 -0.000260
8660 0 0 -0.000290
8665 0 0 -0.000305
8670 0 0 -0.000300
8675 0 0 -0.000277
8680 0 0 -0.000255
8685 0 0 -0.000260
8690 0 0 -0.000307
8695 0 0 -0.000367
8700 0 0 -0.000400
8705 0 0 -0.000379
8710 0 0 -0.000327
8715 0 0 -0.000280
8720 0 0 -0.000265
8725 0 0 -0.000277
8730 0 0 -0.000300
8735 0 0 -0.000320
8740 0 0 -0.000325
8745 0 0 -0.000300
8750 0 0 -0.000242
8755 0 0 -0.000182
8760 0 0 -0.000160
8765 0 0 -0.000201
8770 0 0 -0.000271
8775 0 0 -0.000320
8780 0 0 -0.000312
8785 0 0 -0.000267
8790 0 0 -0.000220
8795 0 0 -0.000198
8800 0 0 -0.000205
8805 0 0 -0.000240
8810 0 0 -0.000296
8815 0 0 -0.000347
8820 0 0 -0.000360
8825 0 0 -0.000319
8830 0 0 -0.000262
8835 0 0 -0.000240
8840 0 0 -0.000288
8845 0 0 -0.000367
8850 0 0 -0.000420
8855 0 0 -0.000405
8860 0 0 -0.000345
8865 0 0 -0.000280
8870 0 0 -0.000242
8875 0 0 -0.000231
8880 0 0 -0.000240
8885 0 0 -0.000263
8890 0 0 -0.000292
8895 0 0 -0.000320
8900 0 0 -0.000341
8905 0 0 -0.000354
8910 0 0 -0.000360
8915 0 0 -0.000358
8920 0 0 -0.000341
8925 0 0 -0.000300
8930 0 0 -0.000234
8935 0 0 -0.000180
8940 0 0 -0.000180
8945 0 0 -0.000261
8950 0 0 -0.000371
8955 0 0 -0.000440
8960 0 0 -0.000419
8965 0 0 -0.000346
8970 0 0 -0.000280
8975 0 0 -0.000265
8980 0 0 -0.000287
8985 0 0 -0.000320
8990 0 0 -0.000339
8995 0 0 -0.000335
9000 0 0 -0.000300
9005 0 0 -0.000236
9010 0 0 -0.000175
9015 0 0 -0.000160
9020 0 0 -0.000213
9025 0 0 -0.000288
9030 0 0 -0.000320
9035 0 0 -0.000267
9040 0 0 -0.000182
9045 0 0 -0.000140
9050 0 0 -0.000192
9055 0 0 -0.000286
9060 0 0 -0.000340
9065 0 0 -0.000304
9070 0 0 -0.000235
9075 0 0 -0.000220
9080 0 0 -0.000316
9085 0 0 -0.000475
9090 0 0 -0.000620
9095 0 0 -0.000689
9100 0 0 -0.000679
9105 0 0 -0.000600
9110 0 0 -0.000470
9115 0 0 -0.000338
9120 0 0 -0.000260
9125 0 0 -0.000272
9130 0 0 -0.000328
9135 0 0 -0.000360
9140 0 0 -0.000323
9145 0 0 -0.000251
9150 0 0 -0.000200
9155 0 0 -0.000212
9160 0 0 -0.000269
9165 0 0 -0.000340
9170 0 0 -0.000398
9175 0 0 -0.000428
9180 0 0 -0.000420
9185 0 0 -0.000371
9190 0 0 -0.000307
9195 0 0 -0.000260
9200 0 0 -0.000253
9205 0 0 -0.000273
9210 0 0 -0.000300
9215 0 0 -0.000317
9220 0 0 -0.000333
9225 0 0 -0.000360
9230 0 0 -0.000405
9235 0 0 -0.000443
9240 0 0 -0.000440
9245 0 0 -0.000379
9250 0 0 -0.000305
9255 0 0 -0.000280
9260 0 0 -0.000345
9265 0 0 -0.000464
9270 0 0 -0.000580
9275 0 0 -0.000648
9280 0 0 -0.000665
9285 0 0 -0.000640
9290 0 0 -0.000583
9295 0 0 -0.000505
9300 0 0 -0.000420
9305 0 0 -0.000345
9310 0 0 -0.000312
9315 0 0 -0.000360
9320 0 0 -0.000505
9325 0 0 -0.000685
9330 0 0 -0.000820
9335 0 0 -0.000853
9340 0 0 -0.000835
9345 0 0 -0.000840
9350 0 0 -0.000922
9355 0 0 -0.001037
9360 0 0 -0.001120
9365 0 0 -0.001118
9370 0 0 -0.001033
9375 0 0 -0.000880
9380 0 0 -0.000685
9385 0 0 -0.000523
9390 0 0 -0.000480
9395 0 0 -0.000608
9400 0 0 -0.000826
9405 0 0 -0.001020
9410 0 0 -0.001099
9415 0 0 -0.001065
9420 0 0 -0.000940
9425 0 0 -0.000755
9430 0 0 -0.000563
9435 0 0 -0.000420
9440 0 0 -0.000368
9445 0 0 -0.000377
9450 0 0 -0.000400
9455 0 0 -0.000402
9460 0 0 -0.000394
9465 0 0 -0.000400
9470 0 0 -0.000435
9475 0 0 -0.000483
9480 0 0 -0.000520
9485 0 0 -0.000528
9490 0 0 -0.000516
9495 0 0 -0.000500
9500 0 0 -0.000492
9505 0 0 -0.000487
9510 0 0 -0.000480
9515 0 0 -0.000466
9520 0 0 -0.000455
9525 0 0 -0.000460
9530 0 0 -0.000488
9535 0 0 -0.000523
9540 0 0 -0.000540
9545 0 0 -0.000523
9550 0 0 -0.000484
9555 0 0 -0.000440
9560 0 0 -0.000406
9565 0 0 -0.000386
9570 0 0 -0.000380
9575 0 0 -0.000389
9580 0 0 -0.000410
9585 0 0 -0.000440
9590 0 0 -0.000476
9595 0 0 -0.000512
9600 0 0 -0.000540
9605 0 0 -0.000555
9610 0 0 -0.000559
9615 0 0 -0.000560
9620 0 0 -0.000561
9625 0 0 -0.000562
9630 0 0 -0.000560
9635 0 0 -0.000554
9640 0 0 -0.000542
9645 0 0 -0.000520
9650 0 0 -0.000489
9655 0 0 -0.000458
9660 0 0 -0.000440
9665 0 0 -0.000442
9670 0 0 -0.000459
9675 0 0 -0.000480
9680 0 0 -0.000494
9685 0 0 -0.000481
9690 0 0 -0.000420
9695 0 0 -0.000318
9700 0 0 -0.000305
9705 0 0 -0.000540
9710 0 0 -0.001129
9715 0 0 -0.001962
9720 0 0 -0.002880
9725 0 0 -0.003701
9730 0 0 -0.004172
9735 0 0 -0.004020
9740 0 0 -0.003113
9745 0 0 -0.001872
9750 0 0 -0.000860
9755 0 0 -0.000490
9760 0 0 -0.000590
9765 0 0 -0.000840
9770 0 0 -0.000980
9775 0 0 -0.000993
9780 0 0 -0.000920
9785 0 0 -0.000802
9790 0 0 -0.000677
9795 0 0 -0.000580
9800 0 0 -0.000539
9805 0 0 -0.000545
9810 0 0 -0.000580
9815 0 0 -0.000625
9820 0 0 -0.000659
9825 0 0 -0.000660
9830 0 0 -0.000614
9835 0 0 -0.000549
9840 0 0 -0.000500
9845 0 0 -0.000495
9850 0 0 -0.000527
9855 0 0 -0.000580
9860 0 0 -0.000639
9865 0 0 -0.000691
9870 0 0 -0.000720
9875 0 0 -0.000719
9880 0 0 -0.000700
9885 0 0 -0.000680
9890 0 0 -0.000672
9895 0 0 -0.000674
9900 0 0 -0.000680
9905 0 0 -0.000683
9910 0 0 -0.000678
9915 0 0 -0.000660
9920 0 0 -0.000628
9925 0 0 -0.000590
9930 0 0 -0.000560
9935 0 0 -0.000547
9940 0 0 -0.000548
9945 0 0 -0.000560
9950 0 0 -0.000576
9955 0 0 -0.000587
9960 0 0 -0.000580
9965 0 0 -0.000549
9970 0 0 -0.000510
9975 0 0 -0.000480
9980 0 0 -0.000475
9985 0 0 -0.000486
9990 0 0 -0.000500
9995 0 0 -0.000507
10000 0 0 -0.000512
10005 0 0 -0.000520
10010 0 0 -0.000536
10015 0 0 -0.000548
10020 0 0 -0.000540
10025 0 0 -0.000502
10030 0 0 -0.000443
10035 0 0 -0.000380
10040 0 0 -0.000326
10045 0 0 -0.000290
10050 0 0 -0.000280
10055 0 0 -0.000301
10060 0 0 -0.000340
10065 0 0 -0.000380
10070 0 0 -0.000405
10075 0 0 -0.000397
