0 0 0 -0.000054
5 0 0 -0.000087
10 0 0 -0.000114
15 0 0 -0.000132
20 0 0 -0.000142
25 0 0 -0.000142
30 0 0 -0.000132
35 0 0 -0.000113
40 0 0 -0.000092
45 0 0 -0.000078
50 0 0 -0.000079
55 0 0 -0.000091
60 0 0 -0.000108
65 0 0 -0.000125
70 0 0 -0.000135
75 0 0 -0.000132
80 0 0 -0.000112
85 0 0 -0.000083
90 0 0 -0.000060
95 0 0 -0.000051
100 0 0 -0.000055
105 0 0 -0.000066
110 0 0 -0.000081
115 0 0 -0.000094
120 0 0 -0.000102
125 0 0 -0.000101
130 0 0 -0.000092
135 0 0 -0.000078
140 0 0 -0.000063
145 0 0 -0.000053
150 0 0 -0.000054
155 0 0 -0.000070
160 0 0 -0.000093
165 0 0 -0.000114
170 0 0 -0.000125
175 0 0 -0.000125
180 0 0 -0.000114
185 0 0 -0.000095
190 0 0 -0.000077
195 0 0 -0.000072
200 0 0 -0.000086
205 0 0 -0.000111
210 0 0 -0.000132
215 0 0 -0.000140
220 0 0 -0.000137
225 0 0 -0.000126
230 0 0 -0.000113
235 0 0 -0.000100
240 0 0 -0.000090
245 0 0 -0.000085
250 0 0 -0.000086
255 0 0 -0.000090
260 0 0 -0.000097
265 0 0 -0.000104
270 0 0 -0.000108
275 0 0 -0.000107
280 0 0 -0.000103
285 0 0 -0.000102
290 0 0 -0.000106
295 0 0 -0.000110
300 0 0 -0.000108
305 0 0 -0.000096
310 0 0 -0.000080
315 0 0 -0.000066
320 0 0 -0.000060
325 0 0 -0.000065
330 0 0 -0.000078
335 0 0 -0.000099
340 0 0 -0.000120
345 0 0 -0.000132
350 0 0 -0.000128
355 0 0 -0.000113
360 0 0 -0.000096
365 0 0 -0.000085
370 0 0 -0.000082
375 0 0 -0.000090
380 0 0 -0.000108
385 0 0 -0.000125
390 0 0 -0.000126
395 0 0 -0.000104
400 0 0 -0.000071
405 0 0 -0.000048
410 0 0 -0.000048
415 0 0 -0.000064
420 0 0 -0.000084
425 0 0 -0.000097
430 0 0 -0.000099
435 0 0 -0.000090
440 0 0 -0.000069
445 0 0 -0.000049
450 0 0 -0.000042
455 0 0 -0.000057
460 0 0 -0.000083
465 0 0 -0.000102
470 0 0 -0.000101
475 0 0 -0.000086
480 0 0 -0.000066
485 0 0 -0.000052
490 0 0 -0.000056
495 0 0 -0.000090
500 0 0 -0.000159
505 0 0 -0.000229
510 0 0 -0.000258
515 0 0 -0.000220
520 0 0 -0.000149
525 0 0 -0.000096
530 0 0 -0.000096
535 0 0 -0.000129
540 0 0 -0.000162
545 0 0 -0.000168
550 0 0 -0.000153
555 0 0 -0.000132
560 0 0 -0.000117
565 0 0 -0.000110
570 0 0 -0.000114
575 0 0 -0.000126
580 0 0 -0.000137
585 0 0 -0.000132
590 0 0 -0.000106
595 0 0 -0.000078
600 0 0 -0.000072
605 0 0 -0.000105
610 0 0 -0.000154
615 0 0 -0.000186
620 0 0 -0.000179
625 0 0 -0.000150
630 0 0 -0.000126
635 0 0 -0.000128
640 0 0 -0.000155
645 0 0 -0.000204
650 0 0 -0.000266
655 0 0 -0.000321
660 0 0 -0.000348
665 0 0 -0.000337
670 0 0 -0.000334
675 0 0 -0.000396
680 0 0 -0.000556
685 0 0 -0.000743
690 0 0 -0.000858
695 0 0 -0.000835
700 0 0 -0.000736
705 0 0 -0.000654
710 0 0 -0.000654
715 0 0 -0.000685
720 0 0 -0.000666
725 0 0 -0.000544
730 0 0 -0.000368
735 0 0 -0.000216
740 0 0 -0.000144
745 0 0 -0.000133
750 0 0 -0.000144
755 0 0 -0.000146
760 0 0 -0.000139
765 0 0 -0.000132
770 0 0 -0.000130
775 0 0 -0.000132
780 0 0 -0.000132
785 0 0 -0.000129
790 0 0 -0.000125
795 0 0 -0.000126
800 0 0 -0.000134
805 0 0 -0.000144
810 0 0 -0.000150
815 0 0 -0.000147
820 0 0 -0.000136
825 0 0 -0.000120
830 0 0 -0.000104
835 0 0 -0.000094
840 0 0 -0.000096
845 0 0 -0.000114
850 0 0 -0.000136
855 0 0 -0.000144
860 0 0 -0.000129
865 0 0 -0.000109
870 0 0 -0.000108
875 0 0 -0.000142
880 0 0 -0.000187
885 0 0 -0.000210
890 0 0 -0.000190
895 0 0 -0.000153
900 0 0 -0.000138
905 0 0 -0.000177
910 0 0 -0.000271
915 0 0 -0.000414
920 0 0 -0.000590
925 0 0 -0.000752
930 0 0 -0.000840
935 0 0 -0.000818
940 0 0 -0.000729
945 0 0 -0.000636
950 0 0 -0.000587
955 0 0 -0.000578
960 0 0 -0.000588
965 0 0 -0.000601
970 0 0 -0.000612
975 0 0 -0.000618
980 0 0 -0.000618
985 0 0 -0.000615
990 0 0 -0.000612
995 0 0 -0.000614
1000 0 0 -0.000622
1005 0 0 -0.000636
1010 0 0 -0.000658
1015 0 0 -0.000686
1020 0 0 -0.000720
1025 0 0 -0.000756
1030 0 0 -0.000782
1035 0 0 -0.000786
1040 0 0 -0.000760
1045 0 0 -0.000726
1050 0 0 -0.000708
1055 0 0 -0.000726
1060 0 0 -0.000760
1065 0 0 -0.000786
1070 0 0 -0.000784
1075 0 0 -0.000768
1080 0 0 -0.000762
1085 0 0 -0.000778
1090 0 0 -0.000793
1095 0 0 -0.000774
1100 0 0 -0.000702
1105 0 0 -0.000603
1110 0 0 -0.000516
1115 0 0 -0.000476
1120 0 0 -0.000493
1125 0 0 -0.000576
1130 0 0 -0.000718
1135 0 0 -0.000866
1140 0 0 -0.000954
1145 0 0 -0.000933
1150 0 0 -0.000829
1155 0 0 -0.000684
1160 0 0 -0.000536
1165 0 0 -0.000407
1170 0 0 -0.000312
1175 0 0 -0.000264
1180 0 0 -0.000258
1185 0 0 -0.000282
1190 0 0 -0.000325
1195 0 0 -0.000369
1200 0 0 -0.000396
1205 0 0 -0.000394
1210 0 0 -0.000372
1215 0 0 -0.000348
1220 0 0 -0.000333
1225 0 0 -0.000326
1230 0 0 -0.000318
1235 0 0 -0.000305
1240 0 0 -0.000289
1245 0 0 -0.000270
1250 0 0 -0.000252
1255 0 0 -0.000235
1260 0 0 -0.000222
1265 0 0 -0.000213
1270 0 0 -0.000209
1275 0 0 -0.000210
1280 0 0 -0.000217
1285 0 0 -0.000226
1290 0 0 -0.000234
1295 0 0 -0.000237
1300 0 0 -0.000237
1305 0 0 -0.000234
1310 0 0 -0.000230
1315 0 0 -0.000228
1320 0 0 -0.000228
1325 0 0 -0.000232
1330 0 0 -0.000234
1335 0 0 -0.000228
1340 0 0 -0.000211
1345 0 0 -0.000195
1350 0 0 -0.000198
1355 0 0 -0.000228
1360 0 0 -0.000262
1365 0 0 -0.000270
1370 0 0 -0.000234
1375 0 0 -0.000184
1380 0 0 -0.000162
1385 0 0 -0.000196
1390 0 0 -0.000255
1395 0 0 -0.000294
1400 0 0 -0.000279
1405 0 0 -0.000229
1410 0 0 -0.000174
1415 0 0 -0.000138
1420 0 0 -0.000119
1425 0 0 -0.000108
1430 0 0 -0.000098
1435 0 0 -0.000092
1440 0 0 -0.000096
1445 0 0 -0.000112
1450 0 0 -0.000133
1455 0 0 -0.000150
1460 0 0 -0.000155
1465 0 0 -0.000150
1470 0 0 -0.000138
1475 0 0 -0.000123
1480 0 0 -0.000110
1485 0 0 -0.000102
1490 0 0 -0.000104
1495 0 0 -0.000111
1500 0 0 -0.000120
1505 0 0 -0.000126
1510 0 0 -0.000125
1515 0 0 -0.000114
1520 0 0 -0.000093
1525 0 0 -0.000071
1530 0 0 -0.000060
1535 0 0 -0.000069
1540 0 0 -0.000089
1545 0 0 -0.000108
1550 0 0 -0.000116
1555 0 0 -0.000114
1560 0 0 -0.000102
1565 0 0 -0.000084
1570 0 0 -0.000068
1575 0 0 -0.000060
1580 0 0 -0.000067
1585 0 0 -0.000085
1590 0 0 -0.000108
1595 0 0 -0.000130
1600 0 0 -0.000145
1605 0 0 -0.000144
1610 0 0 -0.000124
1615 0 0 -0.000099
1620 0 0 -0.000084
1625 0 0 -0.000092
1630 0 0 -0.000113
1635 0 0 -0.000132
1640 0 0 -0.000137
1645 0 0 -0.000131
1650 0 0 -0.000120
1655 0 0 -0.000108
1660 0 0 -0.000098
1665 0 0 -0.000090
1670 0 0 -0.000086
1675 0 0 -0.000086
1680 0 0 -0.000090
1685 0 0 -0.000097
1690 0 0 -0.000106
1695 0 0 -0.000114
1700 0 0 -0.000119
1705 0 0 -0.000121
1710 0 0 -0.000120
1715 0 0 -0.000116
1720 0 0 -0.000113
1725 0 0 -0.000114
1730 0 0 -0.000121
1735 0 0 -0.000128
1740 0 0 -0.000126
1745 0 0 -0.000110
1750 0 0 -0.000089
1755 0 0 -0.000078
1760 0 0 -0.000086
1765 0 0 -0.000106
1770 0 0 -0.000126
1775 0 0 -0.000138
1780 0 0 -0.000140
1785 0 0 -0.000132
1790 0 0 -0.000116
1795 0 0 -0.000099
1800 0 0 -0.000090
1805 0 0 -0.000094
1810 0 0 -0.000104
1815 0 0 -0.000114
1820 0 0 -0.000115
1825 0 0 -0.000109
1830 0 0 -0.000096
1835 0 0 -0.000080
1840 0 0 -0.000067
1845 0 0 -0.000066
1850 0 0 -0.000082
1855 0 0 -0.000102
1860 0 0 -0.000114
1865 0 0 -0.000106
1870 0 0 -0.000088
1875 0 0 -0.000072
1880 0 0 -0.000069
1885 0 0 -0.000077
1890 0 0 -0.000090
1895 0 0 -0.000102
1900 0 0 -0.000110
1905 0 0 -0.000108
1910 0 0 -0.000096
1915 0 0 -0.000083
1920 0 0 -0.000084
1925 0 0 -0.000106
1930 0 0 -0.000133
1935 0 0 -0.000144
1940 0 0 -0.000125
1945 0 0 -0.000098
1950 0 0 -0.000096
1955 0 0 -0.000138
1960 0 0 -0.000196
1965 0 0 -0.000234
1970 0 0 -0.000223
1975 0 0 -0.000180
1980 0 0 -0.000132
1985 0 0 -0.000101
1990 0 0 -0.000088
1995 0 0 -0.000090
2000 0 0 -0.000102
2005 0 0 -0.000117
2010 0 0 -0.000126
2015 0 0 -0.000123
2020 0 0 -0.000111
2025 0 0 -0.000096
2030 0 0 -0.000084
2035 0 0 -0.000084
2040 0 0 -0.000108
2045 0 0 -0.000158
2050 0 0 -0.000209
2055 0 0 -0.000228
2060 0 0 -0.000194
2065 0 0 -0.000134
2070 0 0 -0.000084
2075 0 0 -0.000073
2080 0 0 -0.000091
2085 0 0 -0.000120
2090 0 0 -0.000143
2095 0 0 -0.000154
2100 0 0 -0.000150
2105 0 0 -0.000131
2110 0 0 -0.000106
2115 0 0 -0.000090
2120 0 0 -0.000092
2125 0 0 -0.000112
2130 0 0 -0.000144
2135 0 0 -0.000183
2140 0 0 -0.000217
2145 0 0 -0.000234
2150 0 0 -0.000226
2155 0 0 -0.000202
2160 0 0 -0.000174
2165 0 0 -0.000153
2170 0 0 -0.000139
2175 0 0 -0.000132
2180 0 0 -0.000129
2185 0 0 -0.000129
2190 0 0 -0.000132
2195 0 0 -0.000136
2200 0 0 -0.000140
2205 0 0 -0.000144
2210 0 0 -0.000146
2215 0 0 -0.000142
2220 0 0 -0.000126
2225 0 0 -0.000098
2230 0 0 -0.000083
2235 0 0 -0.000108
2240 0 0 -0.000190
2245 0 0 -0.000286
2250 0 0 -0.000342
2255 0 0 -0.000319
2260 0 0 -0.000249
2265 0 0 -0.000180
2270 0 0 -0.000150
2275 0 0 -0.000146
2280 0 0 -0.000144
2285 0 0 -0.000126
2290 0 0 -0.000104
2295 0 0 -0.000096
2300 0 0 -0.000113
2305 0 0 -0.000141
2310 0 0 -0.000156
2315 0 0 -0.000144
2320 0 0 -0.000120
2325 0 0 -0.000108
2330 0 0 -0.000127
2335 0 0 -0.000183
2340 0 0 -0.000282
2345 0 0 -0.000416
2350 0 0 -0.000537
2355 0 0 -0.000588
2360 0 0 -0.000531
2365 0 0 -0.000413
2370 0 0 -0.000300
2375 0 0 -0.000244
2380 0 0 -0.000238
2385 0 0 -0.000258
2390 0 0 -0.000283
2395 0 0 -0.000304
2400 0 0 -0.000312
2405 0 0 -0.000304
2410 0 0 -0.000289
2415 0 0 -0.000282
2420 0 0 -0.000292
2425 0 0 -0.000311
2430 0 0 -0.000324
2435 0 0 -0.000322
2440 0 0 -0.000308
2445 0 0 -0.000288
2450 0 0 -0.000269
2455 0 0 -0.000256
2460 0 0 -0.000258
2465 0 0 -0.000276
2470 0 0 -0.000296
2475 0 0 -0.000300
2480 0 0 -0.000278
2485 0 0 -0.000252
2490 0 0 -0.000252
2495 0 0 -0.000296
2500 0 0 -0.000363
2505 0 0 -0.000420
2510 0 0 -0.000443
2515 0 0 -0.000440
2520 0 0 -0.000426
2525 0 0 -0.000414
2530 0 0 -0.000402
2535 0 0 -0.000384
2540 0 0 -0.000358
2545 0 0 -0.000324
2550 0 0 -0.000288
2555 0 0 -0.000253
2560 0 0 -0.000228
2565 0 0 -0.000222
2570 0 0 -0.000240
2575 0 0 -0.000268
2580 0 0 -0.000288
2585 0 0 -0.000288
2590 0 0 -0.000272
2595 0 0 -0.000252
2600 0 0 -0.000235
2605 0 0 -0.000222
2610 0 0 -0.000210
2615 0 0 -0.000198
2620 0 0 -0.000187
2625 0 0 -0.000180
2630 0 0 -0.000178
2635 0 0 -0.000179
2640 0 0 -0.000180
2645 0 0 -0.000181
2650 0 0 -0.000186
2655 0 0 -0.000204
2660 0 0 -0.000237
2665 0 0 -0.000276
2670 0 0 -0.000306
2675 0 0 -0.000317
2680 0 0 -0.000313
2685 0 0 -0.000300
2690 0 0 -0.000283
2695 0 0 -0.000265
2700 0 0 -0.000246
2705 0 0 -0.000228
2710 0 0 -0.000212
2715 0 0 -0.000198
2720 0 0 -0.000186
2725 0 0 -0.000181
2730 0 0 -0.000186
2735 0 0 -0.000203
2740 0 0 -0.000221
2745 0 0 -0.000228
2750 0 0 -0.000215
2755 0 0 -0.000191
2760 0 0 -0.000168
2765 0 0 -0.000157
2770 0 0 -0.000156
2775 0 0 -0.000162
2780 0 0 -0.000170
2785 0 0 -0.000174
2790 0 0 -0.000168
2795 0 0 -0.000150
2800 0 0 -0.000128
2805 0 0 -0.000114
2810 0 0 -0.000115
2815 0 0 -0.000125
2820 0 0 -0.000132
2825 0 0 -0.000129
2830 0 0 -0.000118
2835 0 0 -0.000102
2840 0 0 -0.000086
2845 0 0 -0.000076
2850 0 0 -0.000078
2855 0 0 -0.000096
2860 0 0 -0.000117
2865 0 0 -0.000126
2870 0 0 -0.000113
2875 0 0 -0.000089
2880 0 0 -0.000072
2885 0 0 -0.000075
2890 0 0 -0.000091
2895 0 0 -0.000108
2900 0 0 -0.000116
2905 0 0 -0.000113
2910 0 0 -0.000102
2915 0 0 -0.000085
2920 0 0 -0.000071
2925 0 0 -0.000072
2930 0 0 -0.000092
2935 0 0 -0.000117
2940 0 0 -0.000126
2945 0 0 -0.000106
2950 0 0 -0.000072
2955 0 0 -0.000048
2960 0 0 -0.000049
2965 0 0 -0.000066
2970 0 0 -0.000084
2975 0 0 -0.000090
2980 0 0 -0.000086
2985 0 0 -0.000078
2990 0 0 -0.000073
2995 0 0 -0.000073
3000 0 0 -0.000084
3005 0 0 -0.000105
3010 0 0 -0.000126
3015 0 0 -0.000132
3020 0 0 -0.000116
3025 0 0 -0.000090
3030 0 0 -0.000072
3035 0 0 -0.000076
3040 0 0 -0.000092
3045 0 0 -0.000108
3050 0 0 -0.000111
3055 0 0 -0.000104
3060 0 0 -0.000090
3065 0 0 -0.000074
3070 0 0 -0.000062
3075 0 0 -0.000060
3080 0 0 -0.000072
3085 0 0 -0.000090
3090 0 0 -0.000102
3095 0 0 -0.000100
3100 0 0 -0.000089
3105 0 0 -0.000078
3110 0 0 -0.000075
3115 0 0 -0.000080
3120 0 0 -0.000090
3125 0 0 -0.000103
3130 0 0 -0.000116
3135 0 0 -0.000126
3140 0 0 -0.000130
3145 0 0 -0.000131
3150 0 0 -0.000132
3155 0 0 -0.000136
3160 0 0 -0.000138
3165 0 0 -0.000132
3170 0 0 -0.000114
3175 0 0 -0.000091
3180 0 0 -0.000072
3185 0 0 -0.000065
3190 0 0 -0.000068
3195 0 0 -0.000078
3200 0 0 -0.000090
3205 0 0 -0.000096
3210 0 0 -0.000090
3215 0 0 -0.000068
3220 0 0 -0.000046
3225 0 0 -0.000042
3230 0 0 -0.000069
3235 0 0 -0.000108
3240 0 0 -0.000132
3245 0 0 -0.000124
3250 0 0 -0.000099
3255 0 0 -0.000078
3260 0 0 -0.000079
3265 0 0 -0.000093
3270 0 0 -0.000108
3275 0 0 -0.000112
3280 0 0 -0.000106
3285 0 0 -0.000096
3290 0 0 -0.000085
3295 0 0 -0.000078
3300 0 0 -0.000078
3305 0 0 -0.000087
3310 0 0 -0.000096
3315 0 0 -0.000096
3320 0 0 -0.000080
3325 0 0 -0.000059
3330 0 0 -0.000048
3335 0 0 -0.000057
3340 0 0 -0.000076
3345 0 0 -0.000090
3350 0 0 -0.000090
3355 0 0 -0.000082
3360 0 0 -0.000078
3365 0 0 -0.000086
3370 0 0 -0.000097
3375 0 0 -0.000102
3380 0 0 -0.000094
3385 0 0 -0.000085
3390 0 0 -0.000096
3395 0 0 -0.000136
3400 0 0 -0.000186
3405 0 0 -0.000216
3410 0 0 -0.000207
3415 0 0 -0.000171
3420 0 0 -0.000126
3425 0 0 -0.000089
3430 0 0 -0.000066
3435 0 0 -0.000060
3440 0 0 -0.000073
3445 0 0 -0.000093
3450 0 0 -0.000108
3455 0 0 -0.000107
3460 0 0 -0.000095
3465 0 0 -0.000078
3470 0 0 -0.000065
3475 0 0 -0.000064
3480 0 0 -0.000084
3485 0 0 -0.000128
3490 0 0 -0.000174
3495 0 0 -0.000192
3500 0 0 -0.000164
3505 0 0 -0.000113
3510 0 0 -0.000072
3515 0 0 -0.000065
3520 0 0 -0.000088
3525 0 0 -0.000126
3530 0 0 -0.000168
3535 0 0 -0.000205
3540 0 0 -0.000228
3545 0 0 -0.000230
3550 0 0 -0.000210
3555 0 0 -0.000168
3560 0 0 -0.000111
3565 0 0 -0.000068
3570 0 0 -0.000072
3575 0 0 -0.000141
3580 0 0 -0.000230
3585 0 0 -0.000276
3590 0 0 -0.000237
3595 0 0 -0.000154
3600 0 0 -0.000084
3605 0 0 -0.000073
3610 0 0 -0.000102
3615 0 0 -0.000138
3620 0 0 -0.000155
3625 0 0 -0.000156
3630 0 0 -0.000150
3635 0 0 -0.000146
3640 0 0 -0.000144
3645 0 0 -0.000144
3650 0 0 -0.000145
3655 0 0 -0.000146
3660 0 0 -0.000144
3665 0 0 -0.000139
3670 0 0 -0.000129
3675 0 0 -0.000114
3680 0 0 -0.000094
3685 0 0 -0.000077
3690 0 0 -0.000072
3695 0 0 -0.000085
3700 0 0 -0.000104
3705 0 0 -0.000114
3710 0 0 -0.000104
3715 0 0 -0.000089
3720 0 0 -0.000090
3725 0 0 -0.000119
3730 0 0 -0.000163
3735 0 0 -0.000198
3740 0 0 -0.000208
3745 0 0 -0.000197
3750 0 0 -0.000174
3755 0 0 -0.000148
3760 0 0 -0.000128
3765 0 0 -0.000126
3770 0 0 -0.000146
3775 0 0 -0.000172
3780 0 0 -0.000180
3785 0 0 -0.000162
3790 0 0 -0.000158
3795 0 0 -0.000222
3800 0 0 -0.000388
3805 0 0 -0.000607
3810 0 0 -0.000810
3815 0 0 -0.000940
3820 0 0 -0.000978
3825 0 0 -0.000918
3830 0 0 -0.000767
3835 0 0 -0.000591
3840 0 0 -0.000468
3845 0 0 -0.000455
3850 0 0 -0.000512
3855 0 0 -0.000576
3860 0 0 -0.000597
3865 0 0 -0.000580
3870 0 0 -0.000540
3875 0 0 -0.000493
3880 0 0 -0.000447
3885 0 0 -0.000408
3890 0 0 -0.000383
3895 0 0 -0.000380
3900 0 0 -0.000408
3905 0 0 -0.000477
3910 0 0 -0.000607
3915 0 0 -0.000816
3920 0 0 -0.001101
3925 0 0 -0.001361
3930 0 0 -0.001470
3935 0 0 -0.001350
3940 0 0 -0.001117
3945 0 0 -0.000936
3950 0 0 -0.000922
3955 0 0 -0.000991
3960 0 0 -0.001008
3965 0 0 -0.000879
3970 0 0 -0.000660
3975 0 0 -0.000450
3980 0 0 -0.000322
3985 0 0 -0.000267
3990 0 0 -0.000252
3995 0 0 -0.000254
4000 0 0 -0.000283
4005 0 0 -0.000354
4010 0 0 -0.000473
4015 0 0 -0.000595
4020 0 0 -0.000660
4025 0 0 -0.000630
4030 0 0 -0.000545
4035 0 0 -0.000462
4040 0 0 -0.000425
4045 0 0 -0.000418
4050 0 0 -0.000408
4055 0 0 -0.000373
4060 0 0 -0.000332
4065 0 0 -0.000312
4070 0 0 -0.000333
4075 0 0 -0.000379
4080 0 0 -0.000426
4085 0 0 -0.000453
4090 0 0 -0.000460
4095 0 0 -0.000450
4100 0 0 -0.000430
4105 0 0 -0.000408
4110 0 0 -0.000396
4115 0 0 -0.000401
4120 0 0 -0.000414
4125 0 0 -0.000426
4130 0 0 -0.000428
4135 0 0 -0.000425
4140 0 0 -0.000426
4145 0 0 -0.000437
4150 0 0 -0.000452
4155 0 0 -0.000462
4160 0 0 -0.000458
4165 0 0 -0.000437
4170 0 0 -0.000396
4175 0 0 -0.000338
4180 0 0 -0.000284
4185 0 0 -0.000258
4190 0 0 -0.000278
4195 0 0 -0.000323
4200 0 0 -0.000366
4205 0 0 -0.000384
4210 0 0 -0.000383
4215 0 0 -0.000372
4220 0 0 -0.000362
4225 0 0 -0.000358
4230 0 0 -0.000360
4235 0 0 -0.000369
4240 0 0 -0.000372
4245 0 0 -0.000354
4250 0 0 -0.000305
4255 0 0 -0.000239
4260 0 0 -0.000174
4265 0 0 -0.000127
4270 0 0 -0.000103
4275 0 0 -0.000102
4280 0 0 -0.000122
4285 0 0 -0.000148
4290 0 0 -0.000162
4295 0 0 -0.000151
4300 0 0 -0.000124
4305 0 0 -0.000096
4310 0 0 -0.000079
4315 0 0 -0.000073
4320 0 0 -0.000078
4325 0 0 -0.000090
4330 0 0 -0.000100
4335 0 0 -0.000102
4340 0 0 -0.000089
4345 0 0 -0.000071
4350 0 0 -0.000060
4355 0 0 -0.000065
4360 0 0 -0.000079
4365 0 0 -0.000090
4370 0 0 -0.000088
4375 0 0 -0.000078
4380 0 0 -0.000066
4385 0 0 -0.000058
4390 0 0 -0.000057
4395 0 0 -0.000066
4400 0 0 -0.000085
4405 0 0 -0.000105
4410 0 0 -0.000114
4415 0 0 -0.000105
4420 0 0 -0.000088
4425 0 0 -0.000078
4430 0 0 -0.000086
4435 0 0 -0.000102
4440 0 0 -0.000114
4445 0 0 -0.000112
4450 0 0 -0.000101
4455 0 0 -0.000090
4460 0 0 -0.000086
4465 0 0 -0.000089
4470 0 0 -0.000096
4475 0 0 -0.000105
4480 0 0 -0.000110
4485 0 0 -0.000102
4490 0 0 -0.000079
4495 0 0 -0.000054
4500 0 0 -0.000042
4505 0 0 -0.000055
4510 0 0 -0.000080
4515 0 0 -0.000096
4520 0 0 -0.000090
4525 0 0 -0.000073
4530 0 0 -0.000060
4535 0 0 -0.000063
4540 0 0 -0.000074
4545 0 0 -0.000084
4550 0 0 -0.000083
4555 0 0 -0.000077
4560 0 0 -0.000072
4565 0 0 -0.000075
4570 0 0 -0.000083
4575 0 0 -0.000096
4580 0 0 -0.000109
4585 0 0 -0.000122
4590 0 0 -0.000132
4595 0 0 -0.000138
4600 0 0 -0.000138
4605 0 0 -0.000132
4610 0 0 -0.000120
4615 0 0 -0.000104
4620 0 0 -0.000090
4625 0 0 -0.000081
4630 0 0 -0.000078
4635 0 0 -0.000084
4640 0 0 -0.000097
4645 0 0 -0.000109
4650 0 0 -0.000108
4655 0 0 -0.000089
4660 0 0 -0.000063
4665 0 0 -0.000048
4670 0 0 -0.000055
4675 0 0 -0.000074
4680 0 0 -0.000090
4685 0 0 -0.000092
4690 0 0 -0.000083
4695 0 0 -0.000072
4700 0 0 -0.000065
4705 0 0 -0.000063
4710 0 0 -0.000066
4715 0 0 -0.000074
4720 0 0 -0.000082
4725 0 0 -0.000084
4730 0 0 -0.000076
4735 0 0 -0.000065
4740 0 0 -0.000060
4745 0 0 -0.000069
4750 0 0 -0.000091
4755 0 0 -0.000126
4760 0 0 -0.000170
4765 0 0 -0.000209
4770 0 0 -0.000228
4775 0 0 -0.000218
4780 0 0 -0.000191
4785 0 0 -0.000168
4790 0 0 -0.000162
4795 0 0 -0.000166
4800 0 0 -0.000168
4805 0 0 -0.000161
4810 0 0 -0.000151
4815 0 0 -0.000150
4820 0 0 -0.000164
4825 0 0 -0.000180
4830 0 0 -0.000180
4835 0 0 -0.000154
4840 0 0 -0.000118
4845 0 0 -0.000096
4850 0 0 -0.000102
4855 0 0 -0.000120
4860 0 0 -0.000126
4865 0 0 -0.000103
4870 0 0 -0.000072
4875 0 0 -0.000060
4880 0 0 -0.000086
4885 0 0 -0.000128
4890 0 0 -0.000156
4895 0 0 -0.000148
4900 0 0 -0.000116
4905 0 0 -0.000084
4910 0 0 -0.000068
4915 0 0 -0.000070
4920 0 0 -0.000084
4925 0 0 -0.000106
4930 0 0 -0.000128
4935 0 0 -0.000144
4940 0 0 -0.000147
4945 0 0 -0.000141
4950 0 0 -0.000132
4955 0 0 -0.000124
4960 0 0 -0.000117
4965 0 0 -0.000108
4970 0 0 -0.000095
4975 0 0 -0.000082
4980 0 0 -0.000072
4985 0 0 -0.000069
4990 0 0 -0.000070
4995 0 0 -0.000072
5000 0 0 -0.000074
5005 0 0 -0.000081
5010 0 0 -0.000102
5015 0 0 -0.000139
5020 0 0 -0.000176
5025 0 0 -0.000192
5030 0 0 -0.000172
5035 0 0 -0.000134
5040 0 0 -0.000102
5045 0 0 -0.000093
5050 0 0 -0.000102
5055 0 0 -0.000114
5060 0 0 -0.000120
5065 0 0 -0.000122
5070 0 0 -0.000126
5075 0 0 -0.000135
5080 0 0 -0.000147
5085 0 0 -0.000156
5090 0 0 -0.000158
5095 0 0 -0.000152
5100 0 0 -0.000138
5105 0 0 -0.000117
5110 0 0 -0.000098
5115 0 0 -0.000090
5120 0 0 -0.000101
5125 0 0 -0.000121
5130 0 0 -0.000138
5135 0 0 -0.000141
5140 0 0 -0.000132
5145 0 0 -0.000114
5150 0 0 -0.000091
5155 0 0 -0.000072
5160 0 0 -0.000066
5165 0 0 -0.000080
5170 0 0 -0.000105
5175 0 0 -0.000132
5180 0 0 -0.000150
5185 0 0 -0.000157
5190 0 0 -0.000150
5195 0 0 -0.000130
5200 0 0 -0.000108
5205 0 0 -0.000096
5210 0 0 -0.000103
5215 0 0 -0.000116
5220 0 0 -0.000120
5225 0 0 -0.000104
5230 0 0 -0.000082
5235 0 0 -0.000072
5240 0 0 -0.000088
5245 0 0 -0.000116
5250 0 0 -0.000138
5255 0 0 -0.000139
5260 0 0 -0.000127
5265 0 0 -0.000114
5270 0 0 -0.000110
5275 0 0 -0.000114
5280 0 0 -0.000120
5285 0 0 -0.000124
5290 0 0 -0.000126
5295 0 0 -0.000126
5300 0 0 -0.000124
5305 0 0 -0.000126
5310 0 0 -0.000138
5315 0 0 -0.000161
5320 0 0 -0.000183
5325 0 0 -0.000186
5330 0 0 -0.000163
5335 0 0 -0.000137
5340 0 0 -0.000144
5345 0 0 -0.000206
5350 0 0 -0.000312
5355 0 0 -0.000438
5360 0 0 -0.000561
5365 0 0 -0.000645
5370 0 0 -0.000654
5375 0 0 -0.000567
5380 0 0 -0.000433
5385 0 0 -0.000318
5390 0 0 -0.000272
5395 0 0 -0.000272
5400 0 0 -0.000282
5405 0 0 -0.000273
5410 0 0 -0.000262
5415 0 0 -0.000276
5420 0 0 -0.000332
5425 0 0 -0.000398
5430 0 0 -0.000432
5435 0 0 -0.000404
5440 0 0 -0.000337
5445 0 0 -0.000270
5450 0 0 -0.000231
5455 0 0 -0.000218
5460 0 0 -0.000216
5465 0 0 -0.000217
5470 0 0 -0.000217
5475 0 0 -0.000216
5480 0 0 -0.000214
5485 0 0 -0.000210
5490 0 0 -0.000204
5495 0 0 -0.000197
5500 0 0 -0.000191
5505 0 0 -0.000186
5510 0 0 -0.000184
5515 0 0 -0.000183
5520 0 0 -0.000180
5525 0 0 -0.000174
5530 0 0 -0.000177
5535 0 0 -0.000204
5540 0 0 -0.000262
5545 0 0 -0.000328
5550 0 0 -0.000372
5555 0 0 -0.000372
5560 0 0 -0.000343
5565 0 0 -0.000312
5570 0 0 -0.000297
5575 0 0 -0.000289
5580 0 0 -0.000276
5585 0 0 -0.000247
5590 0 0 -0.000214
5595 0 0 -0.000192
5600 0 0 -0.000193
5605 0 0 -0.000209
5610 0 0 -0.000228
5615 0 0 -0.000241
5620 0 0 -0.000243
5625 0 0 -0.000234
5630 0 0 -0.000213
5635 0 0 -0.000190
5640 0 0 -0.000174
5645 0 0 -0.000172
5650 0 0 -0.000177
5655 0 0 -0.000174
5660 0 0 -0.000157
5665 0 0 -0.000134
5670 0 0 -0.000120
5675 0 0 -0.000124
5680 0 0 -0.000140
5685 0 0 -0.000156
5690 0 0 -0.000163
5695 0 0 -0.000161
5700 0 0 -0.000150
5705 0 0 -0.000133
5710 0 0 -0.000117
5715 0 0 -0.000108
5720 0 0 -0.000111
5725 0 0 -0.000118
5730 0 0 -0.000120
5735 0 0 -0.000110
5740 0 0 -0.000097
5745 0 0 -0.000090
5750 0 0 -0.000098
5755 0 0 -0.000114
5760 0 0 -0.000126
5765 0 0 -0.000126
5770 0 0 -0.000116
5775 0 0 -0.000102
5780 0 0 -0.000088
5785 0 0 -0.000081
5790 0 0 -0.000084
5795 0 0 -0.000100
5800 0 0 -0.000117
5805 0 0 -0.000120
5810 0 0 -0.000098
5815 0 0 -0.000067
5820 0 0 -0.000048
5825 0 0 -0.000054
5830 0 0 -0.000075
5835 0 0 -0.000090
5840 0 0 -0.000087
5845 0 0 -0.000073
5850 0 0 -0.000060
5855 0 0 -0.000057
5860 0 0 -0.000063
5865 0 0 -0.000072
5870 0 0 -0.000080
5875 0 0 -0.000084
5880 0 0 -0.000078
5885 0 0 -0.000062
5890 0 0 -0.000048
5895 0 0 -0.000048
5900 0 0 -0.000071
5905 0 0 -0.000102
5910 0 0 -0.000120
5915 0 0 -0.000110
5920 0 0 -0.000087
5925 0 0 -0.000072
5930 0 0 -0.000080
5935 0 0 -0.000100
5940 0 0 -0.000114
5945 0 0 -0.000110
5950 0 0 -0.000096
5955 0 0 -0.000084
5960 0 0 -0.000084
5965 0 0 -0.000093
5970 0 0 -0.000102
5975 0 0 -0.000106
5980 0 0 -0.000104
5985 0 0 -0.000096
5990 0 0 -0.000083
5995 0 0 -0.000071
6000 0 0 -0.000066
6005 0 0 -0.000071
6010 0 0 -0.000083
6015 0 0 -0.000096
6020 0 0 -0.000105
6025 0 0 -0.000109
6030 0 0 -0.000108
6035 0 0 -0.000103
6040 0 0 -0.000093
6045 0 0 -0.000078
6050 0 0 -0.000059
6055 0 0 -0.000046
6060 0 0 -0.000048
6065 0 0 -0.000071
6070 0 0 -0.000102
6075 0 0 -0.000120
6080 0 0 -0.000113
6085 0 0 -0.000093
6090 0 0 -0.000078
6095 0 0 -0.000082
6100 0 0 -0.000097
6105 0 0 -0.000108
6110 0 0 -0.000107
6115 0 0 -0.000098
6120 0 0 -0.000090
6125 0 0 -0.000090
6130 0 0 -0.000094
6135 0 0 -0.000096
6140 0 0 -0.000091
6145 0 0 -0.000082
6150 0 0 -0.000072
6155 0 0 -0.000064
6160 0 0 -0.000059
6165 0 0 -0.000060
6170 0 0 -0.000066
6175 0 0 -0.000073
6180 0 0 -0.000078
6185 0 0 -0.000077
6190 0 0 -0.000070
6195 0 0 -0.000060
6200 0 0 -0.000051
6205 0 0 -0.000052
6210 0 0 -0.000078
6215 0 0 -0.000133
6220 0 0 -0.000195
6225 0 0 -0.000234
6230 0 0 -0.000229
6235 0 0 -0.000192
6240 0 0 -0.000144
6245 0 0 -0.000104
6250 0 0 -0.000082
6255 0 0 -0.000084
6260 0 0 -0.000111
6265 0 0 -0.000144
6270 0 0 -0.000156
6275 0 0 -0.000133
6280 0 0 -0.000099
6285 0 0 -0.000090
6290 0 0 -0.000129
6295 0 0 -0.000187
6300 0 0 -0.000222
6305 0 0 -0.000205
6310 0 0 -0.000155
6315 0 0 -0.000102
6320 0 0 -0.000072
6325 0 0 -0.000066
6330 0 0 -0.000078
6335 0 0 -0.000101
6340 0 0 -0.000122
6345 0 0 -0.000126
6350 0 0 -0.000106
6355 0 0 -0.000078
6360 0 0 -0.000066
6365 0 0 -0.000084
6370 0 0 -0.000114
6375 0 0 -0.000132
6380 0 0 -0.000119
6385 0 0 -0.000091
6390 0 0 -0.000072
6395 0 0 -0.000078
6400 0 0 -0.000103
6405 0 0 -0.000132
6410 0 0 -0.000153
6415 0 0 -0.000159
6420 0 0 -0.000144
6425 0 0 -0.000109
6430 0 0 -0.000091
6435 0 0 -0.000132
6440 0 0 -0.000259
6445 0 0 -0.000421
6450 0 0 -0.000552
6455 0 0 -0.000597
6460 0 0 -0.000561
6465 0 0 -0.000462
6470 0 0 -0.000322
6475 0 0 -0.000181
6480 0 0 -0.000084
6485 0 0 -0.000061
6490 0 0 -0.000086
6495 0 0 -0.000120
6500 0 0 -0.000132
6505 0 0 -0.000127
6510 0 0 -0.000120
6515 0 0 -0.000121
6520 0 0 -0.000125
6525 0 0 -0.000126
6530 0 0 -0.000117
6535 0 0 -0.000105
6540 0 0 -0.000096
6545 0 0 -0.000097
6550 0 0 -0.000111
6555 0 0 -0.000138
6560 0 0 -0.000175
6565 0 0 -0.000209
6570 0 0 -0.000222
6575 0 0 -0.000204
6580 0 0 -0.000178
6585 0 0 -0.000174
6590 0 0 -0.000211
6595 0 0 -0.000263
6600 0 0 -0.000294
6605 0 0 -0.000278
6610 0 0 -0.000231
6615 0 0 -0.000180
6620 0 0 -0.000147
6625 0 0 -0.000131
6630 0 0 -0.000126
6635 0 0 -0.000127
6640 0 0 -0.000131
6645 0 0 -0.000138
6650 0 0 -0.000145
6655 0 0 -0.000146
6660 0 0 -0.000138
6665 0 0 -0.000117
6670 0 0 -0.000094
6675 0 0 -0.000084
6680 0 0 -0.000095
6685 0 0 -0.000115
6690 0 0 -0.000126
6695 0 0 -0.000116
6700 0 0 -0.000096
6705 0 0 -0.000084
6710 0 0 -0.000092
6715 0 0 -0.000109
6720 0 0 -0.000120
6725 0 0 -0.000114
6730 0 0 -0.000101
6735 0 0 -0.000096
6740 0 0 -0.000110
6745 0 0 -0.000131
6750 0 0 -0.000144
6755 0 0 -0.000139
6760 0 0 -0.000127
6765 0 0 -0.000126
6770 0 0 -0.000152
6775 0 0 -0.000217
6780 0 0 -0.000330
6785 0 0 -0.000487
6790 0 0 -0.000634
6795 0 0 -0.000702
6800 0 0 -0.000643
6805 0 0 -0.000493
6810 0 0 -0.000306
6815 0 0 -0.000143
6820 0 0 -0.000084
6825 0 0 -0.000216
6830 0 0 -0.000570
6835 0 0 -0.000966
6840 0 0 -0.001170
6845 0 0 -0.001022
6850 0 0 -0.000667
6855 0 0 -0.000324
6860 0 0 -0.000162
6865 0 0 -0.000152
6870 0 0 -0.000216
6875 0 0 -0.000286
6880 0 0 -0.000339
6885 0 0 -0.000366
6890 0 0 -0.000360
6895 0 0 -0.000332
6900 0 0 -0.000300
6905 0 0 -0.000276
6910 0 0 -0.000263
6915 0 0 -0.000258
6920 0 0 -0.000261
6925 0 0 -0.000266
6930 0 0 -0.000270
6935 0 0 -0.000268
6940 0 0 -0.000262
6945 0 0 -0.000252
6950 0 0 -0.000241
6955 0 0 -0.000232
6960 0 0 -0.000228
6965 0 0 -0.000232
6970 0 0 -0.000239
6975 0 0 -0.000246
6980 0 0 -0.000248
6985 0 0 -0.000246
6990 0 0 -0.000240
6995 0 0 -0.000232
7000 0 0 -0.000225
7005 0 0 -0.000222
7010 0 0 -0.000223
7015 0 0 -0.000223
7020 0 0 -0.000216
7025 0 0 -0.000197
7030 0 0 -0.000173
7035 0 0 -0.000156
7040 0 0 -0.000153
7045 0 0 -0.000163
7050 0 0 -0.000180
7055 0 0 -0.000200
7060 0 0 -0.000215
7065 0 0 -0.000216
7070 0 0 -0.000198
7075 0 0 -0.000172
7080 0 0 -0.000156
7085 0 0 -0.000160
7090 0 0 -0.000178
7095 0 0 -0.000198
7100 0 0 -0.000211
7105 0 0 -0.000213
7110 0 0 -0.000204
7115 0 0 -0.000186
7120 0 0 -0.000172
7125 0 0 -0.000180
7130 0 0 -0.000217
7135 0 0 -0.000258
7140 0 0 -0.000270
7145 0 0 -0.000230
7150 0 0 -0.000161
7155 0 0 -0.000096
7160 0 0 -0.000061
7165 0 0 -0.000054
7170 0 0 -0.000066
7175 0 0 -0.000086
7180 0 0 -0.000104
7185 0 0 -0.000108
7190 0 0 -0.000091
7195 0 0 -0.000065
7200 0 0 -0.000048
7205 0 0 -0.000051
7210 0 0 -0.000067
7215 0 0 -0.000084
7220 0 0 -0.000091
7225 0 0 -0.000090
7230 0 0 -0.000084
7235 0 0 -0.000078
7240 0 0 -0.000076
7245 0 0 -0.000084
7250 0 0 -0.000102
7255 0 0 -0.000121
7260 0 0 -0.000126
7265 0 0 -0.000110
7270 0 0 -0.000085
7275 0 0 -0.000072
7280 0 0 -0.000083
7285 0 0 -0.000105
7290 0 0 -0.000120
7295 0 0 -0.000114
7300 0 0 -0.000096
7305 0 0 -0.000078
7310 0 0 -0.000071
7315 0 0 -0.000073
7320 0 0 -0.000078
7325 0 0 -0.000082
7330 0 0 -0.000082
7335 0 0 -0.000078
7340 0 0 -0.000069
7345 0 0 -0.000060
7350 0 0 -0.000060
7355 0 0 -0.000071
7360 0 0 -0.000086
7365 0 0 -0.000090
7370 0 0 -0.000077
7375 0 0 -0.000058
7380 0 0 -0.000048
7385 0 0 -0.000059
7390 0 0 -0.000080
7395 0 0 -0.000096
7400 0 0 -0.000096
7405 0 0 -0.000088
7410 0 0 -0.000084
7415 0 0 -0.000092
7420 0 0 -0.000105
7425 0 0 -0.000114
7430 0 0 -0.000111
7435 0 0 -0.000102
7440 0 0 -0.000096
7445 0 0 -0.000099
7450 0 0 -0.000109
7455 0 0 -0.000120
7460 0 0 -0.000128
7465 0 0 -0.000132
7470 0 0 -0.000132
7475 0 0 -0.000128
7480 0 0 -0.000118
7485 0 0 -0.000102
7490 0 0 -0.000079
7495 0 0 -0.000058
7500 0 0 -0.000048
7505 0 0 -0.000055
7510 0 0 -0.000070
7515 0 0 -0.000084
7520 0 0 -0.000087
7525 0 0 -0.000081
7530 0 0 -0.000072
7535 0 0 -0.000064
7540 0 0 -0.000060
7545 0 0 -0.000060
7550 0 0 -0.000066
7555 0 0 -0.000074
7560 0 0 -0.000078
7565 0 0 -0.000076
7570 0 0 -0.000073
7575 0 0 -0.000078
7580 0 0 -0.000095
7585 0 0 -0.000114
7590 0 0 -0.000120
7595 0 0 -0.000105
7600 0 0 -0.000083
7605 0 0 -0.000072
7610 0 0 -0.000086
7615 0 0 -0.000110
7620 0 0 -0.000126
7625 0 0 -0.000118
7630 0 0 -0.000094
7635 0 0 -0.000066
7640 0 0 -0.000048
7645 0 0 -0.000050
7650 0 0 -0.000084
7655 0 0 -0.000153
7660 0 0 -0.000228
7665 0 0 -0.000270
7670 0 0 -0.000255
7675 0 0 -0.000205
7680 0 0 -0.000156
7685 0 0 -0.000135
7690 0 0 -0.000135
7695 0 0 -0.000144
7700 0 0 -0.000149
7705 0 0 -0.000151
7710 0 0 -0.000150
7715 0 0 -0.000149
7720 0 0 -0.000144
7725 0 0 -0.000132
7730 0 0 -0.000112
7735 0 0 -0.000097
7740 0 0 -0.000102
7745 0 0 -0.000135
7750 0 0 -0.000176
7755 0 0 -0.000198
7760 0 0 -0.000183
7765 0 0 -0.000146
7770 0 0 -0.000108
7775 0 0 -0.000089
7780 0 0 -0.000086
7785 0 0 -0.000096
7790 0 0 -0.000111
7795 0 0 -0.000122
7800 0 0 -0.000120
7805 0 0 -0.000099
7810 0 0 -0.000071
7815 0 0 -0.000054
7820 0 0 -0.000059
7825 0 0 -0.000078
7830 0 0 -0.000096
7835 0 0 -0.000103
7840 0 0 -0.000100
7845 0 0 -0.000090
7850 0 0 -0.000077
7855 0 0 -0.000075
7860 0 0 -0.000096
7865 0 0 -0.000146
7870 0 0 -0.000195
7875 0 0 -0.000204
7880 0 0 -0.000151
7885 0 0 -0.000079
7890 0 0 -0.000048
7895 0 0 -0.000098
7900 0 0 -0.000185
7905 0 0 -0.000246
7910 0 0 -0.000234
7915 0 0 -0.000179
7920 0 0 -0.000126
7925 0 0 -0.000111
7930 0 0 -0.000124
7935 0 0 -0.000144
7940 0 0 -0.000153
7945 0 0 -0.000153
7950 0 0 -0.000150
7955 0 0 -0.000148
7960 0 0 -0.000146
7965 0 0 -0.000138
7970 0 0 -0.000123
7975 0 0 -0.000106
7980 0 0 -0.000090
7985 0 0 -0.000081
7990 0 0 -0.000079
7995 0 0 -0.000084
8000 0 0 -0.000094
8005 0 0 -0.000102
8010 0 0 -0.000102
8015 0 0 -0.000090
8020 0 0 -0.000075
8025 0 0 -0.000072
8030 0 0 -0.000088
8035 0 0 -0.000110
8040 0 0 -0.000120
8045 0 0 -0.000105
8050 0 0 -0.000080
8055 0 0 -0.000066
8060 0 0 -0.000078
8065 0 0 -0.000104
8070 0 0 -0.000126
8075 0 0 -0.000131
8080 0 0 -0.000122
8085 0 0 -0.000108
8090 0 0 -0.000096
8095 0 0 -0.000093
8100 0 0 -0.000108
8105 0 0 -0.000143
8110 0 0 -0.000185
8115 0 0 -0.000216
8120 0 0 -0.000223
8125 0 0 -0.000213
8130 0 0 -0.000198
8135 0 0 -0.000187
8140 0 0 -0.000181
8145 0 0 -0.000180
8150 0 0 -0.000182
8155 0 0 -0.000183
8160 0 0 -0.000180
8165 0 0 -0.000170
8170 0 0 -0.000158
8175 0 0 -0.000150
8180 0 0 -0.000149
8185 0 0 -0.000150
8190 0 0 -0.000144
8195 0 0 -0.000129
8200 0 0 -0.000120
8205 0 0 -0.000138
8210 0 0 -0.000196
8215 0 0 -0.000273
8220 0 0 -0.000342
8225 0 0 -0.000379
8230 0 0 -0.000377
8235 0 0 -0.000336
8240 0 0 -0.000263
8245 0 0 -0.000200
8250 0 0 -0.000198
8255 0 0 -0.000285
8260 0 0 -0.000400
8265 0 0 -0.000456
8270 0 0 -0.000399
8275 0 0 -0.000295
8280 0 0 -0.000240
8285 0 0 -0.000299
8290 0 0 -0.000410
8295 0 0 -0.000480
8300 0 0 -0.000442
8305 0 0 -0.000338
8310 0 0 -0.000234
8315 0 0 -0.000184
8320 0 0 -0.000180
8325 0 0 -0.000198
8330 0 0 -0.000220
8335 0 0 -0.000241
8340 0 0 -0.000264
8345 0 0 -0.000287
8350 0 0 -0.000300
8355 0 0 -0.000294
8360 0 0 -0.000262
8365 0 0 -0.000221
8370 0 0 -0.000192
8375 0 0 -0.000190
8380 0 0 -0.000206
8385 0 0 -0.000222
8390 0 0 -0.000226
8395 0 0 -0.000223
8400 0 0 -0.000222
8405 0 0 -0.000229
8410 0 0 -0.000241
8415 0 0 -0.000252
8420 0 0 -0.000258
8425 0 0 -0.000258
8430 0 0 -0.000252
8435 0 0 -0.000241
8440 0 0 -0.000235
8445 0 0 -0.000246
8450 0 0 -0.000280
8455 0 0 -0.000313
8460 0 0 -0.000318
8465 0 0 -0.000275
8470 0 0 -0.000209
8475 0 0 -0.000156
8480 0 0 -0.000142
8485 0 0 -0.000157
8490 0 0 -0.000180
8495 0 0 -0.000193
8500 0 0 -0.000194
8505 0 0 -0.000180
8510 0 0 -0.000154
8515 0 0 -0.000129
8520 0 0 -0.000120
8525 0 0 -0.000135
8530 0 0 -0.000162
8535 0 0 -0.000180
8540 0 0 -0.000176
8545 0 0 -0.000159
8550 0 0 -0.000144
8555 0 0 -0.000141
8560 0 0 -0.000149
8565 0 0 -0.000162
8570 0 0 -0.000174
8575 0 0 -0.000179
8580 0 0 -0.000168
8585 0 0 -0.000139
8590 0 0 -0.000106
8595 0 0 -0.000084
8600 0 0 -0.000086
8605 0 0 -0.000103
8610 0 0 -0.000120
8615 0 0 -0.000126
8620 0 0 -0.000120
8625 0 0 -0.000108
8630 0 0 -0.000092
8635 0 0 -0.000080
8640 0 0 -0.000078
8645 0 0 -0.000089
8650 0 0 -0.000104
8655 0 0 -0.000108
8660 0 0 -0.000093
8665 0 0 -0.000071
8670 0 0 -0.000060
8675 0 0 -0.000071
8680 0 0 -0.000093
8685 0 0 -0.000108
8690 0 0 -0.000102
8695 0 0 -0.000084
8700 0 0 -0.000066
8705 0 0 -0.000058
8710 0 0 -0.000061
8715 0 0 -0.000072
8720 0 0 -0.000088
8725 0 0 -0.000101
8730 0 0 -0.000102
8735 0 0 -0.000088
8740 0 0 -0.000070
8745 0 0 -0.000066
8750 0 0 -0.000085
8755 0 0 -0.000114
8760 0 0 -0.000132
8765 0 0 -0.000124
8770 0 0 -0.000102
8775 0 0 -0.000084
8780 0 0 -0.000082
8785 0 0 -0.000091
8790 0 0 -0.000102
8795 0 0 -0.000106
8800 0 0 -0.000101
8805 0 0 -0.000090
8810 0 0 -0.000074
8815 0 0 -0.000061
8820 0 0 -0.000060
8825 0 0 -0.000076
8830 0 0 -0.000096
8835 0 0 -0.000102
8840 0 0 -0.000083
8845 0 0 -0.000055
8850 0 0 -0.000042
8855 0 0 -0.000058
8860 0 0 -0.000088
8865 0 0 -0.000108
8870 0 0 -0.000102
8875 0 0 -0.000082
8880 0 0 -0.000066
8885 0 0 -0.000068
8890 0 0 -0.000083
8895 0 0 -0.000102
8900 0 0 -0.000118
8905 0 0 -0.000130
8910 0 0 -0.000138
8915 0 0 -0.000142
8920 0 0 -0.000141
8925 0 0 -0.000132
8930 0 0 -0.000116
8935 0 0 -0.000097
8940 0 0 -0.000084
8945 0 0 -0.000081
8950 0 0 -0.000087
8955 0 0 -0.000096
8960 0 0 -0.000105
8965 0 0 -0.000109
8970 0 0 -0.000102
8975 0 0 -0.000083
8980 0 0 -0.000062
8985 0 0 -0.000054
8990 0 0 -0.000067
8995 0 0 -0.000089
9000 0 0 -0.000102
9005 0 0 -0.000092
9010 0 0 -0.000071
9015 0 0 -0.000054
9020 0 0 -0.000053
9025 0 0 -0.000064
9030 0 0 -0.000078
9035 0 0 -0.000088
9040 0 0 -0.000090
9045 0 0 -0.000084
9050 0 0 -0.000069
9055 0 0 -0.000055
9060 0 0 -0.000054
9065 0 0 -0.000073
9070 0 0 -0.000099
9075 0 0 -0.000114
9080 0 0 -0.000105
9085 0 0 -0.000087
9090 0 0 -0.000078
9095 0 0 -0.000092
9100 0 0 -0.000115
9105 0 0 -0.000126
9110 0 0 -0.000112
9115 0 0 -0.000087
9120 0 0 -0.000072
9125 0 0 -0.000082
9130 0 0 -0.000101
9135 0 0 -0.000108
9140 0 0 -0.000089
9145 0 0 -0.000066
9150 0 0 -0.000066
9155 0 0 -0.000108
9160 0 0 -0.000166
9165 0 0 -0.000204
9170 0 0 -0.000195
9175 0 0 -0.000153
9180 0 0 -0.000102
9185 0 0 -0.000064
9190 0 0 -0.000045
9195 0 0 -0.000048
9200 0 0 -0.000072
9205 0 0 -0.000101
9210 0 0 -0.000114
9215 0 0 -0.000098
9220 0 0 -0.000070
9225 0 0 -0.000054
9230 0 0 -0.000067
9235 0 0 -0.000093
9240 0 0 -0.000108
9245 0 0 -0.000098
9250 0 0 -0.000084
9255 0 0 -0.000096
9260 0 0 -0.000151
9265 0 0 -0.000221
9270 0 0 -0.000264
9275 0 0 -0.000251
9280 0 0 -0.000203
9285 0 0 -0.000150
9290 0 0 -0.000119
9295 0 0 -0.000109
9300 0 0 -0.000114
9305 0 0 -0.000126
9310 0 0 -0.000138
9315 0 0 -0.000144
9320 0 0 -0.000140
9325 0 0 -0.000137
9330 0 0 -0.000150
9335 0 0 -0.000186
9340 0 0 -0.000228
9345 0 0 -0.000252
9350 0 0 -0.000243
9355 0 0 -0.000219
9360 0 0 -0.000210
9365 0 0 -0.000233
9370 0 0 -0.000265
9375 0 0 -0.000276
9380 0 0 -0.000244
9385 0 0 -0.000191
9390 0 0 -0.000150
9395 0 0 -0.000143
9400 0 0 -0.000151
9405 0 0 -0.000144
9410 0 0 -0.000106
9415 0 0 -0.000079
9420 0 0 -0.000120
9425 0 0 -0.000260
9430 0 0 -0.000424
9435 0 0 -0.000510
9440 0 0 -0.000450
9445 0 0 -0.000306
9450 0 0 -0.000174
9455 0 0 -0.000124
9460 0 0 -0.000132
9465 0 0 -0.000150
9470 0 0 -0.000142
9475 0 0 -0.000122
9480 0 0 -0.000120
9485 0 0 -0.000153
9490 0 0 -0.000198
9495 0 0 -0.000222
9500 0 0 -0.000203
9505 0 0 -0.000160
9510 0 0 -0.000120
9515 0 0 -0.000105
9520 0 0 -0.000110
9525 0 0 -0.000120
9530 0 0 -0.000125
9535 0 0 -0.000124
9540 0 0 -0.000120
9545 0 0 -0.000114
9550 0 0 -0.000112
9555 0 0 -0.000120
9560 0 0 -0.000140
9565 0 0 -0.000163
9570 0 0 -0.000180
9575 0 0 -0.000182
9580 0 0 -0.000173
9585 0 0 -0.000162
9590 0 0 -0.000155
9595 0 0 -0.000152
9600 0 0 -0.000150
9605 0 0 -0.000148
9610 0 0 -0.000148
9615 0 0 -0.000150
9620 0 0 -0.000156
9625 0 0 -0.000162
9630 0 0 -0.000168
9635 0 0 -0.000170
9640 0 0 -0.000171
9645 0 0 -0.000174
9650 0 0 -0.000180
9655 0 0 -0.000189
9660 0 0 -0.000198
9665 0 0 -0.000206
9670 0 0 -0.000218
9675 0 0 -0.000240
9680 0 0 -0.000275
9685 0 0 -0.000311
9690 0 0 -0.000336
9695 0 0 -0.000339
9700 0 0 -0.000329
9705 0 0 -0.000318
9710 0 0 -0.000315
9715 0 0 -0.000309
9720 0 0 -0.000288
9725 0 0 -0.000247
9730 0 0 -0.000222
9735 0 0 -0.000258
9740 0 0 -0.000380
9745 0 0 -0.000526
9750 0 0 -0.000612
9755 0 0 -0.000579
9760 0 0 -0.000471
9765 0 0 -0.000360
9770 0 0 -0.000300
9775 0 0 -0.000287
9780 0 0 -0.000300
9785 0 0 -0.000320
9790 0 0 -0.000333
9795 0 0 -0.000324
9800 0 0 -0.000287
9805 0 0 -0.000239
9810 0 0 -0.000204
9815 0 0 -0.000199
9820 0 0 -0.000210
9825 0 0 -0.000216
9830 0 0 -0.000203
9835 0 0 -0.000180
9840 0 0 -0.000162
9845 0 0 -0.000161
9850 0 0 -0.000171
9855 0 0 -0.000186
9860 0 0 -0.000198
9865 0 0 -0.000206
9870 0 0 -0.000210
9875 0 0 -0.000212
9880 0 0 -0.000211
9885 0 0 -0.000210
9890 0 0 -0.000209
9895 0 0 -0.000208
9900 0 0 -0.000210
9905 0 0 -0.000214
9910 0 0 -0.000219
9915 0 0 -0.000222
9920 0 0 -0.000223
9925 0 0 -0.000222
9930 0 0 -0.000222
9935 0 0 -0.000224
9940 0 0 -0.000224
9945 0 0 -0.000216
9950 0 0 -0.000198
9955 0 0 -0.000177
9960 0 0 -0.000162
9965 0 0 -0.000159
9970 0 0 -0.000165
9975 0 0 -0.000174
9980 0 0 -0.000181
9985 0 0 -0.000183
9990 0 0 -0.000180
9995 0 0 -0.000171
10000 0 0 -0.000158
10005 0 0 -0.000144
10010 0 0 -0.000133
10015 0 0 -0.000129
10020 0 0 -0.000138
10025 0 0 -0.000160
10030 0 0 -0.000184
10035 0 0 -0.000192
10040 0 0 -0.000174
10045 0 0 -0.000142
10050 0 0 -0.000114
10055 0 0 -0.000104
10060 0 0 -0.000108
10065 0 0 -0.000120
10070 0 0 -0.000133
10075 0 0 -0.000139
