0 0 0 0.360000
5 0 0 0.382071
10 0 0 0.417657
15 0 0 0.460000
20 0 0 0.502343
25 0 0 0.537929
30 0 0 0.560000
35 0 0 0.564112
40 0 0 0.555072
45 0 0 0.540000
50 0 0 0.524912
55 0 0 0.511411
60 0 0 0.500000
65 0 0 0.491056
70 0 0 0.484468
75 0 0 0.480000
80 0 0 0.475307
85 0 0 0.459605
90 0 0 0.420000
95 0 0 0.349937
100 0 0 0.268222
105 0 0 0.200000
110 0 0 0.165685
115 0 0 0.166766
120 0 0 0.200000
125 0 0 0.258433
130 0 0 0.320268
135 0 0 0.360000
140 0 0 0.358362
145 0 0 0.321050
150 0 0 0.260000
155 0 0 0.190342
160 0 0 0.139977
165 0 0 0.140000
170 0 0 0.206937
175 0 0 0.299042
180 0 0 0.360000
185 0 0 0.350057
190 0 0 0.295705
195 0 0 0.240000
200 0 0 0.218022
205 0 0 0.232952
210 0 0 0.280000
215 0 0 0.349709
220 0 0 0.413967
225 0 0 0.440000
230 0 0 0.406847
235 0 0 0.340808
240 0 0 0.280000
245 0 0 0.254756
250 0 0 0.264282
255 0 0 0.300000
260 0 0 0.350425
265 0 0 0.392435
270 0 0 0.400000
275 0 0 0.356877
280 0 0 0.285977
285 0 0 0.220000
290 0 0 0.185771
295 0 0 0.186619
300 0 0 0.220000
305 0 0 0.277817
310 0 0 0.329769
315 0 0 0.340000
320 0 0 0.287404
325 0 0 0.209861
330 0 0 0.160000
335 0 0 0.175530
340 0 0 0.234489
345 0 0 0.300000
350 0 0 0.340848
355 0 0 0.348478
360 0 0 0.320000
365 0 0 0.260338
370 0 0 0.205673
375 0 0 0.200000
380 0 0 0.269652
385 0 0 0.370311
390 0 0 0.440000
395 0 0 0.434389
400 0 0 0.379749
405 0 0 0.320000
410 0 0 0.290570
415 0 0 0.292916
420 0 0 0.320000
425 0 0 0.361107
430 0 0 0.390809
435 0 0 0.380000
440 0 0 0.313890
445 0 0 0.234959
450 0 0 0.200000
455 0 0 0.244813
460 0 0 0.321208
465 0 0 0.360000
470 0 0 0.315007
475 0 0 0.232062
480 0 0 0.180000
485 0 0 0.207751
490 0 0 0.284619
495 0 0 0.360000
500 0 0 0.393247
505 0 0 0.383537
510 0 0 0.340000
515 0 0 0.280741
520 0 0 0.259753
525 0 0 0.340000
530 0 0 0.553418
535 0 0 0.807823
540 0 0 0.980000
545 0 0 0.983364
550 0 0 0.877845
555 0 0 0.760000
560 0 0 0.704977
565 0 0 0.702279
570 0 0 0.720000
575 0 0 0.726358
580 0 0 0.690075
585 0 0 0.580000
590 0 0 0.402185
595 0 0 0.311495
600 0 0 0.500000
605 0 0 1.067867
610 0 0 1.747649
615 0 0 2.180000
620 0 0 2.113756
625 0 0 1.730500
630 0 0 1.320000
635 0 0 1.111923
640 0 0 1.095535
645 0 0 1.200000
650 0 0 1.360773
655 0 0 1.538471
660 0 0 1.700000
665 0 0 1.814614
670 0 0 1.860952
675 0 0 1.820000
680 0 0 1.685956
685 0 0 1.505868
690 0 0 1.340000
695 0 0 1.237859
700 0 0 1.205944
705 0 0 1.240000
710 0 0 1.323348
715 0 0 1.389614
720 0 0 1.360000
725 0 0 1.187268
730 0 0 0.950416
735 0 0 0.760000
740 0 0 0.694987
745 0 0 0.707982
750 0 0 0.720000
755 0 0 0.672044
760 0 0 0.585065
765 0 0 0.500000
770 0 0 0.449429
775 0 0 0.432499
780 0 0 0.440000
785 0 0 0.462833
790 0 0 0.492346
795 0 0 0.520000
800 0 0 0.541462
805 0 0 0.569228
810 0 0 0.620000
815 0 0 0.695023
820 0 0 0.733706
825 0 0 0.660000
830 0 0 0.442151
835 0 0 0.225579
840 0 0 0.200000
845 0 0 0.488968
850 0 0 0.951387
855 0 0 1.380000
860 0 0 1.620498
865 0 0 1.730356
870 0 0 1.820000
875 0 0 1.972005
880 0 0 2.157558
885 0 0 2.320000
890 0 0 2.412223
895 0 0 2.425336
900 0 0 2.360000
905 0 0 2.226510
910 0 0 2.073691
915 0 0 1.960000
920 0 0 1.928404
925 0 0 1.959901
930 0 0 2.020000
935 0 0 2.076172
940 0 0 2.103742
945 0 0 2.080000
950 0 0 1.995798
955 0 0 1.896241
960 0 0 1.840000
965 0 0 1.863600
970 0 0 1.914996
975 0 0 1.920000
980 0 0 1.829061
985 0 0 1.691181
990 0 0 1.580000
995 0 0 1.549045
1000 0 0 1.571390
1005 0 0 1.600000
1010 0 0 1.597723
1015 0 0 1.566961
1020 0 0 1.520000
1025 0 0 1.463766
1030 0 0 1.383729
1035 0 0 1.260000
1040 0 0 1.088696
1045 0 0 0.929974
1050 0 0 0.860000
1055 0 0 0.940710
1060 0 0 1.177116
1065 0 0 1.560000
1070 0 0 2.053649
1075 0 0 2.516376
1080 0 0 2.780000
1085 0 0 2.732100
1090 0 0 2.483304
1095 0 0 2.200000
1100 0 0 2.012024
1105 0 0 1.903000
1110 0 0 1.820000
1115 0 0 1.724989
1120 0 0 1.639511
1125 0 0 1.600000
1130 0 0 1.621351
1135 0 0 1.632290
1140 0 0 1.540000
1145 0 0 1.289605
1150 0 0 0.977994
1155 0 0 0.740000
1160 0 0 0.672082
1165 0 0 0.717214
1170 0 0 0.780000
1175 0 0 0.787253
1180 0 0 0.754630
1185 0 0 0.720000
1190 0 0 0.714462
1195 0 0 0.742042
1200 0 0 0.800000
1205 0 0 0.877123
1210 0 0 0.928312
1215 0 0 0.900000
1220 0 0 0.762974
1225 0 0 0.585450
1230 0 0 0.460000
1235 0 0 0.452464
1240 0 0 0.521741
1245 0 0 0.600000
1250 0 0 0.633838
1255 0 0 0.627585
1260 0 0 0.600000
1265 0 0 0.569220
1270 0 0 0.550882
1275 0 0 0.560000
1280 0 0 0.602616
1285 0 0 0.648887
1290 0 0 0.660000
1295 0 0 0.612910
1300 0 0 0.547645
1305 0 0 0.520000
1310 0 0 0.566484
1315 0 0 0.646458
1320 0 0 0.700000
1325 0 0 0.681896
1330 0 0 0.605781
1335 0 0 0.500000
1340 0 0 0.391858
1345 0 0 0.304493
1350 0 0 0.260000
1355 0 0 0.269931
1360 0 0 0.303656
1365 0 0 0.320000
1370 0 0 0.291380
1375 0 0 0.244586
1380 0 0 0.220000
1385 0 0 0.243807
1390 0 0 0.285406
1395 0 0 0.300000
1400 0 0 0.258579
1405 0 0 0.195273
1410 0 0 0.160000
1415 0 0 0.188546
1420 0 0 0.260170
1425 0 0 0.340000
1430 0 0 0.393163
1435 0 0 0.384787
