0 0 0 -0.000060
5 0 0 -0.000082
10 0 0 -0.000095
15 0 0 -0.000102
20 0 0 -0.000104
25 0 0 -0.000103
30 0 0 -0.000102
35 0 0 -0.000101
40 0 0 -0.000099
45 0 0 -0.000090
50 0 0 -0.000074
55 0 0 -0.000058
60 0 0 -0.000054
65 0 0 -0.000068
70 0 0 -0.000090
75 0 0 -0.000108
80 0 0 -0.000112
85 0 0 -0.000106
90 0 0 -0.000096
95 0 0 -0.000088
100 0 0 -0.000085
105 0 0 -0.000090
110 0 0 -0.000102
115 0 0 -0.000114
120 0 0 -0.000114
125 0 0 -0.000098
130 0 0 -0.000076
135 0 0 -0.000066
140 0 0 -0.000077
145 0 0 -0.000098
150 0 0 -0.000108
155 0 0 -0.000096
160 0 0 -0.000072
165 0 0 -0.000054
170 0 0 -0.000053
175 0 0 -0.000065
180 0 0 -0.000078
185 0 0 -0.000085
190 0 0 -0.000085
195 0 0 -0.000078
200 0 0 -0.000065
205 0 0 -0.000055
210 0 0 -0.000054
215 0 0 -0.000068
220 0 0 -0.000087
225 0 0 -0.000096
230 0 0 -0.000086
235 0 0 -0.000070
240 0 0 -0.000066
245 0 0 -0.000087
250 0 0 -0.000116
255 0 0 -0.000132
260 0 0 -0.000119
265 0 0 -0.000091
270 0 0 -0.000072
275 0 0 -0.000076
280 0 0 -0.000094
285 0 0 -0.000108
290 0 0 -0.000107
295 0 0 -0.000096
300 0 0 -0.000084
305 0 0 -0.000079
310 0 0 -0.000078
315 0 0 -0.000078
320 0 0 -0.000075
325 0 0 -0.000070
330 0 0 -0.000066
335 0 0 -0.000064
340 0 0 -0.000064
345 0 0 -0.000066
350 0 0 -0.000070
355 0 0 -0.000073
360 0 0 -0.000072
365 0 0 -0.000066
370 0 0 -0.000060
375 0 0 -0.000060
380 0 0 -0.000070
385 0 0 -0.000084
390 0 0 -0.000090
395 0 0 -0.000084
400 0 0 -0.000073
405 0 0 -0.000072
410 0 0 -0.000088
415 0 0 -0.000109
420 0 0 -0.000120
425 0 0 -0.000109
430 0 0 -0.000088
435 0 0 -0.000072
440 0 0 -0.000074
445 0 0 -0.000090
450 0 0 -0.000108
455 0 0 -0.000121
460 0 0 -0.000124
465 0 0 -0.000114
470 0 0 -0.000089
475 0 0 -0.000063
480 0 0 -0.000048
485 0 0 -0.000056
490 0 0 -0.000078
495 0 0 -0.000102
500 0 0 -0.000116
505 0 0 -0.000116
510 0 0 -0.000102
515 0 0 -0.000075
520 0 0 -0.000054
525 0 0 -0.000060
530 0 0 -0.000104
535 0 0 -0.000161
540 0 0 -0.000192
545 0 0 -0.000173
550 0 0 -0.000126
555 0 0 -0.000084
560 0 0 -0.000072
565 0 0 -0.000082
570 0 0 -0.000102
575 0 0 -0.000118
580 0 0 -0.000125
585 0 0 -0.000120
590 0 0 -0.000104
595 0 0 -0.000092
600 0 0 -0.000102
605 0 0 -0.000143
610 0 0 -0.000192
615 0 0 -0.000216
620 0 0 -0.000194
625 0 0 -0.000151
630 0 0 -0.000126
635 0 0 -0.000143
640 0 0 -0.000178
645 0 0 -0.000198
650 0 0 -0.000177
655 0 0 -0.000135
660 0 0 -0.000102
665 0 0 -0.000099
670 0 0 -0.000112
675 0 0 -0.000120
680 0 0 -0.000108
685 0 0 -0.000095
690 0 0 -0.000108
695 0 0 -0.000165
700 0 0 -0.000240
705 0 0 -0.000300
710 0 0 -0.000317
715 0 0 -0.000295
720 0 0 -0.000246
725 0 0 -0.000184
730 0 0 -0.000129
735 0 0 -0.000102
740 0 0 -0.000116
745 0 0 -0.000146
750 0 0 -0.000156
755 0 0 -0.000126
760 0 0 -0.000092
765 0 0 -0.000102
770 0 0 -0.000186
775 0 0 -0.000293
780 0 0 -0.000348
785 0 0 -0.000303
790 0 0 -0.000203
795 0 0 -0.000114
800 0 0 -0.000087
805 0 0 -0.000104
810 0 0 -0.000126
815 0 0 -0.000127
820 0 0 -0.000115
825 0 0 -0.000108
830 0 0 -0.000118
835 0 0 -0.000136
840 0 0 -0.000150
845 0 0 -0.000150
850 0 0 -0.000145
855 0 0 -0.000144
860 0 0 -0.000157
865 0 0 -0.000176
870 0 0 -0.000192
875 0 0 -0.000197
880 0 0 -0.000192
885 0 0 -0.000180
890 0 0 -0.000165
895 0 0 -0.000149
900 0 0 -0.000138
905 0 0 -0.000134
910 0 0 -0.000139
915 0 0 -0.000156
920 0 0 -0.000185
925 0 0 -0.000218
930 0 0 -0.000246
935 0 0 -0.000260
940 0 0 -0.000256
945 0 0 -0.000228
950 0 0 -0.000179
955 0 0 -0.000136
960 0 0 -0.000132
965 0 0 -0.000189
970 0 0 -0.000294
975 0 0 -0.000420
980 0 0 -0.000543
985 0 0 -0.000633
990 0 0 -0.000660
995 0 0 -0.000607
1000 0 0 -0.000511
1005 0 0 -0.000420
1010 0 0 -0.000373
1015 0 0 -0.000363
1020 0 0 -0.000372
1025 0 0 -0.000385
1030 0 0 -0.000400
1035 0 0 -0.000414
1040 0 0 -0.000433
1045 0 0 -0.000483
1050 0 0 -0.000594
1055 0 0 -0.000773
1060 0 0 -0.000934
1065 0 0 -0.000966
1070 0 0 -0.000802
1075 0 0 -0.000539
1080 0 0 -0.000318
1085 0 0 -0.000240
1090 0 0 -0.000257
1095 0 0 -0.000282
1100 0 0 -0.000259
1105 0 0 -0.000253
1110 0 0 -0.000360
1115 0 0 -0.000631
1120 0 0 -0.000934
1125 0 0 -0.001092
1130 0 0 -0.000987
1135 0 0 -0.000745
1140 0 0 -0.000552
1145 0 0 -0.000540
1150 0 0 -0.000625
1155 0 0 -0.000672
1160 0 0 -0.000582
1165 0 0 -0.000413
1170 0 0 -0.000264
1175 0 0 -0.000207
1180 0 0 -0.000219
1185 0 0 -0.000252
1190 0 0 -0.000269
1195 0 0 -0.000267
1200 0 0 -0.000252
1205 0 0 -0.000232
1210 0 0 -0.000213
1215 0 0 -0.000204
1220 0 0 -0.000209
1225 0 0 -0.000221
1230 0 0 -0.000234
1235 0 0 -0.000239
1240 0 0 -0.000235
1245 0 0 -0.000222
1250 0 0 -0.000201
1255 0 0 -0.000183
1260 0 0 -0.000180
1265 0 0 -0.000199
1270 0 0 -0.000223
1275 0 0 -0.000228
1280 0 0 -0.000201
1285 0 0 -0.000171
1290 0 0 -0.000174
1295 0 0 -0.000235
1300 0 0 -0.000319
1305 0 0 -0.000378
1310 0 0 -0.000375
1315 0 0 -0.000329
1320 0 0 -0.000270
1325 0 0 -0.000223
1330 0 0 -0.000194
1335 0 0 -0.000180
1340 0 0 -0.000180
1345 0 0 -0.000188
1350 0 0 -0.000198
1355 0 0 -0.000204
1360 0 0 -0.000206
1365 0 0 -0.000204
1370 0 0 -0.000200
1375 0 0 -0.000192
1380 0 0 -0.000180
1385 0 0 -0.000165
1390 0 0 -0.000156
1395 0 0 -0.000162
1400 0 0 -0.000190
1405 0 0 -0.000231
1410 0 0 -0.000270
1415 0 0 -0.000295
1420 0 0 -0.000300
1425 0 0 -0.000282
1430 0 0 -0.000241
1435 0 0 -0.000196
1440 0 0 -0.000168
1445 0 0 -0.000172
1450 0 0 -0.000194
1455 0 0 -0.000210
1460 0 0 -0.000204
1465 0 0 -0.000182
1470 0 0 -0.000156
1475 0 0 -0.000137
1480 0 0 -0.000125
1485 0 0 -0.000120
1490 0 0 -0.000120
1495 0 0 -0.000122
1500 0 0 -0.000120
1505 0 0 -0.000112
1510 0 0 -0.000103
1515 0 0 -0.000102
1520 0 0 -0.000112
1525 0 0 -0.000124
1530 0 0 -0.000126
1535 0 0 -0.000109
1540 0 0 -0.000084
1545 0 0 -0.000066
1550 0 0 -0.000065
1555 0 0 -0.000074
1560 0 0 -0.000084
1565 0 0 -0.000085
1570 0 0 -0.000080
1575 0 0 -0.000072
1580 0 0 -0.000065
1585 0 0 -0.000063
1590 0 0 -0.000072
1595 0 0 -0.000093
1600 0 0 -0.000114
1605 0 0 -0.000120
1610 0 0 -0.000103
1615 0 0 -0.000078
1620 0 0 -0.000066
1625 0 0 -0.000081
1630 0 0 -0.000109
1635 0 0 -0.000126
1640 0 0 -0.000118
1645 0 0 -0.000094
1650 0 0 -0.000072
1655 0 0 -0.000064
1660 0 0 -0.000067
1665 0 0 -0.000072
1670 0 0 -0.000074
1675 0 0 -0.000071
1680 0 0 -0.000066
1685 0 0 -0.000060
1690 0 0 -0.000058
1695 0 0 -0.000066
1700 0 0 -0.000086
1705 0 0 -0.000107
1710 0 0 -0.000114
1715 0 0 -0.000098
1720 0 0 -0.000075
1725 0 0 -0.000066
1730 0 0 -0.000084
1735 0 0 -0.000112
1740 0 0 -0.000126
1745 0 0 -0.000110
1750 0 0 -0.000080
1755 0 0 -0.000060
1760 0 0 -0.000066
1765 0 0 -0.000085
1770 0 0 -0.000096
1775 0 0 -0.000085
1780 0 0 -0.000063
1785 0 0 -0.000048
1790 0 0 -0.000053
1795 0 0 -0.000070
1800 0 0 -0.000084
1805 0 0 -0.000086
1810 0 0 -0.000081
1815 0 0 -0.000078
1820 0 0 -0.000084
1825 0 0 -0.000094
1830 0 0 -0.000102
1835 0 0 -0.000103
1840 0 0 -0.000100
1845 0 0 -0.000096
1850 0 0 -0.000094
1855 0 0 -0.000093
1860 0 0 -0.000090
1865 0 0 -0.000084
1870 0 0 -0.000075
1875 0 0 -0.000066
1880 0 0 -0.000058
1885 0 0 -0.000056
1890 0 0 -0.000066
1895 0 0 -0.000090
1900 0 0 -0.000113
1905 0 0 -0.000120
1910 0 0 -0.000099
1915 0 0 -0.000069
1920 0 0 -0.000054
1925 0 0 -0.000072
1930 0 0 -0.000106
1935 0 0 -0.000132
1940 0 0 -0.000134
1945 0 0 -0.000124
1950 0 0 -0.000126
1955 0 0 -0.000152
1960 0 0 -0.000187
1965 0 0 -0.000204
1970 0 0 -0.000188
1975 0 0 -0.000151
1980 0 0 -0.000114
1985 0 0 -0.000093
1990 0 0 -0.000084
1995 0 0 -0.000078
2000 0 0 -0.000069
2005 0 0 -0.000068
2010 0 0 -0.000090
2015 0 0 -0.000141
2020 0 0 -0.000195
2025 0 0 -0.000216
2030 0 0 -0.000181
2035 0 0 -0.000123
2040 0 0 -0.000084
2045 0 0 -0.000097
2050 0 0 -0.000137
2055 0 0 -0.000168
2060 0 0 -0.000163
2065 0 0 -0.000133
2070 0 0 -0.000102
2075 0 0 -0.000089
2080 0 0 -0.000104
2085 0 0 -0.000156
2090 0 0 -0.000244
2095 0 0 -0.000329
2100 0 0 -0.000366
2105 0 0 -0.000322
2110 0 0 -0.000227
2115 0 0 -0.000126
2120 0 0 -0.000064
2125 0 0 -0.000090
2130 0 0 -0.000258
2135 0 0 -0.000581
2140 0 0 -0.000931
2145 0 0 -0.001140
2150 0 0 -0.001092
2155 0 0 -0.000866
2160 0 0 -0.000588
2165 0 0 -0.000364
2170 0 0 -0.000213
2175 0 0 -0.000132
2180 0 0 -0.000114
2185 0 0 -0.000130
2190 0 0 -0.000144
2195 0 0 -0.000132
2200 0 0 -0.000107
2205 0 0 -0.000090
2210 0 0 -0.000097
2215 0 0 -0.000119
2220 0 0 -0.000138
2225 0 0 -0.000142
2230 0 0 -0.000134
2235 0 0 -0.000120
2240 0 0 -0.000105
2245 0 0 -0.000093
2250 0 0 -0.000084
2255 0 0 -0.000080
2260 0 0 -0.000080
2265 0 0 -0.000084
2270 0 0 -0.000090
2275 0 0 -0.000100
2280 0 0 -0.000114
2285 0 0 -0.000133
2290 0 0 -0.000151
2295 0 0 -0.000162
2300 0 0 -0.000161
2305 0 0 -0.000151
2310 0 0 -0.000138
2315 0 0 -0.000126
2320 0 0 -0.000115
2325 0 0 -0.000108
2330 0 0 -0.000104
2335 0 0 -0.000104
2340 0 0 -0.000108
2345 0 0 -0.000117
2350 0 0 -0.000133
2355 0 0 -0.000156
2360 0 0 -0.000188
2365 0 0 -0.000234
2370 0 0 -0.000300
2375 0 0 -0.000383
2380 0 0 -0.000449
2385 0 0 -0.000456
2390 0 0 -0.000379
2395 0 0 -0.000259
2400 0 0 -0.000156
2405 0 0 -0.000115
2410 0 0 -0.000126
2415 0 0 -0.000168
2420 0 0 -0.000218
2425 0 0 -0.000257
2430 0 0 -0.000264
2435 0 0 -0.000229
2440 0 0 -0.000174
2445 0 0 -0.000132
2450 0 0 -0.000126
2455 0 0 -0.000148
2460 0 0 -0.000186
2465 0 0 -0.000224
2470 0 0 -0.000249
2475 0 0 -0.000246
2480 0 0 -0.000212
2485 0 0 -0.000181
2490 0 0 -0.000198
2495 0 0 -0.000290
2500 0 0 -0.000409
2505 0 0 -0.000492
2510 0 0 -0.000491
2515 0 0 -0.000426
2520 0 0 -0.000336
2525 0 0 -0.000254
2530 0 0 -0.000197
2535 0 0 -0.000174
2540 0 0 -0.000191
2545 0 0 -0.000223
2550 0 0 -0.000240
2555 0 0 -0.000221
2560 0 0 -0.000183
2565 0 0 -0.000150
2570 0 0 -0.000143
2575 0 0 -0.000157
2580 0 0 -0.000180
2585 0 0 -0.000202
2590 0 0 -0.000220
2595 0 0 -0.000228
2600 0 0 -0.000227
2605 0 0 -0.000227
2610 0 0 -0.000240
2615 0 0 -0.000273
2620 0 0 -0.000307
2625 0 0 -0.000312
2630 0 0 -0.000273
2635 0 0 -0.000213
2640 0 0 -0.000168
2645 0 0 -0.000161
2650 0 0 -0.000176
2655 0 0 -0.000186
2660 0 0 -0.000173
2665 0 0 -0.000148
2670 0 0 -0.000132
2675 0 0 -0.000138
2680 0 0 -0.000157
2685 0 0 -0.000174
2690 0 0 -0.000178
2695 0 0 -0.000172
2700 0 0 -0.000162
2705 0 0 -0.000153
2710 0 0 -0.000150
2715 0 0 -0.000156
2720 0 0 -0.000173
2725 0 0 -0.000191
2730 0 0 -0.000198
2735 0 0 -0.000186
2740 0 0 -0.000170
2745 0 0 -0.000168
2750 0 0 -0.000193
2755 0 0 -0.000226
2760 0 0 -0.000240
2765 0 0 -0.000218
2770 0 0 -0.000175
2775 0 0 -0.000138
2780 0 0 -0.000124
2785 0 0 -0.000128
2790 0 0 -0.000138
2795 0 0 -0.000144
2800 0 0 -0.000142
2805 0 0 -0.000132
2810 0 0 -0.000113
2815 0 0 -0.000094
2820 0 0 -0.000084
2825 0 0 -0.000090
2830 0 0 -0.000101
2835 0 0 -0.000102
2840 0 0 -0.000084
2845 0 0 -0.000062
2850 0 0 -0.000054
2855 0 0 -0.000074
2860 0 0 -0.000106
2865 0 0 -0.000126
2870 0 0 -0.000119
2875 0 0 -0.000098
2880 0 0 -0.000084
2885 0 0 -0.000092
2890 0 0 -0.000113
2895 0 0 -0.000132
2900 0 0 -0.000138
2905 0 0 -0.000134
2910 0 0 -0.000126
2915 0 0 -0.000119
2920 0 0 -0.000113
2925 0 0 -0.000102
2930 0 0 -0.000086
2935 0 0 -0.000072
2940 0 0 -0.000066
2945 0 0 -0.000074
2950 0 0 -0.000086
2955 0 0 -0.000090
2960 0 0 -0.000078
2965 0 0 -0.000061
2970 0 0 -0.000054
2975 0 0 -0.000066
2980 0 0 -0.000086
2985 0 0 -0.000096
2990 0 0 -0.000084
2995 0 0 -0.000062
3000 0 0 -0.000048
3005 0 0 -0.000055
3010 0 0 -0.000074
3015 0 0 -0.000090
3020 0 0 -0.000092
3025 0 0 -0.000086
3030 0 0 -0.000084
3035 0 0 -0.000094
3040 0 0 -0.000107
3045 0 0 -0.000114
3050 0 0 -0.000106
3055 0 0 -0.000092
3060 0 0 -0.000084
3065 0 0 -0.000089
3070 0 0 -0.000099
3075 0 0 -0.000102
3080 0 0 -0.000090
3085 0 0 -0.000072
3090 0 0 -0.000060
3095 0 0 -0.000063
3100 0 0 -0.000073
3105 0 0 -0.000078
3110 0 0 -0.000071
3115 0 0 -0.000060
3120 0 0 -0.000054
3125 0 0 -0.000062
3130 0 0 -0.000075
3135 0 0 -0.000084
3140 0 0 -0.000080
3145 0 0 -0.000069
3150 0 0 -0.000060
3155 0 0 -0.000059
3160 0 0 -0.000065
3165 0 0 -0.000072
3170 0 0 -0.000078
3175 0 0 -0.000083
3180 0 0 -0.000090
3185 0 0 -0.000099
3190 0 0 -0.000107
3195 0 0 -0.000108
3200 0 0 -0.000101
3205 0 0 -0.000090
3210 0 0 -0.000084
3215 0 0 -0.000088
3220 0 0 -0.000095
3225 0 0 -0.000096
3230 0 0 -0.000085
3235 0 0 -0.000069
3240 0 0 -0.000060
3245 0 0 -0.000064
3250 0 0 -0.000073
3255 0 0 -0.000078
3260 0 0 -0.000070
3265 0 0 -0.000058
3270 0 0 -0.000054
3275 0 0 -0.000065
3280 0 0 -0.000082
3285 0 0 -0.000090
3290 0 0 -0.000081
3295 0 0 -0.000061
3300 0 0 -0.000042
3305 0 0 -0.000035
3310 0 0 -0.000049
3315 0 0 -0.000090
3320 0 0 -0.000160
3325 0 0 -0.000236
3330 0 0 -0.000288
3335 0 0 -0.000295
3340 0 0 -0.000270
3345 0 0 -0.000234
3350 0 0 -0.000204
3355 0 0 -0.000186
3360 0 0 -0.000180
3365 0 0 -0.000186
3370 0 0 -0.000197
3375 0 0 -0.000204
3380 0 0 -0.000199
3385 0 0 -0.000181
3390 0 0 -0.000150
3395 0 0 -0.000110
3400 0 0 -0.000073
3405 0 0 -0.000054
3410 0 0 -0.000062
3415 0 0 -0.000085
3420 0 0 -0.000102
3425 0 0 -0.000100
3430 0 0 -0.000088
3435 0 0 -0.000078
3440 0 0 -0.000081
3445 0 0 -0.000090
3450 0 0 -0.000096
3455 0 0 -0.000092
3460 0 0 -0.000084
3465 0 0 -0.000084
3470 0 0 -0.000097
3475 0 0 -0.000114
3480 0 0 -0.000120
3485 0 0 -0.000108
3490 0 0 -0.000094
3495 0 0 -0.000102
3500 0 0 -0.000145
3505 0 0 -0.000200
3510 0 0 -0.000234
3515 0 0 -0.000224
3520 0 0 -0.000183
3525 0 0 -0.000132
3530 0 0 -0.000090
3535 0 0 -0.000069
3540 0 0 -0.000078
3545 0 0 -0.000119
3550 0 0 -0.000164
3555 0 0 -0.000180
3560 0 0 -0.000146
3565 0 0 -0.000100
3570 0 0 -0.000096
3575 0 0 -0.000167
3580 0 0 -0.000264
3585 0 0 -0.000318
3590 0 0 -0.000282
3595 0 0 -0.000191
3600 0 0 -0.000102
3605 0 0 -0.000058
3610 0 0 -0.000055
3615 0 0 -0.000078
3620 0 0 -0.000111
3625 0 0 -0.000140
3630 0 0 -0.000156
3635 0 0 -0.000150
3640 0 0 -0.000133
3645 0 0 -0.000120
3650 0 0 -0.000122
3655 0 0 -0.000134
3660 0 0 -0.000144
3665 0 0 -0.000145
3670 0 0 -0.000138
3675 0 0 -0.000126
3680 0 0 -0.000113
3685 0 0 -0.000103
3690 0 0 -0.000102
3695 0 0 -0.000113
3700 0 0 -0.000125
3705 0 0 -0.000126
3710 0 0 -0.000108
3715 0 0 -0.000086
3720 0 0 -0.000078
3725 0 0 -0.000098
3730 0 0 -0.000129
3735 0 0 -0.000150
3740 0 0 -0.000144
3745 0 0 -0.000125
3750 0 0 -0.000114
3755 0 0 -0.000126
3760 0 0 -0.000154
3765 0 0 -0.000186
3770 0 0 -0.000209
3775 0 0 -0.000217
3780 0 0 -0.000204
3785 0 0 -0.000168
3790 0 0 -0.000122
3795 0 0 -0.000084
3800 0 0 -0.000070
3805 0 0 -0.000084
3810 0 0 -0.000132
3815 0 0 -0.000210
3820 0 0 -0.000291
3825 0 0 -0.000342
3830 0 0 -0.000342
3835 0 0 -0.000309
3840 0 0 -0.000276
3845 0 0 -0.000265
3850 0 0 -0.000274
3855 0 0 -0.000294
3860 0 0 -0.000316
3865 0 0 -0.000337
3870 0 0 -0.000354
3875 0 0 -0.000362
3880 0 0 -0.000353
3885 0 0 -0.000318
3890 0 0 -0.000253
3895 0 0 -0.000183
3900 0 0 -0.000138
3905 0 0 -0.000141
3910 0 0 -0.000177
3915 0 0 -0.000222
3920 0 0 -0.000258
3925 0 0 -0.000290
3930 0 0 -0.000330
3935 0 0 -0.000381
3940 0 0 -0.000419
3945 0 0 -0.000414
3950 0 0 -0.000350
3955 0 0 -0.000273
3960 0 0 -0.000240
3965 0 0 -0.000290
3970 0 0 -0.000372
3975 0 0 -0.000414
3980 0 0 -0.000366
3985 0 0 -0.000269
3990 0 0 -0.000186
3995 0 0 -0.000165
4000 0 0 -0.000192
4005 0 0 -0.000240
4010 0 0 -0.000283
4015 0 0 -0.000309
4020 0 0 -0.000306
4025 0 0 -0.000271
4030 0 0 -0.000219
4035 0 0 -0.000174
4040 0 0 -0.000153
4045 0 0 -0.000154
4050 0 0 -0.000174
4055 0 0 -0.000205
4060 0 0 -0.000236
4065 0 0 -0.000252
4070 0 0 -0.000244
4075 0 0 -0.000220
4080 0 0 -0.000192
4085 0 0 -0.000170
4090 0 0 -0.000159
4095 0 0 -0.000162
4100 0 0 -0.000178
4105 0 0 -0.000195
4110 0 0 -0.000198
4115 0 0 -0.000177
4120 0 0 -0.000146
4125 0 0 -0.000126
4130 0 0 -0.000130
4135 0 0 -0.000148
4140 0 0 -0.000162
4145 0 0 -0.000161
4150 0 0 -0.000150
4155 0 0 -0.000138
4160 0 0 -0.000134
4165 0 0 -0.000135
4170 0 0 -0.000138
4175 0 0 -0.000140
4180 0 0 -0.000144
4185 0 0 -0.000150
4190 0 0 -0.000161
4195 0 0 -0.000175
4200 0 0 -0.000186
4205 0 0 -0.000192
4210 0 0 -0.000191
4215 0 0 -0.000180
4220 0 0 -0.000160
4225 0 0 -0.000139
4230 0 0 -0.000126
4235 0 0 -0.000127
4240 0 0 -0.000137
4245 0 0 -0.000144
4250 0 0 -0.000142
4255 0 0 -0.000132
4260 0 0 -0.000120
4265 0 0 -0.000108
4270 0 0 -0.000098
4275 0 0 -0.000090
4280 0 0 -0.000083
4285 0 0 -0.000081
4290 0 0 -0.000084
4295 0 0 -0.000094
4300 0 0 -0.000103
4305 0 0 -0.000102
4310 0 0 -0.000086
4315 0 0 -0.000067
4320 0 0 -0.000060
4325 0 0 -0.000075
4330 0 0 -0.000100
4335 0 0 -0.000120
4340 0 0 -0.000122
4345 0 0 -0.000112
4350 0 0 -0.000102
4355 0 0 -0.000101
4360 0 0 -0.000103
4365 0 0 -0.000102
4370 0 0 -0.000093
4375 0 0 -0.000083
4380 0 0 -0.000084
4385 0 0 -0.000101
4390 0 0 -0.000121
4395 0 0 -0.000126
4400 0 0 -0.000106
4405 0 0 -0.000076
4410 0 0 -0.000060
4415 0 0 -0.000071
4420 0 0 -0.000095
4425 0 0 -0.000108
4430 0 0 -0.000094
4435 0 0 -0.000067
4440 0 0 -0.000048
4445 0 0 -0.000053
4450 0 0 -0.000071
4455 0 0 -0.000084
4460 0 0 -0.000081
4465 0 0 -0.000069
4470 0 0 -0.000060
4475 0 0 -0.000063
4480 0 0 -0.000072
4485 0 0 -0.000078
4490 0 0 -0.000075
4495 0 0 -0.000068
4500 0 0 -0.000066
4505 0 0 -0.000075
4510 0 0 -0.000090
4515 0 0 -0.000102
4520 0 0 -0.000105
4525 0 0 -0.000102
4530 0 0 -0.000096
4535 0 0 -0.000092
4540 0 0 -0.000090
4545 0 0 -0.000090
4550 0 0 -0.000092
4555 0 0 -0.000093
4560 0 0 -0.000090
4565 0 0 -0.000081
4570 0 0 -0.000071
4575 0 0 -0.000066
4580 0 0 -0.000069
4585 0 0 -0.000075
4590 0 0 -0.000078
4595 0 0 -0.000073
4600 0 0 -0.000064
4605 0 0 -0.000060
4610 0 0 -0.000065
4615 0 0 -0.000073
4620 0 0 -0.000078
4625 0 0 -0.000074
4630 0 0 -0.000065
4635 0 0 -0.000060
4640 0 0 -0.000064
4645 0 0 -0.000072
4650 0 0 -0.000078
4655 0 0 -0.000078
4660 0 0 -0.000075
4665 0 0 -0.000078
4670 0 0 -0.000089
4675 0 0 -0.000103
4680 0 0 -0.000108
4685 0 0 -0.000099
4690 0 0 -0.000085
4695 0 0 -0.000078
4700 0 0 -0.000086
4705 0 0 -0.000098
4710 0 0 -0.000102
4715 0 0 -0.000087
4720 0 0 -0.000066
4725 0 0 -0.000054
4730 0 0 -0.000063
4735 0 0 -0.000080
4740 0 0 -0.000084
4745 0 0 -0.000065
4750 0 0 -0.000045
4755 0 0 -0.000054
4760 0 0 -0.000110
4765 0 0 -0.000185
4770 0 0 -0.000240
4775 0 0 -0.000245
4780 0 0 -0.000217
4785 0 0 -0.000180
4790 0 0 -0.000157
4795 0 0 -0.000150
4800 0 0 -0.000156
4805 0 0 -0.000173
4810 0 0 -0.000193
4815 0 0 -0.000210
4820 0 0 -0.000217
4825 0 0 -0.000213
4830 0 0 -0.000198
4835 0 0 -0.000173
4840 0 0 -0.000146
4845 0 0 -0.000126
4850 0 0 -0.000118
4855 0 0 -0.000117
4860 0 0 -0.000114
4865 0 0 -0.000103
4870 0 0 -0.000090
4875 0 0 -0.000084
4880 0 0 -0.000092
4885 0 0 -0.000106
4890 0 0 -0.000114
4895 0 0 -0.000110
4900 0 0 -0.000099
4905 0 0 -0.000090
4910 0 0 -0.000090
4915 0 0 -0.000095
4920 0 0 -0.000096
4925 0 0 -0.000089
4930 0 0 -0.000083
4935 0 0 -0.000090
4940 0 0 -0.000117
4945 0 0 -0.000150
4950 0 0 -0.000174
4955 0 0 -0.000175
4960 0 0 -0.000159
4965 0 0 -0.000138
4970 0 0 -0.000121
4975 0 0 -0.000111
4980 0 0 -0.000108
4985 0 0 -0.000112
4990 0 0 -0.000116
4995 0 0 -0.000114
5000 0 0 -0.000103
5005 0 0 -0.000098
5010 0 0 -0.000120
5015 0 0 -0.000180
5020 0 0 -0.000255
5025 0 0 -0.000312
5030 0 0 -0.000326
5035 0 0 -0.000302
5040 0 0 -0.000252
5045 0 0 -0.000190
5050 0 0 -0.000129
5055 0 0 -0.000084
5060 0 0 -0.000066
5065 0 0 -0.000070
5070 0 0 -0.000090
5075 0 0 -0.000116
5080 0 0 -0.000138
5085 0 0 -0.000144
5090 0 0 -0.000127
5095 0 0 -0.000101
5100 0 0 -0.000084
5105 0 0 -0.000091
5110 0 0 -0.000111
5115 0 0 -0.000132
5120 0 0 -0.000141
5125 0 0 -0.000140
5130 0 0 -0.000132
5135 0 0 -0.000122
5140 0 0 -0.000115
5145 0 0 -0.000114
5150 0 0 -0.000122
5155 0 0 -0.000131
5160 0 0 -0.000132
5165 0 0 -0.000120
5170 0 0 -0.000106
5175 0 0 -0.000102
5180 0 0 -0.000117
5185 0 0 -0.000136
5190 0 0 -0.000138
5195 0 0 -0.000111
5200 0 0 -0.000083
5205 0 0 -0.000090
5210 0 0 -0.000153
5215 0 0 -0.000233
5220 0 0 -0.000276
5225 0 0 -0.000246
5230 0 0 -0.000177
5235 0 0 -0.000120
5240 0 0 -0.000114
5245 0 0 -0.000154
5250 0 0 -0.000222
5255 0 0 -0.000300
5260 0 0 -0.000375
5265 0 0 -0.000432
5270 0 0 -0.000459
5275 0 0 -0.000452
5280 0 0 -0.000408
5285 0 0 -0.000331
5290 0 0 -0.000243
5295 0 0 -0.000174
5300 0 0 -0.000145
5305 0 0 -0.000146
5310 0 0 -0.000162
5315 0 0 -0.000176
5320 0 0 -0.000174
5325 0 0 -0.000144
5330 0 0 -0.000084
5335 0 0 -0.000043
5340 0 0 -0.000078
5345 0 0 -0.000222
5350 0 0 -0.000396
5355 0 0 -0.000492
5360 0 0 -0.000436
5365 0 0 -0.000292
5370 0 0 -0.000156
5375 0 0 -0.000101
5380 0 0 -0.000111
5385 0 0 -0.000144
5390 0 0 -0.000169
5395 0 0 -0.000187
5400 0 0 -0.000210
5405 0 0 -0.000244
5410 0 0 -0.000279
5415 0 0 -0.000300
5420 0 0 -0.000297
5425 0 0 -0.000282
5430 0 0 -0.000270
5435 0 0 -0.000274
5440 0 0 -0.000290
5445 0 0 -0.000306
5450 0 0 -0.000316
5455 0 0 -0.000317
5460 0 0 -0.000312
5465 0 0 -0.000301
5470 0 0 -0.000287
5475 0 0 -0.000276
5480 0 0 -0.000269
5485 0 0 -0.000263
5490 0 0 -0.000252
5495 0 0 -0.000233
5500 0 0 -0.000215
5505 0 0 -0.000210
5510 0 0 -0.000225
5515 0 0 -0.000247
5520 0 0 -0.000258
5525 0 0 -0.000245
5530 0 0 -0.000214
5535 0 0 -0.000180
5540 0 0 -0.000154
5545 0 0 -0.000145
5550 0 0 -0.000162
5555 0 0 -0.000208
5560 0 0 -0.000260
5565 0 0 -0.000288
5570 0 0 -0.000271
5575 0 0 -0.000231
5580 0 0 -0.000198
5585 0 0 -0.000195
5590 0 0 -0.000211
5595 0 0 -0.000228
5600 0 0 -0.000230
5605 0 0 -0.000222
5610 0 0 -0.000210
5615 0 0 -0.000202
5620 0 0 -0.000197
5625 0 0 -0.000192
5630 0 0 -0.000186
5635 0 0 -0.000180
5640 0 0 -0.000174
5645 0 0 -0.000170
5650 0 0 -0.000169
5655 0 0 -0.000174
5660 0 0 -0.000184
5665 0 0 -0.000191
5670 0 0 -0.000186
5675 0 0 -0.000163
5680 0 0 -0.000132
5685 0 0 -0.000108
5690 0 0 -0.000102
5695 0 0 -0.000109
5700 0 0 -0.000120
5705 0 0 -0.000128
5710 0 0 -0.000130
5715 0 0 -0.000126
5720 0 0 -0.000116
5725 0 0 -0.000107
5730 0 0 -0.000108
5735 0 0 -0.000122
5740 0 0 -0.000139
5745 0 0 -0.000144
5750 0 0 -0.000127
5755 0 0 -0.000101
5760 0 0 -0.000084
5765 0 0 -0.000088
5770 0 0 -0.000105
5775 0 0 -0.000120
5780 0 0 -0.000123
5785 0 0 -0.000117
5790 0 0 -0.000108
5795 0 0 -0.000099
5800 0 0 -0.000090
5805 0 0 -0.000078
5810 0 0 -0.000061
5815 0 0 -0.000048
5820 0 0 -0.000048
5825 0 0 -0.000066
5830 0 0 -0.000090
5835 0 0 -0.000102
5840 0 0 -0.000091
5845 0 0 -0.000069
5850 0 0 -0.000054
5855 0 0 -0.000060
5860 0 0 -0.000079
5865 0 0 -0.000096
5870 0 0 -0.000102
5875 0 0 -0.000098
5880 0 0 -0.000090
5885 0 0 -0.000083
5890 0 0 -0.000081
5895 0 0 -0.000084
5900 0 0 -0.000094
5905 0 0 -0.000104
5910 0 0 -0.000108
5915 0 0 -0.000100
5920 0 0 -0.000086
5925 0 0 -0.000078
5930 0 0 -0.000081
5935 0 0 -0.000086
5940 0 0 -0.000084
5945 0 0 -0.000067
5950 0 0 -0.000048
5955 0 0 -0.000042
5960 0 0 -0.000060
5965 0 0 -0.000088
5970 0 0 -0.000102
5975 0 0 -0.000089
5980 0 0 -0.000064
5985 0 0 -0.000048
5990 0 0 -0.000057
5995 0 0 -0.000078
6000 0 0 -0.000090
6005 0 0 -0.000081
6010 0 0 -0.000062
6015 0 0 -0.000054
6020 0 0 -0.000069
6025 0 0 -0.000096
6030 0 0 -0.000114
6035 0 0 -0.000111
6040 0 0 -0.000096
6045 0 0 -0.000084
6050 0 0 -0.000085
6055 0 0 -0.000093
6060 0 0 -0.000102
6065 0 0 -0.000103
6070 0 0 -0.000098
6075 0 0 -0.000090
6080 0 0 -0.000081
6085 0 0 -0.000072
6090 0 0 -0.000066
6095 0 0 -0.000064
6100 0 0 -0.000064
6105 0 0 -0.000066
6110 0 0 -0.000068
6115 0 0 -0.000070
6120 0 0 -0.000072
6125 0 0 -0.000074
6130 0 0 -0.000074
6135 0 0 -0.000072
6140 0 0 -0.000067
6145 0 0 -0.000062
6150 0 0 -0.000060
6155 0 0 -0.000064
6160 0 0 -0.000072
6165 0 0 -0.000078
6170 0 0 -0.000081
6175 0 0 -0.000080
6180 0 0 -0.000078
6185 0 0 -0.000078
6190 0 0 -0.000085
6195 0 0 -0.000108
6200 0 0 -0.000150
6205 0 0 -0.000199
6210 0 0 -0.000240
6215 0 0 -0.000259
6220 0 0 -0.000256
6225 0 0 -0.000234
6230 0 0 -0.000198
6235 0 0 -0.000162
6240 0 0 -0.000144
6245 0 0 -0.000155
6250 0 0 -0.000181
6255 0 0 -0.000204
6260 0 0 -0.000208
6265 0 0 -0.000197
6270 0 0 -0.000180
6275 0 0 -0.000162
6280 0 0 -0.000145
6285 0 0 -0.000126
6290 0 0 -0.000106
6295 0 0 -0.000088
6300 0 0 -0.000078
6305 0 0 -0.000080
6310 0 0 -0.000088
6315 0 0 -0.000096
6320 0 0 -0.000098
6325 0 0 -0.000097
6330 0 0 -0.000096
6335 0 0 -0.000099
6340 0 0 -0.000109
6345 0 0 -0.000126
6350 0 0 -0.000151
6355 0 0 -0.000177
6360 0 0 -0.000192
6365 0 0 -0.000190
6370 0 0 -0.000173
6375 0 0 -0.000150
6380 0 0 -0.000125
6385 0 0 -0.000104
6390 0 0 -0.000090
6395 0 0 -0.000086
6400 0 0 -0.000089
6405 0 0 -0.000096
6410 0 0 -0.000103
6415 0 0 -0.000105
6420 0 0 -0.000096
6425 0 0 -0.000076
6430 0 0 -0.000064
6435 0 0 -0.000084
6440 0 0 -0.000150
6445 0 0 -0.000235
6450 0 0 -0.000300
6455 0 0 -0.000317
6460 0 0 -0.000294
6465 0 0 -0.000246
6470 0 0 -0.000190
6475 0 0 -0.000139
6480 0 0 -0.000108
6485 0 0 -0.000105
6490 0 0 -0.000118
6495 0 0 -0.000126
6500 0 0 -0.000118
6505 0 0 -0.000104
6510 0 0 -0.000102
6515 0 0 -0.000122
6520 0 0 -0.000149
6525 0 0 -0.000162
6530 0 0 -0.000146
6535 0 0 -0.000117
6540 0 0 -0.000096
6545 0 0 -0.000100
6550 0 0 -0.000118
6555 0 0 -0.000132
6560 0 0 -0.000130
6565 0 0 -0.000117
6570 0 0 -0.000102
6575 0 0 -0.000094
6580 0 0 -0.000094
6585 0 0 -0.000102
6590 0 0 -0.000115
6595 0 0 -0.000127
6600 0 0 -0.000126
6605 0 0 -0.000109
6610 0 0 -0.000088
6615 0 0 -0.000084
6620 0 0 -0.000107
6625 0 0 -0.000139
6630 0 0 -0.000156
6635 0 0 -0.000141
6640 0 0 -0.000111
6645 0 0 -0.000090
6650 0 0 -0.000097
6655 0 0 -0.000118
6660 0 0 -0.000132
6665 0 0 -0.000126
6670 0 0 -0.000113
6675 0 0 -0.000114
6680 0 0 -0.000143
6685 0 0 -0.000183
6690 0 0 -0.000210
6695 0 0 -0.000206
6700 0 0 -0.000178
6705 0 0 -0.000138
6710 0 0 -0.000100
6715 0 0 -0.000073
6720 0 0 -0.000066
6725 0 0 -0.000085
6730 0 0 -0.000115
6735 0 0 -0.000138
6740 0 0 -0.000140
6745 0 0 -0.000130
6750 0 0 -0.000120
6755 0 0 -0.000120
6760 0 0 -0.000130
6765 0 0 -0.000144
6770 0 0 -0.000157
6775 0 0 -0.000162
6780 0 0 -0.000150
6785 0 0 -0.000119
6790 0 0 -0.000099
6795 0 0 -0.000126
6800 0 0 -0.000229
6805 0 0 -0.000407
6810 0 0 -0.000654
6815 0 0 -0.000941
6820 0 0 -0.001160
6825 0 0 -0.001182
6830 0 0 -0.000933
6835 0 0 -0.000555
6840 0 0 -0.000246
6845 0 0 -0.000150
6850 0 0 -0.000204
6855 0 0 -0.000288
6860 0 0 -0.000314
6865 0 0 -0.000300
6870 0 0 -0.000294
6875 0 0 -0.000327
6880 0 0 -0.000373
6885 0 0 -0.000390
6890 0 0 -0.000351
6895 0 0 -0.000283
6900 0 0 -0.000228
6905 0 0 -0.000217
6910 0 0 -0.000232
6915 0 0 -0.000246
6920 0 0 -0.000238
6925 0 0 -0.000217
6930 0 0 -0.000204
6935 0 0 -0.000211
6940 0 0 -0.000232
6945 0 0 -0.000258
6950 0 0 -0.000278
6955 0 0 -0.000284
6960 0 0 -0.000270
6965 0 0 -0.000234
6970 0 0 -0.000200
6975 0 0 -0.000198
6980 0 0 -0.000244
6985 0 0 -0.000306
6990 0 0 -0.000336
6995 0 0 -0.000303
7000 0 0 -0.000233
7005 0 0 -0.000168
7010 0 0 -0.000139
7015 0 0 -0.000142
7020 0 0 -0.000162
7025 0 0 -0.000187
7030 0 0 -0.000208
7035 0 0 -0.000216
7040 0 0 -0.000207
7045 0 0 -0.000192
7050 0 0 -0.000186
7055 0 0 -0.000198
7060 0 0 -0.000219
7065 0 0 -0.000234
7070 0 0 -0.000232
7075 0 0 -0.000219
7080 0 0 -0.000204
7085 0 0 -0.000196
7090 0 0 -0.000193
7095 0 0 -0.000192
7100 0 0 -0.000190
7105 0 0 -0.000184
7110 0 0 -0.000168
7115 0 0 -0.000142
7120 0 0 -0.000115
7125 0 0 -0.000096
7130 0 0 -0.000094
7135 0 0 -0.000101
7140 0 0 -0.000108
7145 0 0 -0.000106
7150 0 0 -0.000095
7155 0 0 -0.000078
7160 0 0 -0.000059
7165 0 0 -0.000047
7170 0 0 -0.000054
7175 0 0 -0.000085
7180 0 0 -0.000123
7185 0 0 -0.000144
7190 0 0 -0.000133
7195 0 0 -0.000105
7200 0 0 -0.000084
7205 0 0 -0.000087
7210 0 0 -0.000106
7215 0 0 -0.000126
7220 0 0 -0.000135
7225 0 0 -0.000134
7230 0 0 -0.000126
7235 0 0 -0.000113
7240 0 0 -0.000099
7245 0 0 -0.000084
7250 0 0 -0.000072
7255 0 0 -0.000064
7260 0 0 -0.000066
7265 0 0 -0.000077
7270 0 0 -0.000089
7275 0 0 -0.000090
7280 0 0 -0.000073
7285 0 0 -0.000051
7290 0 0 -0.000042
7295 0 0 -0.000056
7300 0 0 -0.000081
7305 0 0 -0.000096
7310 0 0 -0.000088
7315 0 0 -0.000070
7320 0 0 -0.000060
7325 0 0 -0.000071
7330 0 0 -0.000092
7335 0 0 -0.000108
7340 0 0 -0.000107
7345 0 0 -0.000096
7350 0 0 -0.000084
7355 0 0 -0.000079
7360 0 0 -0.000082
7365 0 0 -0.000090
7370 0 0 -0.000100
7375 0 0 -0.000106
7380 0 0 -0.000102
7385 0 0 -0.000084
7390 0 0 -0.000063
7395 0 0 -0.000054
7400 0 0 -0.000067
7405 0 0 -0.000087
7410 0 0 -0.000096
7415 0 0 -0.000080
7420 0 0 -0.000055
7425 0 0 -0.000042
7430 0 0 -0.000056
7435 0 0 -0.000081
7440 0 0 -0.000096
7445 0 0 -0.000085
7450 0 0 -0.000061
7455 0 0 -0.000048
7460 0 0 -0.000060
7465 0 0 -0.000084
7470 0 0 -0.000102
7475 0 0 -0.000100
7480 0 0 -0.000087
7485 0 0 -0.000078
7490 0 0 -0.000082
7495 0 0 -0.000094
7500 0 0 -0.000102
7505 0 0 -0.000100
7510 0 0 -0.000092
7515 0 0 -0.000084
7520 0 0 -0.000082
7525 0 0 -0.000084
7530 0 0 -0.000084
7535 0 0 -0.000079
7540 0 0 -0.000072
7545 0 0 -0.000066
7550 0 0 -0.000065
7555 0 0 -0.000068
7560 0 0 -0.000072
7565 0 0 -0.000075
7570 0 0 -0.000076
7575 0 0 -0.000072
7580 0 0 -0.000063
7585 0 0 -0.000055
7590 0 0 -0.000054
7595 0 0 -0.000064
7600 0 0 -0.000077
7605 0 0 -0.000084
7610 0 0 -0.000078
7615 0 0 -0.000067
7620 0 0 -0.000060
7625 0 0 -0.000066
7630 0 0 -0.000086
7635 0 0 -0.000120
7640 0 0 -0.000164
7645 0 0 -0.000206
7650 0 0 -0.000234
7655 0 0 -0.000237
7660 0 0 -0.000223
7665 0 0 -0.000204
7670 0 0 -0.000190
7675 0 0 -0.000182
7680 0 0 -0.000180
7685 0 0 -0.000184
7690 0 0 -0.000189
7695 0 0 -0.000192
7700 0 0 -0.000189
7705 0 0 -0.000180
7710 0 0 -0.000168
7715 0 0 -0.000154
7720 0 0 -0.000141
7725 0 0 -0.000132
7730 0 0 -0.000130
7735 0 0 -0.000135
7740 0 0 -0.000144
7745 0 0 -0.000157
7750 0 0 -0.000173
7755 0 0 -0.000192
7760 0 0 -0.000213
7765 0 0 -0.000231
7770 0 0 -0.000240
7775 0 0 -0.000237
7780 0 0 -0.000226
7785 0 0 -0.000210
7790 0 0 -0.000194
7795 0 0 -0.000182
7800 0 0 -0.000174
7805 0 0 -0.000173
7810 0 0 -0.000176
7815 0 0 -0.000180
7820 0 0 -0.000182
7825 0 0 -0.000179
7830 0 0 -0.000168
7835 0 0 -0.000150
7840 0 0 -0.000134
7845 0 0 -0.000132
7850 0 0 -0.000150
7855 0 0 -0.000175
7860 0 0 -0.000186
7865 0 0 -0.000172
7870 0 0 -0.000147
7875 0 0 -0.000132
7880 0 0 -0.000142
7885 0 0 -0.000161
7890 0 0 -0.000168
7895 0 0 -0.000149
7900 0 0 -0.000122
7905 0 0 -0.000114
7910 0 0 -0.000143
7915 0 0 -0.000201
7920 0 0 -0.000270
7925 0 0 -0.000332
7930 0 0 -0.000366
7935 0 0 -0.000348
7940 0 0 -0.000267
7945 0 0 -0.000162
7950 0 0 -0.000084
7955 0 0 -0.000069
7960 0 0 -0.000096
7965 0 0 -0.000126
7970 0 0 -0.000132
7975 0 0 -0.000118
7980 0 0 -0.000096
7985 0 0 -0.000077
7990 0 0 -0.000068
7995 0 0 -0.000072
8000 0 0 -0.000090
8005 0 0 -0.000111
8010 0 0 -0.000120
8015 0 0 -0.000106
8020 0 0 -0.000082
8025 0 0 -0.000066
8030 0 0 -0.000070
8035 0 0 -0.000086
8040 0 0 -0.000102
8045 0 0 -0.000109
8050 0 0 -0.000113
8055 0 0 -0.000120
8060 0 0 -0.000137
8065 0 0 -0.000156
8070 0 0 -0.000168
8075 0 0 -0.000166
8080 0 0 -0.000152
8085 0 0 -0.000132
8090 0 0 -0.000111
8095 0 0 -0.000099
8100 0 0 -0.000108
8105 0 0 -0.000142
8110 0 0 -0.000180
8115 0 0 -0.000198
8120 0 0 -0.000178
8125 0 0 -0.000141
8130 0 0 -0.000114
8135 0 0 -0.000119
8140 0 0 -0.000139
8145 0 0 -0.000150
8150 0 0 -0.000136
8155 0 0 -0.000111
8160 0 0 -0.000096
8165 0 0 -0.000107
8170 0 0 -0.000130
8175 0 0 -0.000144
8180 0 0 -0.000137
8185 0 0 -0.000134
8190 0 0 -0.000168
8195 0 0 -0.000256
8200 0 0 -0.000353
8205 0 0 -0.000396
8210 0 0 -0.000344
8215 0 0 -0.000241
8220 0 0 -0.000150
8225 0 0 -0.000120
8230 0 0 -0.000131
8235 0 0 -0.000150
8240 0 0 -0.000152
8245 0 0 -0.000156
8250 0 0 -0.000192
8255 0 0 -0.000276
8260 0 0 -0.000373
8265 0 0 -0.000432
8270 0 0 -0.000421
8275 0 0 -0.000371
8280 0 0 -0.000330
8285 0 0 -0.000331
8290 0 0 -0.000353
8295 0 0 -0.000360
8300 0 0 -0.000327
8305 0 0 -0.000272
8310 0 0 -0.000222
8315 0 0 -0.000198
8320 0 0 -0.000192
8325 0 0 -0.000186
8330 0 0 -0.000173
8335 0 0 -0.000178
8340 0 0 -0.000234
8345 0 0 -0.000357
8350 0 0 -0.000489
8355 0 0 -0.000552
8360 0 0 -0.000496
8365 0 0 -0.000370
8370 0 0 -0.000252
8375 0 0 -0.000200
8380 0 0 -0.000203
8385 0 0 -0.000234
8390 0 0 -0.000267
8395 0 0 -0.000287
8400 0 0 -0.000282
8405 0 0 -0.000245
8410 0 0 -0.000199
8415 0 0 -0.000174
8420 0 0 -0.000188
8425 0 0 -0.000222
8430 0 0 -0.000246
8435 0 0 -0.000237
8440 0 0 -0.000207
8445 0 0 -0.000174
8450 0 0 -0.000153
8455 0 0 -0.000146
8460 0 0 -0.000150
8465 0 0 -0.000163
8470 0 0 -0.000178
8475 0 0 -0.000186
8480 0 0 -0.000181
8485 0 0 -0.000170
8490 0 0 -0.000162
8495 0 0 -0.000163
8500 0 0 -0.000171
8505 0 0 -0.000180
8510 0 0 -0.000184
8515 0 0 -0.000183
8520 0 0 -0.000174
8525 0 0 -0.000159
8530 0 0 -0.000146
8535 0 0 -0.000144
8540 0 0 -0.000158
8545 0 0 -0.000175
8550 0 0 -0.000174
8555 0 0 -0.000144
8560 0 0 -0.000100
8565 0 0 -0.000066
8570 0 0 -0.000059
8575 0 0 -0.000071
8580 0 0 -0.000090
8585 0 0 -0.000103
8590 0 0 -0.000106
8595 0 0 -0.000096
8600 0 0 -0.000074
8605 0 0 -0.000053
8610 0 0 -0.000048
8615 0 0 -0.000070
8620 0 0 -0.000101
8625 0 0 -0.000120
8630 0 0 -0.000110
8635 0 0 -0.000086
8640 0 0 -0.000072
8645 0 0 -0.000083
8650 0 0 -0.000108
8655 0 0 -0.000132
8660 0 0 -0.000141
8665 0 0 -0.000139
8670 0 0 -0.000132
8675 0 0 -0.000126
8680 0 0 -0.000118
8685 0 0 -0.000102
8690 0 0 -0.000077
8695 0 0 -0.000054
8700 0 0 -0.000048
8705 0 0 -0.000066
8710 0 0 -0.000094
8715 0 0 -0.000108
8720 0 0 -0.000094
8725 0 0 -0.000067
8730 0 0 -0.000048
8735 0 0 -0.000052
8740 0 0 -0.000069
8745 0 0 -0.000084
8750 0 0 -0.000086
8755 0 0 -0.000077
8760 0 0 -0.000066
8765 0 0 -0.000059
8770 0 0 -0.000060
8775 0 0 -0.000072
8780 0 0 -0.000095
8785 0 0 -0.000118
8790 0 0 -0.000126
8795 0 0 -0.000110
8800 0 0 -0.000085
8805 0 0 -0.000072
8810 0 0 -0.000085
8815 0 0 -0.000108
8820 0 0 -0.000120
8825 0 0 -0.000104
8830 0 0 -0.000075
8835 0 0 -0.000054
8840 0 0 -0.000055
8845 0 0 -0.000071
8850 0 0 -0.000084
8855 0 0 -0.000085
8860 0 0 -0.000076
8865 0 0 -0.000066
8870 0 0 -0.000061
8875 0 0 -0.000061
8880 0 0 -0.000066
8885 0 0 -0.000074
8890 0 0 -0.000080
8895 0 0 -0.000078
8900 0 0 -0.000066
8905 0 0 -0.000053
8910 0 0 -0.000054
8915 0 0 -0.000075
8920 0 0 -0.000104
8925 0 0 -0.000120
8930 0 0 -0.000111
8935 0 0 -0.000091
8940 0 0 -0.000078
8945 0 0 -0.000087
8950 0 0 -0.000105
8955 0 0 -0.000114
8960 0 0 -0.000102
8965 0 0 -0.000081
8970 0 0 -0.000066
8975 0 0 -0.000069
8980 0 0 -0.000082
8985 0 0 -0.000090
8990 0 0 -0.000084
8995 0 0 -0.000070
9000 0 0 -0.000060
9005 0 0 -0.000061
9010 0 0 -0.000068
9015 0 0 -0.000072
9020 0 0 -0.000066
9025 0 0 -0.000057
9030 0 0 -0.000054
9035 0 0 -0.000063
9040 0 0 -0.000076
9045 0 0 -0.000084
9050 0 0 -0.000079
9055 0 0 -0.000070
9060 0 0 -0.000066
9065 0 0 -0.000076
9070 0 0 -0.000091
9075 0 0 -0.000102
9080 0 0 -0.000102
9085 0 0 -0.000109
9090 0 0 -0.000144
9095 0 0 -0.000218
9100 0 0 -0.000296
9105 0 0 -0.000330
9110 0 0 -0.000291
9115 0 0 -0.000213
9120 0 0 -0.000150
9125 0 0 -0.000139
9130 0 0 -0.000163
9135 0 0 -0.000192
9140 0 0 -0.000202
9145 0 0 -0.000196
9150 0 0 -0.000180
9155 0 0 -0.000162
9160 0 0 -0.000146
9165 0 0 -0.000132
9170 0 0 -0.000122
9175 0 0 -0.000116
9180 0 0 -0.000114
9185 0 0 -0.000115
9190 0 0 -0.000119
9195 0 0 -0.000126
9200 0 0 -0.000136
9205 0 0 -0.000147
9210 0 0 -0.000156
9215 0 0 -0.000160
9220 0 0 -0.000157
9225 0 0 -0.000144
9230 0 0 -0.000121
9235 0 0 -0.000097
9240 0 0 -0.000084
9245 0 0 -0.000089
9250 0 0 -0.000101
9255 0 0 -0.000108
9260 0 0 -0.000099
9265 0 0 -0.000081
9270 0 0 -0.000066
9275 0 0 -0.000063
9280 0 0 -0.000068
9285 0 0 -0.000072
9290 0 0 -0.000071
9295 0 0 -0.000065
9300 0 0 -0.000060
9305 0 0 -0.000057
9310 0 0 -0.000059
9315 0 0 -0.000066
9320 0 0 -0.000077
9325 0 0 -0.000084
9330 0 0 -0.000078
9335 0 0 -0.000056
9340 0 0 -0.000040
9345 0 0 -0.000060
9350 0 0 -0.000133
9355 0 0 -0.000226
9360 0 0 -0.000294
9365 0 0 -0.000304
9370 0 0 -0.000270
9375 0 0 -0.000216
9380 0 0 -0.000164
9385 0 0 -0.000125
9390 0 0 -0.000108
9395 0 0 -0.000116
9400 0 0 -0.000134
9405 0 0 -0.000138
9410 0 0 -0.000116
9415 0 0 -0.000082
9420 0 0 -0.000060
9425 0 0 -0.000066
9430 0 0 -0.000088
9435 0 0 -0.000108
9440 0 0 -0.000112
9445 0 0 -0.000103
9450 0 0 -0.000090
9455 0 0 -0.000079
9460 0 0 -0.000074
9465 0 0 -0.000078
9470 0 0 -0.000090
9475 0 0 -0.000102
9480 0 0 -0.000102
9485 0 0 -0.000084
9490 0 0 -0.000066
9495 0 0 -0.000072
9500 0 0 -0.000116
9505 0 0 -0.000174
9510 0 0 -0.000210
9515 0 0 -0.000200
9520 0 0 -0.000163
9525 0 0 -0.000126
9530 0 0 -0.000111
9535 0 0 -0.000114
9540 0 0 -0.000120
9545 0 0 -0.000120
9550 0 0 -0.000114
9555 0 0 -0.000102
9560 0 0 -0.000087
9565 0 0 -0.000080
9570 0 0 -0.000090
9575 0 0 -0.000124
9580 0 0 -0.000164
9585 0 0 -0.000186
9590 0 0 -0.000175
9595 0 0 -0.000150
9600 0 0 -0.000138
9605 0 0 -0.000158
9610 0 0 -0.000191
9615 0 0 -0.000210
9620 0 0 -0.000196
9625 0 0 -0.000168
9630 0 0 -0.000150
9635 0 0 -0.000162
9640 0 0 -0.000189
9645 0 0 -0.000210
9650 0 0 -0.000208
9655 0 0 -0.000193
9660 0 0 -0.000180
9665 0 0 -0.000180
9670 0 0 -0.000190
9675 0 0 -0.000204
9680 0 0 -0.000216
9685 0 0 -0.000224
9690 0 0 -0.000228
9695 0 0 -0.000231
9700 0 0 -0.000247
9705 0 0 -0.000294
9710 0 0 -0.000377
9715 0 0 -0.000453
9720 0 0 -0.000468
9725 0 0 -0.000388
9730 0 0 -0.000262
9735 0 0 -0.000162
9740 0 0 -0.000140
9745 0 0 -0.000169
9750 0 0 -0.000204
9755 0 0 -0.000210
9760 0 0 -0.000195
9765 0 0 -0.000174
9770 0 0 -0.000162
9775 0 0 -0.000159
9780 0 0 -0.000162
9785 0 0 -0.000168
9790 0 0 -0.000181
9795 0 0 -0.000204
9800 0 0 -0.000239
9805 0 0 -0.000279
9810 0 0 -0.000312
9815 0 0 -0.000329
9820 0 0 -0.000328
9825 0 0 -0.000306
9830 0 0 -0.000266
9835 0 0 -0.000222
9840 0 0 -0.000192
9845 0 0 -0.000187
9850 0 0 -0.000198
9855 0 0 -0.000210
9860 0 0 -0.000211
9865 0 0 -0.000203
9870 0 0 -0.000192
9875 0 0 -0.000183
9880 0 0 -0.000180
9885 0 0 -0.000186
9890 0 0 -0.000201
9895 0 0 -0.000215
9900 0 0 -0.000216
9905 0 0 -0.000198
9910 0 0 -0.000176
9915 0 0 -0.000168
9920 0 0 -0.000188
9925 0 0 -0.000221
9930 0 0 -0.000246
9935 0 0 -0.000247
9940 0 0 -0.000232
9945 0 0 -0.000216
9950 0 0 -0.000209
9955 0 0 -0.000211
9960 0 0 -0.000216
9965 0 0 -0.000221
9970 0 0 -0.000222
9975 0 0 -0.000216
9980 0 0 -0.000201
9985 0 0 -0.000182
9990 0 0 -0.000168
9995 0 0 -0.000165
10000 0 0 -0.000173
10005 0 0 -0.000192
10010 0 0 -0.000217
10015 0 0 -0.000236
10020 0 0 -0.000234
10025 0 0 -0.000201
10030 0 0 -0.000154
10035 0 0 -0.000114
10040 0 0 -0.000097
10045 0 0 -0.000100
10050 0 0 -0.000114
10055 0 0 -0.000130
10060 0 0 -0.000145
10065 0 0 -0.000156
10070 0 0 -0.000161
10075 0 0 -0.000158
