     0  0.000e+00  0.000e+00 -6.181e-05
     5  0.000e+00  0.000e+00 -5.658e-05
    10  0.000e+00  0.000e+00 -5.096e-05
    15  0.000e+00  0.000e+00 -4.508e-05
    20  0.000e+00  0.000e+00 -3.910e-05
    25  0.000e+00  0.000e+00 -3.317e-05
    30  0.000e+00  0.000e+00 -2.746e-05
    35  0.000e+00  0.000e+00 -2.211e-05
    40  0.000e+00  0.000e+00 -1.726e-05
    45  0.000e+00  0.000e+00 -1.306e-05
    50  0.000e+00  0.000e+00 -9.612e-06
    55  0.000e+00  0.000e+00 -7.019e-06
    60  0.000e+00  0.000e+00 -5.360e-06
    65  0.000e+00  0.000e+00 -4.692e-06
    70  0.000e+00  0.000e+00 -5.049e-06
    75  0.000e+00  0.000e+00 -6.441e-06
    80  0.000e+00  0.000e+00 -8.856e-06
    85  0.000e+00  0.000e+00 -1.226e-05
    90  0.000e+00  0.000e+00 -1.658e-05
    95  0.000e+00  0.000e+00 -2.176e-05
   100  0.000e+00  0.000e+00 -2.769e-05
   105  0.000e+00  0.000e+00 -3.425e-05
   110  0.000e+00  0.000e+00 -4.133e-05
   115  0.000e+00  0.000e+00 -4.878e-05
   120  0.000e+00  0.000e+00 -5.647e-05
   125  0.000e+00  0.000e+00 -6.424e-05
   130  0.000e+00  0.000e+00 -7.196e-05
   135  0.000e+00  0.000e+00 -7.948e-05
   140  0.000e+00  0.000e+00 -8.667e-05
   145  0.000e+00  0.000e+00 -9.340e-05
   150  0.000e+00  0.000e+00 -9.957e-05
   155  0.000e+00  0.000e+00 -1.051e-04
   160  0.000e+00  0.000e+00 -1.098e-04
   165  0.000e+00  0.000e+00 -1.138e-04
   170  0.000e+00  0.000e+00 -1.169e-04
   175  0.000e+00  0.000e+00 -1.192e-04
   180  0.000e+00  0.000e+00 -1.206e-04
   185  0.000e+00  0.000e+00 -1.211e-04
   190  0.000e+00  0.000e+00 -1.208e-04
   195  0.000e+00  0.000e+00 -1.198e-04
   200  0.000e+00  0.000e+00 -1.181e-04
   205  0.000e+00  0.000e+00 -1.157e-04
   210  0.000e+00  0.000e+00 -1.128e-04
   215  0.000e+00  0.000e+00 -1.095e-04
   220  0.000e+00  0.000e+00 -1.059e-04
   225  0.000e+00  0.000e+00 -1.020e-04
   230  0.000e+00  0.000e+00 -9.803e-05
   235  0.000e+00  0.000e+00 -9.404e-05
   240  0.000e+00  0.000e+00 -9.014e-05
   245  0.000e+00  0.000e+00 -8.641e-05
   250  0.000e+00  0.000e+00 -8.294e-05
   255  0.000e+00  0.000e+00 -7.981e-05
   260  0.000e+00  0.000e+00 -7.708e-05
   265  0.000e+00  0.000e+00 -7.478e-05
   270  0.000e+00  0.000e+00 -7.297e-05
   275  0.000e+00  0.000e+00 -7.167e-05
   280  0.000e+00  0.000e+00 -7.087e-05
   285  0.000e+00  0.000e+00 -7.059e-05
   290  0.000e+00  0.000e+00 -7.079e-05
   295  0.000e+00  0.000e+00 -7.147e-05
   300  0.000e+00  0.000e+00 -7.259e-05
   305  0.000e+00  0.000e+00 -7.409e-05
   310  0.000e+00  0.000e+00 -7.593e-05
   315  0.000e+00  0.000e+00 -7.806e-05
   320  0.000e+00  0.000e+00 -8.041e-05
   325  0.000e+00  0.000e+00 -8.293e-05
   330  0.000e+00  0.000e+00 -8.554e-05
   335  0.000e+00  0.000e+00 -8.819e-05
   340  0.000e+00  0.000e+00 -9.082e-05
   345  0.000e+00  0.000e+00 -9.336e-05
   350  0.000e+00  0.000e+00 -9.578e-05
   355  0.000e+00  0.000e+00 -9.801e-05
   360  0.000e+00  0.000e+00 -1.000e-04
   365  0.000e+00  0.000e+00 -1.017e-04
   370  0.000e+00  0.000e+00 -1.032e-04
   375  0.000e+00  0.000e+00 -1.043e-04
   380  0.000e+00  0.000e+00 -1.051e-04
   385  0.000e+00  0.000e+00 -1.055e-04
   390  0.000e+00  0.000e+00 -1.055e-04
   395  0.000e+00  0.000e+00 -1.051e-04
   400  0.000e+00  0.000e+00 -1.044e-04
   405  0.000e+00  0.000e+00 -1.033e-04
   410  0.000e+00  0.000e+00 -1.018e-04
   415  0.000e+00  0.000e+00 -9.989e-05
   420  0.000e+00  0.000e+00 -9.764e-05
   425  0.000e+00  0.000e+00 -9.505e-05
   430  0.000e+00  0.000e+00 -9.212e-05
   435  0.000e+00  0.000e+00 -8.886e-05
   440  0.000e+00  0.000e+00 -8.530e-05
   445  0.000e+00  0.000e+00 -8.146e-05
   450  0.000e+00  0.000e+00 -7.736e-05
   455  0.000e+00  0.000e+00 -7.303e-05
   460  0.000e+00  0.000e+00 -6.849e-05
   465  0.000e+00  0.000e+00 -6.378e-05
   470  0.000e+00  0.000e+00 -5.893e-05
   475  0.000e+00  0.000e+00 -5.398e-05
   480  0.000e+00  0.000e+00 -4.897e-05
   485  0.000e+00  0.000e+00 -4.394e-05
   490  0.000e+00  0.000e+00 -3.895e-05
   495  0.000e+00  0.000e+00 -3.404e-05
   500  0.000e+00  0.000e+00 -2.926e-05
   505  0.000e+00  0.000e+00 -2.469e-05
   510  0.000e+00  0.000e+00 -2.036e-05
   515  0.000e+00  0.000e+00 -1.634e-05
   520  0.000e+00  0.000e+00 -1.268e-05
   525  0.000e+00  0.000e+00 -9.452e-06
   530  0.000e+00  0.000e+00 -6.694e-06
   535  0.000e+00  0.000e+00 -4.458e-06
   540  0.000e+00  0.000e+00 -2.789e-06
   545  0.000e+00  0.000e+00 -1.724e-06
   550  0.000e+00  0.000e+00 -1.293e-06
   555  0.000e+00  0.000e+00 -1.515e-06
   560  0.000e+00  0.000e+00 -2.403e-06
   565  0.000e+00  0.000e+00 -3.957e-06
   570  0.000e+00  0.000e+00 -6.165e-06
   575  0.000e+00  0.000e+00 -9.006e-06
   580  0.000e+00  0.000e+00 -1.245e-05
   585  0.000e+00  0.000e+00 -1.644e-05
   590  0.000e+00  0.000e+00 -2.092e-05
   595  0.000e+00  0.000e+00 -2.584e-05
   600  0.000e+00  0.000e+00 -3.111e-05
   605  0.000e+00  0.000e+00 -3.665e-05
   610  0.000e+00  0.000e+00 -4.236e-05
   615  0.000e+00  0.000e+00 -4.815e-05
   620  0.000e+00  0.000e+00 -5.393e-05
   625  0.000e+00  0.000e+00 -5.958e-05
   630  0.000e+00  0.000e+00 -6.503e-05
   635  0.000e+00  0.000e+00 -7.016e-05
   640  0.000e+00  0.000e+00 -7.489e-05
   645  0.000e+00  0.000e+00 -7.915e-05
   650  0.000e+00  0.000e+00 -8.286e-05
   655  0.000e+00  0.000e+00 -8.595e-05
   660  0.000e+00  0.000e+00 -8.840e-05
   665  0.000e+00  0.000e+00 -9.016e-05
   670  0.000e+00  0.000e+00 -9.121e-05
   675  0.000e+00  0.000e+00 -9.156e-05
   680  0.000e+00  0.000e+00 -9.123e-05
   685  0.000e+00  0.000e+00 -9.023e-05
   690  0.000e+00  0.000e+00 -8.862e-05
   695  0.000e+00  0.000e+00 -8.646e-05
   700  0.000e+00  0.000e+00 -8.382e-05
   705  0.000e+00  0.000e+00 -8.078e-05
   710  0.000e+00  0.000e+00 -7.744e-05
   715  0.000e+00  0.000e+00 -7.388e-05
   720  0.000e+00  0.000e+00 -7.021e-05
   725  0.000e+00  0.000e+00 -6.654e-05
   730  0.000e+00  0.000e+00 -6.296e-05
   735  0.000e+00  0.000e+00 -5.957e-05
   740  0.000e+00  0.000e+00 -5.647e-05
   745  0.000e+00  0.000e+00 -5.374e-05
   750  0.000e+00  0.000e+00 -5.145e-05
   755  0.000e+00  0.000e+00 -4.965e-05
   760  0.000e+00  0.000e+00 -4.840e-05
   765  0.000e+00  0.000e+00 -4.772e-05
   770  0.000e+00  0.000e+00 -4.762e-05
   775  0.000e+00  0.000e+00 -4.811e-05
   780  0.000e+00  0.000e+00 -4.917e-05
   785  0.000e+00  0.000e+00 -5.075e-05
   790  0.000e+00  0.000e+00 -5.282e-05
   795  0.000e+00  0.000e+00 -5.530e-05
   800  0.000e+00  0.000e+00 -5.813e-05
   805  0.000e+00  0.000e+00 -6.122e-05
   810  0.000e+00  0.000e+00 -6.449e-05
   815  0.000e+00  0.000e+00 -6.782e-05
   820  0.000e+00  0.000e+00 -7.114e-05
   825  0.000e+00  0.000e+00 -7.435e-05
   830  0.000e+00  0.000e+00 -7.734e-05
   835  0.000e+00  0.000e+00 -8.004e-05
   840  0.000e+00  0.000e+00 -8.237e-05
   845  0.000e+00  0.000e+00 -8.425e-05
   850  0.000e+00  0.000e+00 -8.564e-05
   855  0.000e+00  0.000e+00 -8.650e-05
   860  0.000e+00  0.000e+00 -8.678e-05
   865  0.000e+00  0.000e+00 -8.650e-05
   870  0.000e+00  0.000e+00 -8.564e-05
   875  0.000e+00  0.000e+00 -8.423e-05
   880  0.000e+00  0.000e+00 -8.230e-05
   885  0.000e+00  0.000e+00 -7.992e-05
   890  0.000e+00  0.000e+00 -7.712e-05
   895  0.000e+00  0.000e+00 -7.400e-05
   900  0.000e+00  0.000e+00 -7.063e-05
   905  0.000e+00  0.000e+00 -6.709e-05
   910  0.000e+00  0.000e+00 -6.349e-05
   915  0.000e+00  0.000e+00 -5.990e-05
   920  0.000e+00  0.000e+00 -5.643e-05
   925  0.000e+00  0.000e+00 -5.316e-05
   930  0.000e+00  0.000e+00 -5.018e-05
   935  0.000e+00  0.000e+00 -4.755e-05
   940  0.000e+00  0.000e+00 -4.535e-05
   945  0.000e+00  0.000e+00 -4.361e-05
   950  0.000e+00  0.000e+00 -4.239e-05
   955  0.000e+00  0.000e+00 -4.170e-05
   960  0.000e+00  0.000e+00 -4.156e-05
   965  0.000e+00  0.000e+00 -4.196e-05
   970  0.000e+00  0.000e+00 -4.289e-05
   975  0.000e+00  0.000e+00 -4.431e-05
   980  0.000e+00  0.000e+00 -4.618e-05
   985  0.000e+00  0.000e+00 -4.845e-05
   990  0.000e+00  0.000e+00 -5.105e-05
   995  0.000e+00  0.000e+00 -5.392e-05
  1000  0.000e+00  0.000e+00 -5.700e-05
  1005  0.000e+00  0.000e+00 -6.019e-05
  1010  0.000e+00  0.000e+00 -6.343e-05
  1015  0.000e+00  0.000e+00 -6.665e-05
  1020  0.000e+00  0.000e+00 -6.977e-05
  1025  0.000e+00  0.000e+00 -7.275e-05
  1030  0.000e+00  0.000e+00 -7.553e-05
  1035  0.000e+00  0.000e+00 -7.806e-05
  1040  0.000e+00  0.000e+00 -8.032e-05
  1045  0.000e+00  0.000e+00 -8.229e-05
  1050  0.000e+00  0.000e+00 -8.395e-05
  1055  0.000e+00  0.000e+00 -8.532e-05
  1060  0.000e+00  0.000e+00 -8.641e-05
  1065  0.000e+00  0.000e+00 -8.725e-05
  1070  0.000e+00  0.000e+00 -8.786e-05
  1075  0.000e+00  0.000e+00 -8.830e-05
  1080  0.000e+00  0.000e+00 -8.861e-05
  1085  0.000e+00  0.000e+00 -8.884e-05
  1090  0.000e+00  0.000e+00 -8.904e-05
  1095  0.000e+00  0.000e+00 -8.928e-05
  1100  0.000e+00  0.000e+00 -8.959e-05
  1105  0.000e+00  0.000e+00 -9.002e-05
  1110  0.000e+00  0.000e+00 -9.061e-05
  1115  0.000e+00  0.000e+00 -9.139e-05
  1120  0.000e+00  0.000e+00 -9.238e-05
  1125  0.000e+00  0.000e+00 -9.357e-05
  1130  0.000e+00  0.000e+00 -9.498e-05
  1135  0.000e+00  0.000e+00 -9.657e-05
  1140  0.000e+00  0.000e+00 -9.831e-05
  1145  0.000e+00  0.000e+00 -1.002e-04
  1150  0.000e+00  0.000e+00 -1.021e-04
  1155  0.000e+00  0.000e+00 -1.040e-04
  1160  0.000e+00  0.000e+00 -1.059e-04
  1165  0.000e+00  0.000e+00 -1.076e-04
  1170  0.000e+00  0.000e+00 -1.090e-04
  1175  0.000e+00  0.000e+00 -1.102e-04
  1180  0.000e+00  0.000e+00 -1.109e-04
  1185  0.000e+00  0.000e+00 -1.112e-04
  1190  0.000e+00  0.000e+00 -1.110e-04
  1195  0.000e+00  0.000e+00 -1.101e-04
  1200  0.000e+00  0.000e+00 -1.086e-04
  1205  0.000e+00  0.000e+00 -1.064e-04
  1210  0.000e+00  0.000e+00 -1.035e-04
  1215  0.000e+00  0.000e+00 -9.996e-05
  1220  0.000e+00  0.000e+00 -9.567e-05
  1225  0.000e+00  0.000e+00 -9.074e-05
  1230  0.000e+00  0.000e+00 -8.520e-05
  1235  0.000e+00  0.000e+00 -7.913e-05
  1240  0.000e+00  0.000e+00 -7.260e-05
  1245  0.000e+00  0.000e+00 -6.573e-05
  1250  0.000e+00  0.000e+00 -5.862e-05
  1255  0.000e+00  0.000e+00 -5.140e-05
  1260  0.000e+00  0.000e+00 -4.419e-05
  1265  0.000e+00  0.000e+00 -3.712e-05
  1270  0.000e+00  0.000e+00 -3.034e-05
  1275  0.000e+00  0.000e+00 -2.397e-05
  1280  0.000e+00  0.000e+00 -1.815e-05
  1285  0.000e+00  0.000e+00 -1.297e-05
  1290  0.000e+00  0.000e+00 -8.561e-06
  1295  0.000e+00  0.000e+00 -4.997e-06
  1300  0.000e+00  0.000e+00 -2.351e-06
  1305  0.000e+00  0.000e+00 -6.758e-07
  1310  0.000e+00  0.000e+00 -6.844e-19
  1315  0.000e+00  0.000e+00 -3.305e-07
  1320  0.000e+00  0.000e+00 -1.651e-06
  1325  0.000e+00  0.000e+00 -3.922e-06
  1330  0.000e+00  0.000e+00 -7.083e-06
  1335  0.000e+00  0.000e+00 -1.105e-05
  1340  0.000e+00  0.000e+00 -1.572e-05
  1345  0.000e+00  0.000e+00 -2.098e-05
  1350  0.000e+00  0.000e+00 -2.669e-05
  1355  0.000e+00  0.000e+00 -3.271e-05
  1360  0.000e+00  0.000e+00 -3.888e-05
  1365  0.000e+00  0.000e+00 -4.506e-05
  1370  0.000e+00  0.000e+00 -5.109e-05
  1375  0.000e+00  0.000e+00 -5.681e-05
  1380  0.000e+00  0.000e+00 -6.209e-05
  1385  0.000e+00  0.000e+00 -6.679e-05
  1390  0.000e+00  0.000e+00 -7.080e-05
  1395  0.000e+00  0.000e+00 -7.401e-05
  1400  0.000e+00  0.000e+00 -7.634e-05
  1405  0.000e+00  0.000e+00 -7.775e-05
  1410  0.000e+00  0.000e+00 -7.819e-05
  1415  0.000e+00  0.000e+00 -7.766e-05
  1420  0.000e+00  0.000e+00 -7.617e-05
  1425  0.000e+00  0.000e+00 -7.377e-05
  1430  0.000e+00  0.000e+00 -7.051e-05
  1435  0.000e+00  0.000e+00 -6.649e-05
  1440  0.000e+00  0.000e+00 -6.181e-05
  1445  0.000e+00  0.000e+00 -5.658e-05
  1450  0.000e+00  0.000e+00 -5.096e-05
  1455  0.000e+00  0.000e+00 -4.508e-05
  1460  0.000e+00  0.000e+00 -3.910e-05
  1465  0.000e+00  0.000e+00 -3.317e-05
  1470  0.000e+00  0.000e+00 -2.746e-05
  1475  0.000e+00  0.000e+00 -2.211e-05
  1480  0.000e+00  0.000e+00 -1.726e-05
  1485  0.000e+00  0.000e+00 -1.306e-05
  1490  0.000e+00  0.000e+00 -9.612e-06
  1495  0.000e+00  0.000e+00 -7.019e-06
  1500  0.000e+00  0.000e+00 -5.360e-06
  1505  0.000e+00  0.000e+00 -4.692e-06
  1510  0.000e+00  0.000e+00 -5.049e-06
  1515  0.000e+00  0.000e+00 -6.441e-06
  1520  0.000e+00  0.000e+00 -8.856e-06
  1525  0.000e+00  0.000e+00 -1.226e-05
  1530  0.000e+00  0.000e+00 -1.658e-05
  1535  0.000e+00  0.000e+00 -2.176e-05
  1540  0.000e+00  0.000e+00 -2.769e-05
  1545  0.000e+00  0.000e+00 -3.425e-05
  1550  0.000e+00  0.000e+00 -4.133e-05
  1555  0.000e+00  0.000e+00 -4.878e-05
  1560  0.000e+00  0.000e+00 -5.647e-05
  1565  0.000e+00  0.000e+00 -6.424e-05
  1570  0.000e+00  0.000e+00 -7.196e-05
  1575  0.000e+00  0.000e+00 -7.948e-05
  1580  0.000e+00  0.000e+00 -8.667e-05
  1585  0.000e+00  0.000e+00 -9.340e-05
  1590  0.000e+00  0.000e+00 -9.957e-05
  1595  0.000e+00  0.000e+00 -1.051e-04
  1600  0.000e+00  0.000e+00 -1.098e-04
  1605  0.000e+00  0.000e+00 -1.138e-04
  1610  0.000e+00  0.000e+00 -1.169e-04
  1615  0.000e+00  0.000e+00 -1.192e-04
  1620  0.000e+00  0.000e+00 -1.206e-04
  1625  0.000e+00  0.000e+00 -1.211e-04
  1630  0.000e+00  0.000e+00 -1.208e-04
  1635  0.000e+00  0.000e+00 -1.198e-04
  1640  0.000e+00  0.000e+00 -1.181e-04
  1645  0.000e+00  0.000e+00 -1.157e-04
  1650  0.000e+00  0.000e+00 -1.128e-04
  1655  0.000e+00  0.000e+00 -1.095e-04
  1660  0.000e+00  0.000e+00 -1.059e-04
  1665  0.000e+00  0.000e+00 -1.020e-04
  1670  0.000e+00  0.000e+00 -9.803e-05
  1675  0.000e+00  0.000e+00 -9.404e-05
  1680  0.000e+00  0.000e+00 -9.014e-05
  1685  0.000e+00  0.000e+00 -8.641e-05
  1690  0.000e+00  0.000e+00 -8.294e-05
  1695  0.000e+00  0.000e+00 -7.981e-05
  1700  0.000e+00  0.000e+00 -7.708e-05
  1705  0.000e+00  0.000e+00 -7.478e-05
  1710  0.000e+00  0.000e+00 -7.297e-05
  1715  0.000e+00  0.000e+00 -7.167e-05
  1720  0.000e+00  0.000e+00 -7.087e-05
  1725  0.000e+00  0.000e+00 -7.059e-05
  1730  0.000e+00  0.000e+00 -7.079e-05
  1735  0.000e+00  0.000e+00 -7.147e-05
  1740  0.000e+00  0.000e+00 -7.259e-05
  1745  0.000e+00  0.000e+00 -7.409e-05
  1750  0.000e+00  0.000e+00 -7.593e-05
  1755  0.000e+00  0.000e+00 -7.806e-05
  1760  0.000e+00  0.000e+00 -8.041e-05
  1765  0.000e+00  0.000e+00 -8.293e-05
  1770  0.000e+00  0.000e+00 -8.554e-05
  1775  0.000e+00  0.000e+00 -8.819e-05
  1780  0.000e+00  0.000e+00 -9.082e-05
  1785  0.000e+00  0.000e+00 -9.336e-05
  1790  0.000e+00  0.000e+00 -9.578e-05
  1795  0.000e+00  0.000e+00 -9.801e-05
  1800  0.000e+00  0.000e+00 -1.000e-04
  1805  0.000e+00  0.000e+00 -1.017e-04
  1810  0.000e+00  0.000e+00 -1.032e-04
  1815  0.000e+00  0.000e+00 -1.043e-04
  1820  0.000e+00  0.000e+00 -1.051e-04
  1825  0.000e+00  0.000e+00 -1.055e-04
  1830  0.000e+00  0.000e+00 -1.055e-04
  1835  0.000e+00  0.000e+00 -1.051e-04
  1840  0.000e+00  0.000e+00 -1.044e-04
  1845  0.000e+00  0.000e+00 -1.033e-04
  1850  0.000e+00  0.000e+00 -1.018e-04
  1855  0.000e+00  0.000e+00 -9.989e-05
  1860  0.000e+00  0.000e+00 -9.764e-05
  1865  0.000e+00  0.000e+00 -9.505e-05
  1870  0.000e+00  0.000e+00 -9.212e-05
  1875  0.000e+00  0.000e+00 -8.886e-05
  1880  0.000e+00  0.000e+00 -8.530e-05
  1885  0.000e+00  0.000e+00 -8.146e-05
  1890  0.000e+00  0.000e+00 -7.736e-05
  1895  0.000e+00  0.000e+00 -7.303e-05
  1900  0.000e+00  0.000e+00 -6.849e-05
  1905  0.000e+00  0.000e+00 -6.378e-05
  1910  0.000e+00  0.000e+00 -5.893e-05
  1915  0.000e+00  0.000e+00 -5.398e-05
  1920  0.000e+00  0.000e+00 -4.897e-05
  1925  0.000e+00  0.000e+00 -4.394e-05
  1930  0.000e+00  0.000e+00 -3.895e-05
  1935  0.000e+00  0.000e+00 -3.404e-05
  1940  0.000e+00  0.000e+00 -2.926e-05
  1945  0.000e+00  0.000e+00 -2.469e-05
  1950  0.000e+00  0.000e+00 -2.036e-05
  1955  0.000e+00  0.000e+00 -1.634e-05
  1960  0.000e+00  0.000e+00 -1.268e-05
  1965  0.000e+00  0.000e+00 -9.452e-06
  1970  0.000e+00  0.000e+00 -6.694e-06
  1975  0.000e+00  0.000e+00 -4.458e-06
  1980  0.000e+00  0.000e+00 -2.789e-06
  1985  0.000e+00  0.000e+00 -1.724e-06
  1990  0.000e+00  0.000e+00 -1.293e-06
  1995  0.000e+00  0.000e+00 -1.515e-06
  2000  0.000e+00  0.000e+00 -2.403e-06
  2005  0.000e+00  0.000e+00 -3.957e-06
  2010  0.000e+00  0.000e+00 -6.165e-06
  2015  0.000e+00  0.000e+00 -9.006e-06
  2020  0.000e+00  0.000e+00 -1.245e-05
  2025  0.000e+00  0.000e+00 -1.644e-05
  2030  0.000e+00  0.000e+00 -2.092e-05
  2035  0.000e+00  0.000e+00 -2.584e-05
  2040  0.000e+00  0.000e+00 -3.111e-05
  2045  0.000e+00  0.000e+00 -3.665e-05
  2050  0.000e+00  0.000e+00 -4.236e-05
  2055  0.000e+00  0.000e+00 -4.815e-05
  2060  0.000e+00  0.000e+00 -5.393e-05
  2065  0.000e+00  0.000e+00 -5.958e-05
  2070  0.000e+00  0.000e+00 -6.503e-05
  2075  0.000e+00  0.000e+00 -7.016e-05
  2080  0.000e+00  0.000e+00 -7.489e-05
  2085  0.000e+00  0.000e+00 -7.915e-05
  2090  0.000e+00  0.000e+00 -8.286e-05
  2095  0.000e+00  0.000e+00 -8.595e-05
  2100  0.000e+00  0.000e+00 -8.840e-05
  2105  0.000e+00  0.000e+00 -9.016e-05
  2110  0.000e+00  0.000e+00 -9.121e-05
  2115  0.000e+00  0.000e+00 -9.156e-05
  2120  0.000e+00  0.000e+00 -9.123e-05
  2125  0.000e+00  0.000e+00 -9.023e-05
  2130  0.000e+00  0.000e+00 -8.862e-05
  2135  0.000e+00  0.000e+00 -8.646e-05
  2140  0.000e+00  0.000e+00 -8.382e-05
  2145  0.000e+00  0.000e+00 -8.078e-05
  2150  0.000e+00  0.000e+00 -7.744e-05
  2155  0.000e+00  0.000e+00 -7.388e-05
  2160  0.000e+00  0.000e+00 -7.021e-05
  2165  0.000e+00  0.000e+00 -6.654e-05
  2170  0.000e+00  0.000e+00 -6.296e-05
  2175  0.000e+00  0.000e+00 -5.957e-05
  2180  0.000e+00  0.000e+00 -5.647e-05
  2185  0.000e+00  0.000e+00 -5.374e-05
  2190  0.000e+00  0.000e+00 -5.145e-05
  2195  0.000e+00  0.000e+00 -4.965e-05
  2200  0.000e+00  0.000e+00 -4.840e-05
  2205  0.000e+00  0.000e+00 -4.772e-05
  2210  0.000e+00  0.000e+00 -4.762e-05
  2215  0.000e+00  0.000e+00 -4.811e-05
  2220  0.000e+00  0.000e+00 -4.917e-05
  2225  0.000e+00  0.000e+00 -5.075e-05
  2230  0.000e+00  0.000e+00 -5.282e-05
  2235  0.000e+00  0.000e+00 -5.530e-05
  2240  0.000e+00  0.000e+00 -5.813e-05
  2245  0.000e+00  0.000e+00 -6.122e-05
  2250  0.000e+00  0.000e+00 -6.449e-05
  2255  0.000e+00  0.000e+00 -6.782e-05
  2260  0.000e+00  0.000e+00 -7.114e-05
  2265  0.000e+00  0.000e+00 -7.435e-05
  2270  0.000e+00  0.000e+00 -7.734e-05
  2275  0.000e+00  0.000e+00 -8.004e-05
  2280  0.000e+00  0.000e+00 -8.237e-05
  2285  0.000e+00  0.000e+00 -8.425e-05
  2290  0.000e+00  0.000e+00 -8.564e-05
  2295  0.000e+00  0.000e+00 -8.650e-05
  2300  0.000e+00  0.000e+00 -8.678e-05
  2305  0.000e+00  0.000e+00 -8.650e-05
  2310  0.000e+00  0.000e+00 -8.564e-05
  2315  0.000e+00  0.000e+00 -8.423e-05
  2320  0.000e+00  0.000e+00 -8.230e-05
  2325  0.000e+00  0.000e+00 -7.992e-05
  2330  0.000e+00  0.000e+00 -7.712e-05
  2335  0.000e+00  0.000e+00 -7.400e-05
  2340  0.000e+00  0.000e+00 -7.063e-05
  2345  0.000e+00  0.000e+00 -6.709e-05
  2350  0.000e+00  0.000e+00 -6.349e-05
  2355  0.000e+00  0.000e+00 -5.990e-05
  2360  0.000e+00  0.000e+00 -5.643e-05
  2365  0.000e+00  0.000e+00 -5.316e-05
  2370  0.000e+00  0.000e+00 -5.018e-05
  2375  0.000e+00  0.000e+00 -4.755e-05
  2380  0.000e+00  0.000e+00 -4.535e-05
  2385  0.000e+00  0.000e+00 -4.361e-05
  2390  0.000e+00  0.000e+00 -4.239e-05
  2395  0.000e+00  0.000e+00 -4.170e-05
  2400  0.000e+00  0.000e+00 -4.156e-05
  2405  0.000e+00  0.000e+00 -4.196e-05
  2410  0.000e+00  0.000e+00 -4.289e-05
  2415  0.000e+00  0.000e+00 -4.431e-05
  2420  0.000e+00  0.000e+00 -4.618e-05
  2425  0.000e+00  0.000e+00 -4.845e-05
  2430  0.000e+00  0.000e+00 -5.105e-05
  2435  0.000e+00  0.000e+00 -5.392e-05
  2440  0.000e+00  0.000e+00 -5.700e-05
  2445  0.000e+00  0.000e+00 -6.019e-05
  2450  0.000e+00  0.000e+00 -6.343e-05
  2455  0.000e+00  0.000e+00 -6.665e-05
  2460  0.000e+00  0.000e+00 -6.977e-05
  2465  0.000e+00  0.000e+00 -7.275e-05
  2470  0.000e+00  0.000e+00 -7.553e-05
  2475  0.000e+00  0.000e+00 -7.806e-05
  2480  0.000e+00  0.000e+00 -8.032e-05
  2485  0.000e+00  0.000e+00 -8.229e-05
  2490  0.000e+00  0.000e+00 -8.395e-05
  2495  0.000e+00  0.000e+00 -8.532e-05
  2500  0.000e+00  0.000e+00 -8.641e-05
  2505  0.000e+00  0.000e+00 -8.725e-05
  2510  0.000e+00  0.000e+00 -8.786e-05
  2515  0.000e+00  0.000e+00 -8.830e-05
  2520  0.000e+00  0.000e+00 -8.861e-05
  2525  0.000e+00  0.000e+00 -8.884e-05
  2530  0.000e+00  0.000e+00 -8.904e-05
  2535  0.000e+00  0.000e+00 -8.928e-05
  2540  0.000e+00  0.000e+00 -8.959e-05
  2545  0.000e+00  0.000e+00 -9.002e-05
  2550  0.000e+00  0.000e+00 -9.061e-05
  2555  0.000e+00  0.000e+00 -9.139e-05
  2560  0.000e+00  0.000e+00 -9.238e-05
  2565  0.000e+00  0.000e+00 -9.357e-05
  2570  0.000e+00  0.000e+00 -9.498e-05
  2575  0.000e+00  0.000e+00 -9.657e-05
  2580  0.000e+00  0.000e+00 -9.831e-05
  2585  0.000e+00  0.000e+00 -1.002e-04
  2590  0.000e+00  0.000e+00 -1.021e-04
  2595  0.000e+00  0.000e+00 -1.040e-04
  2600  0.000e+00  0.000e+00 -1.059e-04
  2605  0.000e+00  0.000e+00 -1.076e-04
  2610  0.000e+00  0.000e+00 -1.090e-04
  2615  0.000e+00  0.000e+00 -1.102e-04
  2620  0.000e+00  0.000e+00 -1.109e-04
  2625  0.000e+00  0.000e+00 -1.112e-04
  2630  0.000e+00  0.000e+00 -1.110e-04
  2635  0.000e+00  0.000e+00 -1.101e-04
  2640  0.000e+00  0.000e+00 -1.086e-04
  2645  0.000e+00  0.000e+00 -1.064e-04
  2650  0.000e+00  0.000e+00 -1.035e-04
  2655  0.000e+00  0.000e+00 -9.996e-05
  2660  0.000e+00  0.000e+00 -9.567e-05
  2665  0.000e+00  0.000e+00 -9.074e-05
  2670  0.000e+00  0.000e+00 -8.520e-05
  2675  0.000e+00  0.000e+00 -7.913e-05
  2680  0.000e+00  0.000e+00 -7.260e-05
  2685  0.000e+00  0.000e+00 -6.573e-05
  2690  0.000e+00  0.000e+00 -5.862e-05
  2695  0.000e+00  0.000e+00 -5.140e-05
  2700  0.000e+00  0.000e+00 -4.419e-05
  2705  0.000e+00  0.000e+00 -3.712e-05
  2710  0.000e+00  0.000e+00 -3.034e-05
  2715  0.000e+00  0.000e+00 -2.397e-05
  2720  0.000e+00  0.000e+00 -1.815e-05
  2725  0.000e+00  0.000e+00 -1.297e-05
  2730  0.000e+00  0.000e+00 -8.561e-06
  2735  0.000e+00  0.000e+00 -4.997e-06
  2740  0.000e+00  0.000e+00 -2.351e-06
  2745  0.000e+00  0.000e+00 -6.758e-07
  2750  0.000e+00  0.000e+00 -5.447e-19
  2755  0.000e+00  0.000e+00 -3.305e-07
  2760  0.000e+00  0.000e+00 -1.651e-06
  2765  0.000e+00  0.000e+00 -3.922e-06
  2770  0.000e+00  0.000e+00 -7.083e-06
  2775  0.000e+00  0.000e+00 -1.105e-05
  2780  0.000e+00  0.000e+00 -1.572e-05
  2785  0.000e+00  0.000e+00 -2.098e-05
  2790  0.000e+00  0.000e+00 -2.669e-05
  2795  0.000e+00  0.000e+00 -3.271e-05
  2800  0.000e+00  0.000e+00 -3.888e-05
  2805  0.000e+00  0.000e+00 -4.506e-05
  2810  0.000e+00  0.000e+00 -5.109e-05
  2815  0.000e+00  0.000e+00 -5.681e-05
  2820  0.000e+00  0.000e+00 -6.209e-05
  2825  0.000e+00  0.000e+00 -6.679e-05
  2830  0.000e+00  0.000e+00 -7.080e-05
  2835  0.000e+00  0.000e+00 -7.401e-05
  2840  0.000e+00  0.000e+00 -7.634e-05
  2845  0.000e+00  0.000e+00 -7.775e-05
  2850  0.000e+00  0.000e+00 -7.819e-05
  2855  0.000e+00  0.000e+00 -7.766e-05
  2860  0.000e+00  0.000e+00 -7.617e-05
  2865  0.000e+00  0.000e+00 -7.377e-05
  2870  0.000e+00  0.000e+00 -7.051e-05
  2875  0.000e+00  0.000e+00 -6.649e-05
  2880  0.000e+00  0.000e+00 -6.181e-05
  2885  0.000e+00  0.000e+00 -5.658e-05
  2890  0.000e+00  0.000e+00 -5.096e-05
  2895  0.000e+00  0.000e+00 -4.508e-05
  2900  0.000e+00  0.000e+00 -3.910e-05
  2905  0.000e+00  0.000e+00 -3.317e-05
  2910  0.000e+00  0.000e+00 -2.746e-05
  2915  0.000e+00  0.000e+00 -2.211e-05
  2920  0.000e+00  0.000e+00 -1.726e-05
  2925  0.000e+00  0.000e+00 -1.306e-05
  2930  0.000e+00  0.000e+00 -9.612e-06
  2935  0.000e+00  0.000e+00 -7.019e-06
  2940  0.000e+00  0.000e+00 -5.360e-06
  2945  0.000e+00  0.000e+00 -4.692e-06
  2950  0.000e+00  0.000e+00 -5.049e-06
  2955  0.000e+00  0.000e+00 -6.441e-06
  2960  0.000e+00  0.000e+00 -8.856e-06
  2965  0.000e+00  0.000e+00 -1.226e-05
  2970  0.000e+00  0.000e+00 -1.658e-05
  2975  0.000e+00  0.000e+00 -2.176e-05
  2980  0.000e+00  0.000e+00 -2.769e-05
  2985  0.000e+00  0.000e+00 -3.425e-05
  2990  0.000e+00  0.000e+00 -4.133e-05
  2995  0.000e+00  0.000e+00 -4.878e-05
  3000  0.000e+00  0.000e+00 -5.647e-05
  3005  0.000e+00  0.000e+00 -6.424e-05
  3010  0.000e+00  0.000e+00 -7.196e-05
  3015  0.000e+00  0.000e+00 -7.948e-05
  3020  0.000e+00  0.000e+00 -8.667e-05
  3025  0.000e+00  0.000e+00 -9.340e-05
  3030  0.000e+00  0.000e+00 -9.957e-05
  3035  0.000e+00  0.000e+00 -1.051e-04
  3040  0.000e+00  0.000e+00 -1.098e-04
  3045  0.000e+00  0.000e+00 -1.138e-04
  3050  0.000e+00  0.000e+00 -1.169e-04
  3055  0.000e+00  0.000e+00 -1.192e-04
  3060  0.000e+00  0.000e+00 -1.206e-04
  3065  0.000e+00  0.000e+00 -1.211e-04
  3070  0.000e+00  0.000e+00 -1.208e-04
  3075  0.000e+00  0.000e+00 -1.198e-04
  3080  0.000e+00  0.000e+00 -1.181e-04
  3085  0.000e+00  0.000e+00 -1.157e-04
  3090  0.000e+00  0.000e+00 -1.128e-04
  3095  0.000e+00  0.000e+00 -1.095e-04
  3100  0.000e+00  0.000e+00 -1.059e-04
  3105  0.000e+00  0.000e+00 -1.020e-04
  3110  0.000e+00  0.000e+00 -9.803e-05
  3115  0.000e+00  0.000e+00 -9.404e-05
  3120  0.000e+00  0.000e+00 -9.014e-05
  3125  0.000e+00  0.000e+00 -8.641e-05
  3130  0.000e+00  0.000e+00 -8.294e-05
  3135  0.000e+00  0.000e+00 -7.981e-05
  3140  0.000e+00  0.000e+00 -7.708e-05
  3145  0.000e+00  0.000e+00 -7.478e-05
  3150  0.000e+00  0.000e+00 -7.297e-05
  3155  0.000e+00  0.000e+00 -7.167e-05
  3160  0.000e+00  0.000e+00 -7.087e-05
  3165  0.000e+00  0.000e+00 -7.059e-05
  3170  0.000e+00  0.000e+00 -7.079e-05
  3175  0.000e+00  0.000e+00 -7.147e-05
  3180  0.000e+00  0.000e+00 -7.259e-05
  3185  0.000e+00  0.000e+00 -7.409e-05
  3190  0.000e+00  0.000e+00 -7.593e-05
  3195  0.000e+00  0.000e+00 -7.806e-05
  3200  0.000e+00  0.000e+00 -8.041e-05
  3205  0.000e+00  0.000e+00 -8.293e-05
  3210  0.000e+00  0.000e+00 -8.554e-05
  3215  0.000e+00  0.000e+00 -8.819e-05
  3220  0.000e+00  0.000e+00 -9.082e-05
  3225  0.000e+00  0.000e+00 -9.336e-05
  3230  0.000e+00  0.000e+00 -9.578e-05
  3235  0.000e+00  0.000e+00 -9.801e-05
  3240  0.000e+00  0.000e+00 -1.000e-04
  3245  0.000e+00  0.000e+00 -1.017e-04
  3250  0.000e+00  0.000e+00 -1.032e-04
  3255  0.000e+00  0.000e+00 -1.043e-04
  3260  0.000e+00  0.000e+00 -1.051e-04
  3265  0.000e+00  0.000e+00 -1.055e-04
  3270  0.000e+00  0.000e+00 -1.055e-04
  3275  0.000e+00  0.000e+00 -1.051e-04
  3280  0.000e+00  0.000e+00 -1.044e-04
  3285  0.000e+00  0.000e+00 -1.033e-04
  3290  0.000e+00  0.000e+00 -1.018e-04
  3295  0.000e+00  0.000e+00 -9.989e-05
  3300  0.000e+00  0.000e+00 -9.764e-05
  3305  0.000e+00  0.000e+00 -9.505e-05
  3310  0.000e+00  0.000e+00 -9.212e-05
  3315  0.000e+00  0.000e+00 -8.886e-05
  3320  0.000e+00  0.000e+00 -8.530e-05
  3325  0.000e+00  0.000e+00 -8.146e-05
  3330  0.000e+00  0.000e+00 -7.736e-05
  3335  0.000e+00  0.000e+00 -7.303e-05
  3340  0.000e+00  0.000e+00 -6.849e-05
  3345  0.000e+00  0.000e+00 -6.378e-05
  3350  0.000e+00  0.000e+00 -5.893e-05
  3355  0.000e+00  0.000e+00 -5.398e-05
  3360  0.000e+00  0.000e+00 -4.897e-05
  3365  0.000e+00  0.000e+00 -4.394e-05
  3370  0.000e+00  0.000e+00 -3.895e-05
  3375  0.000e+00  0.000e+00 -3.404e-05
  3380  0.000e+00  0.000e+00 -2.926e-05
  3385  0.000e+00  0.000e+00 -2.469e-05
  3390  0.000e+00  0.000e+00 -2.036e-05
  3395  0.000e+00  0.000e+00 -1.634e-05
  3400  0.000e+00  0.000e+00 -1.268e-05
  3405  0.000e+00  0.000e+00 -9.452e-06
  3410  0.000e+00  0.000e+00 -6.694e-06
  3415  0.000e+00  0.000e+00 -4.458e-06
  3420  0.000e+00  0.000e+00 -2.789e-06
  3425  0.000e+00  0.000e+00 -1.724e-06
  3430  0.000e+00  0.000e+00 -1.293e-06
  3435  0.000e+00  0.000e+00 -1.515e-06
  3440  0.000e+00  0.000e+00 -2.403e-06
  3445  0.000e+00  0.000e+00 -3.957e-06
  3450  0.000e+00  0.000e+00 -6.165e-06
  3455  0.000e+00  0.000e+00 -9.006e-06
  3460  0.000e+00  0.000e+00 -1.245e-05
  3465  0.000e+00  0.000e+00 -1.644e-05
  3470  0.000e+00  0.000e+00 -2.092e-05
  3475  0.000e+00  0.000e+00 -2.584e-05
  3480  0.000e+00  0.000e+00 -3.111e-05
  3485  0.000e+00  0.000e+00 -3.665e-05
  3490  0.000e+00  0.000e+00 -4.236e-05
  3495  0.000e+00  0.000e+00 -4.815e-05
  3500  0.000e+00  0.000e+00 -5.393e-05
  3505  0.000e+00  0.000e+00 -5.958e-05
  3510  0.000e+00  0.000e+00 -6.503e-05
  3515  0.000e+00  0.000e+00 -7.016e-05
  3520  0.000e+00  0.000e+00 -7.489e-05
  3525  0.000e+00  0.000e+00 -7.915e-05
  3530  0.000e+00  0.000e+00 -8.286e-05
  3535  0.000e+00  0.000e+00 -8.595e-05
  3540  0.000e+00  0.000e+00 -8.840e-05
  3545  0.000e+00  0.000e+00 -9.016e-05
  3550  0.000e+00  0.000e+00 -9.121e-05
  3555  0.000e+00  0.000e+00 -9.156e-05
  3560  0.000e+00  0.000e+00 -9.123e-05
  3565  0.000e+00  0.000e+00 -9.023e-05
  3570  0.000e+00  0.000e+00 -8.862e-05
  3575  0.000e+00  0.000e+00 -8.646e-05
  3580  0.000e+00  0.000e+00 -8.382e-05
  3585  0.000e+00  0.000e+00 -8.078e-05
  3590  0.000e+00  0.000e+00 -7.744e-05
  3595  0.000e+00  0.000e+00 -7.388e-05
  3600  0.000e+00  0.000e+00 -7.021e-05
  3605  0.000e+00  0.000e+00 -6.654e-05
  3610  0.000e+00  0.000e+00 -6.296e-05
  3615  0.000e+00  0.000e+00 -5.957e-05
  3620  0.000e+00  0.000e+00 -5.647e-05
  3625  0.000e+00  0.000e+00 -5.374e-05
  3630  0.000e+00  0.000e+00 -5.145e-05
  3635  0.000e+00  0.000e+00 -4.965e-05
  3640  0.000e+00  0.000e+00 -4.840e-05
  3645  0.000e+00  0.000e+00 -4.772e-05
  3650  0.000e+00  0.000e+00 -4.762e-05
  3655  0.000e+00  0.000e+00 -4.811e-05
  3660  0.000e+00  0.000e+00 -4.917e-05
  3665  0.000e+00  0.000e+00 -5.075e-05
  3670  0.000e+00  0.000e+00 -5.282e-05
  3675  0.000e+00  0.000e+00 -5.530e-05
  3680  0.000e+00  0.000e+00 -5.813e-05
  3685  0.000e+00  0.000e+00 -6.122e-05
  3690  0.000e+00  0.000e+00 -6.449e-05
  3695  0.000e+00  0.000e+00 -6.782e-05
  3700  0.000e+00  0.000e+00 -7.114e-05
  3705  0.000e+00  0.000e+00 -7.435e-05
  3710  0.000e+00  0.000e+00 -7.734e-05
  3715  0.000e+00  0.000e+00 -8.004e-05
  3720  0.000e+00  0.000e+00 -8.237e-05
  3725  0.000e+00  0.000e+00 -8.425e-05
  3730  0.000e+00  0.000e+00 -8.564e-05
  3735  0.000e+00  0.000e+00 -8.650e-05
  3740  0.000e+00  0.000e+00 -8.678e-05
  3745  0.000e+00  0.000e+00 -8.650e-05
  3750  0.000e+00  0.000e+00 -8.564e-05
  3755  0.000e+00  0.000e+00 -8.423e-05
  3760  0.000e+00  0.000e+00 -8.230e-05
  3765  0.000e+00  0.000e+00 -7.992e-05
  3770  0.000e+00  0.000e+00 -7.712e-05
  3775  0.000e+00  0.000e+00 -7.400e-05
  3780  0.000e+00  0.000e+00 -7.063e-05
  3785  0.000e+00  0.000e+00 -6.709e-05
  3790  0.000e+00  0.000e+00 -6.349e-05
  3795  0.000e+00  0.000e+00 -5.990e-05
  3800  0.000e+00  0.000e+00 -5.643e-05
  3805  0.000e+00  0.000e+00 -5.316e-05
  3810  0.000e+00  0.000e+00 -5.018e-05
  3815  0.000e+00  0.000e+00 -4.755e-05
  3820  0.000e+00  0.000e+00 -4.535e-05
  3825  0.000e+00  0.000e+00 -4.361e-05
  3830  0.000e+00  0.000e+00 -4.239e-05
  3835  0.000e+00  0.000e+00 -4.170e-05
  3840  0.000e+00  0.000e+00 -4.156e-05
  3845  0.000e+00  0.000e+00 -4.196e-05
  3850  0.000e+00  0.000e+00 -4.289e-05
  3855  0.000e+00  0.000e+00 -4.431e-05
  3860  0.000e+00  0.000e+00 -4.618e-05
  3865  0.000e+00  0.000e+00 -4.845e-05
  3870  0.000e+00  0.000e+00 -5.105e-05
  3875  0.000e+00  0.000e+00 -5.392e-05
  3880  0.000e+00  0.000e+00 -5.700e-05
  3885  0.000e+00  0.000e+00 -6.019e-05
  3890  0.000e+00  0.000e+00 -6.343e-05
  3895  0.000e+00  0.000e+00 -6.665e-05
  3900  0.000e+00  0.000e+00 -6.977e-05
  3905  0.000e+00  0.000e+00 -7.275e-05
  3910  0.000e+00  0.000e+00 -7.553e-05
  3915  0.000e+00  0.000e+00 -7.806e-05
  3920  0.000e+00  0.000e+00 -8.032e-05
  3925  0.000e+00  0.000e+00 -8.229e-05
  3930  0.000e+00  0.000e+00 -8.395e-05
  3935  0.000e+00  0.000e+00 -8.532e-05
  3940  0.000e+00  0.000e+00 -8.641e-05
  3945  0.000e+00  0.000e+00 -8.725e-05
  3950  0.000e+00  0.000e+00 -8.786e-05
  3955  0.000e+00  0.000e+00 -8.830e-05
  3960  0.000e+00  0.000e+00 -8.861e-05
  3965  0.000e+00  0.000e+00 -8.884e-05
  3970  0.000e+00  0.000e+00 -8.904e-05
  3975  0.000e+00  0.000e+00 -8.928e-05
  3980  0.000e+00  0.000e+00 -8.959e-05
  3985  0.000e+00  0.000e+00 -9.002e-05
  3990  0.000e+00  0.000e+00 -9.061e-05
  3995  0.000e+00  0.000e+00 -9.139e-05
  4000  0.000e+00  0.000e+00 -9.238e-05
  4005  0.000e+00  0.000e+00 -9.357e-05
  4010  0.000e+00  0.000e+00 -9.498e-05
  4015  0.000e+00  0.000e+00 -9.657e-05
  4020  0.000e+00  0.000e+00 -9.831e-05
  4025  0.000e+00  0.000e+00 -1.002e-04
  4030  0.000e+00  0.000e+00 -1.021e-04
  4035  0.000e+00  0.000e+00 -1.040e-04
  4040  0.000e+00  0.000e+00 -1.059e-04
  4045  0.000e+00  0.000e+00 -1.076e-04
  4050  0.000e+00  0.000e+00 -1.090e-04
  4055  0.000e+00  0.000e+00 -1.102e-04
  4060  0.000e+00  0.000e+00 -1.109e-04
  4065  0.000e+00  0.000e+00 -1.112e-04
  4070  0.000e+00  0.000e+00 -1.110e-04
  4075  0.000e+00  0.000e+00 -1.101e-04
  4080  0.000e+00  0.000e+00 -1.086e-04
  4085  0.000e+00  0.000e+00 -1.064e-04
  4090  0.000e+00  0.000e+00 -1.035e-04
  4095  0.000e+00  0.000e+00 -9.996e-05
  4100  0.000e+00  0.000e+00 -9.567e-05
  4105  0.000e+00  0.000e+00 -9.074e-05
  4110  0.000e+00  0.000e+00 -8.520e-05
  4115  0.000e+00  0.000e+00 -7.913e-05
  4120  0.000e+00  0.000e+00 -7.260e-05
  4125  0.000e+00  0.000e+00 -6.573e-05
  4130  0.000e+00  0.000e+00 -5.862e-05
  4135  0.000e+00  0.000e+00 -5.140e-05
  4140  0.000e+00  0.000e+00 -4.419e-05
  4145  0.000e+00  0.000e+00 -3.712e-05
  4150  0.000e+00  0.000e+00 -3.034e-05
  4155  0.000e+00  0.000e+00 -2.397e-05
  4160  0.000e+00  0.000e+00 -1.815e-05
  4165  0.000e+00  0.000e+00 -1.297e-05
  4170  0.000e+00  0.000e+00 -8.561e-06
  4175  0.000e+00  0.000e+00 -4.997e-06
  4180  0.000e+00  0.000e+00 -2.351e-06
  4185  0.000e+00  0.000e+00 -6.758e-07
  4190  0.000e+00  0.000e+00 -5.866e-19
  4195  0.000e+00  0.000e+00 -3.305e-07
  4200  0.000e+00  0.000e+00 -1.651e-06
  4205  0.000e+00  0.000e+00 -3.922e-06
  4210  0.000e+00  0.000e+00 -7.083e-06
  4215  0.000e+00  0.000e+00 -1.105e-05
  4220  0.000e+00  0.000e+00 -1.572e-05
  4225  0.000e+00  0.000e+00 -2.098e-05
  4230  0.000e+00  0.000e+00 -2.669e-05
  4235  0.000e+00  0.000e+00 -3.271e-05
  4240  0.000e+00  0.000e+00 -3.888e-05
  4245  0.000e+00  0.000e+00 -4.506e-05
  4250  0.000e+00  0.000e+00 -5.109e-05
  4255  0.000e+00  0.000e+00 -5.681e-05
  4260  0.000e+00  0.000e+00 -6.209e-05
  4265  0.000e+00  0.000e+00 -6.679e-05
  4270  0.000e+00  0.000e+00 -7.080e-05
  4275  0.000e+00  0.000e+00 -7.401e-05
  4280  0.000e+00  0.000e+00 -7.634e-05
  4285  0.000e+00  0.000e+00 -7.775e-05
  4290  0.000e+00  0.000e+00 -7.819e-05
  4295  0.000e+00  0.000e+00 -7.766e-05
  4300  0.000e+00  0.000e+00 -7.617e-05
  4305  0.000e+00  0.000e+00 -7.377e-05
  4310  0.000e+00  0.000e+00 -7.051e-05
  4315  0.000e+00  0.000e+00 -6.649e-05
  4320  0.000e+00  0.000e+00 -6.181e-05
  4325  0.000e+00  0.000e+00 -5.658e-05
  4330  0.000e+00  0.000e+00 -5.096e-05
  4335  0.000e+00  0.000e+00 -4.508e-05
  4340  0.000e+00  0.000e+00 -3.910e-05
  4345  0.000e+00  0.000e+00 -3.317e-05
  4350  0.000e+00  0.000e+00 -2.746e-05
  4355  0.000e+00  0.000e+00 -2.211e-05
  4360  0.000e+00  0.000e+00 -1.726e-05
  4365  0.000e+00  0.000e+00 -1.306e-05
  4370  0.000e+00  0.000e+00 -9.612e-06
  4375  0.000e+00  0.000e+00 -7.019e-06
  4380  0.000e+00  0.000e+00 -5.360e-06
  4385  0.000e+00  0.000e+00 -4.692e-06
  4390  0.000e+00  0.000e+00 -5.049e-06
  4395  0.000e+00  0.000e+00 -6.441e-06
  4400  0.000e+00  0.000e+00 -8.856e-06
  4405  0.000e+00  0.000e+00 -1.226e-05
  4410  0.000e+00  0.000e+00 -1.658e-05
  4415  0.000e+00  0.000e+00 -2.176e-05
  4420  0.000e+00  0.000e+00 -2.769e-05
  4425  0.000e+00  0.000e+00 -3.425e-05
  4430  0.000e+00  0.000e+00 -4.133e-05
  4435  0.000e+00  0.000e+00 -4.878e-05
  4440  0.000e+00  0.000e+00 -5.647e-05
  4445  0.000e+00  0.000e+00 -6.424e-05
  4450  0.000e+00  0.000e+00 -7.196e-05
  4455  0.000e+00  0.000e+00 -7.948e-05
  4460  0.000e+00  0.000e+00 -8.667e-05
  4465  0.000e+00  0.000e+00 -9.340e-05
  4470  0.000e+00  0.000e+00 -9.957e-05
  4475  0.000e+00  0.000e+00 -1.051e-04
  4480  0.000e+00  0.000e+00 -1.098e-04
  4485  0.000e+00  0.000e+00 -1.138e-04
  4490  0.000e+00  0.000e+00 -1.169e-04
  4495  0.000e+00  0.000e+00 -1.192e-04
  4500  0.000e+00  0.000e+00 -1.206e-04
  4505  0.000e+00  0.000e+00 -1.211e-04
  4510  0.000e+00  0.000e+00 -1.208e-04
  4515  0.000e+00  0.000e+00 -1.198e-04
  4520  0.000e+00  0.000e+00 -1.181e-04
  4525  0.000e+00  0.000e+00 -1.157e-04
  4530  0.000e+00  0.000e+00 -1.128e-04
  4535  0.000e+00  0.000e+00 -1.095e-04
  4540  0.000e+00  0.000e+00 -1.059e-04
  4545  0.000e+00  0.000e+00 -1.020e-04
  4550  0.000e+00  0.000e+00 -9.803e-05
  4555  0.000e+00  0.000e+00 -9.404e-05
  4560  0.000e+00  0.000e+00 -9.014e-05
  4565  0.000e+00  0.000e+00 -8.641e-05
  4570  0.000e+00  0.000e+00 -8.294e-05
  4575  0.000e+00  0.000e+00 -7.981e-05
  4580  0.000e+00  0.000e+00 -7.708e-05
  4585  0.000e+00  0.000e+00 -7.478e-05
  4590  0.000e+00  0.000e+00 -7.297e-05
  4595  0.000e+00  0.000e+00 -7.167e-05
  4600  0.000e+00  0.000e+00 -7.087e-05
  4605  0.000e+00  0.000e+00 -7.059e-05
  4610  0.000e+00  0.000e+00 -7.079e-05
  4615  0.000e+00  0.000e+00 -7.147e-05
  4620  0.000e+00  0.000e+00 -7.259e-05
  4625  0.000e+00  0.000e+00 -7.409e-05
  4630  0.000e+00  0.000e+00 -7.593e-05
  4635  0.000e+00  0.000e+00 -7.806e-05
  4640  0.000e+00  0.000e+00 -8.041e-05
  4645  0.000e+00  0.000e+00 -8.293e-05
  4650  0.000e+00  0.000e+00 -8.554e-05
  4655  0.000e+00  0.000e+00 -8.819e-05
  4660  0.000e+00  0.000e+00 -9.082e-05
  4665  0.000e+00  0.000e+00 -9.336e-05
  4670  0.000e+00  0.000e+00 -9.578e-05
  4675  0.000e+00  0.000e+00 -9.801e-05
  4680  0.000e+00  0.000e+00 -1.000e-04
  4685  0.000e+00  0.000e+00 -1.017e-04
  4690  0.000e+00  0.000e+00 -1.032e-04
  4695  0.000e+00  0.000e+00 -1.043e-04
  4700  0.000e+00  0.000e+00 -1.051e-04
  4705  0.000e+00  0.000e+00 -1.055e-04
  4710  0.000e+00  0.000e+00 -1.055e-04
  4715  0.000e+00  0.000e+00 -1.051e-04
  4720  0.000e+00  0.000e+00 -1.044e-04
  4725  0.000e+00  0.000e+00 -1.033e-04
  4730  0.000e+00  0.000e+00 -1.018e-04
  4735  0.000e+00  0.000e+00 -9.989e-05
  4740  0.000e+00  0.000e+00 -9.764e-05
  4745  0.000e+00  0.000e+00 -9.505e-05
  4750  0.000e+00  0.000e+00 -9.212e-05
  4755  0.000e+00  0.000e+00 -8.886e-05
  4760  0.000e+00  0.000e+00 -8.530e-05
  4765  0.000e+00  0.000e+00 -8.146e-05
  4770  0.000e+00  0.000e+00 -7.736e-05
  4775  0.000e+00  0.000e+00 -7.303e-05
  4780  0.000e+00  0.000e+00 -6.849e-05
  4785  0.000e+00  0.000e+00 -6.378e-05
  4790  0.000e+00  0.000e+00 -5.893e-05
  4795  0.000e+00  0.000e+00 -5.398e-05
  4800  0.000e+00  0.000e+00 -4.897e-05
  4805  0.000e+00  0.000e+00 -4.394e-05
  4810  0.000e+00  0.000e+00 -3.895e-05
  4815  0.000e+00  0.000e+00 -3.404e-05
  4820  0.000e+00  0.000e+00 -2.926e-05
  4825  0.000e+00  0.000e+00 -2.469e-05
  4830  0.000e+00  0.000e+00 -2.036e-05
  4835  0.000e+00  0.000e+00 -1.634e-05
  4840  0.000e+00  0.000e+00 -1.268e-05
  4845  0.000e+00  0.000e+00 -9.452e-06
  4850  0.000e+00  0.000e+00 -6.694e-06
  4855  0.000e+00  0.000e+00 -4.458e-06
  4860  0.000e+00  0.000e+00 -2.789e-06
  4865  0.000e+00  0.000e+00 -1.724e-06
  4870  0.000e+00  0.000e+00 -1.293e-06
  4875  0.000e+00  0.000e+00 -1.515e-06
  4880  0.000e+00  0.000e+00 -2.403e-06
  4885  0.000e+00  0.000e+00 -3.957e-06
  4890  0.000e+00  0.000e+00 -6.165e-06
  4895  0.000e+00  0.000e+00 -9.006e-06
  4900  0.000e+00  0.000e+00 -1.245e-05
  4905  0.000e+00  0.000e+00 -1.644e-05
  4910  0.000e+00  0.000e+00 -2.092e-05
  4915  0.000e+00  0.000e+00 -2.584e-05
  4920  0.000e+00  0.000e+00 -3.111e-05
  4925  0.000e+00  0.000e+00 -3.665e-05
  4930  0.000e+00  0.000e+00 -4.236e-05
  4935  0.000e+00  0.000e+00 -4.815e-05
  4940  0.000e+00  0.000e+00 -5.393e-05
  4945  0.000e+00  0.000e+00 -5.958e-05
  4950  0.000e+00  0.000e+00 -6.503e-05
  4955  0.000e+00  0.000e+00 -7.016e-05
  4960  0.000e+00  0.000e+00 -7.489e-05
  4965  0.000e+00  0.000e+00 -7.915e-05
  4970  0.000e+00  0.000e+00 -8.286e-05
  4975  0.000e+00  0.000e+00 -8.595e-05
  4980  0.000e+00  0.000e+00 -8.840e-05
  4985  0.000e+00  0.000e+00 -9.016e-05
  4990  0.000e+00  0.000e+00 -9.121e-05
  4995  0.000e+00  0.000e+00 -9.156e-05
  5000  0.000e+00  0.000e+00 -9.123e-05
  5005  0.000e+00  0.000e+00 -9.023e-05
  5010  0.000e+00  0.000e+00 -8.862e-05
  5015  0.000e+00  0.000e+00 -8.646e-05
  5020  0.000e+00  0.000e+00 -8.382e-05
  5025  0.000e+00  0.000e+00 -8.078e-05
  5030  0.000e+00  0.000e+00 -7.744e-05
  5035  0.000e+00  0.000e+00 -7.388e-05
  5040  0.000e+00  0.000e+00 -7.021e-05
  5045  0.000e+00  0.000e+00 -6.654e-05
  5050  0.000e+00  0.000e+00 -6.296e-05
  5055  0.000e+00  0.000e+00 -5.957e-05
  5060  0.000e+00  0.000e+00 -5.647e-05
  5065  0.000e+00  0.000e+00 -5.374e-05
  5070  0.000e+00  0.000e+00 -5.145e-05
  5075  0.000e+00  0.000e+00 -4.965e-05
  5080  0.000e+00  0.000e+00 -4.840e-05
  5085  0.000e+00  0.000e+00 -4.772e-05
  5090  0.000e+00  0.000e+00 -4.762e-05
  5095  0.000e+00  0.000e+00 -4.811e-05
  5100  0.000e+00  0.000e+00 -4.917e-05
  5105  0.000e+00  0.000e+00 -5.075e-05
  5110  0.000e+00  0.000e+00 -5.282e-05
  5115  0.000e+00  0.000e+00 -5.530e-05
  5120  0.000e+00  0.000e+00 -5.813e-05
  5125  0.000e+00  0.000e+00 -6.122e-05
  5130  0.000e+00  0.000e+00 -6.449e-05
  5135  0.000e+00  0.000e+00 -6.782e-05
  5140  0.000e+00  0.000e+00 -7.114e-05
  5145  0.000e+00  0.000e+00 -7.435e-05
  5150  0.000e+00  0.000e+00 -7.734e-05
  5155  0.000e+00  0.000e+00 -8.004e-05
  5160  0.000e+00  0.000e+00 -8.237e-05
  5165  0.000e+00  0.000e+00 -8.425e-05
  5170  0.000e+00  0.000e+00 -8.564e-05
  5175  0.000e+00  0.000e+00 -8.650e-05
  5180  0.000e+00  0.000e+00 -8.678e-05
  5185  0.000e+00  0.000e+00 -8.650e-05
  5190  0.000e+00  0.000e+00 -8.564e-05
  5195  0.000e+00  0.000e+00 -8.423e-05
  5200  0.000e+00  0.000e+00 -8.230e-05
  5205  0.000e+00  0.000e+00 -7.992e-05
  5210  0.000e+00  0.000e+00 -7.712e-05
  5215  0.000e+00  0.000e+00 -7.400e-05
  5220  0.000e+00  0.000e+00 -7.063e-05
  5225  0.000e+00  0.000e+00 -6.709e-05
  5230  0.000e+00  0.000e+00 -6.349e-05
  5235  0.000e+00  0.000e+00 -5.990e-05
  5240  0.000e+00  0.000e+00 -5.643e-05
  5245  0.000e+00  0.000e+00 -5.316e-05
  5250  0.000e+00  0.000e+00 -5.018e-05
  5255  0.000e+00  0.000e+00 -4.755e-05
  5260  0.000e+00  0.000e+00 -4.535e-05
  5265  0.000e+00  0.000e+00 -4.361e-05
  5270  0.000e+00  0.000e+00 -4.239e-05
  5275  0.000e+00  0.000e+00 -4.170e-05
  5280  0.000e+00  0.000e+00 -4.156e-05
  5285  0.000e+00  0.000e+00 -4.196e-05
  5290  0.000e+00  0.000e+00 -4.289e-05
  5295  0.000e+00  0.000e+00 -4.431e-05
  5300  0.000e+00  0.000e+00 -4.618e-05
  5305  0.000e+00  0.000e+00 -4.845e-05
  5310  0.000e+00  0.000e+00 -5.105e-05
  5315  0.000e+00  0.000e+00 -5.392e-05
  5320  0.000e+00  0.000e+00 -5.700e-05
  5325  0.000e+00  0.000e+00 -6.019e-05
  5330  0.000e+00  0.000e+00 -6.343e-05
  5335  0.000e+00  0.000e+00 -6.665e-05
  5340  0.000e+00  0.000e+00 -6.977e-05
  5345  0.000e+00  0.000e+00 -7.275e-05
  5350  0.000e+00  0.000e+00 -7.553e-05
  5355  0.000e+00  0.000e+00 -7.806e-05
  5360  0.000e+00  0.000e+00 -8.032e-05
  5365  0.000e+00  0.000e+00 -8.229e-05
  5370  0.000e+00  0.000e+00 -8.395e-05
  5375  0.000e+00  0.000e+00 -8.532e-05
  5380  0.000e+00  0.000e+00 -8.641e-05
  5385  0.000e+00  0.000e+00 -8.725e-05
  5390  0.000e+00  0.000e+00 -8.786e-05
  5395  0.000e+00  0.000e+00 -8.830e-05
  5400  0.000e+00  0.000e+00 -8.861e-05
  5405  0.000e+00  0.000e+00 -8.884e-05
  5410  0.000e+00  0.000e+00 -8.904e-05
  5415  0.000e+00  0.000e+00 -8.928e-05
  5420  0.000e+00  0.000e+00 -8.959e-05
  5425  0.000e+00  0.000e+00 -9.002e-05
  5430  0.000e+00  0.000e+00 -9.061e-05
  5435  0.000e+00  0.000e+00 -9.139e-05
  5440  0.000e+00  0.000e+00 -9.238e-05
  5445  0.000e+00  0.000e+00 -9.357e-05
  5450  0.000e+00  0.000e+00 -9.498e-05
  5455  0.000e+00  0.000e+00 -9.657e-05
  5460  0.000e+00  0.000e+00 -9.831e-05
  5465  0.000e+00  0.000e+00 -1.002e-04
  5470  0.000e+00  0.000e+00 -1.021e-04
  5475  0.000e+00  0.000e+00 -1.040e-04
  5480  0.000e+00  0.000e+00 -1.059e-04
  5485  0.000e+00  0.000e+00 -1.076e-04
  5490  0.000e+00  0.000e+00 -1.090e-04
  5495  0.000e+00  0.000e+00 -1.102e-04
  5500  0.000e+00  0.000e+00 -1.109e-04
  5505  0.000e+00  0.000e+00 -1.112e-04
  5510  0.000e+00  0.000e+00 -1.110e-04
  5515  0.000e+00  0.000e+00 -1.101e-04
  5520  0.000e+00  0.000e+00 -1.086e-04
  5525  0.000e+00  0.000e+00 -1.064e-04
  5530  0.000e+00  0.000e+00 -1.035e-04
  5535  0.000e+00  0.000e+00 -9.996e-05
  5540  0.000e+00  0.000e+00 -9.567e-05
  5545  0.000e+00  0.000e+00 -9.074e-05
  5550  0.000e+00  0.000e+00 -8.520e-05
  5555  0.000e+00  0.000e+00 -7.913e-05
  5560  0.000e+00  0.000e+00 -7.260e-05
  5565  0.000e+00  0.000e+00 -6.573e-05
  5570  0.000e+00  0.000e+00 -5.862e-05
  5575  0.000e+00  0.000e+00 -5.140e-05
  5580  0.000e+00  0.000e+00 -4.419e-05
  5585  0.000e+00  0.000e+00 -3.712e-05
  5590  0.000e+00  0.000e+00 -3.034e-05
  5595  0.000e+00  0.000e+00 -2.397e-05
  5600  0.000e+00  0.000e+00 -1.815e-05
  5605  0.000e+00  0.000e+00 -1.297e-05
  5610  0.000e+00  0.000e+00 -8.561e-06
  5615  0.000e+00  0.000e+00 -4.997e-06
  5620  0.000e+00  0.000e+00 -2.351e-06
  5625  0.000e+00  0.000e+00 -6.758e-07
  5630  0.000e+00  0.000e+00 -3.212e-19
  5635  0.000e+00  0.000e+00 -3.305e-07
  5640  0.000e+00  0.000e+00 -1.651e-06
  5645  0.000e+00  0.000e+00 -3.922e-06
  5650  0.000e+00  0.000e+00 -7.083e-06
  5655  0.000e+00  0.000e+00 -1.105e-05
  5660  0.000e+00  0.000e+00 -1.572e-05
  5665  0.000e+00  0.000e+00 -2.098e-05
  5670  0.000e+00  0.000e+00 -2.669e-05
  5675  0.000e+00  0.000e+00 -3.271e-05
  5680  0.000e+00  0.000e+00 -3.888e-05
  5685  0.000e+00  0.000e+00 -4.506e-05
  5690  0.000e+00  0.000e+00 -5.109e-05
  5695  0.000e+00  0.000e+00 -5.681e-05
  5700  0.000e+00  0.000e+00 -6.209e-05
  5705  0.000e+00  0.000e+00 -6.679e-05
  5710  0.000e+00  0.000e+00 -7.080e-05
  5715  0.000e+00  0.000e+00 -7.401e-05
  5720  0.000e+00  0.000e+00 -7.634e-05
  5725  0.000e+00  0.000e+00 -7.775e-05
  5730  0.000e+00  0.000e+00 -7.819e-05
  5735  0.000e+00  0.000e+00 -7.766e-05
  5740  0.000e+00  0.000e+00 -7.617e-05
  5745  0.000e+00  0.000e+00 -7.377e-05
  5750  0.000e+00  0.000e+00 -7.051e-05
  5755  0.000e+00  0.000e+00 -6.649e-05
  5760  0.000e+00  0.000e+00 -6.181e-05
  5765  0.000e+00  0.000e+00 -5.658e-05
  5770  0.000e+00  0.000e+00 -5.096e-05
  5775  0.000e+00  0.000e+00 -4.508e-05
  5780  0.000e+00  0.000e+00 -3.910e-05
  5785  0.000e+00  0.000e+00 -3.317e-05
  5790  0.000e+00  0.000e+00 -2.746e-05
  5795  0.000e+00  0.000e+00 -2.211e-05
  5800  0.000e+00  0.000e+00 -1.726e-05
  5805  0.000e+00  0.000e+00 -1.306e-05
  5810  0.000e+00  0.000e+00 -9.612e-06
  5815  0.000e+00  0.000e+00 -7.019e-06
  5820  0.000e+00  0.000e+00 -5.360e-06
  5825  0.000e+00  0.000e+00 -4.692e-06
  5830  0.000e+00  0.000e+00 -5.049e-06
  5835  0.000e+00  0.000e+00 -6.441e-06
  5840  0.000e+00  0.000e+00 -8.856e-06
  5845  0.000e+00  0.000e+00 -1.226e-05
  5850  0.000e+00  0.000e+00 -1.658e-05
  5855  0.000e+00  0.000e+00 -2.176e-05
  5860  0.000e+00  0.000e+00 -2.769e-05
  5865  0.000e+00  0.000e+00 -3.425e-05
  5870  0.000e+00  0.000e+00 -4.133e-05
  5875  0.000e+00  0.000e+00 -4.878e-05
  5880  0.000e+00  0.000e+00 -5.647e-05
  5885  0.000e+00  0.000e+00 -6.424e-05
  5890  0.000e+00  0.000e+00 -7.196e-05
  5895  0.000e+00  0.000e+00 -7.948e-05
  5900  0.000e+00  0.000e+00 -8.667e-05
  5905  0.000e+00  0.000e+00 -9.340e-05
  5910  0.000e+00  0.000e+00 -9.957e-05
  5915  0.000e+00  0.000e+00 -1.051e-04
  5920  0.000e+00  0.000e+00 -1.098e-04
  5925  0.000e+00  0.000e+00 -1.138e-04
  5930  0.000e+00  0.000e+00 -1.169e-04
  5935  0.000e+00  0.000e+00 -1.192e-04
  5940  0.000e+00  0.000e+00 -1.206e-04
  5945  0.000e+00  0.000e+00 -1.211e-04
  5950  0.000e+00  0.000e+00 -1.208e-04
  5955  0.000e+00  0.000e+00 -1.198e-04
  5960  0.000e+00  0.000e+00 -1.181e-04
  5965  0.000e+00  0.000e+00 -1.157e-04
  5970  0.000e+00  0.000e+00 -1.128e-04
  5975  0.000e+00  0.000e+00 -1.095e-04
  5980  0.000e+00  0.000e+00 -1.059e-04
  5985  0.000e+00  0.000e+00 -1.020e-04
  5990  0.000e+00  0.000e+00 -9.803e-05
  5995  0.000e+00  0.000e+00 -9.404e-05
  6000  0.000e+00  0.000e+00 -9.014e-05
  6005  0.000e+00  0.000e+00 -8.641e-05
  6010  0.000e+00  0.000e+00 -8.294e-05
  6015  0.000e+00  0.000e+00 -7.981e-05
  6020  0.000e+00  0.000e+00 -7.708e-05
  6025  0.000e+00  0.000e+00 -7.478e-05
  6030  0.000e+00  0.000e+00 -7.297e-05
  6035  0.000e+00  0.000e+00 -7.167e-05
  6040  0.000e+00  0.000e+00 -7.087e-05
  6045  0.000e+00  0.000e+00 -7.059e-05
  6050  0.000e+00  0.000e+00 -7.079e-05
  6055  0.000e+00  0.000e+00 -7.147e-05
  6060  0.000e+00  0.000e+00 -7.259e-05
  6065  0.000e+00  0.000e+00 -7.409e-05
  6070  0.000e+00  0.000e+00 -7.593e-05
  6075  0.000e+00  0.000e+00 -7.806e-05
  6080  0.000e+00  0.000e+00 -8.041e-05
  6085  0.000e+00  0.000e+00 -8.293e-05
  6090  0.000e+00  0.000e+00 -8.554e-05
  6095  0.000e+00  0.000e+00 -8.819e-05
  6100  0.000e+00  0.000e+00 -9.082e-05
  6105  0.000e+00  0.000e+00 -9.336e-05
  6110  0.000e+00  0.000e+00 -9.578e-05
  6115  0.000e+00  0.000e+00 -9.801e-05
  6120  0.000e+00  0.000e+00 -1.000e-04
  6125  0.000e+00  0.000e+00 -1.017e-04
  6130  0.000e+00  0.000e+00 -1.032e-04
  6135  0.000e+00  0.000e+00 -1.043e-04
  6140  0.000e+00  0.000e+00 -1.051e-04
  6145  0.000e+00  0.000e+00 -1.055e-04
  6150  0.000e+00  0.000e+00 -1.055e-04
  6155  0.000e+00  0.000e+00 -1.051e-04
  6160  0.000e+00  0.000e+00 -1.044e-04
  6165  0.000e+00  0.000e+00 -1.033e-04
  6170  0.000e+00  0.000e+00 -1.018e-04
  6175  0.000e+00  0.000e+00 -9.989e-05
  6180  0.000e+00  0.000e+00 -9.764e-05
  6185  0.000e+00  0.000e+00 -9.505e-05
  6190  0.000e+00  0.000e+00 -9.212e-05
  6195  0.000e+00  0.000e+00 -8.886e-05
  6200  0.000e+00  0.000e+00 -8.530e-05
  6205  0.000e+00  0.000e+00 -8.146e-05
  6210  0.000e+00  0.000e+00 -7.736e-05
  6215  0.000e+00  0.000e+00 -7.303e-05
  6220  0.000e+00  0.000e+00 -6.849e-05
  6225  0.000e+00  0.000e+00 -6.378e-05
  6230  0.000e+00  0.000e+00 -5.893e-05
  6235  0.000e+00  0.000e+00 -5.398e-05
  6240  0.000e+00  0.000e+00 -4.897e-05
  6245  0.000e+00  0.000e+00 -4.394e-05
  6250  0.000e+00  0.000e+00 -3.895e-05
  6255  0.000e+00  0.000e+00 -3.404e-05
  6260  0.000e+00  0.000e+00 -2.926e-05
  6265  0.000e+00  0.000e+00 -2.469e-05
  6270  0.000e+00  0.000e+00 -2.036e-05
  6275  0.000e+00  0.000e+00 -1.634e-05
  6280  0.000e+00  0.000e+00 -1.268e-05
  6285  0.000e+00  0.000e+00 -9.452e-06
  6290  0.000e+00  0.000e+00 -6.694e-06
  6295  0.000e+00  0.000e+00 -4.458e-06
  6300  0.000e+00  0.000e+00 -2.789e-06
  6305  0.000e+00  0.000e+00 -1.724e-06
  6310  0.000e+00  0.000e+00 -1.293e-06
  6315  0.000e+00  0.000e+00 -1.515e-06
  6320  0.000e+00  0.000e+00 -2.403e-06
  6325  0.000e+00  0.000e+00 -3.957e-06
  6330  0.000e+00  0.000e+00 -6.165e-06
  6335  0.000e+00  0.000e+00 -9.006e-06
  6340  0.000e+00  0.000e+00 -1.245e-05
  6345  0.000e+00  0.000e+00 -1.644e-05
  6350  0.000e+00  0.000e+00 -2.092e-05
  6355  0.000e+00  0.000e+00 -2.584e-05
  6360  0.000e+00  0.000e+00 -3.111e-05
  6365  0.000e+00  0.000e+00 -3.665e-05
  6370  0.000e+00  0.000e+00 -4.236e-05
  6375  0.000e+00  0.000e+00 -4.815e-05
  6380  0.000e+00  0.000e+00 -5.393e-05
  6385  0.000e+00  0.000e+00 -5.958e-05
  6390  0.000e+00  0.000e+00 -6.503e-05
  6395  0.000e+00  0.000e+00 -7.016e-05
  6400  0.000e+00  0.000e+00 -7.489e-05
  6405  0.000e+00  0.000e+00 -7.915e-05
  6410  0.000e+00  0.000e+00 -8.286e-05
  6415  0.000e+00  0.000e+00 -8.595e-05
  6420  0.000e+00  0.000e+00 -8.840e-05
  6425  0.000e+00  0.000e+00 -9.016e-05
  6430  0.000e+00  0.000e+00 -9.121e-05
  6435  0.000e+00  0.000e+00 -9.156e-05
  6440  0.000e+00  0.000e+00 -9.123e-05
  6445  0.000e+00  0.000e+00 -9.023e-05
  6450  0.000e+00  0.000e+00 -8.862e-05
  6455  0.000e+00  0.000e+00 -8.646e-05
  6460  0.000e+00  0.000e+00 -8.382e-05
  6465  0.000e+00  0.000e+00 -8.078e-05
  6470  0.000e+00  0.000e+00 -7.744e-05
  6475  0.000e+00  0.000e+00 -7.388e-05
  6480  0.000e+00  0.000e+00 -7.021e-05
  6485  0.000e+00  0.000e+00 -6.654e-05
  6490  0.000e+00  0.000e+00 -6.296e-05
  6495  0.000e+00  0.000e+00 -5.957e-05
  6500  0.000e+00  0.000e+00 -5.647e-05
  6505  0.000e+00  0.000e+00 -5.374e-05
  6510  0.000e+00  0.000e+00 -5.145e-05
  6515  0.000e+00  0.000e+00 -4.965e-05
  6520  0.000e+00  0.000e+00 -4.840e-05
  6525  0.000e+00  0.000e+00 -4.772e-05
  6530  0.000e+00  0.000e+00 -4.762e-05
  6535  0.000e+00  0.000e+00 -4.811e-05
  6540  0.000e+00  0.000e+00 -4.917e-05
  6545  0.000e+00  0.000e+00 -5.075e-05
  6550  0.000e+00  0.000e+00 -5.282e-05
  6555  0.000e+00  0.000e+00 -5.530e-05
  6560  0.000e+00  0.000e+00 -5.813e-05
  6565  0.000e+00  0.000e+00 -6.122e-05
  6570  0.000e+00  0.000e+00 -6.449e-05
  6575  0.000e+00  0.000e+00 -6.782e-05
  6580  0.000e+00  0.000e+00 -7.114e-05
  6585  0.000e+00  0.000e+00 -7.435e-05
  6590  0.000e+00  0.000e+00 -7.734e-05
  6595  0.000e+00  0.000e+00 -8.004e-05
  6600  0.000e+00  0.000e+00 -8.237e-05
  6605  0.000e+00  0.000e+00 -8.425e-05
  6610  0.000e+00  0.000e+00 -8.564e-05
  6615  0.000e+00  0.000e+00 -8.650e-05
  6620  0.000e+00  0.000e+00 -8.678e-05
  6625  0.000e+00  0.000e+00 -8.650e-05
  6630  0.000e+00  0.000e+00 -8.564e-05
  6635  0.000e+00  0.000e+00 -8.423e-05
  6640  0.000e+00  0.000e+00 -8.230e-05
  6645  0.000e+00  0.000e+00 -7.992e-05
  6650  0.000e+00  0.000e+00 -7.712e-05
  6655  0.000e+00  0.000e+00 -7.400e-05
  6660  0.000e+00  0.000e+00 -7.063e-05
  6665  0.000e+00  0.000e+00 -6.709e-05
  6670  0.000e+00  0.000e+00 -6.349e-05
  6675  0.000e+00  0.000e+00 -5.990e-05
  6680  0.000e+00  0.000e+00 -5.643e-05
  6685  0.000e+00  0.000e+00 -5.316e-05
  6690  0.000e+00  0.000e+00 -5.018e-05
  6695  0.000e+00  0.000e+00 -4.755e-05
  6700  0.000e+00  0.000e+00 -4.535e-05
  6705  0.000e+00  0.000e+00 -4.361e-05
  6710  0.000e+00  0.000e+00 -4.239e-05
  6715  0.000e+00  0.000e+00 -4.170e-05
  6720  0.000e+00  0.000e+00 -4.156e-05
  6725  0.000e+00  0.000e+00 -4.196e-05
  6730  0.000e+00  0.000e+00 -4.289e-05
  6735  0.000e+00  0.000e+00 -4.431e-05
  6740  0.000e+00  0.000e+00 -4.618e-05
  6745  0.000e+00  0.000e+00 -4.845e-05
  6750  0.000e+00  0.000e+00 -5.105e-05
  6755  0.000e+00  0.000e+00 -5.392e-05
  6760  0.000e+00  0.000e+00 -5.700e-05
  6765  0.000e+00  0.000e+00 -6.019e-05
  6770  0.000e+00  0.000e+00 -6.343e-05
  6775  0.000e+00  0.000e+00 -6.665e-05
  6780  0.000e+00  0.000e+00 -6.977e-05
  6785  0.000e+00  0.000e+00 -7.275e-05
  6790  0.000e+00  0.000e+00 -7.553e-05
  6795  0.000e+00  0.000e+00 -7.806e-05
  6800  0.000e+00  0.000e+00 -8.032e-05
  6805  0.000e+00  0.000e+00 -8.229e-05
  6810  0.000e+00  0.000e+00 -8.395e-05
  6815  0.000e+00  0.000e+00 -8.532e-05
  6820  0.000e+00  0.000e+00 -8.641e-05
  6825  0.000e+00  0.000e+00 -8.725e-05
  6830  0.000e+00  0.000e+00 -8.786e-05
  6835  0.000e+00  0.000e+00 -8.830e-05
  6840  0.000e+00  0.000e+00 -8.861e-05
  6845  0.000e+00  0.000e+00 -8.884e-05
  6850  0.000e+00  0.000e+00 -8.904e-05
  6855  0.000e+00  0.000e+00 -8.928e-05
  6860  0.000e+00  0.000e+00 -8.959e-05
  6865  0.000e+00  0.000e+00 -9.002e-05
  6870  0.000e+00  0.000e+00 -9.061e-05
  6875  0.000e+00  0.000e+00 -9.139e-05
  6880  0.000e+00  0.000e+00 -9.238e-05
  6885  0.000e+00  0.000e+00 -9.357e-05
  6890  0.000e+00  0.000e+00 -9.498e-05
  6895  0.000e+00  0.000e+00 -9.657e-05
  6900  0.000e+00  0.000e+00 -9.831e-05
  6905  0.000e+00  0.000e+00 -1.002e-04
  6910  0.000e+00  0.000e+00 -1.021e-04
  6915  0.000e+00  0.000e+00 -1.040e-04
  6920  0.000e+00  0.000e+00 -1.059e-04
  6925  0.000e+00  0.000e+00 -1.076e-04
  6930  0.000e+00  0.000e+00 -1.090e-04
  6935  0.000e+00  0.000e+00 -1.102e-04
  6940  0.000e+00  0.000e+00 -1.109e-04
  6945  0.000e+00  0.000e+00 -1.112e-04
  6950  0.000e+00  0.000e+00 -1.110e-04
  6955  0.000e+00  0.000e+00 -1.101e-04
  6960  0.000e+00  0.000e+00 -1.086e-04
  6965  0.000e+00  0.000e+00 -1.064e-04
  6970  0.000e+00  0.000e+00 -1.035e-04
  6975  0.000e+00  0.000e+00 -9.996e-05
  6980  0.000e+00  0.000e+00 -9.567e-05
  6985  0.000e+00  0.000e+00 -9.074e-05
  6990  0.000e+00  0.000e+00 -8.520e-05
  6995  0.000e+00  0.000e+00 -7.913e-05
  7000  0.000e+00  0.000e+00 -7.260e-05
  7005  0.000e+00  0.000e+00 -6.573e-05
  7010  0.000e+00  0.000e+00 -5.862e-05
  7015  0.000e+00  0.000e+00 -5.140e-05
  7020  0.000e+00  0.000e+00 -4.419e-05
  7025  0.000e+00  0.000e+00 -3.712e-05
  7030  0.000e+00  0.000e+00 -3.034e-05
  7035  0.000e+00  0.000e+00 -2.397e-05
  7040  0.000e+00  0.000e+00 -1.815e-05
  7045  0.000e+00  0.000e+00 -1.297e-05
  7050  0.000e+00  0.000e+00 -8.561e-06
  7055  0.000e+00  0.000e+00 -4.997e-06
  7060  0.000e+00  0.000e+00 -2.351e-06
  7065  0.000e+00  0.000e+00 -6.758e-07
  7070  0.000e+00  0.000e+00 -6.145e-19
  7075  0.000e+00  0.000e+00 -3.305e-07
  7080  0.000e+00  0.000e+00 -1.651e-06
  7085  0.000e+00  0.000e+00 -3.922e-06
  7090  0.000e+00  0.000e+00 -7.083e-06
  7095  0.000e+00  0.000e+00 -1.105e-05
  7100  0.000e+00  0.000e+00 -1.572e-05
  7105  0.000e+00  0.000e+00 -2.098e-05
  7110  0.000e+00  0.000e+00 -2.669e-05
  7115  0.000e+00  0.000e+00 -3.271e-05
  7120  0.000e+00  0.000e+00 -3.888e-05
  7125  0.000e+00  0.000e+00 -4.506e-05
  7130  0.000e+00  0.000e+00 -5.109e-05
  7135  0.000e+00  0.000e+00 -5.681e-05
  7140  0.000e+00  0.000e+00 -6.209e-05
  7145  0.000e+00  0.000e+00 -6.679e-05
  7150  0.000e+00  0.000e+00 -7.080e-05
  7155  0.000e+00  0.000e+00 -7.401e-05
  7160  0.000e+00  0.000e+00 -7.634e-05
  7165  0.000e+00  0.000e+00 -7.775e-05
  7170  0.000e+00  0.000e+00 -7.819e-05
  7175  0.000e+00  0.000e+00 -7.766e-05
  7180  0.000e+00  0.000e+00 -7.617e-05
  7185  0.000e+00  0.000e+00 -7.377e-05
  7190  0.000e+00  0.000e+00 -7.051e-05
  7195  0.000e+00  0.000e+00 -6.649e-05
  7200  0.000e+00  0.000e+00 -6.181e-05
  7205  0.000e+00  0.000e+00 -5.658e-05
  7210  0.000e+00  0.000e+00 -5.096e-05
  7215  0.000e+00  0.000e+00 -4.508e-05
  7220  0.000e+00  0.000e+00 -3.910e-05
  7225  0.000e+00  0.000e+00 -3.317e-05
  7230  0.000e+00  0.000e+00 -2.746e-05
  7235  0.000e+00  0.000e+00 -2.211e-05
  7240  0.000e+00  0.000e+00 -1.726e-05
  7245  0.000e+00  0.000e+00 -1.306e-05
  7250  0.000e+00  0.000e+00 -9.612e-06
  7255  0.000e+00  0.000e+00 -7.019e-06
  7260  0.000e+00  0.000e+00 -5.360e-06
  7265  0.000e+00  0.000e+00 -4.692e-06
  7270  0.000e+00  0.000e+00 -5.049e-06
  7275  0.000e+00  0.000e+00 -6.441e-06
  7280  0.000e+00  0.000e+00 -8.856e-06
  7285  0.000e+00  0.000e+00 -1.226e-05
  7290  0.000e+00  0.000e+00 -1.658e-05
  7295  0.000e+00  0.000e+00 -2.176e-05
  7300  0.000e+00  0.000e+00 -2.769e-05
  7305  0.000e+00  0.000e+00 -3.425e-05
  7310  0.000e+00  0.000e+00 -4.133e-05
  7315  0.000e+00  0.000e+00 -4.878e-05
  7320  0.000e+00  0.000e+00 -5.647e-05
  7325  0.000e+00  0.000e+00 -6.424e-05
  7330  0.000e+00  0.000e+00 -7.196e-05
  7335  0.000e+00  0.000e+00 -7.948e-05
  7340  0.000e+00  0.000e+00 -8.667e-05
  7345  0.000e+00  0.000e+00 -9.340e-05
  7350  0.000e+00  0.000e+00 -9.957e-05
  7355  0.000e+00  0.000e+00 -1.051e-04
  7360  0.000e+00  0.000e+00 -1.098e-04
  7365  0.000e+00  0.000e+00 -1.138e-04
  7370  0.000e+00  0.000e+00 -1.169e-04
  7375  0.000e+00  0.000e+00 -1.192e-04
  7380  0.000e+00  0.000e+00 -1.206e-04
  7385  0.000e+00  0.000e+00 -1.211e-04
  7390  0.000e+00  0.000e+00 -1.208e-04
  7395  0.000e+00  0.000e+00 -1.198e-04
  7400  0.000e+00  0.000e+00 -1.181e-04
  7405  0.000e+00  0.000e+00 -1.157e-04
  7410  0.000e+00  0.000e+00 -1.128e-04
  7415  0.000e+00  0.000e+00 -1.095e-04
  7420  0.000e+00  0.000e+00 -1.059e-04
  7425  0.000e+00  0.000e+00 -1.020e-04
  7430  0.000e+00  0.000e+00 -9.803e-05
  7435  0.000e+00  0.000e+00 -9.404e-05
  7440  0.000e+00  0.000e+00 -9.014e-05
  7445  0.000e+00  0.000e+00 -8.641e-05
  7450  0.000e+00  0.000e+00 -8.294e-05
  7455  0.000e+00  0.000e+00 -7.981e-05
  7460  0.000e+00  0.000e+00 -7.708e-05
  7465  0.000e+00  0.000e+00 -7.478e-05
  7470  0.000e+00  0.000e+00 -7.297e-05
  7475  0.000e+00  0.000e+00 -7.167e-05
  7480  0.000e+00  0.000e+00 -7.087e-05
  7485  0.000e+00  0.000e+00 -7.059e-05
  7490  0.000e+00  0.000e+00 -7.079e-05
  7495  0.000e+00  0.000e+00 -7.147e-05
  7500  0.000e+00  0.000e+00 -7.259e-05
  7505  0.000e+00  0.000e+00 -7.409e-05
  7510  0.000e+00  0.000e+00 -7.593e-05
  7515  0.000e+00  0.000e+00 -7.806e-05
  7520  0.000e+00  0.000e+00 -8.041e-05
  7525  0.000e+00  0.000e+00 -8.293e-05
  7530  0.000e+00  0.000e+00 -8.554e-05
  7535  0.000e+00  0.000e+00 -8.819e-05
  7540  0.000e+00  0.000e+00 -9.082e-05
  7545  0.000e+00  0.000e+00 -9.336e-05
  7550  0.000e+00  0.000e+00 -9.578e-05
  7555  0.000e+00  0.000e+00 -9.801e-05
  7560  0.000e+00  0.000e+00 -1.000e-04
  7565  0.000e+00  0.000e+00 -1.017e-04
  7570  0.000e+00  0.000e+00 -1.032e-04
  7575  0.000e+00  0.000e+00 -1.043e-04
  7580  0.000e+00  0.000e+00 -1.051e-04
  7585  0.000e+00  0.000e+00 -1.055e-04
  7590  0.000e+00  0.000e+00 -1.055e-04
  7595  0.000e+00  0.000e+00 -1.051e-04
  7600  0.000e+00  0.000e+00 -1.044e-04
  7605  0.000e+00  0.000e+00 -1.033e-04
  7610  0.000e+00  0.000e+00 -1.018e-04
  7615  0.000e+00  0.000e+00 -9.989e-05
  7620  0.000e+00  0.000e+00 -9.764e-05
  7625  0.000e+00  0.000e+00 -9.505e-05
  7630  0.000e+00  0.000e+00 -9.212e-05
  7635  0.000e+00  0.000e+00 -8.886e-05
  7640  0.000e+00  0.000e+00 -8.530e-05
  7645  0.000e+00  0.000e+00 -8.146e-05
  7650  0.000e+00  0.000e+00 -7.736e-05
  7655  0.000e+00  0.000e+00 -7.303e-05
  7660  0.000e+00  0.000e+00 -6.849e-05
  7665  0.000e+00  0.000e+00 -6.378e-05
  7670  0.000e+00  0.000e+00 -5.893e-05
  7675  0.000e+00  0.000e+00 -5.398e-05
  7680  0.000e+00  0.000e+00 -4.897e-05
  7685  0.000e+00  0.000e+00 -4.394e-05
  7690  0.000e+00  0.000e+00 -3.895e-05
  7695  0.000e+00  0.000e+00 -3.404e-05
  7700  0.000e+00  0.000e+00 -2.926e-05
  7705  0.000e+00  0.000e+00 -2.469e-05
  7710  0.000e+00  0.000e+00 -2.036e-05
  7715  0.000e+00  0.000e+00 -1.634e-05
  7720  0.000e+00  0.000e+00 -1.268e-05
  7725  0.000e+00  0.000e+00 -9.452e-06
  7730  0.000e+00  0.000e+00 -6.694e-06
  7735  0.000e+00  0.000e+00 -4.458e-06
  7740  0.000e+00  0.000e+00 -2.789e-06
  7745  0.000e+00  0.000e+00 -1.724e-06
  7750  0.000e+00  0.000e+00 -1.293e-06
  7755  0.000e+00  0.000e+00 -1.515e-06
  7760  0.000e+00  0.000e+00 -2.403e-06
  7765  0.000e+00  0.000e+00 -3.957e-06
  7770  0.000e+00  0.000e+00 -6.165e-06
  7775  0.000e+00  0.000e+00 -9.006e-06
  7780  0.000e+00  0.000e+00 -1.245e-05
  7785  0.000e+00  0.000e+00 -1.644e-05
  7790  0.000e+00  0.000e+00 -2.092e-05
  7795  0.000e+00  0.000e+00 -2.584e-05
  7800  0.000e+00  0.000e+00 -3.111e-05
  7805  0.000e+00  0.000e+00 -3.665e-05
  7810  0.000e+00  0.000e+00 -4.236e-05
  7815  0.000e+00  0.000e+00 -4.815e-05
  7820  0.000e+00  0.000e+00 -5.393e-05
  7825  0.000e+00  0.000e+00 -5.958e-05
  7830  0.000e+00  0.000e+00 -6.503e-05
  7835  0.000e+00  0.000e+00 -7.016e-05
  7840  0.000e+00  0.000e+00 -7.489e-05
  7845  0.000e+00  0.000e+00 -7.915e-05
  7850  0.000e+00  0.000e+00 -8.286e-05
  7855  0.000e+00  0.000e+00 -8.595e-05
  7860  0.000e+00  0.000e+00 -8.840e-05
  7865  0.000e+00  0.000e+00 -9.016e-05
  7870  0.000e+00  0.000e+00 -9.121e-05
  7875  0.000e+00  0.000e+00 -9.156e-05
  7880  0.000e+00  0.000e+00 -9.123e-05
  7885  0.000e+00  0.000e+00 -9.023e-05
  7890  0.000e+00  0.000e+00 -8.862e-05
  7895  0.000e+00  0.000e+00 -8.646e-05
  7900  0.000e+00  0.000e+00 -8.382e-05
  7905  0.000e+00  0.000e+00 -8.078e-05
  7910  0.000e+00  0.000e+00 -7.744e-05
  7915  0.000e+00  0.000e+00 -7.388e-05
  7920  0.000e+00  0.000e+00 -7.021e-05
  7925  0.000e+00  0.000e+00 -6.654e-05
  7930  0.000e+00  0.000e+00 -6.296e-05
  7935  0.000e+00  0.000e+00 -5.957e-05
  7940  0.000e+00  0.000e+00 -5.647e-05
  7945  0.000e+00  0.000e+00 -5.374e-05
  7950  0.000e+00  0.000e+00 -5.145e-05
  7955  0.000e+00  0.000e+00 -4.965e-05
  7960  0.000e+00  0.000e+00 -4.840e-05
  7965  0.000e+00  0.000e+00 -4.772e-05
  7970  0.000e+00  0.000e+00 -4.762e-05
  7975  0.000e+00  0.000e+00 -4.811e-05
  7980  0.000e+00  0.000e+00 -4.917e-05
  7985  0.000e+00  0.000e+00 -5.075e-05
  7990  0.000e+00  0.000e+00 -5.282e-05
  7995  0.000e+00  0.000e+00 -5.530e-05
  8000  0.000e+00  0.000e+00 -5.813e-05
  8005  0.000e+00  0.000e+00 -6.122e-05
  8010  0.000e+00  0.000e+00 -6.449e-05
  8015  0.000e+00  0.000e+00 -6.782e-05
  8020  0.000e+00  0.000e+00 -7.114e-05
  8025  0.000e+00  0.000e+00 -7.435e-05
  8030  0.000e+00  0.000e+00 -7.734e-05
  8035  0.000e+00  0.000e+00 -8.004e-05
  8040  0.000e+00  0.000e+00 -8.237e-05
  8045  0.000e+00  0.000e+00 -8.425e-05
  8050  0.000e+00  0.000e+00 -8.564e-05
  8055  0.000e+00  0.000e+00 -8.650e-05
  8060  0.000e+00  0.000e+00 -8.678e-05
  8065  0.000e+00  0.000e+00 -8.650e-05
  8070  0.000e+00  0.000e+00 -8.564e-05
  8075  0.000e+00  0.000e+00 -8.423e-05
  8080  0.000e+00  0.000e+00 -8.230e-05
  8085  0.000e+00  0.000e+00 -7.992e-05
  8090  0.000e+00  0.000e+00 -7.712e-05
  8095  0.000e+00  0.000e+00 -7.400e-05
  8100  0.000e+00  0.000e+00 -7.063e-05
  8105  0.000e+00  0.000e+00 -6.709e-05
  8110  0.000e+00  0.000e+00 -6.349e-05
  8115  0.000e+00  0.000e+00 -5.990e-05
  8120  0.000e+00  0.000e+00 -5.643e-05
  8125  0.000e+00  0.000e+00 -5.316e-05
  8130  0.000e+00  0.000e+00 -5.018e-05
  8135  0.000e+00  0.000e+00 -4.755e-05
  8140  0.000e+00  0.000e+00 -4.535e-05
  8145  0.000e+00  0.000e+00 -4.361e-05
  8150  0.000e+00  0.000e+00 -4.239e-05
  8155  0.000e+00  0.000e+00 -4.170e-05
  8160  0.000e+00  0.000e+00 -4.156e-05
  8165  0.000e+00  0.000e+00 -4.196e-05
  8170  0.000e+00  0.000e+00 -4.289e-05
  8175  0.000e+00  0.000e+00 -4.431e-05
  8180  0.000e+00  0.000e+00 -4.618e-05
  8185  0.000e+00  0.000e+00 -4.845e-05
  8190  0.000e+00  0.000e+00 -5.105e-05
  8195  0.000e+00  0.000e+00 -5.392e-05
  8200  0.000e+00  0.000e+00 -5.700e-05
  8205  0.000e+00  0.000e+00 -6.019e-05
  8210  0.000e+00  0.000e+00 -6.343e-05
  8215  0.000e+00  0.000e+00 -6.665e-05
  8220  0.000e+00  0.000e+00 -6.977e-05
  8225  0.000e+00  0.000e+00 -7.275e-05
  8230  0.000e+00  0.000e+00 -7.553e-05
  8235  0.000e+00  0.000e+00 -7.806e-05
  8240  0.000e+00  0.000e+00 -8.032e-05
  8245  0.000e+00  0.000e+00 -8.229e-05
  8250  0.000e+00  0.000e+00 -8.395e-05
  8255  0.000e+00  0.000e+00 -8.532e-05
  8260  0.000e+00  0.000e+00 -8.641e-05
  8265  0.000e+00  0.000e+00 -8.725e-05
  8270  0.000e+00  0.000e+00 -8.786e-05
  8275  0.000e+00  0.000e+00 -8.830e-05
  8280  0.000e+00  0.000e+00 -8.861e-05
  8285  0.000e+00  0.000e+00 -8.884e-05
  8290  0.000e+00  0.000e+00 -8.904e-05
  8295  0.000e+00  0.000e+00 -8.928e-05
  8300  0.000e+00  0.000e+00 -8.959e-05
  8305  0.000e+00  0.000e+00 -9.002e-05
  8310  0.000e+00  0.000e+00 -9.061e-05
  8315  0.000e+00  0.000e+00 -9.139e-05
  8320  0.000e+00  0.000e+00 -9.238e-05
  8325  0.000e+00  0.000e+00 -9.357e-05
  8330  0.000e+00  0.000e+00 -9.498e-05
  8335  0.000e+00  0.000e+00 -9.657e-05
  8340  0.000e+00  0.000e+00 -9.831e-05
  8345  0.000e+00  0.000e+00 -1.002e-04
  8350  0.000e+00  0.000e+00 -1.021e-04
  8355  0.000e+00  0.000e+00 -1.040e-04
  8360  0.000e+00  0.000e+00 -1.059e-04
  8365  0.000e+00  0.000e+00 -1.076e-04
  8370  0.000e+00  0.000e+00 -1.090e-04
  8375  0.000e+00  0.000e+00 -1.102e-04
  8380  0.000e+00  0.000e+00 -1.109e-04
  8385  0.000e+00  0.000e+00 -1.112e-04
  8390  0.000e+00  0.000e+00 -1.110e-04
  8395  0.000e+00  0.000e+00 -1.101e-04
  8400  0.000e+00  0.000e+00 -1.086e-04
  8405  0.000e+00  0.000e+00 -1.064e-04
  8410  0.000e+00  0.000e+00 -1.035e-04
  8415  0.000e+00  0.000e+00 -9.996e-05
  8420  0.000e+00  0.000e+00 -9.567e-05
  8425  0.000e+00  0.000e+00 -9.074e-05
  8430  0.000e+00  0.000e+00 -8.520e-05
  8435  0.000e+00  0.000e+00 -7.913e-05
  8440  0.000e+00  0.000e+00 -7.260e-05
  8445  0.000e+00  0.000e+00 -6.573e-05
  8450  0.000e+00  0.000e+00 -5.862e-05
  8455  0.000e+00  0.000e+00 -5.140e-05
  8460  0.000e+00  0.000e+00 -4.419e-05
  8465  0.000e+00  0.000e+00 -3.712e-05
  8470  0.000e+00  0.000e+00 -3.034e-05
  8475  0.000e+00  0.000e+00 -2.397e-05
  8480  0.000e+00  0.000e+00 -1.815e-05
  8485  0.000e+00  0.000e+00 -1.297e-05
  8490  0.000e+00  0.000e+00 -8.561e-06
  8495  0.000e+00  0.000e+00 -4.997e-06
  8500  0.000e+00  0.000e+00 -2.351e-06
  8505  0.000e+00  0.000e+00 -6.758e-07
  8510  0.000e+00  0.000e+00 -0.000e+00
  8515  0.000e+00  0.000e+00 -3.305e-07
  8520  0.000e+00  0.000e+00 -1.651e-06
  8525  0.000e+00  0.000e+00 -3.922e-06
  8530  0.000e+00  0.000e+00 -7.083e-06
  8535  0.000e+00  0.000e+00 -1.105e-05
  8540  0.000e+00  0.000e+00 -1.572e-05
  8545  0.000e+00  0.000e+00 -2.098e-05
  8550  0.000e+00  0.000e+00 -2.669e-05
  8555  0.000e+00  0.000e+00 -3.271e-05
  8560  0.000e+00  0.000e+00 -3.888e-05
  8565  0.000e+00  0.000e+00 -4.506e-05
  8570  0.000e+00  0.000e+00 -5.109e-05
  8575  0.000e+00  0.000e+00 -5.681e-05
  8580  0.000e+00  0.000e+00 -6.209e-05
  8585  0.000e+00  0.000e+00 -6.679e-05
  8590  0.000e+00  0.000e+00 -7.080e-05
  8595  0.000e+00  0.000e+00 -7.401e-05
  8600  0.000e+00  0.000e+00 -7.634e-05
  8605  0.000e+00  0.000e+00 -7.775e-05
  8610  0.000e+00  0.000e+00 -7.819e-05
  8615  0.000e+00  0.000e+00 -7.766e-05
  8620  0.000e+00  0.000e+00 -7.617e-05
  8625  0.000e+00  0.000e+00 -7.377e-05
  8630  0.000e+00  0.000e+00 -7.051e-05
  8635  0.000e+00  0.000e+00 -6.649e-05
  8640  0.000e+00  0.000e+00 -6.181e-05
  8645  0.000e+00  0.000e+00 -5.658e-05
  8650  0.000e+00  0.000e+00 -5.096e-05
  8655  0.000e+00  0.000e+00 -4.508e-05
  8660  0.000e+00  0.000e+00 -3.910e-05
  8665  0.000e+00  0.000e+00 -3.317e-05
  8670  0.000e+00  0.000e+00 -2.746e-05
  8675  0.000e+00  0.000e+00 -2.211e-05
  8680  0.000e+00  0.000e+00 -1.726e-05
  8685  0.000e+00  0.000e+00 -1.306e-05
  8690  0.000e+00  0.000e+00 -9.612e-06
  8695  0.000e+00  0.000e+00 -7.019e-06
  8700  0.000e+00  0.000e+00 -5.360e-06
  8705  0.000e+00  0.000e+00 -4.692e-06
  8710  0.000e+00  0.000e+00 -5.049e-06
  8715  0.000e+00  0.000e+00 -6.441e-06
  8720  0.000e+00  0.000e+00 -8.856e-06
  8725  0.000e+00  0.000e+00 -1.226e-05
  8730  0.000e+00  0.000e+00 -1.658e-05
  8735  0.000e+00  0.000e+00 -2.176e-05
  8740  0.000e+00  0.000e+00 -2.769e-05
  8745  0.000e+00  0.000e+00 -3.425e-05
  8750  0.000e+00  0.000e+00 -4.133e-05
  8755  0.000e+00  0.000e+00 -4.878e-05
  8760  0.000e+00  0.000e+00 -5.647e-05
  8765  0.000e+00  0.000e+00 -6.424e-05
  8770  0.000e+00  0.000e+00 -7.196e-05
  8775  0.000e+00  0.000e+00 -7.948e-05
  8780  0.000e+00  0.000e+00 -8.667e-05
  8785  0.000e+00  0.000e+00 -9.340e-05
  8790  0.000e+00  0.000e+00 -9.957e-05
  8795  0.000e+00  0.000e+00 -1.051e-04
  8800  0.000e+00  0.000e+00 -1.098e-04
  8805  0.000e+00  0.000e+00 -1.138e-04
  8810  0.000e+00  0.000e+00 -1.169e-04
  8815  0.000e+00  0.000e+00 -1.192e-04
  8820  0.000e+00  0.000e+00 -1.206e-04
  8825  0.000e+00  0.000e+00 -1.211e-04
  8830  0.000e+00  0.000e+00 -1.208e-04
  8835  0.000e+00  0.000e+00 -1.198e-04
  8840  0.000e+00  0.000e+00 -1.181e-04
  8845  0.000e+00  0.000e+00 -1.157e-04
  8850  0.000e+00  0.000e+00 -1.128e-04
  8855  0.000e+00  0.000e+00 -1.095e-04
  8860  0.000e+00  0.000e+00 -1.059e-04
  8865  0.000e+00  0.000e+00 -1.020e-04
  8870  0.000e+00  0.000e+00 -9.803e-05
  8875  0.000e+00  0.000e+00 -9.404e-05
  8880  0.000e+00  0.000e+00 -9.014e-05
  8885  0.000e+00  0.000e+00 -8.641e-05
  8890  0.000e+00  0.000e+00 -8.294e-05
  8895  0.000e+00  0.000e+00 -7.981e-05
  8900  0.000e+00  0.000e+00 -7.708e-05
  8905  0.000e+00  0.000e+00 -7.478e-05
  8910  0.000e+00  0.000e+00 -7.297e-05
  8915  0.000e+00  0.000e+00 -7.167e-05
  8920  0.000e+00  0.000e+00 -7.087e-05
  8925  0.000e+00  0.000e+00 -7.059e-05
  8930  0.000e+00  0.000e+00 -7.079e-05
  8935  0.000e+00  0.000e+00 -7.147e-05
  8940  0.000e+00  0.000e+00 -7.259e-05
  8945  0.000e+00  0.000e+00 -7.409e-05
  8950  0.000e+00  0.000e+00 -7.593e-05
  8955  0.000e+00  0.000e+00 -7.806e-05
  8960  0.000e+00  0.000e+00 -8.041e-05
  8965  0.000e+00  0.000e+00 -8.293e-05
  8970  0.000e+00  0.000e+00 -8.554e-05
  8975  0.000e+00  0.000e+00 -8.819e-05
  8980  0.000e+00  0.000e+00 -9.082e-05
  8985  0.000e+00  0.000e+00 -9.336e-05
  8990  0.000e+00  0.000e+00 -9.578e-05
  8995  0.000e+00  0.000e+00 -9.801e-05
  9000  0.000e+00  0.000e+00 -1.000e-04
  9005  0.000e+00  0.000e+00 -1.017e-04
  9010  0.000e+00  0.000e+00 -1.032e-04
  9015  0.000e+00  0.000e+00 -1.043e-04
  9020  0.000e+00  0.000e+00 -1.051e-04
  9025  0.000e+00  0.000e+00 -1.055e-04
  9030  0.000e+00  0.000e+00 -1.055e-04
  9035  0.000e+00  0.000e+00 -1.051e-04
  9040  0.000e+00  0.000e+00 -1.044e-04
  9045  0.000e+00  0.000e+00 -1.033e-04
  9050  0.000e+00  0.000e+00 -1.018e-04
  9055  0.000e+00  0.000e+00 -9.989e-05
  9060  0.000e+00  0.000e+00 -9.764e-05
  9065  0.000e+00  0.000e+00 -9.505e-05
  9070  0.000e+00  0.000e+00 -9.212e-05
  9075  0.000e+00  0.000e+00 -8.886e-05
  9080  0.000e+00  0.000e+00 -8.530e-05
  9085  0.000e+00  0.000e+00 -8.146e-05
  9090  0.000e+00  0.000e+00 -7.736e-05
  9095  0.000e+00  0.000e+00 -7.303e-05
  9100  0.000e+00  0.000e+00 -6.849e-05
  9105  0.000e+00  0.000e+00 -6.378e-05
  9110  0.000e+00  0.000e+00 -5.893e-05
  9115  0.000e+00  0.000e+00 -5.398e-05
  9120  0.000e+00  0.000e+00 -4.897e-05
  9125  0.000e+00  0.000e+00 -4.394e-05
  9130  0.000e+00  0.000e+00 -3.895e-05
  9135  0.000e+00  0.000e+00 -3.404e-05
  9140  0.000e+00  0.000e+00 -2.926e-05
  9145  0.000e+00  0.000e+00 -2.469e-05
  9150  0.000e+00  0.000e+00 -2.036e-05
  9155  0.000e+00  0.000e+00 -1.634e-05
  9160  0.000e+00  0.000e+00 -1.268e-05
  9165  0.000e+00  0.000e+00 -9.452e-06
  9170  0.000e+00  0.000e+00 -6.694e-06
  9175  0.000e+00  0.000e+00 -4.458e-06
  9180  0.000e+00  0.000e+00 -2.789e-06
  9185  0.000e+00  0.000e+00 -1.724e-06
  9190  0.000e+00  0.000e+00 -1.293e-06
  9195  0.000e+00  0.000e+00 -1.515e-06
  9200  0.000e+00  0.000e+00 -2.403e-06
  9205  0.000e+00  0.000e+00 -3.957e-06
  9210  0.000e+00  0.000e+00 -6.165e-06
  9215  0.000e+00  0.000e+00 -9.006e-06
  9220  0.000e+00  0.000e+00 -1.245e-05
  9225  0.000e+00  0.000e+00 -1.644e-05
  9230  0.000e+00  0.000e+00 -2.092e-05
  9235  0.000e+00  0.000e+00 -2.584e-05
  9240  0.000e+00  0.000e+00 -3.111e-05
  9245  0.000e+00  0.000e+00 -3.665e-05
  9250  0.000e+00  0.000e+00 -4.236e-05
  9255  0.000e+00  0.000e+00 -4.815e-05
  9260  0.000e+00  0.000e+00 -5.393e-05
  9265  0.000e+00  0.000e+00 -5.958e-05
  9270  0.000e+00  0.000e+00 -6.503e-05
  9275  0.000e+00  0.000e+00 -7.016e-05
  9280  0.000e+00  0.000e+00 -7.489e-05
  9285  0.000e+00  0.000e+00 -7.915e-05
  9290  0.000e+00  0.000e+00 -8.286e-05
  9295  0.000e+00  0.000e+00 -8.595e-05
  9300  0.000e+00  0.000e+00 -8.840e-05
  9305  0.000e+00  0.000e+00 -9.016e-05
  9310  0.000e+00  0.000e+00 -9.121e-05
  9315  0.000e+00  0.000e+00 -9.156e-05
  9320  0.000e+00  0.000e+00 -9.123e-05
  9325  0.000e+00  0.000e+00 -9.023e-05
  9330  0.000e+00  0.000e+00 -8.862e-05
  9335  0.000e+00  0.000e+00 -8.646e-05
  9340  0.000e+00  0.000e+00 -8.382e-05
  9345  0.000e+00  0.000e+00 -8.078e-05
  9350  0.000e+00  0.000e+00 -7.744e-05
  9355  0.000e+00  0.000e+00 -7.388e-05
  9360  0.000e+00  0.000e+00 -7.021e-05
  9365  0.000e+00  0.000e+00 -6.654e-05
  9370  0.000e+00  0.000e+00 -6.296e-05
  9375  0.000e+00  0.000e+00 -5.957e-05
  9380  0.000e+00  0.000e+00 -5.647e-05
  9385  0.000e+00  0.000e+00 -5.374e-05
  9390  0.000e+00  0.000e+00 -5.145e-05
  9395  0.000e+00  0.000e+00 -4.965e-05
  9400  0.000e+00  0.000e+00 -4.840e-05
  9405  0.000e+00  0.000e+00 -4.772e-05
  9410  0.000e+00  0.000e+00 -4.762e-05
  9415  0.000e+00  0.000e+00 -4.811e-05
  9420  0.000e+00  0.000e+00 -4.917e-05
  9425  0.000e+00  0.000e+00 -5.075e-05
  9430  0.000e+00  0.000e+00 -5.282e-05
  9435  0.000e+00  0.000e+00 -5.530e-05
  9440  0.000e+00  0.000e+00 -5.813e-05
  9445  0.000e+00  0.000e+00 -6.122e-05
  9450  0.000e+00  0.000e+00 -6.449e-05
  9455  0.000e+00  0.000e+00 -6.782e-05
  9460  0.000e+00  0.000e+00 -7.114e-05
  9465  0.000e+00  0.000e+00 -7.435e-05
  9470  0.000e+00  0.000e+00 -7.734e-05
  9475  0.000e+00  0.000e+00 -8.004e-05
  9480  0.000e+00  0.000e+00 -8.237e-05
  9485  0.000e+00  0.000e+00 -8.425e-05
  9490  0.000e+00  0.000e+00 -8.564e-05
  9495  0.000e+00  0.000e+00 -8.650e-05
  9500  0.000e+00  0.000e+00 -8.678e-05
  9505  0.000e+00  0.000e+00 -8.650e-05
  9510  0.000e+00  0.000e+00 -8.564e-05
  9515  0.000e+00  0.000e+00 -8.423e-05
  9520  0.000e+00  0.000e+00 -8.230e-05
  9525  0.000e+00  0.000e+00 -7.992e-05
  9530  0.000e+00  0.000e+00 -7.712e-05
  9535  0.000e+00  0.000e+00 -7.400e-05
  9540  0.000e+00  0.000e+00 -7.063e-05
  9545  0.000e+00  0.000e+00 -6.709e-05
  9550  0.000e+00  0.000e+00 -6.349e-05
  9555  0.000e+00  0.000e+00 -5.990e-05
  9560  0.000e+00  0.000e+00 -5.643e-05
  9565  0.000e+00  0.000e+00 -5.316e-05
  9570  0.000e+00  0.000e+00 -5.018e-05
  9575  0.000e+00  0.000e+00 -4.755e-05
  9580  0.000e+00  0.000e+00 -4.535e-05
  9585  0.000e+00  0.000e+00 -4.361e-05
  9590  0.000e+00  0.000e+00 -4.239e-05
  9595  0.000e+00  0.000e+00 -4.170e-05
  9600  0.000e+00  0.000e+00 -4.156e-05
  9605  0.000e+00  0.000e+00 -4.196e-05
  9610  0.000e+00  0.000e+00 -4.289e-05
  9615  0.000e+00  0.000e+00 -4.431e-05
  9620  0.000e+00  0.000e+00 -4.618e-05
  9625  0.000e+00  0.000e+00 -4.845e-05
  9630  0.000e+00  0.000e+00 -5.105e-05
  9635  0.000e+00  0.000e+00 -5.392e-05
  9640  0.000e+00  0.000e+00 -5.700e-05
  9645  0.000e+00  0.000e+00 -6.019e-05
  9650  0.000e+00  0.000e+00 -6.343e-05
  9655  0.000e+00  0.000e+00 -6.665e-05
  9660  0.000e+00  0.000e+00 -6.977e-05
  9665  0.000e+00  0.000e+00 -7.275e-05
  9670  0.000e+00  0.000e+00 -7.553e-05
  9675  0.000e+00  0.000e+00 -7.806e-05
  9680  0.000e+00  0.000e+00 -8.032e-05
  9685  0.000e+00  0.000e+00 -8.229e-05
  9690  0.000e+00  0.000e+00 -8.395e-05
  9695  0.000e+00  0.000e+00 -8.532e-05
  9700  0.000e+00  0.000e+00 -8.641e-05
  9705  0.000e+00  0.000e+00 -8.725e-05
  9710  0.000e+00  0.000e+00 -8.786e-05
  9715  0.000e+00  0.000e+00 -8.830e-05
  9720  0.000e+00  0.000e+00 -8.861e-05
  9725  0.000e+00  0.000e+00 -8.884e-05
  9730  0.000e+00  0.000e+00 -8.904e-05
  9735  0.000e+00  0.000e+00 -8.928e-05
  9740  0.000e+00  0.000e+00 -8.959e-05
  9745  0.000e+00  0.000e+00 -9.002e-05
  9750  0.000e+00  0.000e+00 -9.061e-05
  9755  0.000e+00  0.000e+00 -9.139e-05
  9760  0.000e+00  0.000e+00 -9.238e-05
  9765  0.000e+00  0.000e+00 -9.357e-05
  9770  0.000e+00  0.000e+00 -9.498e-05
  9775  0.000e+00  0.000e+00 -9.657e-05
  9780  0.000e+00  0.000e+00 -9.831e-05
  9785  0.000e+00  0.000e+00 -1.002e-04
  9790  0.000e+00  0.000e+00 -1.021e-04
  9795  0.000e+00  0.000e+00 -1.040e-04
  9800  0.000e+00  0.000e+00 -1.059e-04
  9805  0.000e+00  0.000e+00 -1.076e-04
  9810  0.000e+00  0.000e+00 -1.090e-04
  9815  0.000e+00  0.000e+00 -1.102e-04
  9820  0.000e+00  0.000e+00 -1.109e-04
  9825  0.000e+00  0.000e+00 -1.112e-04
  9830  0.000e+00  0.000e+00 -1.110e-04
  9835  0.000e+00  0.000e+00 -1.101e-04
  9840  0.000e+00  0.000e+00 -1.086e-04
  9845  0.000e+00  0.000e+00 -1.064e-04
  9850  0.000e+00  0.000e+00 -1.035e-04
  9855  0.000e+00  0.000e+00 -9.996e-05
  9860  0.000e+00  0.000e+00 -9.567e-05
  9865  0.000e+00  0.000e+00 -9.074e-05
  9870  0.000e+00  0.000e+00 -8.520e-05
  9875  0.000e+00  0.000e+00 -7.913e-05
  9880  0.000e+00  0.000e+00 -7.260e-05
  9885  0.000e+00  0.000e+00 -6.573e-05
  9890  0.000e+00  0.000e+00 -5.862e-05
  9895  0.000e+00  0.000e+00 -5.140e-05
  9900  0.000e+00  0.000e+00 -4.419e-05
  9905  0.000e+00  0.000e+00 -3.712e-05
  9910  0.000e+00  0.000e+00 -3.034e-05
  9915  0.000e+00  0.000e+00 -2.397e-05
  9920  0.000e+00  0.000e+00 -1.815e-05
  9925  0.000e+00  0.000e+00 -1.297e-05
  9930  0.000e+00  0.000e+00 -8.561e-06
  9935  0.000e+00  0.000e+00 -4.997e-06
  9940  0.000e+00  0.000e+00 -2.351e-06
  9945  0.000e+00  0.000e+00 -6.758e-07
  9950  0.000e+00  0.000e+00 -1.103e-18
  9955  0.000e+00  0.000e+00 -3.305e-07
  9960  0.000e+00  0.000e+00 -1.651e-06
  9965  0.000e+00  0.000e+00 -3.922e-06
  9970  0.000e+00  0.000e+00 -7.083e-06
  9975  0.000e+00  0.000e+00 -1.105e-05
  9980  0.000e+00  0.000e+00 -1.572e-05
  9985  0.000e+00  0.000e+00 -2.098e-05
  9990  0.000e+00  0.000e+00 -2.669e-05
  9995  0.000e+00  0.000e+00 -3.271e-05
 10000  0.000e+00  0.000e+00 -3.888e-05
 10005  0.000e+00  0.000e+00 -4.506e-05
 10010  0.000e+00  0.000e+00 -5.109e-05
 10015  0.000e+00  0.000e+00 -5.681e-05
 10020  0.000e+00  0.000e+00 -6.209e-05
 10025  0.000e+00  0.000e+00 -6.679e-05
 10030  0.000e+00  0.000e+00 -7.080e-05
 10035  0.000e+00  0.000e+00 -7.401e-05
 10040  0.000e+00  0.000e+00 -7.634e-05
 10045  0.000e+00  0.000e+00 -7.775e-05
 10050  0.000e+00  0.000e+00 -7.819e-05
 10055  0.000e+00  0.000e+00 -7.766e-05
 10060  0.000e+00  0.000e+00 -7.617e-05
 10065  0.000e+00  0.000e+00 -7.377e-05
 10070  0.000e+00  0.000e+00 -7.051e-05
 10075  0.000e+00  0.000e+00 -6.649e-05
 10080  0.000e+00  0.000e+00 -6.181e-05
