0 0 0 -0.000380
5 0 0 -0.000376
10 0 0 -0.000392
15 0 0 -0.000420
20 0 0 -0.000453
25 0 0 -0.000482
30 0 0 -0.000500
35 0 0 -0.000502
40 0 0 -0.000493
45 0 0 -0.000480
50 0 0 -0.000470
55 0 0 -0.000464
60 0 0 -0.000460
65 0 0 -0.000457
70 0 0 -0.000441
75 0 0 -0.000400
80 0 0 -0.000327
85 0 0 -0.000254
90 0 0 -0.000220
95 0 0 -0.000251
100 0 0 -0.000319
105 0 0 -0.000380
110 0 0 -0.000401
115 0 0 -0.000383
120 0 0 -0.000340
125 0 0 -0.000283
130 0 0 -0.000230
135 0 0 -0.000200
140 0 0 -0.000206
145 0 0 -0.000243
150 0 0 -0.000300
155 0 0 -0.000364
160 0 0 -0.000418
165 0 0 -0.000440
170 0 0 -0.000419
175 0 0 -0.000370
180 0 0 -0.000320
185 0 0 -0.000288
190 0 0 -0.000281
195 0 0 -0.000300
200 0 0 -0.000344
205 0 0 -0.000392
210 0 0 -0.000420
215 0 0 -0.000409
220 0 0 -0.000369
225 0 0 -0.000320
230 0 0 -0.000276
235 0 0 -0.000247
240 0 0 -0.000240
245 0 0 -0.000258
250 0 0 -0.000289
255 0 0 -0.000320
260 0 0 -0.000338
265 0 0 -0.000344
270 0 0 -0.000340
275 0 0 -0.000331
280 0 0 -0.000328
285 0 0 -0.000340
290 0 0 -0.000372
295 0 0 -0.000402
300 0 0 -0.000400
305 0 0 -0.000349
310 0 0 -0.000280
315 0 0 -0.000240
320 0 0 -0.000259
325 0 0 -0.000317
330 0 0 -0.000380
335 0 0 -0.000418
340 0 0 -0.000420
345 0 0 -0.000380
350 0 0 -0.000299
355 0 0 -0.000216
360 0 0 -0.000180
365 0 0 -0.000219
370 0 0 -0.000293
375 0 0 -0.000340
380 0 0 -0.000319
385 0 0 -0.000257
390 0 0 -0.000200
395 0 0 -0.000184
400 0 0 -0.000203
405 0 0 -0.000240
410 0 0 -0.000279
415 0 0 -0.000303
420 0 0 -0.000300
425 0 0 -0.000262
430 0 0 -0.000222
435 0 0 -0.000220
440 0 0 -0.000281
445 0 0 -0.000365
450 0 0 -0.000420
455 0 0 -0.000406
460 0 0 -0.000352
465 0 0 -0.000300
470 0 0 -0.000285
475 0 0 -0.000298
480 0 0 -0.000320
485 0 0 -0.000338
490 0 0 -0.000355
495 0 0 -0.000380
500 0 0 -0.000416
505 0 0 -0.000449
510 0 0 -0.000460
515 0 0 -0.000438
520 0 0 -0.000398
525 0 0 -0.000360
530 0 0 -0.000337
535 0 0 -0.000307
540 0 0 -0.000240
545 0 0 -0.000133
550 0 0 -0.000100
555 0 0 -0.000280
560 0 0 -0.000751
565 0 0 -0.001333
570 0 0 -0.001780
575 0 0 -0.001913
580 0 0 -0.001811
585 0 0 -0.001620
590 0 0 -0.001462
595 0 0 -0.001371
600 0 0 -0.001360
605 0 0 -0.001427
610 0 0 -0.001522
615 0 0 -0.001580
620 0 0 -0.001554
625 0 0 -0.001468
630 0 0 -0.001360
635 0 0 -0.001268
640 0 0 -0.001214
645 0 0 -0.001220
650 0 0 -0.001301
655 0 0 -0.001457
660 0 0 -0.001680
665 0 0 -0.001946
670 0 0 -0.002153
675 0 0 -0.002180
680 0 0 -0.001956
685 0 0 -0.001610
690 0 0 -0.001320
695 0 0 -0.001221
700 0 0 -0.001270
705 0 0 -0.001380
710 0 0 -0.001472
715 0 0 -0.001508
720 0 0 -0.001460
725 0 0 -0.001313
730 0 0 -0.001113
735 0 0 -0.000920
740 0 0 -0.000782
745 0 0 -0.000695
750 0 0 -0.000640
755 0 0 -0.000602
760 0 0 -0.000572
765 0 0 -0.000540
770 0 0 -0.000501
775 0 0 -0.000458
780 0 0 -0.000420
785 0 0 -0.000392
790 0 0 -0.000378
795 0 0 -0.000380
800 0 0 -0.000396
805 0 0 -0.000415
810 0 0 -0.000420
815 0 0 -0.000402
820 0 0 -0.000376
825 0 0 -0.000360
830 0 0 -0.000368
835 0 0 -0.000383
840 0 0 -0.000380
845 0 0 -0.000345
850 0 0 -0.000306
855 0 0 -0.000300
860 0 0 -0.000351
865 0 0 -0.000426
870 0 0 -0.000480
875 0 0 -0.000481
880 0 0 -0.000459
885 0 0 -0.000460
890 0 0 -0.000511
895 0 0 -0.000570
900 0 0 -0.000580
905 0 0 -0.000504
910 0 0 -0.000397
915 0 0 -0.000340
920 0 0 -0.000384
925 0 0 -0.000472
930 0 0 -0.000520
935 0 0 -0.000472
940 0 0 -0.000378
945 0 0 -0.000320
950 0 0 -0.000355
955 0 0 -0.000462
960 0 0 -0.000600
965 0 0 -0.000729
970 0 0 -0.000824
975 0 0 -0.000860
980 0 0 -0.000828
985 0 0 -0.000775
990 0 0 -0.000760
995 0 0 -0.000820
1000 0 0 -0.000900
1005 0 0 -0.000920
1010 0 0 -0.000845
1015 0 0 -0.000816
1020 0 0 -0.001020
1025 0 0 -0.001561
1030 0 0 -0.002216
1035 0 0 -0.002680
1040 0 0 -0.002738
1045 0 0 -0.002529
1050 0 0 -0.002280
1055 0 0 -0.002171
1060 0 0 -0.002191
1065 0 0 -0.002280
1070 0 0 -0.002387
1075 0 0 -0.002491
1080 0 0 -0.002580
1085 0 0 -0.002636
1090 0 0 -0.002628
1095 0 0 -0.002520
1100 0 0 -0.002300
1105 0 0 -0.002051
1110 0 0 -0.001880
1115 0 0 -0.001863
1120 0 0 -0.001960
1125 0 0 -0.002100
1130 0 0 -0.002217
1135 0 0 -0.002265
1140 0 0 -0.002200
1145 0 0 -0.002004
1150 0 0 -0.001757
1155 0 0 -0.001560
1160 0 0 -0.001490
1165 0 0 -0.001511
1170 0 0 -0.001560
1175 0 0 -0.001587
1180 0 0 -0.001590
1185 0 0 -0.001580
1190 0 0 -0.001560
1195 0 0 -0.001505
1200 0 0 -0.001380
1205 0 0 -0.001182
1210 0 0 -0.001022
1215 0 0 -0.001040
1220 0 0 -0.001320
1225 0 0 -0.001715
1230 0 0 -0.002020
1235 0 0 -0.002089
1240 0 0 -0.002003
1245 0 0 -0.001900
1250 0 0 -0.001882
1255 0 0 -0.001908
1260 0 0 -0.001900
1265 0 0 -0.001807
1270 0 0 -0.001681
1275 0 0 -0.001600
1280 0 0 -0.001616
1285 0 0 -0.001676
1290 0 0 -0.001700
1295 0 0 -0.001632
1300 0 0 -0.001511
1305 0 0 -0.001400
1310 0 0 -0.001348
1315 0 0 -0.001348
1320 0 0 -0.001380
1325 0 0 -0.001423
1330 0 0 -0.001457
1335 0 0 -0.001460
1340 0 0 -0.001421
1345 0 0 -0.001358
1350 0 0 -0.001300
1355 0 0 -0.001269
1360 0 0 -0.001264
1365 0 0 -0.001280
1370 0 0 -0.001308
1375 0 0 -0.001323
1380 0 0 -0.001300
1385 0 0 -0.001219
1390 0 0 -0.001092
1395 0 0 -0.000940
1400 0 0 -0.000782
1405 0 0 -0.000632
1410 0 0 -0.000500
1415 0 0 -0.000397
1420 0 0 -0.000324
1425 0 0 -0.000280
1430 0 0 -0.000265
1435 0 0 -0.000273
1440 0 0 -0.000300
1445 0 0 -0.000337
1450 0 0 -0.000359
1455 0 0 -0.000340
1460 0 0 -0.000265
1465 0 0 -0.000179
1470 0 0 -0.000140
1475 0 0 -0.000185
1480 0 0 -0.000273
1485 0 0 -0.000340
1490 0 0 -0.000340
1495 0 0 -0.000289
1500 0 0 -0.000220
1505 0 0 -0.000164
1510 0 0 -0.000144
1515 0 0 -0.000180
1520 0 0 -0.000278
1525 0 0 -0.000386
1530 0 0 -0.000440
1535 0 0 -0.000396
1540 0 0 -0.000305
1545 0 0 -0.000240
1550 0 0 -0.000254
1555 0 0 -0.000318
1560 0 0 -0.000380
1565 0 0 -0.000400
1570 0 0 -0.000377
1575 0 0 -0.000320
1580 0 0 -0.000242
1585 0 0 -0.000176
1590 0 0 -0.000160
1595 0 0 -0.000215
1600 0 0 -0.000296
1605 0 0 -0.000340
1610 0 0 -0.000305
1615 0 0 -0.000232
1620 0 0 -0.000180
1625 0 0 -0.000193
1630 0 0 -0.000241
1635 0 0 -0.000280
1640 0 0 -0.000276
1645 0 0 -0.000251
1650 0 0 -0.000240
1655 0 0 -0.000267
1660 0 0 -0.000311
1665 0 0 -0.000340
1670 0 0 -0.000332
1675 0 0 -0.000308
1680 0 0 -0.000300
1685 0 0 -0.000330
1690 0 0 -0.000380
1695 0 0 -0.000420
1700 0 0 -0.000430
1705 0 0 -0.000419
1710 0 0 -0.000400
1715 0 0 -0.000386
1720 0 0 -0.000369
1725 0 0 -0.000340
1730 0 0 -0.000292
1735 0 0 -0.000239
1740 0 0 -0.000200
1745 0 0 -0.000190
1750 0 0 -0.000205
1755 0 0 -0.000240
1760 0 0 -0.000283
1765 0 0 -0.000312
1770 0 0 -0.000300
1775 0 0 -0.000234
1780 0 0 -0.000161
1785 0 0 -0.000140
1790 0 0 -0.000210
1795 0 0 -0.000321
1800 0 0 -0.000400
1805 0 0 -0.000395
1810 0 0 -0.000337
1815 0 0 -0.000280
1820 0 0 -0.000264
1825 0 0 -0.000283
1830 0 0 -0.000320
1835 0 0 -0.000356
1840 0 0 -0.000370
1845 0 0 -0.000340
1850 0 0 -0.000257
1855 0 0 -0.000170
1860 0 0 -0.000140
1865 0 0 -0.000205
1870 0 0 -0.000301
1875 0 0 -0.000340
1880 0 0 -0.000267
1885 0 0 -0.000168
1890 0 0 -0.000160
1895 0 0 -0.000320
1900 0 0 -0.000553
1905 0 0 -0.000720
1910 0 0 -0.000722
1915 0 0 -0.000612
1920 0 0 -0.000480
1925 0 0 -0.000400
1930 0 0 -0.000383
1935 0 0 -0.000420
1940 0 0 -0.000499
1945 0 0 -0.000575
1950 0 0 -0.000600
1955 0 0 -0.000543
1960 0 0 -0.000458
1965 0 0 -0.000420
1970 0 0 -0.000476
1975 0 0 -0.000570
1980 0 0 -0.000620
1985 0 0 -0.000566
1990 0 0 -0.000441
1995 0 0 -0.000300
2000 0 0 -0.000194
2005 0 0 -0.000152
2010 0 0 -0.000200
2015 0 0 -0.000343
2020 0 0 -0.000508
2025 0 0 -0.000600
2030 0 0 -0.000554
2035 0 0 -0.000421
2040 0 0 -0.000280
2045 0 0 -0.000196
2050 0 0 -0.000173
2055 0 0 -0.000200
2060 0 0 -0.000262
2065 0 0 -0.000333
2070 0 0 -0.000380
2075 0 0 -0.000382
2080 0 0 -0.000355
2085 0 0 -0.000320
2090 0 0 -0.000297
2095 0 0 -0.000286
2100 0 0 -0.000280
2105 0 0 -0.000278
2110 0 0 -0.000298
2115 0 0 -0.000360
2120 0 0 -0.000480
2125 0 0 -0.000641
2130 0 0 -0.000820
2135 0 0 -0.000987
2140 0 0 -0.001088
2145 0 0 -0.001060
2150 0 0 -0.000872
2155 0 0 -0.000612
2160 0 0 -0.000400
2165 0 0 -0.000324
2170 0 0 -0.000357
2175 0 0 -0.000440
2180 0 0 -0.000522
2185 0 0 -0.000581
2190 0 0 -0.000600
2195 0 0 -0.000572
2200 0 0 -0.000521
2205 0 0 -0.000480
2210 0 0 -0.000472
2215 0 0 -0.000480
2220 0 0 -0.000480
2225 0 0 -0.000452
2230 0 0 -0.000406
2235 0 0 -0.000360
2240 0 0 -0.000328
2245 0 0 -0.000319
2250 0 0 -0.000340
2255 0 0 -0.000390
2260 0 0 -0.000441
2265 0 0 -0.000460
2270 0 0 -0.000424
2275 0 0 -0.000358
2280 0 0 -0.000300
2285 0 0 -0.000279
2290 0 0 -0.000296
2295 0 0 -0.000340
2300 0 0 -0.000400
2305 0 0 -0.000445
2310 0 0 -0.000440
2315 0 0 -0.000370
2320 0 0 -0.000296
2325 0 0 -0.000300
2330 0 0 -0.000428
2335 0 0 -0.000595
2340 0 0 -0.000680
2345 0 0 -0.000612
2350 0 0 -0.000509
2355 0 0 -0.000540
2360 0 0 -0.000804
2365 0 0 -0.001135
2370 0 0 -0.001300
2375 0 0 -0.001141
2380 0 0 -0.000801
2385 0 0 -0.000500
2390 0 0 -0.000399
2395 0 0 -0.000433
2400 0 0 -0.000480
2405 0 0 -0.000449
2410 0 0 -0.000375
2415 0 0 -0.000320
2420 0 0 -0.000336
2425 0 0 -0.000416
2430 0 0 -0.000540
2435 0 0 -0.000683
2440 0 0 -0.000799
2445 0 0 -0.000840
2450 0 0 -0.000774
2455 0 0 -0.000651
2460 0 0 -0.000540
2465 0 0 -0.000494
2470 0 0 -0.000508
2475 0 0 -0.000560
2480 0 0 -0.000633
2485 0 0 -0.000715
2490 0 0 -0.000800
2495 0 0 -0.000881
2500 0 0 -0.000960
2505 0 0 -0.001040
2510 0 0 -0.001118
2515 0 0 -0.001159
2520 0 0 -0.001120
2525 0 0 -0.000981
2530 0 0 -0.000811
2535 0 0 -0.000700
2540 0 0 -0.000709
2545 0 0 -0.000778
2550 0 0 -0.000820
2555 0 0 -0.000772
2560 0 0 -0.000681
2565 0 0 -0.000620
2570 0 0 -0.000642
2575 0 0 -0.000713
2580 0 0 -0.000780
2585 0 0 -0.000799
2590 0 0 -0.000774
2595 0 0 -0.000720
2600 0 0 -0.000655
2605 0 0 -0.000600
2610 0 0 -0.000580
2615 0 0 -0.000607
2620 0 0 -0.000653
2625 0 0 -0.000680
2630 0 0 -0.000661
2635 0 0 -0.000617
2640 0 0 -0.000580
2645 0 0 -0.000575
2650 0 0 -0.000598
2655 0 0 -0.000640
2660 0 0 -0.000690
2665 0 0 -0.000740
2670 0 0 -0.000780
2675 0 0 -0.000803
2680 0 0 -0.000805
2685 0 0 -0.000780
2690 0 0 -0.000729
2695 0 0 -0.000669
2700 0 0 -0.000620
2705 0 0 -0.000600
2710 0 0 -0.000613
2715 0 0 -0.000660
2720 0 0 -0.000734
2725 0 0 -0.000801
2730 0 0 -0.000820
2735 0 0 -0.000766
2740 0 0 -0.000680
2745 0 0 -0.000620
2750 0 0 -0.000628
2755 0 0 -0.000676
2760 0 0 -0.000720
2765 0 0 -0.000724
2770 0 0 -0.000693
2775 0 0 -0.000640
2780 0 0 -0.000579
2785 0 0 -0.000526
2790 0 0 -0.000500
2795 0 0 -0.000507
2800 0 0 -0.000515
2805 0 0 -0.000480
2810 0 0 -0.000378
2815 0 0 -0.000256
2820 0 0 -0.000180
2825 0 0 -0.000194
2830 0 0 -0.000255
2835 0 0 -0.000300
2840 0 0 -0.000284
2845 0 0 -0.000235
2850 0 0 -0.000200
2855 0 0 -0.000214
2860 0 0 -0.000262
2865 0 0 -0.000320
2870 0 0 -0.000364
2875 0 0 -0.000380
2880 0 0 -0.000360
2885 0 0 -0.000302
2890 0 0 -0.000246
2895 0 0 -0.000240
2900 0 0 -0.000311
2905 0 0 -0.000404
2910 0 0 -0.000440
2915 0 0 -0.000369
2920 0 0 -0.000248
2925 0 0 -0.000160
2930 0 0 -0.000164
2935 0 0 -0.000224
2940 0 0 -0.000280
2945 0 0 -0.000286
2950 0 0 -0.000256
2955 0 0 -0.000220
2960 0 0 -0.000202
2965 0 0 -0.000203
2970 0 0 -0.000220
2975 0 0 -0.000247
2980 0 0 -0.000272
2985 0 0 -0.000280
2990 0 0 -0.000263
2995 0 0 -0.000246
3000 0 0 -0.000260
3005 0 0 -0.000322
3010 0 0 -0.000393
3015 0 0 -0.000420
3020 0 0 -0.000369
3025 0 0 -0.000286
3030 0 0 -0.000240
3035 0 0 -0.000274
3040 0 0 -0.000344
3045 0 0 -0.000380
3050 0 0 -0.000336
3055 0 0 -0.000249
3060 0 0 -0.000180
3065 0 0 -0.000172
3070 0 0 -0.000204
3075 0 0 -0.000240
3080 0 0 -0.000252
3085 0 0 -0.000247
3090 0 0 -0.000240
3095 0 0 -0.000242
3100 0 0 -0.000245
3105 0 0 -0.000240
3110 0 0 -0.000220
3115 0 0 -0.000205
3120 0 0 -0.000220
3125 0 0 -0.000280
3130 0 0 -0.000359
3135 0 0 -0.000420
3140 0 0 -0.000438
3145 0 0 -0.000429
3150 0 0 -0.000420
3155 0 0 -0.000429
3160 0 0 -0.000433
3165 0 0 -0.000400
3170 0 0 -0.000315
3175 0 0 -0.000221
3180 0 0 -0.000180
3185 0 0 -0.000229
3190 0 0 -0.000314
3195 0 0 -0.000360
3200 0 0 -0.000315
3205 0 0 -0.000224
3210 0 0 -0.000160
3215 0 0 -0.000172
3220 0 0 -0.000230
3225 0 0 -0.000280
3230 0 0 -0.000284
3235 0 0 -0.000256
3240 0 0 -0.000220
3245 0 0 -0.000200
3250 0 0 -0.000205
3255 0 0 -0.000240
3260 0 0 -0.000303
3265 0 0 -0.000362
3270 0 0 -0.000380
3275 0 0 -0.000334
3280 0 0 -0.000268
3285 0 0 -0.000240
3290 0 0 -0.000289
3295 0 0 -0.000365
3300 0 0 -0.000400
3305 0 0 -0.000346
3310 0 0 -0.000244
3315 0 0 -0.000160
3320 0 0 -0.000146
3325 0 0 -0.000202
3330 0 0 -0.000320
3335 0 0 -0.000480
3340 0 0 -0.000638
3345 0 0 -0.000740
3350 0 0 -0.000750
3355 0 0 -0.000695
3360 0 0 -0.000620
3365 0 0 -0.000560
3370 0 0 -0.000521
3375 0 0 -0.000500
3380 0 0 -0.000494
3385 0 0 -0.000502
3390 0 0 -0.000520
3395 0 0 -0.000543
3400 0 0 -0.000551
3405 0 0 -0.000520
3410 0 0 -0.000442
3415 0 0 -0.000367
3420 0 0 -0.000360
3425 0 0 -0.000457
3430 0 0 -0.000580
3435 0 0 -0.000620
3440 0 0 -0.000509
3445 0 0 -0.000329
3450 0 0 -0.000200
3455 0 0 -0.000210
3460 0 0 -0.000310
3465 0 0 -0.000420
3470 0 0 -0.000476
3475 0 0 -0.000482
3480 0 0 -0.000460
3485 0 0 -0.000430
3490 0 0 -0.000401
3495 0 0 -0.000380
3500 0 0 -0.000370
3505 0 0 -0.000361
3510 0 0 -0.000340
3515 0 0 -0.000302
3520 0 0 -0.000271
3525 0 0 -0.000280
3530 0 0 -0.000346
3535 0 0 -0.000436
3540 0 0 -0.000500
3545 0 0 -0.000502
3550 0 0 -0.000449
3555 0 0 -0.000360
3560 0 0 -0.000271
3565 0 0 -0.000285
3570 0 0 -0.000520
3575 0 0 -0.001021
3580 0 0 -0.001536
3585 0 0 -0.001740
3590 0 0 -0.001420
3595 0 0 -0.000820
3600 0 0 -0.000300
3605 0 0 -0.000127
3610 0 0 -0.000208
3615 0 0 -0.000360
3620 0 0 -0.000437
3625 0 0 -0.000443
3630 0 0 -0.000420
3635 0 0 -0.000402
3640 0 0 -0.000390
3645 0 0 -0.000380
3650 0 0 -0.000367
3655 0 0 -0.000353
3660 0 0 -0.000340
3665 0 0 -0.000332
3670 0 0 -0.000336
3675 0 0 -0.000360
3680 0 0 -0.000406
3685 0 0 -0.000449
3690 0 0 -0.000460
3695 0 0 -0.000420
3700 0 0 -0.000359
3705 0 0 -0.000320
3710 0 0 -0.000332
3715 0 0 -0.000366
3720 0 0 -0.000380
3725 0 0 -0.000346
3730 0 0 -0.000296
3735 0 0 -0.000280
3740 0 0 -0.000328
3745 0 0 -0.000405
3750 0 0 -0.000460
3755 0 0 -0.000455
3760 0 0 -0.000410
3765 0 0 -0.000360
3770 0 0 -0.000327
3775 0 0 -0.000291
3780 0 0 -0.000220
3785 0 0 -0.000117
3790 0 0 -0.000124
3795 0 0 -0.000420
3800 0 0 -0.001094
3805 0 0 -0.001885
3810 0 0 -0.002440
3815 0 0 -0.002514
3820 0 0 -0.002276
3825 0 0 -0.002000
3830 0 0 -0.001883
3835 0 0 -0.001823
3840 0 0 -0.001640
3845 0 0 -0.001221
3850 0 0 -0.000717
3855 0 0 -0.000340
3860 0 0 -0.000246
3865 0 0 -0.000343
3870 0 0 -0.000480
3875 0 0 -0.000538
3880 0 0 -0.000524
3885 0 0 -0.000480
3890 0 0 -0.000449
3895 0 0 -0.000489
3900 0 0 -0.000660
3905 0 0 -0.001006
3910 0 0 -0.001495
3915 0 0 -0.002080
3920 0 0 -0.002692
3925 0 0 -0.003187
3930 0 0 -0.003400
3935 0 0 -0.003222
3940 0 0 -0.002767
3945 0 0 -0.002200
3950 0 0 -0.001673
3955 0 0 -0.001271
3960 0 0 -0.001060
3965 0 0 -0.001067
3970 0 0 -0.001159
3975 0 0 -0.001160
3980 0 0 -0.000960
3985 0 0 -0.000704
3990 0 0 -0.000600
3995 0 0 -0.000784
4000 0 0 -0.001100
4005 0 0 -0.001320
4010 0 0 -0.001278
4015 0 0 -0.001061
4020 0 0 -0.000820
4025 0 0 -0.000672
4030 0 0 -0.000612
4035 0 0 -0.000600
4040 0 0 -0.000606
4045 0 0 -0.000625
4050 0 0 -0.000660
4055 0 0 -0.000709
4060 0 0 -0.000756
4065 0 0 -0.000780
4070 0 0 -0.000767
4075 0 0 -0.000728
4080 0 0 -0.000680
4085 0 0 -0.000641
4090 0 0 -0.000638
4095 0 0 -0.000700
4100 0 0 -0.000835
4105 0 0 -0.000977
4110 0 0 -0.001040
4115 0 0 -0.000965
4120 0 0 -0.000805
4125 0 0 -0.000640
4130 0 0 -0.000535
4135 0 0 -0.000488
4140 0 0 -0.000480
4145 0 0 -0.000494
4150 0 0 -0.000523
4155 0 0 -0.000560
4160 0 0 -0.000598
4165 0 0 -0.000618
4170 0 0 -0.000600
4175 0 0 -0.000536
4180 0 0 -0.000466
4185 0 0 -0.000440
4190 0 0 -0.000492
4195 0 0 -0.000584
4200 0 0 -0.000660
4205 0 0 -0.000676
4210 0 0 -0.000637
4215 0 0 -0.000560
4220 0 0 -0.000465
4225 0 0 -0.000381
4230 0 0 -0.000340
4235 0 0 -0.000358
4240 0 0 -0.000397
4245 0 0 -0.000400
4250 0 0 -0.000335
4255 0 0 -0.000246
4260 0 0 -0.000200
4265 0 0 -0.000240
4270 0 0 -0.000317
4275 0 0 -0.000360
4280 0 0 -0.000320
4285 0 0 -0.000239
4290 0 0 -0.000180
4295 0 0 -0.000188
4300 0 0 -0.000236
4305 0 0 -0.000280
4310 0 0 -0.000286
4315 0 0 -0.000264
4320 0 0 -0.000240
4325 0 0 -0.000232
4330 0 0 -0.000244
4335 0 0 -0.000280
4340 0 0 -0.000334
4345 0 0 -0.000379
4350 0 0 -0.000380
4355 0 0 -0.000319
4360 0 0 -0.000244
4365 0 0 -0.000220
4370 0 0 -0.000285
4375 0 0 -0.000380
4380 0 0 -0.000420
4385 0 0 -0.000348
4390 0 0 -0.000225
4395 0 0 -0.000140
4400 0 0 -0.000155
4405 0 0 -0.000225
4410 0 0 -0.000280
4415 0 0 -0.000269
4420 0 0 -0.000220
4425 0 0 -0.000180
4430 0 0 -0.000185
4435 0 0 -0.000220
4440 0 0 -0.000260
4445 0 0 -0.000282
4450 0 0 -0.000287
4455 0 0 -0.000280
4460 0 0 -0.000267
4465 0 0 -0.000262
4470 0 0 -0.000280
4475 0 0 -0.000327
4480 0 0 -0.000373
4485 0 0 -0.000380
4490 0 0 -0.000326
4495 0 0 -0.000254
4500 0 0 -0.000220
4505 0 0 -0.000262
4510 0 0 -0.000331
4515 0 0 -0.000360
4520 0 0 -0.000303
4525 0 0 -0.000212
4530 0 0 -0.000160
4535 0 0 -0.000199
4540 0 0 -0.000282
4545 0 0 -0.000340
4550 0 0 -0.000323
4555 0 0 -0.000265
4560 0 0 -0.000220
4565 0 0 -0.000228
4570 0 0 -0.000272
4575 0 0 -0.000320
4580 0 0 -0.000348
4585 0 0 -0.000363
4590 0 0 -0.000380
4595 0 0 -0.000406
4600 0 0 -0.000422
4605 0 0 -0.000400
4610 0 0 -0.000327
4615 0 0 -0.000247
4620 0 0 -0.000220
4625 0 0 -0.000281
4630 0 0 -0.000374
4635 0 0 -0.000420
4640 0 0 -0.000366
4645 0 0 -0.000261
4650 0 0 -0.000180
4655 0 0 -0.000176
4660 0 0 -0.000220
4665 0 0 -0.000260
4670 0 0 -0.000259
4675 0 0 -0.000230
4680 0 0 -0.000200
4685 0 0 -0.000191
4690 0 0 -0.000200
4695 0 0 -0.000220
4700 0 0 -0.000243
4705 0 0 -0.000259
4710 0 0 -0.000260
4715 0 0 -0.000243
4720 0 0 -0.000228
4725 0 0 -0.000240
4730 0 0 -0.000294
4735 0 0 -0.000356
4740 0 0 -0.000380
4745 0 0 -0.000336
4750 0 0 -0.000265
4755 0 0 -0.000220
4760 0 0 -0.000244
4765 0 0 -0.000321
4770 0 0 -0.000420
4775 0 0 -0.000514
4780 0 0 -0.000590
4785 0 0 -0.000640
4790 0 0 -0.000657
4795 0 0 -0.000642
4800 0 0 -0.000600
4805 0 0 -0.000538
4810 0 0 -0.000477
4815 0 0 -0.000440
4820 0 0 -0.000443
4825 0 0 -0.000466
4830 0 0 -0.000480
4835 0 0 -0.000464
4840 0 0 -0.000430
4845 0 0 -0.000400
4850 0 0 -0.000391
4855 0 0 -0.000405
4860 0 0 -0.000440
4865 0 0 -0.000488
4870 0 0 -0.000520
4875 0 0 -0.000500
4880 0 0 -0.000411
4885 0 0 -0.000308
4890 0 0 -0.000260
4895 0 0 -0.000314
4900 0 0 -0.000409
4905 0 0 -0.000460
4910 0 0 -0.000407
4915 0 0 -0.000301
4920 0 0 -0.000220
4925 0 0 -0.000222
4930 0 0 -0.000288
4935 0 0 -0.000380
4940 0 0 -0.000464
4945 0 0 -0.000517
4950 0 0 -0.000520
4955 0 0 -0.000469
4960 0 0 -0.000419
4965 0 0 -0.000440
4970 0 0 -0.000573
4975 0 0 -0.000746
4980 0 0 -0.000860
4985 0 0 -0.000844
4990 0 0 -0.000745
4995 0 0 -0.000640
5000 0 0 -0.000596
5005 0 0 -0.000638
5010 0 0 -0.000780
5015 0 0 -0.001014
5020 0 0 -0.001236
5025 0 0 -0.001320
5030 0 0 -0.001182
5035 0 0 -0.000911
5040 0 0 -0.000640
5045 0 0 -0.000474
5050 0 0 -0.000401
5055 0 0 -0.000380
5060 0 0 -0.000377
5065 0 0 -0.000385
5070 0 0 -0.000400
5075 0 0 -0.000420
5080 0 0 -0.000437
5085 0 0 -0.000440
5090 0 0 -0.000421
5095 0 0 -0.000381
5100 0 0 -0.000320
5105 0 0 -0.000247
5110 0 0 -0.000195
5115 0 0 -0.000200
5120 0 0 -0.000285
5125 0 0 -0.000400
5130 0 0 -0.000480
5135 0 0 -0.000478
5140 0 0 -0.000422
5145 0 0 -0.000360
5150 0 0 -0.000330
5155 0 0 -0.000338
5160 0 0 -0.000380
5165 0 0 -0.000446
5170 0 0 -0.000490
5175 0 0 -0.000460
5180 0 0 -0.000332
5185 0 0 -0.000208
5190 0 0 -0.000220
5195 0 0 -0.000444
5200 0 0 -0.000737
5205 0 0 -0.000900
5210 0 0 -0.000799
5215 0 0 -0.000552
5220 0 0 -0.000340
5225 0 0 -0.000299
5230 0 0 -0.000383
5235 0 0 -0.000500
5240 0 0 -0.000578
5245 0 0 -0.000613
5250 0 0 -0.000620
5255 0 0 -0.000611
5260 0 0 -0.000586
5265 0 0 -0.000540
5270 0 0 -0.000475
5275 0 0 -0.000412
5280 0 0 -0.000380
5285 0 0 -0.000394
5290 0 0 -0.000427
5295 0 0 -0.000440
5300 0 0 -0.000410
5305 0 0 -0.000373
5310 0 0 -0.000380
5315 0 0 -0.000459
5320 0 0 -0.000548
5325 0 0 -0.000560
5330 0 0 -0.000448
5335 0 0 -0.000320
5340 0 0 -0.000320
5345 0 0 -0.000546
5350 0 0 -0.000896
5355 0 0 -0.001220
5360 0 0 -0.001404
5365 0 0 -0.001481
5370 0 0 -0.001520
5375 0 0 -0.001569
5380 0 0 -0.001584
5385 0 0 -0.001500
5390 0 0 -0.001281
5395 0 0 -0.001010
5400 0 0 -0.000800
5405 0 0 -0.000731
5410 0 0 -0.000753
5415 0 0 -0.000780
5420 0 0 -0.000755
5425 0 0 -0.000730
5430 0 0 -0.000780
5435 0 0 -0.000949
5440 0 0 -0.001139
5445 0 0 -0.001220
5450 0 0 -0.001102
5455 0 0 -0.000867
5460 0 0 -0.000640
5465 0 0 -0.000519
5470 0 0 -0.000496
5475 0 0 -0.000540
5480 0 0 -0.000616
5485 0 0 -0.000688
5490 0 0 -0.000720
5495 0 0 -0.000687
5500 0 0 -0.000609
5505 0 0 -0.000520
5510 0 0 -0.000449
5515 0 0 -0.000417
5520 0 0 -0.000440
5525 0 0 -0.000524
5530 0 0 -0.000628
5535 0 0 -0.000700
5540 0 0 -0.000704
5545 0 0 -0.000674
5550 0 0 -0.000660
5555 0 0 -0.000697
5560 0 0 -0.000752
5565 0 0 -0.000780
5570 0 0 -0.000745
5575 0 0 -0.000662
5580 0 0 -0.000560
5585 0 0 -0.000467
5590 0 0 -0.000406
5595 0 0 -0.000400
5600 0 0 -0.000459
5605 0 0 -0.000538
5610 0 0 -0.000580
5615 0 0 -0.000544
5620 0 0 -0.000467
5625 0 0 -0.000400
5630 0 0 -0.000387
5635 0 0 -0.000425
5640 0 0 -0.000500
5645 0 0 -0.000594
5650 0 0 -0.000674
5655 0 0 -0.000700
5660 0 0 -0.000650
5665 0 0 -0.000565
5670 0 0 -0.000500
5675 0 0 -0.000494
5680 0 0 -0.000517
5685 0 0 -0.000520
5690 0 0 -0.000469
5695 0 0 -0.000390
5700 0 0 -0.000320
5705 0 0 -0.000291
5710 0 0 -0.000296
5715 0 0 -0.000320
5720 0 0 -0.000348
5725 0 0 -0.000361
5730 0 0 -0.000340
5735 0 0 -0.000277
5740 0 0 -0.000207
5745 0 0 -0.000180
5750 0 0 -0.000224
5755 0 0 -0.000298
5760 0 0 -0.000340
5765 0 0 -0.000310
5770 0 0 -0.000239
5775 0 0 -0.000180
5780 0 0 -0.000172
5785 0 0 -0.000205
5790 0 0 -0.000260
5795 0 0 -0.000315
5800 0 0 -0.000354
5805 0 0 -0.000360
5810 0 0 -0.000327
5815 0 0 -0.000287
5820 0 0 -0.000280
5825 0 0 -0.000331
5830 0 0 -0.000398
5835 0 0 -0.000420
5840 0 0 -0.000359
5845 0 0 -0.000263
5850 0 0 -0.000200
5855 0 0 -0.000218
5860 0 0 -0.000279
5865 0 0 -0.000320
5870 0 0 -0.000299
5875 0 0 -0.000244
5880 0 0 -0.000200
5885 0 0 -0.000199
5890 0 0 -0.000223
5895 0 0 -0.000240
5900 0 0 -0.000228
5905 0 0 -0.000206
5910 0 0 -0.000200
5915 0 0 -0.000229
5920 0 0 -0.000278
5925 0 0 -0.000320
5930 0 0 -0.000337
5935 0 0 -0.000333
5940 0 0 -0.000320
5945 0 0 -0.000307
5950 0 0 -0.000300
5955 0 0 -0.000300
5960 0 0 -0.000310
5965 0 0 -0.000325
5970 0 0 -0.000340
5975 0 0 -0.000349
5980 0 0 -0.000345
5985 0 0 -0.000320
5990 0 0 -0.000272
5995 0 0 -0.000222
6000 0 0 -0.000200
6005 0 0 -0.000224
6010 0 0 -0.000274
6015 0 0 -0.000320
6020 0 0 -0.000340
6025 0 0 -0.000342
6030 0 0 -0.000340
6035 0 0 -0.000343
6040 0 0 -0.000337
6045 0 0 -0.000300
6050 0 0 -0.000226
6055 0 0 -0.000160
6060 0 0 -0.000160
6065 0 0 -0.000260
6070 0 0 -0.000391
6075 0 0 -0.000460
6080 0 0 -0.000405
6085 0 0 -0.000293
6090 0 0 -0.000220
6095 0 0 -0.000254
6100 0 0 -0.000342
6105 0 0 -0.000400
6110 0 0 -0.000370
6115 0 0 -0.000289
6120 0 0 -0.000220
6125 0 0 -0.000209
6130 0 0 -0.000234
6135 0 0 -0.000260
6140 0 0 -0.000258
6145 0 0 -0.000238
6150 0 0 -0.000220
6155 0 0 -0.000218
6160 0 0 -0.000227
6165 0 0 -0.000240
6170 0 0 -0.000249
6175 0 0 -0.000249
6180 0 0 -0.000240
6185 0 0 -0.000222
6190 0 0 -0.000209
6195 0 0 -0.000220
6200 0 0 -0.000269
6205 0 0 -0.000352
6210 0 0 -0.000460
6215 0 0 -0.000582
6220 0 0 -0.000697
6225 0 0 -0.000780
6230 0 0 -0.000810
6235 0 0 -0.000783
6240 0 0 -0.000700
6245 0 0 -0.000570
6250 0 0 -0.000444
6255 0 0 -0.000380
6260 0 0 -0.000416
6265 0 0 -0.000495
6270 0 0 -0.000540
6275 0 0 -0.000495
6280 0 0 -0.000406
6285 0 0 -0.000340
6290 0 0 -0.000346
6295 0 0 -0.000391
6300 0 0 -0.000420
6305 0 0 -0.000396
6310 0 0 -0.000343
6315 0 0 -0.000300
6320 0 0 -0.000300
6325 0 0 -0.000342
6330 0 0 -0.000420
6335 0 0 -0.000519
6340 0 0 -0.000596
6345 0 0 -0.000600
6350 0 0 -0.000503
6355 0 0 -0.000368
6360 0 0 -0.000280
6365 0 0 -0.000298
6370 0 0 -0.000370
6375 0 0 -0.000420
6380 0 0 -0.000392
6385 0 0 -0.000320
6390 0 0 -0.000260
6395 0 0 -0.000253
6400 0 0 -0.000284
6405 0 0 -0.000320
6410 0 0 -0.000337
6415 0 0 -0.000330
6420 0 0 -0.000300
6425 0 0 -0.000256
6430 0 0 -0.000234
6435 0 0 -0.000280
6440 0 0 -0.000419
6445 0 0 -0.000602
6450 0 0 -0.000760
6455 0 0 -0.000839
6460 0 0 -0.000836
6465 0 0 -0.000760
6470 0 0 -0.000629
6475 0 0 -0.000490
6480 0 0 -0.000400
6485 0 0 -0.000396
6490 0 0 -0.000446
6495 0 0 -0.000500
6500 0 0 -0.000518
6505 0 0 -0.000506
6510 0 0 -0.000480
6515 0 0 -0.000455
6520 0 0 -0.000434
6525 0 0 -0.000420
6530 0 0 -0.000414
6535 0 0 -0.000415
6540 0 0 -0.000420
6545 0 0 -0.000425
6550 0 0 -0.000416
6555 0 0 -0.000380
6560 0 0 -0.000310
6565 0 0 -0.000237
6570 0 0 -0.000200
6575 0 0 -0.000227
6580 0 0 -0.000297
6585 0 0 -0.000380
6590 0 0 -0.000445
6595 0 0 -0.000466
6600 0 0 -0.000420
6605 0 0 -0.000306
6610 0 0 -0.000224
6615 0 0 -0.000300
6620 0 0 -0.000598
6625 0 0 -0.000948
6630 0 0 -0.001120
6635 0 0 -0.000962
6640 0 0 -0.000635
6645 0 0 -0.000380
6650 0 0 -0.000376
6655 0 0 -0.000557
6660 0 0 -0.000800
6665 0 0 -0.000997
6670 0 0 -0.001115
6675 0 0 -0.001140
6680 0 0 -0.001071
6685 0 0 -0.000962
6690 0 0 -0.000880
6695 0 0 -0.000879
6700 0 0 -0.000957
6705 0 0 -0.001100
6710 0 0 -0.001283
6715 0 0 -0.001436
6720 0 0 -0.001480
6725 0 0 -0.001370
6730 0 0 -0.001205
6735 0 0 -0.001120
6740 0 0 -0.001205
6745 0 0 -0.001374
6750 0 0 -0.001500
6755 0 0 -0.001482
6760 0 0 -0.001334
6765 0 0 -0.001100
6770 0 0 -0.000826
6775 0 0 -0.000577
6780 0 0 -0.000420
6785 0 0 -0.000399
6790 0 0 -0.000454
6795 0 0 -0.000500
6800 0 0 -0.000477
6805 0 0 -0.000423
6810 0 0 -0.000400
6815 0 0 -0.000457
6820 0 0 -0.000580
6825 0 0 -0.000740
6830 0 0 -0.000904
6835 0 0 -0.001017
6840 0 0 -0.001020
6845 0 0 -0.000882
6850 0 0 -0.000695
6855 0 0 -0.000580
6860 0 0 -0.000618
6865 0 0 -0.000736
6870 0 0 -0.000820
6875 0 0 -0.000789
6880 0 0 -0.000684
6885 0 0 -0.000580
6890 0 0 -0.000536
6895 0 0 -0.000553
6900 0 0 -0.000620
6905 0 0 -0.000716
6910 0 0 -0.000794
6915 0 0 -0.000800
6920 0 0 -0.000703
6925 0 0 -0.000567
6930 0 0 -0.000480
6935 0 0 -0.000503
6940 0 0 -0.000588
6945 0 0 -0.000660
6950 0 0 -0.000662
6955 0 0 -0.000615
6960 0 0 -0.000560
6965 0 0 -0.000531
6970 0 0 -0.000547
6975 0 0 -0.000620
6980 0 0 -0.000750
6985 0 0 -0.000885
6990 0 0 -0.000960
6995 0 0 -0.000931
7000 0 0 -0.000843
7005 0 0 -0.000760
7010 0 0 -0.000732
7015 0 0 -0.000738
7020 0 0 -0.000740
7025 0 0 -0.000711
7030 0 0 -0.000664
7035 0 0 -0.000620
7040 0 0 -0.000598
7045 0 0 -0.000599
7050 0 0 -0.000620
7055 0 0 -0.000653
7060 0 0 -0.000681
7065 0 0 -0.000680
7070 0 0 -0.000637
7075 0 0 -0.000569
7080 0 0 -0.000500
7085 0 0 -0.000453
7090 0 0 -0.000443
7095 0 0 -0.000480
7100 0 0 -0.000565
7105 0 0 -0.000646
7110 0 0 -0.000660
7115 0 0 -0.000570
7120 0 0 -0.000440
7125 0 0 -0.000360
7130 0 0 -0.000393
7135 0 0 -0.000486
7140 0 0 -0.000560
7145 0 0 -0.000554
7150 0 0 -0.000487
7155 0 0 -0.000400
7160 0 0 -0.000328
7165 0 0 -0.000290
7170 0 0 -0.000300
7175 0 0 -0.000362
7180 0 0 -0.000428
7185 0 0 -0.000440
7190 0 0 -0.000361
7195 0 0 -0.000243
7200 0 0 -0.000160
7205 0 0 -0.000164
7210 0 0 -0.000222
7215 0 0 -0.000280
7220 0 0 -0.000295
7225 0 0 -0.000275
7230 0 0 -0.000240
7235 0 0 -0.000210
7240 0 0 -0.000199
7245 0 0 -0.000220
7250 0 0 -0.000277
7255 0 0 -0.000338
7260 0 0 -0.000360
7265 0 0 -0.000318
7270 0 0 -0.000252
7275 0 0 -0.000220
7280 0 0 -0.000261
7285 0 0 -0.000339
7290 0 0 -0.000400
7295 0 0 -0.000404
7300 0 0 -0.000367
7305 0 0 -0.000320
7310 0 0 -0.000289
7315 0 0 -0.000276
7320 0 0 -0.000280
7325 0 0 -0.000295
7330 0 0 -0.000303
7335 0 0 -0.000280
7340 0 0 -0.000216
7345 0 0 -0.000152
7350 0 0 -0.000140
7355 0 0 -0.000211
7360 0 0 -0.000309
7365 0 0 -0.000360
7370 0 0 -0.000312
7375 0 0 -0.000219
7380 0 0 -0.000160
7385 0 0 -0.000191
7390 0 0 -0.000272
7395 0 0 -0.000340
7400 0 0 -0.000348
7405 0 0 -0.000321
7410 0 0 -0.000300
7415 0 0 -0.000314
7420 0 0 -0.000344
7425 0 0 -0.000360
7430 0 0 -0.000340
7435 0 0 -0.000304
7440 0 0 -0.000280
7445 0 0 -0.000288
7450 0 0 -0.000316
7455 0 0 -0.000340
7460 0 0 -0.000345
7465 0 0 -0.000340
7470 0 0 -0.000340
7475 0 0 -0.000353
7480 0 0 -0.000362
7485 0 0 -0.000340
7490 0 0 -0.000275
7495 0 0 -0.000200
7500 0 0 -0.000160
7505 0 0 -0.000185
7510 0 0 -0.000246
7515 0 0 -0.000300
7520 0 0 -0.000315
7525 0 0 -0.000301
7530 0 0 -0.000280
7535 0 0 -0.000271
7540 0 0 -0.000278
7545 0 0 -0.000300
7550 0 0 -0.000334
7555 0 0 -0.000361
7560 0 0 -0.000360
7565 0 0 -0.000319
7570 0 0 -0.000266
7575 0 0 -0.000240
7580 0 0 -0.000266
7585 0 0 -0.000309
7590 0 0 -0.000320
7595 0 0 -0.000269
7600 0 0 -0.000196
7605 0 0 -0.000160
7610 0 0 -0.000200
7615 0 0 -0.000273
7620 0 0 -0.000320
7625 0 0 -0.000296
7630 0 0 -0.000228
7635 0 0 -0.000160
7640 0 0 -0.000132
7645 0 0 -0.000166
7650 0 0 -0.000280
7655 0 0 -0.000474
7660 0 0 -0.000676
7665 0 0 -0.000800
7670 0 0 -0.000786
7675 0 0 -0.000690
7680 0 0 -0.000600
7685 0 0 -0.000579
7690 0 0 -0.000602
7695 0 0 -0.000620
7700 0 0 -0.000599
7705 0 0 -0.000555
7710 0 0 -0.000520
7715 0 0 -0.000513
7720 0 0 -0.000512
7725 0 0 -0.000480
7730 0 0 -0.000401
7735 0 0 -0.000320
7740 0 0 -0.000300
7745 0 0 -0.000379
7750 0 0 -0.000495
7755 0 0 -0.000560
7760 0 0 -0.000515
7765 0 0 -0.000420
7770 0 0 -0.000360
7775 0 0 -0.000397
7780 0 0 -0.000487
7785 0 0 -0.000560
7790 0 0 -0.000564
7795 0 0 -0.000523
7800 0 0 -0.000480
7805 0 0 -0.000468
7810 0 0 -0.000470
7815 0 0 -0.000460
7820 0 0 -0.000421
7825 0 0 -0.000376
7830 0 0 -0.000360
7835 0 0 -0.000393
7840 0 0 -0.000441
7845 0 0 -0.000460
7850 0 0 -0.000418
7855 0 0 -0.000344
7860 0 0 -0.000280
7865 0 0 -0.000262
7870 0 0 -0.000286
7875 0 0 -0.000340
7880 0 0 -0.000403
7885 0 0 -0.000414
7890 0 0 -0.000300
7895 0 0 -0.000059
7900 0 0 0.000046
7905 0 0 -0.000320
7910 0 0 -0.001323
7915 0 0 -0.002469
7920 0 0 -0.003100
7925 0 0 -0.002766
7930 0 0 -0.001849
7935 0 0 -0.000940
7940 0 0 -0.000494
7945 0 0 -0.000422
7950 0 0 -0.000500
7955 0 0 -0.000546
7960 0 0 -0.000543
7965 0 0 -0.000520
7970 0 0 -0.000496
7975 0 0 -0.000472
7980 0 0 -0.000440
7985 0 0 -0.000397
7990 0 0 -0.000348
7995 0 0 -0.000300
8000 0 0 -0.000261
8005 0 0 -0.000243
8010 0 0 -0.000260
8015 0 0 -0.000317
8020 0 0 -0.000378
8025 0 0 -0.000400
8030 0 0 -0.000354
8035 0 0 -0.000276
8040 0 0 -0.000220
8045 0 0 -0.000224
8050 0 0 -0.000273
8055 0 0 -0.000340
8060 0 0 -0.000398
8065 0 0 -0.000435
8070 0 0 -0.000440
8075 0 0 -0.000411
8080 0 0 -0.000383
8085 0 0 -0.000400
8090 0 0 -0.000485
8095 0 0 -0.000583
8100 0 0 -0.000620
8105 0 0 -0.000547
8110 0 0 -0.000420
8115 0 0 -0.000320
8120 0 0 -0.000308
8125 0 0 -0.000362
8130 0 0 -0.000440
8135 0 0 -0.000506
8140 0 0 -0.000543
8145 0 0 -0.000540
8150 0 0 -0.000493
8155 0 0 -0.000423
8160 0 0 -0.000360
8165 0 0 -0.000326
8170 0 0 -0.000321
8175 0 0 -0.000340
8180 0 0 -0.000374
8185 0 0 -0.000407
8190 0 0 -0.000420
8195 0 0 -0.000402
8200 0 0 -0.000378
8205 0 0 -0.000380
8210 0 0 -0.000432
8215 0 0 -0.000515
8220 0 0 -0.000600
8225 0 0 -0.000666
8230 0 0 -0.000721
8235 0 0 -0.000780
8240 0 0 -0.000857
8245 0 0 -0.000951
8250 0 0 -0.001060
8255 0 0 -0.001171
8260 0 0 -0.001226
8265 0 0 -0.001160
8270 0 0 -0.000941
8275 0 0 -0.000689
8280 0 0 -0.000560
8285 0 0 -0.000655
8290 0 0 -0.000859
8295 0 0 -0.001000
8300 0 0 -0.000955
8305 0 0 -0.000790
8310 0 0 -0.000620
8315 0 0 -0.000535
8320 0 0 -0.000531
8325 0 0 -0.000580
8330 0 0 -0.000653
8335 0 0 -0.000712
8340 0 0 -0.000720
8345 0 0 -0.000654
8350 0 0 -0.000565
8355 0 0 -0.000520
8360 0 0 -0.000564
8365 0 0 -0.000652
8370 0 0 -0.000720
8375 0 0 -0.000717
8380 0 0 -0.000665
8385 0 0 -0.000600
8390 0 0 -0.000552
8395 0 0 -0.000521
8400 0 0 -0.000500
8405 0 0 -0.000487
8410 0 0 -0.000509
8415 0 0 -0.000600
8420 0 0 -0.000772
8425 0 0 -0.000951
8430 0 0 -0.001040
8435 0 0 -0.000975
8440 0 0 -0.000818
8445 0 0 -0.000660
8450 0 0 -0.000575
8455 0 0 -0.000552
8460 0 0 -0.000560
8465 0 0 -0.000574
8470 0 0 -0.000588
8475 0 0 -0.000600
8480 0 0 -0.000609
8485 0 0 -0.000605
8490 0 0 -0.000580
8495 0 0 -0.000530
8500 0 0 -0.000479
8505 0 0 -0.000460
8510 0 0 -0.000493
8515 0 0 -0.000558
8520 0 0 -0.000620
8525 0 0 -0.000653
8530 0 0 -0.000648
8535 0 0 -0.000600
8540 0 0 -0.000513
8545 0 0 -0.000414
8550 0 0 -0.000340
8555 0 0 -0.000313
8560 0 0 -0.000311
8565 0 0 -0.000300
8570 0 0 -0.000259
8575 0 0 -0.000218
8580 0 0 -0.000220
8585 0 0 -0.000289
8590 0 0 -0.000377
8595 0 0 -0.000420
8600 0 0 -0.000375
8605 0 0 -0.000291
8610 0 0 -0.000240
8615 0 0 -0.000271
8620 0 0 -0.000345
8625 0 0 -0.000400
8630 0 0 -0.000392
8635 0 0 -0.000340
8640 0 0 -0.000280
8645 0 0 -0.000243
8650 0 0 -0.000231
8655 0 0 -0.000240
8660 0 0 -0.000264
8665 0 0 -0.000285
8670 0 0 -0.000280
8675 0 0 -0.000238
8680 0 0 -0.000191
8685 0 0 -0.000180
8690 0 0 -0.000230
8695 0 0 -0.000297
8700 0 0 -0.000320
8705 0 0 -0.000261
8710 0 0 -0.000175
8715 0 0 -0.000140
8720 0 0 -0.000208
8725 0 0 -0.000322
8730 0 0 -0.000400
8735 0 0 -0.000383
8740 0 0 -0.000313
8745 0 0 -0.000260
8750 0 0 -0.000272
8755 0 0 -0.000321
8760 0 0 -0.000360
8765 0 0 -0.000354
8770 0 0 -0.000318
8775 0 0 -0.000280
8780 0 0 -0.000261
8785 0 0 -0.000257
8790 0 0 -0.000260
8795 0 0 -0.000261
8800 0 0 -0.000255
8805 0 0 -0.000240
8810 0 0 -0.000216
8815 0 0 -0.000196
8820 0 0 -0.000200
8825 0 0 -0.000236
8830 0 0 -0.000275
8835 0 0 -0.000280
8840 0 0 -0.000230
8845 0 0 -0.000170
8850 0 0 -0.000160
8855 0 0 -0.000240
8860 0 0 -0.000358
8865 0 0 -0.000440
8870 0 0 -0.000435
8875 0 0 -0.000376
8880 0 0 -0.000320
8885 0 0 -0.000310
8890 0 0 -0.000337
8895 0 0 -0.000380
8900 0 0 -0.000419
8905 0 0 -0.000437
8910 0 0 -0.000420
8915 0 0 -0.000361
8920 0 0 -0.000284
8925 0 0 -0.000220
8930 0 0 -0.000193
8935 0 0 -0.000198
8940 0 0 -0.000220
8945 0 0 -0.000247
8950 0 0 -0.000265
8955 0 0 -0.000260
8960 0 0 -0.000225
8965 0 0 -0.000187
8970 0 0 -0.000180
8975 0 0 -0.000224
8980 0 0 -0.000286
8985 0 0 -0.000320
8990 0 0 -0.000297
8995 0 0 -0.000253
9000 0 0 -0.000240
9005 0 0 -0.000291
9010 0 0 -0.000364
9015 0 0 -0.000400
9020 0 0 -0.000359
9025 0 0 -0.000284
9030 0 0 -0.000240
9035 0 0 -0.000269
9040 0 0 -0.000330
9045 0 0 -0.000360
9050 0 0 -0.000316
9055 0 0 -0.000237
9060 0 0 -0.000180
9065 0 0 -0.000187
9070 0 0 -0.000229
9075 0 0 -0.000260
9080 0 0 -0.000248
9085 0 0 -0.000211
9090 0 0 -0.000180
9095 0 0 -0.000180
9100 0 0 -0.000214
9105 0 0 -0.000280
9110 0 0 -0.000372
9115 0 0 -0.000468
9120 0 0 -0.000540
9125 0 0 -0.000568
9130 0 0 -0.000557
9135 0 0 -0.000520
9140 0 0 -0.000471
9145 0 0 -0.000430
9150 0 0 -0.000420
9155 0 0 -0.000452
9160 0 0 -0.000499
9165 0 0 -0.000520
9170 0 0 -0.000491
9175 0 0 -0.000437
9180 0 0 -0.000400
9185 0 0 -0.000405
9190 0 0 -0.000426
9195 0 0 -0.000420
9200 0 0 -0.000361
9205 0 0 -0.000279
9210 0 0 -0.000220
9215 0 0 -0.000213
9220 0 0 -0.000233
9225 0 0 -0.000240
9230 0 0 -0.000212
9235 0 0 -0.000201
9240 0 0 -0.000280
9245 0 0 -0.000486
9250 0 0 -0.000728
9255 0 0 -0.000880
9260 0 0 -0.000854
9265 0 0 -0.000709
9270 0 0 -0.000540
9275 0 0 -0.000426
9280 0 0 -0.000381
9285 0 0 -0.000400
9290 0 0 -0.000470
9295 0 0 -0.000538
9300 0 0 -0.000540
9305 0 0 -0.000441
9310 0 0 -0.000319
9315 0 0 -0.000280
9320 0 0 -0.000394
9325 0 0 -0.000585
9330 0 0 -0.000740
9335 0 0 -0.000785
9340 0 0 -0.000794
9345 0 0 -0.000880
9350 0 0 -0.001109
9355 0 0 -0.001359
9360 0 0 -0.001460
9365 0 0 -0.001294
9370 0 0 -0.000953
9375 0 0 -0.000580
9380 0 0 -0.000310
9385 0 0 -0.000241
9390 0 0 -0.000460
9395 0 0 -0.000986
9400 0 0 -0.001556
9405 0 0 -0.001840
9410 0 0 -0.001615
9415 0 0 -0.001099
9420 0 0 -0.000620
9425 0 0 -0.000428
9430 0 0 -0.000456
9435 0 0 -0.000560
9440 0 0 -0.000620
9445 0 0 -0.000623
9450 0 0 -0.000580
9455 0 0 -0.000510
9460 0 0 -0.000459
9465 0 0 -0.000480
9470 0 0 -0.000601
9475 0 0 -0.000748
9480 0 0 -0.000820
9485 0 0 -0.000750
9490 0 0 -0.000598
9495 0 0 -0.000460
9500 0 0 -0.000405
9505 0 0 -0.000413
9510 0 0 -0.000440
9515 0 0 -0.000452
9520 0 0 -0.000454
9525 0 0 -0.000460
9530 0 0 -0.000479
9535 0 0 -0.000503
9540 0 0 -0.000520
9545 0 0 -0.000520
9550 0 0 -0.000510
9555 0 0 -0.000500
9560 0 0 -0.000497
9565 0 0 -0.000493
9570 0 0 -0.000480
9575 0 0 -0.000451
9580 0 0 -0.000424
9585 0 0 -0.000420
9590 0 0 -0.000451
9595 0 0 -0.000495
9600 0 0 -0.000520
9605 0 0 -0.000503
9610 0 0 -0.000460
9615 0 0 -0.000420
9620 0 0 -0.000401
9625 0 0 -0.000399
9630 0 0 -0.000400
9635 0 0 -0.000397
9640 0 0 -0.000399
9645 0 0 -0.000420
9650 0 0 -0.000471
9655 0 0 -0.000552
9660 0 0 -0.000660
9665 0 0 -0.000785
9670 0 0 -0.000892
9675 0 0 -0.000940
9680 0 0 -0.000908
9685 0 0 -0.000859
9690 0 0 -0.000880
9695 0 0 -0.001023
9700 0 0 -0.001212
9705 0 0 -0.001340
9710 0 0 -0.001331
9715 0 0 -0.001232
9720 0 0 -0.001120
9725 0 0 -0.001056
9730 0 0 -0.001026
9735 0 0 -0.001000
9740 0 0 -0.000954
9745 0 0 -0.000896
9750 0 0 -0.000840
9755 0 0 -0.000798
9760 0 0 -0.000766
9765 0 0 -0.000740
9770 0 0 -0.000715
9775 0 0 -0.000694
9780 0 0 -0.000680
9785 0 0 -0.000677
9790 0 0 -0.000679
9795 0 0 -0.000680
9800 0 0 -0.000675
9805 0 0 -0.000672
9810 0 0 -0.000680
9815 0 0 -0.000701
9820 0 0 -0.000706
9825 0 0 -0.000660
9830 0 0 -0.000552
9835 0 0 -0.000468
9840 0 0 -0.000520
9845 0 0 -0.000770
9850 0 0 -0.001080
9855 0 0 -0.001260
9860 0 0 -0.001182
9865 0 0 -0.000953
9870 0 0 -0.000740
9875 0 0 -0.000670
9880 0 0 -0.000703
9885 0 0 -0.000760
9890 0 0 -0.000777
9895 0 0 -0.000763
9900 0 0 -0.000740
9905 0 0 -0.000730
9910 0 0 -0.000737
9915 0 0 -0.000760
9920 0 0 -0.000797
9925 0 0 -0.000835
9930 0 0 -0.000860
9935 0 0 -0.000862
9940 0 0 -0.000846
9945 0 0 -0.000820
9950 0 0 -0.000792
9955 0 0 -0.000764
9960 0 0 -0.000740
9965 0 0 -0.000719
9970 0 0 -0.000695
9975 0 0 -0.000660
9980 0 0 -0.000609
9985 0 0 -0.000551
9990 0 0 -0.000500
9995 0 0 -0.000466
10000 0 0 -0.000448
10005 0 0 -0.000440
10010 0 0 -0.000437
10015 0 0 -0.000432
10020 0 0 -0.000420
10025 0 0 -0.000396
10030 0 0 -0.000372
10035 0 0 -0.000360
10040 0 0 -0.000370
10045 0 0 -0.000395
10050 0 0 -0.000420
10055 0 0 -0.000436
10060 0 0 -0.000442
10065 0 0 -0.000440
10070 0 0 -0.000431
10075 0 0 -0.000417
