0 0 0 -0.000920
5 0 0 -0.000998
10 0 0 -0.001058
15 0 0 -0.001100
20 0 0 -0.001125
25 0 0 -0.001131
30 0 0 -0.001120
35 0 0 -0.001093
40 0 0 -0.001062
45 0 0 -0.001040
50 0 0 -0.001036
55 0 0 -0.001036
60 0 0 -0.001020
65 0 0 -0.000978
70 0 0 -0.000934
75 0 0 -0.000920
80 0 0 -0.000956
85 0 0 -0.001015
90 0 0 -0.001060
95 0 0 -0.001066
100 0 0 -0.001065
105 0 0 -0.001100
110 0 0 -0.001193
115 0 0 -0.001271
120 0 0 -0.001240
125 0 0 -0.001042
130 0 0 -0.000772
135 0 0 -0.000560
140 0 0 -0.000500
145 0 0 -0.000532
150 0 0 -0.000560
155 0 0 -0.000514
160 0 0 -0.000432
165 0 0 -0.000380
170 0 0 -0.000408
175 0 0 -0.000494
180 0 0 -0.000600
185 0 0 -0.000692
190 0 0 -0.000745
195 0 0 -0.000740
200 0 0 -0.000670
205 0 0 -0.000588
210 0 0 -0.000560
215 0 0 -0.000628
220 0 0 -0.000740
225 0 0 -0.000820
230 0 0 -0.000811
235 0 0 -0.000736
240 0 0 -0.000640
245 0 0 -0.000560
250 0 0 -0.000515
255 0 0 -0.000520
260 0 0 -0.000578
265 0 0 -0.000654
270 0 0 -0.000700
275 0 0 -0.000685
280 0 0 -0.000633
285 0 0 -0.000580
290 0 0 -0.000556
295 0 0 -0.000559
300 0 0 -0.000580
305 0 0 -0.000607
310 0 0 -0.000626
315 0 0 -0.000620
320 0 0 -0.000582
325 0 0 -0.000542
330 0 0 -0.000540
335 0 0 -0.000598
340 0 0 -0.000667
345 0 0 -0.000680
350 0 0 -0.000595
355 0 0 -0.000468
360 0 0 -0.000380
365 0 0 -0.000386
370 0 0 -0.000442
375 0 0 -0.000480
380 0 0 -0.000451
385 0 0 -0.000386
390 0 0 -0.000340
395 0 0 -0.000350
400 0 0 -0.000395
405 0 0 -0.000440
410 0 0 -0.000458
415 0 0 -0.000449
420 0 0 -0.000420
425 0 0 -0.000382
430 0 0 -0.000355
435 0 0 -0.000360
440 0 0 -0.000409
445 0 0 -0.000465
450 0 0 -0.000480
455 0 0 -0.000426
460 0 0 -0.000350
465 0 0 -0.000320
470 0 0 -0.000378
475 0 0 -0.000471
480 0 0 -0.000520
485 0 0 -0.000473
490 0 0 -0.000381
495 0 0 -0.000320
500 0 0 -0.000342
505 0 0 -0.000410
510 0 0 -0.000460
515 0 0 -0.000450
520 0 0 -0.000408
525 0 0 -0.000380
530 0 0 -0.000399
535 0 0 -0.000439
540 0 0 -0.000460
545 0 0 -0.000437
550 0 0 -0.000396
555 0 0 -0.000380
560 0 0 -0.000415
565 0 0 -0.000475
570 0 0 -0.000520
575 0 0 -0.000522
580 0 0 -0.000498
585 0 0 -0.000480
590 0 0 -0.000488
595 0 0 -0.000509
600 0 0 -0.000520
605 0 0 -0.000505
610 0 0 -0.000469
615 0 0 -0.000420
620 0 0 -0.000371
625 0 0 -0.000343
630 0 0 -0.000360
635 0 0 -0.000433
640 0 0 -0.000528
645 0 0 -0.000600
650 0 0 -0.000615
655 0 0 -0.000581
660 0 0 -0.000520
665 0 0 -0.000461
670 0 0 -0.000469
675 0 0 -0.000620
680 0 0 -0.000943
685 0 0 -0.001283
690 0 0 -0.001440
695 0 0 -0.001282
700 0 0 -0.000952
705 0 0 -0.000660
710 0 0 -0.000562
715 0 0 -0.000600
720 0 0 -0.000660
725 0 0 -0.000666
730 0 0 -0.000690
735 0 0 -0.000840
740 0 0 -0.001171
745 0 0 -0.001523
750 0 0 -0.001680
755 0 0 -0.001502
760 0 0 -0.001145
765 0 0 -0.000840
770 0 0 -0.000756
775 0 0 -0.000821
780 0 0 -0.000900
785 0 0 -0.000892
790 0 0 -0.000821
795 0 0 -0.000740
800 0 0 -0.000694
805 0 0 -0.000678
810 0 0 -0.000680
815 0 0 -0.000683
820 0 0 -0.000670
825 0 0 -0.000620
830 0 0 -0.000526
835 0 0 -0.000423
840 0 0 -0.000360
845 0 0 -0.000367
850 0 0 -0.000411
855 0 0 -0.000440
860 0 0 -0.000419
865 0 0 -0.000367
870 0 0 -0.000320
875 0 0 -0.000304
880 0 0 -0.000314
885 0 0 -0.000340
890 0 0 -0.000369
895 0 0 -0.000387
900 0 0 -0.000380
905 0 0 -0.000341
910 0 0 -0.000296
915 0 0 -0.000280
920 0 0 -0.000316
925 0 0 -0.000380
930 0 0 -0.000440
935 0 0 -0.000470
940 0 0 -0.000477
945 0 0 -0.000480
950 0 0 -0.000491
955 0 0 -0.000512
960 0 0 -0.000540
965 0 0 -0.000573
970 0 0 -0.000607
975 0 0 -0.000640
980 0 0 -0.000676
985 0 0 -0.000749
990 0 0 -0.000900
995 0 0 -0.001157
1000 0 0 -0.001497
1005 0 0 -0.001880
1010 0 0 -0.002264
1015 0 0 -0.002582
1020 0 0 -0.002760
1025 0 0 -0.002746
1030 0 0 -0.002569
1035 0 0 -0.002280
1040 0 0 -0.001933
1045 0 0 -0.001595
1050 0 0 -0.001340
1055 0 0 -0.001217
1060 0 0 -0.001190
1065 0 0 -0.001200
1070 0 0 -0.001202
1075 0 0 -0.001197
1080 0 0 -0.001200
1085 0 0 -0.001219
1090 0 0 -0.001243
1095 0 0 -0.001260
1100 0 0 -0.001258
1105 0 0 -0.001241
1110 0 0 -0.001220
1115 0 0 -0.001202
1120 0 0 -0.001194
1125 0 0 -0.001200
1130 0 0 -0.001221
1135 0 0 -0.001236
1140 0 0 -0.001220
1145 0 0 -0.001160
1150 0 0 -0.001086
1155 0 0 -0.001040
1160 0 0 -0.001051
1165 0 0 -0.001102
1170 0 0 -0.001160
1175 0 0 -0.001200
1180 0 0 -0.001215
1185 0 0 -0.001200
1190 0 0 -0.001157
1195 0 0 -0.001102
1200 0 0 -0.001060
1205 0 0 -0.001047
1210 0 0 -0.001062
1215 0 0 -0.001100
1220 0 0 -0.001151
1225 0 0 -0.001188
1230 0 0 -0.001180
1235 0 0 -0.001110
1240 0 0 -0.001018
1245 0 0 -0.000960
1250 0 0 -0.000973
1255 0 0 -0.001029
1260 0 0 -0.001080
1265 0 0 -0.001091
1270 0 0 -0.001071
1275 0 0 -0.001040
1280 0 0 -0.001014
1285 0 0 -0.001000
1290 0 0 -0.001000
1295 0 0 -0.001015
1300 0 0 -0.001028
1305 0 0 -0.001020
1310 0 0 -0.000980
1315 0 0 -0.000940
1320 0 0 -0.000940
1325 0 0 -0.001007
1330 0 0 -0.001109
1335 0 0 -0.001200
1340 0 0 -0.001243
1345 0 0 -0.001239
1350 0 0 -0.001200
1355 0 0 -0.001136
1360 0 0 -0.001059
1365 0 0 -0.000980
1370 0 0 -0.000912
1375 0 0 -0.000867
1380 0 0 -0.000860
1385 0 0 -0.000896
1390 0 0 -0.000953
1395 0 0 -0.001000
1400 0 0 -0.001014
1405 0 0 -0.000998
1410 0 0 -0.000960
1415 0 0 -0.000914
1420 0 0 -0.000889
1425 0 0 -0.000920
1430 0 0 -0.001023
1435 0 0 -0.001142
1440 0 0 -0.001200
1445 0 0 -0.001145
1450 0 0 -0.001012
1455 0 0 -0.000860
1460 0 0 -0.000736
1465 0 0 -0.000645
1470 0 0 -0.000580
1475 0 0 -0.000538
1480 0 0 -0.000523
1485 0 0 -0.000540
1490 0 0 -0.000587
1495 0 0 -0.000629
1500 0 0 -0.000620
1505 0 0 -0.000537
1510 0 0 -0.000432
1515 0 0 -0.000380
1520 0 0 -0.000428
1525 0 0 -0.000527
1530 0 0 -0.000600
1535 0 0 -0.000594
1540 0 0 -0.000543
1545 0 0 -0.000500
1550 0 0 -0.000504
1555 0 0 -0.000525
1560 0 0 -0.000520
1565 0 0 -0.000459
1570 0 0 -0.000375
1575 0 0 -0.000320
1580 0 0 -0.000330
1585 0 0 -0.000392
1590 0 0 -0.000480
1595 0 0 -0.000569
1600 0 0 -0.000636
1605 0 0 -0.000660
1610 0 0 -0.000631
1615 0 0 -0.000582
1620 0 0 -0.000560
1625 0 0 -0.000594
1630 0 0 -0.000651
1635 0 0 -0.000680
1640 0 0 -0.000647
1645 0 0 -0.000585
1650 0 0 -0.000540
1655 0 0 -0.000547
1660 0 0 -0.000585
1665 0 0 -0.000620
1670 0 0 -0.000626
1675 0 0 -0.000608
1680 0 0 -0.000580
1685 0 0 -0.000556
1690 0 0 -0.000546
1695 0 0 -0.000560
1700 0 0 -0.000601
1705 0 0 -0.000639
1710 0 0 -0.000640
1715 0 0 -0.000583
1720 0 0 -0.000510
1725 0 0 -0.000480
1730 0 0 -0.000531
1735 0 0 -0.000619
1740 0 0 -0.000680
1745 0 0 -0.000667
1750 0 0 -0.000605
1755 0 0 -0.000540
1760 0 0 -0.000506
1765 0 0 -0.000503
1770 0 0 -0.000520
1775 0 0 -0.000544
1780 0 0 -0.000552
1785 0 0 -0.000520
1790 0 0 -0.000437
1795 0 0 -0.000355
1800 0 0 -0.000340
1805 0 0 -0.000432
1810 0 0 -0.000559
1815 0 0 -0.000620
1820 0 0 -0.000550
1825 0 0 -0.000416
1830 0 0 -0.000320
1835 0 0 -0.000334
1840 0 0 -0.000413
1845 0 0 -0.000480
1850 0 0 -0.000480
1855 0 0 -0.000433
1860 0 0 -0.000380
1865 0 0 -0.000356
1870 0 0 -0.000378
1875 0 0 -0.000460
1880 0 0 -0.000601
1885 0 0 -0.000749
1890 0 0 -0.000840
1895 0 0 -0.000832
1900 0 0 -0.000770
1905 0 0 -0.000720
1910 0 0 -0.000729
1915 0 0 -0.000766
1920 0 0 -0.000780
1925 0 0 -0.000736
1930 0 0 -0.000667
1935 0 0 -0.000620
1940 0 0 -0.000628
1945 0 0 -0.000658
1950 0 0 -0.000660
1955 0 0 -0.000603
1960 0 0 -0.000525
1965 0 0 -0.000480
1970 0 0 -0.000507
1975 0 0 -0.000571
1980 0 0 -0.000620
1985 0 0 -0.000617
1990 0 0 -0.000585
1995 0 0 -0.000560
2000 0 0 -0.000571
2005 0 0 -0.000605
2010 0 0 -0.000640
2015 0 0 -0.000658
2020 0 0 -0.000662
2025 0 0 -0.000660
2030 0 0 -0.000658
2035 0 0 -0.000658
2040 0 0 -0.000660
2045 0 0 -0.000677
2050 0 0 -0.000762
2055 0 0 -0.000980
2060 0 0 -0.001360
2065 0 0 -0.001785
2070 0 0 -0.002100
2075 0 0 -0.002189
2080 0 0 -0.002085
2085 0 0 -0.001860
2090 0 0 -0.001576
2095 0 0 -0.001257
2100 0 0 -0.000920
2105 0 0 -0.000609
2110 0 0 -0.000486
2115 0 0 -0.000740
2120 0 0 -0.001466
2125 0 0 -0.002379
2130 0 0 -0.003100
2135 0 0 -0.003350
2140 0 0 -0.003254
2145 0 0 -0.003040
2150 0 0 -0.002878
2155 0 0 -0.002709
2160 0 0 -0.002420
2165 0 0 -0.001948
2170 0 0 -0.001442
2175 0 0 -0.001100
2180 0 0 -0.001058
2185 0 0 -0.001188
2190 0 0 -0.001300
2195 0 0 -0.001254
2200 0 0 -0.001124
2205 0 0 -0.001040
2210 0 0 -0.001089
2215 0 0 -0.001205
2220 0 0 -0.001280
2225 0 0 -0.001258
2230 0 0 -0.001281
2235 0 0 -0.001540
2240 0 0 -0.002157
2245 0 0 -0.002968
2250 0 0 -0.003740
2255 0 0 -0.004278
2260 0 0 -0.004539
2265 0 0 -0.004520
2270 0 0 -0.004244
2275 0 0 -0.003839
2280 0 0 -0.003460
2285 0 0 -0.003237
2290 0 0 -0.003197
2295 0 0 -0.003340
2300 0 0 -0.003629
2305 0 0 -0.003878
2310 0 0 -0.003860
2315 0 0 -0.003449
2320 0 0 -0.002903
2325 0 0 -0.002580
2330 0 0 -0.002727
2335 0 0 -0.003153
2340 0 0 -0.003560
2345 0 0 -0.003718
2350 0 0 -0.003672
2355 0 0 -0.003540
2360 0 0 -0.003421
2365 0 0 -0.003354
2370 0 0 -0.003360
2375 0 0 -0.003424
2380 0 0 -0.003374
2385 0 0 -0.003000
2390 0 0 -0.002219
2395 0 0 -0.001461
2400 0 0 -0.001280
2405 0 0 -0.002014
2410 0 0 -0.003121
2415 0 0 -0.003840
2420 0 0 -0.003649
2425 0 0 -0.002985
2430 0 0 -0.002520
2435 0 0 -0.002755
2440 0 0 -0.003488
2445 0 0 -0.004340
2450 0 0 -0.004997
2455 0 0 -0.005392
2460 0 0 -0.005520
2465 0 0 -0.005392
2470 0 0 -0.005072
2475 0 0 -0.004640
2480 0 0 -0.004168
2485 0 0 -0.003702
2490 0 0 -0.003280
2495 0 0 -0.002938
2500 0 0 -0.002698
2505 0 0 -0.002580
2510 0 0 -0.002593
2515 0 0 -0.002707
2520 0 0 -0.002880
2525 0 0 -0.003071
2530 0 0 -0.003239
2535 0 0 -0.003340
2540 0 0 -0.003347
2545 0 0 -0.003292
2550 0 0 -0.003220
2555 0 0 -0.003171
2560 0 0 -0.003151
2565 0 0 -0.003160
2570 0 0 -0.003180
2575 0 0 -0.003122
2580 0 0 -0.002880
2585 0 0 -0.002400
2590 0 0 -0.001837
2595 0 0 -0.001400
2600 0 0 -0.001235
2605 0 0 -0.001247
2610 0 0 -0.001280
2615 0 0 -0.001222
2620 0 0 -0.001128
2625 0 0 -0.001100
2630 0 0 -0.001204
2635 0 0 -0.001381
2640 0 0 -0.001540
2645 0 0 -0.001609
2650 0 0 -0.001589
2655 0 0 -0.001500
2660 0 0 -0.001367
2665 0 0 -0.001232
2670 0 0 -0.001140
2675 0 0 -0.001125
2680 0 0 -0.001164
2685 0 0 -0.001220
2690 0 0 -0.001263
2695 0 0 -0.001285
2700 0 0 -0.001280
2705 0 0 -0.001247
2710 0 0 -0.001186
2715 0 0 -0.001100
2720 0 0 -0.001001
2725 0 0 -0.000946
2730 0 0 -0.001000
2735 0 0 -0.001198
2740 0 0 -0.001442
2745 0 0 -0.001600
2750 0 0 -0.001578
2755 0 0 -0.001428
2760 0 0 -0.001240
2765 0 0 -0.001088
2770 0 0 -0.000992
2775 0 0 -0.000960
2780 0 0 -0.000991
2785 0 0 -0.001061
2790 0 0 -0.001140
2795 0 0 -0.001200
2800 0 0 -0.001219
2805 0 0 -0.001180
2810 0 0 -0.001075
2815 0 0 -0.000950
2820 0 0 -0.000860
2825 0 0 -0.000846
2830 0 0 -0.000881
2835 0 0 -0.000920
2840 0 0 -0.000928
2845 0 0 -0.000910
2850 0 0 -0.000880
2855 0 0 -0.000852
2860 0 0 -0.000836
2865 0 0 -0.000840
2870 0 0 -0.000870
2875 0 0 -0.000909
2880 0 0 -0.000940
2885 0 0 -0.000946
2890 0 0 -0.000931
2895 0 0 -0.000900
2900 0 0 -0.000857
2905 0 0 -0.000784
2910 0 0 -0.000660
2915 0 0 -0.000497
2920 0 0 -0.000439
2925 0 0 -0.000660
2930 0 0 -0.001242
2935 0 0 -0.001882
2940 0 0 -0.002180
2945 0 0 -0.001873
2950 0 0 -0.001237
2955 0 0 -0.000680
2960 0 0 -0.000508
2965 0 0 -0.000607
2970 0 0 -0.000760
2975 0 0 -0.000796
2980 0 0 -0.000734
2985 0 0 -0.000640
2990 0 0 -0.000570
2995 0 0 -0.000541
3000 0 0 -0.000560
3005 0 0 -0.000625
3010 0 0 -0.000700
3015 0 0 -0.000740
3020 0 0 -0.000714
3025 0 0 -0.000648
3030 0 0 -0.000580
3035 0 0 -0.000542
3040 0 0 -0.000537
3045 0 0 -0.000560
3050 0 0 -0.000603
3055 0 0 -0.000650
3060 0 0 -0.000680
3065 0 0 -0.000679
3070 0 0 -0.000649
3075 0 0 -0.000600
3080 0 0 -0.000542
3085 0 0 -0.000500
3090 0 0 -0.000500
3095 0 0 -0.000557
3100 0 0 -0.000633
3105 0 0 -0.000680
3110 0 0 -0.000662
3115 0 0 -0.000603
3120 0 0 -0.000540
3125 0 0 -0.000504
3130 0 0 -0.000504
3135 0 0 -0.000540
3140 0 0 -0.000608
3145 0 0 -0.000669
3150 0 0 -0.000680
3155 0 0 -0.000614
3160 0 0 -0.000519
3165 0 0 -0.000460
3170 0 0 -0.000483
3175 0 0 -0.000550
3180 0 0 -0.000600
3185 0 0 -0.000588
3190 0 0 -0.000526
3195 0 0 -0.000440
3200 0 0 -0.000356
3205 0 0 -0.000300
3210 0 0 -0.000300
3215 0 0 -0.000367
3220 0 0 -0.000455
3225 0 0 -0.000500
3230 0 0 -0.000462
3235 0 0 -0.000381
3240 0 0 -0.000320
3245 0 0 -0.000323
3250 0 0 -0.000370
3255 0 0 -0.000420
3260 0 0 -0.000443
3265 0 0 -0.000435
3270 0 0 -0.000400
3275 0 0 -0.000347
3280 0 0 -0.000303
3285 0 0 -0.000300
3290 0 0 -0.000357
3295 0 0 -0.000434
3300 0 0 -0.000480
3305 0 0 -0.000457
3310 0 0 -0.000395
3315 0 0 -0.000340
3320 0 0 -0.000326
3325 0 0 -0.000346
3330 0 0 -0.000380
3335 0 0 -0.000410
3340 0 0 -0.000421
3345 0 0 -0.000400
3350 0 0 -0.000343
3355 0 0 -0.000288
3360 0 0 -0.000280
3365 0 0 -0.000348
3370 0 0 -0.000444
3375 0 0 -0.000500
3380 0 0 -0.000469
3385 0 0 -0.000389
3390 0 0 -0.000320
3395 0 0 -0.000307
3400 0 0 -0.000341
3405 0 0 -0.000400
3410 0 0 -0.000461
3415 0 0 -0.000502
3420 0 0 -0.000500
3425 0 0 -0.000446
3430 0 0 -0.000382
3435 0 0 -0.000360
3440 0 0 -0.000415
3445 0 0 -0.000503
3450 0 0 -0.000560
3455 0 0 -0.000546
3460 0 0 -0.000519
3465 0 0 -0.000560
3470 0 0 -0.000717
3475 0 0 -0.000904
3480 0 0 -0.001000
3485 0 0 -0.000929
3490 0 0 -0.000794
3495 0 0 -0.000740
3500 0 0 -0.000865
3505 0 0 -0.001073
3510 0 0 -0.001220
3515 0 0 -0.001204
3520 0 0 -0.001094
3525 0 0 -0.001000
3530 0 0 -0.001001
3535 0 0 -0.001043
3540 0 0 -0.001040
3545 0 0 -0.000936
3550 0 0 -0.000792
3555 0 0 -0.000700
3560 0 0 -0.000723
3565 0 0 -0.000809
3570 0 0 -0.000880
3575 0 0 -0.000878
3580 0 0 -0.000839
3585 0 0 -0.000820
3590 0 0 -0.000868
3595 0 0 -0.000980
3600 0 0 -0.001140
3605 0 0 -0.001324
3610 0 0 -0.001474
3615 0 0 -0.001520
3620 0 0 -0.001419
3625 0 0 -0.001221
3630 0 0 -0.001000
3635 0 0 -0.000816
3640 0 0 -0.000677
3645 0 0 -0.000580
3650 0 0 -0.000520
3655 0 0 -0.000500
3660 0 0 -0.000520
3665 0 0 -0.000576
3670 0 0 -0.000625
3675 0 0 -0.000620
3680 0 0 -0.000530
3685 0 0 -0.000401
3690 0 0 -0.000300
3695 0 0 -0.000276
3700 0 0 -0.000309
3705 0 0 -0.000360
3710 0 0 -0.000399
3715 0 0 -0.000419
3720 0 0 -0.000420
3725 0 0 -0.000404
3730 0 0 -0.000375
3735 0 0 -0.000340
3740 0 0 -0.000307
3745 0 0 -0.000288
3750 0 0 -0.000300
3755 0 0 -0.000348
3760 0 0 -0.000406
3765 0 0 -0.000440
3770 0 0 -0.000424
3775 0 0 -0.000375
3780 0 0 -0.000320
3785 0 0 -0.000282
3790 0 0 -0.000272
3795 0 0 -0.000300
3800 0 0 -0.000367
3805 0 0 -0.000440
3810 0 0 -0.000480
3815 0 0 -0.000462
3820 0 0 -0.000425
3825 0 0 -0.000420
3830 0 0 -0.000482
3835 0 0 -0.000569
3840 0 0 -0.000620
3845 0 0 -0.000593
3850 0 0 -0.000527
3855 0 0 -0.000480
3860 0 0 -0.000498
3865 0 0 -0.000582
3870 0 0 -0.000720
3875 0 0 -0.000896
3880 0 0 -0.001075
3885 0 0 -0.001220
3890 0 0 -0.001299
3895 0 0 -0.001305
3900 0 0 -0.001240
3905 0 0 -0.001113
3910 0 0 -0.000973
3915 0 0 -0.000880
3920 0 0 -0.000875
3925 0 0 -0.000935
3930 0 0 -0.001020
3935 0 0 -0.001095
3940 0 0 -0.001155
3945 0 0 -0.001200
3950 0 0 -0.001232
3955 0 0 -0.001261
3960 0 0 -0.001300
3965 0 0 -0.001358
3970 0 0 -0.001438
3975 0 0 -0.001540
3980 0 0 -0.001657
3985 0 0 -0.001757
3990 0 0 -0.001800
3995 0 0 -0.001760
4000 0 0 -0.001666
4005 0 0 -0.001560
4010 0 0 -0.001479
4015 0 0 -0.001431
4020 0 0 -0.001420
4025 0 0 -0.001445
4030 0 0 -0.001491
4035 0 0 -0.001540
4040 0 0 -0.001575
4045 0 0 -0.001590
4050 0 0 -0.001580
4055 0 0 -0.001544
4060 0 0 -0.001493
4065 0 0 -0.001440
4070 0 0 -0.001397
4075 0 0 -0.001369
4080 0 0 -0.001360
4085 0 0 -0.001370
4090 0 0 -0.001378
4095 0 0 -0.001360
4100 0 0 -0.001306
4105 0 0 -0.001260
4110 0 0 -0.001280
4115 0 0 -0.001401
4120 0 0 -0.001562
4125 0 0 -0.001680
4130 0 0 -0.001692
4135 0 0 -0.001623
4140 0 0 -0.001520
4145 0 0 -0.001424
4150 0 0 -0.001363
4155 0 0 -0.001360
4160 0 0 -0.001422
4165 0 0 -0.001498
4170 0 0 -0.001520
4175 0 0 -0.001444
4180 0 0 -0.001320
4185 0 0 -0.001220
4190 0 0 -0.001200
4195 0 0 -0.001245
4200 0 0 -0.001320
4205 0 0 -0.001394
4210 0 0 -0.001447
4215 0 0 -0.001460
4220 0 0 -0.001424
4225 0 0 -0.001360
4230 0 0 -0.001300
4235 0 0 -0.001269
4240 0 0 -0.001275
4245 0 0 -0.001320
4250 0 0 -0.001405
4255 0 0 -0.001517
4260 0 0 -0.001640
4265 0 0 -0.001749
4270 0 0 -0.001790
4275 0 0 -0.001700
4280 0 0 -0.001450
4285 0 0 -0.001149
4290 0 0 -0.000940
4295 0 0 -0.000923
4300 0 0 -0.001023
4305 0 0 -0.001120
4310 0 0 -0.001125
4315 0 0 -0.001071
4320 0 0 -0.001020
4325 0 0 -0.001020
4330 0 0 -0.001062
4335 0 0 -0.001120
4340 0 0 -0.001169
4345 0 0 -0.001184
4350 0 0 -0.001140
4355 0 0 -0.001035
4360 0 0 -0.000968
4365 0 0 -0.001060
4370 0 0 -0.001373
4375 0 0 -0.001727
4380 0 0 -0.001880
4385 0 0 -0.001674
4390 0 0 -0.001282
4395 0 0 -0.000960
4400 0 0 -0.000894
4405 0 0 -0.000984
4410 0 0 -0.001060
4415 0 0 -0.000997
4420 0 0 -0.000845
4425 0 0 -0.000700
4430 0 0 -0.000636
4435 0 0 -0.000640
4440 0 0 -0.000680
4445 0 0 -0.000724
4450 0 0 -0.000756
4455 0 0 -0.000760
4460 0 0 -0.000728
4465 0 0 -0.000675
4470 0 0 -0.000620
4475 0 0 -0.000581
4480 0 0 -0.000565
4485 0 0 -0.000580
4490 0 0 -0.000625
4495 0 0 -0.000675
4500 0 0 -0.000700
4505 0 0 -0.000679
4510 0 0 -0.000630
4515 0 0 -0.000580
4520 0 0 -0.000551
4525 0 0 -0.000551
4530 0 0 -0.000580
4535 0 0 -0.000635
4540 0 0 -0.000687
4545 0 0 -0.000700
4550 0 0 -0.000652
4555 0 0 -0.000577
4560 0 0 -0.000520
4565 0 0 -0.000517
4570 0 0 -0.000552
4575 0 0 -0.000600
4580 0 0 -0.000637
4585 0 0 -0.000653
4590 0 0 -0.000640
4595 0 0 -0.000598
4600 0 0 -0.000549
4605 0 0 -0.000520
4610 0 0 -0.000530
4615 0 0 -0.000554
4620 0 0 -0.000560
4625 0 0 -0.000524
4630 0 0 -0.000461
4635 0 0 -0.000400
4640 0 0 -0.000362
4645 0 0 -0.000354
4650 0 0 -0.000380
4655 0 0 -0.000435
4660 0 0 -0.000488
4665 0 0 -0.000500
4670 0 0 -0.000447
4675 0 0 -0.000369
4680 0 0 -0.000320
4685 0 0 -0.000339
4690 0 0 -0.000400
4695 0 0 -0.000460
4700 0 0 -0.000486
4705 0 0 -0.000477
4710 0 0 -0.000440
4715 0 0 -0.000387
4720 0 0 -0.000344
4725 0 0 -0.000340
4730 0 0 -0.000391
4735 0 0 -0.000460
4740 0 0 -0.000500
4745 0 0 -0.000476
4750 0 0 -0.000416
4755 0 0 -0.000360
4760 0 0 -0.000342
4765 0 0 -0.000359
4770 0 0 -0.000400
4775 0 0 -0.000451
4780 0 0 -0.000487
4785 0 0 -0.000480
4790 0 0 -0.000416
4795 0 0 -0.000337
4800 0 0 -0.000300
4805 0 0 -0.000343
4810 0 0 -0.000423
4815 0 0 -0.000480
4820 0 0 -0.000469
4825 0 0 -0.000415
4830 0 0 -0.000360
4835 0 0 -0.000339
4840 0 0 -0.000354
4845 0 0 -0.000400
4850 0 0 -0.000466
4855 0 0 -0.000524
4860 0 0 -0.000540
4865 0 0 -0.000495
4870 0 0 -0.000430
4875 0 0 -0.000400
4880 0 0 -0.000439
4885 0 0 -0.000501
4890 0 0 -0.000520
4895 0 0 -0.000464
4900 0 0 -0.000438
4905 0 0 -0.000580
4910 0 0 -0.000969
4915 0 0 -0.001433
4920 0 0 -0.001740
4925 0 0 -0.001727
4930 0 0 -0.001507
4935 0 0 -0.001260
4940 0 0 -0.001129
4945 0 0 -0.001095
4950 0 0 -0.001100
4955 0 0 -0.001097
4960 0 0 -0.001086
4965 0 0 -0.001080
4970 0 0 -0.001088
4975 0 0 -0.001104
4980 0 0 -0.001120
4985 0 0 -0.001128
4990 0 0 -0.001133
4995 0 0 -0.001140
5000 0 0 -0.001152
5005 0 0 -0.001157
5010 0 0 -0.001140
5015 0 0 -0.001092
5020 0 0 -0.001031
5025 0 0 -0.000980
5030 0 0 -0.000956
5035 0 0 -0.000944
5040 0 0 -0.000920
5045 0 0 -0.000871
5050 0 0 -0.000820
5055 0 0 -0.000800
5060 0 0 -0.000834
5065 0 0 -0.000898
5070 0 0 -0.000960
5075 0 0 -0.000992
5080 0 0 -0.000996
5085 0 0 -0.000980
5090 0 0 -0.000951
5095 0 0 -0.000906
5100 0 0 -0.000840
5105 0 0 -0.000753
5110 0 0 -0.000675
5115 0 0 -0.000640
5120 0 0 -0.000671
5125 0 0 -0.000738
5130 0 0 -0.000800
5135 0 0 -0.000822
5140 0 0 -0.000806
5145 0 0 -0.000760
5150 0 0 -0.000697
5155 0 0 -0.000640
5160 0 0 -0.000620
5165 0 0 -0.000653
5170 0 0 -0.000717
5175 0 0 -0.000780
5180 0 0 -0.000814
5185 0 0 -0.000814
5190 0 0 -0.000780
5195 0 0 -0.000717
5200 0 0 -0.000652
5205 0 0 -0.000620
5210 0 0 -0.000642
5215 0 0 -0.000689
5220 0 0 -0.000720
5225 0 0 -0.000712
5230 0 0 -0.000711
5235 0 0 -0.000780
5240 0 0 -0.000952
5245 0 0 -0.001138
5250 0 0 -0.001220
5255 0 0 -0.001121
5260 0 0 -0.000930
5265 0 0 -0.000780
5270 0 0 -0.000765
5275 0 0 -0.000834
5280 0 0 -0.000900
5285 0 0 -0.000898
5290 0 0 -0.000845
5295 0 0 -0.000780
5300 0 0 -0.000737
5305 0 0 -0.000723
5310 0 0 -0.000740
5315 0 0 -0.000786
5320 0 0 -0.000841
5325 0 0 -0.000880
5330 0 0 -0.000886
5335 0 0 -0.000868
5340 0 0 -0.000840
5345 0 0 -0.000816
5350 0 0 -0.000802
5355 0 0 -0.000800
5360 0 0 -0.000813
5365 0 0 -0.000840
5370 0 0 -0.000880
5375 0 0 -0.000932
5380 0 0 -0.000992
5385 0 0 -0.001060
5390 0 0 -0.001133
5395 0 0 -0.001212
5400 0 0 -0.001300
5405 0 0 -0.001392
5410 0 0 -0.001458
5415 0 0 -0.001460
5420 0 0 -0.001375
5425 0 0 -0.001233
5430 0 0 -0.001080
5435 0 0 -0.000962
5440 0 0 -0.000935
5445 0 0 -0.001060
5450 0 0 -0.001359
5455 0 0 -0.001706
5460 0 0 -0.001940
5465 0 0 -0.001941
5470 0 0 -0.001763
5475 0 0 -0.001500
5480 0 0 -0.001242
5485 0 0 -0.001050
5490 0 0 -0.000980
5495 0 0 -0.001061
5500 0 0 -0.001215
5505 0 0 -0.001340
5510 0 0 -0.001362
5515 0 0 -0.001329
5520 0 0 -0.001320
5525 0 0 -0.001387
5530 0 0 -0.001480
5535 0 0 -0.001520
5540 0 0 -0.001456
5545 0 0 -0.001333
5550 0 0 -0.001220
5555 0 0 -0.001171
5560 0 0 -0.001168
5565 0 0 -0.001180
5570 0 0 -0.001177
5575 0 0 -0.001146
5580 0 0 -0.001080
5585 0 0 -0.000982
5590 0 0 -0.000902
5595 0 0 -0.000900
5600 0 0 -0.001013
5605 0 0 -0.001182
5610 0 0 -0.001320
5615 0 0 -0.001362
5620 0 0 -0.001319
5625 0 0 -0.001220
5630 0 0 -0.001095
5635 0 0 -0.000982
5640 0 0 -0.000920
5645 0 0 -0.000932
5650 0 0 -0.000982
5655 0 0 -0.001020
5660 0 0 -0.001010
5665 0 0 -0.000982
5670 0 0 -0.000980
5675 0 0 -0.001036
5680 0 0 -0.001123
5685 0 0 -0.001200
5690 0 0 -0.001237
5695 0 0 -0.001244
5700 0 0 -0.001240
5705 0 0 -0.001238
5710 0 0 -0.001230
5715 0 0 -0.001200
5720 0 0 -0.001142
5725 0 0 -0.001079
5730 0 0 -0.001040
5735 0 0 -0.001045
5740 0 0 -0.001064
5745 0 0 -0.001060
5750 0 0 -0.001015
5755 0 0 -0.001002
5760 0 0 -0.001120
5765 0 0 -0.001414
5770 0 0 -0.001724
5775 0 0 -0.001840
5780 0 0 -0.001624
5785 0 0 -0.001229
5790 0 0 -0.000880
5795 0 0 -0.000749
5800 0 0 -0.000790
5805 0 0 -0.000900
5810 0 0 -0.000991
5815 0 0 -0.001021
5820 0 0 -0.000960
5825 0 0 -0.000800
5830 0 0 -0.000615
5835 0 0 -0.000500
5840 0 0 -0.000520
5845 0 0 -0.000622
5850 0 0 -0.000720
5855 0 0 -0.000752
5860 0 0 -0.000743
5865 0 0 -0.000740
5870 0 0 -0.000776
5875 0 0 -0.000833
5880 0 0 -0.000880
5885 0 0 -0.000894
5890 0 0 -0.000882
5895 0 0 -0.000860
5900 0 0 -0.000839
5905 0 0 -0.000811
5910 0 0 -0.000760
5915 0 0 -0.000680
5920 0 0 -0.000596
5925 0 0 -0.000540
5930 0 0 -0.000534
5935 0 0 -0.000568
5940 0 0 -0.000620
5945 0 0 -0.000671
5950 0 0 -0.000704
5955 0 0 -0.000700
5960 0 0 -0.000652
5965 0 0 -0.000587
5970 0 0 -0.000540
5975 0 0 -0.000538
5980 0 0 -0.000571
5985 0 0 -0.000620
5990 0 0 -0.000667
5995 0 0 -0.000693
6000 0 0 -0.000680
6005 0 0 -0.000621
6010 0 0 -0.000552
6015 0 0 -0.000520
6020 0 0 -0.000556
6025 0 0 -0.000621
6030 0 0 -0.000660
6035 0 0 -0.000632
6040 0 0 -0.000555
6045 0 0 -0.000460
6050 0 0 -0.000376
6055 0 0 -0.000323
6060 0 0 -0.000320
6065 0 0 -0.000373
6070 0 0 -0.000448
6075 0 0 -0.000500
6080 0 0 -0.000496
6085 0 0 -0.000453
6090 0 0 -0.000400
6095 0 0 -0.000363
6100 0 0 -0.000353
6105 0 0 -0.000380
6110 0 0 -0.000443
6115 0 0 -0.000505
6120 0 0 -0.000520
6125 0 0 -0.000461
6130 0 0 -0.000373
6135 0 0 -0.000320
6140 0 0 -0.000346
6145 0 0 -0.000417
6150 0 0 -0.000480
6155 0 0 -0.000493
6160 0 0 -0.000466
6165 0 0 -0.000420
6170 0 0 -0.000376
6175 0 0 -0.000350
6180 0 0 -0.000360
6185 0 0 -0.000411
6190 0 0 -0.000472
6195 0 0 -0.000500
6200 0 0 -0.000468
6205 0 0 -0.000406
6210 0 0 -0.000360
6215 0 0 -0.000362
6220 0 0 -0.000398
6225 0 0 -0.000440
6230 0 0 -0.000467
6235 0 0 -0.000474
6240 0 0 -0.000460
6245 0 0 -0.000430
6250 0 0 -0.000408
6255 0 0 -0.000420
6260 0 0 -0.000482
6265 0 0 -0.000559
6270 0 0 -0.000600
6275 0 0 -0.000574
6280 0 0 -0.000517
6285 0 0 -0.000480
6290 0 0 -0.000500
6295 0 0 -0.000543
6300 0 0 -0.000560
6305 0 0 -0.000519
6310 0 0 -0.000465
6315 0 0 -0.000460
6320 0 0 -0.000546
6325 0 0 -0.000675
6330 0 0 -0.000780
6335 0 0 -0.000813
6340 0 0 -0.000813
6345 0 0 -0.000840
6350 0 0 -0.000930
6355 0 0 -0.001030
6360 0 0 -0.001060
6365 0 0 -0.000976
6370 0 0 -0.000858
6375 0 0 -0.000820
6380 0 0 -0.000933
6385 0 0 -0.001110
6390 0 0 -0.001220
6395 0 0 -0.001179
6400 0 0 -0.001080
6405 0 0 -0.001060
6410 0 0 -0.001208
6415 0 0 -0.001419
6420 0 0 -0.001540
6425 0 0 -0.001463
6430 0 0 -0.001253
6435 0 0 -0.001020
6440 0 0 -0.000855
6445 0 0 -0.000775
6450 0 0 -0.000780
6455 0 0 -0.000856
6460 0 0 -0.000931
6465 0 0 -0.000920
6470 0 0 -0.000796
6475 0 0 -0.000762
6480 0 0 -0.001080
6485 0 0 -0.001906
6490 0 0 -0.002971
6495 0 0 -0.003900
6500 0 0 -0.004386
6505 0 0 -0.004395
6510 0 0 -0.003960
6515 0 0 -0.003154
6520 0 0 -0.002205
6525 0 0 -0.001380
6530 0 0 -0.000882
6535 0 0 -0.000665
6540 0 0 -0.000620
6545 0 0 -0.000650
6550 0 0 -0.000709
6555 0 0 -0.000760
6560 0 0 -0.000777
6565 0 0 -0.000761
6570 0 0 -0.000720
6575 0 0 -0.000664
6580 0 0 -0.000606
6585 0 0 -0.000560
6590 0 0 -0.000539
6595 0 0 -0.000546
6600 0 0 -0.000580
6605 0 0 -0.000637
6610 0 0 -0.000688
6615 0 0 -0.000700
6620 0 0 -0.000651
6625 0 0 -0.000576
6630 0 0 -0.000520
6635 0 0 -0.000520
6640 0 0 -0.000566
6645 0 0 -0.000640
6650 0 0 -0.000719
6655 0 0 -0.000776
6660 0 0 -0.000780
6665 0 0 -0.000724
6670 0 0 -0.000690
6675 0 0 -0.000780
6680 0 0 -0.001050
6685 0 0 -0.001364
6690 0 0 -0.001540
6695 0 0 -0.001450
6700 0 0 -0.001192
6705 0 0 -0.000920
6710 0 0 -0.000754
6715 0 0 -0.000688
6720 0 0 -0.000680
6725 0 0 -0.000696
6730 0 0 -0.000725
6735 0 0 -0.000760
6740 0 0 -0.000796
6745 0 0 -0.000830
6750 0 0 -0.000860
6755 0 0 -0.000888
6760 0 0 -0.000928
6765 0 0 -0.001000
6770 0 0 -0.001135
6775 0 0 -0.001416
6780 0 0 -0.001940
6785 0 0 -0.002724
6790 0 0 -0.003475
6795 0 0 -0.003820
6800 0 0 -0.003513
6805 0 0 -0.002812
6810 0 0 -0.002100
6815 0 0 -0.001678
6820 0 0 -0.001505
6825 0 0 -0.001460
6830 0 0 -0.001441
6835 0 0 -0.001437
6840 0 0 -0.001460
6845 0 0 -0.001513
6850 0 0 -0.001556
6855 0 0 -0.001540
6860 0 0 -0.001437
6865 0 0 -0.001299
6870 0 0 -0.001200
6875 0 0 -0.001193
6880 0 0 -0.001244
6885 0 0 -0.001300
6890 0 0 -0.001320
6895 0 0 -0.001318
6900 0 0 -0.001320
6905 0 0 -0.001343
6910 0 0 -0.001372
6915 0 0 -0.001380
6920 0 0 -0.001360
6925 0 0 -0.001374
6930 0 0 -0.001500
6935 0 0 -0.001774
6940 0 0 -0.002066
6945 0 0 -0.002200
6950 0 0 -0.002061
6955 0 0 -0.001763
6960 0 0 -0.001480
6965 0 0 -0.001341
6970 0 0 -0.001308
6975 0 0 -0.001300
6980 0 0 -0.001255
6985 0 0 -0.001190
6990 0 0 -0.001140
6995 0 0 -0.001130
7000 0 0 -0.001145
7005 0 0 -0.001160
7010 0 0 -0.001157
7015 0 0 -0.001146
7020 0 0 -0.001140
7025 0 0 -0.001152
7030 0 0 -0.001181
7035 0 0 -0.001220
7040 0 0 -0.001263
7045 0 0 -0.001295
7050 0 0 -0.001300
7055 0 0 -0.001271
7060 0 0 -0.001238
7065 0 0 -0.001240
7070 0 0 -0.001302
7075 0 0 -0.001387
7080 0 0 -0.001440
7085 0 0 -0.001424
7090 0 0 -0.001364
7095 0 0 -0.001300
7100 0 0 -0.001261
7105 0 0 -0.001235
7110 0 0 -0.001200
7115 0 0 -0.001142
7120 0 0 -0.001085
7125 0 0 -0.001060
7130 0 0 -0.001088
7135 0 0 -0.001146
7140 0 0 -0.001200
7145 0 0 -0.001222
7150 0 0 -0.001213
7155 0 0 -0.001180
7160 0 0 -0.001135
7165 0 0 -0.001105
7170 0 0 -0.001120
7175 0 0 -0.001195
7180 0 0 -0.001278
7185 0 0 -0.001300
7190 0 0 -0.001223
7195 0 0 -0.001126
7200 0 0 -0.001120
7205 0 0 -0.001274
7210 0 0 -0.001503
7215 0 0 -0.001680
7220 0 0 -0.001711
7225 0 0 -0.001625
7230 0 0 -0.001480
7235 0 0 -0.001331
7240 0 0 -0.001219
7245 0 0 -0.001180
7250 0 0 -0.001231
7255 0 0 -0.001317
7260 0 0 -0.001360
7265 0 0 -0.001307
7270 0 0 -0.001190
7275 0 0 -0.001060
7280 0 0 -0.000959
7285 0 0 -0.000889
7290 0 0 -0.000840
7295 0 0 -0.000803
7300 0 0 -0.000771
7305 0 0 -0.000740
7310 0 0 -0.000706
7315 0 0 -0.000676
7320 0 0 -0.000660
7325 0 0 -0.000664
7330 0 0 -0.000681
7335 0 0 -0.000700
7340 0 0 -0.000709
7345 0 0 -0.000699
7350 0 0 -0.000660
7355 0 0 -0.000589
7360 0 0 -0.000517
7365 0 0 -0.000480
7370 0 0 -0.000504
7375 0 0 -0.000569
7380 0 0 -0.000640
7385 0 0 -0.000690
7390 0 0 -0.000706
7395 0 0 -0.000680
7400 0 0 -0.000612
7405 0 0 -0.000538
7410 0 0 -0.000500
7415 0 0 -0.000528
7420 0 0 -0.000590
7425 0 0 -0.000640
7430 0 0 -0.000641
7435 0 0 -0.000597
7440 0 0 -0.000520
7445 0 0 -0.000427
7450 0 0 -0.000354
7455 0 0 -0.000340
7460 0 0 -0.000410
7465 0 0 -0.000537
7470 0 0 -0.000680
7475 0 0 -0.000799
7480 0 0 -0.000863
7485 0 0 -0.000840
7490 0 0 -0.000719
7495 0 0 -0.000554
7500 0 0 -0.000420
7505 0 0 -0.000371
7510 0 0 -0.000390
7515 0 0 -0.000440
7520 0 0 -0.000489
7525 0 0 -0.000516
7530 0 0 -0.000500
7535 0 0 -0.000435
7540 0 0 -0.000359
7545 0 0 -0.000320
7550 0 0 -0.000352
7555 0 0 -0.000422
7560 0 0 -0.000480
7565 0 0 -0.000489
7570 0 0 -0.000462
7575 0 0 -0.000420
7580 0 0 -0.000386
7585 0 0 -0.000370
7590 0 0 -0.000380
7595 0 0 -0.000418
7600 0 0 -0.000456
7605 0 0 -0.000460
7610 0 0 -0.000409
7615 0 0 -0.000340
7620 0 0 -0.000300
7625 0 0 -0.000325
7630 0 0 -0.000386
7635 0 0 -0.000440
7640 0 0 -0.000455
7645 0 0 -0.000436
7650 0 0 -0.000400
7655 0 0 -0.000364
7660 0 0 -0.000345
7665 0 0 -0.000360
7670 0 0 -0.000416
7675 0 0 -0.000478
7680 0 0 -0.000500
7685 0 0 -0.000455
7690 0 0 -0.000393
7695 0 0 -0.000380
7700 0 0 -0.000461
7705 0 0 -0.000586
7710 0 0 -0.000680
7715 0 0 -0.000690
7720 0 0 -0.000646
7725 0 0 -0.000600
7730 0 0 -0.000591
7735 0 0 -0.000607
7740 0 0 -0.000620
7745 0 0 -0.000613
7750 0 0 -0.000599
7755 0 0 -0.000600
7760 0 0 -0.000629
7765 0 0 -0.000671
7770 0 0 -0.000700
7775 0 0 -0.000700
7780 0 0 -0.000686
7785 0 0 -0.000680
7790 0 0 -0.000697
7795 0 0 -0.000723
7800 0 0 -0.000740
7805 0 0 -0.000741
7810 0 0 -0.000779
7815 0 0 -0.000920
7820 0 0 -0.001196
7825 0 0 -0.001492
7830 0 0 -0.001660
7835 0 0 -0.001594
7840 0 0 -0.001373
7845 0 0 -0.001120
7850 0 0 -0.000933
7855 0 0 -0.000810
7860 0 0 -0.000720
7865 0 0 -0.000643
7870 0 0 -0.000585
7875 0 0 -0.000560
7880 0 0 -0.000580
7885 0 0 -0.000641
7890 0 0 -0.000740
7895 0 0 -0.000863
7900 0 0 -0.000966
7905 0 0 -0.001000
7910 0 0 -0.000928
7915 0 0 -0.000775
7920 0 0 -0.000580
7925 0 0 -0.000413
7930 0 0 -0.000465
7935 0 0 -0.000960
7940 0 0 -0.001995
7945 0 0 -0.003165
7950 0 0 -0.003940
7955 0 0 -0.003948
7960 0 0 -0.003444
7965 0 0 -0.002840
7970 0 0 -0.002463
7975 0 0 -0.002297
7980 0 0 -0.002240
7985 0 0 -0.002199
7990 0 0 -0.002120
7995 0 0 -0.001960
8000 0 0 -0.001695
8005 0 0 -0.001383
8010 0 0 -0.001100
8015 0 0 -0.000909
8020 0 0 -0.000808
8025 0 0 -0.000780
8030 0 0 -0.000804
8035 0 0 -0.000849
8040 0 0 -0.000880
8045 0 0 -0.000873
8050 0 0 -0.000844
8055 0 0 -0.000820
8060 0 0 -0.000820
8065 0 0 -0.000833
8070 0 0 -0.000840
8075 0 0 -0.000829
8080 0 0 -0.000810
8085 0 0 -0.000800
8090 0 0 -0.000811
8095 0 0 -0.000834
8100 0 0 -0.000860
8105 0 0 -0.000878
8110 0 0 -0.000890
8115 0 0 -0.000900
8120 0 0 -0.000912
8125 0 0 -0.000926
8130 0 0 -0.000940
8135 0 0 -0.000954
8140 0 0 -0.000967
8145 0 0 -0.000980
8150 0 0 -0.000992
8155 0 0 -0.001005
8160 0 0 -0.001020
8165 0 0 -0.001033
8170 0 0 -0.001022
8175 0 0 -0.000960
8180 0 0 -0.000851
8185 0 0 -0.000830
8190 0 0 -0.001060
8195 0 0 -0.001635
8200 0 0 -0.002353
8205 0 0 -0.002940
8210 0 0 -0.003196
8215 0 0 -0.003208
8220 0 0 -0.003140
8225 0 0 -0.003129
8230 0 0 -0.003222
8235 0 0 -0.003440
8240 0 0 -0.003759
8245 0 0 -0.003966
8250 0 0 -0.003800
8255 0 0 -0.003110
8260 0 0 -0.002184
8265 0 0 -0.001420
8270 0 0 -0.001113
8275 0 0 -0.001146
8280 0 0 -0.001300
8285 0 0 -0.001396
8290 0 0 -0.001421
8295 0 0 -0.001400
8300 0 0 -0.001359
8305 0 0 -0.001314
8310 0 0 -0.001280
8315 0 0 -0.001268
8320 0 0 -0.001272
8325 0 0 -0.001280
8330 0 0 -0.001285
8335 0 0 -0.001284
8340 0 0 -0.001280
8345 0 0 -0.001273
8350 0 0 -0.001271
8355 0 0 -0.001280
8360 0 0 -0.001304
8365 0 0 -0.001325
8370 0 0 -0.001320
8375 0 0 -0.001279
8380 0 0 -0.001246
8385 0 0 -0.001280
8390 0 0 -0.001412
8395 0 0 -0.001567
8400 0 0 -0.001640
8405 0 0 -0.001562
8410 0 0 -0.001396
8415 0 0 -0.001240
8420 0 0 -0.001166
8425 0 0 -0.001154
8430 0 0 -0.001160
8435 0 0 -0.001146
8440 0 0 -0.001101
8445 0 0 -0.001020
8450 0 0 -0.000905
8455 0 0 -0.000785
8460 0 0 -0.000700
8465 0 0 -0.000672
8470 0 0 -0.000673
8475 0 0 -0.000660
8480 0 0 -0.000604
8485 0 0 -0.000536
8490 0 0 -0.000500
8495 0 0 -0.000527
8500 0 0 -0.000592
8505 0 0 -0.000660
8510 0 0 -0.000699
8515 0 0 -0.000705
8520 0 0 -0.000680
8525 0 0 -0.000630
8530 0 0 -0.000575
8535 0 0 -0.000540
8540 0 0 -0.000542
8545 0 0 -0.000574
8550 0 0 -0.000620
8555 0 0 -0.000666
8560 0 0 -0.000698
8565 0 0 -0.000700
8570 0 0 -0.000665
8575 0 0 -0.000610
8580 0 0 -0.000560
8585 0 0 -0.000536
8590 0 0 -0.000543
8595 0 0 -0.000580
8600 0 0 -0.000643
8605 0 0 -0.000702
8610 0 0 -0.000720
8615 0 0 -0.000676
8620 0 0 -0.000600
8625 0 0 -0.000540
8630 0 0 -0.000529
8635 0 0 -0.000556
8640 0 0 -0.000600
8645 0 0 -0.000642
8650 0 0 -0.000676
8655 0 0 -0.000700
8660 0 0 -0.000714
8665 0 0 -0.000724
8670 0 0 -0.000740
8675 0 0 -0.000768
8680 0 0 -0.000809
8685 0 0 -0.000860
8690 0 0 -0.000916
8695 0 0 -0.000956
8700 0 0 -0.000960
8705 0 0 -0.000914
8710 0 0 -0.000847
8715 0 0 -0.000800
8720 0 0 -0.000803
8725 0 0 -0.000854
8730 0 0 -0.000940
8735 0 0 -0.001047
8740 0 0 -0.001144
8745 0 0 -0.001200
8750 0 0 -0.001197
8755 0 0 -0.001182
8760 0 0 -0.001220
8765 0 0 -0.001347
8770 0 0 -0.001488
8775 0 0 -0.001540
8780 0 0 -0.001435
8785 0 0 -0.001246
8790 0 0 -0.001080
8795 0 0 -0.001014
8800 0 0 -0.001010
8805 0 0 -0.001000
8810 0 0 -0.000935
8815 0 0 -0.000840
8820 0 0 -0.000760
8825 0 0 -0.000727
8830 0 0 -0.000728
8835 0 0 -0.000740
8840 0 0 -0.000743
8845 0 0 -0.000731
8850 0 0 -0.000700
8855 0 0 -0.000649
8860 0 0 -0.000581
8865 0 0 -0.000500
8870 0 0 -0.000414
8875 0 0 -0.000350
8880 0 0 -0.000340
8885 0 0 -0.000401
8890 0 0 -0.000488
8895 0 0 -0.000540
8900 0 0 -0.000519
8905 0 0 -0.000470
8910 0 0 -0.000460
8915 0 0 -0.000538
8920 0 0 -0.000679
8925 0 0 -0.000840
8930 0 0 -0.000979
8935 0 0 -0.001063
8940 0 0 -0.001060
8945 0 0 -0.000952
8950 0 0 -0.000781
8955 0 0 -0.000600
8960 0 0 -0.000457
8965 0 0 -0.000368
8970 0 0 -0.000340
8975 0 0 -0.000372
8980 0 0 -0.000433
8985 0 0 -0.000480
8990 0 0 -0.000484
8995 0 0 -0.000451
9000 0 0 -0.000400
9005 0 0 -0.000348
9010 0 0 -0.000315
9015 0 0 -0.000320
9020 0 0 -0.000373
9025 0 0 -0.000446
9030 0 0 -0.000500
9035 0 0 -0.000506
9040 0 0 -0.000473
9045 0 0 -0.000420
9050 0 0 -0.000367
9055 0 0 -0.000333
9060 0 0 -0.000340
9065 0 0 -0.000396
9070 0 0 -0.000466
9075 0 0 -0.000500
9080 0 0 -0.000467
9085 0 0 -0.000398
9090 0 0 -0.000340
9095 0 0 -0.000328
9100 0 0 -0.000355
9105 0 0 -0.000400
9110 0 0 -0.000445
9115 0 0 -0.000471
9120 0 0 -0.000460
9125 0 0 -0.000406
9130 0 0 -0.000353
9135 0 0 -0.000360
9140 0 0 -0.000462
9145 0 0 -0.000602
9150 0 0 -0.000700
9155 0 0 -0.000702
9160 0 0 -0.000647
9165 0 0 -0.000600
9170 0 0 -0.000608
9175 0 0 -0.000643
9180 0 0 -0.000660
9185 0 0 -0.000629
9190 0 0 -0.000581
9195 0 0 -0.000560
9200 0 0 -0.000597
9205 0 0 -0.000664
9210 0 0 -0.000720
9215 0 0 -0.000734
9220 0 0 -0.000719
9225 0 0 -0.000700
9230 0 0 -0.000695
9235 0 0 -0.000694
9240 0 0 -0.000680
9245 0 0 -0.000647
9250 0 0 -0.000632
9255 0 0 -0.000680
9260 0 0 -0.000816
9265 0 0 -0.000978
9270 0 0 -0.001080
9275 0 0 -0.001062
9280 0 0 -0.000956
9285 0 0 -0.000820
9290 0 0 -0.000717
9295 0 0 -0.000738
9300 0 0 -0.000980
9305 0 0 -0.001475
9310 0 0 -0.001998
9315 0 0 -0.002260
9320 0 0 -0.002065
9325 0 0 -0.001594
9330 0 0 -0.001120
9335 0 0 -0.000860
9340 0 0 -0.000793
9345 0 0 -0.000840
9350 0 0 -0.000933
9355 0 0 -0.001046
9360 0 0 -0.001160
9365 0 0 -0.001253
9370 0 0 -0.001273
9375 0 0 -0.001160
9380 0 0 -0.000923
9385 0 0 -0.000835
9390 0 0 -0.001240
9395 0 0 -0.002321
9400 0 0 -0.003634
9405 0 0 -0.004580
9410 0 0 -0.004733
9415 0 0 -0.004369
9420 0 0 -0.003940
9425 0 0 -0.003794
9430 0 0 -0.003859
9435 0 0 -0.003960
9440 0 0 -0.003961
9445 0 0 -0.003886
9450 0 0 -0.003800
9455 0 0 -0.003746
9460 0 0 -0.003676
9465 0 0 -0.003520
9470 0 0 -0.003224
9475 0 0 -0.002801
9480 0 0 -0.002280
9485 0 0 -0.001705
9490 0 0 -0.001183
9495 0 0 -0.000840
9500 0 0 -0.000759
9505 0 0 -0.000870
9510 0 0 -0.001060
9515 0 0 -0.001232
9520 0 0 -0.001338
9525 0 0 -0.001340
9530 0 0 -0.001228
9535 0 0 -0.001090
9540 0 0 -0.001040
9545 0 0 -0.001178
9550 0 0 -0.001553
9555 0 0 -0.002200
9560 0 0 -0.003095
9565 0 0 -0.003976
9570 0 0 -0.004520
9575 0 0 -0.004512
9580 0 0 -0.004165
9585 0 0 -0.003800
9590 0 0 -0.003661
9595 0 0 -0.003697
9600 0 0 -0.003780
9605 0 0 -0.003808
9610 0 0 -0.003775
9615 0 0 -0.003700
9620 0 0 -0.003607
9625 0 0 -0.003543
9630 0 0 -0.003560
9635 0 0 -0.003672
9640 0 0 -0.003749
9645 0 0 -0.003620
9650 0 0 -0.003208
9655 0 0 -0.002797
9660 0 0 -0.002760
9665 0 0 -0.003329
9670 0 0 -0.004168
9675 0 0 -0.004800
9680 0 0 -0.004878
9685 0 0 -0.004582
9690 0 0 -0.004220
9695 0 0 -0.004041
9700 0 0 -0.004047
9705 0 0 -0.004180
9710 0 0 -0.004379
9715 0 0 -0.004586
9720 0 0 -0.004740
9725 0 0 -0.004774
9730 0 0 -0.004589
9735 0 0 -0.004080
9740 0 0 -0.003231
9745 0 0 -0.002381
9750 0 0 -0.001960
9755 0 0 -0.002253
9760 0 0 -0.002966
9765 0 0 -0.003660
9770 0 0 -0.004001
9775 0 0 -0.004077
9780 0 0 -0.004080
9785 0 0 -0.004155
9790 0 0 -0.004264
9795 0 0 -0.004320
9800 0 0 -0.004266
9805 0 0 -0.004148
9810 0 0 -0.004040
9815 0 0 -0.004005
9820 0 0 -0.004057
9825 0 0 -0.004200
9830 0 0 -0.004398
9835 0 0 -0.004466
9840 0 0 -0.004180
9845 0 0 -0.003434
9850 0 0 -0.002593
9855 0 0 -0.002140
9860 0 0 -0.002398
9865 0 0 -0.003055
9870 0 0 -0.003640
9875 0 0 -0.003802
9880 0 0 -0.003666
9885 0 0 -0.003480
9890 0 0 -0.003433
9895 0 0 -0.003495
9900 0 0 -0.003580
9905 0 0 -0.003618
9910 0 0 -0.003607
9915 0 0 -0.003560
9920 0 0 -0.003493
9925 0 0 -0.003420
9930 0 0 -0.003360
9935 0 0 -0.003327
9940 0 0 -0.003330
9945 0 0 -0.003380
9950 0 0 -0.003454
9955 0 0 -0.003411
9960 0 0 -0.003080
9965 0 0 -0.002388
9970 0 0 -0.001665
9975 0 0 -0.001340
9980 0 0 -0.001690
9985 0 0 -0.002384
9990 0 0 -0.002940
9995 0 0 -0.003006
10000 0 0 -0.002747
10005 0 0 -0.002460
10010 0 0 -0.002361
10015 0 0 -0.002343
10020 0 0 -0.002220
10025 0 0 -0.001876
10030 0 0 -0.001477
10035 0 0 -0.001260
10040 0 0 -0.001406
10045 0 0 -0.001872
10050 0 0 -0.002560
10055 0 0 -0.003360
10060 0 0 -0.004121
10065 0 0 -0.004680
10070 0 0 -0.004874
10075 0 0 -0.004542
