0 0 0 -0.000440
5 0 0 -0.000416
10 0 0 -0.000412
15 0 0 -0.000420
20 0 0 -0.000432
25 0 0 -0.000442
30 0 0 -0.000440
35 0 0 -0.000423
40 0 0 -0.000400
45 0 0 -0.000380
50 0 0 -0.000371
55 0 0 -0.000363
60 0 0 -0.000340
65 0 0 -0.000294
70 0 0 -0.000240
75 0 0 -0.000200
80 0 0 -0.000191
85 0 0 -0.000207
90 0 0 -0.000240
95 0 0 -0.000279
100 0 0 -0.000315
105 0 0 -0.000340
110 0 0 -0.000346
115 0 0 -0.000333
120 0 0 -0.000300
125 0 0 -0.000253
130 0 0 -0.000217
135 0 0 -0.000220
140 0 0 -0.000280
145 0 0 -0.000367
150 0 0 -0.000440
155 0 0 -0.000466
160 0 0 -0.000443
165 0 0 -0.000380
170 0 0 -0.000290
175 0 0 -0.000209
180 0 0 -0.000180
185 0 0 -0.000228
190 0 0 -0.000308
195 0 0 -0.000360
200 0 0 -0.000339
205 0 0 -0.000271
210 0 0 -0.000200
215 0 0 -0.000160
220 0 0 -0.000145
225 0 0 -0.000140
230 0 0 -0.000132
235 0 0 -0.000123
240 0 0 -0.000120
245 0 0 -0.000128
250 0 0 -0.000148
255 0 0 -0.000180
260 0 0 -0.000221
265 0 0 -0.000264
270 0 0 -0.000300
275 0 0 -0.000322
280 0 0 -0.000333
285 0 0 -0.000340
290 0 0 -0.000345
295 0 0 -0.000337
300 0 0 -0.000300
305 0 0 -0.000227
310 0 0 -0.000148
315 0 0 -0.000100
320 0 0 -0.000110
325 0 0 -0.000155
330 0 0 -0.000200
335 0 0 -0.000216
340 0 0 -0.000201
345 0 0 -0.000160
350 0 0 -0.000104
355 0 0 -0.000059
360 0 0 -0.000060
365 0 0 -0.000122
370 0 0 -0.000202
375 0 0 -0.000240
380 0 0 -0.000196
385 0 0 -0.000115
390 0 0 -0.000060
395 0 0 -0.000078
400 0 0 -0.000145
405 0 0 -0.000220
410 0 0 -0.000269
415 0 0 -0.000283
420 0 0 -0.000260
425 0 0 -0.000205
430 0 0 -0.000151
435 0 0 -0.000140
440 0 0 -0.000194
445 0 0 -0.000268
450 0 0 -0.000300
455 0 0 -0.000246
460 0 0 -0.000141
465 0 0 -0.000040
470 0 0 0.000008
475 0 0 -0.000024
480 0 0 -0.000160
485 0 0 -0.000396
490 0 0 -0.000626
495 0 0 -0.000720
500 0 0 -0.000595
505 0 0 -0.000367
510 0 0 -0.000200
515 0 0 -0.000211
520 0 0 -0.000325
525 0 0 -0.000420
530 0 0 -0.000406
535 0 0 -0.000328
540 0 0 -0.000260
545 0 0 -0.000259
550 0 0 -0.000295
555 0 0 -0.000320
560 0 0 -0.000299
565 0 0 -0.000264
570 0 0 -0.000260
575 0 0 -0.000318
580 0 0 -0.000402
585 0 0 -0.000460
590 0 0 -0.000454
595 0 0 -0.000403
600 0 0 -0.000340
605 0 0 -0.000296
610 0 0 -0.000285
615 0 0 -0.000320
620 0 0 -0.000401
625 0 0 -0.000480
630 0 0 -0.000500
635 0 0 -0.000425
640 0 0 -0.000312
645 0 0 -0.000240
650 0 0 -0.000265
655 0 0 -0.000346
660 0 0 -0.000420
665 0 0 -0.000437
670 0 0 -0.000408
675 0 0 -0.000360
680 0 0 -0.000318
685 0 0 -0.000300
690 0 0 -0.000320
695 0 0 -0.000390
700 0 0 -0.000501
705 0 0 -0.000640
710 0 0 -0.000787
715 0 0 -0.000902
720 0 0 -0.000940
725 0 0 -0.000872
730 0 0 -0.000739
735 0 0 -0.000600
740 0 0 -0.000501
745 0 0 -0.000439
750 0 0 -0.000400
755 0 0 -0.000375
760 0 0 -0.000381
765 0 0 -0.000440
770 0 0 -0.000563
775 0 0 -0.000713
780 0 0 -0.000840
785 0 0 -0.000901
790 0 0 -0.000883
795 0 0 -0.000780
800 0 0 -0.000610
805 0 0 -0.000485
810 0 0 -0.000540
815 0 0 -0.000862
820 0 0 -0.001337
825 0 0 -0.001800
830 0 0 -0.002121
835 0 0 -0.002303
840 0 0 -0.002380
845 0 0 -0.002390
850 0 0 -0.002370
855 0 0 -0.002360
860 0 0 -0.002385
865 0 0 -0.002414
870 0 0 -0.002400
875 0 0 -0.002310
880 0 0 -0.002150
885 0 0 -0.001940
890 0 0 -0.001706
895 0 0 -0.001509
900 0 0 -0.001420
905 0 0 -0.001482
910 0 0 -0.001637
915 0 0 -0.001800
920 0 0 -0.001908
925 0 0 -0.001976
930 0 0 -0.002040
935 0 0 -0.002112
940 0 0 -0.002113
945 0 0 -0.001940
950 0 0 -0.001545
955 0 0 -0.001087
960 0 0 -0.000780
965 0 0 -0.000778
970 0 0 -0.001004
975 0 0 -0.001320
980 0 0 -0.001606
985 0 0 -0.001801
990 0 0 -0.001860
995 0 0 -0.001766
1000 0 0 -0.001613
1005 0 0 -0.001520
1010 0 0 -0.001564
1015 0 0 -0.001641
1020 0 0 -0.001600
1025 0 0 -0.001357
1030 0 0 -0.001085
1035 0 0 -0.001020
1040 0 0 -0.001321
1045 0 0 -0.001832
1050 0 0 -0.002320
1055 0 0 -0.002598
1060 0 0 -0.002673
1065 0 0 -0.002600
1070 0 0 -0.002438
1075 0 0 -0.002254
1080 0 0 -0.002120
1085 0 0 -0.002083
1090 0 0 -0.002099
1095 0 0 -0.002100
1100 0 0 -0.002037
1105 0 0 -0.001930
1110 0 0 -0.001820
1115 0 0 -0.001730
1120 0 0 -0.001626
1125 0 0 -0.001460
1130 0 0 -0.001204
1135 0 0 -0.000922
1140 0 0 -0.000700
1145 0 0 -0.000598
1150 0 0 -0.000579
1155 0 0 -0.000580
1160 0 0 -0.000552
1165 0 0 -0.000509
1170 0 0 -0.000480
1175 0 0 -0.000483
1180 0 0 -0.000499
1185 0 0 -0.000500
1190 0 0 -0.000470
1195 0 0 -0.000447
1200 0 0 -0.000480
1205 0 0 -0.000597
1210 0 0 -0.000743
1215 0 0 -0.000840
1220 0 0 -0.000834
1225 0 0 -0.000765
1230 0 0 -0.000700
1235 0 0 -0.000685
1240 0 0 -0.000704
1245 0 0 -0.000720
1250 0 0 -0.000707
1255 0 0 -0.000670
1260 0 0 -0.000620
1265 0 0 -0.000567
1270 0 0 -0.000514
1275 0 0 -0.000460
1280 0 0 -0.000408
1285 0 0 -0.000375
1290 0 0 -0.000380
1295 0 0 -0.000431
1300 0 0 -0.000493
1305 0 0 -0.000520
1310 0 0 -0.000479
1315 0 0 -0.000394
1320 0 0 -0.000300
1325 0 0 -0.000230
1330 0 0 -0.000200
1335 0 0 -0.000220
1340 0 0 -0.000293
1345 0 0 -0.000381
1350 0 0 -0.000440
1355 0 0 -0.000436
1360 0 0 -0.000386
1365 0 0 -0.000320
1370 0 0 -0.000265
1375 0 0 -0.000239
1380 0 0 -0.000260
1385 0 0 -0.000331
1390 0 0 -0.000410
1395 0 0 -0.000440
1400 0 0 -0.000386
1405 0 0 -0.000286
1410 0 0 -0.000200
1415 0 0 -0.000172
1420 0 0 -0.000193
1425 0 0 -0.000240
1430 0 0 -0.000291
1435 0 0 -0.000325
1440 0 0 -0.000320
1445 0 0 -0.000267
1450 0 0 -0.000199
1455 0 0 -0.000160
1460 0 0 -0.000182
1465 0 0 -0.000241
1470 0 0 -0.000300
1475 0 0 -0.000329
1480 0 0 -0.000328
1485 0 0 -0.000300
1490 0 0 -0.000257
1495 0 0 -0.000226
1500 0 0 -0.000240
1505 0 0 -0.000316
1510 0 0 -0.000410
1515 0 0 -0.000460
1520 0 0 -0.000425
1525 0 0 -0.000340
1530 0 0 -0.000260
1535 0 0 -0.000227
1540 0 0 -0.000234
1545 0 0 -0.000260
1550 0 0 -0.000287
1555 0 0 -0.000299
1560 0 0 -0.000280
1565 0 0 -0.000224
1570 0 0 -0.000164
1575 0 0 -0.000140
1580 0 0 -0.000180
1585 0 0 -0.000249
1590 0 0 -0.000300
1595 0 0 -0.000298
1600 0 0 -0.000260
1605 0 0 -0.000220
1610 0 0 -0.000203
1615 0 0 -0.000216
1620 0 0 -0.000260
1625 0 0 -0.000329
1630 0 0 -0.000390
1635 0 0 -0.000400
1640 0 0 -0.000337
1645 0 0 -0.000253
1650 0 0 -0.000220
1655 0 0 -0.000283
1660 0 0 -0.000384
1665 0 0 -0.000440
1670 0 0 -0.000395
1675 0 0 -0.000297
1680 0 0 -0.000220
1685 0 0 -0.000220
1690 0 0 -0.000269
1695 0 0 -0.000320
1700 0 0 -0.000339
1705 0 0 -0.000337
1710 0 0 -0.000340
1715 0 0 -0.000363
1720 0 0 -0.000381
1725 0 0 -0.000360
1730 0 0 -0.000282
1735 0 0 -0.000190
1740 0 0 -0.000140
1745 0 0 -0.000172
1750 0 0 -0.000256
1755 0 0 -0.000340
1760 0 0 -0.000386
1765 0 0 -0.000390
1770 0 0 -0.000360
1775 0 0 -0.000307
1780 0 0 -0.000261
1785 0 0 -0.000260
1790 0 0 -0.000322
1795 0 0 -0.000397
1800 0 0 -0.000420
1805 0 0 -0.000348
1810 0 0 -0.000236
1815 0 0 -0.000160
1820 0 0 -0.000175
1825 0 0 -0.000243
1830 0 0 -0.000300
1835 0 0 -0.000301
1840 0 0 -0.000263
1845 0 0 -0.000220
1850 0 0 -0.000199
1855 0 0 -0.000196
1860 0 0 -0.000200
1865 0 0 -0.000205
1870 0 0 -0.000230
1875 0 0 -0.000300
1880 0 0 -0.000427
1885 0 0 -0.000572
1890 0 0 -0.000680
1895 0 0 -0.000714
1900 0 0 -0.000695
1905 0 0 -0.000660
1910 0 0 -0.000636
1915 0 0 -0.000616
1920 0 0 -0.000580
1925 0 0 -0.000520
1930 0 0 -0.000457
1935 0 0 -0.000420
1940 0 0 -0.000430
1945 0 0 -0.000466
1950 0 0 -0.000500
1955 0 0 -0.000507
1960 0 0 -0.000486
1965 0 0 -0.000440
1970 0 0 -0.000375
1975 0 0 -0.000314
1980 0 0 -0.000280
1985 0 0 -0.000289
1990 0 0 -0.000315
1995 0 0 -0.000320
2000 0 0 -0.000281
2005 0 0 -0.000227
2010 0 0 -0.000200
2015 0 0 -0.000232
2020 0 0 -0.000312
2025 0 0 -0.000420
2030 0 0 -0.000531
2035 0 0 -0.000605
2040 0 0 -0.000600
2045 0 0 -0.000494
2050 0 0 -0.000356
2055 0 0 -0.000280
2060 0 0 -0.000325
2065 0 0 -0.000425
2070 0 0 -0.000480
2075 0 0 -0.000423
2080 0 0 -0.000307
2085 0 0 -0.000220
2090 0 0 -0.000220
2095 0 0 -0.000264
2100 0 0 -0.000280
2105 0 0 -0.000231
2110 0 0 -0.000204
2115 0 0 -0.000320
2120 0 0 -0.000642
2125 0 0 -0.001013
2130 0 0 -0.001220
2135 0 0 -0.001116
2140 0 0 -0.000821
2145 0 0 -0.000520
2150 0 0 -0.000357
2155 0 0 -0.000316
2160 0 0 -0.000340
2165 0 0 -0.000379
2170 0 0 -0.000421
2175 0 0 -0.000460
2180 0 0 -0.000492
2185 0 0 -0.000513
2190 0 0 -0.000520
2195 0 0 -0.000511
2200 0 0 -0.000490
2205 0 0 -0.000460
2210 0 0 -0.000427
2215 0 0 -0.000398
2220 0 0 -0.000380
2225 0 0 -0.000375
2230 0 0 -0.000369
2235 0 0 -0.000340
2240 0 0 -0.000279
2245 0 0 -0.000218
2250 0 0 -0.000200
2255 0 0 -0.000252
2260 0 0 -0.000342
2265 0 0 -0.000420
2270 0 0 -0.000449
2275 0 0 -0.000436
2280 0 0 -0.000400
2285 0 0 -0.000357
2290 0 0 -0.000320
2295 0 0 -0.000300
2300 0 0 -0.000309
2305 0 0 -0.000359
2310 0 0 -0.000460
2315 0 0 -0.000609
2320 0 0 -0.000742
2325 0 0 -0.000780
2330 0 0 -0.000675
2335 0 0 -0.000501
2340 0 0 -0.000360
2345 0 0 -0.000328
2350 0 0 -0.000369
2355 0 0 -0.000420
2360 0 0 -0.000432
2365 0 0 -0.000412
2370 0 0 -0.000380
2375 0 0 -0.000354
2380 0 0 -0.000340
2385 0 0 -0.000340
2390 0 0 -0.000356
2395 0 0 -0.000394
2400 0 0 -0.000460
2405 0 0 -0.000551
2410 0 0 -0.000633
2415 0 0 -0.000660
2420 0 0 -0.000607
2425 0 0 -0.000519
2430 0 0 -0.000460
2435 0 0 -0.000472
2440 0 0 -0.000523
2445 0 0 -0.000560
2450 0 0 -0.000543
2455 0 0 -0.000487
2460 0 0 -0.000420
2465 0 0 -0.000367
2470 0 0 -0.000344
2475 0 0 -0.000360
2480 0 0 -0.000419
2485 0 0 -0.000487
2490 0 0 -0.000520
2495 0 0 -0.000502
2500 0 0 -0.000522
2505 0 0 -0.000700
2510 0 0 -0.001105
2515 0 0 -0.001620
2520 0 0 -0.002080
2525 0 0 -0.002345
2530 0 0 -0.002372
2535 0 0 -0.002140
2540 0 0 -0.001668
2545 0 0 -0.001121
2550 0 0 -0.000700
2555 0 0 -0.000552
2560 0 0 -0.000597
2565 0 0 -0.000700
2570 0 0 -0.000751
2575 0 0 -0.000744
2580 0 0 -0.000700
2585 0 0 -0.000638
2590 0 0 -0.000574
2595 0 0 -0.000520
2600 0 0 -0.000488
2605 0 0 -0.000481
2610 0 0 -0.000500
2615 0 0 -0.000541
2620 0 0 -0.000583
2625 0 0 -0.000600
2630 0 0 -0.000576
2635 0 0 -0.000528
2640 0 0 -0.000480
2645 0 0 -0.000457
2650 0 0 -0.000477
2655 0 0 -0.000560
2660 0 0 -0.000716
2665 0 0 -0.000930
2670 0 0 -0.001180
2675 0 0 -0.001431
2680 0 0 -0.001603
2685 0 0 -0.001600
2690 0 0 -0.001373
2695 0 0 -0.001044
2700 0 0 -0.000780
2705 0 0 -0.000699
2710 0 0 -0.000731
2715 0 0 -0.000760
2720 0 0 -0.000700
2725 0 0 -0.000595
2730 0 0 -0.000520
2735 0 0 -0.000530
2740 0 0 -0.000593
2745 0 0 -0.000660
2750 0 0 -0.000689
2755 0 0 -0.000684
2760 0 0 -0.000660
2765 0 0 -0.000628
2770 0 0 -0.000584
2775 0 0 -0.000520
2780 0 0 -0.000435
2785 0 0 -0.000351
2790 0 0 -0.000300
2795 0 0 -0.000301
2800 0 0 -0.000342
2805 0 0 -0.000400
2810 0 0 -0.000453
2815 0 0 -0.000480
2820 0 0 -0.000460
2825 0 0 -0.000385
2830 0 0 -0.000299
2835 0 0 -0.000260
2840 0 0 -0.000306
2845 0 0 -0.000393
2850 0 0 -0.000460
2855 0 0 -0.000459
2860 0 0 -0.000407
2865 0 0 -0.000340
2870 0 0 -0.000286
2875 0 0 -0.000257
2880 0 0 -0.000260
2885 0 0 -0.000296
2890 0 0 -0.000335
2895 0 0 -0.000340
2900 0 0 -0.000289
2905 0 0 -0.000213
2910 0 0 -0.000160
2915 0 0 -0.000162
2920 0 0 -0.000205
2925 0 0 -0.000260
2930 0 0 -0.000303
2935 0 0 -0.000319
2940 0 0 -0.000300
2945 0 0 -0.000244
2950 0 0 -0.000188
2955 0 0 -0.000180
2960 0 0 -0.000248
2965 0 0 -0.000349
2970 0 0 -0.000420
2975 0 0 -0.000417
2980 0 0 -0.000363
2985 0 0 -0.000300
2990 0 0 -0.000261
2995 0 0 -0.000254
3000 0 0 -0.000280
3005 0 0 -0.000332
3010 0 0 -0.000378
3015 0 0 -0.000380
3020 0 0 -0.000314
3025 0 0 -0.000222
3030 0 0 -0.000160
3035 0 0 -0.000170
3040 0 0 -0.000224
3045 0 0 -0.000280
3050 0 0 -0.000303
3055 0 0 -0.000293
3060 0 0 -0.000260
3065 0 0 -0.000215
3070 0 0 -0.000180
3075 0 0 -0.000180
3080 0 0 -0.000230
3085 0 0 -0.000302
3090 0 0 -0.000360
3095 0 0 -0.000375
3100 0 0 -0.000361
3105 0 0 -0.000340
3110 0 0 -0.000330
3115 0 0 -0.000331
3120 0 0 -0.000340
3125 0 0 -0.000353
3130 0 0 -0.000367
3135 0 0 -0.000380
3140 0 0 -0.000390
3145 0 0 -0.000396
3150 0 0 -0.000400
3155 0 0 -0.000399
3160 0 0 -0.000383
3165 0 0 -0.000340
3170 0 0 -0.000267
3175 0 0 -0.000194
3180 0 0 -0.000160
3185 0 0 -0.000190
3190 0 0 -0.000252
3195 0 0 -0.000300
3200 0 0 -0.000300
3205 0 0 -0.000265
3210 0 0 -0.000220
3215 0 0 -0.000187
3220 0 0 -0.000182
3225 0 0 -0.000220
3230 0 0 -0.000304
3235 0 0 -0.000389
3240 0 0 -0.000420
3245 0 0 -0.000363
3250 0 0 -0.000271
3255 0 0 -0.000220
3260 0 0 -0.000261
3265 0 0 -0.000346
3270 0 0 -0.000400
3275 0 0 -0.000371
3280 0 0 -0.000292
3285 0 0 -0.000220
3290 0 0 -0.000196
3295 0 0 -0.000211
3300 0 0 -0.000240
3305 0 0 -0.000264
3310 0 0 -0.000273
3315 0 0 -0.000260
3320 0 0 -0.000224
3325 0 0 -0.000183
3330 0 0 -0.000160
3335 0 0 -0.000176
3340 0 0 -0.000235
3345 0 0 -0.000340
3350 0 0 -0.000484
3355 0 0 -0.000626
3360 0 0 -0.000720
3365 0 0 -0.000731
3370 0 0 -0.000685
3375 0 0 -0.000620
3380 0 0 -0.000570
3385 0 0 -0.000538
3390 0 0 -0.000520
3395 0 0 -0.000512
3400 0 0 -0.000502
3405 0 0 -0.000480
3410 0 0 -0.000439
3415 0 0 -0.000392
3420 0 0 -0.000360
3425 0 0 -0.000355
3430 0 0 -0.000367
3435 0 0 -0.000380
3440 0 0 -0.000380
3445 0 0 -0.000362
3450 0 0 -0.000320
3455 0 0 -0.000256
3460 0 0 -0.000193
3465 0 0 -0.000160
3470 0 0 -0.000178
3475 0 0 -0.000237
3480 0 0 -0.000320
3485 0 0 -0.000408
3490 0 0 -0.000472
3495 0 0 -0.000480
3500 0 0 -0.000415
3505 0 0 -0.000327
3510 0 0 -0.000280
3515 0 0 -0.000316
3520 0 0 -0.000392
3525 0 0 -0.000440
3530 0 0 -0.000414
3535 0 0 -0.000344
3540 0 0 -0.000280
3545 0 0 -0.000260
3550 0 0 -0.000274
3555 0 0 -0.000300
3560 0 0 -0.000320
3565 0 0 -0.000333
3570 0 0 -0.000340
3575 0 0 -0.000342
3580 0 0 -0.000331
3585 0 0 -0.000300
3590 0 0 -0.000252
3595 0 0 -0.000238
3600 0 0 -0.000320
3605 0 0 -0.000528
3610 0 0 -0.000760
3615 0 0 -0.000880
3620 0 0 -0.000799
3625 0 0 -0.000607
3630 0 0 -0.000440
3635 0 0 -0.000398
3640 0 0 -0.000443
3645 0 0 -0.000500
3650 0 0 -0.000513
3655 0 0 -0.000496
3660 0 0 -0.000480
3665 0 0 -0.000486
3670 0 0 -0.000490
3675 0 0 -0.000460
3680 0 0 -0.000375
3685 0 0 -0.000277
3690 0 0 -0.000220
3695 0 0 -0.000242
3700 0 0 -0.000312
3705 0 0 -0.000380
3710 0 0 -0.000410
3715 0 0 -0.000410
3720 0 0 -0.000400
3725 0 0 -0.000395
3730 0 0 -0.000387
3735 0 0 -0.000360
3740 0 0 -0.000307
3745 0 0 -0.000245
3750 0 0 -0.000200
3755 0 0 -0.000197
3760 0 0 -0.000267
3765 0 0 -0.000440
3770 0 0 -0.000721
3775 0 0 -0.001009
3780 0 0 -0.001180
3785 0 0 -0.001156
3790 0 0 -0.001059
3795 0 0 -0.001060
3800 0 0 -0.001268
3805 0 0 -0.001537
3810 0 0 -0.001660
3815 0 0 -0.001490
3820 0 0 -0.001134
3825 0 0 -0.000760
3830 0 0 -0.000503
3835 0 0 -0.000367
3840 0 0 -0.000320
3845 0 0 -0.000330
3850 0 0 -0.000357
3855 0 0 -0.000360
3860 0 0 -0.000313
3865 0 0 -0.000255
3870 0 0 -0.000240
3875 0 0 -0.000305
3880 0 0 -0.000405
3885 0 0 -0.000480
3890 0 0 -0.000484
3895 0 0 -0.000448
3900 0 0 -0.000420
3905 0 0 -0.000434
3910 0 0 -0.000466
3915 0 0 -0.000480
3920 0 0 -0.000457
3925 0 0 -0.000457
3930 0 0 -0.000560
3935 0 0 -0.000810
3940 0 0 -0.001113
3945 0 0 -0.001340
3950 0 0 -0.001392
3955 0 0 -0.001299
3960 0 0 -0.001120
3965 0 0 -0.000915
3970 0 0 -0.000732
3975 0 0 -0.000620
3980 0 0 -0.000610
3985 0 0 -0.000672
3990 0 0 -0.000760
3995 0 0 -0.000835
4000 0 0 -0.000878
4005 0 0 -0.000880
4010 0 0 -0.000838
4015 0 0 -0.000789
4020 0 0 -0.000780
4025 0 0 -0.000839
4030 0 0 -0.000915
4035 0 0 -0.000940
4040 0 0 -0.000867
4045 0 0 -0.000744
4050 0 0 -0.000640
4055 0 0 -0.000609
4060 0 0 -0.000639
4065 0 0 -0.000700
4070 0 0 -0.000765
4075 0 0 -0.000811
4080 0 0 -0.000820
4085 0 0 -0.000780
4090 0 0 -0.000715
4095 0 0 -0.000660
4100 0 0 -0.000638
4105 0 0 -0.000638
4110 0 0 -0.000640
4115 0 0 -0.000629
4120 0 0 -0.000611
4125 0 0 -0.000600
4130 0 0 -0.000602
4135 0 0 -0.000597
4140 0 0 -0.000560
4145 0 0 -0.000479
4150 0 0 -0.000400
4155 0 0 -0.000380
4160 0 0 -0.000458
4165 0 0 -0.000587
4170 0 0 -0.000700
4175 0 0 -0.000746
4180 0 0 -0.000732
4185 0 0 -0.000680
4190 0 0 -0.000614
4195 0 0 -0.000559
4200 0 0 -0.000540
4205 0 0 -0.000572
4210 0 0 -0.000626
4215 0 0 -0.000660
4220 0 0 -0.000643
4225 0 0 -0.000579
4230 0 0 -0.000480
4235 0 0 -0.000362
4240 0 0 -0.000262
4245 0 0 -0.000220
4250 0 0 -0.000259
4255 0 0 -0.000334
4260 0 0 -0.000380
4265 0 0 -0.000353
4270 0 0 -0.000284
4275 0 0 -0.000220
4280 0 0 -0.000201
4285 0 0 -0.000224
4290 0 0 -0.000280
4295 0 0 -0.000353
4300 0 0 -0.000411
4305 0 0 -0.000420
4310 0 0 -0.000361
4315 0 0 -0.000280
4320 0 0 -0.000240
4325 0 0 -0.000282
4330 0 0 -0.000363
4335 0 0 -0.000420
4340 0 0 -0.000407
4345 0 0 -0.000347
4350 0 0 -0.000280
4355 0 0 -0.000238
4360 0 0 -0.000226
4365 0 0 -0.000240
4370 0 0 -0.000274
4375 0 0 -0.000303
4380 0 0 -0.000300
4385 0 0 -0.000249
4390 0 0 -0.000186
4395 0 0 -0.000160
4400 0 0 -0.000201
4405 0 0 -0.000272
4410 0 0 -0.000320
4415 0 0 -0.000306
4420 0 0 -0.000258
4425 0 0 -0.000220
4430 0 0 -0.000226
4435 0 0 -0.000266
4440 0 0 -0.000320
4445 0 0 -0.000368
4450 0 0 -0.000393
4455 0 0 -0.000380
4460 0 0 -0.000324
4465 0 0 -0.000261
4470 0 0 -0.000240
4475 0 0 -0.000289
4480 0 0 -0.000363
4485 0 0 -0.000400
4490 0 0 -0.000357
4495 0 0 -0.000272
4500 0 0 -0.000200
4505 0 0 -0.000184
4510 0 0 -0.000208
4515 0 0 -0.000240
4520 0 0 -0.000256
4525 0 0 -0.000259
4530 0 0 -0.000260
4535 0 0 -0.000266
4540 0 0 -0.000269
4545 0 0 -0.000260
4550 0 0 -0.000234
4555 0 0 -0.000211
4560 0 0 -0.000220
4565 0 0 -0.000276
4570 0 0 -0.000355
4575 0 0 -0.000420
4580 0 0 -0.000445
4585 0 0 -0.000444
4590 0 0 -0.000440
4595 0 0 -0.000448
4600 0 0 -0.000449
4605 0 0 -0.000420
4610 0 0 -0.000345
4615 0 0 -0.000257
4620 0 0 -0.000200
4625 0 0 -0.000203
4630 0 0 -0.000242
4635 0 0 -0.000280
4640 0 0 -0.000287
4645 0 0 -0.000269
4650 0 0 -0.000240
4655 0 0 -0.000214
4660 0 0 -0.000204
4665 0 0 -0.000220
4670 0 0 -0.000266
4675 0 0 -0.000307
4680 0 0 -0.000300
4685 0 0 -0.000223
4690 0 0 -0.000136
4695 0 0 -0.000120
4700 0 0 -0.000226
4705 0 0 -0.000375
4710 0 0 -0.000460
4715 0 0 -0.000407
4720 0 0 -0.000291
4725 0 0 -0.000220
4730 0 0 -0.000270
4735 0 0 -0.000371
4740 0 0 -0.000420
4745 0 0 -0.000349
4750 0 0 -0.000237
4755 0 0 -0.000200
4760 0 0 -0.000316
4765 0 0 -0.000513
4770 0 0 -0.000680
4775 0 0 -0.000733
4780 0 0 -0.000696
4785 0 0 -0.000620
4790 0 0 -0.000547
4795 0 0 -0.000492
4800 0 0 -0.000460
4805 0 0 -0.000454
4810 0 0 -0.000465
4815 0 0 -0.000480
4820 0 0 -0.000488
4825 0 0 -0.000487
4830 0 0 -0.000480
4835 0 0 -0.000468
4840 0 0 -0.000454
4845 0 0 -0.000440
4850 0 0 -0.000430
4855 0 0 -0.000428
4860 0 0 -0.000440
4865 0 0 -0.000467
4870 0 0 -0.000494
4875 0 0 -0.000500
4880 0 0 -0.000471
4885 0 0 -0.000414
4890 0 0 -0.000340
4895 0 0 -0.000264
4900 0 0 -0.000203
4905 0 0 -0.000180
4910 0 0 -0.000203
4915 0 0 -0.000244
4920 0 0 -0.000260
4925 0 0 -0.000229
4930 0 0 -0.000195
4935 0 0 -0.000220
4940 0 0 -0.000340
4945 0 0 -0.000495
4950 0 0 -0.000600
4955 0 0 -0.000595
4960 0 0 -0.000520
4965 0 0 -0.000440
4970 0 0 -0.000405
4975 0 0 -0.000402
4980 0 0 -0.000400
4985 0 0 -0.000378
4990 0 0 -0.000345
4995 0 0 -0.000320
5000 0 0 -0.000321
5005 0 0 -0.000367
5010 0 0 -0.000480
5015 0 0 -0.000662
5020 0 0 -0.000845
5025 0 0 -0.000940
5030 0 0 -0.000891
5035 0 0 -0.000755
5040 0 0 -0.000620
5045 0 0 -0.000552
5050 0 0 -0.000532
5055 0 0 -0.000520
5060 0 0 -0.000485
5065 0 0 -0.000438
5070 0 0 -0.000400
5075 0 0 -0.000387
5080 0 0 -0.000392
5085 0 0 -0.000400
5090 0 0 -0.000400
5095 0 0 -0.000388
5100 0 0 -0.000360
5105 0 0 -0.000319
5110 0 0 -0.000289
5115 0 0 -0.000300
5120 0 0 -0.000367
5125 0 0 -0.000452
5130 0 0 -0.000500
5135 0 0 -0.000476
5140 0 0 -0.000407
5145 0 0 -0.000340
5150 0 0 -0.000308
5155 0 0 -0.000307
5160 0 0 -0.000320
5165 0 0 -0.000334
5170 0 0 -0.000348
5175 0 0 -0.000360
5180 0 0 -0.000371
5185 0 0 -0.000384
5190 0 0 -0.000400
5195 0 0 -0.000418
5200 0 0 -0.000424
5205 0 0 -0.000400
5210 0 0 -0.000336
5215 0 0 -0.000253
5220 0 0 -0.000180
5225 0 0 -0.000141
5230 0 0 -0.000146
5235 0 0 -0.000200
5240 0 0 -0.000299
5245 0 0 -0.000398
5250 0 0 -0.000440
5255 0 0 -0.000392
5260 0 0 -0.000307
5265 0 0 -0.000260
5270 0 0 -0.000301
5275 0 0 -0.000384
5280 0 0 -0.000440
5285 0 0 -0.000417
5290 0 0 -0.000338
5295 0 0 -0.000240
5300 0 0 -0.000164
5305 0 0 -0.000151
5310 0 0 -0.000240
5315 0 0 -0.000443
5320 0 0 -0.000655
5325 0 0 -0.000740
5330 0 0 -0.000612
5335 0 0 -0.000375
5340 0 0 -0.000180
5345 0 0 -0.000151
5350 0 0 -0.000303
5355 0 0 -0.000620
5360 0 0 -0.001060
5365 0 0 -0.001458
5370 0 0 -0.001620
5375 0 0 -0.001424
5380 0 0 -0.001027
5385 0 0 -0.000660
5390 0 0 -0.000511
5395 0 0 -0.000608
5400 0 0 -0.000940
5405 0 0 -0.001452
5410 0 0 -0.001920
5415 0 0 -0.002080
5420 0 0 -0.001764
5425 0 0 -0.001196
5430 0 0 -0.000700
5435 0 0 -0.000517
5440 0 0 -0.000565
5445 0 0 -0.000680
5450 0 0 -0.000734
5455 0 0 -0.000733
5460 0 0 -0.000720
5465 0 0 -0.000725
5470 0 0 -0.000738
5475 0 0 -0.000740
5480 0 0 -0.000719
5485 0 0 -0.000696
5490 0 0 -0.000700
5495 0 0 -0.000747
5500 0 0 -0.000792
5505 0 0 -0.000780
5510 0 0 -0.000677
5515 0 0 -0.000552
5520 0 0 -0.000500
5525 0 0 -0.000582
5530 0 0 -0.000729
5535 0 0 -0.000840
5540 0 0 -0.000841
5545 0 0 -0.000768
5550 0 0 -0.000680
5555 0 0 -0.000627
5560 0 0 -0.000600
5565 0 0 -0.000580
5570 0 0 -0.000551
5575 0 0 -0.000520
5580 0 0 -0.000500
5585 0 0 -0.000499
5590 0 0 -0.000510
5595 0 0 -0.000520
5600 0 0 -0.000521
5605 0 0 -0.000523
5610 0 0 -0.000540
5615 0 0 -0.000580
5620 0 0 -0.000627
5625 0 0 -0.000660
5630 0 0 -0.000664
5635 0 0 -0.000652
5640 0 0 -0.000640
5645 0 0 -0.000643
5650 0 0 -0.000653
5655 0 0 -0.000660
5660 0 0 -0.000655
5665 0 0 -0.000645
5670 0 0 -0.000640
5675 0 0 -0.000645
5680 0 0 -0.000646
5685 0 0 -0.000620
5690 0 0 -0.000556
5695 0 0 -0.000474
5700 0 0 -0.000400
5705 0 0 -0.000357
5710 0 0 -0.000340
5715 0 0 -0.000340
5720 0 0 -0.000347
5725 0 0 -0.000355
5730 0 0 -0.000360
5735 0 0 -0.000358
5740 0 0 -0.000351
5745 0 0 -0.000340
5750 0 0 -0.000329
5755 0 0 -0.000326
5760 0 0 -0.000340
5765 0 0 -0.000374
5770 0 0 -0.000414
5775 0 0 -0.000440
5780 0 0 -0.000439
5785 0 0 -0.000426
5790 0 0 -0.000420
5795 0 0 -0.000434
5800 0 0 -0.000449
5805 0 0 -0.000440
5810 0 0 -0.000389
5815 0 0 -0.000319
5820 0 0 -0.000260
5825 0 0 -0.000236
5830 0 0 -0.000240
5835 0 0 -0.000260
5840 0 0 -0.000284
5845 0 0 -0.000311
5850 0 0 -0.000340
5855 0 0 -0.000369
5860 0 0 -0.000382
5865 0 0 -0.000360
5870 0 0 -0.000294
5875 0 0 -0.000214
5880 0 0 -0.000160
5885 0 0 -0.000163
5890 0 0 -0.000210
5895 0 0 -0.000280
5900 0 0 -0.000351
5905 0 0 -0.000409
5910 0 0 -0.000440
5915 0 0 -0.000436
5920 0 0 -0.000406
5925 0 0 -0.000360
5930 0 0 -0.000313
5935 0 0 -0.000280
5940 0 0 -0.000280
5945 0 0 -0.000322
5950 0 0 -0.000380
5955 0 0 -0.000420
5960 0 0 -0.000418
5965 0 0 -0.000385
5970 0 0 -0.000340
5975 0 0 -0.000300
5980 0 0 -0.000267
5985 0 0 -0.000240
5990 0 0 -0.000219
5995 0 0 -0.000210
6000 0 0 -0.000220
6005 0 0 -0.000251
6010 0 0 -0.000290
6015 0 0 -0.000320
6020 0 0 -0.000329
6025 0 0 -0.000330
6030 0 0 -0.000340
6035 0 0 -0.000372
6040 0 0 -0.000412
6045 0 0 -0.000440
6050 0 0 -0.000443
6055 0 0 -0.000432
6060 0 0 -0.000420
6065 0 0 -0.000420
6070 0 0 -0.000423
6075 0 0 -0.000420
6080 0 0 -0.000400
6085 0 0 -0.000366
6090 0 0 -0.000320
6095 0 0 -0.000270
6100 0 0 -0.000231
6105 0 0 -0.000220
6110 0 0 -0.000249
6115 0 0 -0.000297
6120 0 0 -0.000340
6125 0 0 -0.000355
6130 0 0 -0.000341
6135 0 0 -0.000300
6140 0 0 -0.000239
6145 0 0 -0.000182
6150 0 0 -0.000160
6155 0 0 -0.000192
6160 0 0 -0.000260
6165 0 0 -0.000340
6170 0 0 -0.000405
6175 0 0 -0.000433
6180 0 0 -0.000400
6185 0 0 -0.000304
6190 0 0 -0.000219
6195 0 0 -0.000240
6200 0 0 -0.000423
6205 0 0 -0.000674
6210 0 0 -0.000860
6215 0 0 -0.000883
6220 0 0 -0.000784
6225 0 0 -0.000640
6230 0 0 -0.000517
6235 0 0 -0.000434
6240 0 0 -0.000400
6245 0 0 -0.000418
6250 0 0 -0.000466
6255 0 0 -0.000520
6260 0 0 -0.000557
6265 0 0 -0.000576
6270 0 0 -0.000580
6275 0 0 -0.000570
6280 0 0 -0.000545
6285 0 0 -0.000500
6290 0 0 -0.000436
6295 0 0 -0.000370
6300 0 0 -0.000320
6305 0 0 -0.000308
6310 0 0 -0.000359
6315 0 0 -0.000500
6320 0 0 -0.000732
6325 0 0 -0.000958
6330 0 0 -0.001060
6335 0 0 -0.000957
6340 0 0 -0.000735
6345 0 0 -0.000520
6350 0 0 -0.000407
6355 0 0 -0.000372
6360 0 0 -0.000360
6365 0 0 -0.000329
6370 0 0 -0.000293
6375 0 0 -0.000280
6380 0 0 -0.000307
6385 0 0 -0.000357
6390 0 0 -0.000400
6395 0 0 -0.000415
6400 0 0 -0.000400
6405 0 0 -0.000360
6410 0 0 -0.000304
6415 0 0 -0.000254
6420 0 0 -0.000240
6425 0 0 -0.000279
6430 0 0 -0.000349
6435 0 0 -0.000420
6440 0 0 -0.000470
6445 0 0 -0.000515
6450 0 0 -0.000580
6455 0 0 -0.000681
6460 0 0 -0.000808
6465 0 0 -0.000940
6470 0 0 -0.001055
6475 0 0 -0.001110
6480 0 0 -0.001060
6485 0 0 -0.000883
6490 0 0 -0.000651
6495 0 0 -0.000460
6500 0 0 -0.000382
6505 0 0 -0.000387
6510 0 0 -0.000420
6515 0 0 -0.000436
6520 0 0 -0.000434
6525 0 0 -0.000420
6530 0 0 -0.000403
6535 0 0 -0.000388
6540 0 0 -0.000380
6545 0 0 -0.000383
6550 0 0 -0.000392
6555 0 0 -0.000400
6560 0 0 -0.000403
6565 0 0 -0.000406
6570 0 0 -0.000420
6575 0 0 -0.000448
6580 0 0 -0.000480
6585 0 0 -0.000500
6590 0 0 -0.000498
6595 0 0 -0.000486
6600 0 0 -0.000480
6605 0 0 -0.000490
6610 0 0 -0.000503
6615 0 0 -0.000500
6620 0 0 -0.000468
6625 0 0 -0.000411
6630 0 0 -0.000340
6635 0 0 -0.000271
6640 0 0 -0.000242
6645 0 0 -0.000300
6650 0 0 -0.000464
6655 0 0 -0.000653
6660 0 0 -0.000760
6665 0 0 -0.000709
6670 0 0 -0.000554
6675 0 0 -0.000380
6680 0 0 -0.000257
6685 0 0 -0.000197
6690 0 0 -0.000200
6695 0 0 -0.000259
6700 0 0 -0.000349
6705 0 0 -0.000440
6710 0 0 -0.000505
6715 0 0 -0.000533
6720 0 0 -0.000520
6725 0 0 -0.000465
6730 0 0 -0.000395
6735 0 0 -0.000340
6740 0 0 -0.000326
6745 0 0 -0.000350
6750 0 0 -0.000400
6755 0 0 -0.000465
6760 0 0 -0.000530
6765 0 0 -0.000580
6770 0 0 -0.000615
6775 0 0 -0.000696
6780 0 0 -0.000900
6785 0 0 -0.001265
6790 0 0 -0.001677
6795 0 0 -0.001980
6800 0 0 -0.002065
6805 0 0 -0.001996
6810 0 0 -0.001880
6815 0 0 -0.001797
6820 0 0 -0.001711
6825 0 0 -0.001560
6830 0 0 -0.001306
6835 0 0 -0.001015
6840 0 0 -0.000780
6845 0 0 -0.000671
6850 0 0 -0.000675
6855 0 0 -0.000760
6860 0 0 -0.000889
6865 0 0 -0.001013
6870 0 0 -0.001080
6875 0 0 -0.001053
6880 0 0 -0.000954
6885 0 0 -0.000820
6890 0 0 -0.000685
6895 0 0 -0.000576
6900 0 0 -0.000520
6905 0 0 -0.000531
6910 0 0 -0.000584
6915 0 0 -0.000640
6920 0 0 -0.000671
6925 0 0 -0.000675
6930 0 0 -0.000660
6935 0 0 -0.000635
6940 0 0 -0.000626
6945 0 0 -0.000660
6950 0 0 -0.000751
6955 0 0 -0.000857
6960 0 0 -0.000920
6965 0 0 -0.000902
6970 0 0 -0.000838
6975 0 0 -0.000780
6980 0 0 -0.000768
6985 0 0 -0.000789
6990 0 0 -0.000820
6995 0 0 -0.000840
7000 0 0 -0.000846
7005 0 0 -0.000840
7010 0 0 -0.000822
7015 0 0 -0.000790
7020 0 0 -0.000740
7025 0 0 -0.000672
7030 0 0 -0.000599
7035 0 0 -0.000540
7040 0 0 -0.000508
7045 0 0 -0.000508
7050 0 0 -0.000540
7055 0 0 -0.000600
7060 0 0 -0.000664
7065 0 0 -0.000700
7070 0 0 -0.000688
7075 0 0 -0.000641
7080 0 0 -0.000580
7085 0 0 -0.000525
7090 0 0 -0.000483
7095 0 0 -0.000460
7100 0 0 -0.000457
7105 0 0 -0.000462
7110 0 0 -0.000460
7115 0 0 -0.000439
7120 0 0 -0.000402
7125 0 0 -0.000360
7130 0 0 -0.000321
7135 0 0 -0.000302
7140 0 0 -0.000320
7145 0 0 -0.000381
7150 0 0 -0.000445
7155 0 0 -0.000460
7160 0 0 -0.000393
7165 0 0 -0.000286
7170 0 0 -0.000200
7175 0 0 -0.000180
7180 0 0 -0.000211
7185 0 0 -0.000260
7190 0 0 -0.000300
7195 0 0 -0.000316
7200 0 0 -0.000300
7205 0 0 -0.000249
7210 0 0 -0.000190
7215 0 0 -0.000160
7220 0 0 -0.000183
7225 0 0 -0.000239
7230 0 0 -0.000300
7235 0 0 -0.000340
7240 0 0 -0.000353
7245 0 0 -0.000340
7250 0 0 -0.000306
7255 0 0 -0.000276
7260 0 0 -0.000280
7265 0 0 -0.000336
7270 0 0 -0.000406
7275 0 0 -0.000440
7280 0 0 -0.000402
7285 0 0 -0.000326
7290 0 0 -0.000260
7295 0 0 -0.000241
7300 0 0 -0.000256
7305 0 0 -0.000280
7310 0 0 -0.000291
7315 0 0 -0.000284
7320 0 0 -0.000260
7325 0 0 -0.000223
7330 0 0 -0.000195
7335 0 0 -0.000200
7340 0 0 -0.000252
7345 0 0 -0.000315
7350 0 0 -0.000340
7355 0 0 -0.000296
7360 0 0 -0.000223
7365 0 0 -0.000180
7370 0 0 -0.000208
7375 0 0 -0.000282
7380 0 0 -0.000360
7385 0 0 -0.000407
7390 0 0 -0.000414
7395 0 0 -0.000380
7400 0 0 -0.000311
7405 0 0 -0.000248
7410 0 0 -0.000240
7415 0 0 -0.000315
7420 0 0 -0.000414
7425 0 0 -0.000460
7430 0 0 -0.000399
7435 0 0 -0.000285
7440 0 0 -0.000200
7445 0 0 -0.000202
7450 0 0 -0.000259
7455 0 0 -0.000320
7460 0 0 -0.000344
7465 0 0 -0.000342
7470 0 0 -0.000340
7475 0 0 -0.000354
7480 0 0 -0.000364
7485 0 0 -0.000340
7490 0 0 -0.000268
7495 0 0 -0.000189
7500 0 0 -0.000160
7505 0 0 -0.000216
7510 0 0 -0.000317
7515 0 0 -0.000400
7520 0 0 -0.000420
7525 0 0 -0.000390
7530 0 0 -0.000340
7535 0 0 -0.000296
7540 0 0 -0.000272
7545 0 0 -0.000280
7550 0 0 -0.000321
7555 0 0 -0.000362
7560 0 0 -0.000360
7565 0 0 -0.000291
7570 0 0 -0.000202
7575 0 0 -0.000160
7580 0 0 -0.000207
7585 0 0 -0.000293
7590 0 0 -0.000340
7595 0 0 -0.000299
7600 0 0 -0.000215
7605 0 0 -0.000160
7610 0 0 -0.000182
7615 0 0 -0.000242
7620 0 0 -0.000280
7625 0 0 -0.000259
7630 0 0 -0.000228
7635 0 0 -0.000260
7640 0 0 -0.000400
7645 0 0 -0.000589
7650 0 0 -0.000740
7655 0 0 -0.000788
7660 0 0 -0.000748
7665 0 0 -0.000660
7670 0 0 -0.000558
7675 0 0 -0.000475
7680 0 0 -0.000440
7685 0 0 -0.000471
7690 0 0 -0.000533
7695 0 0 -0.000580
7700 0 0 -0.000579
7705 0 0 -0.000548
7710 0 0 -0.000520
7715 0 0 -0.000518
7720 0 0 -0.000526
7725 0 0 -0.000520
7730 0 0 -0.000482
7735 0 0 -0.000418
7740 0 0 -0.000340
7745 0 0 -0.000263
7750 0 0 -0.000214
7755 0 0 -0.000220
7760 0 0 -0.000296
7765 0 0 -0.000397
7770 0 0 -0.000460
7775 0 0 -0.000445
7780 0 0 -0.000386
7785 0 0 -0.000340
7790 0 0 -0.000346
7795 0 0 -0.000390
7800 0 0 -0.000440
7805 0 0 -0.000473
7810 0 0 -0.000486
7815 0 0 -0.000480
7820 0 0 -0.000458
7825 0 0 -0.000419
7830 0 0 -0.000360
7835 0 0 -0.000287
7840 0 0 -0.000228
7845 0 0 -0.000220
7850 0 0 -0.000282
7855 0 0 -0.000369
7860 0 0 -0.000420
7865 0 0 -0.000393
7870 0 0 -0.000317
7875 0 0 -0.000240
7880 0 0 -0.000205
7885 0 0 -0.000233
7890 0 0 -0.000340
7895 0 0 -0.000523
7900 0 0 -0.000703
7905 0 0 -0.000780
7910 0 0 -0.000691
7915 0 0 -0.000518
7920 0 0 -0.000380
7925 0 0 -0.000362
7930 0 0 -0.000415
7935 0 0 -0.000460
7940 0 0 -0.000444
7945 0 0 -0.000433
7950 0 0 -0.000520
7955 0 0 -0.000755
7960 0 0 -0.001012
7965 0 0 -0.001120
7970 0 0 -0.000967
7975 0 0 -0.000669
7980 0 0 -0.000400
7985 0 0 -0.000289
7990 0 0 -0.000292
7995 0 0 -0.000320
8000 0 0 -0.000308
8005 0 0 -0.000274
8010 0 0 -0.000260
8015 0 0 -0.000294
8020 0 0 -0.000353
8025 0 0 -0.000400
8030 0 0 -0.000408
8035 0 0 -0.000387
8040 0 0 -0.000360
8045 0 0 -0.000343
8050 0 0 -0.000342
8055 0 0 -0.000360
8060 0 0 -0.000398
8065 0 0 -0.000447
8070 0 0 -0.000500
8075 0 0 -0.000544
8080 0 0 -0.000564
8085 0 0 -0.000540
8090 0 0 -0.000466
8095 0 0 -0.000377
8100 0 0 -0.000320
8105 0 0 -0.000326
8110 0 0 -0.000367
8115 0 0 -0.000400
8120 0 0 -0.000393
8125 0 0 -0.000363
8130 0 0 -0.000340
8135 0 0 -0.000344
8140 0 0 -0.000359
8145 0 0 -0.000360
8150 0 0 -0.000335
8155 0 0 -0.000328
8160 0 0 -0.000400
8165 0 0 -0.000596
8170 0 0 -0.000909
8175 0 0 -0.001320
8180 0 0 -0.001792
8185 0 0 -0.002225
8190 0 0 -0.002500
8195 0 0 -0.002528
8200 0 0 -0.002327
8205 0 0 -0.001940
8210 0 0 -0.001435
8215 0 0 -0.000969
8220 0 0 -0.000720
8225 0 0 -0.000800
8230 0 0 -0.001044
8235 0 0 -0.001220
8240 0 0 -0.001159
8245 0 0 -0.000944
8250 0 0 -0.000720
8255 0 0 -0.000600
8260 0 0 -0.000565
8265 0 0 -0.000560
8270 0 0 -0.000545
8275 0 0 -0.000526
8280 0 0 -0.000520
8285 0 0 -0.000542
8290 0 0 -0.000590
8295 0 0 -0.000660
8300 0 0 -0.000743
8305 0 0 -0.000823
8310 0 0 -0.000880
8315 0 0 -0.000898
8320 0 0 -0.000877
8325 0 0 -0.000820
8330 0 0 -0.000734
8335 0 0 -0.000649
8340 0 0 -0.000600
8345 0 0 -0.000610
8350 0 0 -0.000660
8355 0 0 -0.000720
8360 0 0 -0.000765
8365 0 0 -0.000781
8370 0 0 -0.000760
8375 0 0 -0.000701
8380 0 0 -0.000640
8385 0 0 -0.000620
8390 0 0 -0.000670
8395 0 0 -0.000749
8400 0 0 -0.000800
8405 0 0 -0.000785
8410 0 0 -0.000735
8415 0 0 -0.000700
8420 0 0 -0.000716
8425 0 0 -0.000761
8430 0 0 -0.000800
8435 0 0 -0.000807
8440 0 0 -0.000794
8445 0 0 -0.000780
8450 0 0 -0.000778
8455 0 0 -0.000768
8460 0 0 -0.000720
8465 0 0 -0.000620
8470 0 0 -0.000509
8475 0 0 -0.000440
8480 0 0 -0.000451
8485 0 0 -0.000508
8490 0 0 -0.000560
8495 0 0 -0.000568
8500 0 0 -0.000536
8505 0 0 -0.000480
8510 0 0 -0.000416
8515 0 0 -0.000367
8520 0 0 -0.000360
8525 0 0 -0.000408
8530 0 0 -0.000476
8535 0 0 -0.000520
8540 0 0 -0.000506
8545 0 0 -0.000455
8550 0 0 -0.000400
8555 0 0 -0.000369
8560 0 0 -0.000368
8565 0 0 -0.000400
8570 0 0 -0.000459
8575 0 0 -0.000512
8580 0 0 -0.000520
8585 0 0 -0.000460
8590 0 0 -0.000369
8595 0 0 -0.000300
8600 0 0 -0.000292
8605 0 0 -0.000324
8610 0 0 -0.000360
8615 0 0 -0.000370
8620 0 0 -0.000349
8625 0 0 -0.000300
8630 0 0 -0.000230
8635 0 0 -0.000170
8640 0 0 -0.000160
8645 0 0 -0.000220
8650 0 0 -0.000307
8655 0 0 -0.000360
8660 0 0 -0.000337
8665 0 0 -0.000268
8670 0 0 -0.000200
8675 0 0 -0.000172
8680 0 0 -0.000187
8685 0 0 -0.000240
8690 0 0 -0.000318
8695 0 0 -0.000386
8700 0 0 -0.000400
8705 0 0 -0.000338
8710 0 0 -0.000254
8715 0 0 -0.000220
8720 0 0 -0.000283
8725 0 0 -0.000390
8730 0 0 -0.000460
8735 0 0 -0.000436
8740 0 0 -0.000351
8745 0 0 -0.000260
8750 0 0 -0.000208
8755 0 0 -0.000198
8760 0 0 -0.000220
8765 0 0 -0.000263
8770 0 0 -0.000300
8775 0 0 -0.000300
8780 0 0 -0.000246
8785 0 0 -0.000180
8790 0 0 -0.000160
8795 0 0 -0.000221
8800 0 0 -0.000312
8805 0 0 -0.000360
8810 0 0 -0.000316
8815 0 0 -0.000231
8820 0 0 -0.000180
8825 0 0 -0.000216
8830 0 0 -0.000303
8835 0 0 -0.000380
8840 0 0 -0.000403
8845 0 0 -0.000387
8850 0 0 -0.000360
8855 0 0 -0.000344
8860 0 0 -0.000335
8865 0 0 -0.000320
8870 0 0 -0.000294
8875 0 0 -0.000268
8880 0 0 -0.000260
8885 0 0 -0.000280
8890 0 0 -0.000314
8895 0 0 -0.000340
8900 0 0 -0.000344
8905 0 0 -0.000338
8910 0 0 -0.000340
8915 0 0 -0.000360
8920 0 0 -0.000376
8925 0 0 -0.000360
8930 0 0 -0.000295
8935 0 0 -0.000213
8940 0 0 -0.000160
8945 0 0 -0.000169
8950 0 0 -0.000224
8955 0 0 -0.000300
8960 0 0 -0.000370
8965 0 0 -0.000411
8970 0 0 -0.000400
8975 0 0 -0.000328
8980 0 0 -0.000246
8985 0 0 -0.000220
8990 0 0 -0.000291
8995 0 0 -0.000399
9000 0 0 -0.000460
9005 0 0 -0.000416
9010 0 0 -0.000312
9015 0 0 -0.000220
9020 0 0 -0.000193
9025 0 0 -0.000217
9030 0 0 -0.000260
9035 0 0 -0.000293
9040 0 0 -0.000303
9045 0 0 -0.000280
9050 0 0 -0.000223
9055 0 0 -0.000169
9060 0 0 -0.000160
9065 0 0 -0.000224
9070 0 0 -0.000312
9075 0 0 -0.000360
9080 0 0 -0.000322
9085 0 0 -0.000241
9090 0 0 -0.000180
9095 0 0 -0.000189
9100 0 0 -0.000266
9105 0 0 -0.000400
9110 0 0 -0.000568
9115 0 0 -0.000715
9120 0 0 -0.000780
9125 0 0 -0.000723
9130 0 0 -0.000603
9135 0 0 -0.000500
9140 0 0 -0.000473
9145 0 0 -0.000487
9150 0 0 -0.000480
9155 0 0 -0.000415
9160 0 0 -0.000339
9165 0 0 -0.000320
9170 0 0 -0.000399
9175 0 0 -0.000505
9180 0 0 -0.000540
9185 0 0 -0.000442
9190 0 0 -0.000290
9195 0 0 -0.000200
9200 0 0 -0.000251
9205 0 0 -0.000378
9210 0 0 -0.000480
9215 0 0 -0.000483
9220 0 0 -0.000418
9225 0 0 -0.000340
9230 0 0 -0.000295
9235 0 0 -0.000284
9240 0 0 -0.000300
9245 0 0 -0.000333
9250 0 0 -0.000375
9255 0 0 -0.000420
9260 0 0 -0.000461
9265 0 0 -0.000495
9270 0 0 -0.000520
9275 0 0 -0.000534
9280 0 0 -0.000530
9285 0 0 -0.000500
9290 0 0 -0.000441
9295 0 0 -0.000367
9300 0 0 -0.000300
9305 0 0 -0.000256
9310 0 0 -0.000241
9315 0 0 -0.000260
9320 0 0 -0.000310
9325 0 0 -0.000367
9330 0 0 -0.000400
9335 0 0 -0.000389
9340 0 0 -0.000357
9345 0 0 -0.000340
9350 0 0 -0.000365
9355 0 0 -0.000433
9360 0 0 -0.000540
9365 0 0 -0.000678
9370 0 0 -0.000831
9375 0 0 -0.000980
9380 0 0 -0.001102
9385 0 0 -0.001152
9390 0 0 -0.001080
9395 0 0 -0.000866
9400 0 0 -0.000615
9405 0 0 -0.000460
9410 0 0 -0.000497
9415 0 0 -0.000664
9420 0 0 -0.000860
9425 0 0 -0.000997
9430 0 0 -0.001043
9435 0 0 -0.000980
9440 0 0 -0.000806
9445 0 0 -0.000591
9450 0 0 -0.000420
9455 0 0 -0.000357
9460 0 0 -0.000369
9465 0 0 -0.000400
9470 0 0 -0.000406
9475 0 0 -0.000399
9480 0 0 -0.000400
9485 0 0 -0.000427
9490 0 0 -0.000467
9495 0 0 -0.000500
9500 0 0 -0.000511
9505 0 0 -0.000507
9510 0 0 -0.000500
9515 0 0 -0.000498
9520 0 0 -0.000500
9525 0 0 -0.000500
9530 0 0 -0.000493
9535 0 0 -0.000474
9540 0 0 -0.000440
9545 0 0 -0.000394
9550 0 0 -0.000373
9555 0 0 -0.000420
9560 0 0 -0.000557
9565 0 0 -0.000710
9570 0 0 -0.000780
9575 0 0 -0.000703
9580 0 0 -0.000543
9585 0 0 -0.000400
9590 0 0 -0.000348
9595 0 0 -0.000363
9600 0 0 -0.000400
9605 0 0 -0.000421
9610 0 0 -0.000430
9615 0 0 -0.000440
9620 0 0 -0.000461
9625 0 0 -0.000485
9630 0 0 -0.000500
9635 0 0 -0.000499
9640 0 0 -0.000494
9645 0 0 -0.000500
9650 0 0 -0.000530
9655 0 0 -0.000579
9660 0 0 -0.000640
9665 0 0 -0.000701
9670 0 0 -0.000743
9675 0 0 -0.000740
9680 0 0 -0.000692
9685 0 0 -0.000683
9690 0 0 -0.000820
9695 0 0 -0.001155
9700 0 0 -0.001522
9705 0 0 -0.001700
9710 0 0 -0.001541
9715 0 0 -0.001189
9720 0 0 -0.000860
9725 0 0 -0.000720
9730 0 0 -0.000730
9735 0 0 -0.000800
9740 0 0 -0.000859
9745 0 0 -0.000916
9750 0 0 -0.001000
9755 0 0 -0.001123
9760 0 0 -0.001228
9765 0 0 -0.001240
9770 0 0 -0.001114
9775 0 0 -0.000926
9780 0 0 -0.000780
9785 0 0 -0.000753
9790 0 0 -0.000803
9795 0 0 -0.000860
9800 0 0 -0.000871
9805 0 0 -0.000853
9810 0 0 -0.000840
9815 0 0 -0.000854
9820 0 0 -0.000873
9825 0 0 -0.000860
9830 0 0 -0.000795
9835 0 0 -0.000712
9840 0 0 -0.000660
9845 0 0 -0.000672
9850 0 0 -0.000720
9855 0 0 -0.000760
9860 0 0 -0.000764
9865 0 0 -0.000757
9870 0 0 -0.000780
9875 0 0 -0.000856
9880 0 0 -0.000948
9885 0 0 -0.001000
9890 0 0 -0.000976
9895 0 0 -0.000906
9900 0 0 -0.000840
9905 0 0 -0.000814
9910 0 0 -0.000820
9915 0 0 -0.000840
9920 0 0 -0.000856
9925 0 0 -0.000859
9930 0 0 -0.000840
9935 0 0 -0.000796
9940 0 0 -0.000738
9945 0 0 -0.000680
9950 0 0 -0.000633
9955 0 0 -0.000595
9960 0 0 -0.000560
9965 0 0 -0.000523
9970 0 0 -0.000487
9975 0 0 -0.000460
9980 0 0 -0.000445
9985 0 0 -0.000439
9990 0 0 -0.000440
9995 0 0 -0.000444
10000 0 0 -0.000451
10005 0 0 -0.000460
10010 0 0 -0.000470
10015 0 0 -0.000478
10020 0 0 -0.000480
10025 0 0 -0.000472
10030 0 0 -0.000452
10035 0 0 -0.000420
10040 0 0 -0.000377
10045 0 0 -0.000333
10050 0 0 -0.000300
10055 0 0 -0.000286
10060 0 0 -0.000288
10065 0 0 -0.000300
10070 0 0 -0.000317
10075 0 0 -0.000332
