0 0 0 -0.000144
5 0 0 -0.000167
10 0 0 -0.000180
15 0 0 -0.000186
20 0 0 -0.000186
25 0 0 -0.000181
30 0 0 -0.000174
35 0 0 -0.000165
40 0 0 -0.000152
45 0 0 -0.000132
50 0 0 -0.000104
55 0 0 -0.000078
60 0 0 -0.000066
65 0 0 -0.000074
70 0 0 -0.000092
75 0 0 -0.000102
80 0 0 -0.000093
85 0 0 -0.000074
90 0 0 -0.000060
95 0 0 -0.000060
100 0 0 -0.000067
105 0 0 -0.000072
110 0 0 -0.000066
115 0 0 -0.000057
120 0 0 -0.000054
125 0 0 -0.000065
130 0 0 -0.000083
135 0 0 -0.000102
140 0 0 -0.000113
145 0 0 -0.000115
150 0 0 -0.000108
155 0 0 -0.000093
160 0 0 -0.000079
165 0 0 -0.000078
170 0 0 -0.000096
175 0 0 -0.000118
180 0 0 -0.000126
185 0 0 -0.000107
190 0 0 -0.000075
195 0 0 -0.000054
200 0 0 -0.000058
205 0 0 -0.000076
210 0 0 -0.000090
215 0 0 -0.000088
220 0 0 -0.000075
225 0 0 -0.000060
230 0 0 -0.000052
235 0 0 -0.000052
240 0 0 -0.000060
245 0 0 -0.000076
250 0 0 -0.000089
255 0 0 -0.000090
260 0 0 -0.000073
265 0 0 -0.000052
270 0 0 -0.000048
275 0 0 -0.000074
280 0 0 -0.000110
285 0 0 -0.000132
290 0 0 -0.000121
295 0 0 -0.000093
300 0 0 -0.000072
305 0 0 -0.000075
310 0 0 -0.000093
315 0 0 -0.000108
320 0 0 -0.000108
325 0 0 -0.000098
330 0 0 -0.000084
335 0 0 -0.000073
340 0 0 -0.000067
345 0 0 -0.000066
350 0 0 -0.000069
355 0 0 -0.000072
360 0 0 -0.000072
365 0 0 -0.000066
370 0 0 -0.000059
375 0 0 -0.000060
380 0 0 -0.000073
385 0 0 -0.000087
390 0 0 -0.000090
395 0 0 -0.000073
400 0 0 -0.000051
405 0 0 -0.000042
410 0 0 -0.000059
415 0 0 -0.000087
420 0 0 -0.000108
425 0 0 -0.000106
430 0 0 -0.000091
435 0 0 -0.000078
440 0 0 -0.000078
445 0 0 -0.000089
450 0 0 -0.000102
455 0 0 -0.000113
460 0 0 -0.000123
465 0 0 -0.000138
470 0 0 -0.000159
475 0 0 -0.000177
480 0 0 -0.000180
485 0 0 -0.000162
490 0 0 -0.000133
495 0 0 -0.000108
500 0 0 -0.000099
505 0 0 -0.000102
510 0 0 -0.000108
515 0 0 -0.000110
520 0 0 -0.000109
525 0 0 -0.000108
530 0 0 -0.000109
535 0 0 -0.000112
540 0 0 -0.000120
545 0 0 -0.000131
550 0 0 -0.000139
555 0 0 -0.000138
560 0 0 -0.000123
565 0 0 -0.000104
570 0 0 -0.000096
575 0 0 -0.000106
580 0 0 -0.000124
585 0 0 -0.000132
590 0 0 -0.000119
595 0 0 -0.000099
600 0 0 -0.000090
605 0 0 -0.000105
610 0 0 -0.000129
615 0 0 -0.000144
620 0 0 -0.000135
625 0 0 -0.000114
630 0 0 -0.000096
635 0 0 -0.000096
640 0 0 -0.000118
645 0 0 -0.000162
650 0 0 -0.000223
655 0 0 -0.000274
660 0 0 -0.000282
665 0 0 -0.000229
670 0 0 -0.000149
675 0 0 -0.000090
680 0 0 -0.000086
685 0 0 -0.000115
690 0 0 -0.000138
695 0 0 -0.000129
700 0 0 -0.000103
705 0 0 -0.000084
710 0 0 -0.000090
715 0 0 -0.000111
720 0 0 -0.000132
725 0 0 -0.000140
730 0 0 -0.000138
735 0 0 -0.000132
740 0 0 -0.000126
745 0 0 -0.000121
750 0 0 -0.000114
755 0 0 -0.000108
760 0 0 -0.000118
765 0 0 -0.000162
770 0 0 -0.000248
775 0 0 -0.000338
780 0 0 -0.000384
785 0 0 -0.000354
790 0 0 -0.000277
795 0 0 -0.000198
800 0 0 -0.000153
805 0 0 -0.000136
810 0 0 -0.000132
815 0 0 -0.000128
820 0 0 -0.000123
825 0 0 -0.000120
830 0 0 -0.000121
835 0 0 -0.000124
840 0 0 -0.000126
845 0 0 -0.000124
850 0 0 -0.000121
855 0 0 -0.000120
860 0 0 -0.000124
865 0 0 -0.000131
870 0 0 -0.000138
875 0 0 -0.000143
880 0 0 -0.000146
885 0 0 -0.000144
890 0 0 -0.000139
895 0 0 -0.000138
900 0 0 -0.000150
905 0 0 -0.000180
910 0 0 -0.000211
915 0 0 -0.000222
920 0 0 -0.000198
925 0 0 -0.000159
930 0 0 -0.000132
935 0 0 -0.000134
940 0 0 -0.000147
945 0 0 -0.000144
950 0 0 -0.000109
955 0 0 -0.000072
960 0 0 -0.000072
965 0 0 -0.000136
970 0 0 -0.000228
975 0 0 -0.000300
980 0 0 -0.000313
985 0 0 -0.000279
990 0 0 -0.000222
995 0 0 -0.000169
1000 0 0 -0.000164
1005 0 0 -0.000252
1010 0 0 -0.000456
1015 0 0 -0.000703
1020 0 0 -0.000894
1025 0 0 -0.000957
1030 0 0 -0.000916
1035 0 0 -0.000822
1040 0 0 -0.000717
1045 0 0 -0.000615
1050 0 0 -0.000522
1055 0 0 -0.000443
1060 0 0 -0.000383
1065 0 0 -0.000342
1070 0 0 -0.000322
1075 0 0 -0.000312
1080 0 0 -0.000300
1085 0 0 -0.000278
1090 0 0 -0.000253
1095 0 0 -0.000234
1100 0 0 -0.000229
1105 0 0 -0.000234
1110 0 0 -0.000240
1115 0 0 -0.000243
1120 0 0 -0.000242
1125 0 0 -0.000240
1130 0 0 -0.000239
1135 0 0 -0.000240
1140 0 0 -0.000246
1145 0 0 -0.000258
1150 0 0 -0.000271
1155 0 0 -0.000282
1160 0 0 -0.000286
1165 0 0 -0.000283
1170 0 0 -0.000276
1175 0 0 -0.000266
1180 0 0 -0.000257
1185 0 0 -0.000252
1190 0 0 -0.000253
1195 0 0 -0.000257
1200 0 0 -0.000258
1205 0 0 -0.000252
1210 0 0 -0.000243
1215 0 0 -0.000234
1220 0 0 -0.000230
1225 0 0 -0.000233
1230 0 0 -0.000246
1235 0 0 -0.000269
1240 0 0 -0.000292
1245 0 0 -0.000300
1250 0 0 -0.000286
1255 0 0 -0.000260
1260 0 0 -0.000240
1265 0 0 -0.000236
1270 0 0 -0.000242
1275 0 0 -0.000246
1280 0 0 -0.000240
1285 0 0 -0.000230
1290 0 0 -0.000228
1295 0 0 -0.000240
1300 0 0 -0.000258
1305 0 0 -0.000270
1310 0 0 -0.000268
1315 0 0 -0.000257
1320 0 0 -0.000246
1325 0 0 -0.000241
1330 0 0 -0.000239
1335 0 0 -0.000234
1340 0 0 -0.000221
1345 0 0 -0.000203
1350 0 0 -0.000186
1355 0 0 -0.000173
1360 0 0 -0.000164
1365 0 0 -0.000156
1370 0 0 -0.000147
1375 0 0 -0.000140
1380 0 0 -0.000138
1385 0 0 -0.000141
1390 0 0 -0.000144
1395 0 0 -0.000138
1400 0 0 -0.000119
1405 0 0 -0.000097
1410 0 0 -0.000084
1415 0 0 -0.000088
1420 0 0 -0.000099
1425 0 0 -0.000102
1430 0 0 -0.000087
1435 0 0 -0.000068
1440 0 0 -0.000060
1445 0 0 -0.000077
1450 0 0 -0.000106
1455 0 0 -0.000132
1460 0 0 -0.000141
1465 0 0 -0.000138
1470 0 0 -0.000132
1475 0 0 -0.000130
1480 0 0 -0.000131
1485 0 0 -0.000132
1490 0 0 -0.000131
1495 0 0 -0.000126
1500 0 0 -0.000114
1505 0 0 -0.000095
1510 0 0 -0.000075
1515 0 0 -0.000060
1520 0 0 -0.000055
1525 0 0 -0.000060
1530 0 0 -0.000072
1535 0 0 -0.000087
1540 0 0 -0.000100
1545 0 0 -0.000102
1550 0 0 -0.000089
1555 0 0 -0.000069
1560 0 0 -0.000054
1565 0 0 -0.000051
1570 0 0 -0.000061
1575 0 0 -0.000078
1580 0 0 -0.000099
1585 0 0 -0.000116
1590 0 0 -0.000120
1595 0 0 -0.000106
1600 0 0 -0.000085
1605 0 0 -0.000072
1610 0 0 -0.000077
1615 0 0 -0.000095
1620 0 0 -0.000114
1625 0 0 -0.000125
1630 0 0 -0.000126
1635 0 0 -0.000114
1640 0 0 -0.000090
1645 0 0 -0.000066
1650 0 0 -0.000054
1655 0 0 -0.000064
1660 0 0 -0.000086
1665 0 0 -0.000102
1670 0 0 -0.000102
1675 0 0 -0.000089
1680 0 0 -0.000072
1685 0 0 -0.000059
1690 0 0 -0.000054
1695 0 0 -0.000060
1700 0 0 -0.000077
1705 0 0 -0.000095
1710 0 0 -0.000102
1715 0 0 -0.000089
1720 0 0 -0.000067
1725 0 0 -0.000054
1730 0 0 -0.000060
1735 0 0 -0.000080
1740 0 0 -0.000102
1745 0 0 -0.000117
1750 0 0 -0.000121
1755 0 0 -0.000114
1760 0 0 -0.000096
1765 0 0 -0.000077
1770 0 0 -0.000072
1775 0 0 -0.000088
1780 0 0 -0.000112
1785 0 0 -0.000126
1790 0 0 -0.000118
1795 0 0 -0.000095
1800 0 0 -0.000072
1805 0 0 -0.000060
1810 0 0 -0.000058
1815 0 0 -0.000066
1820 0 0 -0.000080
1825 0 0 -0.000091
1830 0 0 -0.000090
1835 0 0 -0.000072
1840 0 0 -0.000051
1845 0 0 -0.000042
1850 0 0 -0.000058
1855 0 0 -0.000085
1860 0 0 -0.000102
1865 0 0 -0.000096
1870 0 0 -0.000077
1875 0 0 -0.000060
1880 0 0 -0.000057
1885 0 0 -0.000069
1890 0 0 -0.000090
1895 0 0 -0.000116
1900 0 0 -0.000138
1905 0 0 -0.000144
1910 0 0 -0.000128
1915 0 0 -0.000101
1920 0 0 -0.000078
1925 0 0 -0.000073
1930 0 0 -0.000089
1935 0 0 -0.000126
1940 0 0 -0.000180
1945 0 0 -0.000229
1950 0 0 -0.000246
1955 0 0 -0.000214
1960 0 0 -0.000157
1965 0 0 -0.000108
1970 0 0 -0.000092
1975 0 0 -0.000095
1980 0 0 -0.000096
1985 0 0 -0.000079
1990 0 0 -0.000056
1995 0 0 -0.000048
2000 0 0 -0.000067
2005 0 0 -0.000096
2010 0 0 -0.000108
2015 0 0 -0.000089
2020 0 0 -0.000063
2025 0 0 -0.000066
2030 0 0 -0.000119
2035 0 0 -0.000193
2040 0 0 -0.000246
2045 0 0 -0.000248
2050 0 0 -0.000214
2055 0 0 -0.000174
2060 0 0 -0.000149
2065 0 0 -0.000139
2070 0 0 -0.000138
2075 0 0 -0.000139
2080 0 0 -0.000132
2085 0 0 -0.000108
2090 0 0 -0.000073
2095 0 0 -0.000095
2100 0 0 -0.000258
2105 0 0 -0.000599
2110 0 0 -0.000965
2115 0 0 -0.001158
2120 0 0 -0.001044
2125 0 0 -0.000755
2130 0 0 -0.000492
2135 0 0 -0.000402
2140 0 0 -0.000427
2145 0 0 -0.000456
2150 0 0 -0.000406
2155 0 0 -0.000303
2160 0 0 -0.000198
2165 0 0 -0.000134
2170 0 0 -0.000112
2175 0 0 -0.000120
2180 0 0 -0.000148
2185 0 0 -0.000182
2190 0 0 -0.000204
2195 0 0 -0.000206
2200 0 0 -0.000202
2205 0 0 -0.000216
2210 0 0 -0.000259
2215 0 0 -0.000302
2220 0 0 -0.000306
2225 0 0 -0.000249
2230 0 0 -0.000173
2235 0 0 -0.000138
2240 0 0 -0.000184
2245 0 0 -0.000282
2250 0 0 -0.000384
2255 0 0 -0.000451
2260 0 0 -0.000485
2265 0 0 -0.000498
2270 0 0 -0.000499
2275 0 0 -0.000496
2280 0 0 -0.000492
2285 0 0 -0.000491
2290 0 0 -0.000489
2295 0 0 -0.000480
2300 0 0 -0.000459
2305 0 0 -0.000423
2310 0 0 -0.000372
2315 0 0 -0.000306
2320 0 0 -0.000236
2325 0 0 -0.000174
2330 0 0 -0.000132
2335 0 0 -0.000126
2340 0 0 -0.000168
2345 0 0 -0.000266
2350 0 0 -0.000388
2355 0 0 -0.000498
2360 0 0 -0.000564
2365 0 0 -0.000587
2370 0 0 -0.000576
2375 0 0 -0.000543
2380 0 0 -0.000508
2385 0 0 -0.000492
2390 0 0 -0.000510
2395 0 0 -0.000546
2400 0 0 -0.000576
2405 0 0 -0.000584
2410 0 0 -0.000578
2415 0 0 -0.000576
2420 0 0 -0.000587
2425 0 0 -0.000598
2430 0 0 -0.000588
2435 0 0 -0.000542
2440 0 0 -0.000468
2445 0 0 -0.000378
2450 0 0 -0.000288
2455 0 0 -0.000231
2460 0 0 -0.000240
2465 0 0 -0.000335
2470 0 0 -0.000467
2475 0 0 -0.000570
2480 0 0 -0.000597
2485 0 0 -0.000580
2490 0 0 -0.000570
2495 0 0 -0.000599
2500 0 0 -0.000631
2505 0 0 -0.000612
2510 0 0 -0.000517
2515 0 0 -0.000443
2520 0 0 -0.000516
2525 0 0 -0.000809
2530 0 0 -0.001185
2535 0 0 -0.001452
2540 0 0 -0.001473
2545 0 0 -0.001320
2550 0 0 -0.001116
2555 0 0 -0.000961
2560 0 0 -0.000853
2565 0 0 -0.000768
2570 0 0 -0.000686
2575 0 0 -0.000609
2580 0 0 -0.000546
2585 0 0 -0.000504
2590 0 0 -0.000485
2595 0 0 -0.000486
2600 0 0 -0.000504
2605 0 0 -0.000523
2610 0 0 -0.000522
2615 0 0 -0.000490
2620 0 0 -0.000453
2625 0 0 -0.000444
2630 0 0 -0.000486
2635 0 0 -0.000552
2640 0 0 -0.000600
2645 0 0 -0.000602
2650 0 0 -0.000575
2655 0 0 -0.000546
2660 0 0 -0.000536
2665 0 0 -0.000540
2670 0 0 -0.000546
2675 0 0 -0.000545
2680 0 0 -0.000536
2685 0 0 -0.000522
2690 0 0 -0.000506
2695 0 0 -0.000493
2700 0 0 -0.000486
2705 0 0 -0.000490
2710 0 0 -0.000499
2715 0 0 -0.000510
2720 0 0 -0.000517
2725 0 0 -0.000519
2730 0 0 -0.000516
2735 0 0 -0.000509
2740 0 0 -0.000495
2745 0 0 -0.000474
2750 0 0 -0.000445
2755 0 0 -0.000421
2760 0 0 -0.000414
2765 0 0 -0.000433
2770 0 0 -0.000462
2775 0 0 -0.000480
2780 0 0 -0.000473
2785 0 0 -0.000451
2790 0 0 -0.000432
2795 0 0 -0.000428
2800 0 0 -0.000440
2805 0 0 -0.000462
2810 0 0 -0.000489
2815 0 0 -0.000510
2820 0 0 -0.000510
2825 0 0 -0.000482
2830 0 0 -0.000437
2835 0 0 -0.000390
2840 0 0 -0.000355
2845 0 0 -0.000336
2850 0 0 -0.000336
2855 0 0 -0.000353
2860 0 0 -0.000372
2865 0 0 -0.000372
2870 0 0 -0.000340
2875 0 0 -0.000287
2880 0 0 -0.000228
2885 0 0 -0.000178
2890 0 0 -0.000139
2895 0 0 -0.000114
2900 0 0 -0.000102
2905 0 0 -0.000101
2910 0 0 -0.000108
2915 0 0 -0.000118
2920 0 0 -0.000126
2925 0 0 -0.000126
2930 0 0 -0.000114
2935 0 0 -0.000098
2940 0 0 -0.000084
2945 0 0 -0.000081
2950 0 0 -0.000086
2955 0 0 -0.000096
2960 0 0 -0.000107
2965 0 0 -0.000114
2970 0 0 -0.000108
2975 0 0 -0.000087
2980 0 0 -0.000063
2985 0 0 -0.000048
2990 0 0 -0.000053
2995 0 0 -0.000069
3000 0 0 -0.000084
3005 0 0 -0.000088
3010 0 0 -0.000082
3015 0 0 -0.000072
3020 0 0 -0.000063
3025 0 0 -0.000058
3030 0 0 -0.000060
3035 0 0 -0.000071
3040 0 0 -0.000082
3045 0 0 -0.000084
3050 0 0 -0.000072
3055 0 0 -0.000056
3060 0 0 -0.000054
3065 0 0 -0.000074
3070 0 0 -0.000105
3075 0 0 -0.000126
3080 0 0 -0.000125
3085 0 0 -0.000108
3090 0 0 -0.000090
3095 0 0 -0.000080
3100 0 0 -0.000079
3105 0 0 -0.000084
3110 0 0 -0.000092
3115 0 0 -0.000096
3120 0 0 -0.000090
3125 0 0 -0.000070
3130 0 0 -0.000048
3135 0 0 -0.000042
3140 0 0 -0.000061
3145 0 0 -0.000088
3150 0 0 -0.000102
3155 0 0 -0.000087
3160 0 0 -0.000059
3165 0 0 -0.000042
3170 0 0 -0.000051
3175 0 0 -0.000074
3180 0 0 -0.000090
3185 0 0 -0.000086
3190 0 0 -0.000069
3195 0 0 -0.000054
3200 0 0 -0.000052
3205 0 0 -0.000059
3210 0 0 -0.000072
3215 0 0 -0.000084
3220 0 0 -0.000093
3225 0 0 -0.000096
3230 0 0 -0.000092
3235 0 0 -0.000086
3240 0 0 -0.000084
3245 0 0 -0.000091
3250 0 0 -0.000100
3255 0 0 -0.000102
3260 0 0 -0.000091
3265 0 0 -0.000075
3270 0 0 -0.000066
3275 0 0 -0.000072
3280 0 0 -0.000082
3285 0 0 -0.000084
3290 0 0 -0.000068
3295 0 0 -0.000048
3300 0 0 -0.000042
3305 0 0 -0.000062
3310 0 0 -0.000088
3315 0 0 -0.000096
3320 0 0 -0.000070
3325 0 0 -0.000040
3330 0 0 -0.000048
3335 0 0 -0.000120
3340 0 0 -0.000214
3345 0 0 -0.000276
3350 0 0 -0.000265
3355 0 0 -0.000213
3360 0 0 -0.000168
3365 0 0 -0.000166
3370 0 0 -0.000191
3375 0 0 -0.000216
3380 0 0 -0.000219
3385 0 0 -0.000207
3390 0 0 -0.000192
3395 0 0 -0.000185
3400 0 0 -0.000182
3405 0 0 -0.000174
3410 0 0 -0.000158
3415 0 0 -0.000139
3420 0 0 -0.000126
3425 0 0 -0.000126
3430 0 0 -0.000136
3435 0 0 -0.000150
3440 0 0 -0.000163
3445 0 0 -0.000169
3450 0 0 -0.000162
3455 0 0 -0.000140
3460 0 0 -0.000111
3465 0 0 -0.000090
3470 0 0 -0.000084
3475 0 0 -0.000088
3480 0 0 -0.000090
3485 0 0 -0.000084
3490 0 0 -0.000075
3495 0 0 -0.000072
3500 0 0 -0.000080
3505 0 0 -0.000096
3510 0 0 -0.000114
3515 0 0 -0.000130
3520 0 0 -0.000140
3525 0 0 -0.000144
3530 0 0 -0.000140
3535 0 0 -0.000132
3540 0 0 -0.000126
3545 0 0 -0.000126
3550 0 0 -0.000127
3555 0 0 -0.000126
3560 0 0 -0.000119
3565 0 0 -0.000113
3570 0 0 -0.000120
3575 0 0 -0.000144
3580 0 0 -0.000171
3585 0 0 -0.000180
3590 0 0 -0.000159
3595 0 0 -0.000120
3600 0 0 -0.000084
3605 0 0 -0.000066
3610 0 0 -0.000065
3615 0 0 -0.000078
3620 0 0 -0.000098
3625 0 0 -0.000116
3630 0 0 -0.000120
3635 0 0 -0.000103
3640 0 0 -0.000078
3645 0 0 -0.000060
3650 0 0 -0.000062
3655 0 0 -0.000078
3660 0 0 -0.000096
3665 0 0 -0.000107
3670 0 0 -0.000111
3675 0 0 -0.000108
3680 0 0 -0.000100
3685 0 0 -0.000093
3690 0 0 -0.000096
3695 0 0 -0.000112
3700 0 0 -0.000133
3705 0 0 -0.000144
3710 0 0 -0.000137
3715 0 0 -0.000118
3720 0 0 -0.000096
3725 0 0 -0.000080
3730 0 0 -0.000075
3735 0 0 -0.000084
3740 0 0 -0.000106
3745 0 0 -0.000130
3750 0 0 -0.000138
3755 0 0 -0.000121
3760 0 0 -0.000096
3765 0 0 -0.000084
3770 0 0 -0.000100
3775 0 0 -0.000126
3780 0 0 -0.000132
3785 0 0 -0.000104
3790 0 0 -0.000075
3795 0 0 -0.000090
3800 0 0 -0.000175
3805 0 0 -0.000282
3810 0 0 -0.000342
3815 0 0 -0.000308
3820 0 0 -0.000217
3825 0 0 -0.000126
3830 0 0 -0.000080
3835 0 0 -0.000078
3840 0 0 -0.000108
3845 0 0 -0.000156
3850 0 0 -0.000203
3855 0 0 -0.000228
3860 0 0 -0.000217
3865 0 0 -0.000182
3870 0 0 -0.000144
3875 0 0 -0.000119
3880 0 0 -0.000108
3885 0 0 -0.000108
3890 0 0 -0.000116
3895 0 0 -0.000122
3900 0 0 -0.000114
3905 0 0 -0.000093
3910 0 0 -0.000099
3915 0 0 -0.000186
3920 0 0 -0.000382
3925 0 0 -0.000617
3930 0 0 -0.000798
3935 0 0 -0.000855
3940 0 0 -0.000809
3945 0 0 -0.000702
3950 0 0 -0.000574
3955 0 0 -0.000450
3960 0 0 -0.000348
3965 0 0 -0.000284
3970 0 0 -0.000247
3975 0 0 -0.000222
3980 0 0 -0.000199
3985 0 0 -0.000192
3990 0 0 -0.000222
3995 0 0 -0.000297
4000 0 0 -0.000376
4005 0 0 -0.000408
4010 0 0 -0.000359
4015 0 0 -0.000265
4020 0 0 -0.000180
4025 0 0 -0.000146
4030 0 0 -0.000154
4035 0 0 -0.000180
4040 0 0 -0.000205
4045 0 0 -0.000222
4050 0 0 -0.000228
4055 0 0 -0.000221
4060 0 0 -0.000209
4065 0 0 -0.000204
4070 0 0 -0.000212
4075 0 0 -0.000227
4080 0 0 -0.000240
4085 0 0 -0.000243
4090 0 0 -0.000236
4095 0 0 -0.000222
4100 0 0 -0.000206
4105 0 0 -0.000194
4110 0 0 -0.000198
4115 0 0 -0.000221
4120 0 0 -0.000249
4125 0 0 -0.000264
4130 0 0 -0.000252
4135 0 0 -0.000222
4140 0 0 -0.000186
4145 0 0 -0.000156
4150 0 0 -0.000137
4155 0 0 -0.000132
4160 0 0 -0.000140
4165 0 0 -0.000154
4170 0 0 -0.000162
4175 0 0 -0.000156
4180 0 0 -0.000141
4185 0 0 -0.000126
4190 0 0 -0.000117
4195 0 0 -0.000117
4200 0 0 -0.000126
4205 0 0 -0.000144
4210 0 0 -0.000162
4215 0 0 -0.000168
4220 0 0 -0.000155
4225 0 0 -0.000132
4230 0 0 -0.000114
4235 0 0 -0.000110
4240 0 0 -0.000117
4245 0 0 -0.000126
4250 0 0 -0.000131
4255 0 0 -0.000130
4260 0 0 -0.000120
4265 0 0 -0.000102
4270 0 0 -0.000085
4275 0 0 -0.000078
4280 0 0 -0.000088
4285 0 0 -0.000108
4290 0 0 -0.000126
4295 0 0 -0.000132
4300 0 0 -0.000126
4305 0 0 -0.000108
4310 0 0 -0.000082
4315 0 0 -0.000058
4320 0 0 -0.000048
4325 0 0 -0.000059
4330 0 0 -0.000081
4335 0 0 -0.000102
4340 0 0 -0.000111
4345 0 0 -0.000110
4350 0 0 -0.000102
4355 0 0 -0.000091
4360 0 0 -0.000078
4365 0 0 -0.000066
4370 0 0 -0.000056
4375 0 0 -0.000052
4380 0 0 -0.000060
4385 0 0 -0.000081
4390 0 0 -0.000104
4395 0 0 -0.000114
4400 0 0 -0.000103
4405 0 0 -0.000082
4410 0 0 -0.000072
4415 0 0 -0.000084
4420 0 0 -0.000106
4425 0 0 -0.000120
4430 0 0 -0.000114
4435 0 0 -0.000096
4440 0 0 -0.000078
4445 0 0 -0.000070
4450 0 0 -0.000070
4455 0 0 -0.000072
4460 0 0 -0.000072
4465 0 0 -0.000070
4470 0 0 -0.000066
4475 0 0 -0.000060
4480 0 0 -0.000057
4485 0 0 -0.000060
4490 0 0 -0.000071
4495 0 0 -0.000083
4500 0 0 -0.000084
4505 0 0 -0.000069
4510 0 0 -0.000050
4515 0 0 -0.000042
4520 0 0 -0.000056
4525 0 0 -0.000079
4530 0 0 -0.000096
4535 0 0 -0.000094
4540 0 0 -0.000083
4545 0 0 -0.000078
4550 0 0 -0.000089
4555 0 0 -0.000106
4560 0 0 -0.000114
4565 0 0 -0.000102
4570 0 0 -0.000083
4575 0 0 -0.000072
4580 0 0 -0.000081
4585 0 0 -0.000099
4590 0 0 -0.000108
4595 0 0 -0.000096
4600 0 0 -0.000072
4605 0 0 -0.000054
4610 0 0 -0.000052
4615 0 0 -0.000061
4620 0 0 -0.000072
4625 0 0 -0.000078
4630 0 0 -0.000077
4635 0 0 -0.000072
4640 0 0 -0.000064
4645 0 0 -0.000059
4650 0 0 -0.000060
4655 0 0 -0.000071
4660 0 0 -0.000083
4665 0 0 -0.000084
4670 0 0 -0.000068
4675 0 0 -0.000047
4680 0 0 -0.000042
4685 0 0 -0.000063
4690 0 0 -0.000095
4695 0 0 -0.000114
4700 0 0 -0.000106
4705 0 0 -0.000085
4710 0 0 -0.000072
4715 0 0 -0.000083
4720 0 0 -0.000103
4725 0 0 -0.000114
4730 0 0 -0.000101
4735 0 0 -0.000075
4740 0 0 -0.000054
4745 0 0 -0.000052
4750 0 0 -0.000068
4755 0 0 -0.000096
4760 0 0 -0.000131
4765 0 0 -0.000163
4770 0 0 -0.000186
4775 0 0 -0.000192
4780 0 0 -0.000184
4785 0 0 -0.000168
4790 0 0 -0.000150
4795 0 0 -0.000137
4800 0 0 -0.000138
4805 0 0 -0.000158
4810 0 0 -0.000186
4815 0 0 -0.000210
4820 0 0 -0.000218
4825 0 0 -0.000210
4830 0 0 -0.000192
4835 0 0 -0.000167
4840 0 0 -0.000141
4845 0 0 -0.000120
4850 0 0 -0.000109
4855 0 0 -0.000106
4860 0 0 -0.000108
4865 0 0 -0.000111
4870 0 0 -0.000111
4875 0 0 -0.000102
4880 0 0 -0.000082
4885 0 0 -0.000064
4890 0 0 -0.000060
4895 0 0 -0.000080
4900 0 0 -0.000110
4905 0 0 -0.000126
4910 0 0 -0.000115
4915 0 0 -0.000091
4920 0 0 -0.000072
4925 0 0 -0.000075
4930 0 0 -0.000095
4935 0 0 -0.000126
4940 0 0 -0.000159
4945 0 0 -0.000185
4950 0 0 -0.000198
4955 0 0 -0.000192
4960 0 0 -0.000174
4965 0 0 -0.000156
4970 0 0 -0.000146
4975 0 0 -0.000142
4980 0 0 -0.000138
4985 0 0 -0.000131
4990 0 0 -0.000127
4995 0 0 -0.000132
5000 0 0 -0.000153
5005 0 0 -0.000188
5010 0 0 -0.000234
5015 0 0 -0.000284
5020 0 0 -0.000319
5025 0 0 -0.000318
5030 0 0 -0.000268
5035 0 0 -0.000193
5040 0 0 -0.000126
5045 0 0 -0.000091
5050 0 0 -0.000083
5055 0 0 -0.000090
5060 0 0 -0.000100
5065 0 0 -0.000105
5070 0 0 -0.000102
5075 0 0 -0.000087
5080 0 0 -0.000073
5085 0 0 -0.000072
5090 0 0 -0.000094
5095 0 0 -0.000125
5100 0 0 -0.000144
5105 0 0 -0.000139
5110 0 0 -0.000119
5115 0 0 -0.000102
5120 0 0 -0.000100
5125 0 0 -0.000110
5130 0 0 -0.000126
5135 0 0 -0.000141
5140 0 0 -0.000151
5145 0 0 -0.000150
5150 0 0 -0.000137
5155 0 0 -0.000121
5160 0 0 -0.000114
5165 0 0 -0.000124
5170 0 0 -0.000139
5175 0 0 -0.000144
5180 0 0 -0.000129
5185 0 0 -0.000108
5190 0 0 -0.000102
5195 0 0 -0.000124
5200 0 0 -0.000158
5205 0 0 -0.000180
5210 0 0 -0.000172
5215 0 0 -0.000145
5220 0 0 -0.000114
5225 0 0 -0.000094
5230 0 0 -0.000085
5235 0 0 -0.000084
5240 0 0 -0.000089
5245 0 0 -0.000101
5250 0 0 -0.000120
5255 0 0 -0.000144
5260 0 0 -0.000164
5265 0 0 -0.000168
5270 0 0 -0.000149
5275 0 0 -0.000122
5280 0 0 -0.000108
5285 0 0 -0.000122
5290 0 0 -0.000147
5295 0 0 -0.000162
5300 0 0 -0.000153
5305 0 0 -0.000145
5310 0 0 -0.000174
5315 0 0 -0.000261
5320 0 0 -0.000374
5325 0 0 -0.000468
5330 0 0 -0.000506
5335 0 0 -0.000493
5340 0 0 -0.000444
5345 0 0 -0.000376
5350 0 0 -0.000317
5355 0 0 -0.000300
5360 0 0 -0.000342
5365 0 0 -0.000405
5370 0 0 -0.000438
5375 0 0 -0.000406
5380 0 0 -0.000332
5385 0 0 -0.000258
5390 0 0 -0.000215
5395 0 0 -0.000202
5400 0 0 -0.000210
5405 0 0 -0.000231
5410 0 0 -0.000256
5415 0 0 -0.000276
5420 0 0 -0.000285
5425 0 0 -0.000285
5430 0 0 -0.000282
5435 0 0 -0.000278
5440 0 0 -0.000273
5445 0 0 -0.000264
5450 0 0 -0.000250
5455 0 0 -0.000234
5460 0 0 -0.000222
5465 0 0 -0.000218
5470 0 0 -0.000216
5475 0 0 -0.000210
5480 0 0 -0.000196
5485 0 0 -0.000179
5490 0 0 -0.000168
5495 0 0 -0.000169
5500 0 0 -0.000184
5505 0 0 -0.000216
5510 0 0 -0.000261
5515 0 0 -0.000301
5520 0 0 -0.000312
5525 0 0 -0.000280
5530 0 0 -0.000231
5535 0 0 -0.000198
5540 0 0 -0.000206
5545 0 0 -0.000234
5550 0 0 -0.000252
5555 0 0 -0.000237
5560 0 0 -0.000205
5565 0 0 -0.000180
5570 0 0 -0.000180
5575 0 0 -0.000194
5580 0 0 -0.000204
5585 0 0 -0.000197
5590 0 0 -0.000180
5595 0 0 -0.000162
5600 0 0 -0.000153
5605 0 0 -0.000152
5610 0 0 -0.000156
5615 0 0 -0.000161
5620 0 0 -0.000165
5625 0 0 -0.000162
5630 0 0 -0.000152
5635 0 0 -0.000141
5640 0 0 -0.000138
5645 0 0 -0.000148
5650 0 0 -0.000160
5655 0 0 -0.000162
5660 0 0 -0.000144
5665 0 0 -0.000118
5670 0 0 -0.000102
5675 0 0 -0.000107
5680 0 0 -0.000125
5685 0 0 -0.000138
5690 0 0 -0.000136
5695 0 0 -0.000124
5700 0 0 -0.000108
5705 0 0 -0.000096
5710 0 0 -0.000090
5715 0 0 -0.000090
5720 0 0 -0.000097
5725 0 0 -0.000106
5730 0 0 -0.000114
5735 0 0 -0.000116
5740 0 0 -0.000110
5745 0 0 -0.000096
5750 0 0 -0.000074
5755 0 0 -0.000055
5760 0 0 -0.000048
5765 0 0 -0.000062
5770 0 0 -0.000086
5775 0 0 -0.000108
5780 0 0 -0.000117
5785 0 0 -0.000114
5790 0 0 -0.000102
5795 0 0 -0.000086
5800 0 0 -0.000071
5805 0 0 -0.000060
5810 0 0 -0.000058
5815 0 0 -0.000065
5820 0 0 -0.000078
5825 0 0 -0.000096
5830 0 0 -0.000111
5835 0 0 -0.000114
5840 0 0 -0.000101
5845 0 0 -0.000084
5850 0 0 -0.000078
5855 0 0 -0.000094
5860 0 0 -0.000117
5865 0 0 -0.000126
5870 0 0 -0.000108
5875 0 0 -0.000077
5880 0 0 -0.000054
5885 0 0 -0.000055
5890 0 0 -0.000070
5895 0 0 -0.000084
5900 0 0 -0.000085
5905 0 0 -0.000076
5910 0 0 -0.000066
5915 0 0 -0.000061
5920 0 0 -0.000061
5925 0 0 -0.000066
5930 0 0 -0.000074
5935 0 0 -0.000080
5940 0 0 -0.000078
5945 0 0 -0.000065
5950 0 0 -0.000053
5955 0 0 -0.000054
5960 0 0 -0.000077
5965 0 0 -0.000106
5970 0 0 -0.000120
5975 0 0 -0.000106
5980 0 0 -0.000079
5985 0 0 -0.000066
5990 0 0 -0.000082
5995 0 0 -0.000110
6000 0 0 -0.000126
6005 0 0 -0.000113
6010 0 0 -0.000085
6015 0 0 -0.000066
6020 0 0 -0.000071
6025 0 0 -0.000087
6030 0 0 -0.000096
6035 0 0 -0.000083
6040 0 0 -0.000061
6045 0 0 -0.000048
6050 0 0 -0.000056
6055 0 0 -0.000074
6060 0 0 -0.000084
6065 0 0 -0.000075
6070 0 0 -0.000058
6075 0 0 -0.000048
6080 0 0 -0.000056
6085 0 0 -0.000074
6090 0 0 -0.000084
6095 0 0 -0.000078
6100 0 0 -0.000065
6105 0 0 -0.000060
6110 0 0 -0.000073
6115 0 0 -0.000094
6120 0 0 -0.000108
6125 0 0 -0.000106
6130 0 0 -0.000094
6135 0 0 -0.000084
6140 0 0 -0.000085
6145 0 0 -0.000091
6150 0 0 -0.000096
6155 0 0 -0.000093
6160 0 0 -0.000086
6165 0 0 -0.000078
6170 0 0 -0.000073
6175 0 0 -0.000068
6180 0 0 -0.000060
6185 0 0 -0.000048
6190 0 0 -0.000045
6195 0 0 -0.000066
6200 0 0 -0.000119
6205 0 0 -0.000183
6210 0 0 -0.000228
6215 0 0 -0.000234
6220 0 0 -0.000213
6225 0 0 -0.000186
6230 0 0 -0.000169
6235 0 0 -0.000162
6240 0 0 -0.000162
6245 0 0 -0.000165
6250 0 0 -0.000173
6255 0 0 -0.000186
6260 0 0 -0.000204
6265 0 0 -0.000218
6270 0 0 -0.000216
6275 0 0 -0.000192
6280 0 0 -0.000159
6285 0 0 -0.000132
6290 0 0 -0.000124
6295 0 0 -0.000126
6300 0 0 -0.000126
6305 0 0 -0.000114
6310 0 0 -0.000096
6315 0 0 -0.000084
6320 0 0 -0.000085
6325 0 0 -0.000094
6330 0 0 -0.000102
6335 0 0 -0.000102
6340 0 0 -0.000096
6345 0 0 -0.000090
6350 0 0 -0.000089
6355 0 0 -0.000101
6360 0 0 -0.000138
6365 0 0 -0.000201
6370 0 0 -0.000261
6375 0 0 -0.000282
6380 0 0 -0.000241
6385 0 0 -0.000171
6390 0 0 -0.000120
6395 0 0 -0.000120
6400 0 0 -0.000153
6405 0 0 -0.000186
6410 0 0 -0.000194
6415 0 0 -0.000183
6420 0 0 -0.000168
6425 0 0 -0.000160
6430 0 0 -0.000154
6435 0 0 -0.000144
6440 0 0 -0.000125
6445 0 0 -0.000113
6450 0 0 -0.000126
6455 0 0 -0.000174
6460 0 0 -0.000233
6465 0 0 -0.000270
6470 0 0 -0.000261
6475 0 0 -0.000218
6480 0 0 -0.000162
6485 0 0 -0.000112
6490 0 0 -0.000078
6495 0 0 -0.000066
6500 0 0 -0.000079
6505 0 0 -0.000103
6510 0 0 -0.000120
6515 0 0 -0.000117
6520 0 0 -0.000102
6525 0 0 -0.000090
6530 0 0 -0.000090
6535 0 0 -0.000100
6540 0 0 -0.000114
6545 0 0 -0.000126
6550 0 0 -0.000132
6555 0 0 -0.000132
6560 0 0 -0.000124
6565 0 0 -0.000117
6570 0 0 -0.000120
6575 0 0 -0.000138
6580 0 0 -0.000158
6585 0 0 -0.000162
6590 0 0 -0.000140
6595 0 0 -0.000109
6600 0 0 -0.000090
6605 0 0 -0.000100
6610 0 0 -0.000123
6615 0 0 -0.000138
6620 0 0 -0.000131
6625 0 0 -0.000121
6630 0 0 -0.000138
6635 0 0 -0.000196
6640 0 0 -0.000264
6645 0 0 -0.000294
6650 0 0 -0.000257
6655 0 0 -0.000179
6660 0 0 -0.000102
6665 0 0 -0.000059
6670 0 0 -0.000050
6675 0 0 -0.000066
6680 0 0 -0.000098
6685 0 0 -0.000135
6690 0 0 -0.000162
6695 0 0 -0.000170
6700 0 0 -0.000160
6705 0 0 -0.000138
6710 0 0 -0.000109
6715 0 0 -0.000087
6720 0 0 -0.000084
6725 0 0 -0.000110
6730 0 0 -0.000150
6735 0 0 -0.000186
6740 0 0 -0.000203
6745 0 0 -0.000203
6750 0 0 -0.000192
6755 0 0 -0.000181
6760 0 0 -0.000195
6765 0 0 -0.000264
6770 0 0 -0.000400
6775 0 0 -0.000549
6780 0 0 -0.000642
6785 0 0 -0.000629
6790 0 0 -0.000540
6795 0 0 -0.000426
6800 0 0 -0.000328
6805 0 0 -0.000257
6810 0 0 -0.000216
6815 0 0 -0.000206
6820 0 0 -0.000222
6825 0 0 -0.000258
6830 0 0 -0.000305
6835 0 0 -0.000344
6840 0 0 -0.000354
6845 0 0 -0.000323
6850 0 0 -0.000272
6855 0 0 -0.000234
6860 0 0 -0.000230
6865 0 0 -0.000249
6870 0 0 -0.000270
6875 0 0 -0.000276
6880 0 0 -0.000266
6885 0 0 -0.000240
6890 0 0 -0.000202
6895 0 0 -0.000165
6900 0 0 -0.000144
6905 0 0 -0.000149
6910 0 0 -0.000167
6915 0 0 -0.000180
6920 0 0 -0.000174
6925 0 0 -0.000157
6930 0 0 -0.000138
6935 0 0 -0.000128
6940 0 0 -0.000130
6945 0 0 -0.000144
6950 0 0 -0.000170
6955 0 0 -0.000197
6960 0 0 -0.000216
6965 0 0 -0.000218
6970 0 0 -0.000209
6975 0 0 -0.000198
6980 0 0 -0.000194
6985 0 0 -0.000201
6990 0 0 -0.000222
6995 0 0 -0.000256
7000 0 0 -0.000286
7005 0 0 -0.000288
7010 0 0 -0.000250
7015 0 0 -0.000194
7020 0 0 -0.000156
7025 0 0 -0.000157
7030 0 0 -0.000179
7035 0 0 -0.000192
7040 0 0 -0.000176
7045 0 0 -0.000145
7050 0 0 -0.000120
7055 0 0 -0.000118
7060 0 0 -0.000133
7065 0 0 -0.000150
7070 0 0 -0.000159
7075 0 0 -0.000157
7080 0 0 -0.000144
7085 0 0 -0.000121
7090 0 0 -0.000101
7095 0 0 -0.000102
7100 0 0 -0.000132
7105 0 0 -0.000171
7110 0 0 -0.000192
7115 0 0 -0.000177
7120 0 0 -0.000141
7125 0 0 -0.000108
7130 0 0 -0.000096
7135 0 0 -0.000101
7140 0 0 -0.000114
7145 0 0 -0.000127
7150 0 0 -0.000132
7155 0 0 -0.000120
7160 0 0 -0.000088
7165 0 0 -0.000055
7170 0 0 -0.000042
7175 0 0 -0.000064
7180 0 0 -0.000100
7185 0 0 -0.000120
7190 0 0 -0.000103
7195 0 0 -0.000069
7200 0 0 -0.000048
7205 0 0 -0.000060
7210 0 0 -0.000089
7215 0 0 -0.000114
7220 0 0 -0.000116
7225 0 0 -0.000105
7230 0 0 -0.000096
7235 0 0 -0.000100
7240 0 0 -0.000108
7245 0 0 -0.000108
7250 0 0 -0.000092
7255 0 0 -0.000072
7260 0 0 -0.000066
7265 0 0 -0.000085
7270 0 0 -0.000113
7275 0 0 -0.000132
7280 0 0 -0.000126
7285 0 0 -0.000104
7290 0 0 -0.000084
7295 0 0 -0.000077
7300 0 0 -0.000079
7305 0 0 -0.000084
7310 0 0 -0.000085
7315 0 0 -0.000082
7320 0 0 -0.000072
7325 0 0 -0.000058
7330 0 0 -0.000047
7335 0 0 -0.000048
7340 0 0 -0.000067
7345 0 0 -0.000090
7350 0 0 -0.000102
7355 0 0 -0.000091
7360 0 0 -0.000070
7365 0 0 -0.000054
7370 0 0 -0.000057
7375 0 0 -0.000070
7380 0 0 -0.000084
7385 0 0 -0.000088
7390 0 0 -0.000086
7395 0 0 -0.000084
7400 0 0 -0.000086
7405 0 0 -0.000091
7410 0 0 -0.000096
7415 0 0 -0.000099
7420 0 0 -0.000100
7425 0 0 -0.000096
7430 0 0 -0.000088
7435 0 0 -0.000081
7440 0 0 -0.000078
7445 0 0 -0.000083
7450 0 0 -0.000088
7455 0 0 -0.000084
7460 0 0 -0.000066
7465 0 0 -0.000047
7470 0 0 -0.000042
7475 0 0 -0.000061
7480 0 0 -0.000088
7485 0 0 -0.000102
7490 0 0 -0.000087
7495 0 0 -0.000059
7500 0 0 -0.000042
7505 0 0 -0.000051
7510 0 0 -0.000074
7515 0 0 -0.000090
7520 0 0 -0.000084
7525 0 0 -0.000069
7530 0 0 -0.000060
7535 0 0 -0.000071
7540 0 0 -0.000092
7545 0 0 -0.000108
7550 0 0 -0.000109
7555 0 0 -0.000101
7560 0 0 -0.000090
7565 0 0 -0.000085
7570 0 0 -0.000083
7575 0 0 -0.000084
7580 0 0 -0.000084
7585 0 0 -0.000082
7590 0 0 -0.000078
7595 0 0 -0.000071
7600 0 0 -0.000065
7605 0 0 -0.000066
7610 0 0 -0.000075
7615 0 0 -0.000083
7620 0 0 -0.000078
7625 0 0 -0.000054
7630 0 0 -0.000035
7635 0 0 -0.000048
7640 0 0 -0.000111
7645 0 0 -0.000194
7650 0 0 -0.000252
7655 0 0 -0.000255
7660 0 0 -0.000221
7665 0 0 -0.000180
7670 0 0 -0.000157
7675 0 0 -0.000153
7680 0 0 -0.000162
7685 0 0 -0.000178
7690 0 0 -0.000196
7695 0 0 -0.000210
7700 0 0 -0.000217
7705 0 0 -0.000215
7710 0 0 -0.000204
7715 0 0 -0.000185
7720 0 0 -0.000163
7725 0 0 -0.000144
7730 0 0 -0.000133
7735 0 0 -0.000130
7740 0 0 -0.000132
7745 0 0 -0.000137
7750 0 0 -0.000138
7755 0 0 -0.000126
7760 0 0 -0.000098
7765 0 0 -0.000068
7770 0 0 -0.000054
7775 0 0 -0.000068
7780 0 0 -0.000098
7785 0 0 -0.000126
7790 0 0 -0.000139
7795 0 0 -0.000138
7800 0 0 -0.000132
7805 0 0 -0.000126
7810 0 0 -0.000121
7815 0 0 -0.000120
7820 0 0 -0.000122
7825 0 0 -0.000121
7830 0 0 -0.000114
7835 0 0 -0.000099
7840 0 0 -0.000098
7845 0 0 -0.000138
7850 0 0 -0.000230
7855 0 0 -0.000326
7860 0 0 -0.000360
7865 0 0 -0.000292
7870 0 0 -0.000171
7875 0 0 -0.000072
7880 0 0 -0.000048
7885 0 0 -0.000075
7890 0 0 -0.000108
7895 0 0 -0.000114
7900 0 0 -0.000105
7905 0 0 -0.000102
7910 0 0 -0.000121
7915 0 0 -0.000150
7920 0 0 -0.000168
7925 0 0 -0.000163
7930 0 0 -0.000142
7935 0 0 -0.000120
7940 0 0 -0.000107
7945 0 0 -0.000093
7950 0 0 -0.000066
7955 0 0 -0.000025
7960 0 0 -0.000018
7965 0 0 -0.000108
7970 0 0 -0.000328
7975 0 0 -0.000598
7980 0 0 -0.000810
7985 0 0 -0.000881
7990 0 0 -0.000830
7995 0 0 -0.000702
8000 0 0 -0.000540
8005 0 0 -0.000374
8010 0 0 -0.000234
8015 0 0 -0.000140
8020 0 0 -0.000090
8025 0 0 -0.000072
8030 0 0 -0.000076
8035 0 0 -0.000090
8040 0 0 -0.000102
8045 0 0 -0.000102
8050 0 0 -0.000092
8055 0 0 -0.000078
8060 0 0 -0.000067
8065 0 0 -0.000074
8070 0 0 -0.000114
8075 0 0 -0.000194
8080 0 0 -0.000273
8085 0 0 -0.000300
8090 0 0 -0.000244
8095 0 0 -0.000151
8100 0 0 -0.000084
8105 0 0 -0.000090
8110 0 0 -0.000138
8115 0 0 -0.000180
8120 0 0 -0.000180
8125 0 0 -0.000155
8130 0 0 -0.000132
8135 0 0 -0.000133
8140 0 0 -0.000145
8145 0 0 -0.000150
8150 0 0 -0.000134
8155 0 0 -0.000114
8160 0 0 -0.000114
8165 0 0 -0.000148
8170 0 0 -0.000194
8175 0 0 -0.000222
8180 0 0 -0.000210
8185 0 0 -0.000174
8190 0 0 -0.000138
8195 0 0 -0.000122
8200 0 0 -0.000120
8205 0 0 -0.000120
8210 0 0 -0.000114
8215 0 0 -0.000111
8220 0 0 -0.000120
8225 0 0 -0.000149
8230 0 0 -0.000183
8235 0 0 -0.000204
8240 0 0 -0.000203
8245 0 0 -0.000216
8250 0 0 -0.000288
8255 0 0 -0.000442
8260 0 0 -0.000614
8265 0 0 -0.000714
8270 0 0 -0.000682
8275 0 0 -0.000559
8280 0 0 -0.000414
8285 0 0 -0.000303
8290 0 0 -0.000232
8295 0 0 -0.000198
8300 0 0 -0.000193
8305 0 0 -0.000206
8310 0 0 -0.000222
8315 0 0 -0.000231
8320 0 0 -0.000229
8325 0 0 -0.000216
8330 0 0 -0.000193
8335 0 0 -0.000170
8340 0 0 -0.000162
8345 0 0 -0.000176
8350 0 0 -0.000196
8355 0 0 -0.000204
8360 0 0 -0.000185
8365 0 0 -0.000157
8370 0 0 -0.000144
8375 0 0 -0.000162
8380 0 0 -0.000195
8385 0 0 -0.000222
8390 0 0 -0.000225
8395 0 0 -0.000211
8400 0 0 -0.000192
8405 0 0 -0.000178
8410 0 0 -0.000175
8415 0 0 -0.000186
8420 0 0 -0.000212
8425 0 0 -0.000237
8430 0 0 -0.000240
8435 0 0 -0.000208
8440 0 0 -0.000161
8445 0 0 -0.000126
8450 0 0 -0.000122
8455 0 0 -0.000142
8460 0 0 -0.000168
8465 0 0 -0.000187
8470 0 0 -0.000196
8475 0 0 -0.000192
8480 0 0 -0.000176
8485 0 0 -0.000155
8490 0 0 -0.000138
8495 0 0 -0.000131
8500 0 0 -0.000131
8505 0 0 -0.000132
8510 0 0 -0.000131
8515 0 0 -0.000131
8520 0 0 -0.000138
8525 0 0 -0.000156
8530 0 0 -0.000175
8535 0 0 -0.000186
8540 0 0 -0.000181
8545 0 0 -0.000167
8550 0 0 -0.000156
8555 0 0 -0.000155
8560 0 0 -0.000157
8565 0 0 -0.000150
8570 0 0 -0.000127
8575 0 0 -0.000098
8580 0 0 -0.000078
8585 0 0 -0.000076
8590 0 0 -0.000084
8595 0 0 -0.000090
8600 0 0 -0.000084
8605 0 0 -0.000073
8610 0 0 -0.000066
8615 0 0 -0.000071
8620 0 0 -0.000081
8625 0 0 -0.000084
8630 0 0 -0.000075
8635 0 0 -0.000061
8640 0 0 -0.000054
8645 0 0 -0.000063
8650 0 0 -0.000082
8655 0 0 -0.000102
8660 0 0 -0.000116
8665 0 0 -0.000123
8670 0 0 -0.000126
8675 0 0 -0.000126
8680 0 0 -0.000120
8685 0 0 -0.000108
8690 0 0 -0.000089
8695 0 0 -0.000073
8700 0 0 -0.000072
8705 0 0 -0.000094
8710 0 0 -0.000121
8715 0 0 -0.000132
8720 0 0 -0.000111
8725 0 0 -0.000075
8730 0 0 -0.000048
8735 0 0 -0.000047
8740 0 0 -0.000062
8745 0 0 -0.000078
8750 0 0 -0.000083
8755 0 0 -0.000079
8760 0 0 -0.000072
8765 0 0 -0.000066
8770 0 0 -0.000064
8775 0 0 -0.000066
8780 0 0 -0.000072
8785 0 0 -0.000078
8790 0 0 -0.000078
8795 0 0 -0.000070
8800 0 0 -0.000063
8805 0 0 -0.000066
8810 0 0 -0.000086
8815 0 0 -0.000109
8820 0 0 -0.000120
8825 0 0 -0.000106
8830 0 0 -0.000084
8835 0 0 -0.000072
8840 0 0 -0.000086
8845 0 0 -0.000109
8850 0 0 -0.000120
8855 0 0 -0.000103
8860 0 0 -0.000074
8865 0 0 -0.000054
8870 0 0 -0.000060
8875 0 0 -0.000078
8880 0 0 -0.000090
8885 0 0 -0.000082
8890 0 0 -0.000062
8895 0 0 -0.000048
8900 0 0 -0.000050
8905 0 0 -0.000061
8910 0 0 -0.000072
8915 0 0 -0.000074
8920 0 0 -0.000071
8925 0 0 -0.000066
8930 0 0 -0.000064
8935 0 0 -0.000066
8940 0 0 -0.000072
8945 0 0 -0.000081
8950 0 0 -0.000091
8955 0 0 -0.000096
8960 0 0 -0.000095
8965 0 0 -0.000091
8970 0 0 -0.000090
8975 0 0 -0.000095
8980 0 0 -0.000102
8985 0 0 -0.000102
8990 0 0 -0.000091
8995 0 0 -0.000076
9000 0 0 -0.000066
9005 0 0 -0.000068
9010 0 0 -0.000075
9015 0 0 -0.000078
9020 0 0 -0.000070
9025 0 0 -0.000058
9030 0 0 -0.000054
9035 0 0 -0.000064
9040 0 0 -0.000078
9045 0 0 -0.000084
9050 0 0 -0.000072
9055 0 0 -0.000055
9060 0 0 -0.000048
9065 0 0 -0.000061
9070 0 0 -0.000080
9075 0 0 -0.000084
9080 0 0 -0.000061
9085 0 0 -0.000042
9090 0 0 -0.000066
9095 0 0 -0.000156
9100 0 0 -0.000265
9105 0 0 -0.000330
9110 0 0 -0.000306
9115 0 0 -0.000233
9120 0 0 -0.000168
9125 0 0 -0.000156
9130 0 0 -0.000181
9135 0 0 -0.000210
9140 0 0 -0.000218
9145 0 0 -0.000206
9150 0 0 -0.000180
9155 0 0 -0.000148
9160 0 0 -0.000125
9165 0 0 -0.000126
9170 0 0 -0.000160
9175 0 0 -0.000203
9180 0 0 -0.000222
9185 0 0 -0.000195
9190 0 0 -0.000141
9195 0 0 -0.000090
9200 0 0 -0.000064
9205 0 0 -0.000061
9210 0 0 -0.000072
9215 0 0 -0.000089
9220 0 0 -0.000103
9225 0 0 -0.000108
9230 0 0 -0.000099
9235 0 0 -0.000086
9240 0 0 -0.000084
9245 0 0 -0.000102
9250 0 0 -0.000125
9255 0 0 -0.000132
9260 0 0 -0.000111
9265 0 0 -0.000079
9270 0 0 -0.000060
9275 0 0 -0.000070
9280 0 0 -0.000094
9285 0 0 -0.000108
9290 0 0 -0.000096
9295 0 0 -0.000071
9300 0 0 -0.000054
9305 0 0 -0.000059
9310 0 0 -0.000076
9315 0 0 -0.000090
9320 0 0 -0.000090
9325 0 0 -0.000077
9330 0 0 -0.000060
9335 0 0 -0.000045
9340 0 0 -0.000046
9345 0 0 -0.000078
9350 0 0 -0.000146
9355 0 0 -0.000216
9360 0 0 -0.000246
9365 0 0 -0.000207
9370 0 0 -0.000135
9375 0 0 -0.000078
9380 0 0 -0.000074
9385 0 0 -0.000114
9390 0 0 -0.000174
9395 0 0 -0.000233
9400 0 0 -0.000273
9405 0 0 -0.000276
9410 0 0 -0.000233
9415 0 0 -0.000168
9420 0 0 -0.000114
9425 0 0 -0.000094
9430 0 0 -0.000097
9435 0 0 -0.000102
9440 0 0 -0.000095
9445 0 0 -0.000081
9450 0 0 -0.000072
9455 0 0 -0.000076
9460 0 0 -0.000087
9465 0 0 -0.000096
9470 0 0 -0.000095
9475 0 0 -0.000090
9480 0 0 -0.000090
9485 0 0 -0.000099
9490 0 0 -0.000109
9495 0 0 -0.000108
9500 0 0 -0.000090
9505 0 0 -0.000068
9510 0 0 -0.000060
9515 0 0 -0.000079
9520 0 0 -0.000111
9525 0 0 -0.000138
9530 0 0 -0.000146
9535 0 0 -0.000153
9540 0 0 -0.000180
9545 0 0 -0.000241
9550 0 0 -0.000303
9555 0 0 -0.000324
9560 0 0 -0.000276
9565 0 0 -0.000194
9570 0 0 -0.000126
9575 0 0 -0.000109
9580 0 0 -0.000133
9585 0 0 -0.000174
9590 0 0 -0.000213
9595 0 0 -0.000242
9600 0 0 -0.000258
9605 0 0 -0.000258
9610 0 0 -0.000248
9615 0 0 -0.000234
9620 0 0 -0.000221
9625 0 0 -0.000209
9630 0 0 -0.000198
9635 0 0 -0.000187
9640 0 0 -0.000175
9645 0 0 -0.000162
9650 0 0 -0.000150
9655 0 0 -0.000144
9660 0 0 -0.000150
9665 0 0 -0.000172
9670 0 0 -0.000197
9675 0 0 -0.000210
9680 0 0 -0.000201
9685 0 0 -0.000184
9690 0 0 -0.000180
9695 0 0 -0.000201
9700 0 0 -0.000232
9705 0 0 -0.000252
9710 0 0 -0.000244
9715 0 0 -0.000220
9720 0 0 -0.000198
9725 0 0 -0.000191
9730 0 0 -0.000197
9735 0 0 -0.000210
9740 0 0 -0.000224
9745 0 0 -0.000237
9750 0 0 -0.000252
9755 0 0 -0.000267
9760 0 0 -0.000277
9765 0 0 -0.000276
9770 0 0 -0.000262
9775 0 0 -0.000240
9780 0 0 -0.000222
9785 0 0 -0.000213
9790 0 0 -0.000210
9795 0 0 -0.000204
9800 0 0 -0.000192
9805 0 0 -0.000180
9810 0 0 -0.000180
9815 0 0 -0.000198
9820 0 0 -0.000222
9825 0 0 -0.000240
9830 0 0 -0.000240
9835 0 0 -0.000227
9840 0 0 -0.000210
9845 0 0 -0.000199
9850 0 0 -0.000199
9855 0 0 -0.000216
9860 0 0 -0.000252
9865 0 0 -0.000288
9870 0 0 -0.000300
9875 0 0 -0.000274
9880 0 0 -0.000231
9885 0 0 -0.000198
9890 0 0 -0.000198
9895 0 0 -0.000221
9900 0 0 -0.000252
9905 0 0 -0.000275
9910 0 0 -0.000282
9915 0 0 -0.000264
9920 0 0 -0.000220
9925 0 0 -0.000171
9930 0 0 -0.000144
9935 0 0 -0.000156
9940 0 0 -0.000189
9945 0 0 -0.000216
9950 0 0 -0.000217
9955 0 0 -0.000202
9960 0 0 -0.000186
9965 0 0 -0.000181
9970 0 0 -0.000186
9975 0 0 -0.000192
9980 0 0 -0.000194
9985 0 0 -0.000189
9990 0 0 -0.000174
9995 0 0 -0.000148
10000 0 0 -0.000124
10005 0 0 -0.000114
10010 0 0 -0.000127
10015 0 0 -0.000150
10020 0 0 -0.000162
10025 0 0 -0.000150
10030 0 0 -0.000126
10035 0 0 -0.000108
10040 0 0 -0.000110
10045 0 0 -0.000127
10050 0 0 -0.000150
10055 0 0 -0.000169
10060 0 0 -0.000182
10065 0 0 -0.000186
10070 0 0 -0.000178
10075 0 0 -0.000157
