0 0 0 -0.000372
5 0 0 -0.000484
10 0 0 -0.000511
15 0 0 -0.000480
20 0 0 -0.000418
25 0 0 -0.000353
30 0 0 -0.000312
35 0 0 -0.000313
40 0 0 -0.000330
45 0 0 -0.000330
50 0 0 -0.000288
55 0 0 -0.000224
60 0 0 -0.000168
65 0 0 -0.000143
70 0 0 -0.000140
75 0 0 -0.000144
80 0 0 -0.000141
85 0 0 -0.000133
90 0 0 -0.000126
95 0 0 -0.000123
100 0 0 -0.000124
105 0 0 -0.000126
110 0 0 -0.000127
115 0 0 -0.000127
120 0 0 -0.000126
125 0 0 -0.000126
130 0 0 -0.000126
135 0 0 -0.000126
140 0 0 -0.000126
145 0 0 -0.000123
150 0 0 -0.000114
155 0 0 -0.000097
160 0 0 -0.000080
165 0 0 -0.000072
170 0 0 -0.000081
175 0 0 -0.000100
180 0 0 -0.000120
185 0 0 -0.000133
190 0 0 -0.000137
195 0 0 -0.000132
200 0 0 -0.000119
205 0 0 -0.000103
210 0 0 -0.000090
215 0 0 -0.000086
220 0 0 -0.000089
225 0 0 -0.000096
230 0 0 -0.000105
235 0 0 -0.000114
240 0 0 -0.000120
245 0 0 -0.000122
250 0 0 -0.000118
255 0 0 -0.000108
260 0 0 -0.000091
265 0 0 -0.000076
270 0 0 -0.000072
275 0 0 -0.000085
280 0 0 -0.000107
285 0 0 -0.000126
290 0 0 -0.000132
295 0 0 -0.000125
300 0 0 -0.000108
305 0 0 -0.000086
310 0 0 -0.000069
315 0 0 -0.000072
320 0 0 -0.000101
325 0 0 -0.000144
330 0 0 -0.000180
335 0 0 -0.000195
340 0 0 -0.000191
345 0 0 -0.000174
350 0 0 -0.000151
355 0 0 -0.000131
360 0 0 -0.000126
365 0 0 -0.000141
370 0 0 -0.000166
375 0 0 -0.000186
380 0 0 -0.000190
385 0 0 -0.000180
390 0 0 -0.000162
395 0 0 -0.000142
400 0 0 -0.000128
405 0 0 -0.000126
410 0 0 -0.000140
415 0 0 -0.000162
420 0 0 -0.000180
425 0 0 -0.000184
430 0 0 -0.000177
435 0 0 -0.000162
440 0 0 -0.000145
445 0 0 -0.000133
450 0 0 -0.000132
455 0 0 -0.000146
460 0 0 -0.000166
465 0 0 -0.000180
470 0 0 -0.000181
475 0 0 -0.000170
480 0 0 -0.000156
485 0 0 -0.000143
490 0 0 -0.000134
495 0 0 -0.000132
500 0 0 -0.000138
505 0 0 -0.000152
510 0 0 -0.000174
515 0 0 -0.000202
520 0 0 -0.000229
525 0 0 -0.000246
530 0 0 -0.000247
535 0 0 -0.000239
540 0 0 -0.000234
545 0 0 -0.000239
550 0 0 -0.000249
555 0 0 -0.000258
560 0 0 -0.000259
565 0 0 -0.000251
570 0 0 -0.000234
575 0 0 -0.000210
580 0 0 -0.000191
585 0 0 -0.000192
590 0 0 -0.000220
595 0 0 -0.000257
600 0 0 -0.000276
605 0 0 -0.000262
610 0 0 -0.000232
615 0 0 -0.000216
620 0 0 -0.000232
625 0 0 -0.000261
630 0 0 -0.000276
635 0 0 -0.000259
640 0 0 -0.000227
645 0 0 -0.000204
650 0 0 -0.000209
655 0 0 -0.000226
660 0 0 -0.000234
665 0 0 -0.000215
670 0 0 -0.000182
675 0 0 -0.000150
680 0 0 -0.000133
685 0 0 -0.000124
690 0 0 -0.000108
695 0 0 -0.000080
700 0 0 -0.000061
705 0 0 -0.000078
710 0 0 -0.000147
715 0 0 -0.000244
720 0 0 -0.000330
725 0 0 -0.000379
730 0 0 -0.000403
735 0 0 -0.000420
740 0 0 -0.000449
745 0 0 -0.000497
750 0 0 -0.000570
755 0 0 -0.000663
760 0 0 -0.000734
765 0 0 -0.000732
770 0 0 -0.000627
775 0 0 -0.000474
780 0 0 -0.000354
785 0 0 -0.000323
790 0 0 -0.000356
795 0 0 -0.000408
800 0 0 -0.000440
805 0 0 -0.000441
810 0 0 -0.000408
815 0 0 -0.000342
820 0 0 -0.000268
825 0 0 -0.000216
830 0 0 -0.000210
835 0 0 -0.000244
840 0 0 -0.000306
845 0 0 -0.000382
850 0 0 -0.000449
855 0 0 -0.000480
860 0 0 -0.000460
865 0 0 -0.000412
870 0 0 -0.000366
875 0 0 -0.000346
880 0 0 -0.000341
885 0 0 -0.000330
890 0 0 -0.000304
895 0 0 -0.000292
900 0 0 -0.000336
905 0 0 -0.000456
910 0 0 -0.000595
915 0 0 -0.000678
920 0 0 -0.000652
925 0 0 -0.000557
930 0 0 -0.000456
935 0 0 -0.000399
940 0 0 -0.000380
945 0 0 -0.000378
950 0 0 -0.000376
955 0 0 -0.000372
960 0 0 -0.000366
965 0 0 -0.000358
970 0 0 -0.000346
975 0 0 -0.000330
980 0 0 -0.000321
985 0 0 -0.000380
990 0 0 -0.000582
995 0 0 -0.000956
1000 0 0 -0.001352
1005 0 0 -0.001578
1010 0 0 -0.001497
1015 0 0 -0.001204
1020 0 0 -0.000852
1025 0 0 -0.000568
1030 0 0 -0.000374
1035 0 0 -0.000264
1040 0 0 -0.000229
1045 0 0 -0.000237
1050 0 0 -0.000252
1055 0 0 -0.000246
1060 0 0 -0.000225
1065 0 0 -0.000204
1070 0 0 -0.000195
1075 0 0 -0.000197
1080 0 0 -0.000204
1085 0 0 -0.000213
1090 0 0 -0.000224
1095 0 0 -0.000240
1100 0 0 -0.000260
1105 0 0 -0.000282
1110 0 0 -0.000300
1115 0 0 -0.000311
1120 0 0 -0.000318
1125 0 0 -0.000324
1130 0 0 -0.000331
1135 0 0 -0.000337
1140 0 0 -0.000336
1145 0 0 -0.000327
1150 0 0 -0.000321
1155 0 0 -0.000330
1160 0 0 -0.000362
1165 0 0 -0.000403
1170 0 0 -0.000432
1175 0 0 -0.000435
1180 0 0 -0.000420
1185 0 0 -0.000396
1190 0 0 -0.000375
1195 0 0 -0.000360
1200 0 0 -0.000354
1205 0 0 -0.000357
1210 0 0 -0.000358
1215 0 0 -0.000348
1220 0 0 -0.000319
1225 0 0 -0.000283
1230 0 0 -0.000258
1235 0 0 -0.000256
1240 0 0 -0.000271
1245 0 0 -0.000288
1250 0 0 -0.000299
1255 0 0 -0.000302
1260 0 0 -0.000300
1265 0 0 -0.000295
1270 0 0 -0.000292
1275 0 0 -0.000294
1280 0 0 -0.000306
1285 0 0 -0.000323
1290 0 0 -0.000342
1295 0 0 -0.000358
1300 0 0 -0.000372
1305 0 0 -0.000384
1310 0 0 -0.000396
1315 0 0 -0.000406
1320 0 0 -0.000414
1325 0 0 -0.000418
1330 0 0 -0.000416
1335 0 0 -0.000408
1340 0 0 -0.000393
1345 0 0 -0.000374
1350 0 0 -0.000354
1355 0 0 -0.000337
1360 0 0 -0.000329
1365 0 0 -0.000336
1370 0 0 -0.000361
1375 0 0 -0.000389
1380 0 0 -0.000402
1385 0 0 -0.000387
1390 0 0 -0.000358
1395 0 0 -0.000336
1400 0 0 -0.000336
1405 0 0 -0.000351
1410 0 0 -0.000366
1415 0 0 -0.000370
1420 0 0 -0.000363
1425 0 0 -0.000348
1430 0 0 -0.000327
1435 0 0 -0.000310
1440 0 0 -0.000306
1445 0 0 -0.000320
1450 0 0 -0.000336
1455 0 0 -0.000336
1460 0 0 -0.000306
1465 0 0 -0.000264
1470 0 0 -0.000234
1475 0 0 -0.000234
1480 0 0 -0.000250
1485 0 0 -0.000264
1490 0 0 -0.000259
1495 0 0 -0.000242
1500 0 0 -0.000222
1505 0 0 -0.000207
1510 0 0 -0.000198
1515 0 0 -0.000192
1520 0 0 -0.000187
1525 0 0 -0.000180
1530 0 0 -0.000168
1535 0 0 -0.000151
1540 0 0 -0.000131
1545 0 0 -0.000114
1550 0 0 -0.000104
1555 0 0 -0.000098
1560 0 0 -0.000096
1565 0 0 -0.000095
1570 0 0 -0.000095
1575 0 0 -0.000096
1580 0 0 -0.000099
1585 0 0 -0.000100
1590 0 0 -0.000096
1595 0 0 -0.000084
1600 0 0 -0.000068
1605 0 0 -0.000054
1610 0 0 -0.000046
1615 0 0 -0.000046
1620 0 0 -0.000054
1625 0 0 -0.000070
1630 0 0 -0.000089
1635 0 0 -0.000102
1640 0 0 -0.000105
1645 0 0 -0.000098
1650 0 0 -0.000084
1655 0 0 -0.000066
1660 0 0 -0.000050
1665 0 0 -0.000042
1670 0 0 -0.000047
1675 0 0 -0.000060
1680 0 0 -0.000078
1685 0 0 -0.000094
1690 0 0 -0.000104
1695 0 0 -0.000102
1700 0 0 -0.000086
1705 0 0 -0.000064
1710 0 0 -0.000048
1715 0 0 -0.000046
1720 0 0 -0.000054
1725 0 0 -0.000066
1730 0 0 -0.000076
1735 0 0 -0.000086
1740 0 0 -0.000096
1745 0 0 -0.000108
1750 0 0 -0.000118
1755 0 0 -0.000120
1760 0 0 -0.000112
1765 0 0 -0.000099
1770 0 0 -0.000090
1775 0 0 -0.000090
1780 0 0 -0.000100
1785 0 0 -0.000120
1790 0 0 -0.000147
1795 0 0 -0.000173
1800 0 0 -0.000186
1805 0 0 -0.000180
1810 0 0 -0.000162
1815 0 0 -0.000144
1820 0 0 -0.000134
1825 0 0 -0.000134
1830 0 0 -0.000144
1835 0 0 -0.000161
1840 0 0 -0.000177
1845 0 0 -0.000180
1850 0 0 -0.000165
1855 0 0 -0.000143
1860 0 0 -0.000132
1865 0 0 -0.000144
1870 0 0 -0.000170
1875 0 0 -0.000198
1880 0 0 -0.000218
1885 0 0 -0.000231
1890 0 0 -0.000240
1895 0 0 -0.000248
1900 0 0 -0.000251
1905 0 0 -0.000246
1910 0 0 -0.000232
1915 0 0 -0.000224
1920 0 0 -0.000240
1925 0 0 -0.000288
1930 0 0 -0.000341
1935 0 0 -0.000360
1940 0 0 -0.000321
1945 0 0 -0.000253
1950 0 0 -0.000198
1955 0 0 -0.000186
1960 0 0 -0.000202
1965 0 0 -0.000222
1970 0 0 -0.000226
1975 0 0 -0.000215
1980 0 0 -0.000198
1985 0 0 -0.000180
1990 0 0 -0.000162
1995 0 0 -0.000144
2000 0 0 -0.000126
2005 0 0 -0.000110
2010 0 0 -0.000096
2015 0 0 -0.000086
2020 0 0 -0.000080
2025 0 0 -0.000078
2030 0 0 -0.000081
2035 0 0 -0.000097
2040 0 0 -0.000138
2045 0 0 -0.000206
2050 0 0 -0.000275
2055 0 0 -0.000312
2060 0 0 -0.000294
2065 0 0 -0.000243
2070 0 0 -0.000192
2075 0 0 -0.000168
2080 0 0 -0.000172
2085 0 0 -0.000198
2090 0 0 -0.000242
2095 0 0 -0.000305
2100 0 0 -0.000390
2105 0 0 -0.000490
2110 0 0 -0.000569
2115 0 0 -0.000582
2120 0 0 -0.000504
2125 0 0 -0.000397
2130 0 0 -0.000342
2135 0 0 -0.000399
2140 0 0 -0.000544
2145 0 0 -0.000732
2150 0 0 -0.000917
2155 0 0 -0.001060
2160 0 0 -0.001122
2165 0 0 -0.001080
2170 0 0 -0.000976
2175 0 0 -0.000870
2180 0 0 -0.000811
2185 0 0 -0.000807
2190 0 0 -0.000858
2195 0 0 -0.000956
2200 0 0 -0.001064
2205 0 0 -0.001140
2210 0 0 -0.001151
2215 0 0 -0.001114
2220 0 0 -0.001056
2225 0 0 -0.001001
2230 0 0 -0.000959
2235 0 0 -0.000936
2240 0 0 -0.000933
2245 0 0 -0.000932
2250 0 0 -0.000912
2255 0 0 -0.000860
2260 0 0 -0.000810
2265 0 0 -0.000804
2270 0 0 -0.000868
2275 0 0 -0.000950
2280 0 0 -0.000978
2285 0 0 -0.000910
2290 0 0 -0.000819
2295 0 0 -0.000804
2300 0 0 -0.000932
2305 0 0 -0.001127
2310 0 0 -0.001278
2315 0 0 -0.001299
2320 0 0 -0.001206
2325 0 0 -0.001038
2330 0 0 -0.000835
2335 0 0 -0.000634
2340 0 0 -0.000474
2345 0 0 -0.000385
2350 0 0 -0.000372
2355 0 0 -0.000432
2360 0 0 -0.000557
2365 0 0 -0.000711
2370 0 0 -0.000852
2375 0 0 -0.000949
2380 0 0 -0.001009
2385 0 0 -0.001050
2390 0 0 -0.001085
2395 0 0 -0.001108
2400 0 0 -0.001104
2405 0 0 -0.001071
2410 0 0 -0.001040
2415 0 0 -0.001050
2420 0 0 -0.001118
2425 0 0 -0.001171
2430 0 0 -0.001110
2435 0 0 -0.000880
2440 0 0 -0.000592
2445 0 0 -0.000396
2450 0 0 -0.000403
2455 0 0 -0.000555
2460 0 0 -0.000750
2465 0 0 -0.000902
2470 0 0 -0.000978
2475 0 0 -0.000960
2480 0 0 -0.000840
2485 0 0 -0.000657
2490 0 0 -0.000462
2495 0 0 -0.000302
2500 0 0 -0.000215
2505 0 0 -0.000234
2510 0 0 -0.000377
2515 0 0 -0.000592
2520 0 0 -0.000810
2525 0 0 -0.000971
2530 0 0 -0.001055
2535 0 0 -0.001056
2540 0 0 -0.000971
2545 0 0 -0.000827
2550 0 0 -0.000660
2555 0 0 -0.000501
2560 0 0 -0.000371
2565 0 0 -0.000288
2570 0 0 -0.000261
2575 0 0 -0.000271
2580 0 0 -0.000288
2585 0 0 -0.000291
2590 0 0 -0.000285
2595 0 0 -0.000282
2600 0 0 -0.000290
2605 0 0 -0.000303
2610 0 0 -0.000312
2615 0 0 -0.000310
2620 0 0 -0.000302
2625 0 0 -0.000294
2630 0 0 -0.000293
2635 0 0 -0.000299
2640 0 0 -0.000312
2645 0 0 -0.000330
2650 0 0 -0.000348
2655 0 0 -0.000360
2660 0 0 -0.000361
2665 0 0 -0.000357
2670 0 0 -0.000354
2675 0 0 -0.000357
2680 0 0 -0.000362
2685 0 0 -0.000360
2690 0 0 -0.000347
2695 0 0 -0.000329
2700 0 0 -0.000312
2705 0 0 -0.000303
2710 0 0 -0.000305
2715 0 0 -0.000318
2720 0 0 -0.000344
2725 0 0 -0.000378
2730 0 0 -0.000414
2735 0 0 -0.000447
2740 0 0 -0.000468
2745 0 0 -0.000468
2750 0 0 -0.000442
2755 0 0 -0.000404
2760 0 0 -0.000372
2765 0 0 -0.000360
2770 0 0 -0.000361
2775 0 0 -0.000366
2780 0 0 -0.000367
2785 0 0 -0.000367
2790 0 0 -0.000372
2795 0 0 -0.000386
2800 0 0 -0.000405
2805 0 0 -0.000420
2810 0 0 -0.000426
2815 0 0 -0.000425
2820 0 0 -0.000420
2825 0 0 -0.000415
2830 0 0 -0.000412
2835 0 0 -0.000414
2840 0 0 -0.000423
2845 0 0 -0.000431
2850 0 0 -0.000432
2855 0 0 -0.000420
2860 0 0 -0.000399
2865 0 0 -0.000378
2870 0 0 -0.000362
2875 0 0 -0.000351
2880 0 0 -0.000342
2885 0 0 -0.000333
2890 0 0 -0.000324
2895 0 0 -0.000312
2900 0 0 -0.000298
2905 0 0 -0.000287
2910 0 0 -0.000282
2915 0 0 -0.000287
2920 0 0 -0.000294
2925 0 0 -0.000294
2930 0 0 -0.000280
2935 0 0 -0.000259
2940 0 0 -0.000240
2945 0 0 -0.000229
2950 0 0 -0.000226
2955 0 0 -0.000228
2960 0 0 -0.000232
2965 0 0 -0.000234
2970 0 0 -0.000234
2975 0 0 -0.000229
2980 0 0 -0.000225
2985 0 0 -0.000228
2990 0 0 -0.000240
2995 0 0 -0.000250
3000 0 0 -0.000240
3005 0 0 -0.000203
3010 0 0 -0.000158
3015 0 0 -0.000132
3020 0 0 -0.000144
3025 0 0 -0.000177
3030 0 0 -0.000204
3035 0 0 -0.000205
3040 0 0 -0.000188
3045 0 0 -0.000168
3050 0 0 -0.000157
3055 0 0 -0.000155
3060 0 0 -0.000162
3065 0 0 -0.000176
3070 0 0 -0.000198
3075 0 0 -0.000228
3080 0 0 -0.000264
3085 0 0 -0.000289
3090 0 0 -0.000282
3095 0 0 -0.000233
3100 0 0 -0.000165
3105 0 0 -0.000114
3110 0 0 -0.000102
3115 0 0 -0.000113
3120 0 0 -0.000120
3125 0 0 -0.000104
3130 0 0 -0.000077
3135 0 0 -0.000060
3140 0 0 -0.000067
3145 0 0 -0.000088
3150 0 0 -0.000108
3155 0 0 -0.000115
3160 0 0 -0.000109
3165 0 0 -0.000096
3170 0 0 -0.000081
3175 0 0 -0.000070
3180 0 0 -0.000072
3185 0 0 -0.000089
3190 0 0 -0.000110
3195 0 0 -0.000120
3200 0 0 -0.000109
3205 0 0 -0.000093
3210 0 0 -0.000090
3215 0 0 -0.000115
3220 0 0 -0.000152
3225 0 0 -0.000180
3230 0 0 -0.000183
3235 0 0 -0.000168
3240 0 0 -0.000150
3245 0 0 -0.000139
3250 0 0 -0.000137
3255 0 0 -0.000144
3260 0 0 -0.000158
3265 0 0 -0.000171
3270 0 0 -0.000174
3275 0 0 -0.000161
3280 0 0 -0.000141
3285 0 0 -0.000126
3290 0 0 -0.000125
3295 0 0 -0.000138
3300 0 0 -0.000162
3305 0 0 -0.000192
3310 0 0 -0.000224
3315 0 0 -0.000252
3320 0 0 -0.000271
3325 0 0 -0.000282
3330 0 0 -0.000288
3335 0 0 -0.000290
3340 0 0 -0.000285
3345 0 0 -0.000270
3350 0 0 -0.000244
3355 0 0 -0.000214
3360 0 0 -0.000186
3365 0 0 -0.000168
3370 0 0 -0.000162
3375 0 0 -0.000168
3380 0 0 -0.000184
3385 0 0 -0.000204
3390 0 0 -0.000216
3395 0 0 -0.000214
3400 0 0 -0.000202
3405 0 0 -0.000186
3410 0 0 -0.000171
3415 0 0 -0.000158
3420 0 0 -0.000150
3425 0 0 -0.000146
3430 0 0 -0.000145
3435 0 0 -0.000144
3440 0 0 -0.000141
3445 0 0 -0.000136
3450 0 0 -0.000132
3455 0 0 -0.000131
3460 0 0 -0.000141
3465 0 0 -0.000168
3470 0 0 -0.000215
3475 0 0 -0.000260
3480 0 0 -0.000276
3485 0 0 -0.000245
3490 0 0 -0.000189
3495 0 0 -0.000138
3500 0 0 -0.000115
3505 0 0 -0.000111
3510 0 0 -0.000108
3515 0 0 -0.000095
3520 0 0 -0.000081
3525 0 0 -0.000078
3530 0 0 -0.000096
3535 0 0 -0.000125
3540 0 0 -0.000150
3545 0 0 -0.000161
3550 0 0 -0.000158
3555 0 0 -0.000144
3560 0 0 -0.000124
3565 0 0 -0.000107
3570 0 0 -0.000102
3575 0 0 -0.000115
3580 0 0 -0.000137
3585 0 0 -0.000156
3590 0 0 -0.000161
3595 0 0 -0.000156
3600 0 0 -0.000144
3605 0 0 -0.000131
3610 0 0 -0.000123
3615 0 0 -0.000126
3620 0 0 -0.000142
3625 0 0 -0.000161
3630 0 0 -0.000168
3635 0 0 -0.000154
3640 0 0 -0.000131
3645 0 0 -0.000114
3650 0 0 -0.000116
3655 0 0 -0.000132
3660 0 0 -0.000150
3665 0 0 -0.000163
3670 0 0 -0.000170
3675 0 0 -0.000174
3680 0 0 -0.000177
3685 0 0 -0.000181
3690 0 0 -0.000192
3695 0 0 -0.000209
3700 0 0 -0.000225
3705 0 0 -0.000228
3710 0 0 -0.000212
3715 0 0 -0.000188
3720 0 0 -0.000174
3725 0 0 -0.000180
3730 0 0 -0.000197
3735 0 0 -0.000210
3740 0 0 -0.000208
3745 0 0 -0.000197
3750 0 0 -0.000186
3755 0 0 -0.000181
3760 0 0 -0.000184
3765 0 0 -0.000192
3770 0 0 -0.000203
3775 0 0 -0.000211
3780 0 0 -0.000210
3785 0 0 -0.000196
3790 0 0 -0.000178
3795 0 0 -0.000168
3800 0 0 -0.000173
3805 0 0 -0.000184
3810 0 0 -0.000186
3815 0 0 -0.000171
3820 0 0 -0.000153
3825 0 0 -0.000150
3830 0 0 -0.000174
3835 0 0 -0.000213
3840 0 0 -0.000246
3845 0 0 -0.000259
3850 0 0 -0.000254
3855 0 0 -0.000240
3860 0 0 -0.000224
3865 0 0 -0.000212
3870 0 0 -0.000210
3875 0 0 -0.000222
3880 0 0 -0.000242
3885 0 0 -0.000264
3890 0 0 -0.000282
3895 0 0 -0.000292
3900 0 0 -0.000294
3905 0 0 -0.000287
3910 0 0 -0.000280
3915 0 0 -0.000282
3920 0 0 -0.000298
3925 0 0 -0.000317
3930 0 0 -0.000324
3935 0 0 -0.000308
3940 0 0 -0.000287
3945 0 0 -0.000282
3950 0 0 -0.000307
3955 0 0 -0.000341
3960 0 0 -0.000354
3965 0 0 -0.000325
3970 0 0 -0.000273
3975 0 0 -0.000228
3980 0 0 -0.000211
3985 0 0 -0.000216
3990 0 0 -0.000228
3995 0 0 -0.000237
4000 0 0 -0.000243
4005 0 0 -0.000252
4010 0 0 -0.000266
4015 0 0 -0.000283
4020 0 0 -0.000300
4025 0 0 -0.000313
4030 0 0 -0.000315
4035 0 0 -0.000300
4040 0 0 -0.000266
4045 0 0 -0.000227
4050 0 0 -0.000204
4055 0 0 -0.000210
4060 0 0 -0.000236
4065 0 0 -0.000270
4070 0 0 -0.000299
4075 0 0 -0.000313
4080 0 0 -0.000306
4085 0 0 -0.000274
4090 0 0 -0.000235
4095 0 0 -0.000210
4100 0 0 -0.000214
4105 0 0 -0.000235
4110 0 0 -0.000252
4115 0 0 -0.000252
4120 0 0 -0.000245
4125 0 0 -0.000246
4130 0 0 -0.000267
4135 0 0 -0.000302
4140 0 0 -0.000342
4145 0 0 -0.000377
4150 0 0 -0.000404
4155 0 0 -0.000420
4160 0 0 -0.000423
4165 0 0 -0.000422
4170 0 0 -0.000426
4175 0 0 -0.000442
4180 0 0 -0.000458
4185 0 0 -0.000462
4190 0 0 -0.000442
4195 0 0 -0.000406
4200 0 0 -0.000366
4205 0 0 -0.000332
4210 0 0 -0.000310
4215 0 0 -0.000306
4220 0 0 -0.000321
4225 0 0 -0.000344
4230 0 0 -0.000360
4235 0 0 -0.000359
4240 0 0 -0.000344
4245 0 0 -0.000324
4250 0 0 -0.000305
4255 0 0 -0.000297
4260 0 0 -0.000306
4265 0 0 -0.000336
4270 0 0 -0.000373
4275 0 0 -0.000396
4280 0 0 -0.000391
4285 0 0 -0.000368
4290 0 0 -0.000342
4295 0 0 -0.000324
4300 0 0 -0.000315
4305 0 0 -0.000312
4310 0 0 -0.000312
4315 0 0 -0.000308
4320 0 0 -0.000294
4325 0 0 -0.000265
4330 0 0 -0.000227
4335 0 0 -0.000192
4340 0 0 -0.000166
4345 0 0 -0.000151
4350 0 0 -0.000144
4355 0 0 -0.000143
4360 0 0 -0.000143
4365 0 0 -0.000138
4370 0 0 -0.000125
4375 0 0 -0.000110
4380 0 0 -0.000102
4385 0 0 -0.000107
4390 0 0 -0.000120
4395 0 0 -0.000132
4400 0 0 -0.000138
4405 0 0 -0.000137
4410 0 0 -0.000132
4415 0 0 -0.000125
4420 0 0 -0.000120
4425 0 0 -0.000120
4430 0 0 -0.000126
4435 0 0 -0.000131
4440 0 0 -0.000126
4445 0 0 -0.000107
4450 0 0 -0.000084
4455 0 0 -0.000072
4460 0 0 -0.000081
4465 0 0 -0.000101
4470 0 0 -0.000120
4475 0 0 -0.000126
4480 0 0 -0.000121
4485 0 0 -0.000108
4490 0 0 -0.000092
4495 0 0 -0.000079
4500 0 0 -0.000078
4505 0 0 -0.000092
4510 0 0 -0.000113
4515 0 0 -0.000126
4520 0 0 -0.000124
4525 0 0 -0.000110
4530 0 0 -0.000096
4535 0 0 -0.000088
4540 0 0 -0.000088
4545 0 0 -0.000096
4550 0 0 -0.000112
4555 0 0 -0.000125
4560 0 0 -0.000126
4565 0 0 -0.000108
4570 0 0 -0.000082
4575 0 0 -0.000066
4580 0 0 -0.000071
4585 0 0 -0.000089
4590 0 0 -0.000108
4595 0 0 -0.000118
4600 0 0 -0.000123
4605 0 0 -0.000126
4610 0 0 -0.000133
4615 0 0 -0.000143
4620 0 0 -0.000156
4625 0 0 -0.000171
4630 0 0 -0.000181
4635 0 0 -0.000180
4640 0 0 -0.000164
4645 0 0 -0.000142
4650 0 0 -0.000126
4655 0 0 -0.000123
4660 0 0 -0.000126
4665 0 0 -0.000126
4670 0 0 -0.000115
4675 0 0 -0.000098
4680 0 0 -0.000084
4685 0 0 -0.000081
4690 0 0 -0.000087
4695 0 0 -0.000102
4700 0 0 -0.000121
4705 0 0 -0.000135
4710 0 0 -0.000132
4715 0 0 -0.000105
4720 0 0 -0.000072
4725 0 0 -0.000054
4730 0 0 -0.000067
4735 0 0 -0.000103
4740 0 0 -0.000144
4745 0 0 -0.000178
4750 0 0 -0.000199
4755 0 0 -0.000204
4760 0 0 -0.000194
4765 0 0 -0.000177
4770 0 0 -0.000168
4775 0 0 -0.000174
4780 0 0 -0.000188
4785 0 0 -0.000198
4790 0 0 -0.000195
4795 0 0 -0.000178
4800 0 0 -0.000150
4805 0 0 -0.000114
4810 0 0 -0.000078
4815 0 0 -0.000048
4820 0 0 -0.000032
4825 0 0 -0.000030
4830 0 0 -0.000042
4835 0 0 -0.000066
4840 0 0 -0.000092
4845 0 0 -0.000108
4850 0 0 -0.000107
4855 0 0 -0.000097
4860 0 0 -0.000090
4865 0 0 -0.000093
4870 0 0 -0.000101
4875 0 0 -0.000102
4880 0 0 -0.000091
4885 0 0 -0.000073
4890 0 0 -0.000060
4895 0 0 -0.000057
4900 0 0 -0.000059
4905 0 0 -0.000054
4910 0 0 -0.000037
4915 0 0 -0.000016
4920 0 0 -0.000006
4925 0 0 -0.000016
4930 0 0 -0.000038
4935 0 0 -0.000060
4940 0 0 -0.000075
4945 0 0 -0.000090
4950 0 0 -0.000114
4955 0 0 -0.000153
4960 0 0 -0.000189
4965 0 0 -0.000198
4970 0 0 -0.000167
4975 0 0 -0.000119
4980 0 0 -0.000090
4985 0 0 -0.000103
4990 0 0 -0.000138
4995 0 0 -0.000168
5000 0 0 -0.000171
5005 0 0 -0.000157
5010 0 0 -0.000144
5015 0 0 -0.000147
5020 0 0 -0.000162
5025 0 0 -0.000180
5030 0 0 -0.000194
5035 0 0 -0.000198
5040 0 0 -0.000186
5045 0 0 -0.000160
5050 0 0 -0.000146
5055 0 0 -0.000180
5060 0 0 -0.000279
5065 0 0 -0.000396
5070 0 0 -0.000468
5075 0 0 -0.000450
5080 0 0 -0.000374
5085 0 0 -0.000288
5090 0 0 -0.000232
5095 0 0 -0.000205
5100 0 0 -0.000198
5105 0 0 -0.000200
5110 0 0 -0.000208
5115 0 0 -0.000216
5120 0 0 -0.000221
5125 0 0 -0.000220
5130 0 0 -0.000210
5135 0 0 -0.000190
5140 0 0 -0.000168
5145 0 0 -0.000156
5150 0 0 -0.000161
5155 0 0 -0.000176
5160 0 0 -0.000192
5165 0 0 -0.000199
5170 0 0 -0.000197
5175 0 0 -0.000186
5180 0 0 -0.000168
5185 0 0 -0.000153
5190 0 0 -0.000150
5195 0 0 -0.000166
5200 0 0 -0.000189
5205 0 0 -0.000204
5210 0 0 -0.000200
5215 0 0 -0.000185
5220 0 0 -0.000174
5225 0 0 -0.000178
5230 0 0 -0.000195
5235 0 0 -0.000222
5240 0 0 -0.000253
5245 0 0 -0.000285
5250 0 0 -0.000312
5255 0 0 -0.000330
5260 0 0 -0.000333
5265 0 0 -0.000318
5270 0 0 -0.000283
5275 0 0 -0.000242
5280 0 0 -0.000216
5285 0 0 -0.000217
5290 0 0 -0.000234
5295 0 0 -0.000252
5300 0 0 -0.000257
5305 0 0 -0.000254
5310 0 0 -0.000252
5315 0 0 -0.000256
5320 0 0 -0.000262
5325 0 0 -0.000264
5330 0 0 -0.000257
5335 0 0 -0.000245
5340 0 0 -0.000234
5345 0 0 -0.000229
5350 0 0 -0.000234
5355 0 0 -0.000252
5360 0 0 -0.000281
5365 0 0 -0.000294
5370 0 0 -0.000258
5375 0 0 -0.000170
5380 0 0 -0.000151
5385 0 0 -0.000348
5390 0 0 -0.000835
5395 0 0 -0.001372
5400 0 0 -0.001644
5405 0 0 -0.001437
5410 0 0 -0.000948
5415 0 0 -0.000480
5420 0 0 -0.000261
5425 0 0 -0.000239
5430 0 0 -0.000288
5435 0 0 -0.000309
5440 0 0 -0.000299
5445 0 0 -0.000282
5450 0 0 -0.000275
5455 0 0 -0.000277
5460 0 0 -0.000282
5465 0 0 -0.000284
5470 0 0 -0.000284
5475 0 0 -0.000282
5480 0 0 -0.000279
5485 0 0 -0.000276
5490 0 0 -0.000276
5495 0 0 -0.000278
5500 0 0 -0.000281
5505 0 0 -0.000282
5510 0 0 -0.000279
5515 0 0 -0.000276
5520 0 0 -0.000282
5525 0 0 -0.000299
5530 0 0 -0.000319
5535 0 0 -0.000330
5540 0 0 -0.000324
5545 0 0 -0.000307
5550 0 0 -0.000288
5555 0 0 -0.000276
5560 0 0 -0.000275
5565 0 0 -0.000288
5570 0 0 -0.000316
5575 0 0 -0.000348
5580 0 0 -0.000372
5585 0 0 -0.000378
5590 0 0 -0.000373
5595 0 0 -0.000366
5600 0 0 -0.000365
5605 0 0 -0.000369
5610 0 0 -0.000378
5615 0 0 -0.000390
5620 0 0 -0.000402
5625 0 0 -0.000414
5630 0 0 -0.000422
5635 0 0 -0.000425
5640 0 0 -0.000420
5645 0 0 -0.000407
5650 0 0 -0.000395
5655 0 0 -0.000396
5660 0 0 -0.000417
5665 0 0 -0.000443
5670 0 0 -0.000456
5675 0 0 -0.000443
5680 0 0 -0.000415
5685 0 0 -0.000390
5690 0 0 -0.000381
5695 0 0 -0.000384
5700 0 0 -0.000390
5705 0 0 -0.000394
5710 0 0 -0.000396
5715 0 0 -0.000402
5720 0 0 -0.000412
5725 0 0 -0.000419
5730 0 0 -0.000414
5735 0 0 -0.000391
5740 0 0 -0.000359
5745 0 0 -0.000330
5750 0 0 -0.000314
5755 0 0 -0.000305
5760 0 0 -0.000294
5765 0 0 -0.000277
5770 0 0 -0.000264
5775 0 0 -0.000270
5780 0 0 -0.000304
5785 0 0 -0.000348
5790 0 0 -0.000378
5795 0 0 -0.000376
5800 0 0 -0.000351
5805 0 0 -0.000318
5810 0 0 -0.000290
5815 0 0 -0.000273
5820 0 0 -0.000270
5825 0 0 -0.000282
5830 0 0 -0.000299
5835 0 0 -0.000306
5840 0 0 -0.000294
5845 0 0 -0.000271
5850 0 0 -0.000246
5855 0 0 -0.000228
5860 0 0 -0.000214
5865 0 0 -0.000198
5870 0 0 -0.000175
5875 0 0 -0.000151
5880 0 0 -0.000132
5885 0 0 -0.000123
5890 0 0 -0.000120
5895 0 0 -0.000120
5900 0 0 -0.000118
5905 0 0 -0.000112
5910 0 0 -0.000102
5915 0 0 -0.000089
5920 0 0 -0.000079
5925 0 0 -0.000078
5930 0 0 -0.000091
5935 0 0 -0.000111
5940 0 0 -0.000126
5945 0 0 -0.000129
5950 0 0 -0.000122
5955 0 0 -0.000108
5960 0 0 -0.000091
5965 0 0 -0.000079
5970 0 0 -0.000078
5975 0 0 -0.000094
5980 0 0 -0.000116
5985 0 0 -0.000132
5990 0 0 -0.000132
5995 0 0 -0.000123
6000 0 0 -0.000114
6005 0 0 -0.000114
6010 0 0 -0.000123
6015 0 0 -0.000138
6020 0 0 -0.000157
6025 0 0 -0.000174
6030 0 0 -0.000186
6035 0 0 -0.000188
6040 0 0 -0.000181
6045 0 0 -0.000168
6050 0 0 -0.000153
6055 0 0 -0.000143
6060 0 0 -0.000144
6065 0 0 -0.000161
6070 0 0 -0.000182
6075 0 0 -0.000192
6080 0 0 -0.000182
6085 0 0 -0.000160
6090 0 0 -0.000138
6095 0 0 -0.000128
6100 0 0 -0.000130
6105 0 0 -0.000144
6110 0 0 -0.000165
6115 0 0 -0.000184
6120 0 0 -0.000186
6125 0 0 -0.000165
6130 0 0 -0.000138
6135 0 0 -0.000126
6140 0 0 -0.000145
6145 0 0 -0.000185
6150 0 0 -0.000228
6155 0 0 -0.000260
6160 0 0 -0.000274
6165 0 0 -0.000270
6170 0 0 -0.000248
6175 0 0 -0.000225
6180 0 0 -0.000222
6185 0 0 -0.000253
6190 0 0 -0.000300
6195 0 0 -0.000336
6200 0 0 -0.000340
6205 0 0 -0.000317
6210 0 0 -0.000276
6215 0 0 -0.000228
6220 0 0 -0.000183
6225 0 0 -0.000156
6230 0 0 -0.000153
6235 0 0 -0.000166
6240 0 0 -0.000180
6245 0 0 -0.000186
6250 0 0 -0.000184
6255 0 0 -0.000180
6260 0 0 -0.000178
6265 0 0 -0.000178
6270 0 0 -0.000180
6275 0 0 -0.000184
6280 0 0 -0.000187
6285 0 0 -0.000186
6290 0 0 -0.000178
6295 0 0 -0.000168
6300 0 0 -0.000162
6305 0 0 -0.000164
6310 0 0 -0.000171
6315 0 0 -0.000180
6320 0 0 -0.000186
6325 0 0 -0.000186
6330 0 0 -0.000180
6335 0 0 -0.000167
6340 0 0 -0.000160
6345 0 0 -0.000174
6350 0 0 -0.000216
6355 0 0 -0.000262
6360 0 0 -0.000282
6365 0 0 -0.000256
6370 0 0 -0.000210
6375 0 0 -0.000180
6380 0 0 -0.000191
6385 0 0 -0.000224
6390 0 0 -0.000246
6395 0 0 -0.000235
6400 0 0 -0.000207
6405 0 0 -0.000186
6410 0 0 -0.000191
6415 0 0 -0.000214
6420 0 0 -0.000240
6425 0 0 -0.000256
6430 0 0 -0.000261
6435 0 0 -0.000258
6440 0 0 -0.000248
6445 0 0 -0.000232
6450 0 0 -0.000210
6455 0 0 -0.000183
6460 0 0 -0.000160
6465 0 0 -0.000150
6470 0 0 -0.000159
6475 0 0 -0.000177
6480 0 0 -0.000192
6485 0 0 -0.000195
6490 0 0 -0.000189
6495 0 0 -0.000180
6500 0 0 -0.000174
6505 0 0 -0.000173
6510 0 0 -0.000174
6515 0 0 -0.000178
6520 0 0 -0.000179
6525 0 0 -0.000174
6530 0 0 -0.000159
6535 0 0 -0.000142
6540 0 0 -0.000132
6545 0 0 -0.000135
6550 0 0 -0.000147
6555 0 0 -0.000162
6560 0 0 -0.000173
6565 0 0 -0.000178
6570 0 0 -0.000174
6575 0 0 -0.000160
6580 0 0 -0.000143
6585 0 0 -0.000132
6590 0 0 -0.000133
6595 0 0 -0.000143
6600 0 0 -0.000156
6605 0 0 -0.000167
6610 0 0 -0.000173
6615 0 0 -0.000168
6620 0 0 -0.000152
6625 0 0 -0.000134
6630 0 0 -0.000126
6635 0 0 -0.000137
6640 0 0 -0.000157
6645 0 0 -0.000174
6650 0 0 -0.000178
6655 0 0 -0.000170
6660 0 0 -0.000156
6665 0 0 -0.000140
6670 0 0 -0.000127
6675 0 0 -0.000126
6680 0 0 -0.000139
6685 0 0 -0.000155
6690 0 0 -0.000162
6695 0 0 -0.000149
6700 0 0 -0.000123
6705 0 0 -0.000096
6710 0 0 -0.000077
6715 0 0 -0.000070
6720 0 0 -0.000078
6725 0 0 -0.000101
6730 0 0 -0.000123
6735 0 0 -0.000126
6740 0 0 -0.000101
6745 0 0 -0.000078
6750 0 0 -0.000096
6755 0 0 -0.000177
6760 0 0 -0.000279
6765 0 0 -0.000342
6770 0 0 -0.000324
6775 0 0 -0.000261
6780 0 0 -0.000204
6785 0 0 -0.000193
6790 0 0 -0.000213
6795 0 0 -0.000234
6800 0 0 -0.000235
6805 0 0 -0.000231
6810 0 0 -0.000246
6815 0 0 -0.000294
6820 0 0 -0.000354
6825 0 0 -0.000396
6830 0 0 -0.000397
6835 0 0 -0.000369
6840 0 0 -0.000330
6845 0 0 -0.000296
6850 0 0 -0.000269
6855 0 0 -0.000246
6860 0 0 -0.000226
6865 0 0 -0.000211
6870 0 0 -0.000204
6875 0 0 -0.000207
6880 0 0 -0.000214
6885 0 0 -0.000216
6890 0 0 -0.000208
6895 0 0 -0.000197
6900 0 0 -0.000192
6905 0 0 -0.000201
6910 0 0 -0.000218
6915 0 0 -0.000234
6920 0 0 -0.000243
6925 0 0 -0.000245
6930 0 0 -0.000246
6935 0 0 -0.000247
6940 0 0 -0.000249
6945 0 0 -0.000252
6950 0 0 -0.000255
6955 0 0 -0.000258
6960 0 0 -0.000264
6965 0 0 -0.000273
6970 0 0 -0.000285
6975 0 0 -0.000300
6980 0 0 -0.000315
6985 0 0 -0.000324
6990 0 0 -0.000318
6995 0 0 -0.000294
7000 0 0 -0.000271
7005 0 0 -0.000276
7010 0 0 -0.000325
7015 0 0 -0.000401
7020 0 0 -0.000480
7025 0 0 -0.000538
7030 0 0 -0.000560
7035 0 0 -0.000534
7040 0 0 -0.000461
7045 0 0 -0.000402
7050 0 0 -0.000432
7055 0 0 -0.000599
7060 0 0 -0.000841
7065 0 0 -0.001068
7070 0 0 -0.001211
7075 0 0 -0.001284
7080 0 0 -0.001320
7085 0 0 -0.001347
7090 0 0 -0.001362
7095 0 0 -0.001356
7100 0 0 -0.001325
7105 0 0 -0.001282
7110 0 0 -0.001248
7115 0 0 -0.001227
7120 0 0 -0.001174
7125 0 0 -0.001026
7130 0 0 -0.000760
7135 0 0 -0.000491
7140 0 0 -0.000372
7145 0 0 -0.000498
7150 0 0 -0.000741
7155 0 0 -0.000918
7160 0 0 -0.000902
7165 0 0 -0.000790
7170 0 0 -0.000732
7175 0 0 -0.000835
7180 0 0 -0.001025
7185 0 0 -0.001182
7190 0 0 -0.001216
7195 0 0 -0.001162
7200 0 0 -0.001086
7205 0 0 -0.001039
7210 0 0 -0.001016
7215 0 0 -0.001002
7220 0 0 -0.000982
7225 0 0 -0.000958
7230 0 0 -0.000936
7235 0 0 -0.000921
7240 0 0 -0.000908
7245 0 0 -0.000894
7250 0 0 -0.000875
7255 0 0 -0.000860
7260 0 0 -0.000858
7265 0 0 -0.000875
7270 0 0 -0.000900
7275 0 0 -0.000918
7280 0 0 -0.000917
7285 0 0 -0.000902
7290 0 0 -0.000882
7295 0 0 -0.000863
7300 0 0 -0.000836
7305 0 0 -0.000786
7310 0 0 -0.000705
7315 0 0 -0.000599
7320 0 0 -0.000480
7325 0 0 -0.000360
7330 0 0 -0.000252
7335 0 0 -0.000174
7340 0 0 -0.000135
7345 0 0 -0.000124
7350 0 0 -0.000126
7355 0 0 -0.000128
7360 0 0 -0.000126
7365 0 0 -0.000120
7370 0 0 -0.000110
7375 0 0 -0.000099
7380 0 0 -0.000090
7385 0 0 -0.000085
7390 0 0 -0.000082
7395 0 0 -0.000078
7400 0 0 -0.000071
7405 0 0 -0.000066
7410 0 0 -0.000072
7415 0 0 -0.000092
7420 0 0 -0.000118
7425 0 0 -0.000138
7430 0 0 -0.000143
7435 0 0 -0.000140
7440 0 0 -0.000138
7445 0 0 -0.000145
7450 0 0 -0.000156
7455 0 0 -0.000162
7460 0 0 -0.000157
7465 0 0 -0.000143
7470 0 0 -0.000126
7475 0 0 -0.000111
7480 0 0 -0.000104
7485 0 0 -0.000108
7490 0 0 -0.000126
7495 0 0 -0.000151
7500 0 0 -0.000174
7505 0 0 -0.000187
7510 0 0 -0.000189
7515 0 0 -0.000180
7520 0 0 -0.000163
7525 0 0 -0.000144
7530 0 0 -0.000132
7535 0 0 -0.000134
7540 0 0 -0.000146
7545 0 0 -0.000162
7550 0 0 -0.000176
7555 0 0 -0.000184
7560 0 0 -0.000180
7565 0 0 -0.000162
7570 0 0 -0.000140
7575 0 0 -0.000126
7580 0 0 -0.000128
7585 0 0 -0.000143
7590 0 0 -0.000162
7595 0 0 -0.000178
7600 0 0 -0.000186
7605 0 0 -0.000180
7610 0 0 -0.000158
7615 0 0 -0.000133
7620 0 0 -0.000120
7625 0 0 -0.000131
7630 0 0 -0.000157
7635 0 0 -0.000186
7640 0 0 -0.000207
7645 0 0 -0.000217
7650 0 0 -0.000216
7655 0 0 -0.000206
7660 0 0 -0.000190
7665 0 0 -0.000174
7670 0 0 -0.000163
7675 0 0 -0.000155
7680 0 0 -0.000150
7685 0 0 -0.000145
7690 0 0 -0.000137
7695 0 0 -0.000120
7700 0 0 -0.000093
7705 0 0 -0.000069
7710 0 0 -0.000060
7715 0 0 -0.000077
7720 0 0 -0.000105
7725 0 0 -0.000126
7730 0 0 -0.000125
7735 0 0 -0.000113
7740 0 0 -0.000102
7745 0 0 -0.000104
7750 0 0 -0.000115
7755 0 0 -0.000126
7760 0 0 -0.000130
7765 0 0 -0.000125
7770 0 0 -0.000114
7775 0 0 -0.000097
7780 0 0 -0.000079
7785 0 0 -0.000066
7790 0 0 -0.000063
7795 0 0 -0.000071
7800 0 0 -0.000090
7805 0 0 -0.000119
7810 0 0 -0.000148
7815 0 0 -0.000168
7820 0 0 -0.000171
7825 0 0 -0.000164
7830 0 0 -0.000156
7835 0 0 -0.000154
7840 0 0 -0.000158
7845 0 0 -0.000168
7850 0 0 -0.000181
7855 0 0 -0.000192
7860 0 0 -0.000192
7865 0 0 -0.000178
7870 0 0 -0.000160
7875 0 0 -0.000150
7880 0 0 -0.000157
7885 0 0 -0.000178
7890 0 0 -0.000204
7895 0 0 -0.000228
7900 0 0 -0.000242
7905 0 0 -0.000240
7910 0 0 -0.000219
7915 0 0 -0.000190
7920 0 0 -0.000168
7925 0 0 -0.000164
7930 0 0 -0.000174
7935 0 0 -0.000192
7940 0 0 -0.000210
7945 0 0 -0.000222
7950 0 0 -0.000222
7955 0 0 -0.000207
7960 0 0 -0.000186
7965 0 0 -0.000168
7970 0 0 -0.000162
7975 0 0 -0.000167
7980 0 0 -0.000180
7985 0 0 -0.000197
7990 0 0 -0.000212
7995 0 0 -0.000216
8000 0 0 -0.000206
8005 0 0 -0.000188
8010 0 0 -0.000174
8015 0 0 -0.000171
8020 0 0 -0.000178
8025 0 0 -0.000192
8030 0 0 -0.000208
8035 0 0 -0.000218
8040 0 0 -0.000216
8045 0 0 -0.000197
8050 0 0 -0.000172
8055 0 0 -0.000156
8060 0 0 -0.000161
8065 0 0 -0.000179
8070 0 0 -0.000198
8075 0 0 -0.000209
8080 0 0 -0.000211
8085 0 0 -0.000204
8090 0 0 -0.000190
8095 0 0 -0.000173
8100 0 0 -0.000162
8105 0 0 -0.000160
8110 0 0 -0.000162
8115 0 0 -0.000162
8120 0 0 -0.000156
8125 0 0 -0.000146
8130 0 0 -0.000138
8135 0 0 -0.000137
8140 0 0 -0.000143
8145 0 0 -0.000156
8150 0 0 -0.000175
8155 0 0 -0.000195
8160 0 0 -0.000210
8165 0 0 -0.000215
8170 0 0 -0.000214
8175 0 0 -0.000210
8180 0 0 -0.000207
8185 0 0 -0.000206
8190 0 0 -0.000204
8195 0 0 -0.000202
8200 0 0 -0.000203
8205 0 0 -0.000210
8210 0 0 -0.000226
8215 0 0 -0.000249
8220 0 0 -0.000276
8225 0 0 -0.000302
8230 0 0 -0.000319
8235 0 0 -0.000318
8240 0 0 -0.000295
8245 0 0 -0.000268
8250 0 0 -0.000258
8255 0 0 -0.000279
8260 0 0 -0.000310
8265 0 0 -0.000324
8270 0 0 -0.000301
8275 0 0 -0.000258
8280 0 0 -0.000222
8285 0 0 -0.000212
8290 0 0 -0.000221
8295 0 0 -0.000234
8300 0 0 -0.000239
8305 0 0 -0.000240
8310 0 0 -0.000246
8315 0 0 -0.000261
8320 0 0 -0.000279
8325 0 0 -0.000294
8330 0 0 -0.000299
8335 0 0 -0.000294
8340 0 0 -0.000282
8345 0 0 -0.000265
8350 0 0 -0.000249
8355 0 0 -0.000240
8360 0 0 -0.000242
8365 0 0 -0.000256
8370 0 0 -0.000282
8375 0 0 -0.000317
8380 0 0 -0.000348
8385 0 0 -0.000360
8390 0 0 -0.000343
8395 0 0 -0.000315
8400 0 0 -0.000300
8405 0 0 -0.000314
8410 0 0 -0.000349
8415 0 0 -0.000390
8420 0 0 -0.000424
8425 0 0 -0.000450
8430 0 0 -0.000468
8435 0 0 -0.000478
8440 0 0 -0.000474
8445 0 0 -0.000450
8450 0 0 -0.000404
8455 0 0 -0.000352
8460 0 0 -0.000318
8465 0 0 -0.000317
8470 0 0 -0.000337
8475 0 0 -0.000360
8480 0 0 -0.000372
8485 0 0 -0.000375
8490 0 0 -0.000372
8495 0 0 -0.000368
8500 0 0 -0.000362
8505 0 0 -0.000354
8510 0 0 -0.000346
8515 0 0 -0.000350
8520 0 0 -0.000384
8525 0 0 -0.000453
8530 0 0 -0.000523
8535 0 0 -0.000552
8540 0 0 -0.000511
8545 0 0 -0.000431
8550 0 0 -0.000360
8555 0 0 -0.000332
8560 0 0 -0.000335
8565 0 0 -0.000348
8570 0 0 -0.000352
8575 0 0 -0.000348
8580 0 0 -0.000342
8585 0 0 -0.000339
8590 0 0 -0.000338
8595 0 0 -0.000336
8600 0 0 -0.000330
8605 0 0 -0.000322
8610 0 0 -0.000312
8615 0 0 -0.000302
8620 0 0 -0.000295
8625 0 0 -0.000294
8630 0 0 -0.000300
8635 0 0 -0.000306
8640 0 0 -0.000306
8645 0 0 -0.000295
8650 0 0 -0.000281
8655 0 0 -0.000276
8660 0 0 -0.000287
8665 0 0 -0.000307
8670 0 0 -0.000324
8675 0 0 -0.000331
8680 0 0 -0.000331
8685 0 0 -0.000330
8690 0 0 -0.000333
8695 0 0 -0.000339
8700 0 0 -0.000342
8705 0 0 -0.000341
8710 0 0 -0.000338
8715 0 0 -0.000336
8720 0 0 -0.000338
8725 0 0 -0.000338
8730 0 0 -0.000330
8735 0 0 -0.000309
8740 0 0 -0.000282
8745 0 0 -0.000258
8750 0 0 -0.000242
8755 0 0 -0.000229
8760 0 0 -0.000210
8765 0 0 -0.000179
8770 0 0 -0.000144
8775 0 0 -0.000120
8780 0 0 -0.000114
8785 0 0 -0.000118
8790 0 0 -0.000120
8795 0 0 -0.000111
8800 0 0 -0.000096
8805 0 0 -0.000084
8810 0 0 -0.000082
8815 0 0 -0.000087
8820 0 0 -0.000096
8825 0 0 -0.000105
8830 0 0 -0.000111
8835 0 0 -0.000114
8840 0 0 -0.000112
8845 0 0 -0.000107
8850 0 0 -0.000102
8855 0 0 -0.000099
8860 0 0 -0.000104
8865 0 0 -0.000120
8870 0 0 -0.000149
8875 0 0 -0.000180
8880 0 0 -0.000198
8885 0 0 -0.000193
8890 0 0 -0.000173
8895 0 0 -0.000150
8900 0 0 -0.000135
8905 0 0 -0.000130
8910 0 0 -0.000138
8915 0 0 -0.000158
8920 0 0 -0.000179
8925 0 0 -0.000192
8930 0 0 -0.000187
8935 0 0 -0.000170
8940 0 0 -0.000150
8945 0 0 -0.000135
8950 0 0 -0.000128
8955 0 0 -0.000132
8960 0 0 -0.000148
8965 0 0 -0.000168
8970 0 0 -0.000180
8975 0 0 -0.000177
8980 0 0 -0.000164
8985 0 0 -0.000150
8990 0 0 -0.000141
8995 0 0 -0.000139
9000 0 0 -0.000144
9005 0 0 -0.000156
9010 0 0 -0.000168
9015 0 0 -0.000174
9020 0 0 -0.000169
9025 0 0 -0.000157
9030 0 0 -0.000144
9035 0 0 -0.000136
9040 0 0 -0.000135
9045 0 0 -0.000144
9050 0 0 -0.000161
9055 0 0 -0.000176
9060 0 0 -0.000174
9065 0 0 -0.000147
9070 0 0 -0.000109
9075 0 0 -0.000078
9080 0 0 -0.000069
9085 0 0 -0.000079
9090 0 0 -0.000096
9095 0 0 -0.000113
9100 0 0 -0.000123
9105 0 0 -0.000120
9110 0 0 -0.000101
9115 0 0 -0.000078
9120 0 0 -0.000066
9125 0 0 -0.000075
9130 0 0 -0.000096
9135 0 0 -0.000114
9140 0 0 -0.000118
9145 0 0 -0.000113
9150 0 0 -0.000108
9155 0 0 -0.000109
9160 0 0 -0.000112
9165 0 0 -0.000114
9170 0 0 -0.000110
9175 0 0 -0.000106
9180 0 0 -0.000108
9185 0 0 -0.000119
9190 0 0 -0.000131
9195 0 0 -0.000132
9200 0 0 -0.000116
9205 0 0 -0.000104
9210 0 0 -0.000120
9215 0 0 -0.000179
9220 0 0 -0.000252
9225 0 0 -0.000294
9230 0 0 -0.000279
9235 0 0 -0.000233
9240 0 0 -0.000198
9245 0 0 -0.000203
9250 0 0 -0.000232
9255 0 0 -0.000258
9260 0 0 -0.000259
9265 0 0 -0.000243
9270 0 0 -0.000222
9275 0 0 -0.000208
9280 0 0 -0.000203
9285 0 0 -0.000204
9290 0 0 -0.000212
9295 0 0 -0.000233
9300 0 0 -0.000270
9305 0 0 -0.000327
9310 0 0 -0.000394
9315 0 0 -0.000456
9320 0 0 -0.000501
9325 0 0 -0.000516
9330 0 0 -0.000492
9335 0 0 -0.000431
9340 0 0 -0.000395
9345 0 0 -0.000456
9350 0 0 -0.000658
9355 0 0 -0.000914
9360 0 0 -0.001104
9365 0 0 -0.001145
9370 0 0 -0.001093
9375 0 0 -0.001038
9380 0 0 -0.001042
9385 0 0 -0.001050
9390 0 0 -0.000978
9395 0 0 -0.000773
9400 0 0 -0.000512
9405 0 0 -0.000300
9410 0 0 -0.000217
9415 0 0 -0.000230
9420 0 0 -0.000276
9425 0 0 -0.000305
9430 0 0 -0.000316
9435 0 0 -0.000318
9440 0 0 -0.000320
9445 0 0 -0.000321
9450 0 0 -0.000318
9455 0 0 -0.000309
9460 0 0 -0.000307
9465 0 0 -0.000324
9470 0 0 -0.000372
9475 0 0 -0.000451
9480 0 0 -0.000558
9485 0 0 -0.000685
9490 0 0 -0.000806
9495 0 0 -0.000888
9500 0 0 -0.000911
9505 0 0 -0.000898
9510 0 0 -0.000882
9515 0 0 -0.000886
9520 0 0 -0.000892
9525 0 0 -0.000870
9530 0 0 -0.000804
9535 0 0 -0.000722
9540 0 0 -0.000666
9545 0 0 -0.000662
9550 0 0 -0.000681
9555 0 0 -0.000678
9560 0 0 -0.000623
9565 0 0 -0.000539
9570 0 0 -0.000462
9575 0 0 -0.000421
9580 0 0 -0.000408
9585 0 0 -0.000408
9590 0 0 -0.000410
9595 0 0 -0.000421
9600 0 0 -0.000450
9605 0 0 -0.000503
9610 0 0 -0.000567
9615 0 0 -0.000624
9620 0 0 -0.000657
9625 0 0 -0.000659
9630 0 0 -0.000624
9635 0 0 -0.000552
9640 0 0 -0.000461
9645 0 0 -0.000378
9650 0 0 -0.000321
9655 0 0 -0.000289
9660 0 0 -0.000276
9665 0 0 -0.000275
9670 0 0 -0.000279
9675 0 0 -0.000282
9680 0 0 -0.000280
9685 0 0 -0.000274
9690 0 0 -0.000270
9695 0 0 -0.000271
9700 0 0 -0.000281
9705 0 0 -0.000300
9710 0 0 -0.000329
9715 0 0 -0.000361
9720 0 0 -0.000384
9725 0 0 -0.000392
9730 0 0 -0.000389
9735 0 0 -0.000384
9740 0 0 -0.000383
9745 0 0 -0.000383
9750 0 0 -0.000378
9755 0 0 -0.000366
9760 0 0 -0.000352
9765 0 0 -0.000342
9770 0 0 -0.000342
9775 0 0 -0.000347
9780 0 0 -0.000354
9785 0 0 -0.000358
9790 0 0 -0.000364
9795 0 0 -0.000378
9800 0 0 -0.000405
9805 0 0 -0.000436
9810 0 0 -0.000462
9815 0 0 -0.000474
9820 0 0 -0.000475
9825 0 0 -0.000468
9830 0 0 -0.000458
9835 0 0 -0.000448
9840 0 0 -0.000438
9845 0 0 -0.000431
9850 0 0 -0.000424
9855 0 0 -0.000414
9860 0 0 -0.000400
9865 0 0 -0.000385
9870 0 0 -0.000372
9875 0 0 -0.000363
9880 0 0 -0.000358
9885 0 0 -0.000354
9890 0 0 -0.000350
9895 0 0 -0.000349
9900 0 0 -0.000354
9905 0 0 -0.000367
9910 0 0 -0.000379
9915 0 0 -0.000378
9920 0 0 -0.000358
9925 0 0 -0.000329
9930 0 0 -0.000306
9935 0 0 -0.000299
9940 0 0 -0.000302
9945 0 0 -0.000306
9950 0 0 -0.000303
9955 0 0 -0.000295
9960 0 0 -0.000288
9965 0 0 -0.000285
9970 0 0 -0.000286
9975 0 0 -0.000288
9980 0 0 -0.000291
9985 0 0 -0.000293
9990 0 0 -0.000294
9995 0 0 -0.000293
10000 0 0 -0.000291
10005 0 0 -0.000288
10010 0 0 -0.000286
10015 0 0 -0.000286
10020 0 0 -0.000288
10025 0 0 -0.000292
10030 0 0 -0.000294
10035 0 0 -0.000288
10040 0 0 -0.000271
10045 0 0 -0.000249
10050 0 0 -0.000228
10055 0 0 -0.000214
10060 0 0 -0.000209
10065 0 0 -0.000210
10070 0 0 -0.000217
10075 0 0 -0.000230
