0 0 0 -0.000576
5 0 0 -0.000428
10 0 0 -0.000357
15 0 0 -0.000344
20 0 0 -0.000370
25 0 0 -0.000415
30 0 0 -0.000460
35 0 0 -0.000487
40 0 0 -0.000489
45 0 0 -0.000460
50 0 0 -0.000402
55 0 0 -0.000349
60 0 0 -0.000344
65 0 0 -0.000411
70 0 0 -0.000508
75 0 0 -0.000576
80 0 0 -0.000572
85 0 0 -0.000520
90 0 0 -0.000460
95 0 0 -0.000426
100 0 0 -0.000426
105 0 0 -0.000460
110 0 0 -0.000522
115 0 0 -0.000575
120 0 0 -0.000576
125 0 0 -0.000500
130 0 0 -0.000400
135 0 0 -0.000344
140 0 0 -0.000378
145 0 0 -0.000446
150 0 0 -0.000464
155 0 0 -0.000381
160 0 0 -0.000268
165 0 0 -0.000228
170 0 0 -0.000330
175 0 0 -0.000514
180 0 0 -0.000688
185 0 0 -0.000777
190 0 0 -0.000774
195 0 0 -0.000692
200 0 0 -0.000551
205 0 0 -0.000413
210 0 0 -0.000348
215 0 0 -0.000401
220 0 0 -0.000508
225 0 0 -0.000576
230 0 0 -0.000540
235 0 0 -0.000440
240 0 0 -0.000344
245 0 0 -0.000304
250 0 0 -0.000312
255 0 0 -0.000344
260 0 0 -0.000381
265 0 0 -0.000420
270 0 0 -0.000460
275 0 0 -0.000502
280 0 0 -0.000542
285 0 0 -0.000576
290 0 0 -0.000599
295 0 0 -0.000602
300 0 0 -0.000576
305 0 0 -0.000515
310 0 0 -0.000434
315 0 0 -0.000348
320 0 0 -0.000276
325 0 0 -0.000232
330 0 0 -0.000232
335 0 0 -0.000283
340 0 0 -0.000368
345 0 0 -0.000464
350 0 0 -0.000547
355 0 0 -0.000592
360 0 0 -0.000576
365 0 0 -0.000490
370 0 0 -0.000391
375 0 0 -0.000348
380 0 0 -0.000408
385 0 0 -0.000512
390 0 0 -0.000576
395 0 0 -0.000540
400 0 0 -0.000442
405 0 0 -0.000348
410 0 0 -0.000307
415 0 0 -0.000314
420 0 0 -0.000348
425 0 0 -0.000392
430 0 0 -0.000435
435 0 0 -0.000464
440 0 0 -0.000474
445 0 0 -0.000469
450 0 0 -0.000460
455 0 0 -0.000454
460 0 0 -0.000454
465 0 0 -0.000460
470 0 0 -0.000472
475 0 0 -0.000477
480 0 0 -0.000460
485 0 0 -0.000415
490 0 0 -0.000365
495 0 0 -0.000344
500 0 0 -0.000372
505 0 0 -0.000423
510 0 0 -0.000460
515 0 0 -0.000459
520 0 0 -0.000446
525 0 0 -0.000460
530 0 0 -0.000531
535 0 0 -0.000653
540 0 0 -0.000808
545 0 0 -0.000971
550 0 0 -0.001074
555 0 0 -0.001040
560 0 0 -0.000832
565 0 0 -0.000583
570 0 0 -0.000464
575 0 0 -0.000599
580 0 0 -0.000909
585 0 0 -0.001264
590 0 0 -0.001543
595 0 0 -0.001649
600 0 0 -0.001496
605 0 0 -0.001072
610 0 0 -0.000676
615 0 0 -0.000688
620 0 0 -0.001346
625 0 0 -0.002341
630 0 0 -0.003224
635 0 0 -0.003648
640 0 0 -0.003672
645 0 0 -0.003456
650 0 0 -0.003134
655 0 0 -0.002745
660 0 0 -0.002300
665 0 0 -0.001827
670 0 0 -0.001411
675 0 0 -0.001148
680 0 0 -0.001104
685 0 0 -0.001215
690 0 0 -0.001380
695 0 0 -0.001513
700 0 0 -0.001565
705 0 0 -0.001500
710 0 0 -0.001306
715 0 0 -0.001073
720 0 0 -0.000920
725 0 0 -0.000928
730 0 0 -0.001037
735 0 0 -0.001152
740 0 0 -0.001195
745 0 0 -0.001155
750 0 0 -0.001040
755 0 0 -0.000870
760 0 0 -0.000723
765 0 0 -0.000692
770 0 0 -0.000829
775 0 0 -0.001030
780 0 0 -0.001152
785 0 0 -0.001096
790 0 0 -0.000940
795 0 0 -0.000804
800 0 0 -0.000781
805 0 0 -0.000841
810 0 0 -0.000924
815 0 0 -0.000979
820 0 0 -0.000983
825 0 0 -0.000924
830 0 0 -0.000800
835 0 0 -0.000661
840 0 0 -0.000572
845 0 0 -0.000575
850 0 0 -0.000634
855 0 0 -0.000692
860 0 0 -0.000707
865 0 0 -0.000697
870 0 0 -0.000692
875 0 0 -0.000713
880 0 0 -0.000727
885 0 0 -0.000692
890 0 0 -0.000581
895 0 0 -0.000443
900 0 0 -0.000344
905 0 0 -0.000332
910 0 0 -0.000384
915 0 0 -0.000460
920 0 0 -0.000525
925 0 0 -0.000566
930 0 0 -0.000576
935 0 0 -0.000556
940 0 0 -0.000541
945 0 0 -0.000576
950 0 0 -0.000686
955 0 0 -0.000823
960 0 0 -0.000920
965 0 0 -0.000946
970 0 0 -0.001012
975 0 0 -0.001268
980 0 0 -0.001778
985 0 0 -0.002279
990 0 0 -0.002424
995 0 0 -0.002016
1000 0 0 -0.001449
1005 0 0 -0.001264
1010 0 0 -0.001806
1015 0 0 -0.002633
1020 0 0 -0.003108
1025 0 0 -0.002794
1030 0 0 -0.002065
1035 0 0 -0.001496
1040 0 0 -0.001500
1045 0 0 -0.001829
1050 0 0 -0.002072
1055 0 0 -0.001933
1060 0 0 -0.001572
1065 0 0 -0.001264
1070 0 0 -0.001214
1075 0 0 -0.001342
1080 0 0 -0.001496
1085 0 0 -0.001558
1090 0 0 -0.001543
1095 0 0 -0.001500
1100 0 0 -0.001474
1105 0 0 -0.001500
1110 0 0 -0.001612
1115 0 0 -0.001825
1120 0 0 -0.002080
1125 0 0 -0.002304
1130 0 0 -0.002434
1135 0 0 -0.002469
1140 0 0 -0.002420
1145 0 0 -0.002302
1150 0 0 -0.002138
1155 0 0 -0.001956
1160 0 0 -0.001783
1165 0 0 -0.001656
1170 0 0 -0.001612
1175 0 0 -0.001669
1180 0 0 -0.001771
1185 0 0 -0.001840
1190 0 0 -0.001825
1195 0 0 -0.001766
1200 0 0 -0.001728
1205 0 0 -0.001756
1210 0 0 -0.001812
1215 0 0 -0.001840
1220 0 0 -0.001798
1225 0 0 -0.001709
1230 0 0 -0.001612
1235 0 0 -0.001539
1240 0 0 -0.001499
1245 0 0 -0.001496
1250 0 0 -0.001528
1255 0 0 -0.001575
1260 0 0 -0.001612
1265 0 0 -0.001622
1270 0 0 -0.001616
1275 0 0 -0.001612
1280 0 0 -0.001622
1285 0 0 -0.001629
1290 0 0 -0.001612
1295 0 0 -0.001559
1300 0 0 -0.001505
1305 0 0 -0.001496
1310 0 0 -0.001561
1315 0 0 -0.001658
1320 0 0 -0.001728
1325 0 0 -0.001728
1330 0 0 -0.001677
1335 0 0 -0.001612
1340 0 0 -0.001561
1345 0 0 -0.001526
1350 0 0 -0.001500
1355 0 0 -0.001476
1360 0 0 -0.001442
1365 0 0 -0.001384
1370 0 0 -0.001291
1375 0 0 -0.001171
1380 0 0 -0.001036
1385 0 0 -0.000898
1390 0 0 -0.000776
1395 0 0 -0.000692
1400 0 0 -0.000659
1405 0 0 -0.000665
1410 0 0 -0.000692
1415 0 0 -0.000721
1420 0 0 -0.000728
1425 0 0 -0.000688
1430 0 0 -0.000587
1435 0 0 -0.000459
1440 0 0 -0.000348
1445 0 0 -0.000292
1450 0 0 -0.000294
1455 0 0 -0.000348
1460 0 0 -0.000442
1465 0 0 -0.000535
1470 0 0 -0.000576
1475 0 0 -0.000533
1480 0 0 -0.000439
1485 0 0 -0.000344
1490 0 0 -0.000291
1495 0 0 -0.000291
1500 0 0 -0.000344
1505 0 0 -0.000443
1510 0 0 -0.000540
1515 0 0 -0.000576
1520 0 0 -0.000515
1525 0 0 -0.000412
1530 0 0 -0.000344
1535 0 0 -0.000363
1540 0 0 -0.000425
1545 0 0 -0.000460
1550 0 0 -0.000423
1555 0 0 -0.000360
1560 0 0 -0.000344
1565 0 0 -0.000418
1570 0 0 -0.000524
1575 0 0 -0.000576
1580 0 0 -0.000519
1585 0 0 -0.000413
1590 0 0 -0.000348
1595 0 0 -0.000387
1600 0 0 -0.000487
1605 0 0 -0.000576
1610 0 0 -0.000598
1615 0 0 -0.000554
1620 0 0 -0.000460
1625 0 0 -0.000339
1630 0 0 -0.000243
1635 0 0 -0.000232
1640 0 0 -0.000337
1645 0 0 -0.000486
1650 0 0 -0.000576
1655 0 0 -0.000540
1660 0 0 -0.000434
1665 0 0 -0.000348
1670 0 0 -0.000347
1675 0 0 -0.000401
1680 0 0 -0.000460
1685 0 0 -0.000482
1690 0 0 -0.000477
1695 0 0 -0.000464
1700 0 0 -0.000459
1705 0 0 -0.000460
1710 0 0 -0.000460
1715 0 0 -0.000455
1720 0 0 -0.000451
1725 0 0 -0.000460
1730 0 0 -0.000483
1735 0 0 -0.000494
1740 0 0 -0.000460
1745 0 0 -0.000365
1750 0 0 -0.000264
1755 0 0 -0.000232
1760 0 0 -0.000315
1765 0 0 -0.000457
1770 0 0 -0.000576
1775 0 0 -0.000607
1780 0 0 -0.000560
1785 0 0 -0.000460
1790 0 0 -0.000339
1795 0 0 -0.000244
1800 0 0 -0.000228
1805 0 0 -0.000320
1810 0 0 -0.000462
1815 0 0 -0.000576
1820 0 0 -0.000601
1825 0 0 -0.000552
1830 0 0 -0.000460
1835 0 0 -0.000357
1840 0 0 -0.000272
1845 0 0 -0.000232
1850 0 0 -0.000262
1855 0 0 -0.000374
1860 0 0 -0.000576
1865 0 0 -0.000866
1870 0 0 -0.001195
1875 0 0 -0.001500
1880 0 0 -0.001727
1885 0 0 -0.001847
1890 0 0 -0.001840
1895 0 0 -0.001700
1900 0 0 -0.001484
1905 0 0 -0.001264
1910 0 0 -0.001094
1915 0 0 -0.000955
1920 0 0 -0.000808
1925 0 0 -0.000630
1930 0 0 -0.000458
1935 0 0 -0.000344
1940 0 0 -0.000326
1945 0 0 -0.000378
1950 0 0 -0.000460
1955 0 0 -0.000534
1960 0 0 -0.000579
1965 0 0 -0.000576
1970 0 0 -0.000516
1975 0 0 -0.000427
1980 0 0 -0.000348
1985 0 0 -0.000309
1990 0 0 -0.000311
1995 0 0 -0.000344
2000 0 0 -0.000398
2005 0 0 -0.000447
2010 0 0 -0.000464
2015 0 0 -0.000431
2020 0 0 -0.000379
2025 0 0 -0.000348
2030 0 0 -0.000369
2035 0 0 -0.000419
2040 0 0 -0.000464
2045 0 0 -0.000479
2050 0 0 -0.000473
2055 0 0 -0.000464
2060 0 0 -0.000464
2065 0 0 -0.000466
2070 0 0 -0.000460
2075 0 0 -0.000437
2080 0 0 -0.000398
2085 0 0 -0.000348
2090 0 0 -0.000297
2095 0 0 -0.000282
2100 0 0 -0.000348
2105 0 0 -0.000515
2110 0 0 -0.000703
2115 0 0 -0.000808
2120 0 0 -0.000763
2125 0 0 -0.000648
2130 0 0 -0.000576
2135 0 0 -0.000666
2140 0 0 -0.001046
2145 0 0 -0.001844
2150 0 0 -0.003058
2155 0 0 -0.004161
2160 0 0 -0.004492
2165 0 0 -0.003635
2170 0 0 -0.002142
2175 0 0 -0.000808
2180 0 0 -0.000234
2185 0 0 -0.000242
2190 0 0 -0.000460
2195 0 0 -0.000588
2200 0 0 -0.000608
2205 0 0 -0.000576
2210 0 0 -0.000536
2215 0 0 -0.000498
2220 0 0 -0.000460
2225 0 0 -0.000422
2230 0 0 -0.000384
2235 0 0 -0.000348
2240 0 0 -0.000318
2245 0 0 -0.000311
2250 0 0 -0.000348
2255 0 0 -0.000437
2260 0 0 -0.000533
2265 0 0 -0.000576
2270 0 0 -0.000527
2275 0 0 -0.000429
2280 0 0 -0.000344
2285 0 0 -0.000319
2290 0 0 -0.000331
2295 0 0 -0.000344
2300 0 0 -0.000335
2305 0 0 -0.000352
2310 0 0 -0.000460
2315 0 0 -0.000696
2320 0 0 -0.000996
2325 0 0 -0.001268
2330 0 0 -0.001439
2335 0 0 -0.001509
2340 0 0 -0.001496
2345 0 0 -0.001418
2350 0 0 -0.001296
2355 0 0 -0.001152
2360 0 0 -0.001004
2365 0 0 -0.000852
2370 0 0 -0.000692
2375 0 0 -0.000546
2380 0 0 -0.000535
2385 0 0 -0.000804
2390 0 0 -0.001421
2395 0 0 -0.002143
2400 0 0 -0.002648
2405 0 0 -0.002704
2410 0 0 -0.002439
2415 0 0 -0.002072
2420 0 0 -0.001782
2425 0 0 -0.001595
2430 0 0 -0.001496
2435 0 0 -0.001468
2440 0 0 -0.001480
2445 0 0 -0.001496
2450 0 0 -0.001483
2455 0 0 -0.001414
2460 0 0 -0.001268
2465 0 0 -0.001041
2470 0 0 -0.000815
2475 0 0 -0.000692
2480 0 0 -0.000741
2485 0 0 -0.000891
2490 0 0 -0.001036
2495 0 0 -0.001095
2500 0 0 -0.001082
2505 0 0 -0.001036
2510 0 0 -0.000998
2515 0 0 -0.001018
2520 0 0 -0.001152
2525 0 0 -0.001427
2530 0 0 -0.001767
2535 0 0 -0.002072
2540 0 0 -0.002265
2545 0 0 -0.002366
2550 0 0 -0.002420
2555 0 0 -0.002461
2560 0 0 -0.002469
2565 0 0 -0.002416
2570 0 0 -0.002284
2575 0 0 -0.002113
2580 0 0 -0.001956
2585 0 0 -0.001857
2590 0 0 -0.001821
2595 0 0 -0.001844
2600 0 0 -0.001908
2605 0 0 -0.001936
2610 0 0 -0.001840
2615 0 0 -0.001580
2620 0 0 -0.001318
2625 0 0 -0.001268
2630 0 0 -0.001561
2635 0 0 -0.002000
2640 0 0 -0.002304
2645 0 0 -0.002271
2650 0 0 -0.002015
2655 0 0 -0.001728
2660 0 0 -0.001561
2665 0 0 -0.001501
2670 0 0 -0.001496
2675 0 0 -0.001501
2680 0 0 -0.001504
2685 0 0 -0.001500
2690 0 0 -0.001498
2695 0 0 -0.001552
2700 0 0 -0.001728
2705 0 0 -0.002052
2710 0 0 -0.002381
2715 0 0 -0.002532
2720 0 0 -0.002381
2725 0 0 -0.002052
2730 0 0 -0.001728
2735 0 0 -0.001551
2740 0 0 -0.001496
2745 0 0 -0.001496
2750 0 0 -0.001497
2755 0 0 -0.001495
2760 0 0 -0.001496
2765 0 0 -0.001501
2770 0 0 -0.001477
2775 0 0 -0.001384
2780 0 0 -0.001206
2785 0 0 -0.001018
2790 0 0 -0.000920
2795 0 0 -0.000973
2800 0 0 -0.001090
2805 0 0 -0.001148
2810 0 0 -0.001059
2815 0 0 -0.000876
2820 0 0 -0.000688
2825 0 0 -0.000566
2830 0 0 -0.000499
2835 0 0 -0.000460
2840 0 0 -0.000424
2845 0 0 -0.000387
2850 0 0 -0.000348
2855 0 0 -0.000312
2860 0 0 -0.000302
2865 0 0 -0.000344
2870 0 0 -0.000447
2875 0 0 -0.000550
2880 0 0 -0.000576
2885 0 0 -0.000476
2890 0 0 -0.000327
2895 0 0 -0.000232
2900 0 0 -0.000266
2905 0 0 -0.000371
2910 0 0 -0.000460
2915 0 0 -0.000465
2920 0 0 -0.000411
2925 0 0 -0.000344
2930 0 0 -0.000304
2935 0 0 -0.000303
2940 0 0 -0.000344
2945 0 0 -0.000424
2950 0 0 -0.000514
2955 0 0 -0.000576
2960 0 0 -0.000582
2965 0 0 -0.000538
2970 0 0 -0.000460
2975 0 0 -0.000365
2980 0 0 -0.000280
2985 0 0 -0.000232
2990 0 0 -0.000241
2995 0 0 -0.000288
3000 0 0 -0.000344
3005 0 0 -0.000387
3010 0 0 -0.000422
3015 0 0 -0.000460
3020 0 0 -0.000503
3025 0 0 -0.000517
3030 0 0 -0.000460
3035 0 0 -0.000314
3040 0 0 -0.000163
3045 0 0 -0.000116
3050 0 0 -0.000240
3055 0 0 -0.000439
3060 0 0 -0.000576
3065 0 0 -0.000555
3070 0 0 -0.000442
3075 0 0 -0.000348
3080 0 0 -0.000350
3085 0 0 -0.000411
3090 0 0 -0.000460
3095 0 0 -0.000448
3100 0 0 -0.000397
3105 0 0 -0.000348
3110 0 0 -0.000331
3115 0 0 -0.000337
3120 0 0 -0.000344
3125 0 0 -0.000339
3130 0 0 -0.000335
3135 0 0 -0.000348
3140 0 0 -0.000389
3145 0 0 -0.000437
3150 0 0 -0.000460
3155 0 0 -0.000438
3160 0 0 -0.000390
3165 0 0 -0.000344
3170 0 0 -0.000322
3175 0 0 -0.000325
3180 0 0 -0.000348
3185 0 0 -0.000386
3190 0 0 -0.000427
3195 0 0 -0.000460
3200 0 0 -0.000475
3205 0 0 -0.000473
3210 0 0 -0.000460
3215 0 0 -0.000438
3220 0 0 -0.000401
3225 0 0 -0.000344
3230 0 0 -0.000268
3235 0 0 -0.000214
3240 0 0 -0.000232
3245 0 0 -0.000348
3250 0 0 -0.000493
3255 0 0 -0.000576
3260 0 0 -0.000536
3265 0 0 -0.000430
3270 0 0 -0.000348
3275 0 0 -0.000353
3280 0 0 -0.000410
3285 0 0 -0.000460
3290 0 0 -0.000474
3295 0 0 -0.000546
3300 0 0 -0.000804
3305 0 0 -0.001308
3310 0 0 -0.001858
3315 0 0 -0.002188
3320 0 0 -0.002114
3325 0 0 -0.001772
3330 0 0 -0.001380
3335 0 0 -0.001108
3340 0 0 -0.000939
3345 0 0 -0.000808
3350 0 0 -0.000684
3355 0 0 -0.000674
3360 0 0 -0.000920
3365 0 0 -0.001490
3370 0 0 -0.002165
3375 0 0 -0.002652
3380 0 0 -0.002729
3385 0 0 -0.002455
3390 0 0 -0.001960
3395 0 0 -0.001374
3400 0 0 -0.000830
3405 0 0 -0.000460
3410 0 0 -0.000351
3415 0 0 -0.000400
3420 0 0 -0.000460
3425 0 0 -0.000420
3430 0 0 -0.000317
3435 0 0 -0.000228
3440 0 0 -0.000211
3445 0 0 -0.000258
3450 0 0 -0.000344
3455 0 0 -0.000443
3460 0 0 -0.000528
3465 0 0 -0.000576
3470 0 0 -0.000568
3475 0 0 -0.000521
3480 0 0 -0.000460
3485 0 0 -0.000407
3490 0 0 -0.000367
3495 0 0 -0.000344
3500 0 0 -0.000337
3505 0 0 -0.000340
3510 0 0 -0.000344
3515 0 0 -0.000342
3520 0 0 -0.000340
3525 0 0 -0.000344
3530 0 0 -0.000361
3535 0 0 -0.000398
3540 0 0 -0.000460
3545 0 0 -0.000548
3550 0 0 -0.000636
3555 0 0 -0.000692
3560 0 0 -0.000693
3565 0 0 -0.000649
3570 0 0 -0.000576
3575 0 0 -0.000496
3580 0 0 -0.000444
3585 0 0 -0.000460
3590 0 0 -0.000566
3595 0 0 -0.000706
3600 0 0 -0.000808
3605 0 0 -0.000818
3610 0 0 -0.000763
3615 0 0 -0.000688
3620 0 0 -0.000632
3625 0 0 -0.000597
3630 0 0 -0.000576
3635 0 0 -0.000569
3640 0 0 -0.000598
3645 0 0 -0.000692
3650 0 0 -0.000857
3655 0 0 -0.001008
3660 0 0 -0.001040
3665 0 0 -0.000886
3670 0 0 -0.000646
3675 0 0 -0.000460
3680 0 0 -0.000429
3685 0 0 -0.000498
3690 0 0 -0.000576
3695 0 0 -0.000593
3700 0 0 -0.000577
3705 0 0 -0.000576
3710 0 0 -0.000624
3715 0 0 -0.000681
3720 0 0 -0.000692
3725 0 0 -0.000621
3730 0 0 -0.000519
3735 0 0 -0.000460
3740 0 0 -0.000496
3745 0 0 -0.000591
3750 0 0 -0.000688
3755 0 0 -0.000740
3760 0 0 -0.000741
3765 0 0 -0.000692
3770 0 0 -0.000603
3775 0 0 -0.000512
3780 0 0 -0.000460
3785 0 0 -0.000477
3790 0 0 -0.000531
3795 0 0 -0.000576
3800 0 0 -0.000579
3805 0 0 -0.000566
3810 0 0 -0.000576
3815 0 0 -0.000628
3820 0 0 -0.000656
3825 0 0 -0.000576
3830 0 0 -0.000362
3835 0 0 -0.000230
3840 0 0 -0.000460
3845 0 0 -0.001201
3850 0 0 -0.002094
3855 0 0 -0.002652
3860 0 0 -0.002546
3865 0 0 -0.002082
3870 0 0 -0.001724
3875 0 0 -0.001806
3880 0 0 -0.002143
3885 0 0 -0.002420
3890 0 0 -0.002397
3895 0 0 -0.002124
3900 0 0 -0.001728
3905 0 0 -0.001333
3910 0 0 -0.001063
3915 0 0 -0.001040
3920 0 0 -0.001324
3925 0 0 -0.001717
3930 0 0 -0.001956
3935 0 0 -0.001858
3940 0 0 -0.001557
3945 0 0 -0.001268
3950 0 0 -0.001158
3955 0 0 -0.001215
3960 0 0 -0.001380
3965 0 0 -0.001603
3970 0 0 -0.001873
3975 0 0 -0.002188
3980 0 0 -0.002531
3985 0 0 -0.002830
3990 0 0 -0.002996
3995 0 0 -0.002973
4000 0 0 -0.002825
4005 0 0 -0.002648
4010 0 0 -0.002515
4015 0 0 -0.002413
4020 0 0 -0.002304
4025 0 0 -0.002167
4030 0 0 -0.002035
4035 0 0 -0.001956
4040 0 0 -0.001962
4045 0 0 -0.002018
4050 0 0 -0.002072
4055 0 0 -0.002086
4060 0 0 -0.002077
4065 0 0 -0.002072
4070 0 0 -0.002086
4075 0 0 -0.002070
4080 0 0 -0.001960
4085 0 0 -0.001731
4090 0 0 -0.001519
4095 0 0 -0.001500
4100 0 0 -0.001783
4105 0 0 -0.002205
4110 0 0 -0.002536
4115 0 0 -0.002603
4120 0 0 -0.002452
4125 0 0 -0.002188
4130 0 0 -0.001904
4135 0 0 -0.001659
4140 0 0 -0.001500
4145 0 0 -0.001461
4150 0 0 -0.001513
4155 0 0 -0.001612
4160 0 0 -0.001717
4165 0 0 -0.001801
4170 0 0 -0.001844
4175 0 0 -0.001827
4180 0 0 -0.001750
4185 0 0 -0.001616
4190 0 0 -0.001438
4195 0 0 -0.001264
4200 0 0 -0.001152
4205 0 0 -0.001136
4210 0 0 -0.001162
4215 0 0 -0.001152
4220 0 0 -0.001054
4225 0 0 -0.000916
4230 0 0 -0.000808
4235 0 0 -0.000781
4240 0 0 -0.000800
4245 0 0 -0.000808
4250 0 0 -0.000762
4255 0 0 -0.000676
4260 0 0 -0.000580
4265 0 0 -0.000501
4270 0 0 -0.000456
4275 0 0 -0.000460
4280 0 0 -0.000515
4285 0 0 -0.000574
4290 0 0 -0.000576
4295 0 0 -0.000486
4300 0 0 -0.000376
4305 0 0 -0.000344
4310 0 0 -0.000450
4315 0 0 -0.000607
4320 0 0 -0.000692
4325 0 0 -0.000621
4330 0 0 -0.000469
4335 0 0 -0.000348
4340 0 0 -0.000341
4345 0 0 -0.000403
4350 0 0 -0.000460
4355 0 0 -0.000454
4360 0 0 -0.000404
4365 0 0 -0.000344
4370 0 0 -0.000307
4375 0 0 -0.000305
4380 0 0 -0.000348
4385 0 0 -0.000435
4390 0 0 -0.000527
4395 0 0 -0.000576
4400 0 0 -0.000551
4405 0 0 -0.000493
4410 0 0 -0.000460
4415 0 0 -0.000492
4420 0 0 -0.000550
4425 0 0 -0.000576
4430 0 0 -0.000529
4435 0 0 -0.000438
4440 0 0 -0.000348
4445 0 0 -0.000297
4450 0 0 -0.000295
4455 0 0 -0.000344
4460 0 0 -0.000437
4465 0 0 -0.000531
4470 0 0 -0.000576
4475 0 0 -0.000536
4480 0 0 -0.000443
4485 0 0 -0.000344
4490 0 0 -0.000283
4495 0 0 -0.000278
4500 0 0 -0.000344
4505 0 0 -0.000480
4510 0 0 -0.000622
4515 0 0 -0.000692
4520 0 0 -0.000636
4525 0 0 -0.000498
4530 0 0 -0.000344
4535 0 0 -0.000234
4540 0 0 -0.000190
4545 0 0 -0.000228
4550 0 0 -0.000347
4555 0 0 -0.000487
4560 0 0 -0.000576
4565 0 0 -0.000564
4570 0 0 -0.000500
4575 0 0 -0.000460
4580 0 0 -0.000493
4585 0 0 -0.000555
4590 0 0 -0.000576
4595 0 0 -0.000512
4600 0 0 -0.000410
4605 0 0 -0.000344
4610 0 0 -0.000362
4615 0 0 -0.000424
4620 0 0 -0.000464
4625 0 0 -0.000439
4630 0 0 -0.000381
4635 0 0 -0.000344
4640 0 0 -0.000364
4645 0 0 -0.000416
4650 0 0 -0.000460
4655 0 0 -0.000468
4660 0 0 -0.000457
4665 0 0 -0.000460
4670 0 0 -0.000496
4675 0 0 -0.000545
4680 0 0 -0.000576
4685 0 0 -0.000567
4690 0 0 -0.000524
4695 0 0 -0.000464
4700 0 0 -0.000397
4705 0 0 -0.000321
4710 0 0 -0.000232
4715 0 0 -0.000147
4720 0 0 -0.000178
4725 0 0 -0.000460
4730 0 0 -0.001055
4735 0 0 -0.001733
4740 0 0 -0.002192
4745 0 0 -0.002223
4750 0 0 -0.001984
4755 0 0 -0.001728
4760 0 0 -0.001641
4765 0 0 -0.001649
4770 0 0 -0.001612
4775 0 0 -0.001430
4780 0 0 -0.001166
4785 0 0 -0.000924
4790 0 0 -0.000781
4795 0 0 -0.000719
4800 0 0 -0.000692
4805 0 0 -0.000664
4810 0 0 -0.000626
4815 0 0 -0.000576
4820 0 0 -0.000517
4825 0 0 -0.000471
4830 0 0 -0.000460
4835 0 0 -0.000499
4840 0 0 -0.000553
4845 0 0 -0.000576
4850 0 0 -0.000539
4855 0 0 -0.000482
4860 0 0 -0.000460
4865 0 0 -0.000507
4870 0 0 -0.000571
4875 0 0 -0.000576
4880 0 0 -0.000475
4885 0 0 -0.000330
4890 0 0 -0.000232
4895 0 0 -0.000247
4900 0 0 -0.000343
4905 0 0 -0.000464
4910 0 0 -0.000561
4915 0 0 -0.000605
4920 0 0 -0.000576
4925 0 0 -0.000466
4930 0 0 -0.000329
4935 0 0 -0.000232
4940 0 0 -0.000224
4945 0 0 -0.000277
4950 0 0 -0.000344
4955 0 0 -0.000390
4960 0 0 -0.000424
4965 0 0 -0.000464
4970 0 0 -0.000521
4975 0 0 -0.000570
4980 0 0 -0.000576
4985 0 0 -0.000518
4990 0 0 -0.000427
4995 0 0 -0.000348
5000 0 0 -0.000316
5005 0 0 -0.000322
5010 0 0 -0.000348
5015 0 0 -0.000378
5020 0 0 -0.000415
5025 0 0 -0.000464
5030 0 0 -0.000526
5035 0 0 -0.000574
5040 0 0 -0.000576
5045 0 0 -0.000516
5050 0 0 -0.000452
5055 0 0 -0.000460
5060 0 0 -0.000584
5065 0 0 -0.000738
5070 0 0 -0.000804
5075 0 0 -0.000703
5080 0 0 -0.000511
5085 0 0 -0.000344
5090 0 0 -0.000287
5095 0 0 -0.000309
5100 0 0 -0.000348
5105 0 0 -0.000358
5110 0 0 -0.000348
5115 0 0 -0.000344
5120 0 0 -0.000364
5125 0 0 -0.000407
5130 0 0 -0.000464
5135 0 0 -0.000526
5140 0 0 -0.000571
5145 0 0 -0.000576
5150 0 0 -0.000529
5155 0 0 -0.000473
5160 0 0 -0.000460
5165 0 0 -0.000526
5170 0 0 -0.000624
5175 0 0 -0.000688
5180 0 0 -0.000668
5185 0 0 -0.000581
5190 0 0 -0.000460
5195 0 0 -0.000342
5200 0 0 -0.000283
5205 0 0 -0.000344
5210 0 0 -0.000551
5215 0 0 -0.000792
5220 0 0 -0.000920
5225 0 0 -0.000835
5230 0 0 -0.000634
5235 0 0 -0.000460
5240 0 0 -0.000421
5245 0 0 -0.000483
5250 0 0 -0.000576
5255 0 0 -0.000642
5260 0 0 -0.000678
5265 0 0 -0.000692
5270 0 0 -0.000694
5275 0 0 -0.000691
5280 0 0 -0.000692
5285 0 0 -0.000701
5290 0 0 -0.000707
5295 0 0 -0.000692
5300 0 0 -0.000658
5305 0 0 -0.000668
5310 0 0 -0.000804
5315 0 0 -0.001116
5320 0 0 -0.001534
5325 0 0 -0.001960
5330 0 0 -0.002295
5335 0 0 -0.002441
5340 0 0 -0.002304
5345 0 0 -0.001845
5350 0 0 -0.001262
5355 0 0 -0.000808
5360 0 0 -0.000675
5365 0 0 -0.000795
5370 0 0 -0.001036
5375 0 0 -0.001287
5380 0 0 -0.001520
5385 0 0 -0.001728
5390 0 0 -0.001910
5395 0 0 -0.002091
5400 0 0 -0.002304
5405 0 0 -0.002563
5410 0 0 -0.002817
5415 0 0 -0.002996
5420 0 0 -0.003045
5425 0 0 -0.002964
5430 0 0 -0.002764
5435 0 0 -0.002473
5440 0 0 -0.002173
5445 0 0 -0.001960
5450 0 0 -0.001903
5455 0 0 -0.001964
5460 0 0 -0.002076
5465 0 0 -0.002183
5470 0 0 -0.002263
5475 0 0 -0.002304
5480 0 0 -0.002301
5485 0 0 -0.002287
5490 0 0 -0.002304
5495 0 0 -0.002373
5500 0 0 -0.002436
5505 0 0 -0.002416
5510 0 0 -0.002263
5515 0 0 -0.002041
5520 0 0 -0.001844
5525 0 0 -0.001743
5530 0 0 -0.001718
5535 0 0 -0.001728
5540 0 0 -0.001738
5545 0 0 -0.001738
5550 0 0 -0.001728
5555 0 0 -0.001713
5560 0 0 -0.001734
5565 0 0 -0.001840
5570 0 0 -0.002054
5575 0 0 -0.002286
5580 0 0 -0.002420
5585 0 0 -0.002376
5590 0 0 -0.002226
5595 0 0 -0.002076
5600 0 0 -0.002007
5605 0 0 -0.001987
5610 0 0 -0.001956
5615 0 0 -0.001875
5620 0 0 -0.001780
5625 0 0 -0.001728
5630 0 0 -0.001756
5635 0 0 -0.001816
5640 0 0 -0.001844
5645 0 0 -0.001788
5650 0 0 -0.001663
5655 0 0 -0.001500
5660 0 0 -0.001327
5665 0 0 -0.001166
5670 0 0 -0.001036
5675 0 0 -0.000948
5680 0 0 -0.000881
5685 0 0 -0.000804
5690 0 0 -0.000701
5695 0 0 -0.000608
5700 0 0 -0.000576
5705 0 0 -0.000636
5710 0 0 -0.000737
5715 0 0 -0.000808
5720 0 0 -0.000795
5725 0 0 -0.000709
5730 0 0 -0.000576
5735 0 0 -0.000425
5740 0 0 -0.000296
5745 0 0 -0.000232
5750 0 0 -0.000261
5755 0 0 -0.000352
5760 0 0 -0.000460
5765 0 0 -0.000546
5770 0 0 -0.000589
5775 0 0 -0.000576
5780 0 0 -0.000502
5785 0 0 -0.000408
5790 0 0 -0.000348
5795 0 0 -0.000357
5800 0 0 -0.000409
5805 0 0 -0.000460
5810 0 0 -0.000478
5815 0 0 -0.000472
5820 0 0 -0.000460
5825 0 0 -0.000456
5830 0 0 -0.000458
5835 0 0 -0.000460
5840 0 0 -0.000458
5845 0 0 -0.000456
5850 0 0 -0.000460
5855 0 0 -0.000471
5860 0 0 -0.000477
5865 0 0 -0.000460
5870 0 0 -0.000412
5875 0 0 -0.000360
5880 0 0 -0.000344
5885 0 0 -0.000384
5890 0 0 -0.000442
5895 0 0 -0.000460
5900 0 0 -0.000407
5905 0 0 -0.000342
5910 0 0 -0.000348
5915 0 0 -0.000474
5920 0 0 -0.000630
5925 0 0 -0.000692
5930 0 0 -0.000579
5935 0 0 -0.000382
5940 0 0 -0.000232
5945 0 0 -0.000228
5950 0 0 -0.000330
5955 0 0 -0.000460
5960 0 0 -0.000555
5965 0 0 -0.000595
5970 0 0 -0.000576
5975 0 0 -0.000499
5980 0 0 -0.000406
5985 0 0 -0.000348
5990 0 0 -0.000360
5995 0 0 -0.000413
6000 0 0 -0.000464
6005 0 0 -0.000480
6010 0 0 -0.000471
6015 0 0 -0.000460
6020 0 0 -0.000461
6025 0 0 -0.000466
6030 0 0 -0.000460
6035 0 0 -0.000432
6040 0 0 -0.000389
6045 0 0 -0.000344
6050 0 0 -0.000311
6055 0 0 -0.000305
6060 0 0 -0.000344
6065 0 0 -0.000433
6070 0 0 -0.000529
6075 0 0 -0.000576
6080 0 0 -0.000535
6085 0 0 -0.000441
6090 0 0 -0.000344
6095 0 0 -0.000288
6100 0 0 -0.000286
6105 0 0 -0.000344
6110 0 0 -0.000459
6115 0 0 -0.000591
6120 0 0 -0.000692
6125 0 0 -0.000726
6130 0 0 -0.000713
6135 0 0 -0.000688
6140 0 0 -0.000673
6145 0 0 -0.000646
6150 0 0 -0.000576
6155 0 0 -0.000455
6160 0 0 -0.000377
6165 0 0 -0.000460
6170 0 0 -0.000768
6175 0 0 -0.001146
6180 0 0 -0.001384
6185 0 0 -0.001339
6190 0 0 -0.001125
6195 0 0 -0.000924
6200 0 0 -0.000864
6205 0 0 -0.000867
6210 0 0 -0.000804
6215 0 0 -0.000602
6220 0 0 -0.000417
6225 0 0 -0.000464
6230 0 0 -0.000867
6235 0 0 -0.001395
6240 0 0 -0.001728
6245 0 0 -0.001644
6250 0 0 -0.001321
6255 0 0 -0.001036
6260 0 0 -0.000986
6265 0 0 -0.001052
6270 0 0 -0.001036
6275 0 0 -0.000803
6280 0 0 -0.000473
6285 0 0 -0.000232
6290 0 0 -0.000215
6295 0 0 -0.000365
6300 0 0 -0.000576
6305 0 0 -0.000758
6310 0 0 -0.000878
6315 0 0 -0.000920
6320 0 0 -0.000873
6325 0 0 -0.000751
6330 0 0 -0.000576
6335 0 0 -0.000388
6340 0 0 -0.000303
6345 0 0 -0.000460
6350 0 0 -0.000924
6355 0 0 -0.001480
6360 0 0 -0.001844
6365 0 0 -0.001808
6370 0 0 -0.001478
6375 0 0 -0.001036
6380 0 0 -0.000633
6385 0 0 -0.000290
6390 0 0 -0.000000
6395 0 0 0.000224
6400 0 0 0.000269
6405 0 0 -0.000000
6410 0 0 -0.000638
6415 0 0 -0.001371
6420 0 0 -0.001844
6425 0 0 -0.001808
6430 0 0 -0.001443
6435 0 0 -0.001036
6440 0 0 -0.000809
6445 0 0 -0.000727
6450 0 0 -0.000688
6455 0 0 -0.000624
6460 0 0 -0.000594
6465 0 0 -0.000688
6470 0 0 -0.000950
6475 0 0 -0.001243
6480 0 0 -0.001384
6485 0 0 -0.001250
6490 0 0 -0.000960
6495 0 0 -0.000692
6500 0 0 -0.000583
6505 0 0 -0.000605
6510 0 0 -0.000688
6515 0 0 -0.000766
6520 0 0 -0.000784
6525 0 0 -0.000692
6530 0 0 -0.000483
6535 0 0 -0.000332
6540 0 0 -0.000460
6545 0 0 -0.000984
6550 0 0 -0.001614
6555 0 0 -0.001956
6560 0 0 -0.001742
6565 0 0 -0.001201
6570 0 0 -0.000688
6575 0 0 -0.000473
6580 0 0 -0.000487
6585 0 0 -0.000576
6590 0 0 -0.000616
6595 0 0 -0.000606
6600 0 0 -0.000576
6605 0 0 -0.000553
6610 0 0 -0.000550
6615 0 0 -0.000576
6620 0 0 -0.000632
6625 0 0 -0.000684
6630 0 0 -0.000692
6635 0 0 -0.000629
6640 0 0 -0.000534
6645 0 0 -0.000460
6650 0 0 -0.000449
6655 0 0 -0.000494
6660 0 0 -0.000576
6665 0 0 -0.000670
6670 0 0 -0.000728
6675 0 0 -0.000692
6680 0 0 -0.000545
6685 0 0 -0.000413
6690 0 0 -0.000460
6695 0 0 -0.000792
6700 0 0 -0.001278
6705 0 0 -0.001728
6710 0 0 -0.001990
6715 0 0 -0.002057
6720 0 0 -0.001960
6725 0 0 -0.001735
6730 0 0 -0.001443
6735 0 0 -0.001152
6740 0 0 -0.000933
6745 0 0 -0.000867
6750 0 0 -0.001036
6755 0 0 -0.001456
6760 0 0 -0.001872
6765 0 0 -0.001960
6770 0 0 -0.001534
6775 0 0 -0.000947
6780 0 0 -0.000692
6785 0 0 -0.001087
6790 0 0 -0.001765
6795 0 0 -0.002188
6800 0 0 -0.001981
6805 0 0 -0.001414
6810 0 0 -0.000920
6815 0 0 -0.000824
6820 0 0 -0.001012
6825 0 0 -0.001264
6830 0 0 -0.001410
6835 0 0 -0.001493
6840 0 0 -0.001612
6845 0 0 -0.001827
6850 0 0 -0.002057
6855 0 0 -0.002188
6860 0 0 -0.002137
6865 0 0 -0.001955
6870 0 0 -0.001728
6875 0 0 -0.001532
6880 0 0 -0.001407
6885 0 0 -0.001384
6890 0 0 -0.001471
6895 0 0 -0.001583
6900 0 0 -0.001612
6905 0 0 -0.001502
6910 0 0 -0.001398
6915 0 0 -0.001500
6920 0 0 -0.001916
6925 0 0 -0.002408
6930 0 0 -0.002648
6935 0 0 -0.002417
6940 0 0 -0.001926
6945 0 0 -0.001496
6950 0 0 -0.001366
6955 0 0 -0.001457
6960 0 0 -0.001612
6965 0 0 -0.001699
6970 0 0 -0.001698
6975 0 0 -0.001616
6980 0 0 -0.001472
6985 0 0 -0.001331
6990 0 0 -0.001268
6995 0 0 -0.001334
7000 0 0 -0.001476
7005 0 0 -0.001616
7010 0 0 -0.001692
7015 0 0 -0.001719
7020 0 0 -0.001728
7025 0 0 -0.001742
7030 0 0 -0.001749
7035 0 0 -0.001728
7040 0 0 -0.001671
7045 0 0 -0.001616
7050 0 0 -0.001612
7055 0 0 -0.001684
7060 0 0 -0.001758
7065 0 0 -0.001732
7070 0 0 -0.001544
7075 0 0 -0.001273
7080 0 0 -0.001036
7085 0 0 -0.000920
7090 0 0 -0.000900
7095 0 0 -0.000920
7100 0 0 -0.000935
7105 0 0 -0.000935
7110 0 0 -0.000920
7115 0 0 -0.000890
7120 0 0 -0.000851
7125 0 0 -0.000808
7130 0 0 -0.000767
7135 0 0 -0.000729
7140 0 0 -0.000692
7145 0 0 -0.000661
7150 0 0 -0.000653
7155 0 0 -0.000692
7160 0 0 -0.000786
7165 0 0 -0.000885
7170 0 0 -0.000924
7175 0 0 -0.000860
7180 0 0 -0.000725
7185 0 0 -0.000576
7190 0 0 -0.000457
7195 0 0 -0.000378
7200 0 0 -0.000344
7205 0 0 -0.000353
7210 0 0 -0.000396
7215 0 0 -0.000460
7220 0 0 -0.000529
7225 0 0 -0.000578
7230 0 0 -0.000576
7235 0 0 -0.000508
7240 0 0 -0.000414
7245 0 0 -0.000348
7250 0 0 -0.000349
7255 0 0 -0.000398
7260 0 0 -0.000460
7265 0 0 -0.000504
7270 0 0 -0.000510
7275 0 0 -0.000460
7280 0 0 -0.000352
7285 0 0 -0.000250
7290 0 0 -0.000232
7295 0 0 -0.000349
7300 0 0 -0.000534
7305 0 0 -0.000692
7310 0 0 -0.000752
7315 0 0 -0.000737
7320 0 0 -0.000692
7325 0 0 -0.000655
7330 0 0 -0.000621
7335 0 0 -0.000576
7340 0 0 -0.000515
7345 0 0 -0.000465
7350 0 0 -0.000460
7355 0 0 -0.000518
7360 0 0 -0.000581
7365 0 0 -0.000576
7370 0 0 -0.000459
7375 0 0 -0.000307
7380 0 0 -0.000232
7385 0 0 -0.000305
7390 0 0 -0.000456
7395 0 0 -0.000576
7400 0 0 -0.000586
7405 0 0 -0.000525
7410 0 0 -0.000460
7415 0 0 -0.000441
7420 0 0 -0.000452
7425 0 0 -0.000460
7430 0 0 -0.000439
7435 0 0 -0.000396
7440 0 0 -0.000348
7445 0 0 -0.000311
7450 0 0 -0.000304
7455 0 0 -0.000344
7460 0 0 -0.000438
7465 0 0 -0.000536
7470 0 0 -0.000576
7475 0 0 -0.000519
7480 0 0 -0.000416
7485 0 0 -0.000344
7490 0 0 -0.000355
7495 0 0 -0.000413
7500 0 0 -0.000460
7505 0 0 -0.000452
7510 0 0 -0.000404
7515 0 0 -0.000348
7520 0 0 -0.000310
7525 0 0 -0.000305
7530 0 0 -0.000344
7535 0 0 -0.000428
7540 0 0 -0.000521
7545 0 0 -0.000576
7550 0 0 -0.000563
7555 0 0 -0.000510
7560 0 0 -0.000460
7565 0 0 -0.000446
7570 0 0 -0.000454
7575 0 0 -0.000460
7580 0 0 -0.000444
7585 0 0 -0.000405
7590 0 0 -0.000344
7595 0 0 -0.000275
7600 0 0 -0.000253
7605 0 0 -0.000344
7610 0 0 -0.000593
7615 0 0 -0.000959
7620 0 0 -0.001380
7625 0 0 -0.001783
7630 0 0 -0.002055
7635 0 0 -0.002072
7640 0 0 -0.001774
7645 0 0 -0.001347
7650 0 0 -0.001040
7655 0 0 -0.001026
7660 0 0 -0.001172
7665 0 0 -0.001268
7670 0 0 -0.001165
7675 0 0 -0.000959
7680 0 0 -0.000804
7685 0 0 -0.000813
7690 0 0 -0.000926
7695 0 0 -0.001036
7700 0 0 -0.001062
7705 0 0 -0.001013
7710 0 0 -0.000920
7715 0 0 -0.000810
7720 0 0 -0.000693
7725 0 0 -0.000576
7730 0 0 -0.000467
7735 0 0 -0.000383
7740 0 0 -0.000344
7745 0 0 -0.000361
7750 0 0 -0.000411
7755 0 0 -0.000460
7760 0 0 -0.000483
7765 0 0 -0.000481
7770 0 0 -0.000460
7775 0 0 -0.000427
7780 0 0 -0.000387
7785 0 0 -0.000344
7790 0 0 -0.000306
7795 0 0 -0.000298
7800 0 0 -0.000348
7805 0 0 -0.000467
7810 0 0 -0.000604
7815 0 0 -0.000688
7820 0 0 -0.000674
7825 0 0 -0.000613
7830 0 0 -0.000576
7835 0 0 -0.000622
7840 0 0 -0.000743
7845 0 0 -0.000920
7850 0 0 -0.001119
7855 0 0 -0.001263
7860 0 0 -0.001268
7865 0 0 -0.001087
7870 0 0 -0.000840
7875 0 0 -0.000688
7880 0 0 -0.000745
7885 0 0 -0.000939
7890 0 0 -0.001152
7895 0 0 -0.001295
7900 0 0 -0.001394
7905 0 0 -0.001500
7910 0 0 -0.001643
7915 0 0 -0.001751
7920 0 0 -0.001728
7925 0 0 -0.001515
7930 0 0 -0.001204
7935 0 0 -0.000920
7940 0 0 -0.000762
7945 0 0 -0.000704
7950 0 0 -0.000692
7955 0 0 -0.000677
7960 0 0 -0.000641
7965 0 0 -0.000576
7970 0 0 -0.000480
7975 0 0 -0.000390
7980 0 0 -0.000348
7985 0 0 -0.000385
7990 0 0 -0.000475
7995 0 0 -0.000576
8000 0 0 -0.000654
8005 0 0 -0.000695
8010 0 0 -0.000692
8015 0 0 -0.000641
8020 0 0 -0.000558
8025 0 0 -0.000460
8030 0 0 -0.000370
8035 0 0 -0.000321
8040 0 0 -0.000348
8045 0 0 -0.000467
8050 0 0 -0.000611
8055 0 0 -0.000688
8060 0 0 -0.000641
8065 0 0 -0.000534
8070 0 0 -0.000460
8075 0 0 -0.000485
8080 0 0 -0.000552
8085 0 0 -0.000576
8090 0 0 -0.000502
8095 0 0 -0.000394
8100 0 0 -0.000348
8105 0 0 -0.000436
8110 0 0 -0.000640
8115 0 0 -0.000920
8120 0 0 -0.001223
8125 0 0 -0.001452
8130 0 0 -0.001496
8135 0 0 -0.001294
8140 0 0 -0.000969
8145 0 0 -0.000692
8150 0 0 -0.000591
8155 0 0 -0.000620
8160 0 0 -0.000692
8165 0 0 -0.000733
8170 0 0 -0.000731
8175 0 0 -0.000692
8180 0 0 -0.000622
8185 0 0 -0.000538
8190 0 0 -0.000460
8195 0 0 -0.000421
8200 0 0 -0.000505
8205 0 0 -0.000808
8210 0 0 -0.001359
8215 0 0 -0.001919
8220 0 0 -0.002184
8225 0 0 -0.001950
8230 0 0 -0.001425
8235 0 0 -0.000920
8240 0 0 -0.000673
8245 0 0 -0.000637
8250 0 0 -0.000692
8255 0 0 -0.000737
8260 0 0 -0.000741
8265 0 0 -0.000692
8270 0 0 -0.000594
8275 0 0 -0.000523
8280 0 0 -0.000576
8285 0 0 -0.000808
8290 0 0 -0.001122
8295 0 0 -0.001384
8300 0 0 -0.001491
8305 0 0 -0.001471
8310 0 0 -0.001384
8315 0 0 -0.001281
8320 0 0 -0.001167
8325 0 0 -0.001036
8330 0 0 -0.000891
8335 0 0 -0.000763
8340 0 0 -0.000692
8345 0 0 -0.000707
8350 0 0 -0.000791
8355 0 0 -0.000920
8360 0 0 -0.001061
8365 0 0 -0.001158
8370 0 0 -0.001152
8375 0 0 -0.001018
8380 0 0 -0.000885
8385 0 0 -0.000920
8390 0 0 -0.001224
8395 0 0 -0.001643
8400 0 0 -0.001960
8405 0 0 -0.002015
8410 0 0 -0.001891
8415 0 0 -0.001728
8420 0 0 -0.001638
8425 0 0 -0.001612
8430 0 0 -0.001612
8435 0 0 -0.001608
8440 0 0 -0.001603
8445 0 0 -0.001612
8450 0 0 -0.001643
8455 0 0 -0.001686
8460 0 0 -0.001728
8465 0 0 -0.001756
8470 0 0 -0.001760
8475 0 0 -0.001728
8480 0 0 -0.001662
8485 0 0 -0.001605
8490 0 0 -0.001612
8495 0 0 -0.001716
8500 0 0 -0.001859
8505 0 0 -0.001960
8510 0 0 -0.001959
8515 0 0 -0.001870
8520 0 0 -0.001728
8525 0 0 -0.001568
8530 0 0 -0.001437
8535 0 0 -0.001384
8540 0 0 -0.001432
8545 0 0 -0.001504
8550 0 0 -0.001496
8555 0 0 -0.001341
8560 0 0 -0.001113
8565 0 0 -0.000920
8570 0 0 -0.000841
8575 0 0 -0.000830
8580 0 0 -0.000808
8585 0 0 -0.000722
8590 0 0 -0.000621
8595 0 0 -0.000576
8600 0 0 -0.000635
8605 0 0 -0.000740
8610 0 0 -0.000808
8615 0 0 -0.000777
8620 0 0 -0.000682
8625 0 0 -0.000576
8630 0 0 -0.000510
8635 0 0 -0.000505
8640 0 0 -0.000576
8645 0 0 -0.000720
8650 0 0 -0.000865
8655 0 0 -0.000920
8660 0 0 -0.000831
8665 0 0 -0.000678
8670 0 0 -0.000576
8675 0 0 -0.000607
8680 0 0 -0.000714
8685 0 0 -0.000808
8690 0 0 -0.000820
8695 0 0 -0.000767
8700 0 0 -0.000688
8705 0 0 -0.000617
8710 0 0 -0.000574
8715 0 0 -0.000576
8720 0 0 -0.000633
8725 0 0 -0.000720
8730 0 0 -0.000808
8735 0 0 -0.000871
8740 0 0 -0.000908
8745 0 0 -0.000924
8750 0 0 -0.000925
8755 0 0 -0.000922
8760 0 0 -0.000924
8765 0 0 -0.000932
8770 0 0 -0.000909
8775 0 0 -0.000804
8780 0 0 -0.000601
8785 0 0 -0.000404
8790 0 0 -0.000348
8795 0 0 -0.000515
8800 0 0 -0.000769
8805 0 0 -0.000920
8810 0 0 -0.000837
8815 0 0 -0.000628
8820 0 0 -0.000460
8825 0 0 -0.000457
8830 0 0 -0.000566
8835 0 0 -0.000692
8840 0 0 -0.000756
8845 0 0 -0.000752
8850 0 0 -0.000692
8855 0 0 -0.000595
8860 0 0 -0.000503
8865 0 0 -0.000464
8870 0 0 -0.000506
8875 0 0 -0.000570
8880 0 0 -0.000576
8885 0 0 -0.000472
8890 0 0 -0.000326
8895 0 0 -0.000232
8900 0 0 -0.000258
8905 0 0 -0.000360
8910 0 0 -0.000464
8915 0 0 -0.000512
8920 0 0 -0.000505
8925 0 0 -0.000460
8930 0 0 -0.000395
8935 0 0 -0.000345
8940 0 0 -0.000348
8945 0 0 -0.000423
8950 0 0 -0.000522
8955 0 0 -0.000576
8960 0 0 -0.000540
8965 0 0 -0.000445
8970 0 0 -0.000344
8975 0 0 -0.000283
8980 0 0 -0.000281
8985 0 0 -0.000348
8990 0 0 -0.000482
8995 0 0 -0.000622
9000 0 0 -0.000692
9005 0 0 -0.000638
9010 0 0 -0.000502
9015 0 0 -0.000348
9020 0 0 -0.000233
9025 0 0 -0.000187
9030 0 0 -0.000232
9035 0 0 -0.000374
9040 0 0 -0.000553
9045 0 0 -0.000692
9050 0 0 -0.000731
9055 0 0 -0.000682
9060 0 0 -0.000576
9065 0 0 -0.000443
9070 0 0 -0.000317
9075 0 0 -0.000232
9080 0 0 -0.000214
9085 0 0 -0.000258
9090 0 0 -0.000348
9095 0 0 -0.000464
9100 0 0 -0.000558
9105 0 0 -0.000576
9110 0 0 -0.000486
9115 0 0 -0.000344
9120 0 0 -0.000232
9125 0 0 -0.000209
9130 0 0 -0.000259
9135 0 0 -0.000344
9140 0 0 -0.000429
9145 0 0 -0.000479
9150 0 0 -0.000460
9155 0 0 -0.000360
9160 0 0 -0.000251
9165 0 0 -0.000228
9170 0 0 -0.000360
9175 0 0 -0.000611
9180 0 0 -0.000920
9185 0 0 -0.001217
9190 0 0 -0.001405
9195 0 0 -0.001380
9200 0 0 -0.001088
9205 0 0 -0.000677
9210 0 0 -0.000344
9215 0 0 -0.000234
9220 0 0 -0.000277
9225 0 0 -0.000348
9230 0 0 -0.000354
9235 0 0 -0.000331
9240 0 0 -0.000348
9245 0 0 -0.000449
9250 0 0 -0.000587
9255 0 0 -0.000692
9260 0 0 -0.000711
9265 0 0 -0.000661
9270 0 0 -0.000576
9275 0 0 -0.000490
9280 0 0 -0.000439
9285 0 0 -0.000460
9290 0 0 -0.000571
9295 0 0 -0.000714
9300 0 0 -0.000808
9305 0 0 -0.000809
9310 0 0 -0.000807
9315 0 0 -0.000924
9320 0 0 -0.001228
9325 0 0 -0.001565
9330 0 0 -0.001728
9335 0 0 -0.001580
9340 0 0 -0.001275
9345 0 0 -0.001040
9350 0 0 -0.001037
9355 0 0 -0.001167
9360 0 0 -0.001268
9365 0 0 -0.001214
9370 0 0 -0.001036
9375 0 0 -0.000804
9380 0 0 -0.000582
9385 0 0 -0.000417
9390 0 0 -0.000348
9395 0 0 -0.000414
9400 0 0 -0.000638
9405 0 0 -0.001040
9410 0 0 -0.001605
9415 0 0 -0.002169
9420 0 0 -0.002536
9425 0 0 -0.002557
9430 0 0 -0.002289
9435 0 0 -0.001840
9440 0 0 -0.001338
9445 0 0 -0.000994
9450 0 0 -0.001036
9455 0 0 -0.001570
9460 0 0 -0.002203
9465 0 0 -0.002416
9470 0 0 -0.001881
9475 0 0 -0.001025
9480 0 0 -0.000464
9485 0 0 -0.000635
9490 0 0 -0.001250
9495 0 0 -0.001844
9500 0 0 -0.002052
9505 0 0 -0.001923
9510 0 0 -0.001612
9515 0 0 -0.001260
9520 0 0 -0.000963
9525 0 0 -0.000804
9530 0 0 -0.000837
9535 0 0 -0.000988
9540 0 0 -0.001152
9545 0 0 -0.001246
9550 0 0 -0.001276
9555 0 0 -0.001268
9560 0 0 -0.001245
9565 0 0 -0.001208
9570 0 0 -0.001152
9575 0 0 -0.001081
9580 0 0 -0.001028
9585 0 0 -0.001036
9590 0 0 -0.001124
9595 0 0 -0.001229
9600 0 0 -0.001268
9605 0 0 -0.001193
9610 0 0 -0.001107
9615 0 0 -0.001152
9620 0 0 -0.001411
9625 0 0 -0.001745
9630 0 0 -0.001960
9635 0 0 -0.001913
9640 0 0 -0.001678
9645 0 0 -0.001380
9650 0 0 -0.001134
9655 0 0 -0.001003
9660 0 0 -0.001036
9665 0 0 -0.001243
9670 0 0 -0.001463
9675 0 0 -0.001496
9680 0 0 -0.001214
9685 0 0 -0.000788
9690 0 0 -0.000464
9695 0 0 -0.000431
9700 0 0 -0.000654
9705 0 0 -0.001040
9710 0 0 -0.001499
9715 0 0 -0.001947
9720 0 0 -0.002300
9725 0 0 -0.002498
9730 0 0 -0.002562
9735 0 0 -0.002536
9740 0 0 -0.002475
9745 0 0 -0.002476
9750 0 0 -0.002652
9755 0 0 -0.003059
9760 0 0 -0.003548
9765 0 0 -0.003916
9770 0 0 -0.004013
9775 0 0 -0.003899
9780 0 0 -0.003684
9785 0 0 -0.003456
9790 0 0 -0.003199
9795 0 0 -0.002876
9800 0 0 -0.002474
9805 0 0 -0.002089
9810 0 0 -0.001844
9815 0 0 -0.001818
9820 0 0 -0.001905
9825 0 0 -0.001956
9830 0 0 -0.001861
9835 0 0 -0.001676
9840 0 0 -0.001496
9845 0 0 -0.001392
9850 0 0 -0.001333
9855 0 0 -0.001264
9860 0 0 -0.001150
9865 0 0 -0.001048
9870 0 0 -0.001036
9875 0 0 -0.001162
9880 0 0 -0.001352
9885 0 0 -0.001500
9890 0 0 -0.001529
9895 0 0 -0.001469
9900 0 0 -0.001380
9905 0 0 -0.001310
9910 0 0 -0.001270
9915 0 0 -0.001264
9920 0 0 -0.001286
9925 0 0 -0.001302
9930 0 0 -0.001268
9935 0 0 -0.001160
9940 0 0 -0.001024
9945 0 0 -0.000924
9950 0 0 -0.000908
9955 0 0 -0.000958
9960 0 0 -0.001040
9965 0 0 -0.001120
9970 0 0 -0.001168
9975 0 0 -0.001152
9980 0 0 -0.001061
9985 0 0 -0.000957
9990 0 0 -0.000924
9995 0 0 -0.001013
10000 0 0 -0.001158
10005 0 0 -0.001264
10010 0 0 -0.001254
10015 0 0 -0.001132
10020 0 0 -0.000920
10025 0 0 -0.000652
10030 0 0 -0.000396
10035 0 0 -0.000232
10040 0 0 -0.000215
10045 0 0 -0.000310
10050 0 0 -0.000460
10055 0 0 -0.000612
10060 0 0 -0.000736
10065 0 0 -0.000808
10070 0 0 -0.000802
10075 0 0 -0.000695
