0 0 0 -0.000400
5 0 0 -0.000400
10 0 0 -0.000410
15 0 0 -0.000420
20 0 0 -0.000421
25 0 0 -0.000404
30 0 0 -0.000360
35 0 0 -0.000287
40 0 0 -0.000215
45 0 0 -0.000180
50 0 0 -0.000205
55 0 0 -0.000265
60 0 0 -0.000320
65 0 0 -0.000341
70 0 0 -0.000335
75 0 0 -0.000320
80 0 0 -0.000309
85 0 0 -0.000298
90 0 0 -0.000280
95 0 0 -0.000251
100 0 0 -0.000230
105 0 0 -0.000240
110 0 0 -0.000296
115 0 0 -0.000374
120 0 0 -0.000440
125 0 0 -0.000469
130 0 0 -0.000460
135 0 0 -0.000420
140 0 0 -0.000359
145 0 0 -0.000297
150 0 0 -0.000260
155 0 0 -0.000264
160 0 0 -0.000297
165 0 0 -0.000340
170 0 0 -0.000376
175 0 0 -0.000387
180 0 0 -0.000360
185 0 0 -0.000288
190 0 0 -0.000206
195 0 0 -0.000160
200 0 0 -0.000181
205 0 0 -0.000246
210 0 0 -0.000320
215 0 0 -0.000372
220 0 0 -0.000393
225 0 0 -0.000380
230 0 0 -0.000334
235 0 0 -0.000283
240 0 0 -0.000260
245 0 0 -0.000287
250 0 0 -0.000344
255 0 0 -0.000400
260 0 0 -0.000431
265 0 0 -0.000441
270 0 0 -0.000440
275 0 0 -0.000436
280 0 0 -0.000430
285 0 0 -0.000420
290 0 0 -0.000405
295 0 0 -0.000385
300 0 0 -0.000360
305 0 0 -0.000331
310 0 0 -0.000298
315 0 0 -0.000260
320 0 0 -0.000220
325 0 0 -0.000193
330 0 0 -0.000200
335 0 0 -0.000249
340 0 0 -0.000309
345 0 0 -0.000340
350 0 0 -0.000314
355 0 0 -0.000260
360 0 0 -0.000220
365 0 0 -0.000225
370 0 0 -0.000266
375 0 0 -0.000320
380 0 0 -0.000368
385 0 0 -0.000393
390 0 0 -0.000380
395 0 0 -0.000324
400 0 0 -0.000262
405 0 0 -0.000240
410 0 0 -0.000288
415 0 0 -0.000361
420 0 0 -0.000400
425 0 0 -0.000361
430 0 0 -0.000278
435 0 0 -0.000200
440 0 0 -0.000171
445 0 0 -0.000198
450 0 0 -0.000280
455 0 0 -0.000407
460 0 0 -0.000527
465 0 0 -0.000580
470 0 0 -0.000528
475 0 0 -0.000424
480 0 0 -0.000340
485 0 0 -0.000332
490 0 0 -0.000374
495 0 0 -0.000420
500 0 0 -0.000436
505 0 0 -0.000435
510 0 0 -0.000440
515 0 0 -0.000468
520 0 0 -0.000507
525 0 0 -0.000540
530 0 0 -0.000553
535 0 0 -0.000556
540 0 0 -0.000560
545 0 0 -0.000575
550 0 0 -0.000587
555 0 0 -0.000580
560 0 0 -0.000541
565 0 0 -0.000482
570 0 0 -0.000420
575 0 0 -0.000370
580 0 0 -0.000336
585 0 0 -0.000320
590 0 0 -0.000322
595 0 0 -0.000332
600 0 0 -0.000340
605 0 0 -0.000341
610 0 0 -0.000353
615 0 0 -0.000400
620 0 0 -0.000481
625 0 0 -0.000496
630 0 0 -0.000320
635 0 0 0.000063
640 0 0 0.000238
645 0 0 -0.000320
650 0 0 -0.001877
655 0 0 -0.003665
660 0 0 -0.004660
665 0 0 -0.004174
670 0 0 -0.002873
675 0 0 -0.001760
680 0 0 -0.001578
685 0 0 -0.002025
690 0 0 -0.002540
695 0 0 -0.002674
700 0 0 -0.002439
705 0 0 -0.001960
710 0 0 -0.001365
715 0 0 -0.000791
720 0 0 -0.000380
725 0 0 -0.000229
730 0 0 -0.000262
735 0 0 -0.000360
740 0 0 -0.000425
745 0 0 -0.000448
750 0 0 -0.000440
755 0 0 -0.000414
760 0 0 -0.000387
765 0 0 -0.000380
770 0 0 -0.000405
775 0 0 -0.000445
780 0 0 -0.000480
785 0 0 -0.000492
790 0 0 -0.000488
795 0 0 -0.000480
800 0 0 -0.000479
805 0 0 -0.000481
810 0 0 -0.000480
815 0 0 -0.000471
820 0 0 -0.000452
825 0 0 -0.000420
830 0 0 -0.000380
835 0 0 -0.000361
840 0 0 -0.000400
845 0 0 -0.000513
850 0 0 -0.000640
855 0 0 -0.000700
860 0 0 -0.000639
865 0 0 -0.000512
870 0 0 -0.000400
875 0 0 -0.000363
880 0 0 -0.000378
885 0 0 -0.000400
890 0 0 -0.000396
895 0 0 -0.000381
900 0 0 -0.000380
905 0 0 -0.000410
910 0 0 -0.000453
915 0 0 -0.000480
920 0 0 -0.000473
925 0 0 -0.000450
930 0 0 -0.000440
935 0 0 -0.000459
940 0 0 -0.000484
945 0 0 -0.000480
950 0 0 -0.000425
955 0 0 -0.000346
960 0 0 -0.000280
965 0 0 -0.000257
970 0 0 -0.000269
975 0 0 -0.000300
980 0 0 -0.000336
985 0 0 -0.000380
990 0 0 -0.000440
995 0 0 -0.000515
1000 0 0 -0.000575
1005 0 0 -0.000580
1010 0 0 -0.000513
1015 0 0 -0.000438
1020 0 0 -0.000440
1025 0 0 -0.000573
1030 0 0 -0.000762
1035 0 0 -0.000900
1040 0 0 -0.000911
1045 0 0 -0.000849
1050 0 0 -0.000800
1055 0 0 -0.000819
1060 0 0 -0.000838
1065 0 0 -0.000760
1070 0 0 -0.000555
1075 0 0 -0.000460
1080 0 0 -0.000780
1085 0 0 -0.001684
1090 0 0 -0.002790
1095 0 0 -0.003580
1100 0 0 -0.003676
1105 0 0 -0.003256
1110 0 0 -0.002640
1115 0 0 -0.002092
1120 0 0 -0.001661
1125 0 0 -0.001340
1130 0 0 -0.001118
1135 0 0 -0.000969
1140 0 0 -0.000860
1145 0 0 -0.000765
1150 0 0 -0.000678
1155 0 0 -0.000600
1160 0 0 -0.000532
1165 0 0 -0.000487
1170 0 0 -0.000480
1175 0 0 -0.000516
1180 0 0 -0.000568
1185 0 0 -0.000600
1190 0 0 -0.000586
1195 0 0 -0.000548
1200 0 0 -0.000520
1205 0 0 -0.000527
1210 0 0 -0.000564
1215 0 0 -0.000620
1220 0 0 -0.000681
1225 0 0 -0.000728
1230 0 0 -0.000740
1235 0 0 -0.000704
1240 0 0 -0.000642
1245 0 0 -0.000580
1250 0 0 -0.000541
1255 0 0 -0.000513
1260 0 0 -0.000480
1265 0 0 -0.000431
1270 0 0 -0.000387
1275 0 0 -0.000380
1280 0 0 -0.000426
1285 0 0 -0.000494
1290 0 0 -0.000540
1295 0 0 -0.000532
1300 0 0 -0.000489
1305 0 0 -0.000440
1310 0 0 -0.000412
1315 0 0 -0.000412
1320 0 0 -0.000440
1325 0 0 -0.000493
1330 0 0 -0.000544
1335 0 0 -0.000560
1340 0 0 -0.000522
1345 0 0 -0.000461
1350 0 0 -0.000420
1355 0 0 -0.000430
1360 0 0 -0.000463
1365 0 0 -0.000480
1370 0 0 -0.000449
1375 0 0 -0.000382
1380 0 0 -0.000300
1385 0 0 -0.000224
1390 0 0 -0.000177
1395 0 0 -0.000180
1400 0 0 -0.000241
1405 0 0 -0.000315
1410 0 0 -0.000340
1415 0 0 -0.000280
1420 0 0 -0.000187
1425 0 0 -0.000140
1430 0 0 -0.000190
1435 0 0 -0.000292
1440 0 0 -0.000380
1445 0 0 -0.000401
1450 0 0 -0.000371
1455 0 0 -0.000320
1460 0 0 -0.000278
1465 0 0 -0.000260
1470 0 0 -0.000280
1475 0 0 -0.000339
1480 0 0 -0.000397
1485 0 0 -0.000400
1490 0 0 -0.000318
1495 0 0 -0.000205
1500 0 0 -0.000140
1505 0 0 -0.000173
1510 0 0 -0.000258
1515 0 0 -0.000320
1520 0 0 -0.000308
1525 0 0 -0.000251
1530 0 0 -0.000200
1535 0 0 -0.000192
1540 0 0 -0.000214
1545 0 0 -0.000240
1550 0 0 -0.000251
1555 0 0 -0.000248
1560 0 0 -0.000240
1565 0 0 -0.000235
1570 0 0 -0.000244
1575 0 0 -0.000280
1580 0 0 -0.000346
1585 0 0 -0.000407
1590 0 0 -0.000420
1595 0 0 -0.000359
1600 0 0 -0.000271
1605 0 0 -0.000220
1610 0 0 -0.000250
1615 0 0 -0.000318
1620 0 0 -0.000360
1625 0 0 -0.000329
1630 0 0 -0.000253
1635 0 0 -0.000180
1640 0 0 -0.000147
1645 0 0 -0.000156
1650 0 0 -0.000200
1655 0 0 -0.000267
1660 0 0 -0.000330
1665 0 0 -0.000360
1670 0 0 -0.000336
1675 0 0 -0.000284
1680 0 0 -0.000240
1685 0 0 -0.000231
1690 0 0 -0.000255
1695 0 0 -0.000300
1700 0 0 -0.000355
1705 0 0 -0.000406
1710 0 0 -0.000440
1715 0 0 -0.000447
1720 0 0 -0.000426
1725 0 0 -0.000380
1730 0 0 -0.000316
1735 0 0 -0.000259
1740 0 0 -0.000240
1745 0 0 -0.000277
1750 0 0 -0.000333
1755 0 0 -0.000360
1760 0 0 -0.000325
1765 0 0 -0.000256
1770 0 0 -0.000200
1775 0 0 -0.000189
1780 0 0 -0.000210
1785 0 0 -0.000240
1790 0 0 -0.000258
1795 0 0 -0.000258
1800 0 0 -0.000240
1805 0 0 -0.000206
1810 0 0 -0.000178
1815 0 0 -0.000180
1820 0 0 -0.000227
1825 0 0 -0.000288
1830 0 0 -0.000320
1835 0 0 -0.000297
1840 0 0 -0.000254
1845 0 0 -0.000240
1850 0 0 -0.000289
1855 0 0 -0.000361
1860 0 0 -0.000400
1865 0 0 -0.000367
1870 0 0 -0.000296
1875 0 0 -0.000240
1880 0 0 -0.000238
1885 0 0 -0.000274
1890 0 0 -0.000320
1895 0 0 -0.000355
1900 0 0 -0.000388
1905 0 0 -0.000440
1910 0 0 -0.000518
1915 0 0 -0.000591
1920 0 0 -0.000620
1925 0 0 -0.000577
1930 0 0 -0.000490
1935 0 0 -0.000400
1940 0 0 -0.000342
1945 0 0 -0.000322
1950 0 0 -0.000340
1955 0 0 -0.000391
1960 0 0 -0.000443
1965 0 0 -0.000460
1970 0 0 -0.000419
1975 0 0 -0.000361
1980 0 0 -0.000340
1985 0 0 -0.000395
1990 0 0 -0.000497
1995 0 0 -0.000600
2000 0 0 -0.000664
2005 0 0 -0.000669
2010 0 0 -0.000600
2015 0 0 -0.000456
2020 0 0 -0.000293
2025 0 0 -0.000180
2030 0 0 -0.000166
2035 0 0 -0.000217
2040 0 0 -0.000280
2045 0 0 -0.000310
2050 0 0 -0.000307
2055 0 0 -0.000280
2060 0 0 -0.000241
2065 0 0 -0.000213
2070 0 0 -0.000220
2075 0 0 -0.000274
2080 0 0 -0.000338
2085 0 0 -0.000360
2090 0 0 -0.000311
2095 0 0 -0.000241
2100 0 0 -0.000220
2105 0 0 -0.000296
2110 0 0 -0.000420
2115 0 0 -0.000520
2120 0 0 -0.000540
2125 0 0 -0.000490
2130 0 0 -0.000400
2135 0 0 -0.000308
2140 0 0 -0.000302
2145 0 0 -0.000480
2150 0 0 -0.000880
2155 0 0 -0.001301
2160 0 0 -0.001480
2165 0 0 -0.001246
2170 0 0 -0.000791
2175 0 0 -0.000400
2180 0 0 -0.000284
2185 0 0 -0.000362
2190 0 0 -0.000480
2195 0 0 -0.000517
2200 0 0 -0.000488
2205 0 0 -0.000440
2210 0 0 -0.000413
2215 0 0 -0.000409
2220 0 0 -0.000420
2225 0 0 -0.000438
2230 0 0 -0.000449
2235 0 0 -0.000440
2240 0 0 -0.000404
2245 0 0 -0.000366
2250 0 0 -0.000360
2255 0 0 -0.000406
2260 0 0 -0.000478
2265 0 0 -0.000540
2270 0 0 -0.000561
2275 0 0 -0.000539
2280 0 0 -0.000480
2285 0 0 -0.000395
2290 0 0 -0.000315
2295 0 0 -0.000280
2300 0 0 -0.000311
2305 0 0 -0.000369
2310 0 0 -0.000400
2315 0 0 -0.000372
2320 0 0 -0.000339
2325 0 0 -0.000380
2330 0 0 -0.000544
2335 0 0 -0.000773
2340 0 0 -0.000980
2345 0 0 -0.001099
2350 0 0 -0.001147
2355 0 0 -0.001160
2360 0 0 -0.001165
2365 0 0 -0.001157
2370 0 0 -0.001120
2375 0 0 -0.001047
2380 0 0 -0.000952
2385 0 0 -0.000860
2390 0 0 -0.000788
2395 0 0 -0.000741
2400 0 0 -0.000720
2405 0 0 -0.000720
2410 0 0 -0.000712
2415 0 0 -0.000660
2420 0 0 -0.000544
2425 0 0 -0.000415
2430 0 0 -0.000340
2435 0 0 -0.000365
2440 0 0 -0.000451
2445 0 0 -0.000540
2450 0 0 -0.000584
2455 0 0 -0.000586
2460 0 0 -0.000560
2465 0 0 -0.000516
2470 0 0 -0.000447
2475 0 0 -0.000340
2480 0 0 -0.000214
2485 0 0 -0.000220
2490 0 0 -0.000540
2495 0 0 -0.001260
2500 0 0 -0.002084
2505 0 0 -0.002620
2510 0 0 -0.002588
2515 0 0 -0.002159
2520 0 0 -0.001620
2525 0 0 -0.001205
2530 0 0 -0.000949
2535 0 0 -0.000840
2540 0 0 -0.000852
2545 0 0 -0.000919
2550 0 0 -0.000960
2555 0 0 -0.000918
2560 0 0 -0.000817
2565 0 0 -0.000700
2570 0 0 -0.000608
2575 0 0 -0.000572
2580 0 0 -0.000620
2585 0 0 -0.000758
2590 0 0 -0.000900
2595 0 0 -0.000940
2600 0 0 -0.000810
2605 0 0 -0.000604
2610 0 0 -0.000460
2615 0 0 -0.000472
2620 0 0 -0.000574
2625 0 0 -0.000660
2630 0 0 -0.000654
2635 0 0 -0.000602
2640 0 0 -0.000580
2645 0 0 -0.000642
2650 0 0 -0.000744
2655 0 0 -0.000820
2660 0 0 -0.000823
2665 0 0 -0.000785
2670 0 0 -0.000760
2675 0 0 -0.000784
2680 0 0 -0.000836
2685 0 0 -0.000880
2690 0 0 -0.000887
2695 0 0 -0.000862
2700 0 0 -0.000820
2705 0 0 -0.000772
2710 0 0 -0.000724
2715 0 0 -0.000680
2720 0 0 -0.000644
2725 0 0 -0.000627
2730 0 0 -0.000640
2735 0 0 -0.000688
2740 0 0 -0.000745
2745 0 0 -0.000780
2750 0 0 -0.000770
2755 0 0 -0.000729
2760 0 0 -0.000680
2765 0 0 -0.000643
2770 0 0 -0.000622
2775 0 0 -0.000620
2780 0 0 -0.000632
2785 0 0 -0.000635
2790 0 0 -0.000600
2795 0 0 -0.000510
2800 0 0 -0.000401
2805 0 0 -0.000320
2810 0 0 -0.000303
2815 0 0 -0.000332
2820 0 0 -0.000380
2825 0 0 -0.000419
2830 0 0 -0.000431
2835 0 0 -0.000400
2840 0 0 -0.000322
2845 0 0 -0.000232
2850 0 0 -0.000180
2855 0 0 -0.000197
2860 0 0 -0.000258
2865 0 0 -0.000320
2870 0 0 -0.000350
2875 0 0 -0.000343
2880 0 0 -0.000300
2885 0 0 -0.000230
2890 0 0 -0.000170
2895 0 0 -0.000160
2900 0 0 -0.000227
2905 0 0 -0.000327
2910 0 0 -0.000400
2915 0 0 -0.000402
2920 0 0 -0.000356
2925 0 0 -0.000300
2930 0 0 -0.000268
2935 0 0 -0.000267
2940 0 0 -0.000300
2945 0 0 -0.000361
2950 0 0 -0.000416
2955 0 0 -0.000420
2960 0 0 -0.000349
2965 0 0 -0.000248
2970 0 0 -0.000180
2975 0 0 -0.000188
2980 0 0 -0.000244
2985 0 0 -0.000300
2990 0 0 -0.000318
2995 0 0 -0.000301
3000 0 0 -0.000260
3005 0 0 -0.000211
3010 0 0 -0.000176
3015 0 0 -0.000180
3020 0 0 -0.000236
3025 0 0 -0.000306
3030 0 0 -0.000340
3035 0 0 -0.000305
3040 0 0 -0.000239
3045 0 0 -0.000200
3050 0 0 -0.000228
3055 0 0 -0.000296
3060 0 0 -0.000360
3065 0 0 -0.000386
3070 0 0 -0.000376
3075 0 0 -0.000340
3080 0 0 -0.000292
3085 0 0 -0.000256
3090 0 0 -0.000260
3095 0 0 -0.000318
3100 0 0 -0.000390
3105 0 0 -0.000420
3110 0 0 -0.000373
3115 0 0 -0.000287
3120 0 0 -0.000220
3125 0 0 -0.000214
3130 0 0 -0.000252
3135 0 0 -0.000300
3140 0 0 -0.000333
3145 0 0 -0.000350
3150 0 0 -0.000360
3155 0 0 -0.000366
3160 0 0 -0.000362
3165 0 0 -0.000340
3170 0 0 -0.000296
3175 0 0 -0.000248
3180 0 0 -0.000220
3185 0 0 -0.000228
3190 0 0 -0.000266
3195 0 0 -0.000320
3200 0 0 -0.000375
3205 0 0 -0.000410
3210 0 0 -0.000400
3215 0 0 -0.000336
3220 0 0 -0.000258
3225 0 0 -0.000220
3230 0 0 -0.000256
3235 0 0 -0.000324
3240 0 0 -0.000360
3245 0 0 -0.000321
3250 0 0 -0.000243
3255 0 0 -0.000180
3260 0 0 -0.000173
3265 0 0 -0.000204
3270 0 0 -0.000240
3275 0 0 -0.000256
3280 0 0 -0.000254
3285 0 0 -0.000240
3290 0 0 -0.000223
3295 0 0 -0.000208
3300 0 0 -0.000200
3305 0 0 -0.000208
3310 0 0 -0.000248
3315 0 0 -0.000340
3320 0 0 -0.000491
3325 0 0 -0.000651
3330 0 0 -0.000760
3335 0 0 -0.000773
3340 0 0 -0.000723
3345 0 0 -0.000660
3350 0 0 -0.000622
3355 0 0 -0.000602
3360 0 0 -0.000580
3365 0 0 -0.000543
3370 0 0 -0.000504
3375 0 0 -0.000480
3380 0 0 -0.000484
3385 0 0 -0.000504
3390 0 0 -0.000520
3395 0 0 -0.000518
3400 0 0 -0.000497
3405 0 0 -0.000460
3410 0 0 -0.000410
3415 0 0 -0.000359
3420 0 0 -0.000320
3425 0 0 -0.000301
3430 0 0 -0.000293
3435 0 0 -0.000280
3440 0 0 -0.000255
3445 0 0 -0.000239
3450 0 0 -0.000260
3455 0 0 -0.000333
3460 0 0 -0.000417
3465 0 0 -0.000460
3470 0 0 -0.000426
3475 0 0 -0.000359
3480 0 0 -0.000320
3485 0 0 -0.000353
3490 0 0 -0.000423
3495 0 0 -0.000480
3500 0 0 -0.000482
3505 0 0 -0.000441
3510 0 0 -0.000380
3515 0 0 -0.000320
3520 0 0 -0.000276
3525 0 0 -0.000260
3530 0 0 -0.000282
3535 0 0 -0.000338
3540 0 0 -0.000420
3545 0 0 -0.000513
3550 0 0 -0.000570
3555 0 0 -0.000540
3560 0 0 -0.000400
3565 0 0 -0.000255
3570 0 0 -0.000240
3575 0 0 -0.000438
3580 0 0 -0.000724
3585 0 0 -0.000920
3590 0 0 -0.000898
3595 0 0 -0.000725
3600 0 0 -0.000520
3605 0 0 -0.000384
3610 0 0 -0.000361
3615 0 0 -0.000480
3620 0 0 -0.000738
3625 0 0 -0.001005
3630 0 0 -0.001120
3635 0 0 -0.000977
3640 0 0 -0.000693
3645 0 0 -0.000440
3650 0 0 -0.000345
3655 0 0 -0.000357
3660 0 0 -0.000380
3665 0 0 -0.000341
3670 0 0 -0.000270
3675 0 0 -0.000220
3680 0 0 -0.000230
3685 0 0 -0.000281
3690 0 0 -0.000340
3695 0 0 -0.000381
3700 0 0 -0.000399
3705 0 0 -0.000400
3710 0 0 -0.000386
3715 0 0 -0.000364
3720 0 0 -0.000340
3725 0 0 -0.000322
3730 0 0 -0.000319
3735 0 0 -0.000340
3740 0 0 -0.000389
3745 0 0 -0.000445
3750 0 0 -0.000480
3755 0 0 -0.000474
3760 0 0 -0.000436
3765 0 0 -0.000380
3770 0 0 -0.000323
3775 0 0 -0.000278
3780 0 0 -0.000260
3785 0 0 -0.000280
3790 0 0 -0.000335
3795 0 0 -0.000420
3800 0 0 -0.000524
3805 0 0 -0.000611
3810 0 0 -0.000640
3815 0 0 -0.000587
3820 0 0 -0.000488
3825 0 0 -0.000400
3830 0 0 -0.000363
3835 0 0 -0.000370
3840 0 0 -0.000400
3845 0 0 -0.000440
3850 0 0 -0.000495
3855 0 0 -0.000580
3860 0 0 -0.000697
3865 0 0 -0.000817
3870 0 0 -0.000900
3875 0 0 -0.000919
3880 0 0 -0.000890
3885 0 0 -0.000840
3890 0 0 -0.000791
3895 0 0 -0.000751
3900 0 0 -0.000720
3905 0 0 -0.000699
3910 0 0 -0.000676
3915 0 0 -0.000640
3920 0 0 -0.000588
3925 0 0 -0.000563
3930 0 0 -0.000620
3935 0 0 -0.000787
3940 0 0 -0.000988
3945 0 0 -0.001120
3950 0 0 -0.001114
3955 0 0 -0.001040
3960 0 0 -0.001000
3965 0 0 -0.001064
3970 0 0 -0.001169
3975 0 0 -0.001220
3980 0 0 -0.001152
3985 0 0 -0.001023
3990 0 0 -0.000920
3995 0 0 -0.000905
4000 0 0 -0.000935
4005 0 0 -0.000940
4010 0 0 -0.000873
4015 0 0 -0.000783
4020 0 0 -0.000740
4025 0 0 -0.000790
4030 0 0 -0.000883
4035 0 0 -0.000940
4040 0 0 -0.000906
4045 0 0 -0.000805
4050 0 0 -0.000680
4055 0 0 -0.000570
4060 0 0 -0.000497
4065 0 0 -0.000480
4070 0 0 -0.000527
4075 0 0 -0.000613
4080 0 0 -0.000700
4085 0 0 -0.000761
4090 0 0 -0.000798
4095 0 0 -0.000820
4100 0 0 -0.000833
4105 0 0 -0.000835
4110 0 0 -0.000820
4115 0 0 -0.000786
4120 0 0 -0.000747
4125 0 0 -0.000720
4130 0 0 -0.000717
4135 0 0 -0.000719
4140 0 0 -0.000700
4145 0 0 -0.000646
4150 0 0 -0.000587
4155 0 0 -0.000560
4160 0 0 -0.000592
4165 0 0 -0.000654
4170 0 0 -0.000700
4175 0 0 -0.000699
4180 0 0 -0.000664
4185 0 0 -0.000620
4190 0 0 -0.000586
4195 0 0 -0.000561
4200 0 0 -0.000540
4205 0 0 -0.000520
4210 0 0 -0.000515
4215 0 0 -0.000540
4220 0 0 -0.000599
4225 0 0 -0.000645
4230 0 0 -0.000620
4235 0 0 -0.000489
4240 0 0 -0.000318
4245 0 0 -0.000200
4250 0 0 -0.000201
4255 0 0 -0.000282
4260 0 0 -0.000380
4265 0 0 -0.000440
4270 0 0 -0.000454
4275 0 0 -0.000420
4280 0 0 -0.000348
4285 0 0 -0.000273
4290 0 0 -0.000240
4295 0 0 -0.000277
4300 0 0 -0.000348
4305 0 0 -0.000400
4310 0 0 -0.000395
4315 0 0 -0.000347
4320 0 0 -0.000280
4325 0 0 -0.000221
4330 0 0 -0.000188
4335 0 0 -0.000200
4340 0 0 -0.000263
4345 0 0 -0.000335
4350 0 0 -0.000360
4355 0 0 -0.000304
4360 0 0 -0.000210
4365 0 0 -0.000140
4370 0 0 -0.000141
4375 0 0 -0.000194
4380 0 0 -0.000260
4385 0 0 -0.000309
4390 0 0 -0.000331
4395 0 0 -0.000320
4400 0 0 -0.000280
4405 0 0 -0.000241
4410 0 0 -0.000240
4415 0 0 -0.000301
4420 0 0 -0.000385
4425 0 0 -0.000440
4430 0 0 -0.000427
4435 0 0 -0.000368
4440 0 0 -0.000300
4445 0 0 -0.000252
4450 0 0 -0.000232
4455 0 0 -0.000240
4460 0 0 -0.000271
4465 0 0 -0.000302
4470 0 0 -0.000300
4475 0 0 -0.000250
4480 0 0 -0.000187
4485 0 0 -0.000160
4490 0 0 -0.000201
4495 0 0 -0.000272
4500 0 0 -0.000320
4505 0 0 -0.000306
4510 0 0 -0.000253
4515 0 0 -0.000200
4520 0 0 -0.000181
4525 0 0 -0.000201
4530 0 0 -0.000260
4535 0 0 -0.000351
4540 0 0 -0.000439
4545 0 0 -0.000480
4550 0 0 -0.000448
4555 0 0 -0.000377
4560 0 0 -0.000320
4565 0 0 -0.000314
4570 0 0 -0.000343
4575 0 0 -0.000380
4580 0 0 -0.000400
4585 0 0 -0.000405
4590 0 0 -0.000400
4595 0 0 -0.000389
4600 0 0 -0.000365
4605 0 0 -0.000320
4610 0 0 -0.000253
4615 0 0 -0.000189
4620 0 0 -0.000160
4625 0 0 -0.000188
4630 0 0 -0.000247
4635 0 0 -0.000300
4640 0 0 -0.000317
4645 0 0 -0.000301
4650 0 0 -0.000260
4655 0 0 -0.000209
4660 0 0 -0.000177
4665 0 0 -0.000200
4670 0 0 -0.000293
4675 0 0 -0.000399
4680 0 0 -0.000440
4685 0 0 -0.000376
4690 0 0 -0.000305
4695 0 0 -0.000360
4700 0 0 -0.000623
4705 0 0 -0.000963
4710 0 0 -0.001200
4715 0 0 -0.001201
4720 0 0 -0.001035
4725 0 0 -0.000820
4730 0 0 -0.000653
4735 0 0 -0.000548
4740 0 0 -0.000500
4745 0 0 -0.000498
4750 0 0 -0.000510
4755 0 0 -0.000500
4760 0 0 -0.000443
4765 0 0 -0.000369
4770 0 0 -0.000320
4775 0 0 -0.000326
4780 0 0 -0.000364
4785 0 0 -0.000400
4790 0 0 -0.000411
4795 0 0 -0.000424
4800 0 0 -0.000480
4805 0 0 -0.000601
4810 0 0 -0.000742
4815 0 0 -0.000840
4820 0 0 -0.000851
4825 0 0 -0.000802
4830 0 0 -0.000740
4835 0 0 -0.000698
4840 0 0 -0.000666
4845 0 0 -0.000620
4850 0 0 -0.000550
4855 0 0 -0.000489
4860 0 0 -0.000480
4865 0 0 -0.000549
4870 0 0 -0.000640
4875 0 0 -0.000680
4880 0 0 -0.000618
4885 0 0 -0.000501
4890 0 0 -0.000400
4895 0 0 -0.000367
4900 0 0 -0.000385
4905 0 0 -0.000420
4910 0 0 -0.000441
4915 0 0 -0.000437
4920 0 0 -0.000400
4925 0 0 -0.000332
4930 0 0 -0.000269
4935 0 0 -0.000260
4940 0 0 -0.000330
4945 0 0 -0.000428
4950 0 0 -0.000480
4955 0 0 -0.000439
4960 0 0 -0.000349
4965 0 0 -0.000280
4970 0 0 -0.000282
4975 0 0 -0.000330
4980 0 0 -0.000380
4985 0 0 -0.000398
4990 0 0 -0.000382
4995 0 0 -0.000340
5000 0 0 -0.000282
5005 0 0 -0.000228
5010 0 0 -0.000200
5015 0 0 -0.000218
5020 0 0 -0.000289
5025 0 0 -0.000420
5030 0 0 -0.000605
5035 0 0 -0.000798
5040 0 0 -0.000940
5045 0 0 -0.000987
5050 0 0 -0.000947
5055 0 0 -0.000840
5060 0 0 -0.000690
5065 0 0 -0.000541
5070 0 0 -0.000440
5075 0 0 -0.000421
5080 0 0 -0.000455
5085 0 0 -0.000500
5090 0 0 -0.000521
5095 0 0 -0.000513
5100 0 0 -0.000480
5105 0 0 -0.000427
5110 0 0 -0.000369
5115 0 0 -0.000320
5120 0 0 -0.000295
5125 0 0 -0.000295
5130 0 0 -0.000320
5135 0 0 -0.000364
5140 0 0 -0.000401
5145 0 0 -0.000400
5150 0 0 -0.000344
5155 0 0 -0.000268
5160 0 0 -0.000220
5165 0 0 -0.000236
5170 0 0 -0.000294
5175 0 0 -0.000360
5180 0 0 -0.000404
5185 0 0 -0.000413
5190 0 0 -0.000380
5195 0 0 -0.000308
5200 0 0 -0.000237
5205 0 0 -0.000220
5210 0 0 -0.000288
5215 0 0 -0.000397
5220 0 0 -0.000480
5225 0 0 -0.000489
5230 0 0 -0.000439
5235 0 0 -0.000360
5240 0 0 -0.000287
5245 0 0 -0.000264
5250 0 0 -0.000340
5255 0 0 -0.000533
5260 0 0 -0.000738
5265 0 0 -0.000820
5270 0 0 -0.000692
5275 0 0 -0.000456
5280 0 0 -0.000260
5285 0 0 -0.000215
5290 0 0 -0.000271
5295 0 0 -0.000340
5300 0 0 -0.000358
5305 0 0 -0.000358
5310 0 0 -0.000400
5315 0 0 -0.000520
5320 0 0 -0.000675
5325 0 0 -0.000800
5330 0 0 -0.000858
5335 0 0 -0.000923
5340 0 0 -0.001100
5345 0 0 -0.001444
5350 0 0 -0.001829
5355 0 0 -0.002080
5360 0 0 -0.002073
5365 0 0 -0.001874
5370 0 0 -0.001600
5375 0 0 -0.001346
5380 0 0 -0.001122
5385 0 0 -0.000920
5390 0 0 -0.000738
5395 0 0 -0.000605
5400 0 0 -0.000560
5405 0 0 -0.000628
5410 0 0 -0.000781
5415 0 0 -0.000980
5420 0 0 -0.001182
5425 0 0 -0.001328
5430 0 0 -0.001360
5435 0 0 -0.001243
5440 0 0 -0.001055
5445 0 0 -0.000900
5450 0 0 -0.000854
5455 0 0 -0.000882
5460 0 0 -0.000920
5465 0 0 -0.000918
5470 0 0 -0.000879
5475 0 0 -0.000820
5480 0 0 -0.000755
5485 0 0 -0.000698
5490 0 0 -0.000660
5495 0 0 -0.000647
5500 0 0 -0.000647
5505 0 0 -0.000640
5510 0 0 -0.000615
5515 0 0 -0.000593
5520 0 0 -0.000600
5525 0 0 -0.000652
5530 0 0 -0.000720
5535 0 0 -0.000760
5540 0 0 -0.000744
5545 0 0 -0.000693
5550 0 0 -0.000640
5555 0 0 -0.000612
5560 0 0 -0.000608
5565 0 0 -0.000620
5570 0 0 -0.000638
5575 0 0 -0.000645
5580 0 0 -0.000620
5585 0 0 -0.000554
5590 0 0 -0.000474
5595 0 0 -0.000420
5600 0 0 -0.000420
5605 0 0 -0.000466
5610 0 0 -0.000540
5615 0 0 -0.000623
5620 0 0 -0.000687
5625 0 0 -0.000700
5630 0 0 -0.000645
5635 0 0 -0.000551
5640 0 0 -0.000460
5645 0 0 -0.000405
5650 0 0 -0.000382
5655 0 0 -0.000380
5660 0 0 -0.000384
5665 0 0 -0.000377
5670 0 0 -0.000340
5675 0 0 -0.000265
5680 0 0 -0.000189
5685 0 0 -0.000160
5690 0 0 -0.000207
5695 0 0 -0.000287
5700 0 0 -0.000340
5705 0 0 -0.000323
5710 0 0 -0.000262
5715 0 0 -0.000200
5720 0 0 -0.000173
5725 0 0 -0.000182
5730 0 0 -0.000220
5735 0 0 -0.000275
5740 0 0 -0.000324
5745 0 0 -0.000340
5750 0 0 -0.000307
5755 0 0 -0.000259
5760 0 0 -0.000240
5765 0 0 -0.000279
5770 0 0 -0.000348
5775 0 0 -0.000400
5780 0 0 -0.000403
5785 0 0 -0.000368
5790 0 0 -0.000320
5795 0 0 -0.000279
5800 0 0 -0.000256
5805 0 0 -0.000260
5810 0 0 -0.000291
5815 0 0 -0.000322
5820 0 0 -0.000320
5825 0 0 -0.000264
5830 0 0 -0.000194
5835 0 0 -0.000160
5840 0 0 -0.000198
5845 0 0 -0.000270
5850 0 0 -0.000320
5855 0 0 -0.000308
5860 0 0 -0.000256
5865 0 0 -0.000200
5870 0 0 -0.000171
5875 0 0 -0.000176
5880 0 0 -0.000220
5885 0 0 -0.000297
5890 0 0 -0.000371
5895 0 0 -0.000400
5900 0 0 -0.000357
5905 0 0 -0.000284
5910 0 0 -0.000240
5915 0 0 -0.000266
5920 0 0 -0.000330
5925 0 0 -0.000380
5930 0 0 -0.000378
5935 0 0 -0.000336
5940 0 0 -0.000280
5945 0 0 -0.000233
5950 0 0 -0.000204
5955 0 0 -0.000200
5960 0 0 -0.000222
5965 0 0 -0.000255
5970 0 0 -0.000280
5975 0 0 -0.000282
5980 0 0 -0.000266
5985 0 0 -0.000240
5990 0 0 -0.000213
5995 0 0 -0.000196
6000 0 0 -0.000200
6005 0 0 -0.000232
6010 0 0 -0.000283
6015 0 0 -0.000340
6020 0 0 -0.000392
6025 0 0 -0.000434
6030 0 0 -0.000460
6035 0 0 -0.000467
6040 0 0 -0.000448
6045 0 0 -0.000400
6050 0 0 -0.000324
6055 0 0 -0.000251
6060 0 0 -0.000220
6065 0 0 -0.000256
6070 0 0 -0.000320
6075 0 0 -0.000360
6080 0 0 -0.000339
6085 0 0 -0.000279
6090 0 0 -0.000220
6095 0 0 -0.000192
6100 0 0 -0.000195
6105 0 0 -0.000220
6110 0 0 -0.000258
6115 0 0 -0.000286
6120 0 0 -0.000280
6125 0 0 -0.000228
6130 0 0 -0.000166
6135 0 0 -0.000140
6140 0 0 -0.000183
6145 0 0 -0.000260
6150 0 0 -0.000320
6155 0 0 -0.000328
6160 0 0 -0.000303
6165 0 0 -0.000280
6170 0 0 -0.000285
6175 0 0 -0.000311
6180 0 0 -0.000340
6185 0 0 -0.000356
6190 0 0 -0.000347
6195 0 0 -0.000300
6200 0 0 -0.000219
6205 0 0 -0.000171
6210 0 0 -0.000240
6215 0 0 -0.000468
6220 0 0 -0.000731
6225 0 0 -0.000860
6230 0 0 -0.000747
6235 0 0 -0.000508
6240 0 0 -0.000320
6245 0 0 -0.000307
6250 0 0 -0.000400
6255 0 0 -0.000480
6260 0 0 -0.000460
6265 0 0 -0.000382
6270 0 0 -0.000320
6275 0 0 -0.000327
6280 0 0 -0.000376
6285 0 0 -0.000420
6290 0 0 -0.000424
6295 0 0 -0.000407
6300 0 0 -0.000400
6305 0 0 -0.000427
6310 0 0 -0.000474
6315 0 0 -0.000520
6320 0 0 -0.000546
6325 0 0 -0.000547
6330 0 0 -0.000520
6335 0 0 -0.000466
6340 0 0 -0.000405
6345 0 0 -0.000360
6350 0 0 -0.000348
6355 0 0 -0.000360
6360 0 0 -0.000380
6365 0 0 -0.000393
6370 0 0 -0.000389
6375 0 0 -0.000360
6380 0 0 -0.000305
6385 0 0 -0.000257
6390 0 0 -0.000260
6395 0 0 -0.000336
6400 0 0 -0.000428
6405 0 0 -0.000460
6410 0 0 -0.000386
6415 0 0 -0.000278
6420 0 0 -0.000240
6425 0 0 -0.000343
6430 0 0 -0.000533
6435 0 0 -0.000720
6440 0 0 -0.000835
6445 0 0 -0.000871
6450 0 0 -0.000840
6455 0 0 -0.000758
6460 0 0 -0.000663
6465 0 0 -0.000600
6470 0 0 -0.000597
6475 0 0 -0.000620
6480 0 0 -0.000620
6485 0 0 -0.000563
6490 0 0 -0.000480
6495 0 0 -0.000420
6500 0 0 -0.000416
6505 0 0 -0.000447
6510 0 0 -0.000480
6515 0 0 -0.000487
6520 0 0 -0.000471
6525 0 0 -0.000440
6530 0 0 -0.000405
6535 0 0 -0.000380
6540 0 0 -0.000380
6545 0 0 -0.000412
6550 0 0 -0.000460
6555 0 0 -0.000500
6560 0 0 -0.000515
6565 0 0 -0.000515
6570 0 0 -0.000520
6575 0 0 -0.000540
6580 0 0 -0.000561
6585 0 0 -0.000560
6590 0 0 -0.000522
6595 0 0 -0.000462
6600 0 0 -0.000400
6605 0 0 -0.000356
6610 0 0 -0.000340
6615 0 0 -0.000360
6620 0 0 -0.000415
6625 0 0 -0.000474
6630 0 0 -0.000500
6635 0 0 -0.000466
6640 0 0 -0.000400
6645 0 0 -0.000340
6650 0 0 -0.000321
6655 0 0 -0.000353
6660 0 0 -0.000440
6665 0 0 -0.000575
6670 0 0 -0.000708
6675 0 0 -0.000780
6680 0 0 -0.000751
6685 0 0 -0.000664
6690 0 0 -0.000580
6695 0 0 -0.000554
6700 0 0 -0.000604
6705 0 0 -0.000740
6710 0 0 -0.000957
6715 0 0 -0.001195
6720 0 0 -0.001380
6725 0 0 -0.001457
6730 0 0 -0.001439
6735 0 0 -0.001360
6740 0 0 -0.001250
6745 0 0 -0.001134
6750 0 0 -0.001040
6755 0 0 -0.000981
6760 0 0 -0.000933
6765 0 0 -0.000860
6770 0 0 -0.000741
6775 0 0 -0.000611
6780 0 0 -0.000520
6785 0 0 -0.000508
6790 0 0 -0.000567
6795 0 0 -0.000680
6800 0 0 -0.000826
6805 0 0 -0.000971
6810 0 0 -0.001080
6815 0 0 -0.001122
6820 0 0 -0.001095
6825 0 0 -0.001000
6830 0 0 -0.000852
6835 0 0 -0.000703
6840 0 0 -0.000620
6845 0 0 -0.000643
6850 0 0 -0.000720
6855 0 0 -0.000780
6860 0 0 -0.000768
6865 0 0 -0.000712
6870 0 0 -0.000660
6875 0 0 -0.000648
6880 0 0 -0.000658
6885 0 0 -0.000660
6890 0 0 -0.000634
6895 0 0 -0.000603
6900 0 0 -0.000600
6905 0 0 -0.000644
6910 0 0 -0.000700
6915 0 0 -0.000720
6920 0 0 -0.000672
6925 0 0 -0.000594
6930 0 0 -0.000540
6935 0 0 -0.000548
6940 0 0 -0.000590
6945 0 0 -0.000620
6950 0 0 -0.000608
6955 0 0 -0.000581
6960 0 0 -0.000580
6965 0 0 -0.000633
6970 0 0 -0.000708
6975 0 0 -0.000760
6980 0 0 -0.000755
6985 0 0 -0.000717
6990 0 0 -0.000680
6995 0 0 -0.000670
7000 0 0 -0.000666
7005 0 0 -0.000640
7010 0 0 -0.000572
7015 0 0 -0.000492
7020 0 0 -0.000440
7025 0 0 -0.000445
7030 0 0 -0.000484
7035 0 0 -0.000520
7040 0 0 -0.000526
7045 0 0 -0.000507
7050 0 0 -0.000480
7055 0 0 -0.000458
7060 0 0 -0.000448
7065 0 0 -0.000460
7070 0 0 -0.000493
7075 0 0 -0.000523
7080 0 0 -0.000520
7085 0 0 -0.000466
7090 0 0 -0.000396
7095 0 0 -0.000360
7100 0 0 -0.000390
7105 0 0 -0.000448
7110 0 0 -0.000480
7115 0 0 -0.000447
7120 0 0 -0.000373
7125 0 0 -0.000300
7130 0 0 -0.000260
7135 0 0 -0.000256
7140 0 0 -0.000280
7145 0 0 -0.000322
7150 0 0 -0.000353
7155 0 0 -0.000340
7160 0 0 -0.000265
7165 0 0 -0.000177
7170 0 0 -0.000140
7175 0 0 -0.000194
7180 0 0 -0.000286
7185 0 0 -0.000340
7190 0 0 -0.000303
7195 0 0 -0.000220
7200 0 0 -0.000160
7205 0 0 -0.000172
7210 0 0 -0.000228
7215 0 0 -0.000280
7220 0 0 -0.000291
7225 0 0 -0.000276
7230 0 0 -0.000260
7235 0 0 -0.000265
7240 0 0 -0.000287
7245 0 0 -0.000320
7250 0 0 -0.000353
7255 0 0 -0.000372
7260 0 0 -0.000360
7265 0 0 -0.000312
7270 0 0 -0.000258
7275 0 0 -0.000240
7280 0 0 -0.000281
7285 0 0 -0.000340
7290 0 0 -0.000360
7295 0 0 -0.000303
7300 0 0 -0.000214
7305 0 0 -0.000160
7310 0 0 -0.000185
7315 0 0 -0.000251
7320 0 0 -0.000300
7325 0 0 -0.000289
7330 0 0 -0.000242
7335 0 0 -0.000200
7340 0 0 -0.000193
7345 0 0 -0.000212
7350 0 0 -0.000240
7355 0 0 -0.000262
7360 0 0 -0.000275
7365 0 0 -0.000280
7370 0 0 -0.000280
7375 0 0 -0.000284
7380 0 0 -0.000300
7385 0 0 -0.000333
7390 0 0 -0.000362
7395 0 0 -0.000360
7400 0 0 -0.000314
7405 0 0 -0.000258
7410 0 0 -0.000240
7415 0 0 -0.000289
7420 0 0 -0.000363
7425 0 0 -0.000400
7430 0 0 -0.000360
7435 0 0 -0.000281
7440 0 0 -0.000220
7445 0 0 -0.000220
7450 0 0 -0.000264
7455 0 0 -0.000320
7460 0 0 -0.000360
7465 0 0 -0.000374
7470 0 0 -0.000360
7475 0 0 -0.000317
7480 0 0 -0.000262
7485 0 0 -0.000220
7490 0 0 -0.000207
7495 0 0 -0.000223
7500 0 0 -0.000260
7505 0 0 -0.000310
7510 0 0 -0.000352
7515 0 0 -0.000360
7520 0 0 -0.000322
7525 0 0 -0.000273
7530 0 0 -0.000260
7535 0 0 -0.000311
7540 0 0 -0.000379
7545 0 0 -0.000400
7550 0 0 -0.000331
7555 0 0 -0.000226
7560 0 0 -0.000160
7565 0 0 -0.000185
7570 0 0 -0.000255
7575 0 0 -0.000300
7580 0 0 -0.000271
7585 0 0 -0.000205
7590 0 0 -0.000160
7595 0 0 -0.000177
7600 0 0 -0.000226
7605 0 0 -0.000260
7610 0 0 -0.000248
7615 0 0 -0.000214
7620 0 0 -0.000200
7625 0 0 -0.000232
7630 0 0 -0.000280
7635 0 0 -0.000300
7640 0 0 -0.000269
7645 0 0 -0.000244
7650 0 0 -0.000300
7655 0 0 -0.000481
7660 0 0 -0.000696
7665 0 0 -0.000820
7670 0 0 -0.000766
7675 0 0 -0.000604
7680 0 0 -0.000440
7685 0 0 -0.000358
7690 0 0 -0.000344
7695 0 0 -0.000360
7700 0 0 -0.000376
7705 0 0 -0.000393
7710 0 0 -0.000420
7715 0 0 -0.000461
7720 0 0 -0.000506
7725 0 0 -0.000540
7730 0 0 -0.000549
7735 0 0 -0.000525
7740 0 0 -0.000460
7745 0 0 -0.000357
7750 0 0 -0.000264
7755 0 0 -0.000240
7760 0 0 -0.000319
7765 0 0 -0.000440
7770 0 0 -0.000520
7775 0 0 -0.000500
7780 0 0 -0.000429
7785 0 0 -0.000380
7790 0 0 -0.000404
7795 0 0 -0.000460
7800 0 0 -0.000480
7805 0 0 -0.000423
7810 0 0 -0.000344
7815 0 0 -0.000320
7820 0 0 -0.000402
7825 0 0 -0.000530
7830 0 0 -0.000620
7835 0 0 -0.000607
7840 0 0 -0.000517
7845 0 0 -0.000400
7850 0 0 -0.000301
7855 0 0 -0.000246
7860 0 0 -0.000260
7865 0 0 -0.000347
7870 0 0 -0.000441
7875 0 0 -0.000460
7880 0 0 -0.000357
7885 0 0 -0.000231
7890 0 0 -0.000220
7895 0 0 -0.000411
7900 0 0 -0.000696
7905 0 0 -0.000920
7910 0 0 -0.000966
7915 0 0 -0.000878
7920 0 0 -0.000740
7925 0 0 -0.000623
7930 0 0 -0.000542
7935 0 0 -0.000500
7940 0 0 -0.000495
7945 0 0 -0.000510
7950 0 0 -0.000520
7955 0 0 -0.000509
7960 0 0 -0.000480
7965 0 0 -0.000440
7970 0 0 -0.000396
7975 0 0 -0.000355
7980 0 0 -0.000320
7985 0 0 -0.000298
7990 0 0 -0.000295
7995 0 0 -0.000320
8000 0 0 -0.000372
8005 0 0 -0.000424
8010 0 0 -0.000440
8015 0 0 -0.000400
8020 0 0 -0.000337
8025 0 0 -0.000300
8030 0 0 -0.000322
8035 0 0 -0.000381
8040 0 0 -0.000440
8045 0 0 -0.000473
8050 0 0 -0.000487
8055 0 0 -0.000500
8060 0 0 -0.000526
8065 0 0 -0.000566
8070 0 0 -0.000620
8075 0 0 -0.000681
8080 0 0 -0.000724
8085 0 0 -0.000720
8090 0 0 -0.000650
8095 0 0 -0.000538
8100 0 0 -0.000420
8105 0 0 -0.000326
8110 0 0 -0.000265
8115 0 0 -0.000240
8120 0 0 -0.000255
8125 0 0 -0.000314
8130 0 0 -0.000420
8135 0 0 -0.000568
8140 0 0 -0.000717
8145 0 0 -0.000820
8150 0 0 -0.000844
8155 0 0 -0.000816
8160 0 0 -0.000780
8165 0 0 -0.000769
8170 0 0 -0.000770
8175 0 0 -0.000760
8180 0 0 -0.000726
8185 0 0 -0.000699
8190 0 0 -0.000720
8195 0 0 -0.000809
8200 0 0 -0.000909
8205 0 0 -0.000940
8210 0 0 -0.000859
8215 0 0 -0.000762
8220 0 0 -0.000780
8225 0 0 -0.001011
8230 0 0 -0.001415
8235 0 0 -0.001920
8240 0 0 -0.002440
8245 0 0 -0.002832
8250 0 0 -0.002940
8255 0 0 -0.002669
8260 0 0 -0.002172
8265 0 0 -0.001660
8270 0 0 -0.001303
8275 0 0 -0.001094
8280 0 0 -0.000980
8285 0 0 -0.000918
8290 0 0 -0.000894
8295 0 0 -0.000900
8300 0 0 -0.000924
8305 0 0 -0.000936
8310 0 0 -0.000900
8315 0 0 -0.000801
8320 0 0 -0.000701
8325 0 0 -0.000680
8330 0 0 -0.000788
8335 0 0 -0.000945
8340 0 0 -0.001040
8345 0 0 -0.000992
8350 0 0 -0.000846
8355 0 0 -0.000680
8360 0 0 -0.000557
8365 0 0 -0.000490
8370 0 0 -0.000480
8375 0 0 -0.000521
8380 0 0 -0.000576
8385 0 0 -0.000600
8390 0 0 -0.000569
8395 0 0 -0.000532
8400 0 0 -0.000560
8405 0 0 -0.000695
8410 0 0 -0.000867
8415 0 0 -0.000980
8420 0 0 -0.000966
8425 0 0 -0.000874
8430 0 0 -0.000780
8435 0 0 -0.000743
8440 0 0 -0.000748
8445 0 0 -0.000760
8450 0 0 -0.000752
8455 0 0 -0.000719
8460 0 0 -0.000660
8465 0 0 -0.000581
8470 0 0 -0.000510
8475 0 0 -0.000480
8480 0 0 -0.000511
8485 0 0 -0.000572
8490 0 0 -0.000620
8495 0 0 -0.000621
8500 0 0 -0.000583
8505 0 0 -0.000520
8510 0 0 -0.000452
8515 0 0 -0.000403
8520 0 0 -0.000400
8525 0 0 -0.000456
8530 0 0 -0.000528
8535 0 0 -0.000560
8540 0 0 -0.000515
8545 0 0 -0.000430
8550 0 0 -0.000360
8555 0 0 -0.000346
8560 0 0 -0.000375
8565 0 0 -0.000420
8570 0 0 -0.000457
8575 0 0 -0.000469
8580 0 0 -0.000440
8585 0 0 -0.000365
8590 0 0 -0.000282
8595 0 0 -0.000240
8600 0 0 -0.000269
8605 0 0 -0.000334
8610 0 0 -0.000380
8615 0 0 -0.000369
8620 0 0 -0.000318
8625 0 0 -0.000260
8630 0 0 -0.000221
8635 0 0 -0.000207
8640 0 0 -0.000220
8645 0 0 -0.000254
8650 0 0 -0.000284
8655 0 0 -0.000280
8660 0 0 -0.000225
8665 0 0 -0.000159
8670 0 0 -0.000140
8675 0 0 -0.000202
8680 0 0 -0.000297
8685 0 0 -0.000360
8690 0 0 -0.000343
8695 0 0 -0.000283
8700 0 0 -0.000240
8705 0 0 -0.000255
8710 0 0 -0.000307
8715 0 0 -0.000360
8720 0 0 -0.000383
8725 0 0 -0.000375
8730 0 0 -0.000340
8735 0 0 -0.000287
8740 0 0 -0.000243
8745 0 0 -0.000240
8750 0 0 -0.000295
8755 0 0 -0.000362
8760 0 0 -0.000380
8765 0 0 -0.000311
8770 0 0 -0.000206
8775 0 0 -0.000140
8780 0 0 -0.000164
8785 0 0 -0.000238
8790 0 0 -0.000300
8795 0 0 -0.000304
8800 0 0 -0.000267
8805 0 0 -0.000220
8810 0 0 -0.000191
8815 0 0 -0.000190
8820 0 0 -0.000220
8825 0 0 -0.000279
8830 0 0 -0.000338
8835 0 0 -0.000360
8840 0 0 -0.000324
8845 0 0 -0.000271
8850 0 0 -0.000260
8855 0 0 -0.000326
8860 0 0 -0.000422
8865 0 0 -0.000480
8870 0 0 -0.000452
8875 0 0 -0.000373
8880 0 0 -0.000300
8885 0 0 -0.000276
8890 0 0 -0.000291
8895 0 0 -0.000320
8900 0 0 -0.000344
8905 0 0 -0.000357
8910 0 0 -0.000360
8915 0 0 -0.000351
8920 0 0 -0.000326
8925 0 0 -0.000280
8930 0 0 -0.000216
8935 0 0 -0.000164
8940 0 0 -0.000160
8945 0 0 -0.000225
8950 0 0 -0.000312
8955 0 0 -0.000360
8960 0 0 -0.000327
8965 0 0 -0.000259
8970 0 0 -0.000220
8975 0 0 -0.000256
8980 0 0 -0.000329
8985 0 0 -0.000380
8990 0 0 -0.000369
8995 0 0 -0.000321
9000 0 0 -0.000280
9005 0 0 -0.000278
9010 0 0 -0.000299
9015 0 0 -0.000320
9020 0 0 -0.000319
9025 0 0 -0.000297
9030 0 0 -0.000260
9035 0 0 -0.000217
9040 0 0 -0.000184
9045 0 0 -0.000180
9050 0 0 -0.000214
9055 0 0 -0.000259
9060 0 0 -0.000280
9065 0 0 -0.000253
9070 0 0 -0.000207
9075 0 0 -0.000180
9080 0 0 -0.000201
9085 0 0 -0.000246
9090 0 0 -0.000280
9095 0 0 -0.000276
9100 0 0 -0.000253
9105 0 0 -0.000240
9110 0 0 -0.000260
9115 0 0 -0.000320
9120 0 0 -0.000420
9125 0 0 -0.000554
9130 0 0 -0.000677
9135 0 0 -0.000740
9140 0 0 -0.000706
9145 0 0 -0.000610
9150 0 0 -0.000500
9155 0 0 -0.000419
9160 0 0 -0.000372
9165 0 0 -0.000360
9170 0 0 -0.000377
9175 0 0 -0.000409
9180 0 0 -0.000440
9185 0 0 -0.000456
9190 0 0 -0.000461
9195 0 0 -0.000460
9200 0 0 -0.000458
9205 0 0 -0.000453
9210 0 0 -0.000440
9215 0 0 -0.000416
9220 0 0 -0.000386
9225 0 0 -0.000360
9230 0 0 -0.000344
9235 0 0 -0.000343
9240 0 0 -0.000360
9245 0 0 -0.000397
9250 0 0 -0.000446
9255 0 0 -0.000500
9260 0 0 -0.000550
9265 0 0 -0.000586
9270 0 0 -0.000600
9275 0 0 -0.000584
9280 0 0 -0.000537
9285 0 0 -0.000460
9290 0 0 -0.000362
9295 0 0 -0.000275
9300 0 0 -0.000240
9305 0 0 -0.000278
9310 0 0 -0.000341
9315 0 0 -0.000360
9320 0 0 -0.000298
9325 0 0 -0.000235
9330 0 0 -0.000280
9335 0 0 -0.000494
9340 0 0 -0.000752
9345 0 0 -0.000880
9350 0 0 -0.000762
9355 0 0 -0.000512
9360 0 0 -0.000300
9365 0 0 -0.000258
9370 0 0 -0.000370
9375 0 0 -0.000580
9380 0 0 -0.000827
9385 0 0 -0.001025
9390 0 0 -0.001080
9395 0 0 -0.000938
9400 0 0 -0.000694
9405 0 0 -0.000480
9410 0 0 -0.000395
9415 0 0 -0.000404
9420 0 0 -0.000440
9425 0 0 -0.000448
9430 0 0 -0.000429
9435 0 0 -0.000400
9440 0 0 -0.000377
9445 0 0 -0.000378
9450 0 0 -0.000420
9455 0 0 -0.000510
9460 0 0 -0.000602
9465 0 0 -0.000640
9470 0 0 -0.000585
9475 0 0 -0.000478
9480 0 0 -0.000380
9485 0 0 -0.000337
9490 0 0 -0.000344
9495 0 0 -0.000380
9500 0 0 -0.000428
9505 0 0 -0.000473
9510 0 0 -0.000500
9515 0 0 -0.000502
9520 0 0 -0.000489
9525 0 0 -0.000480
9530 0 0 -0.000485
9535 0 0 -0.000491
9540 0 0 -0.000480
9545 0 0 -0.000443
9550 0 0 -0.000415
9555 0 0 -0.000440
9560 0 0 -0.000541
9565 0 0 -0.000655
9570 0 0 -0.000700
9575 0 0 -0.000622
9580 0 0 -0.000494
9585 0 0 -0.000420
9590 0 0 -0.000471
9595 0 0 -0.000593
9600 0 0 -0.000700
9605 0 0 -0.000728
9610 0 0 -0.000705
9615 0 0 -0.000680
9620 0 0 -0.000692
9625 0 0 -0.000732
9630 0 0 -0.000780
9635 0 0 -0.000818
9640 0 0 -0.000845
9645 0 0 -0.000860
9650 0 0 -0.000869
9655 0 0 -0.000894
9660 0 0 -0.000960
9665 0 0 -0.001079
9670 0 0 -0.001206
9675 0 0 -0.001280
9680 0 0 -0.001258
9685 0 0 -0.001160
9690 0 0 -0.001020
9695 0 0 -0.000876
9700 0 0 -0.000778
9705 0 0 -0.000780
9710 0 0 -0.000907
9715 0 0 -0.001077
9720 0 0 -0.001180
9725 0 0 -0.001139
9730 0 0 -0.001015
9735 0 0 -0.000900
9740 0 0 -0.000862
9745 0 0 -0.000863
9750 0 0 -0.000840
9755 0 0 -0.000753
9760 0 0 -0.000659
9765 0 0 -0.000640
9770 0 0 -0.000746
9775 0 0 -0.000901
9780 0 0 -0.001000
9785 0 0 -0.000967
9790 0 0 -0.000853
9795 0 0 -0.000740
9800 0 0 -0.000689
9805 0 0 -0.000687
9810 0 0 -0.000700
9815 0 0 -0.000701
9820 0 0 -0.000692
9825 0 0 -0.000680
9830 0 0 -0.000672
9835 0 0 -0.000661
9840 0 0 -0.000640
9845 0 0 -0.000605
9850 0 0 -0.000566
9855 0 0 -0.000540
9860 0 0 -0.000538
9865 0 0 -0.000554
9870 0 0 -0.000580
9875 0 0 -0.000607
9880 0 0 -0.000623
9885 0 0 -0.000620
9890 0 0 -0.000592
9895 0 0 -0.000563
9900 0 0 -0.000560
9905 0 0 -0.000602
9910 0 0 -0.000662
9915 0 0 -0.000700
9920 0 0 -0.000691
9925 0 0 -0.000653
9930 0 0 -0.000620
9935 0 0 -0.000614
9940 0 0 -0.000626
9945 0 0 -0.000640
9950 0 0 -0.000641
9955 0 0 -0.000627
9960 0 0 -0.000600
9965 0 0 -0.000563
9970 0 0 -0.000520
9975 0 0 -0.000480
9980 0 0 -0.000447
9985 0 0 -0.000426
9990 0 0 -0.000420
9995 0 0 -0.000428
10000 0 0 -0.000434
10005 0 0 -0.000420
10010 0 0 -0.000373
10015 0 0 -0.000311
10020 0 0 -0.000260
10025 0 0 -0.000239
10030 0 0 -0.000248
10035 0 0 -0.000280
10040 0 0 -0.000326
10045 0 0 -0.000372
10050 0 0 -0.000400
10055 0 0 -0.000398
10060 0 0 -0.000374
10065 0 0 -0.000340
10070 0 0 -0.000308
10075 0 0 -0.000291
