0 0 0 -0.000208
5 0 0 -0.000137
10 0 0 -0.000119
15 0 0 -0.000138
20 0 0 -0.000176
25 0 0 -0.000216
30 0 0 -0.000241
35 0 0 -0.000239
40 0 0 -0.000222
45 0 0 -0.000208
50 0 0 -0.000208
55 0 0 -0.000222
60 0 0 -0.000242
65 0 0 -0.000262
70 0 0 -0.000267
75 0 0 -0.000242
80 0 0 -0.000182
85 0 0 -0.000112
90 0 0 -0.000068
95 0 0 -0.000075
100 0 0 -0.000110
105 0 0 -0.000138
110 0 0 -0.000136
115 0 0 -0.000116
120 0 0 -0.000103
125 0 0 -0.000112
130 0 0 -0.000131
135 0 0 -0.000138
140 0 0 -0.000121
145 0 0 -0.000091
150 0 0 -0.000068
155 0 0 -0.000067
160 0 0 -0.000082
165 0 0 -0.000103
170 0 0 -0.000121
175 0 0 -0.000133
180 0 0 -0.000138
185 0 0 -0.000134
190 0 0 -0.000123
195 0 0 -0.000103
200 0 0 -0.000079
205 0 0 -0.000062
210 0 0 -0.000070
215 0 0 -0.000108
220 0 0 -0.000153
225 0 0 -0.000173
230 0 0 -0.000146
235 0 0 -0.000099
240 0 0 -0.000070
245 0 0 -0.000083
250 0 0 -0.000117
255 0 0 -0.000138
260 0 0 -0.000123
265 0 0 -0.000090
270 0 0 -0.000070
275 0 0 -0.000082
280 0 0 -0.000113
285 0 0 -0.000139
290 0 0 -0.000143
295 0 0 -0.000128
300 0 0 -0.000104
305 0 0 -0.000081
310 0 0 -0.000066
315 0 0 -0.000068
320 0 0 -0.000091
325 0 0 -0.000121
330 0 0 -0.000139
335 0 0 -0.000133
340 0 0 -0.000115
345 0 0 -0.000103
350 0 0 -0.000110
355 0 0 -0.000127
360 0 0 -0.000138
365 0 0 -0.000132
370 0 0 -0.000117
375 0 0 -0.000103
380 0 0 -0.000099
385 0 0 -0.000101
390 0 0 -0.000103
395 0 0 -0.000101
400 0 0 -0.000099
405 0 0 -0.000103
410 0 0 -0.000117
415 0 0 -0.000132
420 0 0 -0.000138
425 0 0 -0.000126
430 0 0 -0.000100
435 0 0 -0.000068
440 0 0 -0.000039
445 0 0 -0.000024
450 0 0 -0.000035
455 0 0 -0.000077
460 0 0 -0.000131
465 0 0 -0.000173
470 0 0 -0.000183
475 0 0 -0.000167
480 0 0 -0.000138
485 0 0 -0.000106
490 0 0 -0.000080
495 0 0 -0.000068
500 0 0 -0.000075
505 0 0 -0.000091
510 0 0 -0.000103
515 0 0 -0.000105
520 0 0 -0.000110
525 0 0 -0.000138
530 0 0 -0.000200
535 0 0 -0.000270
540 0 0 -0.000311
545 0 0 -0.000298
550 0 0 -0.000252
555 0 0 -0.000208
560 0 0 -0.000189
565 0 0 -0.000193
570 0 0 -0.000208
575 0 0 -0.000222
580 0 0 -0.000225
585 0 0 -0.000206
590 0 0 -0.000162
595 0 0 -0.000116
600 0 0 -0.000103
605 0 0 -0.000142
610 0 0 -0.000203
615 0 0 -0.000241
620 0 0 -0.000231
625 0 0 -0.000213
630 0 0 -0.000242
635 0 0 -0.000359
640 0 0 -0.000527
645 0 0 -0.000692
650 0 0 -0.000809
655 0 0 -0.000867
660 0 0 -0.000863
665 0 0 -0.000798
670 0 0 -0.000688
675 0 0 -0.000553
680 0 0 -0.000414
685 0 0 -0.000299
690 0 0 -0.000242
695 0 0 -0.000260
700 0 0 -0.000312
705 0 0 -0.000346
710 0 0 -0.000321
715 0 0 -0.000262
720 0 0 -0.000206
725 0 0 -0.000184
730 0 0 -0.000181
735 0 0 -0.000173
740 0 0 -0.000145
745 0 0 -0.000114
750 0 0 -0.000104
755 0 0 -0.000132
760 0 0 -0.000177
765 0 0 -0.000208
770 0 0 -0.000203
775 0 0 -0.000174
780 0 0 -0.000138
785 0 0 -0.000112
790 0 0 -0.000099
795 0 0 -0.000103
800 0 0 -0.000123
805 0 0 -0.000149
810 0 0 -0.000173
815 0 0 -0.000184
820 0 0 -0.000184
825 0 0 -0.000173
830 0 0 -0.000155
835 0 0 -0.000139
840 0 0 -0.000138
845 0 0 -0.000158
850 0 0 -0.000187
855 0 0 -0.000208
860 0 0 -0.000207
865 0 0 -0.000192
870 0 0 -0.000173
875 0 0 -0.000159
880 0 0 -0.000148
885 0 0 -0.000138
890 0 0 -0.000127
895 0 0 -0.000124
900 0 0 -0.000139
905 0 0 -0.000178
910 0 0 -0.000222
915 0 0 -0.000242
920 0 0 -0.000223
925 0 0 -0.000181
930 0 0 -0.000138
935 0 0 -0.000116
940 0 0 -0.000116
945 0 0 -0.000138
950 0 0 -0.000176
955 0 0 -0.000216
960 0 0 -0.000242
965 0 0 -0.000243
970 0 0 -0.000226
975 0 0 -0.000208
980 0 0 -0.000201
985 0 0 -0.000219
990 0 0 -0.000276
995 0 0 -0.000377
1000 0 0 -0.000502
1005 0 0 -0.000622
1010 0 0 -0.000711
1015 0 0 -0.000752
1020 0 0 -0.000726
1025 0 0 -0.000629
1030 0 0 -0.000497
1035 0 0 -0.000379
1040 0 0 -0.000315
1045 0 0 -0.000306
1050 0 0 -0.000346
1055 0 0 -0.000422
1060 0 0 -0.000503
1065 0 0 -0.000553
1070 0 0 -0.000548
1075 0 0 -0.000504
1080 0 0 -0.000449
1085 0 0 -0.000407
1090 0 0 -0.000384
1095 0 0 -0.000380
1100 0 0 -0.000396
1105 0 0 -0.000422
1110 0 0 -0.000449
1115 0 0 -0.000470
1120 0 0 -0.000499
1125 0 0 -0.000553
1130 0 0 -0.000642
1135 0 0 -0.000736
1140 0 0 -0.000794
1145 0 0 -0.000790
1150 0 0 -0.000736
1155 0 0 -0.000656
1160 0 0 -0.000575
1165 0 0 -0.000512
1170 0 0 -0.000485
1175 0 0 -0.000506
1180 0 0 -0.000560
1185 0 0 -0.000622
1190 0 0 -0.000679
1195 0 0 -0.000758
1200 0 0 -0.000898
1205 0 0 -0.001113
1210 0 0 -0.001338
1215 0 0 -0.001486
1220 0 0 -0.001492
1225 0 0 -0.001391
1230 0 0 -0.001243
1235 0 0 -0.001100
1240 0 0 -0.000990
1245 0 0 -0.000932
1250 0 0 -0.000940
1255 0 0 -0.000987
1260 0 0 -0.001037
1265 0 0 -0.001057
1270 0 0 -0.001028
1275 0 0 -0.000932
1280 0 0 -0.000765
1285 0 0 -0.000573
1290 0 0 -0.000414
1295 0 0 -0.000332
1300 0 0 -0.000308
1305 0 0 -0.000311
1310 0 0 -0.000311
1315 0 0 -0.000300
1320 0 0 -0.000277
1325 0 0 -0.000242
1330 0 0 -0.000212
1335 0 0 -0.000208
1340 0 0 -0.000240
1345 0 0 -0.000286
1350 0 0 -0.000311
1355 0 0 -0.000292
1360 0 0 -0.000248
1365 0 0 -0.000208
1370 0 0 -0.000194
1375 0 0 -0.000198
1380 0 0 -0.000206
1385 0 0 -0.000207
1390 0 0 -0.000205
1395 0 0 -0.000208
1400 0 0 -0.000220
1405 0 0 -0.000235
1410 0 0 -0.000241
1415 0 0 -0.000231
1420 0 0 -0.000215
1425 0 0 -0.000208
1430 0 0 -0.000217
1435 0 0 -0.000233
1440 0 0 -0.000242
1445 0 0 -0.000234
1450 0 0 -0.000218
1455 0 0 -0.000208
1460 0 0 -0.000214
1465 0 0 -0.000229
1470 0 0 -0.000241
1475 0 0 -0.000242
1480 0 0 -0.000239
1485 0 0 -0.000241
1490 0 0 -0.000255
1495 0 0 -0.000272
1500 0 0 -0.000277
1505 0 0 -0.000263
1510 0 0 -0.000236
1515 0 0 -0.000208
1520 0 0 -0.000188
1525 0 0 -0.000185
1530 0 0 -0.000208
1535 0 0 -0.000257
1540 0 0 -0.000312
1545 0 0 -0.000346
1550 0 0 -0.000338
1555 0 0 -0.000298
1560 0 0 -0.000242
1565 0 0 -0.000186
1570 0 0 -0.000137
1575 0 0 -0.000103
1580 0 0 -0.000088
1585 0 0 -0.000090
1590 0 0 -0.000103
1595 0 0 -0.000122
1600 0 0 -0.000137
1605 0 0 -0.000138
1610 0 0 -0.000119
1615 0 0 -0.000091
1620 0 0 -0.000068
1625 0 0 -0.000064
1630 0 0 -0.000076
1635 0 0 -0.000103
1640 0 0 -0.000138
1645 0 0 -0.000167
1650 0 0 -0.000173
1655 0 0 -0.000145
1660 0 0 -0.000102
1665 0 0 -0.000070
1670 0 0 -0.000065
1675 0 0 -0.000081
1680 0 0 -0.000103
1685 0 0 -0.000119
1690 0 0 -0.000130
1695 0 0 -0.000138
1700 0 0 -0.000146
1705 0 0 -0.000148
1710 0 0 -0.000138
1715 0 0 -0.000112
1720 0 0 -0.000084
1725 0 0 -0.000070
1730 0 0 -0.000081
1735 0 0 -0.000109
1740 0 0 -0.000139
1745 0 0 -0.000157
1750 0 0 -0.000158
1755 0 0 -0.000138
1760 0 0 -0.000097
1765 0 0 -0.000055
1770 0 0 -0.000036
1775 0 0 -0.000057
1780 0 0 -0.000100
1785 0 0 -0.000139
1790 0 0 -0.000155
1795 0 0 -0.000151
1800 0 0 -0.000138
1805 0 0 -0.000123
1810 0 0 -0.000111
1815 0 0 -0.000104
1820 0 0 -0.000104
1825 0 0 -0.000105
1830 0 0 -0.000103
1835 0 0 -0.000097
1840 0 0 -0.000102
1845 0 0 -0.000138
1850 0 0 -0.000215
1855 0 0 -0.000308
1860 0 0 -0.000380
1865 0 0 -0.000406
1870 0 0 -0.000390
1875 0 0 -0.000346
1880 0 0 -0.000288
1885 0 0 -0.000236
1890 0 0 -0.000208
1895 0 0 -0.000215
1900 0 0 -0.000236
1905 0 0 -0.000242
1910 0 0 -0.000214
1915 0 0 -0.000171
1920 0 0 -0.000139
1925 0 0 -0.000140
1930 0 0 -0.000159
1935 0 0 -0.000173
1940 0 0 -0.000166
1945 0 0 -0.000149
1950 0 0 -0.000138
1955 0 0 -0.000144
1960 0 0 -0.000160
1965 0 0 -0.000173
1970 0 0 -0.000173
1975 0 0 -0.000169
1980 0 0 -0.000173
1985 0 0 -0.000191
1990 0 0 -0.000210
1995 0 0 -0.000208
2000 0 0 -0.000173
2005 0 0 -0.000128
2010 0 0 -0.000103
2015 0 0 -0.000121
2020 0 0 -0.000164
2025 0 0 -0.000208
2030 0 0 -0.000230
2035 0 0 -0.000230
2040 0 0 -0.000208
2045 0 0 -0.000168
2050 0 0 -0.000127
2055 0 0 -0.000103
2060 0 0 -0.000109
2065 0 0 -0.000137
2070 0 0 -0.000173
2075 0 0 -0.000203
2080 0 0 -0.000218
2085 0 0 -0.000208
2090 0 0 -0.000168
2095 0 0 -0.000124
2100 0 0 -0.000103
2105 0 0 -0.000126
2110 0 0 -0.000171
2115 0 0 -0.000208
2120 0 0 -0.000212
2125 0 0 -0.000195
2130 0 0 -0.000173
2135 0 0 -0.000160
2140 0 0 -0.000152
2145 0 0 -0.000138
2150 0 0 -0.000116
2155 0 0 -0.000106
2160 0 0 -0.000138
2165 0 0 -0.000223
2170 0 0 -0.000314
2175 0 0 -0.000346
2180 0 0 -0.000279
2185 0 0 -0.000172
2190 0 0 -0.000104
2195 0 0 -0.000133
2200 0 0 -0.000213
2205 0 0 -0.000276
2210 0 0 -0.000272
2215 0 0 -0.000223
2220 0 0 -0.000173
2225 0 0 -0.000153
2230 0 0 -0.000158
2235 0 0 -0.000173
2240 0 0 -0.000184
2245 0 0 -0.000185
2250 0 0 -0.000173
2255 0 0 -0.000147
2260 0 0 -0.000119
2265 0 0 -0.000103
2270 0 0 -0.000110
2275 0 0 -0.000127
2280 0 0 -0.000138
2285 0 0 -0.000132
2290 0 0 -0.000116
2295 0 0 -0.000103
2300 0 0 -0.000103
2305 0 0 -0.000116
2310 0 0 -0.000138
2315 0 0 -0.000166
2320 0 0 -0.000192
2325 0 0 -0.000208
2330 0 0 -0.000208
2335 0 0 -0.000195
2340 0 0 -0.000173
2345 0 0 -0.000147
2350 0 0 -0.000122
2355 0 0 -0.000103
2360 0 0 -0.000093
2365 0 0 -0.000093
2370 0 0 -0.000103
2375 0 0 -0.000123
2380 0 0 -0.000156
2385 0 0 -0.000206
2390 0 0 -0.000275
2395 0 0 -0.000358
2400 0 0 -0.000449
2405 0 0 -0.000537
2410 0 0 -0.000594
2415 0 0 -0.000588
2420 0 0 -0.000499
2425 0 0 -0.000367
2430 0 0 -0.000242
2435 0 0 -0.000170
2440 0 0 -0.000158
2445 0 0 -0.000208
2450 0 0 -0.000310
2455 0 0 -0.000420
2460 0 0 -0.000485
2465 0 0 -0.000470
2470 0 0 -0.000415
2475 0 0 -0.000380
2480 0 0 -0.000407
2485 0 0 -0.000459
2490 0 0 -0.000484
2495 0 0 -0.000445
2500 0 0 -0.000381
2505 0 0 -0.000346
2510 0 0 -0.000379
2515 0 0 -0.000452
2520 0 0 -0.000518
2525 0 0 -0.000544
2530 0 0 -0.000538
2535 0 0 -0.000518
2540 0 0 -0.000502
2545 0 0 -0.000491
2550 0 0 -0.000484
2555 0 0 -0.000478
2560 0 0 -0.000469
2565 0 0 -0.000449
2570 0 0 -0.000415
2575 0 0 -0.000377
2580 0 0 -0.000346
2585 0 0 -0.000330
2590 0 0 -0.000331
2595 0 0 -0.000346
2600 0 0 -0.000371
2605 0 0 -0.000397
2610 0 0 -0.000414
2615 0 0 -0.000414
2620 0 0 -0.000401
2625 0 0 -0.000380
2630 0 0 -0.000359
2635 0 0 -0.000344
2640 0 0 -0.000346
2645 0 0 -0.000367
2650 0 0 -0.000395
2655 0 0 -0.000414
2660 0 0 -0.000411
2665 0 0 -0.000395
2670 0 0 -0.000380
2675 0 0 -0.000377
2680 0 0 -0.000379
2685 0 0 -0.000379
2690 0 0 -0.000371
2695 0 0 -0.000358
2700 0 0 -0.000346
2705 0 0 -0.000339
2710 0 0 -0.000339
2715 0 0 -0.000346
2720 0 0 -0.000359
2725 0 0 -0.000381
2730 0 0 -0.000414
2735 0 0 -0.000456
2740 0 0 -0.000487
2745 0 0 -0.000484
2750 0 0 -0.000432
2755 0 0 -0.000362
2760 0 0 -0.000311
2765 0 0 -0.000307
2770 0 0 -0.000330
2775 0 0 -0.000346
2780 0 0 -0.000333
2785 0 0 -0.000312
2790 0 0 -0.000312
2795 0 0 -0.000352
2800 0 0 -0.000400
2805 0 0 -0.000414
2810 0 0 -0.000364
2815 0 0 -0.000280
2820 0 0 -0.000208
2825 0 0 -0.000180
2830 0 0 -0.000187
2835 0 0 -0.000208
2840 0 0 -0.000224
2845 0 0 -0.000234
2850 0 0 -0.000242
2855 0 0 -0.000249
2860 0 0 -0.000250
2865 0 0 -0.000241
2870 0 0 -0.000219
2875 0 0 -0.000193
2880 0 0 -0.000173
2885 0 0 -0.000168
2890 0 0 -0.000180
2895 0 0 -0.000208
2900 0 0 -0.000248
2905 0 0 -0.000279
2910 0 0 -0.000276
2915 0 0 -0.000225
2920 0 0 -0.000155
2925 0 0 -0.000103
2930 0 0 -0.000098
2935 0 0 -0.000120
2940 0 0 -0.000139
2945 0 0 -0.000134
2950 0 0 -0.000116
2955 0 0 -0.000104
2960 0 0 -0.000113
2965 0 0 -0.000131
2970 0 0 -0.000139
2975 0 0 -0.000128
2980 0 0 -0.000110
2985 0 0 -0.000104
2990 0 0 -0.000125
2995 0 0 -0.000155
3000 0 0 -0.000173
3005 0 0 -0.000162
3010 0 0 -0.000134
3015 0 0 -0.000104
3020 0 0 -0.000089
3025 0 0 -0.000089
3030 0 0 -0.000104
3035 0 0 -0.000133
3040 0 0 -0.000161
3045 0 0 -0.000173
3050 0 0 -0.000158
3055 0 0 -0.000130
3060 0 0 -0.000104
3065 0 0 -0.000096
3070 0 0 -0.000099
3075 0 0 -0.000104
3080 0 0 -0.000104
3085 0 0 -0.000102
3090 0 0 -0.000103
3095 0 0 -0.000112
3100 0 0 -0.000126
3105 0 0 -0.000138
3110 0 0 -0.000144
3115 0 0 -0.000144
3120 0 0 -0.000138
3125 0 0 -0.000127
3130 0 0 -0.000115
3135 0 0 -0.000103
3140 0 0 -0.000096
3145 0 0 -0.000096
3150 0 0 -0.000103
3155 0 0 -0.000118
3160 0 0 -0.000133
3165 0 0 -0.000138
3170 0 0 -0.000127
3175 0 0 -0.000111
3180 0 0 -0.000104
3185 0 0 -0.000116
3190 0 0 -0.000134
3195 0 0 -0.000138
3200 0 0 -0.000117
3205 0 0 -0.000087
3210 0 0 -0.000070
3215 0 0 -0.000081
3220 0 0 -0.000110
3225 0 0 -0.000138
3230 0 0 -0.000150
3235 0 0 -0.000149
3240 0 0 -0.000138
3245 0 0 -0.000124
3250 0 0 -0.000111
3255 0 0 -0.000103
3260 0 0 -0.000104
3265 0 0 -0.000107
3270 0 0 -0.000104
3275 0 0 -0.000093
3280 0 0 -0.000095
3285 0 0 -0.000138
3290 0 0 -0.000236
3295 0 0 -0.000346
3300 0 0 -0.000414
3305 0 0 -0.000401
3310 0 0 -0.000338
3315 0 0 -0.000276
3320 0 0 -0.000251
3325 0 0 -0.000249
3330 0 0 -0.000242
3335 0 0 -0.000212
3340 0 0 -0.000170
3345 0 0 -0.000138
3350 0 0 -0.000130
3355 0 0 -0.000136
3360 0 0 -0.000138
3365 0 0 -0.000126
3370 0 0 -0.000109
3375 0 0 -0.000104
3380 0 0 -0.000120
3385 0 0 -0.000140
3390 0 0 -0.000139
3395 0 0 -0.000104
3400 0 0 -0.000058
3405 0 0 -0.000035
3410 0 0 -0.000057
3415 0 0 -0.000102
3420 0 0 -0.000138
3425 0 0 -0.000141
3430 0 0 -0.000122
3435 0 0 -0.000103
3440 0 0 -0.000099
3445 0 0 -0.000102
3450 0 0 -0.000103
3455 0 0 -0.000093
3460 0 0 -0.000079
3465 0 0 -0.000070
3470 0 0 -0.000073
3475 0 0 -0.000087
3480 0 0 -0.000104
3485 0 0 -0.000122
3490 0 0 -0.000134
3495 0 0 -0.000139
3500 0 0 -0.000134
3505 0 0 -0.000121
3510 0 0 -0.000104
3515 0 0 -0.000087
3520 0 0 -0.000074
3525 0 0 -0.000070
3530 0 0 -0.000077
3535 0 0 -0.000092
3540 0 0 -0.000104
3545 0 0 -0.000110
3550 0 0 -0.000109
3555 0 0 -0.000103
3560 0 0 -0.000096
3565 0 0 -0.000094
3570 0 0 -0.000104
3575 0 0 -0.000131
3580 0 0 -0.000169
3585 0 0 -0.000208
3590 0 0 -0.000239
3595 0 0 -0.000253
3600 0 0 -0.000242
3605 0 0 -0.000203
3610 0 0 -0.000158
3615 0 0 -0.000138
3620 0 0 -0.000160
3625 0 0 -0.000196
3630 0 0 -0.000208
3635 0 0 -0.000169
3640 0 0 -0.000108
3645 0 0 -0.000070
3650 0 0 -0.000083
3655 0 0 -0.000128
3660 0 0 -0.000173
3665 0 0 -0.000193
3670 0 0 -0.000190
3675 0 0 -0.000173
3680 0 0 -0.000149
3685 0 0 -0.000125
3690 0 0 -0.000104
3695 0 0 -0.000092
3700 0 0 -0.000090
3705 0 0 -0.000103
3710 0 0 -0.000131
3715 0 0 -0.000160
3720 0 0 -0.000173
3725 0 0 -0.000159
3730 0 0 -0.000129
3735 0 0 -0.000103
3740 0 0 -0.000094
3745 0 0 -0.000097
3750 0 0 -0.000103
3755 0 0 -0.000106
3760 0 0 -0.000106
3765 0 0 -0.000103
3770 0 0 -0.000101
3775 0 0 -0.000100
3780 0 0 -0.000103
3785 0 0 -0.000112
3790 0 0 -0.000125
3795 0 0 -0.000138
3800 0 0 -0.000149
3805 0 0 -0.000151
3810 0 0 -0.000138
3815 0 0 -0.000110
3820 0 0 -0.000089
3825 0 0 -0.000103
3830 0 0 -0.000171
3835 0 0 -0.000274
3840 0 0 -0.000380
3845 0 0 -0.000470
3850 0 0 -0.000555
3855 0 0 -0.000656
3860 0 0 -0.000782
3865 0 0 -0.000892
3870 0 0 -0.000934
3875 0 0 -0.000873
3880 0 0 -0.000750
3885 0 0 -0.000622
3890 0 0 -0.000534
3895 0 0 -0.000483
3900 0 0 -0.000450
3905 0 0 -0.000421
3910 0 0 -0.000397
3915 0 0 -0.000379
3920 0 0 -0.000372
3925 0 0 -0.000382
3930 0 0 -0.000415
3935 0 0 -0.000476
3940 0 0 -0.000551
3945 0 0 -0.000623
3950 0 0 -0.000676
3955 0 0 -0.000701
3960 0 0 -0.000690
3965 0 0 -0.000641
3970 0 0 -0.000574
3975 0 0 -0.000518
3980 0 0 -0.000493
3985 0 0 -0.000487
3990 0 0 -0.000484
3995 0 0 -0.000470
4000 0 0 -0.000454
4005 0 0 -0.000450
4010 0 0 -0.000467
4015 0 0 -0.000495
4020 0 0 -0.000517
4025 0 0 -0.000524
4030 0 0 -0.000521
4035 0 0 -0.000518
4040 0 0 -0.000524
4045 0 0 -0.000528
4050 0 0 -0.000518
4055 0 0 -0.000489
4060 0 0 -0.000458
4065 0 0 -0.000449
4070 0 0 -0.000478
4075 0 0 -0.000531
4080 0 0 -0.000588
4085 0 0 -0.000632
4090 0 0 -0.000664
4095 0 0 -0.000691
4100 0 0 -0.000715
4105 0 0 -0.000721
4110 0 0 -0.000691
4115 0 0 -0.000615
4120 0 0 -0.000522
4125 0 0 -0.000450
4130 0 0 -0.000426
4135 0 0 -0.000434
4140 0 0 -0.000449
4145 0 0 -0.000448
4150 0 0 -0.000434
4155 0 0 -0.000414
4160 0 0 -0.000394
4165 0 0 -0.000381
4170 0 0 -0.000380
4175 0 0 -0.000397
4180 0 0 -0.000422
4185 0 0 -0.000449
4190 0 0 -0.000467
4195 0 0 -0.000469
4200 0 0 -0.000449
4205 0 0 -0.000403
4210 0 0 -0.000341
4215 0 0 -0.000277
4220 0 0 -0.000222
4225 0 0 -0.000177
4230 0 0 -0.000138
4235 0 0 -0.000105
4240 0 0 -0.000080
4245 0 0 -0.000070
4250 0 0 -0.000075
4255 0 0 -0.000089
4260 0 0 -0.000103
4265 0 0 -0.000110
4270 0 0 -0.000110
4275 0 0 -0.000103
4280 0 0 -0.000094
4285 0 0 -0.000090
4290 0 0 -0.000103
4295 0 0 -0.000137
4300 0 0 -0.000169
4305 0 0 -0.000173
4310 0 0 -0.000131
4315 0 0 -0.000072
4320 0 0 -0.000035
4325 0 0 -0.000047
4330 0 0 -0.000091
4335 0 0 -0.000139
4340 0 0 -0.000169
4345 0 0 -0.000188
4350 0 0 -0.000208
4355 0 0 -0.000237
4360 0 0 -0.000265
4365 0 0 -0.000276
4370 0 0 -0.000260
4375 0 0 -0.000231
4380 0 0 -0.000208
4385 0 0 -0.000205
4390 0 0 -0.000219
4395 0 0 -0.000241
4400 0 0 -0.000264
4405 0 0 -0.000278
4410 0 0 -0.000276
4415 0 0 -0.000254
4420 0 0 -0.000225
4425 0 0 -0.000208
4430 0 0 -0.000214
4435 0 0 -0.000231
4440 0 0 -0.000241
4445 0 0 -0.000231
4450 0 0 -0.000205
4455 0 0 -0.000173
4460 0 0 -0.000142
4465 0 0 -0.000118
4470 0 0 -0.000103
4475 0 0 -0.000099
4480 0 0 -0.000102
4485 0 0 -0.000103
4490 0 0 -0.000100
4495 0 0 -0.000098
4500 0 0 -0.000104
4505 0 0 -0.000124
4510 0 0 -0.000141
4515 0 0 -0.000138
4520 0 0 -0.000103
4525 0 0 -0.000058
4530 0 0 -0.000035
4535 0 0 -0.000053
4540 0 0 -0.000097
4545 0 0 -0.000138
4550 0 0 -0.000156
4555 0 0 -0.000153
4560 0 0 -0.000138
4565 0 0 -0.000120
4570 0 0 -0.000106
4575 0 0 -0.000104
4580 0 0 -0.000118
4585 0 0 -0.000135
4590 0 0 -0.000139
4595 0 0 -0.000119
4600 0 0 -0.000089
4605 0 0 -0.000070
4610 0 0 -0.000073
4615 0 0 -0.000091
4620 0 0 -0.000104
4625 0 0 -0.000104
4630 0 0 -0.000098
4635 0 0 -0.000104
4640 0 0 -0.000131
4645 0 0 -0.000161
4650 0 0 -0.000173
4655 0 0 -0.000151
4660 0 0 -0.000110
4665 0 0 -0.000070
4670 0 0 -0.000048
4675 0 0 -0.000048
4680 0 0 -0.000068
4685 0 0 -0.000107
4690 0 0 -0.000147
4695 0 0 -0.000173
4700 0 0 -0.000170
4705 0 0 -0.000144
4710 0 0 -0.000104
4715 0 0 -0.000064
4720 0 0 -0.000044
4725 0 0 -0.000070
4730 0 0 -0.000154
4735 0 0 -0.000262
4740 0 0 -0.000346
4745 0 0 -0.000370
4750 0 0 -0.000350
4755 0 0 -0.000311
4760 0 0 -0.000276
4765 0 0 -0.000252
4770 0 0 -0.000241
4775 0 0 -0.000243
4780 0 0 -0.000248
4785 0 0 -0.000242
4790 0 0 -0.000218
4795 0 0 -0.000180
4800 0 0 -0.000139
4805 0 0 -0.000103
4810 0 0 -0.000078
4815 0 0 -0.000068
4820 0 0 -0.000076
4825 0 0 -0.000092
4830 0 0 -0.000104
4835 0 0 -0.000105
4840 0 0 -0.000101
4845 0 0 -0.000103
4850 0 0 -0.000117
4855 0 0 -0.000134
4860 0 0 -0.000138
4865 0 0 -0.000121
4870 0 0 -0.000093
4875 0 0 -0.000070
4880 0 0 -0.000062
4885 0 0 -0.000065
4890 0 0 -0.000070
4895 0 0 -0.000070
4900 0 0 -0.000069
4905 0 0 -0.000070
4910 0 0 -0.000076
4915 0 0 -0.000088
4920 0 0 -0.000104
4925 0 0 -0.000124
4930 0 0 -0.000138
4935 0 0 -0.000138
4940 0 0 -0.000119
4945 0 0 -0.000091
4950 0 0 -0.000068
4955 0 0 -0.000062
4960 0 0 -0.000073
4965 0 0 -0.000104
4970 0 0 -0.000151
4975 0 0 -0.000193
4980 0 0 -0.000208
4985 0 0 -0.000181
4990 0 0 -0.000136
4995 0 0 -0.000104
5000 0 0 -0.000108
5005 0 0 -0.000129
5010 0 0 -0.000138
5015 0 0 -0.000116
5020 0 0 -0.000084
5025 0 0 -0.000070
5030 0 0 -0.000094
5035 0 0 -0.000138
5040 0 0 -0.000173
5045 0 0 -0.000177
5050 0 0 -0.000159
5055 0 0 -0.000138
5060 0 0 -0.000127
5065 0 0 -0.000127
5070 0 0 -0.000138
5075 0 0 -0.000156
5080 0 0 -0.000171
5085 0 0 -0.000173
5090 0 0 -0.000155
5095 0 0 -0.000127
5100 0 0 -0.000103
5105 0 0 -0.000094
5110 0 0 -0.000097
5115 0 0 -0.000104
5120 0 0 -0.000112
5125 0 0 -0.000122
5130 0 0 -0.000138
5135 0 0 -0.000160
5140 0 0 -0.000177
5145 0 0 -0.000173
5150 0 0 -0.000142
5155 0 0 -0.000108
5160 0 0 -0.000104
5165 0 0 -0.000150
5170 0 0 -0.000212
5175 0 0 -0.000242
5180 0 0 -0.000210
5185 0 0 -0.000139
5190 0 0 -0.000068
5195 0 0 -0.000028
5200 0 0 -0.000019
5205 0 0 -0.000035
5210 0 0 -0.000067
5215 0 0 -0.000105
5220 0 0 -0.000138
5225 0 0 -0.000156
5230 0 0 -0.000156
5235 0 0 -0.000138
5240 0 0 -0.000103
5245 0 0 -0.000064
5250 0 0 -0.000035
5255 0 0 -0.000027
5260 0 0 -0.000040
5265 0 0 -0.000070
5270 0 0 -0.000110
5275 0 0 -0.000149
5280 0 0 -0.000173
5285 0 0 -0.000170
5290 0 0 -0.000145
5295 0 0 -0.000103
5300 0 0 -0.000061
5305 0 0 -0.000066
5310 0 0 -0.000173
5315 0 0 -0.000408
5320 0 0 -0.000679
5325 0 0 -0.000864
5330 0 0 -0.000874
5335 0 0 -0.000755
5340 0 0 -0.000588
5345 0 0 -0.000441
5350 0 0 -0.000334
5355 0 0 -0.000277
5360 0 0 -0.000271
5365 0 0 -0.000293
5370 0 0 -0.000312
5375 0 0 -0.000305
5380 0 0 -0.000278
5385 0 0 -0.000242
5390 0 0 -0.000214
5395 0 0 -0.000217
5400 0 0 -0.000277
5405 0 0 -0.000405
5410 0 0 -0.000544
5415 0 0 -0.000622
5420 0 0 -0.000589
5425 0 0 -0.000487
5430 0 0 -0.000380
5435 0 0 -0.000321
5440 0 0 -0.000304
5445 0 0 -0.000311
5450 0 0 -0.000327
5455 0 0 -0.000350
5460 0 0 -0.000380
5465 0 0 -0.000418
5470 0 0 -0.000455
5475 0 0 -0.000484
5480 0 0 -0.000498
5485 0 0 -0.000497
5490 0 0 -0.000484
5495 0 0 -0.000463
5500 0 0 -0.000455
5505 0 0 -0.000484
5510 0 0 -0.000565
5515 0 0 -0.000678
5520 0 0 -0.000794
5525 0 0 -0.000885
5530 0 0 -0.000927
5535 0 0 -0.000898
5540 0 0 -0.000793
5545 0 0 -0.000683
5550 0 0 -0.000656
5555 0 0 -0.000770
5560 0 0 -0.000953
5565 0 0 -0.001105
5570 0 0 -0.001150
5575 0 0 -0.001119
5580 0 0 -0.001070
5585 0 0 -0.001044
5590 0 0 -0.001004
5595 0 0 -0.000898
5600 0 0 -0.000695
5605 0 0 -0.000459
5610 0 0 -0.000276
5615 0 0 -0.000207
5620 0 0 -0.000216
5625 0 0 -0.000242
5630 0 0 -0.000238
5635 0 0 -0.000208
5640 0 0 -0.000173
5645 0 0 -0.000147
5650 0 0 -0.000136
5655 0 0 -0.000138
5660 0 0 -0.000153
5665 0 0 -0.000169
5670 0 0 -0.000173
5675 0 0 -0.000155
5680 0 0 -0.000128
5685 0 0 -0.000104
5690 0 0 -0.000097
5695 0 0 -0.000100
5700 0 0 -0.000104
5705 0 0 -0.000103
5710 0 0 -0.000100
5715 0 0 -0.000103
5720 0 0 -0.000117
5725 0 0 -0.000132
5730 0 0 -0.000138
5735 0 0 -0.000127
5740 0 0 -0.000111
5745 0 0 -0.000104
5750 0 0 -0.000116
5755 0 0 -0.000134
5760 0 0 -0.000138
5765 0 0 -0.000117
5770 0 0 -0.000086
5775 0 0 -0.000068
5780 0 0 -0.000081
5785 0 0 -0.000110
5790 0 0 -0.000138
5795 0 0 -0.000149
5800 0 0 -0.000147
5805 0 0 -0.000138
5810 0 0 -0.000129
5815 0 0 -0.000118
5820 0 0 -0.000103
5825 0 0 -0.000085
5830 0 0 -0.000070
5835 0 0 -0.000068
5840 0 0 -0.000086
5845 0 0 -0.000114
5850 0 0 -0.000138
5855 0 0 -0.000149
5860 0 0 -0.000147
5865 0 0 -0.000138
5870 0 0 -0.000125
5875 0 0 -0.000112
5880 0 0 -0.000103
5885 0 0 -0.000100
5890 0 0 -0.000101
5895 0 0 -0.000103
5900 0 0 -0.000103
5905 0 0 -0.000102
5910 0 0 -0.000103
5915 0 0 -0.000107
5920 0 0 -0.000109
5925 0 0 -0.000103
5930 0 0 -0.000089
5935 0 0 -0.000083
5940 0 0 -0.000103
5945 0 0 -0.000162
5950 0 0 -0.000232
5955 0 0 -0.000277
5960 0 0 -0.000271
5965 0 0 -0.000229
5970 0 0 -0.000173
5975 0 0 -0.000124
5980 0 0 -0.000089
5985 0 0 -0.000070
5990 0 0 -0.000067
5995 0 0 -0.000079
6000 0 0 -0.000103
6005 0 0 -0.000134
6010 0 0 -0.000161
6015 0 0 -0.000173
6020 0 0 -0.000162
6025 0 0 -0.000135
6030 0 0 -0.000104
6035 0 0 -0.000079
6040 0 0 -0.000066
6045 0 0 -0.000070
6050 0 0 -0.000091
6055 0 0 -0.000119
6060 0 0 -0.000138
6065 0 0 -0.000137
6070 0 0 -0.000123
6075 0 0 -0.000104
6080 0 0 -0.000092
6085 0 0 -0.000090
6090 0 0 -0.000104
6095 0 0 -0.000135
6100 0 0 -0.000165
6105 0 0 -0.000173
6110 0 0 -0.000146
6115 0 0 -0.000103
6120 0 0 -0.000070
6125 0 0 -0.000064
6130 0 0 -0.000080
6135 0 0 -0.000104
6140 0 0 -0.000125
6145 0 0 -0.000137
6150 0 0 -0.000138
6155 0 0 -0.000129
6160 0 0 -0.000124
6165 0 0 -0.000139
6170 0 0 -0.000186
6175 0 0 -0.000250
6180 0 0 -0.000312
6185 0 0 -0.000354
6190 0 0 -0.000368
6195 0 0 -0.000346
6200 0 0 -0.000291
6205 0 0 -0.000249
6210 0 0 -0.000276
6215 0 0 -0.000403
6220 0 0 -0.000561
6225 0 0 -0.000656
6230 0 0 -0.000624
6235 0 0 -0.000517
6240 0 0 -0.000414
6245 0 0 -0.000376
6250 0 0 -0.000380
6255 0 0 -0.000380
6260 0 0 -0.000346
6265 0 0 -0.000292
6270 0 0 -0.000242
6275 0 0 -0.000219
6280 0 0 -0.000221
6285 0 0 -0.000242
6290 0 0 -0.000274
6295 0 0 -0.000302
6300 0 0 -0.000311
6305 0 0 -0.000290
6310 0 0 -0.000259
6315 0 0 -0.000241
6320 0 0 -0.000254
6325 0 0 -0.000284
6330 0 0 -0.000311
6335 0 0 -0.000319
6340 0 0 -0.000315
6345 0 0 -0.000311
6350 0 0 -0.000316
6355 0 0 -0.000338
6360 0 0 -0.000380
6365 0 0 -0.000441
6370 0 0 -0.000489
6375 0 0 -0.000484
6380 0 0 -0.000403
6385 0 0 -0.000291
6390 0 0 -0.000206
6395 0 0 -0.000193
6400 0 0 -0.000229
6405 0 0 -0.000276
6410 0 0 -0.000305
6415 0 0 -0.000323
6420 0 0 -0.000346
6425 0 0 -0.000383
6430 0 0 -0.000424
6435 0 0 -0.000450
6440 0 0 -0.000447
6445 0 0 -0.000413
6450 0 0 -0.000346
6455 0 0 -0.000252
6460 0 0 -0.000160
6465 0 0 -0.000103
6470 0 0 -0.000105
6475 0 0 -0.000140
6480 0 0 -0.000173
6485 0 0 -0.000176
6490 0 0 -0.000159
6495 0 0 -0.000138
6500 0 0 -0.000126
6505 0 0 -0.000118
6510 0 0 -0.000103
6515 0 0 -0.000077
6520 0 0 -0.000058
6525 0 0 -0.000070
6530 0 0 -0.000125
6535 0 0 -0.000195
6540 0 0 -0.000241
6545 0 0 -0.000235
6550 0 0 -0.000192
6555 0 0 -0.000138
6560 0 0 -0.000095
6565 0 0 -0.000071
6570 0 0 -0.000068
6575 0 0 -0.000088
6580 0 0 -0.000117
6585 0 0 -0.000138
6590 0 0 -0.000138
6595 0 0 -0.000123
6600 0 0 -0.000104
6605 0 0 -0.000091
6610 0 0 -0.000089
6615 0 0 -0.000103
6620 0 0 -0.000136
6625 0 0 -0.000176
6630 0 0 -0.000208
6635 0 0 -0.000221
6640 0 0 -0.000219
6645 0 0 -0.000208
6650 0 0 -0.000194
6655 0 0 -0.000181
6660 0 0 -0.000173
6665 0 0 -0.000172
6670 0 0 -0.000182
6675 0 0 -0.000206
6680 0 0 -0.000245
6685 0 0 -0.000277
6690 0 0 -0.000277
6695 0 0 -0.000232
6700 0 0 -0.000180
6705 0 0 -0.000173
6710 0 0 -0.000243
6715 0 0 -0.000345
6720 0 0 -0.000414
6725 0 0 -0.000407
6730 0 0 -0.000364
6735 0 0 -0.000346
6740 0 0 -0.000395
6745 0 0 -0.000489
6750 0 0 -0.000588
6755 0 0 -0.000658
6760 0 0 -0.000693
6765 0 0 -0.000691
6770 0 0 -0.000655
6775 0 0 -0.000593
6780 0 0 -0.000518
6785 0 0 -0.000445
6790 0 0 -0.000400
6795 0 0 -0.000415
6800 0 0 -0.000504
6805 0 0 -0.000610
6810 0 0 -0.000656
6815 0 0 -0.000595
6820 0 0 -0.000478
6825 0 0 -0.000382
6830 0 0 -0.000364
6835 0 0 -0.000410
6840 0 0 -0.000484
6845 0 0 -0.000552
6850 0 0 -0.000594
6855 0 0 -0.000588
6860 0 0 -0.000526
6865 0 0 -0.000441
6870 0 0 -0.000380
6875 0 0 -0.000375
6880 0 0 -0.000399
6885 0 0 -0.000415
6890 0 0 -0.000394
6895 0 0 -0.000350
6900 0 0 -0.000311
6905 0 0 -0.000295
6910 0 0 -0.000298
6915 0 0 -0.000311
6920 0 0 -0.000324
6925 0 0 -0.000336
6930 0 0 -0.000346
6935 0 0 -0.000351
6940 0 0 -0.000352
6945 0 0 -0.000346
6950 0 0 -0.000332
6955 0 0 -0.000318
6960 0 0 -0.000311
6965 0 0 -0.000317
6970 0 0 -0.000331
6975 0 0 -0.000346
6980 0 0 -0.000355
6985 0 0 -0.000355
6990 0 0 -0.000346
6995 0 0 -0.000325
7000 0 0 -0.000300
7005 0 0 -0.000276
7010 0 0 -0.000261
7015 0 0 -0.000260
7020 0 0 -0.000276
7025 0 0 -0.000311
7030 0 0 -0.000351
7035 0 0 -0.000380
7040 0 0 -0.000385
7045 0 0 -0.000371
7050 0 0 -0.000346
7055 0 0 -0.000317
7060 0 0 -0.000292
7065 0 0 -0.000276
7070 0 0 -0.000272
7075 0 0 -0.000275
7080 0 0 -0.000276
7085 0 0 -0.000270
7090 0 0 -0.000258
7095 0 0 -0.000242
7100 0 0 -0.000225
7105 0 0 -0.000212
7110 0 0 -0.000208
7115 0 0 -0.000215
7120 0 0 -0.000229
7125 0 0 -0.000242
7130 0 0 -0.000249
7135 0 0 -0.000248
7140 0 0 -0.000241
7145 0 0 -0.000230
7150 0 0 -0.000227
7155 0 0 -0.000242
7160 0 0 -0.000291
7165 0 0 -0.000389
7170 0 0 -0.000553
7175 0 0 -0.000778
7180 0 0 -0.000967
7185 0 0 -0.001002
7190 0 0 -0.000811
7195 0 0 -0.000506
7200 0 0 -0.000242
7205 0 0 -0.000139
7210 0 0 -0.000154
7215 0 0 -0.000208
7220 0 0 -0.000236
7225 0 0 -0.000241
7230 0 0 -0.000242
7235 0 0 -0.000254
7240 0 0 -0.000269
7245 0 0 -0.000276
7250 0 0 -0.000268
7255 0 0 -0.000253
7260 0 0 -0.000242
7265 0 0 -0.000245
7270 0 0 -0.000250
7275 0 0 -0.000242
7280 0 0 -0.000214
7285 0 0 -0.000174
7290 0 0 -0.000138
7295 0 0 -0.000118
7300 0 0 -0.000109
7305 0 0 -0.000103
7310 0 0 -0.000096
7315 0 0 -0.000094
7320 0 0 -0.000103
7325 0 0 -0.000129
7330 0 0 -0.000158
7335 0 0 -0.000173
7340 0 0 -0.000160
7345 0 0 -0.000132
7350 0 0 -0.000103
7355 0 0 -0.000088
7360 0 0 -0.000088
7365 0 0 -0.000103
7370 0 0 -0.000131
7375 0 0 -0.000159
7380 0 0 -0.000173
7385 0 0 -0.000163
7390 0 0 -0.000136
7395 0 0 -0.000103
7400 0 0 -0.000075
7405 0 0 -0.000061
7410 0 0 -0.000070
7415 0 0 -0.000106
7420 0 0 -0.000148
7425 0 0 -0.000173
7430 0 0 -0.000161
7435 0 0 -0.000130
7440 0 0 -0.000103
7445 0 0 -0.000100
7450 0 0 -0.000115
7455 0 0 -0.000138
7460 0 0 -0.000159
7465 0 0 -0.000172
7470 0 0 -0.000173
7475 0 0 -0.000158
7480 0 0 -0.000133
7485 0 0 -0.000103
7490 0 0 -0.000076
7495 0 0 -0.000061
7500 0 0 -0.000068
7505 0 0 -0.000103
7510 0 0 -0.000146
7515 0 0 -0.000173
7520 0 0 -0.000166
7525 0 0 -0.000137
7530 0 0 -0.000103
7535 0 0 -0.000079
7540 0 0 -0.000068
7545 0 0 -0.000068
7550 0 0 -0.000079
7555 0 0 -0.000093
7560 0 0 -0.000103
7565 0 0 -0.000103
7570 0 0 -0.000100
7575 0 0 -0.000103
7580 0 0 -0.000118
7585 0 0 -0.000134
7590 0 0 -0.000138
7595 0 0 -0.000124
7600 0 0 -0.000123
7605 0 0 -0.000173
7610 0 0 -0.000293
7615 0 0 -0.000423
7620 0 0 -0.000484
7625 0 0 -0.000422
7630 0 0 -0.000300
7635 0 0 -0.000208
7640 0 0 -0.000211
7645 0 0 -0.000276
7650 0 0 -0.000346
7655 0 0 -0.000372
7660 0 0 -0.000357
7665 0 0 -0.000311
7670 0 0 -0.000247
7675 0 0 -0.000183
7680 0 0 -0.000138
7685 0 0 -0.000125
7690 0 0 -0.000132
7695 0 0 -0.000139
7700 0 0 -0.000133
7705 0 0 -0.000119
7710 0 0 -0.000103
7715 0 0 -0.000095
7720 0 0 -0.000094
7725 0 0 -0.000103
7730 0 0 -0.000120
7735 0 0 -0.000135
7740 0 0 -0.000138
7745 0 0 -0.000124
7750 0 0 -0.000106
7755 0 0 -0.000103
7760 0 0 -0.000127
7765 0 0 -0.000159
7770 0 0 -0.000172
7775 0 0 -0.000147
7780 0 0 -0.000104
7785 0 0 -0.000070
7790 0 0 -0.000063
7795 0 0 -0.000079
7800 0 0 -0.000103
7805 0 0 -0.000127
7810 0 0 -0.000149
7815 0 0 -0.000173
7820 0 0 -0.000198
7825 0 0 -0.000214
7830 0 0 -0.000208
7835 0 0 -0.000172
7840 0 0 -0.000127
7845 0 0 -0.000103
7850 0 0 -0.000117
7855 0 0 -0.000150
7860 0 0 -0.000173
7865 0 0 -0.000164
7870 0 0 -0.000134
7875 0 0 -0.000103
7880 0 0 -0.000086
7885 0 0 -0.000087
7890 0 0 -0.000103
7895 0 0 -0.000134
7900 0 0 -0.000172
7905 0 0 -0.000208
7910 0 0 -0.000232
7915 0 0 -0.000244
7920 0 0 -0.000241
7925 0 0 -0.000225
7930 0 0 -0.000201
7935 0 0 -0.000173
7940 0 0 -0.000149
7945 0 0 -0.000144
7950 0 0 -0.000173
7955 0 0 -0.000241
7960 0 0 -0.000314
7965 0 0 -0.000346
7970 0 0 -0.000306
7975 0 0 -0.000223
7980 0 0 -0.000139
7985 0 0 -0.000088
7990 0 0 -0.000068
7995 0 0 -0.000068
8000 0 0 -0.000078
8005 0 0 -0.000092
8010 0 0 -0.000103
8015 0 0 -0.000109
8020 0 0 -0.000109
8025 0 0 -0.000103
8030 0 0 -0.000095
8035 0 0 -0.000092
8040 0 0 -0.000103
8045 0 0 -0.000133
8050 0 0 -0.000163
8055 0 0 -0.000173
8060 0 0 -0.000147
8065 0 0 -0.000105
8070 0 0 -0.000070
8075 0 0 -0.000062
8080 0 0 -0.000077
8085 0 0 -0.000103
8090 0 0 -0.000131
8095 0 0 -0.000155
8100 0 0 -0.000173
8105 0 0 -0.000181
8110 0 0 -0.000180
8115 0 0 -0.000173
8120 0 0 -0.000164
8125 0 0 -0.000170
8130 0 0 -0.000208
8135 0 0 -0.000285
8140 0 0 -0.000369
8145 0 0 -0.000414
8150 0 0 -0.000389
8155 0 0 -0.000319
8160 0 0 -0.000241
8165 0 0 -0.000187
8170 0 0 -0.000164
8175 0 0 -0.000173
8180 0 0 -0.000210
8185 0 0 -0.000253
8190 0 0 -0.000276
8195 0 0 -0.000268
8200 0 0 -0.000280
8205 0 0 -0.000380
8210 0 0 -0.000605
8215 0 0 -0.000864
8220 0 0 -0.001037
8225 0 0 -0.001035
8230 0 0 -0.000906
8235 0 0 -0.000726
8240 0 0 -0.000563
8245 0 0 -0.000435
8250 0 0 -0.000346
8255 0 0 -0.000300
8260 0 0 -0.000299
8265 0 0 -0.000346
8270 0 0 -0.000434
8275 0 0 -0.000538
8280 0 0 -0.000623
8285 0 0 -0.000664
8290 0 0 -0.000670
8295 0 0 -0.000658
8300 0 0 -0.000639
8305 0 0 -0.000607
8310 0 0 -0.000553
8315 0 0 -0.000472
8320 0 0 -0.000383
8325 0 0 -0.000311
8330 0 0 -0.000273
8335 0 0 -0.000257
8340 0 0 -0.000241
8345 0 0 -0.000214
8350 0 0 -0.000193
8355 0 0 -0.000208
8360 0 0 -0.000272
8365 0 0 -0.000355
8370 0 0 -0.000415
8375 0 0 -0.000426
8380 0 0 -0.000430
8385 0 0 -0.000484
8390 0 0 -0.000622
8395 0 0 -0.000787
8400 0 0 -0.000898
8405 0 0 -0.000897
8410 0 0 -0.000829
8415 0 0 -0.000760
8420 0 0 -0.000742
8425 0 0 -0.000763
8430 0 0 -0.000796
8435 0 0 -0.000817
8440 0 0 -0.000827
8445 0 0 -0.000830
8450 0 0 -0.000829
8455 0 0 -0.000811
8460 0 0 -0.000761
8465 0 0 -0.000669
8470 0 0 -0.000557
8475 0 0 -0.000450
8480 0 0 -0.000375
8485 0 0 -0.000356
8490 0 0 -0.000414
8495 0 0 -0.000556
8500 0 0 -0.000721
8505 0 0 -0.000829
8510 0 0 -0.000825
8515 0 0 -0.000738
8520 0 0 -0.000622
8525 0 0 -0.000520
8530 0 0 -0.000448
8535 0 0 -0.000414
8540 0 0 -0.000418
8545 0 0 -0.000430
8550 0 0 -0.000415
8555 0 0 -0.000349
8560 0 0 -0.000256
8565 0 0 -0.000173
8570 0 0 -0.000128
8575 0 0 -0.000120
8580 0 0 -0.000139
8585 0 0 -0.000175
8590 0 0 -0.000214
8595 0 0 -0.000242
8600 0 0 -0.000250
8605 0 0 -0.000246
8610 0 0 -0.000242
8615 0 0 -0.000250
8620 0 0 -0.000264
8625 0 0 -0.000277
8630 0 0 -0.000285
8635 0 0 -0.000284
8640 0 0 -0.000276
8645 0 0 -0.000260
8650 0 0 -0.000237
8655 0 0 -0.000208
8660 0 0 -0.000175
8665 0 0 -0.000149
8670 0 0 -0.000138
8675 0 0 -0.000148
8680 0 0 -0.000166
8685 0 0 -0.000173
8690 0 0 -0.000156
8695 0 0 -0.000128
8700 0 0 -0.000104
8705 0 0 -0.000100
8710 0 0 -0.000113
8715 0 0 -0.000138
8720 0 0 -0.000170
8725 0 0 -0.000205
8730 0 0 -0.000241
8735 0 0 -0.000274
8740 0 0 -0.000299
8745 0 0 -0.000311
8750 0 0 -0.000307
8755 0 0 -0.000292
8760 0 0 -0.000276
8765 0 0 -0.000264
8770 0 0 -0.000254
8775 0 0 -0.000242
8780 0 0 -0.000226
8785 0 0 -0.000204
8790 0 0 -0.000173
8795 0 0 -0.000135
8800 0 0 -0.000106
8805 0 0 -0.000103
8810 0 0 -0.000138
8815 0 0 -0.000184
8820 0 0 -0.000208
8825 0 0 -0.000186
8830 0 0 -0.000140
8835 0 0 -0.000103
8840 0 0 -0.000099
8845 0 0 -0.000117
8850 0 0 -0.000138
8855 0 0 -0.000147
8860 0 0 -0.000146
8865 0 0 -0.000138
8870 0 0 -0.000129
8875 0 0 -0.000127
8880 0 0 -0.000139
8885 0 0 -0.000170
8890 0 0 -0.000200
8895 0 0 -0.000208
8900 0 0 -0.000177
8905 0 0 -0.000132
8910 0 0 -0.000103
8915 0 0 -0.000114
8920 0 0 -0.000146
8925 0 0 -0.000173
8930 0 0 -0.000173
8935 0 0 -0.000156
8940 0 0 -0.000138
8945 0 0 -0.000131
8950 0 0 -0.000133
8955 0 0 -0.000138
8960 0 0 -0.000141
8965 0 0 -0.000141
8970 0 0 -0.000139
8975 0 0 -0.000137
8980 0 0 -0.000136
8985 0 0 -0.000138
8990 0 0 -0.000144
8995 0 0 -0.000155
9000 0 0 -0.000173
9005 0 0 -0.000199
9010 0 0 -0.000234
9015 0 0 -0.000277
9020 0 0 -0.000325
9025 0 0 -0.000365
9030 0 0 -0.000382
9035 0 0 -0.000367
9040 0 0 -0.000336
9045 0 0 -0.000312
9050 0 0 -0.000311
9055 0 0 -0.000326
9060 0 0 -0.000346
9065 0 0 -0.000357
9070 0 0 -0.000350
9075 0 0 -0.000311
9080 0 0 -0.000237
9085 0 0 -0.000156
9090 0 0 -0.000104
9095 0 0 -0.000107
9100 0 0 -0.000141
9105 0 0 -0.000173
9110 0 0 -0.000176
9115 0 0 -0.000159
9120 0 0 -0.000138
9125 0 0 -0.000127
9130 0 0 -0.000128
9135 0 0 -0.000138
9140 0 0 -0.000154
9145 0 0 -0.000169
9150 0 0 -0.000173
9155 0 0 -0.000161
9160 0 0 -0.000144
9165 0 0 -0.000138
9170 0 0 -0.000151
9175 0 0 -0.000169
9180 0 0 -0.000173
9185 0 0 -0.000153
9190 0 0 -0.000139
9195 0 0 -0.000173
9200 0 0 -0.000275
9205 0 0 -0.000392
9210 0 0 -0.000450
9215 0 0 -0.000401
9220 0 0 -0.000295
9225 0 0 -0.000208
9230 0 0 -0.000192
9235 0 0 -0.000220
9240 0 0 -0.000241
9245 0 0 -0.000219
9250 0 0 -0.000173
9255 0 0 -0.000138
9260 0 0 -0.000137
9265 0 0 -0.000157
9270 0 0 -0.000173
9275 0 0 -0.000168
9280 0 0 -0.000151
9285 0 0 -0.000139
9290 0 0 -0.000142
9295 0 0 -0.000147
9300 0 0 -0.000138
9305 0 0 -0.000109
9310 0 0 -0.000103
9315 0 0 -0.000174
9320 0 0 -0.000350
9325 0 0 -0.000556
9330 0 0 -0.000691
9335 0 0 -0.000684
9340 0 0 -0.000579
9345 0 0 -0.000449
9350 0 0 -0.000354
9355 0 0 -0.000299
9360 0 0 -0.000276
9365 0 0 -0.000278
9370 0 0 -0.000301
9375 0 0 -0.000344
9380 0 0 -0.000404
9385 0 0 -0.000467
9390 0 0 -0.000518
9395 0 0 -0.000547
9400 0 0 -0.000556
9405 0 0 -0.000553
9410 0 0 -0.000545
9415 0 0 -0.000524
9420 0 0 -0.000485
9425 0 0 -0.000428
9430 0 0 -0.000399
9435 0 0 -0.000450
9440 0 0 -0.000610
9445 0 0 -0.000804
9450 0 0 -0.000932
9455 0 0 -0.000924
9460 0 0 -0.000828
9465 0 0 -0.000725
9470 0 0 -0.000673
9475 0 0 -0.000653
9480 0 0 -0.000622
9485 0 0 -0.000557
9490 0 0 -0.000502
9495 0 0 -0.000518
9500 0 0 -0.000643
9505 0 0 -0.000811
9510 0 0 -0.000934
9515 0 0 -0.000943
9520 0 0 -0.000860
9525 0 0 -0.000725
9530 0 0 -0.000577
9535 0 0 -0.000443
9540 0 0 -0.000346
9545 0 0 -0.000301
9550 0 0 -0.000288
9555 0 0 -0.000277
9560 0 0 -0.000248
9565 0 0 -0.000208
9570 0 0 -0.000173
9575 0 0 -0.000155
9580 0 0 -0.000156
9585 0 0 -0.000173
9590 0 0 -0.000201
9595 0 0 -0.000229
9600 0 0 -0.000241
9605 0 0 -0.000229
9610 0 0 -0.000210
9615 0 0 -0.000208
9620 0 0 -0.000237
9625 0 0 -0.000280
9630 0 0 -0.000311
9635 0 0 -0.000312
9640 0 0 -0.000294
9645 0 0 -0.000277
9650 0 0 -0.000275
9655 0 0 -0.000288
9660 0 0 -0.000311
9665 0 0 -0.000339
9670 0 0 -0.000365
9675 0 0 -0.000380
9680 0 0 -0.000379
9685 0 0 -0.000365
9690 0 0 -0.000346
9695 0 0 -0.000328
9700 0 0 -0.000315
9705 0 0 -0.000311
9710 0 0 -0.000316
9715 0 0 -0.000320
9720 0 0 -0.000310
9725 0 0 -0.000279
9730 0 0 -0.000248
9735 0 0 -0.000242
9740 0 0 -0.000279
9745 0 0 -0.000335
9750 0 0 -0.000380
9755 0 0 -0.000391
9760 0 0 -0.000374
9765 0 0 -0.000346
9770 0 0 -0.000319
9775 0 0 -0.000305
9780 0 0 -0.000311
9785 0 0 -0.000339
9790 0 0 -0.000371
9795 0 0 -0.000380
9800 0 0 -0.000350
9805 0 0 -0.000296
9810 0 0 -0.000242
9815 0 0 -0.000208
9820 0 0 -0.000197
9825 0 0 -0.000208
9830 0 0 -0.000236
9835 0 0 -0.000266
9840 0 0 -0.000276
9845 0 0 -0.000253
9850 0 0 -0.000212
9855 0 0 -0.000173
9860 0 0 -0.000153
9865 0 0 -0.000154
9870 0 0 -0.000173
9875 0 0 -0.000206
9880 0 0 -0.000245
9885 0 0 -0.000276
9890 0 0 -0.000291
9895 0 0 -0.000291
9900 0 0 -0.000276
9905 0 0 -0.000251
9910 0 0 -0.000225
9915 0 0 -0.000208
9920 0 0 -0.000207
9925 0 0 -0.000221
9930 0 0 -0.000242
9935 0 0 -0.000266
9940 0 0 -0.000281
9945 0 0 -0.000276
9950 0 0 -0.000245
9955 0 0 -0.000203
9960 0 0 -0.000173
9965 0 0 -0.000169
9970 0 0 -0.000184
9975 0 0 -0.000208
9980 0 0 -0.000227
9985 0 0 -0.000240
9990 0 0 -0.000241
9995 0 0 -0.000231
10000 0 0 -0.000217
10005 0 0 -0.000208
10010 0 0 -0.000210
10015 0 0 -0.000222
10020 0 0 -0.000242
10025 0 0 -0.000265
10030 0 0 -0.000280
10035 0 0 -0.000276
10040 0 0 -0.000246
10045 0 0 -0.000205
10050 0 0 -0.000173
10055 0 0 -0.000166
10060 0 0 -0.000180
10065 0 0 -0.000206
10070 0 0 -0.000237
10075 0 0 -0.000263
