0 0 0 0.240000
5 0 0 0.287200
10 0 0 0.328871
15 0 0 0.360000
20 0 0 0.375573
25 0 0 0.370577
30 0 0 0.340000
35 0 0 0.286063
40 0 0 0.239930
45 0 0 0.240000
50 0 0 0.306842
55 0 0 0.389703
60 0 0 0.420000
65 0 0 0.353235
70 0 0 0.241257
75 0 0 0.160000
80 0 0 0.163920
85 0 0 0.221563
90 0 0 0.280000
95 0 0 0.298493
100 0 0 0.285082
105 0 0 0.260000
110 0 0 0.242107
115 0 0 0.244775
120 0 0 0.280000
125 0 0 0.350115
130 0 0 0.418782
135 0 0 0.440000
140 0 0 0.385582
145 0 0 0.298615
150 0 0 0.240000
155 0 0 0.252741
160 0 0 0.308241
165 0 0 0.360000
170 0 0 0.371601
175 0 0 0.346941
180 0 0 0.300000
185 0 0 0.246041
190 0 0 0.205475
195 0 0 0.200000
200 0 0 0.241272
205 0 0 0.300787
210 0 0 0.340000
215 0 0 0.331834
220 0 0 0.295082
225 0 0 0.260000
230 0 0 0.250650
235 0 0 0.266295
240 0 0 0.300000
245 0 0 0.344086
250 0 0 0.387889
255 0 0 0.420000
260 0 0 0.433008
265 0 0 0.435485
270 0 0 0.440000
275 0 0 0.453513
280 0 0 0.460543
285 0 0 0.440000
290 0 0 0.379606
295 0 0 0.302342
300 0 0 0.240000
305 0 0 0.216951
310 0 0 0.227868
315 0 0 0.260000
320 0 0 0.298516
325 0 0 0.320261
330 0 0 0.300000
335 0 0 0.227504
340 0 0 0.152570
345 0 0 0.140000
350 0 0 0.229244
355 0 0 0.358347
360 0 0 0.440000
365 0 0 0.414036
370 0 0 0.328856
375 0 0 0.260000
380 0 0 0.262758
385 0 0 0.311414
390 0 0 0.360000
395 0 0 0.372708
400 0 0 0.354376
405 0 0 0.320000
410 0 0 0.284186
415 0 0 0.259972
420 0 0 0.260000
425 0 0 0.289065
430 0 0 0.320553
435 0 0 0.320000
440 0 0 0.266963
445 0 0 0.197077
450 0 0 0.160000
455 0 0 0.189010
460 0 0 0.251879
465 0 0 0.300000
470 0 0 0.299218
475 0 0 0.273183
480 0 0 0.260000
485 0 0 0.285230
490 0 0 0.324276
495 0 0 0.340000
500 0 0 0.311713
505 0 0 0.284526
510 0 0 0.320000
515 0 0 0.453843
520 0 0 0.618359
525 0 0 0.720000
530 0 0 0.691434
535 0 0 0.570186
540 0 0 0.420000
545 0 0 0.295978
550 0 0 0.218674
555 0 0 0.200000
560 0 0 0.242431
565 0 0 0.310675
570 0 0 0.360000
575 0 0 0.357262
580 0 0 0.315665
585 0 0 0.260000
590 0 0 0.215929
595 0 0 0.212593
600 0 0 0.280000
605 0 0 0.427169
610 0 0 0.579149
615 0 0 0.640000
620 0 0 0.547989
625 0 0 0.378218
630 0 0 0.240000
635 0 0 0.217172
640 0 0 0.291681
645 0 0 0.420000
650 0 0 0.561099
655 0 0 0.683945
660 0 0 0.760000
665 0 0 0.765837
670 0 0 0.698465
675 0 0 0.560000
680 0 0 0.371107
685 0 0 0.226639
690 0 0 0.240000
695 0 0 0.471217
700 0 0 0.766829
705 0 0 0.920000
710 0 0 0.791432
715 0 0 0.511971
720 0 0 0.280000
725 0 0 0.242314
730 0 0 0.339361
735 0 0 0.460000
740 0 0 0.517088
745 0 0 0.519474
750 0 0 0.500000
755 0 0 0.485628
760 0 0 0.479782
765 0 0 0.480000
770 0 0 0.483361
775 0 0 0.485103
780 0 0 0.480000
785 0 0 0.463149
790 0 0 0.430919
795 0 0 0.380000
800 0 0 0.312933
805 0 0 0.255666
810 0 0 0.240000
815 0 0 0.283638
820 0 0 0.347897
825 0 0 0.380000
830 0 0 0.347331
835 0 0 0.297930
840 0 0 0.300000
845 0 0 0.398148
850 0 0 0.542603
855 0 0 0.660000
860 0 0 0.694151
865 0 0 0.657582
870 0 0 0.580000
875 0 0 0.491916
880 0 0 0.427068
885 0 0 0.420000
890 0 0 0.487073
895 0 0 0.571922
900 0 0 0.600000
905 0 0 0.539050
910 0 0 0.525983
915 0 0 0.740000
920 0 0 1.292283
925 0 0 2.021925
930 0 0 2.700000
935 0 0 3.131820
940 0 0 3.259651
945 0 0 3.060000
950 0 0 2.557476
955 0 0 1.969100
960 0 0 1.560000
965 0 0 1.516056
970 0 0 1.706170
975 0 0 1.920000
980 0 0 1.991634
985 0 0 1.932886
990 0 0 1.800000
995 0 0 1.643333
1000 0 0 1.489693
1005 0 0 1.360000
1010 0 0 1.276516
1015 0 0 1.266861
1020 0 0 1.360000
1025 0 0 1.591346
1030 0 0 2.022121
1035 0 0 2.720000
1040 0 0 3.671435
1045 0 0 4.537988
1050 0 0 4.900000
1055 0 0 4.499212
1060 0 0 3.722964
1065 0 0 3.120000
1070 0 0 3.073200
1075 0 0 3.302007
1080 0 0 3.360000
1085 0 0 2.928728
1090 0 0 2.201602
1095 0 0 1.500000
1100 0 0 1.074111
1105 0 0 0.889365
1110 0 0 0.840000
1115 0 0 0.847420
1120 0 0 0.941680
1125 0 0 1.180000
1130 0 0 1.577691
1135 0 0 1.982433
1140 0 0 2.200000
1145 0 0 2.101076
1150 0 0 1.815995
1155 0 0 1.540000
1160 0 0 1.418004
1165 0 0 1.393588
1170 0 0 1.360000
1175 0 0 1.243944
1180 0 0 1.105949
1185 0 0 1.040000
1190 0 0 1.110665
1195 0 0 1.264839
1200 0 0 1.420000
1205 0 0 1.509692
1210 0 0 1.531732
1215 0 0 1.500000
1220 0 0 1.432047
1225 0 0 1.360086
1230 0 0 1.320000
1235 0 0 1.335454
1240 0 0 1.381257
1245 0 0 1.420000
1250 0 0 1.425395
1255 0 0 1.415628
1260 0 0 1.420000
1265 0 0 1.457779
1270 0 0 1.508084
1275 0 0 1.540000
1280 0 0 1.526453
1285 0 0 1.455740
1290 0 0 1.320000
1295 0 0 1.126779
1300 0 0 0.945251
1305 0 0 0.860000
1310 0 0 0.925691
1315 0 0 1.077329
1320 0 0 1.220000
1325 0 0 1.280826
1330 0 0 1.275063
1335 0 0 1.240000
1340 0 0 1.208041
1345 0 0 1.192048
1350 0 0 1.200000
1355 0 0 1.229974
1360 0 0 1.240448
1365 0 0 1.180000
1370 0 0 1.016508
1375 0 0 0.795049
1380 0 0 0.580000
1385 0 0 0.425475
1390 0 0 0.344541
1395 0 0 0.340000
1400 0 0 0.404554
1405 0 0 0.490492
1410 0 0 0.540000
1415 0 0 0.511123
1420 0 0 0.425343
1425 0 0 0.320000
1430 0 0 0.232435
1435 0 0 0.199988
