0 0 0 -0.000220
5 0 0 -0.000267
10 0 0 -0.000292
15 0 0 -0.000300
20 0 0 -0.000296
25 0 0 -0.000284
30 0 0 -0.000270
35 0 0 -0.000258
40 0 0 -0.000248
45 0 0 -0.000240
50 0 0 -0.000233
55 0 0 -0.000222
60 0 0 -0.000200
65 0 0 -0.000164
70 0 0 -0.000125
75 0 0 -0.000100
80 0 0 -0.000099
85 0 0 -0.000119
90 0 0 -0.000150
95 0 0 -0.000184
100 0 0 -0.000209
105 0 0 -0.000210
110 0 0 -0.000181
115 0 0 -0.000142
120 0 0 -0.000120
125 0 0 -0.000134
130 0 0 -0.000169
135 0 0 -0.000200
140 0 0 -0.000209
145 0 0 -0.000201
150 0 0 -0.000190
155 0 0 -0.000183
160 0 0 -0.000179
165 0 0 -0.000170
170 0 0 -0.000154
175 0 0 -0.000141
180 0 0 -0.000140
185 0 0 -0.000159
190 0 0 -0.000182
195 0 0 -0.000190
200 0 0 -0.000169
205 0 0 -0.000135
210 0 0 -0.000110
215 0 0 -0.000110
220 0 0 -0.000125
225 0 0 -0.000140
230 0 0 -0.000142
235 0 0 -0.000139
240 0 0 -0.000140
245 0 0 -0.000153
250 0 0 -0.000173
255 0 0 -0.000190
260 0 0 -0.000198
265 0 0 -0.000194
270 0 0 -0.000180
275 0 0 -0.000157
280 0 0 -0.000139
285 0 0 -0.000140
290 0 0 -0.000169
295 0 0 -0.000208
300 0 0 -0.000230
305 0 0 -0.000218
310 0 0 -0.000187
315 0 0 -0.000160
320 0 0 -0.000155
325 0 0 -0.000166
330 0 0 -0.000180
335 0 0 -0.000186
340 0 0 -0.000183
345 0 0 -0.000170
350 0 0 -0.000149
355 0 0 -0.000131
360 0 0 -0.000130
365 0 0 -0.000152
370 0 0 -0.000183
375 0 0 -0.000200
380 0 0 -0.000190
385 0 0 -0.000163
390 0 0 -0.000140
395 0 0 -0.000134
400 0 0 -0.000142
405 0 0 -0.000160
410 0 0 -0.000180
415 0 0 -0.000193
420 0 0 -0.000190
425 0 0 -0.000167
430 0 0 -0.000137
435 0 0 -0.000120
440 0 0 -0.000129
445 0 0 -0.000154
450 0 0 -0.000180
455 0 0 -0.000195
460 0 0 -0.000197
465 0 0 -0.000190
470 0 0 -0.000177
475 0 0 -0.000170
480 0 0 -0.000180
485 0 0 -0.000214
490 0 0 -0.000250
495 0 0 -0.000260
500 0 0 -0.000227
505 0 0 -0.000180
510 0 0 -0.000160
515 0 0 -0.000195
520 0 0 -0.000260
525 0 0 -0.000320
530 0 0 -0.000345
535 0 0 -0.000338
540 0 0 -0.000310
545 0 0 -0.000281
550 0 0 -0.000309
555 0 0 -0.000460
560 0 0 -0.000779
565 0 0 -0.001229
570 0 0 -0.001750
575 0 0 -0.002273
580 0 0 -0.002684
585 0 0 -0.002860
590 0 0 -0.002734
595 0 0 -0.002470
600 0 0 -0.002290
605 0 0 -0.002340
610 0 0 -0.002459
615 0 0 -0.002410
620 0 0 -0.002046
625 0 0 -0.001581
630 0 0 -0.001320
635 0 0 -0.001469
640 0 0 -0.001836
645 0 0 -0.002130
650 0 0 -0.002128
655 0 0 -0.001887
660 0 0 -0.001530
665 0 0 -0.001185
670 0 0 -0.000988
675 0 0 -0.001080
680 0 0 -0.001525
685 0 0 -0.002093
690 0 0 -0.002480
695 0 0 -0.002463
700 0 0 -0.002147
705 0 0 -0.001720
710 0 0 -0.001335
715 0 0 -0.001002
720 0 0 -0.000700
725 0 0 -0.000416
730 0 0 -0.000184
735 0 0 -0.000050
740 0 0 -0.000043
745 0 0 -0.000122
750 0 0 -0.000230
755 0 0 -0.000321
760 0 0 -0.000394
765 0 0 -0.000460
770 0 0 -0.000522
775 0 0 -0.000559
780 0 0 -0.000540
785 0 0 -0.000450
790 0 0 -0.000327
795 0 0 -0.000220
800 0 0 -0.000168
805 0 0 -0.000159
810 0 0 -0.000170
815 0 0 -0.000182
820 0 0 -0.000186
825 0 0 -0.000180
830 0 0 -0.000162
835 0 0 -0.000141
840 0 0 -0.000130
845 0 0 -0.000139
850 0 0 -0.000169
855 0 0 -0.000220
860 0 0 -0.000287
865 0 0 -0.000348
870 0 0 -0.000380
875 0 0 -0.000364
880 0 0 -0.000317
885 0 0 -0.000260
890 0 0 -0.000215
895 0 0 -0.000187
900 0 0 -0.000180
905 0 0 -0.000193
910 0 0 -0.000210
915 0 0 -0.000210
920 0 0 -0.000180
925 0 0 -0.000137
930 0 0 -0.000110
935 0 0 -0.000115
940 0 0 -0.000140
945 0 0 -0.000160
950 0 0 -0.000161
955 0 0 -0.000155
960 0 0 -0.000160
965 0 0 -0.000188
970 0 0 -0.000225
975 0 0 -0.000250
980 0 0 -0.000249
985 0 0 -0.000233
990 0 0 -0.000220
995 0 0 -0.000221
1000 0 0 -0.000227
1005 0 0 -0.000220
1010 0 0 -0.000193
1015 0 0 -0.000167
1020 0 0 -0.000170
1025 0 0 -0.000219
1030 0 0 -0.000283
1035 0 0 -0.000320
1040 0 0 -0.000302
1045 0 0 -0.000262
1050 0 0 -0.000250
1055 0 0 -0.000297
1060 0 0 -0.000368
1065 0 0 -0.000410
1070 0 0 -0.000387
1075 0 0 -0.000329
1080 0 0 -0.000280
1085 0 0 -0.000274
1090 0 0 -0.000299
1095 0 0 -0.000330
1100 0 0 -0.000348
1105 0 0 -0.000349
1110 0 0 -0.000330
1115 0 0 -0.000294
1120 0 0 -0.000258
1125 0 0 -0.000240
1130 0 0 -0.000252
1135 0 0 -0.000277
1140 0 0 -0.000290
1145 0 0 -0.000274
1150 0 0 -0.000243
1155 0 0 -0.000220
1160 0 0 -0.000221
1165 0 0 -0.000242
1170 0 0 -0.000270
1175 0 0 -0.000296
1180 0 0 -0.000311
1185 0 0 -0.000310
1190 0 0 -0.000289
1195 0 0 -0.000260
1200 0 0 -0.000240
1205 0 0 -0.000240
1210 0 0 -0.000257
1215 0 0 -0.000280
1220 0 0 -0.000302
1225 0 0 -0.000315
1230 0 0 -0.000310
1235 0 0 -0.000284
1240 0 0 -0.000252
1245 0 0 -0.000230
1250 0 0 -0.000233
1255 0 0 -0.000253
1260 0 0 -0.000280
1265 0 0 -0.000303
1270 0 0 -0.000310
1275 0 0 -0.000290
1280 0 0 -0.000239
1285 0 0 -0.000174
1290 0 0 -0.000120
1295 0 0 -0.000095
1300 0 0 -0.000092
1305 0 0 -0.000100
1310 0 0 -0.000108
1315 0 0 -0.000112
1320 0 0 -0.000110
1325 0 0 -0.000102
1330 0 0 -0.000091
1335 0 0 -0.000080
1340 0 0 -0.000074
1345 0 0 -0.000077
1350 0 0 -0.000090
1355 0 0 -0.000115
1360 0 0 -0.000142
1365 0 0 -0.000160
1370 0 0 -0.000160
1375 0 0 -0.000145
1380 0 0 -0.000120
1385 0 0 -0.000091
1390 0 0 -0.000068
1395 0 0 -0.000060
1400 0 0 -0.000074
1405 0 0 -0.000099
1410 0 0 -0.000120
1415 0 0 -0.000124
1420 0 0 -0.000115
1425 0 0 -0.000100
1430 0 0 -0.000085
1435 0 0 -0.000074
1440 0 0 -0.000070
1445 0 0 -0.000076
1450 0 0 -0.000091
1455 0 0 -0.000110
1460 0 0 -0.000131
1465 0 0 -0.000149
1470 0 0 -0.000160
1475 0 0 -0.000161
1480 0 0 -0.000156
1485 0 0 -0.000150
1490 0 0 -0.000146
1495 0 0 -0.000146
1500 0 0 -0.000150
1505 0 0 -0.000157
1510 0 0 -0.000160
1515 0 0 -0.000150
1520 0 0 -0.000125
1525 0 0 -0.000103
1530 0 0 -0.000110
1535 0 0 -0.000160
1540 0 0 -0.000220
1545 0 0 -0.000250
1550 0 0 -0.000220
1555 0 0 -0.000162
1560 0 0 -0.000120
1565 0 0 -0.000128
1570 0 0 -0.000167
1575 0 0 -0.000210
1580 0 0 -0.000231
1585 0 0 -0.000227
1590 0 0 -0.000200
1595 0 0 -0.000156
1600 0 0 -0.000114
1605 0 0 -0.000100
1610 0 0 -0.000128
1615 0 0 -0.000175
1620 0 0 -0.000210
1625 0 0 -0.000209
1630 0 0 -0.000182
1635 0 0 -0.000150
1640 0 0 -0.000128
1645 0 0 -0.000119
1650 0 0 -0.000120
1655 0 0 -0.000129
1660 0 0 -0.000141
1665 0 0 -0.000150
1670 0 0 -0.000151
1675 0 0 -0.000143
1680 0 0 -0.000130
1685 0 0 -0.000113
1690 0 0 -0.000100
1695 0 0 -0.000100
1700 0 0 -0.000117
1705 0 0 -0.000142
1710 0 0 -0.000160
1715 0 0 -0.000162
1720 0 0 -0.000149
1725 0 0 -0.000130
1730 0 0 -0.000110
1735 0 0 -0.000097
1740 0 0 -0.000100
1745 0 0 -0.000122
1750 0 0 -0.000153
1755 0 0 -0.000180
1760 0 0 -0.000191
1765 0 0 -0.000186
1770 0 0 -0.000170
1775 0 0 -0.000146
1780 0 0 -0.000123
1785 0 0 -0.000110
1790 0 0 -0.000113
1795 0 0 -0.000123
1800 0 0 -0.000130
1805 0 0 -0.000126
1810 0 0 -0.000126
1815 0 0 -0.000150
1820 0 0 -0.000207
1825 0 0 -0.000273
1830 0 0 -0.000310
1835 0 0 -0.000295
1840 0 0 -0.000248
1845 0 0 -0.000200
1850 0 0 -0.000174
1855 0 0 -0.000167
1860 0 0 -0.000170
1865 0 0 -0.000174
1870 0 0 -0.000177
1875 0 0 -0.000180
1880 0 0 -0.000183
1885 0 0 -0.000188
1890 0 0 -0.000200
1895 0 0 -0.000220
1900 0 0 -0.000243
1905 0 0 -0.000260
1910 0 0 -0.000266
1915 0 0 -0.000261
1920 0 0 -0.000250
1925 0 0 -0.000234
1930 0 0 -0.000214
1935 0 0 -0.000190
1940 0 0 -0.000163
1945 0 0 -0.000142
1950 0 0 -0.000140
1955 0 0 -0.000165
1960 0 0 -0.000216
1965 0 0 -0.000290
1970 0 0 -0.000380
1975 0 0 -0.000462
1980 0 0 -0.000510
1985 0 0 -0.000504
1990 0 0 -0.000447
1995 0 0 -0.000350
2000 0 0 -0.000229
2005 0 0 -0.000122
2010 0 0 -0.000070
2015 0 0 -0.000099
2020 0 0 -0.000166
2025 0 0 -0.000210
2030 0 0 -0.000189
2035 0 0 -0.000133
2040 0 0 -0.000090
2045 0 0 -0.000095
2050 0 0 -0.000134
2055 0 0 -0.000180
2060 0 0 -0.000209
2065 0 0 -0.000216
2070 0 0 -0.000200
2075 0 0 -0.000162
2080 0 0 -0.000119
2085 0 0 -0.000090
2090 0 0 -0.000090
2095 0 0 -0.000109
2100 0 0 -0.000130
2105 0 0 -0.000141
2110 0 0 -0.000145
2115 0 0 -0.000150
2120 0 0 -0.000160
2125 0 0 -0.000166
2130 0 0 -0.000160
2135 0 0 -0.000135
2140 0 0 -0.000108
2145 0 0 -0.000100
2150 0 0 -0.000125
2155 0 0 -0.000161
2160 0 0 -0.000180
2165 0 0 -0.000161
2170 0 0 -0.000125
2175 0 0 -0.000100
2180 0 0 -0.000108
2185 0 0 -0.000138
2190 0 0 -0.000170
2195 0 0 -0.000189
2200 0 0 -0.000192
2205 0 0 -0.000180
2210 0 0 -0.000156
2215 0 0 -0.000131
2220 0 0 -0.000120
2225 0 0 -0.000131
2230 0 0 -0.000151
2235 0 0 -0.000160
2240 0 0 -0.000145
2245 0 0 -0.000119
2250 0 0 -0.000100
2255 0 0 -0.000102
2260 0 0 -0.000120
2265 0 0 -0.000140
2270 0 0 -0.000154
2275 0 0 -0.000158
2280 0 0 -0.000150
2285 0 0 -0.000132
2290 0 0 -0.000111
2295 0 0 -0.000100
2300 0 0 -0.000106
2305 0 0 -0.000122
2310 0 0 -0.000140
2315 0 0 -0.000151
2320 0 0 -0.000152
2325 0 0 -0.000140
2330 0 0 -0.000116
2335 0 0 -0.000093
2340 0 0 -0.000090
2345 0 0 -0.000117
2350 0 0 -0.000158
2355 0 0 -0.000190
2360 0 0 -0.000195
2365 0 0 -0.000178
2370 0 0 -0.000150
2375 0 0 -0.000120
2380 0 0 -0.000097
2385 0 0 -0.000090
2390 0 0 -0.000103
2395 0 0 -0.000128
2400 0 0 -0.000150
2405 0 0 -0.000159
2410 0 0 -0.000155
2415 0 0 -0.000140
2420 0 0 -0.000117
2425 0 0 -0.000097
2430 0 0 -0.000090
2435 0 0 -0.000103
2440 0 0 -0.000124
2445 0 0 -0.000140
2450 0 0 -0.000143
2455 0 0 -0.000164
2460 0 0 -0.000240
2465 0 0 -0.000396
2470 0 0 -0.000602
2475 0 0 -0.000810
2480 0 0 -0.000987
2485 0 0 -0.001143
2490 0 0 -0.001300
2495 0 0 -0.001459
2500 0 0 -0.001542
2505 0 0 -0.001450
2510 0 0 -0.001132
2515 0 0 -0.000724
2520 0 0 -0.000410
2525 0 0 -0.000321
2530 0 0 -0.000386
2535 0 0 -0.000480
2540 0 0 -0.000507
2545 0 0 -0.000480
2550 0 0 -0.000440
2555 0 0 -0.000417
2560 0 0 -0.000408
2565 0 0 -0.000400
2570 0 0 -0.000383
2575 0 0 -0.000363
2580 0 0 -0.000350
2585 0 0 -0.000350
2590 0 0 -0.000359
2595 0 0 -0.000370
2600 0 0 -0.000377
2605 0 0 -0.000372
2610 0 0 -0.000350
2615 0 0 -0.000310
2620 0 0 -0.000282
2625 0 0 -0.000300
2630 0 0 -0.000383
2635 0 0 -0.000477
2640 0 0 -0.000510
2645 0 0 -0.000436
2650 0 0 -0.000308
2655 0 0 -0.000200
2660 0 0 -0.000171
2665 0 0 -0.000198
2670 0 0 -0.000240
2675 0 0 -0.000264
2680 0 0 -0.000265
2685 0 0 -0.000250
2690 0 0 -0.000224
2695 0 0 -0.000199
2700 0 0 -0.000190
2705 0 0 -0.000205
2710 0 0 -0.000232
2715 0 0 -0.000250
2720 0 0 -0.000248
2725 0 0 -0.000241
2730 0 0 -0.000250
2735 0 0 -0.000287
2740 0 0 -0.000333
2745 0 0 -0.000360
2750 0 0 -0.000349
2755 0 0 -0.000314
2760 0 0 -0.000280
2765 0 0 -0.000264
2770 0 0 -0.000261
2775 0 0 -0.000260
2780 0 0 -0.000252
2785 0 0 -0.000239
2790 0 0 -0.000230
2795 0 0 -0.000227
2800 0 0 -0.000226
2805 0 0 -0.000220
2810 0 0 -0.000204
2815 0 0 -0.000184
2820 0 0 -0.000170
2825 0 0 -0.000167
2830 0 0 -0.000175
2835 0 0 -0.000190
2840 0 0 -0.000208
2845 0 0 -0.000221
2850 0 0 -0.000220
2855 0 0 -0.000201
2860 0 0 -0.000176
2865 0 0 -0.000160
2870 0 0 -0.000165
2875 0 0 -0.000182
2880 0 0 -0.000200
2885 0 0 -0.000208
2890 0 0 -0.000207
2895 0 0 -0.000200
2900 0 0 -0.000190
2905 0 0 -0.000179
2910 0 0 -0.000170
2915 0 0 -0.000164
2920 0 0 -0.000164
2925 0 0 -0.000170
2930 0 0 -0.000182
2935 0 0 -0.000193
2940 0 0 -0.000190
2945 0 0 -0.000168
2950 0 0 -0.000137
2955 0 0 -0.000110
2960 0 0 -0.000098
2965 0 0 -0.000105
2970 0 0 -0.000130
2975 0 0 -0.000171
2980 0 0 -0.000208
2985 0 0 -0.000220
2990 0 0 -0.000193
2995 0 0 -0.000149
3000 0 0 -0.000120
3005 0 0 -0.000128
3010 0 0 -0.000161
3015 0 0 -0.000200
3020 0 0 -0.000228
3025 0 0 -0.000241
3030 0 0 -0.000240
3035 0 0 -0.000225
3040 0 0 -0.000203
3045 0 0 -0.000180
3050 0 0 -0.000163
3055 0 0 -0.000150
3060 0 0 -0.000140
3065 0 0 -0.000131
3070 0 0 -0.000126
3075 0 0 -0.000130
3080 0 0 -0.000144
3085 0 0 -0.000159
3090 0 0 -0.000160
3095 0 0 -0.000140
3100 0 0 -0.000114
3105 0 0 -0.000100
3110 0 0 -0.000113
3115 0 0 -0.000139
3120 0 0 -0.000160
3125 0 0 -0.000162
3130 0 0 -0.000149
3135 0 0 -0.000130
3140 0 0 -0.000115
3145 0 0 -0.000109
3150 0 0 -0.000120
3155 0 0 -0.000149
3160 0 0 -0.000183
3165 0 0 -0.000200
3170 0 0 -0.000189
3175 0 0 -0.000160
3180 0 0 -0.000130
3185 0 0 -0.000114
3190 0 0 -0.000111
3195 0 0 -0.000120
3200 0 0 -0.000136
3205 0 0 -0.000149
3210 0 0 -0.000150
3215 0 0 -0.000131
3220 0 0 -0.000103
3225 0 0 -0.000080
3230 0 0 -0.000073
3235 0 0 -0.000078
3240 0 0 -0.000090
3245 0 0 -0.000102
3250 0 0 -0.000110
3255 0 0 -0.000110
3260 0 0 -0.000101
3265 0 0 -0.000089
3270 0 0 -0.000080
3275 0 0 -0.000082
3280 0 0 -0.000097
3285 0 0 -0.000130
3290 0 0 -0.000179
3295 0 0 -0.000229
3300 0 0 -0.000260
3305 0 0 -0.000258
3310 0 0 -0.000232
3315 0 0 -0.000200
3320 0 0 -0.000175
3325 0 0 -0.000158
3330 0 0 -0.000150
3335 0 0 -0.000149
3340 0 0 -0.000148
3345 0 0 -0.000140
3350 0 0 -0.000121
3355 0 0 -0.000100
3360 0 0 -0.000090
3365 0 0 -0.000100
3370 0 0 -0.000130
3375 0 0 -0.000180
3380 0 0 -0.000243
3385 0 0 -0.000298
3390 0 0 -0.000320
3395 0 0 -0.000294
3400 0 0 -0.000240
3405 0 0 -0.000190
3410 0 0 -0.000166
3415 0 0 -0.000164
3420 0 0 -0.000170
3425 0 0 -0.000175
3430 0 0 -0.000180
3435 0 0 -0.000190
3440 0 0 -0.000206
3445 0 0 -0.000225
3450 0 0 -0.000240
3455 0 0 -0.000246
3460 0 0 -0.000240
3465 0 0 -0.000220
3470 0 0 -0.000187
3475 0 0 -0.000155
3480 0 0 -0.000140
3485 0 0 -0.000154
3490 0 0 -0.000183
3495 0 0 -0.000210
3500 0 0 -0.000220
3505 0 0 -0.000216
3510 0 0 -0.000210
3515 0 0 -0.000207
3520 0 0 -0.000202
3525 0 0 -0.000190
3530 0 0 -0.000167
3535 0 0 -0.000148
3540 0 0 -0.000150
3545 0 0 -0.000182
3550 0 0 -0.000220
3555 0 0 -0.000230
3560 0 0 -0.000191
3565 0 0 -0.000133
3570 0 0 -0.000100
3575 0 0 -0.000121
3580 0 0 -0.000169
3585 0 0 -0.000200
3590 0 0 -0.000185
3595 0 0 -0.000147
3600 0 0 -0.000120
3605 0 0 -0.000130
3610 0 0 -0.000159
3615 0 0 -0.000180
3620 0 0 -0.000172
3625 0 0 -0.000149
3630 0 0 -0.000130
3635 0 0 -0.000132
3640 0 0 -0.000146
3645 0 0 -0.000160
3650 0 0 -0.000163
3655 0 0 -0.000161
3660 0 0 -0.000160
3665 0 0 -0.000167
3670 0 0 -0.000178
3675 0 0 -0.000190
3680 0 0 -0.000198
3685 0 0 -0.000196
3690 0 0 -0.000180
3695 0 0 -0.000149
3700 0 0 -0.000119
3705 0 0 -0.000110
3710 0 0 -0.000134
3715 0 0 -0.000171
3720 0 0 -0.000190
3725 0 0 -0.000173
3730 0 0 -0.000137
3735 0 0 -0.000110
3740 0 0 -0.000113
3745 0 0 -0.000135
3750 0 0 -0.000160
3755 0 0 -0.000173
3760 0 0 -0.000172
3765 0 0 -0.000160
3770 0 0 -0.000139
3775 0 0 -0.000122
3780 0 0 -0.000120
3785 0 0 -0.000142
3790 0 0 -0.000172
3795 0 0 -0.000190
3800 0 0 -0.000182
3805 0 0 -0.000157
3810 0 0 -0.000130
3815 0 0 -0.000112
3820 0 0 -0.000106
3825 0 0 -0.000110
3830 0 0 -0.000121
3835 0 0 -0.000131
3840 0 0 -0.000130
3845 0 0 -0.000111
3850 0 0 -0.000086
3855 0 0 -0.000070
3860 0 0 -0.000075
3865 0 0 -0.000095
3870 0 0 -0.000120
3875 0 0 -0.000142
3880 0 0 -0.000163
3885 0 0 -0.000190
3890 0 0 -0.000226
3895 0 0 -0.000265
3900 0 0 -0.000300
3905 0 0 -0.000331
3910 0 0 -0.000383
3915 0 0 -0.000490
3920 0 0 -0.000672
3925 0 0 -0.000900
3930 0 0 -0.001130
3935 0 0 -0.001323
3940 0 0 -0.001454
3945 0 0 -0.001500
3950 0 0 -0.001446
3955 0 0 -0.001303
3960 0 0 -0.001090
3965 0 0 -0.000853
3970 0 0 -0.000748
3975 0 0 -0.000960
3980 0 0 -0.001584
3985 0 0 -0.002360
3990 0 0 -0.002940
3995 0 0 -0.003073
4000 0 0 -0.002887
4005 0 0 -0.002610
4010 0 0 -0.002417
4015 0 0 -0.002287
4020 0 0 -0.002150
4025 0 0 -0.001956
4030 0 0 -0.001741
4035 0 0 -0.001560
4040 0 0 -0.001452
4045 0 0 -0.001381
4050 0 0 -0.001290
4055 0 0 -0.001142
4060 0 0 -0.000966
4065 0 0 -0.000810
4070 0 0 -0.000707
4075 0 0 -0.000641
4080 0 0 -0.000580
4085 0 0 -0.000503
4090 0 0 -0.000419
4095 0 0 -0.000350
4100 0 0 -0.000309
4105 0 0 -0.000292
4110 0 0 -0.000290
4115 0 0 -0.000294
4120 0 0 -0.000295
4125 0 0 -0.000280
4130 0 0 -0.000246
4135 0 0 -0.000211
4140 0 0 -0.000200
4145 0 0 -0.000228
4150 0 0 -0.000270
4155 0 0 -0.000290
4160 0 0 -0.000265
4165 0 0 -0.000219
4170 0 0 -0.000190
4175 0 0 -0.000203
4180 0 0 -0.000240
4185 0 0 -0.000270
4190 0 0 -0.000271
4195 0 0 -0.000254
4200 0 0 -0.000240
4205 0 0 -0.000242
4210 0 0 -0.000246
4215 0 0 -0.000230
4220 0 0 -0.000183
4225 0 0 -0.000131
4230 0 0 -0.000110
4235 0 0 -0.000142
4240 0 0 -0.000196
4245 0 0 -0.000230
4250 0 0 -0.000213
4255 0 0 -0.000168
4260 0 0 -0.000130
4265 0 0 -0.000126
4270 0 0 -0.000143
4275 0 0 -0.000160
4280 0 0 -0.000159
4285 0 0 -0.000145
4290 0 0 -0.000130
4295 0 0 -0.000122
4300 0 0 -0.000122
4305 0 0 -0.000130
4310 0 0 -0.000145
4315 0 0 -0.000158
4320 0 0 -0.000160
4325 0 0 -0.000145
4330 0 0 -0.000126
4335 0 0 -0.000120
4340 0 0 -0.000137
4345 0 0 -0.000164
4350 0 0 -0.000180
4355 0 0 -0.000172
4360 0 0 -0.000152
4365 0 0 -0.000140
4370 0 0 -0.000149
4375 0 0 -0.000168
4380 0 0 -0.000180
4385 0 0 -0.000174
4390 0 0 -0.000154
4395 0 0 -0.000130
4400 0 0 -0.000111
4405 0 0 -0.000102
4410 0 0 -0.000110
4415 0 0 -0.000135
4420 0 0 -0.000162
4425 0 0 -0.000170
4430 0 0 -0.000146
4435 0 0 -0.000110
4440 0 0 -0.000090
4445 0 0 -0.000105
4450 0 0 -0.000139
4455 0 0 -0.000170
4460 0 0 -0.000179
4465 0 0 -0.000175
4470 0 0 -0.000170
4475 0 0 -0.000174
4480 0 0 -0.000176
4485 0 0 -0.000160
4490 0 0 -0.000119
4495 0 0 -0.000079
4500 0 0 -0.000070
4505 0 0 -0.000113
4510 0 0 -0.000172
4515 0 0 -0.000200
4520 0 0 -0.000165
4525 0 0 -0.000101
4530 0 0 -0.000060
4535 0 0 -0.000076
4540 0 0 -0.000120
4545 0 0 -0.000150
4550 0 0 -0.000134
4555 0 0 -0.000095
4560 0 0 -0.000070
4565 0 0 -0.000085
4570 0 0 -0.000124
4575 0 0 -0.000160
4580 0 0 -0.000173
4585 0 0 -0.000167
4590 0 0 -0.000150
4595 0 0 -0.000132
4600 0 0 -0.000122
4605 0 0 -0.000130
4610 0 0 -0.000161
4615 0 0 -0.000196
4620 0 0 -0.000210
4625 0 0 -0.000188
4630 0 0 -0.000149
4635 0 0 -0.000120
4640 0 0 -0.000122
4645 0 0 -0.000142
4650 0 0 -0.000160
4655 0 0 -0.000160
4660 0 0 -0.000146
4665 0 0 -0.000130
4670 0 0 -0.000120
4675 0 0 -0.000117
4680 0 0 -0.000120
4685 0 0 -0.000129
4690 0 0 -0.000140
4695 0 0 -0.000150
4700 0 0 -0.000157
4705 0 0 -0.000171
4710 0 0 -0.000200
4715 0 0 -0.000250
4720 0 0 -0.000299
4725 0 0 -0.000320
4730 0 0 -0.000294
4735 0 0 -0.000244
4740 0 0 -0.000200
4745 0 0 -0.000186
4750 0 0 -0.000194
4755 0 0 -0.000210
4760 0 0 -0.000221
4765 0 0 -0.000224
4770 0 0 -0.000220
4775 0 0 -0.000211
4780 0 0 -0.000205
4785 0 0 -0.000210
4790 0 0 -0.000230
4795 0 0 -0.000250
4800 0 0 -0.000250
4805 0 0 -0.000218
4810 0 0 -0.000172
4815 0 0 -0.000140
4820 0 0 -0.000140
4825 0 0 -0.000165
4830 0 0 -0.000200
4835 0 0 -0.000231
4840 0 0 -0.000244
4845 0 0 -0.000230
4850 0 0 -0.000183
4855 0 0 -0.000129
4860 0 0 -0.000100
4865 0 0 -0.000118
4870 0 0 -0.000158
4875 0 0 -0.000180
4880 0 0 -0.000161
4885 0 0 -0.000130
4890 0 0 -0.000130
4895 0 0 -0.000188
4900 0 0 -0.000264
4905 0 0 -0.000300
4910 0 0 -0.000259
4915 0 0 -0.000179
4920 0 0 -0.000120
4925 0 0 -0.000124
4930 0 0 -0.000167
4935 0 0 -0.000210
4940 0 0 -0.000224
4945 0 0 -0.000218
4950 0 0 -0.000210
4955 0 0 -0.000214
4960 0 0 -0.000217
4965 0 0 -0.000200
4970 0 0 -0.000154
4975 0 0 -0.000106
4980 0 0 -0.000090
4985 0 0 -0.000127
4990 0 0 -0.000184
4995 0 0 -0.000210
5000 0 0 -0.000175
5005 0 0 -0.000114
5010 0 0 -0.000080
5015 0 0 -0.000108
5020 0 0 -0.000165
5025 0 0 -0.000200
5030 0 0 -0.000179
5035 0 0 -0.000133
5040 0 0 -0.000110
5045 0 0 -0.000142
5050 0 0 -0.000198
5055 0 0 -0.000230
5060 0 0 -0.000206
5065 0 0 -0.000152
5070 0 0 -0.000110
5075 0 0 -0.000109
5080 0 0 -0.000134
5085 0 0 -0.000160
5090 0 0 -0.000167
5095 0 0 -0.000157
5100 0 0 -0.000140
5105 0 0 -0.000124
5110 0 0 -0.000115
5115 0 0 -0.000120
5120 0 0 -0.000141
5125 0 0 -0.000164
5130 0 0 -0.000170
5135 0 0 -0.000148
5140 0 0 -0.000119
5145 0 0 -0.000110
5150 0 0 -0.000139
5155 0 0 -0.000184
5160 0 0 -0.000210
5165 0 0 -0.000194
5170 0 0 -0.000155
5175 0 0 -0.000120
5180 0 0 -0.000111
5185 0 0 -0.000122
5190 0 0 -0.000140
5195 0 0 -0.000153
5200 0 0 -0.000157
5205 0 0 -0.000150
5210 0 0 -0.000133
5215 0 0 -0.000116
5220 0 0 -0.000110
5225 0 0 -0.000124
5230 0 0 -0.000146
5235 0 0 -0.000160
5240 0 0 -0.000155
5245 0 0 -0.000138
5250 0 0 -0.000120
5255 0 0 -0.000110
5260 0 0 -0.000110
5265 0 0 -0.000120
5270 0 0 -0.000137
5275 0 0 -0.000153
5280 0 0 -0.000160
5285 0 0 -0.000151
5290 0 0 -0.000134
5295 0 0 -0.000120
5300 0 0 -0.000118
5305 0 0 -0.000129
5310 0 0 -0.000150
5315 0 0 -0.000177
5320 0 0 -0.000199
5325 0 0 -0.000200
5330 0 0 -0.000175
5335 0 0 -0.000150
5340 0 0 -0.000160
5345 0 0 -0.000230
5350 0 0 -0.000342
5355 0 0 -0.000470
5360 0 0 -0.000587
5365 0 0 -0.000666
5370 0 0 -0.000680
5375 0 0 -0.000614
5380 0 0 -0.000502
5385 0 0 -0.000390
5390 0 0 -0.000315
5395 0 0 -0.000278
5400 0 0 -0.000270
5405 0 0 -0.000282
5410 0 0 -0.000303
5415 0 0 -0.000320
5420 0 0 -0.000325
5425 0 0 -0.000322
5430 0 0 -0.000320
5435 0 0 -0.000324
5440 0 0 -0.000329
5445 0 0 -0.000330
5450 0 0 -0.000321
5455 0 0 -0.000306
5460 0 0 -0.000290
5465 0 0 -0.000278
5470 0 0 -0.000273
5475 0 0 -0.000280
5480 0 0 -0.000299
5485 0 0 -0.000317
5490 0 0 -0.000320
5495 0 0 -0.000300
5500 0 0 -0.000277
5505 0 0 -0.000280
5510 0 0 -0.000326
5515 0 0 -0.000390
5520 0 0 -0.000440
5525 0 0 -0.000450
5530 0 0 -0.000435
5535 0 0 -0.000420
5540 0 0 -0.000425
5545 0 0 -0.000452
5550 0 0 -0.000500
5555 0 0 -0.000556
5560 0 0 -0.000570
5565 0 0 -0.000480
5570 0 0 -0.000273
5575 0 0 -0.000123
5580 0 0 -0.000250
5585 0 0 -0.000790
5590 0 0 -0.001534
5595 0 0 -0.002190
5600 0 0 -0.002533
5605 0 0 -0.002611
5610 0 0 -0.002540
5615 0 0 -0.002418
5620 0 0 -0.002267
5625 0 0 -0.002090
5630 0 0 -0.001886
5635 0 0 -0.001639
5640 0 0 -0.001330
5645 0 0 -0.000958
5650 0 0 -0.000593
5655 0 0 -0.000320
5660 0 0 -0.000201
5665 0 0 -0.000188
5670 0 0 -0.000210
5675 0 0 -0.000208
5680 0 0 -0.000188
5685 0 0 -0.000170
5690 0 0 -0.000171
5695 0 0 -0.000186
5700 0 0 -0.000210
5705 0 0 -0.000233
5710 0 0 -0.000246
5715 0 0 -0.000240
5720 0 0 -0.000209
5725 0 0 -0.000170
5730 0 0 -0.000140
5735 0 0 -0.000135
5740 0 0 -0.000146
5745 0 0 -0.000160
5750 0 0 -0.000165
5755 0 0 -0.000161
5760 0 0 -0.000150
5765 0 0 -0.000135
5770 0 0 -0.000122
5775 0 0 -0.000120
5780 0 0 -0.000133
5785 0 0 -0.000151
5790 0 0 -0.000160
5795 0 0 -0.000150
5800 0 0 -0.000132
5805 0 0 -0.000120
5810 0 0 -0.000125
5815 0 0 -0.000144
5820 0 0 -0.000170
5825 0 0 -0.000195
5830 0 0 -0.000206
5835 0 0 -0.000190
5840 0 0 -0.000143
5845 0 0 -0.000097
5850 0 0 -0.000090
5855 0 0 -0.000147
5860 0 0 -0.000226
5865 0 0 -0.000270
5870 0 0 -0.000240
5875 0 0 -0.000173
5880 0 0 -0.000120
5885 0 0 -0.000122
5890 0 0 -0.000160
5895 0 0 -0.000200
5900 0 0 -0.000216
5905 0 0 -0.000212
5910 0 0 -0.000200
5915 0 0 -0.000189
5920 0 0 -0.000180
5925 0 0 -0.000170
5930 0 0 -0.000158
5935 0 0 -0.000144
5940 0 0 -0.000130
5945 0 0 -0.000118
5950 0 0 -0.000112
5955 0 0 -0.000120
5960 0 0 -0.000143
5965 0 0 -0.000166
5970 0 0 -0.000170
5975 0 0 -0.000144
5980 0 0 -0.000105
5985 0 0 -0.000080
5990 0 0 -0.000086
5995 0 0 -0.000109
6000 0 0 -0.000130
6005 0 0 -0.000132
6010 0 0 -0.000118
6015 0 0 -0.000100
6020 0 0 -0.000085
6025 0 0 -0.000077
6030 0 0 -0.000080
6035 0 0 -0.000095
6040 0 0 -0.000112
6045 0 0 -0.000120
6050 0 0 -0.000112
6055 0 0 -0.000095
6060 0 0 -0.000080
6065 0 0 -0.000076
6070 0 0 -0.000084
6075 0 0 -0.000100
6080 0 0 -0.000121
6085 0 0 -0.000141
6090 0 0 -0.000150
6095 0 0 -0.000144
6100 0 0 -0.000125
6105 0 0 -0.000100
6110 0 0 -0.000077
6115 0 0 -0.000073
6120 0 0 -0.000110
6125 0 0 -0.000195
6130 0 0 -0.000292
6135 0 0 -0.000350
6140 0 0 -0.000343
6145 0 0 -0.000327
6150 0 0 -0.000380
6155 0 0 -0.000564
6160 0 0 -0.000875
6165 0 0 -0.001290
6170 0 0 -0.001771
6175 0 0 -0.002212
6180 0 0 -0.002490
6185 0 0 -0.002515
6190 0 0 -0.002337
6195 0 0 -0.002040
6200 0 0 -0.001697
6205 0 0 -0.001340
6210 0 0 -0.000990
6215 0 0 -0.000669
6220 0 0 -0.000411
6225 0 0 -0.000250
6230 0 0 -0.000204
6235 0 0 -0.000220
6240 0 0 -0.000230
6245 0 0 -0.000187
6250 0 0 -0.000132
6255 0 0 -0.000130
6260 0 0 -0.000222
6265 0 0 -0.000357
6270 0 0 -0.000460
6275 0 0 -0.000475
6280 0 0 -0.000419
6285 0 0 -0.000330
6290 0 0 -0.000241
6295 0 0 -0.000169
6300 0 0 -0.000130
6305 0 0 -0.000130
6310 0 0 -0.000150
6315 0 0 -0.000160
6320 0 0 -0.000144
6325 0 0 -0.000120
6330 0 0 -0.000120
6335 0 0 -0.000161
6340 0 0 -0.000214
6345 0 0 -0.000240
6350 0 0 -0.000212
6355 0 0 -0.000158
6360 0 0 -0.000120
6365 0 0 -0.000127
6370 0 0 -0.000166
6375 0 0 -0.000210
6380 0 0 -0.000239
6385 0 0 -0.000249
6390 0 0 -0.000240
6395 0 0 -0.000213
6400 0 0 -0.000179
6405 0 0 -0.000150
6410 0 0 -0.000134
6415 0 0 -0.000129
6420 0 0 -0.000130
6425 0 0 -0.000132
6430 0 0 -0.000134
6435 0 0 -0.000140
6440 0 0 -0.000149
6445 0 0 -0.000154
6450 0 0 -0.000150
6455 0 0 -0.000133
6460 0 0 -0.000114
6465 0 0 -0.000110
6470 0 0 -0.000130
6475 0 0 -0.000158
6480 0 0 -0.000170
6485 0 0 -0.000151
6490 0 0 -0.000119
6495 0 0 -0.000100
6500 0 0 -0.000111
6505 0 0 -0.000138
6510 0 0 -0.000160
6515 0 0 -0.000160
6520 0 0 -0.000145
6525 0 0 -0.000130
6530 0 0 -0.000125
6535 0 0 -0.000133
6540 0 0 -0.000150
6545 0 0 -0.000174
6550 0 0 -0.000189
6555 0 0 -0.000180
6560 0 0 -0.000137
6565 0 0 -0.000084
6570 0 0 -0.000050
6575 0 0 -0.000057
6580 0 0 -0.000089
6585 0 0 -0.000120
6590 0 0 -0.000129
6595 0 0 -0.000120
6600 0 0 -0.000100
6605 0 0 -0.000077
6610 0 0 -0.000061
6615 0 0 -0.000060
6620 0 0 -0.000079
6625 0 0 -0.000107
6630 0 0 -0.000130
6635 0 0 -0.000136
6640 0 0 -0.000130
6645 0 0 -0.000120
6650 0 0 -0.000112
6655 0 0 -0.000108
6660 0 0 -0.000110
6665 0 0 -0.000117
6670 0 0 -0.000123
6675 0 0 -0.000120
6680 0 0 -0.000104
6685 0 0 -0.000084
6690 0 0 -0.000070
6695 0 0 -0.000071
6700 0 0 -0.000083
6705 0 0 -0.000100
6710 0 0 -0.000115
6715 0 0 -0.000126
6720 0 0 -0.000130
6725 0 0 -0.000127
6730 0 0 -0.000121
6735 0 0 -0.000120
6740 0 0 -0.000128
6745 0 0 -0.000142
6750 0 0 -0.000160
6755 0 0 -0.000176
6760 0 0 -0.000185
6765 0 0 -0.000180
6770 0 0 -0.000159
6775 0 0 -0.000136
6780 0 0 -0.000130
6785 0 0 -0.000153
6790 0 0 -0.000188
6795 0 0 -0.000210
6800 0 0 -0.000203
6805 0 0 -0.000187
6810 0 0 -0.000190
6815 0 0 -0.000229
6820 0 0 -0.000278
6825 0 0 -0.000300
6830 0 0 -0.000271
6835 0 0 -0.000218
6840 0 0 -0.000180
6845 0 0 -0.000185
6850 0 0 -0.000217
6855 0 0 -0.000250
6860 0 0 -0.000266
6865 0 0 -0.000280
6870 0 0 -0.000320
6875 0 0 -0.000399
6880 0 0 -0.000492
6885 0 0 -0.000560
6890 0 0 -0.000578
6895 0 0 -0.000562
6900 0 0 -0.000540
6905 0 0 -0.000531
6910 0 0 -0.000526
6915 0 0 -0.000510
6920 0 0 -0.000473
6925 0 0 -0.000427
6930 0 0 -0.000390
6935 0 0 -0.000376
6940 0 0 -0.000374
6945 0 0 -0.000370
6950 0 0 -0.000353
6955 0 0 -0.000329
6960 0 0 -0.000310
6965 0 0 -0.000303
6970 0 0 -0.000300
6975 0 0 -0.000290
6980 0 0 -0.000267
6985 0 0 -0.000245
6990 0 0 -0.000240
6995 0 0 -0.000264
7000 0 0 -0.000296
7005 0 0 -0.000310
7010 0 0 -0.000288
7015 0 0 -0.000251
7020 0 0 -0.000230
7025 0 0 -0.000248
7030 0 0 -0.000289
7035 0 0 -0.000330
7040 0 0 -0.000351
7045 0 0 -0.000350
7050 0 0 -0.000330
7055 0 0 -0.000296
7060 0 0 -0.000263
7065 0 0 -0.000250
7070 0 0 -0.000266
7075 0 0 -0.000289
7080 0 0 -0.000290
7085 0 0 -0.000251
7090 0 0 -0.000198
7095 0 0 -0.000170
7100 0 0 -0.000191
7105 0 0 -0.000237
7110 0 0 -0.000270
7115 0 0 -0.000262
7120 0 0 -0.000227
7125 0 0 -0.000190
7130 0 0 -0.000169
7135 0 0 -0.000167
7140 0 0 -0.000180
7145 0 0 -0.000204
7150 0 0 -0.000225
7155 0 0 -0.000230
7160 0 0 -0.000208
7165 0 0 -0.000172
7170 0 0 -0.000140
7175 0 0 -0.000126
7180 0 0 -0.000127
7185 0 0 -0.000140
7190 0 0 -0.000157
7195 0 0 -0.000167
7200 0 0 -0.000160
7205 0 0 -0.000129
7210 0 0 -0.000092
7215 0 0 -0.000070
7220 0 0 -0.000080
7225 0 0 -0.000107
7230 0 0 -0.000130
7235 0 0 -0.000133
7240 0 0 -0.000120
7245 0 0 -0.000100
7250 0 0 -0.000080
7255 0 0 -0.000068
7260 0 0 -0.000070
7265 0 0 -0.000088
7270 0 0 -0.000111
7275 0 0 -0.000120
7280 0 0 -0.000107
7285 0 0 -0.000088
7290 0 0 -0.000090
7295 0 0 -0.000126
7300 0 0 -0.000174
7305 0 0 -0.000200
7310 0 0 -0.000182
7315 0 0 -0.000141
7320 0 0 -0.000110
7325 0 0 -0.000114
7330 0 0 -0.000141
7335 0 0 -0.000170
7340 0 0 -0.000186
7345 0 0 -0.000185
7350 0 0 -0.000170
7355 0 0 -0.000144
7360 0 0 -0.000125
7365 0 0 -0.000130
7370 0 0 -0.000170
7375 0 0 -0.000219
7380 0 0 -0.000240
7385 0 0 -0.000209
7390 0 0 -0.000153
7395 0 0 -0.000110
7400 0 0 -0.000108
7405 0 0 -0.000133
7410 0 0 -0.000160
7415 0 0 -0.000171
7420 0 0 -0.000165
7425 0 0 -0.000150
7430 0 0 -0.000131
7435 0 0 -0.000115
7440 0 0 -0.000110
7445 0 0 -0.000120
7450 0 0 -0.000137
7455 0 0 -0.000150
7460 0 0 -0.000150
7465 0 0 -0.000141
7470 0 0 -0.000130
7475 0 0 -0.000125
7480 0 0 -0.000127
7485 0 0 -0.000140
7490 0 0 -0.000162
7495 0 0 -0.000184
7500 0 0 -0.000190
7505 0 0 -0.000173
7510 0 0 -0.000144
7515 0 0 -0.000120
7520 0 0 -0.000113
7525 0 0 -0.000119
7530 0 0 -0.000130
7535 0 0 -0.000140
7540 0 0 -0.000147
7545 0 0 -0.000150
7550 0 0 -0.000149
7555 0 0 -0.000140
7560 0 0 -0.000120
7565 0 0 -0.000092
7570 0 0 -0.000082
7575 0 0 -0.000120
7580 0 0 -0.000222
7585 0 0 -0.000340
7590 0 0 -0.000410
7595 0 0 -0.000388
7600 0 0 -0.000309
7605 0 0 -0.000230
7610 0 0 -0.000195
7615 0 0 -0.000200
7620 0 0 -0.000230
7625 0 0 -0.000269
7630 0 0 -0.000301
7635 0 0 -0.000310
7640 0 0 -0.000288
7645 0 0 -0.000250
7650 0 0 -0.000220
7655 0 0 -0.000214
7660 0 0 -0.000223
7665 0 0 -0.000230
7670 0 0 -0.000222
7675 0 0 -0.000206
7680 0 0 -0.000190
7685 0 0 -0.000183
7690 0 0 -0.000183
7695 0 0 -0.000190
7700 0 0 -0.000199
7705 0 0 -0.000208
7710 0 0 -0.000210
7715 0 0 -0.000204
7720 0 0 -0.000192
7725 0 0 -0.000180
7730 0 0 -0.000173
7735 0 0 -0.000172
7740 0 0 -0.000180
7745 0 0 -0.000196
7750 0 0 -0.000210
7755 0 0 -0.000210
7760 0 0 -0.000190
7765 0 0 -0.000171
7770 0 0 -0.000180
7775 0 0 -0.000232
7780 0 0 -0.000294
7785 0 0 -0.000320
7790 0 0 -0.000282
7795 0 0 -0.000214
7800 0 0 -0.000170
7805 0 0 -0.000186
7810 0 0 -0.000236
7815 0 0 -0.000280
7820 0 0 -0.000287
7825 0 0 -0.000268
7830 0 0 -0.000240
7835 0 0 -0.000220
7840 0 0 -0.000205
7845 0 0 -0.000190
7850 0 0 -0.000171
7855 0 0 -0.000155
7860 0 0 -0.000150
7865 0 0 -0.000162
7870 0 0 -0.000180
7875 0 0 -0.000190
7880 0 0 -0.000182
7885 0 0 -0.000164
7890 0 0 -0.000150
7895 0 0 -0.000148
7900 0 0 -0.000157
7905 0 0 -0.000170
7910 0 0 -0.000181
7915 0 0 -0.000186
7920 0 0 -0.000180
7925 0 0 -0.000161
7930 0 0 -0.000139
7935 0 0 -0.000130
7940 0 0 -0.000142
7945 0 0 -0.000167
7950 0 0 -0.000190
7955 0 0 -0.000202
7960 0 0 -0.000206
7965 0 0 -0.000210
7970 0 0 -0.000218
7975 0 0 -0.000229
7980 0 0 -0.000240
7985 0 0 -0.000248
7990 0 0 -0.000249
7995 0 0 -0.000240
8000 0 0 -0.000219
8005 0 0 -0.000195
8010 0 0 -0.000180
8015 0 0 -0.000182
8020 0 0 -0.000195
8025 0 0 -0.000210
8030 0 0 -0.000218
8035 0 0 -0.000218
8040 0 0 -0.000210
8045 0 0 -0.000196
8050 0 0 -0.000183
8055 0 0 -0.000180
8060 0 0 -0.000192
8065 0 0 -0.000212
8070 0 0 -0.000230
8075 0 0 -0.000238
8080 0 0 -0.000237
8085 0 0 -0.000230
8090 0 0 -0.000221
8095 0 0 -0.000214
8100 0 0 -0.000210
8105 0 0 -0.000212
8110 0 0 -0.000214
8115 0 0 -0.000210
8120 0 0 -0.000196
8125 0 0 -0.000179
8130 0 0 -0.000170
8135 0 0 -0.000176
8140 0 0 -0.000192
8145 0 0 -0.000210
8150 0 0 -0.000224
8155 0 0 -0.000229
8160 0 0 -0.000220
8165 0 0 -0.000197
8170 0 0 -0.000172
8175 0 0 -0.000160
8180 0 0 -0.000170
8185 0 0 -0.000195
8190 0 0 -0.000220
8195 0 0 -0.000235
8200 0 0 -0.000238
8205 0 0 -0.000230
8210 0 0 -0.000213
8215 0 0 -0.000201
8220 0 0 -0.000210
8225 0 0 -0.000249
8230 0 0 -0.000293
8235 0 0 -0.000310
8240 0 0 -0.000281
8245 0 0 -0.000239
8250 0 0 -0.000230
8255 0 0 -0.000283
8260 0 0 -0.000359
8265 0 0 -0.000400
8270 0 0 -0.000367
8275 0 0 -0.000296
8280 0 0 -0.000240
8285 0 0 -0.000237
8290 0 0 -0.000271
8295 0 0 -0.000310
8300 0 0 -0.000329
8305 0 0 -0.000332
8310 0 0 -0.000330
8315 0 0 -0.000331
8320 0 0 -0.000327
8325 0 0 -0.000310
8330 0 0 -0.000275
8335 0 0 -0.000240
8340 0 0 -0.000230
8345 0 0 -0.000259
8350 0 0 -0.000301
8355 0 0 -0.000320
8360 0 0 -0.000292
8365 0 0 -0.000247
8370 0 0 -0.000230
8375 0 0 -0.000268
8380 0 0 -0.000325
8385 0 0 -0.000350
8390 0 0 -0.000310
8395 0 0 -0.000250
8400 0 0 -0.000230
8405 0 0 -0.000292
8410 0 0 -0.000391
8415 0 0 -0.000460
8420 0 0 -0.000454
8425 0 0 -0.000416
8430 0 0 -0.000410
8435 0 0 -0.000474
8440 0 0 -0.000532
8445 0 0 -0.000480
8450 0 0 -0.000274
8455 0 0 -0.000099
8460 0 0 -0.000200
8465 0 0 -0.000724
8470 0 0 -0.001431
8475 0 0 -0.001980
8480 0 0 -0.002123
8485 0 0 -0.001968
8490 0 0 -0.001710
8495 0 0 -0.001506
8500 0 0 -0.001348
8505 0 0 -0.001190
8510 0 0 -0.000996
8515 0 0 -0.000783
8520 0 0 -0.000580
8525 0 0 -0.000413
8530 0 0 -0.000299
8535 0 0 -0.000250
8540 0 0 -0.000270
8545 0 0 -0.000325
8550 0 0 -0.000370
8555 0 0 -0.000371
8560 0 0 -0.000336
8565 0 0 -0.000280
8570 0 0 -0.000220
8575 0 0 -0.000169
8580 0 0 -0.000140
8585 0 0 -0.000141
8590 0 0 -0.000159
8595 0 0 -0.000180
8600 0 0 -0.000189
8605 0 0 -0.000188
8610 0 0 -0.000180
8615 0 0 -0.000170
8620 0 0 -0.000164
8625 0 0 -0.000170
8630 0 0 -0.000190
8635 0 0 -0.000215
8640 0 0 -0.000230
8645 0 0 -0.000226
8650 0 0 -0.000212
8655 0 0 -0.000200
8660 0 0 -0.000200
8665 0 0 -0.000208
8670 0 0 -0.000220
8675 0 0 -0.000229
8680 0 0 -0.000230
8685 0 0 -0.000220
8690 0 0 -0.000196
8695 0 0 -0.000171
8700 0 0 -0.000160
8705 0 0 -0.000172
8710 0 0 -0.000195
8715 0 0 -0.000210
8720 0 0 -0.000206
8725 0 0 -0.000196
8730 0 0 -0.000200
8735 0 0 -0.000230
8740 0 0 -0.000266
8745 0 0 -0.000280
8750 0 0 -0.000253
8755 0 0 -0.000209
8760 0 0 -0.000180
8765 0 0 -0.000190
8770 0 0 -0.000225
8775 0 0 -0.000260
8780 0 0 -0.000276
8785 0 0 -0.000274
8790 0 0 -0.000260
8795 0 0 -0.000239
8800 0 0 -0.000217
8805 0 0 -0.000200
8810 0 0 -0.000193
8815 0 0 -0.000194
8820 0 0 -0.000200
8825 0 0 -0.000209
8830 0 0 -0.000219
8835 0 0 -0.000230
8840 0 0 -0.000240
8845 0 0 -0.000243
8850 0 0 -0.000230
8855 0 0 -0.000198
8860 0 0 -0.000164
8865 0 0 -0.000150
8870 0 0 -0.000170
8875 0 0 -0.000206
8880 0 0 -0.000230
8885 0 0 -0.000224
8890 0 0 -0.000198
8895 0 0 -0.000170
8900 0 0 -0.000153
8905 0 0 -0.000145
8910 0 0 -0.000140
8915 0 0 -0.000134
8920 0 0 -0.000133
8925 0 0 -0.000150
8930 0 0 -0.000182
8935 0 0 -0.000184
8940 0 0 -0.000100
8945 0 0 0.000075
8950 0 0 0.000135
8955 0 0 -0.000180
8960 0 0 -0.001005
8965 0 0 -0.001979
8970 0 0 -0.002620
8975 0 0 -0.002587
8980 0 0 -0.002117
8985 0 0 -0.001590
8990 0 0 -0.001296
8995 0 0 -0.001160
9000 0 0 -0.001020
9005 0 0 -0.000757
9010 0 0 -0.000439
9015 0 0 -0.000180
9020 0 0 -0.000065
9025 0 0 -0.000059
9030 0 0 -0.000100
9035 0 0 -0.000134
9040 0 0 -0.000150
9045 0 0 -0.000150
9050 0 0 -0.000134
9055 0 0 -0.000111
9060 0 0 -0.000090
9065 0 0 -0.000078
9070 0 0 -0.000075
9075 0 0 -0.000080
9080 0 0 -0.000091
9085 0 0 -0.000102
9090 0 0 -0.000110
9095 0 0 -0.000110
9100 0 0 -0.000105
9105 0 0 -0.000100
9110 0 0 -0.000099
9115 0 0 -0.000103
9120 0 0 -0.000110
9125 0 0 -0.000120
9130 0 0 -0.000129
9135 0 0 -0.000130
9140 0 0 -0.000121
9145 0 0 -0.000105
9150 0 0 -0.000090
9155 0 0 -0.000080
9160 0 0 -0.000076
9165 0 0 -0.000080
9170 0 0 -0.000091
9175 0 0 -0.000103
9180 0 0 -0.000110
9185 0 0 -0.000106
9190 0 0 -0.000095
9195 0 0 -0.000080
9200 0 0 -0.000067
9205 0 0 -0.000067
9210 0 0 -0.000090
9215 0 0 -0.000141
9220 0 0 -0.000197
9225 0 0 -0.000230
9230 0 0 -0.000221
9235 0 0 -0.000191
9240 0 0 -0.000170
9245 0 0 -0.000180
9250 0 0 -0.000207
9255 0 0 -0.000230
9260 0 0 -0.000231
9265 0 0 -0.000217
9270 0 0 -0.000200
9275 0 0 -0.000188
9280 0 0 -0.000180
9285 0 0 -0.000170
9290 0 0 -0.000155
9295 0 0 -0.000139
9300 0 0 -0.000130
9305 0 0 -0.000131
9310 0 0 -0.000140
9315 0 0 -0.000150
9320 0 0 -0.000157
9325 0 0 -0.000158
9330 0 0 -0.000150
9335 0 0 -0.000134
9340 0 0 -0.000120
9345 0 0 -0.000120
9350 0 0 -0.000141
9355 0 0 -0.000167
9360 0 0 -0.000180
9365 0 0 -0.000165
9370 0 0 -0.000138
9375 0 0 -0.000120
9380 0 0 -0.000126
9385 0 0 -0.000148
9390 0 0 -0.000170
9395 0 0 -0.000180
9400 0 0 -0.000179
9405 0 0 -0.000170
9410 0 0 -0.000157
9415 0 0 -0.000147
9420 0 0 -0.000150
9425 0 0 -0.000169
9430 0 0 -0.000183
9435 0 0 -0.000170
9440 0 0 -0.000118
9445 0 0 -0.000074
9450 0 0 -0.000100
9455 0 0 -0.000230
9460 0 0 -0.000388
9465 0 0 -0.000470
9470 0 0 -0.000407
9475 0 0 -0.000259
9480 0 0 -0.000120
9485 0 0 -0.000062
9490 0 0 -0.000069
9495 0 0 -0.000100
9500 0 0 -0.000124
9505 0 0 -0.000137
9510 0 0 -0.000140
9515 0 0 -0.000137
9520 0 0 -0.000133
9525 0 0 -0.000130
9530 0 0 -0.000133
9535 0 0 -0.000140
9540 0 0 -0.000150
9545 0 0 -0.000160
9550 0 0 -0.000166
9555 0 0 -0.000160
9560 0 0 -0.000141
9565 0 0 -0.000120
9570 0 0 -0.000110
9575 0 0 -0.000121
9580 0 0 -0.000146
9585 0 0 -0.000170
9590 0 0 -0.000183
9595 0 0 -0.000181
9600 0 0 -0.000160
9605 0 0 -0.000124
9610 0 0 -0.000097
9615 0 0 -0.000110
9620 0 0 -0.000179
9625 0 0 -0.000264
9630 0 0 -0.000310
9635 0 0 -0.000281
9640 0 0 -0.000207
9645 0 0 -0.000140
9650 0 0 -0.000116
9655 0 0 -0.000126
9660 0 0 -0.000150
9665 0 0 -0.000169
9670 0 0 -0.000174
9675 0 0 -0.000160
9680 0 0 -0.000125
9685 0 0 -0.000092
9690 0 0 -0.000090
9695 0 0 -0.000136
9700 0 0 -0.000210
9705 0 0 -0.000280
9710 0 0 -0.000322
9715 0 0 -0.000339
9720 0 0 -0.000340
9725 0 0 -0.000335
9730 0 0 -0.000330
9735 0 0 -0.000330
9740 0 0 -0.000337
9745 0 0 -0.000344
9750 0 0 -0.000340
9755 0 0 -0.000318
9760 0 0 -0.000287
9765 0 0 -0.000260
9770 0 0 -0.000247
9775 0 0 -0.000240
9780 0 0 -0.000230
9785 0 0 -0.000213
9790 0 0 -0.000218
9795 0 0 -0.000280
9800 0 0 -0.000416
9805 0 0 -0.000565
9810 0 0 -0.000650
9815 0 0 -0.000618
9820 0 0 -0.000522
9825 0 0 -0.000440
9830 0 0 -0.000430
9835 0 0 -0.000458
9840 0 0 -0.000470
9845 0 0 -0.000426
9850 0 0 -0.000352
9855 0 0 -0.000290
9860 0 0 -0.000272
9865 0 0 -0.000284
9870 0 0 -0.000300
9875 0 0 -0.000300
9880 0 0 -0.000287
9885 0 0 -0.000270
9890 0 0 -0.000255
9895 0 0 -0.000248
9900 0 0 -0.000250
9905 0 0 -0.000263
9910 0 0 -0.000280
9915 0 0 -0.000290
9920 0 0 -0.000286
9925 0 0 -0.000273
9930 0 0 -0.000260
9935 0 0 -0.000252
9940 0 0 -0.000252
9945 0 0 -0.000260
9950 0 0 -0.000274
9955 0 0 -0.000287
9960 0 0 -0.000290
9965 0 0 -0.000277
9970 0 0 -0.000259
9975 0 0 -0.000250
9980 0 0 -0.000259
9985 0 0 -0.000279
9990 0 0 -0.000300
9995 0 0 -0.000313
10000 0 0 -0.000313
10005 0 0 -0.000300
10010 0 0 -0.000274
10015 0 0 -0.000246
10020 0 0 -0.000230
10025 0 0 -0.000237
10030 0 0 -0.000257
10035 0 0 -0.000280
10040 0 0 -0.000294
10045 0 0 -0.000297
10050 0 0 -0.000290
10055 0 0 -0.000274
10060 0 0 -0.000254
10065 0 0 -0.000240
10070 0 0 -0.000238
10075 0 0 -0.000255
