0 0 0 -0.000808
5 0 0 -0.000745
10 0 0 -0.000707
15 0 0 -0.000688
20 0 0 -0.000683
25 0 0 -0.000686
30 0 0 -0.000692
35 0 0 -0.000696
40 0 0 -0.000696
45 0 0 -0.000692
50 0 0 -0.000685
55 0 0 -0.000683
60 0 0 -0.000692
65 0 0 -0.000719
70 0 0 -0.000760
75 0 0 -0.000808
80 0 0 -0.000851
85 0 0 -0.000862
90 0 0 -0.000808
95 0 0 -0.000676
100 0 0 -0.000532
105 0 0 -0.000460
110 0 0 -0.000519
115 0 0 -0.000659
120 0 0 -0.000808
125 0 0 -0.000903
130 0 0 -0.000939
135 0 0 -0.000924
140 0 0 -0.000866
145 0 0 -0.000783
150 0 0 -0.000692
155 0 0 -0.000613
160 0 0 -0.000566
165 0 0 -0.000576
170 0 0 -0.000651
175 0 0 -0.000746
180 0 0 -0.000804
185 0 0 -0.000786
190 0 0 -0.000729
195 0 0 -0.000692
200 0 0 -0.000714
205 0 0 -0.000767
210 0 0 -0.000808
215 0 0 -0.000802
220 0 0 -0.000757
225 0 0 -0.000692
230 0 0 -0.000627
235 0 0 -0.000581
240 0 0 -0.000576
245 0 0 -0.000621
250 0 0 -0.000676
255 0 0 -0.000692
260 0 0 -0.000634
265 0 0 -0.000539
270 0 0 -0.000460
275 0 0 -0.000436
280 0 0 -0.000448
285 0 0 -0.000460
290 0 0 -0.000449
295 0 0 -0.000438
300 0 0 -0.000460
305 0 0 -0.000536
310 0 0 -0.000630
315 0 0 -0.000692
320 0 0 -0.000687
325 0 0 -0.000637
330 0 0 -0.000576
335 0 0 -0.000532
340 0 0 -0.000498
345 0 0 -0.000460
350 0 0 -0.000408
355 0 0 -0.000363
360 0 0 -0.000348
365 0 0 -0.000380
370 0 0 -0.000431
375 0 0 -0.000464
380 0 0 -0.000451
385 0 0 -0.000405
390 0 0 -0.000348
395 0 0 -0.000303
400 0 0 -0.000295
405 0 0 -0.000348
410 0 0 -0.000470
415 0 0 -0.000607
420 0 0 -0.000688
425 0 0 -0.000664
430 0 0 -0.000571
435 0 0 -0.000464
440 0 0 -0.000390
445 0 0 -0.000353
450 0 0 -0.000348
455 0 0 -0.000369
460 0 0 -0.000410
465 0 0 -0.000464
470 0 0 -0.000523
475 0 0 -0.000568
480 0 0 -0.000576
485 0 0 -0.000533
490 0 0 -0.000451
495 0 0 -0.000348
500 0 0 -0.000248
505 0 0 -0.000194
510 0 0 -0.000232
515 0 0 -0.000389
520 0 0 -0.000608
525 0 0 -0.000808
530 0 0 -0.000931
535 0 0 -0.000994
540 0 0 -0.001036
545 0 0 -0.001079
550 0 0 -0.001094
555 0 0 -0.001036
560 0 0 -0.000878
565 0 0 -0.000666
570 0 0 -0.000460
575 0 0 -0.000314
580 0 0 -0.000237
585 0 0 -0.000232
590 0 0 -0.000291
595 0 0 -0.000381
600 0 0 -0.000460
605 0 0 -0.000496
610 0 0 -0.000492
615 0 0 -0.000460
620 0 0 -0.000412
625 0 0 -0.000368
630 0 0 -0.000348
635 0 0 -0.000366
640 0 0 -0.000409
645 0 0 -0.000460
650 0 0 -0.000499
655 0 0 -0.000506
660 0 0 -0.000460
665 0 0 -0.000356
670 0 0 -0.000254
675 0 0 -0.000232
680 0 0 -0.000336
685 0 0 -0.000488
690 0 0 -0.000576
695 0 0 -0.000528
700 0 0 -0.000415
705 0 0 -0.000348
710 0 0 -0.000400
715 0 0 -0.000509
720 0 0 -0.000576
725 0 0 -0.000534
730 0 0 -0.000431
735 0 0 -0.000348
740 0 0 -0.000343
745 0 0 -0.000394
750 0 0 -0.000460
755 0 0 -0.000508
760 0 0 -0.000542
765 0 0 -0.000576
770 0 0 -0.000615
775 0 0 -0.000628
780 0 0 -0.000576
785 0 0 -0.000446
790 0 0 -0.000330
795 0 0 -0.000344
800 0 0 -0.000566
805 0 0 -0.000915
810 0 0 -0.001268
815 0 0 -0.001521
820 0 0 -0.001641
825 0 0 -0.001612
830 0 0 -0.001436
835 0 0 -0.001177
840 0 0 -0.000920
845 0 0 -0.000731
850 0 0 -0.000618
855 0 0 -0.000576
860 0 0 -0.000594
865 0 0 -0.000643
870 0 0 -0.000692
875 0 0 -0.000719
880 0 0 -0.000747
885 0 0 -0.000808
890 0 0 -0.000918
895 0 0 -0.001020
900 0 0 -0.001036
905 0 0 -0.000919
910 0 0 -0.000734
915 0 0 -0.000576
920 0 0 -0.000515
925 0 0 -0.000529
930 0 0 -0.000576
935 0 0 -0.000619
940 0 0 -0.000656
945 0 0 -0.000692
950 0 0 -0.000728
955 0 0 -0.000738
960 0 0 -0.000692
965 0 0 -0.000575
970 0 0 -0.000438
975 0 0 -0.000348
980 0 0 -0.000351
985 0 0 -0.000409
990 0 0 -0.000460
995 0 0 -0.000463
1000 0 0 -0.000447
1005 0 0 -0.000460
1010 0 0 -0.000529
1015 0 0 -0.000594
1020 0 0 -0.000576
1025 0 0 -0.000427
1030 0 0 -0.000234
1035 0 0 -0.000116
1040 0 0 -0.000158
1045 0 0 -0.000304
1050 0 0 -0.000460
1055 0 0 -0.000554
1060 0 0 -0.000586
1065 0 0 -0.000576
1070 0 0 -0.000543
1075 0 0 -0.000501
1080 0 0 -0.000460
1085 0 0 -0.000429
1090 0 0 -0.000396
1095 0 0 -0.000344
1100 0 0 -0.000269
1105 0 0 -0.000213
1110 0 0 -0.000228
1115 0 0 -0.000344
1120 0 0 -0.000491
1125 0 0 -0.000576
1130 0 0 -0.000534
1135 0 0 -0.000427
1140 0 0 -0.000344
1145 0 0 -0.000351
1150 0 0 -0.000411
1155 0 0 -0.000460
1160 0 0 -0.000452
1165 0 0 -0.000403
1170 0 0 -0.000344
1175 0 0 -0.000304
1180 0 0 -0.000301
1185 0 0 -0.000348
1190 0 0 -0.000447
1195 0 0 -0.000545
1200 0 0 -0.000576
1205 0 0 -0.000505
1210 0 0 -0.000425
1215 0 0 -0.000460
1220 0 0 -0.000690
1225 0 0 -0.001008
1230 0 0 -0.001264
1235 0 0 -0.001343
1240 0 0 -0.001280
1245 0 0 -0.001148
1250 0 0 -0.001013
1255 0 0 -0.000924
1260 0 0 -0.000924
1265 0 0 -0.001033
1270 0 0 -0.001179
1275 0 0 -0.001268
1280 0 0 -0.001234
1285 0 0 -0.001130
1290 0 0 -0.001040
1295 0 0 -0.001023
1300 0 0 -0.001042
1305 0 0 -0.001036
1310 0 0 -0.000965
1315 0 0 -0.000868
1320 0 0 -0.000804
1325 0 0 -0.000818
1330 0 0 -0.000903
1335 0 0 -0.001036
1340 0 0 -0.001192
1345 0 0 -0.001323
1350 0 0 -0.001380
1355 0 0 -0.001332
1360 0 0 -0.001231
1365 0 0 -0.001152
1370 0 0 -0.001145
1375 0 0 -0.001167
1380 0 0 -0.001152
1385 0 0 -0.001059
1390 0 0 -0.000952
1395 0 0 -0.000920
1400 0 0 -0.001024
1405 0 0 -0.001206
1410 0 0 -0.001380
1415 0 0 -0.001479
1420 0 0 -0.001510
1425 0 0 -0.001500
1430 0 0 -0.001466
1435 0 0 -0.001396
1440 0 0 -0.001268
1445 0 0 -0.001080
1450 0 0 -0.000898
1455 0 0 -0.000808
1460 0 0 -0.000861
1465 0 0 -0.000976
1470 0 0 -0.001036
1475 0 0 -0.000958
1480 0 0 -0.000781
1485 0 0 -0.000576
1490 0 0 -0.000408
1495 0 0 -0.000319
1500 0 0 -0.000348
1505 0 0 -0.000506
1510 0 0 -0.000699
1515 0 0 -0.000808
1520 0 0 -0.000750
1525 0 0 -0.000598
1530 0 0 -0.000460
1535 0 0 -0.000419
1540 0 0 -0.000441
1545 0 0 -0.000464
1550 0 0 -0.000442
1555 0 0 -0.000392
1560 0 0 -0.000344
1565 0 0 -0.000329
1570 0 0 -0.000362
1575 0 0 -0.000460
1580 0 0 -0.000618
1585 0 0 -0.000764
1590 0 0 -0.000808
1595 0 0 -0.000693
1600 0 0 -0.000500
1605 0 0 -0.000344
1610 0 0 -0.000310
1615 0 0 -0.000368
1620 0 0 -0.000460
1625 0 0 -0.000534
1630 0 0 -0.000574
1635 0 0 -0.000572
1640 0 0 -0.000528
1645 0 0 -0.000476
1650 0 0 -0.000460
1655 0 0 -0.000505
1660 0 0 -0.000565
1665 0 0 -0.000576
1670 0 0 -0.000498
1675 0 0 -0.000392
1680 0 0 -0.000344
1685 0 0 -0.000408
1690 0 0 -0.000518
1695 0 0 -0.000576
1700 0 0 -0.000517
1705 0 0 -0.000407
1710 0 0 -0.000344
1715 0 0 -0.000396
1720 0 0 -0.000504
1725 0 0 -0.000576
1730 0 0 -0.000551
1735 0 0 -0.000484
1740 0 0 -0.000460
1745 0 0 -0.000533
1750 0 0 -0.000641
1755 0 0 -0.000692
1760 0 0 -0.000623
1765 0 0 -0.000482
1770 0 0 -0.000344
1775 0 0 -0.000271
1780 0 0 -0.000273
1785 0 0 -0.000348
1790 0 0 -0.000482
1795 0 0 -0.000618
1800 0 0 -0.000688
1805 0 0 -0.000647
1810 0 0 -0.000546
1815 0 0 -0.000460
1820 0 0 -0.000443
1825 0 0 -0.000461
1830 0 0 -0.000460
1835 0 0 -0.000404
1840 0 0 -0.000344
1845 0 0 -0.000348
1850 0 0 -0.000459
1855 0 0 -0.000607
1860 0 0 -0.000692
1865 0 0 -0.000648
1870 0 0 -0.000539
1875 0 0 -0.000460
1880 0 0 -0.000478
1885 0 0 -0.000543
1890 0 0 -0.000576
1895 0 0 -0.000523
1900 0 0 -0.000425
1905 0 0 -0.000348
1910 0 0 -0.000341
1915 0 0 -0.000389
1920 0 0 -0.000460
1925 0 0 -0.000526
1930 0 0 -0.000570
1935 0 0 -0.000576
1940 0 0 -0.000538
1945 0 0 -0.000488
1950 0 0 -0.000464
1955 0 0 -0.000493
1960 0 0 -0.000545
1965 0 0 -0.000576
1970 0 0 -0.000555
1975 0 0 -0.000505
1980 0 0 -0.000460
1985 0 0 -0.000446
1990 0 0 -0.000453
1995 0 0 -0.000460
2000 0 0 -0.000454
2005 0 0 -0.000447
2010 0 0 -0.000460
2015 0 0 -0.000503
2020 0 0 -0.000552
2025 0 0 -0.000576
2030 0 0 -0.000554
2035 0 0 -0.000505
2040 0 0 -0.000460
2045 0 0 -0.000443
2050 0 0 -0.000447
2055 0 0 -0.000460
2060 0 0 -0.000470
2065 0 0 -0.000471
2070 0 0 -0.000460
2075 0 0 -0.000438
2080 0 0 -0.000428
2085 0 0 -0.000460
2090 0 0 -0.000548
2095 0 0 -0.000646
2100 0 0 -0.000692
2105 0 0 -0.000645
2110 0 0 -0.000547
2115 0 0 -0.000460
2120 0 0 -0.000431
2125 0 0 -0.000442
2130 0 0 -0.000460
2135 0 0 -0.000464
2140 0 0 -0.000486
2145 0 0 -0.000572
2150 0 0 -0.000738
2155 0 0 -0.000894
2160 0 0 -0.000920
2165 0 0 -0.000746
2170 0 0 -0.000496
2175 0 0 -0.000344
2180 0 0 -0.000406
2185 0 0 -0.000576
2190 0 0 -0.000692
2195 0 0 -0.000642
2200 0 0 -0.000518
2205 0 0 -0.000460
2210 0 0 -0.000563
2215 0 0 -0.000728
2220 0 0 -0.000808
2225 0 0 -0.000704
2230 0 0 -0.000503
2235 0 0 -0.000344
2240 0 0 -0.000324
2245 0 0 -0.000392
2250 0 0 -0.000460
2255 0 0 -0.000465
2260 0 0 -0.000444
2265 0 0 -0.000460
2270 0 0 -0.000551
2275 0 0 -0.000656
2280 0 0 -0.000692
2285 0 0 -0.000604
2290 0 0 -0.000457
2295 0 0 -0.000344
2300 0 0 -0.000335
2305 0 0 -0.000394
2310 0 0 -0.000460
2315 0 0 -0.000486
2320 0 0 -0.000479
2325 0 0 -0.000460
2330 0 0 -0.000446
2335 0 0 -0.000444
2340 0 0 -0.000460
2345 0 0 -0.000495
2350 0 0 -0.000539
2355 0 0 -0.000576
2360 0 0 -0.000596
2365 0 0 -0.000596
2370 0 0 -0.000576
2375 0 0 -0.000543
2380 0 0 -0.000530
2385 0 0 -0.000576
2390 0 0 -0.000696
2395 0 0 -0.000808
2400 0 0 -0.000808
2405 0 0 -0.000633
2410 0 0 -0.000389
2415 0 0 -0.000228
2420 0 0 -0.000256
2425 0 0 -0.000408
2430 0 0 -0.000576
2435 0 0 -0.000691
2440 0 0 -0.000841
2445 0 0 -0.001152
2450 0 0 -0.001684
2455 0 0 -0.002234
2460 0 0 -0.002536
2465 0 0 -0.002408
2470 0 0 -0.002015
2475 0 0 -0.001612
2480 0 0 -0.001396
2485 0 0 -0.001344
2490 0 0 -0.001380
2495 0 0 -0.001435
2500 0 0 -0.001481
2505 0 0 -0.001500
2510 0 0 -0.001480
2515 0 0 -0.001435
2520 0 0 -0.001384
2525 0 0 -0.001346
2530 0 0 -0.001338
2535 0 0 -0.001380
2540 0 0 -0.001475
2545 0 0 -0.001573
2550 0 0 -0.001612
2555 0 0 -0.001561
2560 0 0 -0.001518
2565 0 0 -0.001612
2570 0 0 -0.001919
2575 0 0 -0.002293
2580 0 0 -0.002536
2585 0 0 -0.002506
2590 0 0 -0.002300
2595 0 0 -0.002072
2600 0 0 -0.001942
2605 0 0 -0.001886
2610 0 0 -0.001844
2615 0 0 -0.001779
2620 0 0 -0.001751
2625 0 0 -0.001844
2630 0 0 -0.002099
2635 0 0 -0.002386
2640 0 0 -0.002532
2645 0 0 -0.002418
2650 0 0 -0.002139
2655 0 0 -0.001844
2660 0 0 -0.001664
2665 0 0 -0.001653
2670 0 0 -0.001844
2675 0 0 -0.002223
2680 0 0 -0.002578
2685 0 0 -0.002648
2690 0 0 -0.002265
2695 0 0 -0.001630
2700 0 0 -0.001040
2705 0 0 -0.000722
2710 0 0 -0.000639
2715 0 0 -0.000688
2720 0 0 -0.000781
2725 0 0 -0.000898
2730 0 0 -0.001036
2735 0 0 -0.001181
2740 0 0 -0.001280
2745 0 0 -0.001268
2750 0 0 -0.001109
2755 0 0 -0.000881
2760 0 0 -0.000692
2765 0 0 -0.000620
2770 0 0 -0.000639
2775 0 0 -0.000692
2780 0 0 -0.000732
2785 0 0 -0.000737
2790 0 0 -0.000692
2795 0 0 -0.000596
2800 0 0 -0.000498
2805 0 0 -0.000460
2810 0 0 -0.000520
2815 0 0 -0.000623
2820 0 0 -0.000688
2825 0 0 -0.000663
2830 0 0 -0.000600
2835 0 0 -0.000576
2840 0 0 -0.000643
2845 0 0 -0.000746
2850 0 0 -0.000808
2855 0 0 -0.000771
2860 0 0 -0.000673
2865 0 0 -0.000576
2870 0 0 -0.000529
2875 0 0 -0.000532
2880 0 0 -0.000576
2885 0 0 -0.000648
2890 0 0 -0.000730
2895 0 0 -0.000804
2900 0 0 -0.000852
2905 0 0 -0.000859
2910 0 0 -0.000808
2915 0 0 -0.000696
2920 0 0 -0.000563
2925 0 0 -0.000460
2930 0 0 -0.000424
2935 0 0 -0.000436
2940 0 0 -0.000464
2945 0 0 -0.000484
2950 0 0 -0.000512
2955 0 0 -0.000576
2960 0 0 -0.000685
2965 0 0 -0.000786
2970 0 0 -0.000808
2975 0 0 -0.000709
2980 0 0 -0.000560
2985 0 0 -0.000460
2990 0 0 -0.000477
2995 0 0 -0.000548
3000 0 0 -0.000576
3005 0 0 -0.000499
3010 0 0 -0.000388
3015 0 0 -0.000344
3020 0 0 -0.000436
3025 0 0 -0.000587
3030 0 0 -0.000688
3035 0 0 -0.000659
3040 0 0 -0.000555
3045 0 0 -0.000460
3050 0 0 -0.000443
3055 0 0 -0.000491
3060 0 0 -0.000576
3065 0 0 -0.000664
3070 0 0 -0.000717
3075 0 0 -0.000692
3080 0 0 -0.000570
3085 0 0 -0.000424
3090 0 0 -0.000348
3095 0 0 -0.000403
3100 0 0 -0.000514
3105 0 0 -0.000576
3110 0 0 -0.000515
3115 0 0 -0.000403
3120 0 0 -0.000344
3125 0 0 -0.000413
3130 0 0 -0.000557
3135 0 0 -0.000692
3140 0 0 -0.000751
3145 0 0 -0.000743
3150 0 0 -0.000692
3155 0 0 -0.000622
3160 0 0 -0.000544
3165 0 0 -0.000464
3170 0 0 -0.000393
3175 0 0 -0.000347
3180 0 0 -0.000344
3185 0 0 -0.000396
3190 0 0 -0.000482
3195 0 0 -0.000576
3200 0 0 -0.000652
3205 0 0 -0.000695
3210 0 0 -0.000688
3215 0 0 -0.000627
3220 0 0 -0.000539
3225 0 0 -0.000460
3230 0 0 -0.000420
3235 0 0 -0.000422
3240 0 0 -0.000460
3245 0 0 -0.000524
3250 0 0 -0.000577
3255 0 0 -0.000576
3260 0 0 -0.000498
3265 0 0 -0.000396
3270 0 0 -0.000344
3275 0 0 -0.000391
3280 0 0 -0.000491
3285 0 0 -0.000576
3290 0 0 -0.000596
3295 0 0 -0.000581
3300 0 0 -0.000576
3305 0 0 -0.000615
3310 0 0 -0.000667
3315 0 0 -0.000688
3320 0 0 -0.000645
3325 0 0 -0.000558
3330 0 0 -0.000460
3335 0 0 -0.000381
3340 0 0 -0.000339
3345 0 0 -0.000348
3350 0 0 -0.000413
3355 0 0 -0.000503
3360 0 0 -0.000576
3365 0 0 -0.000607
3370 0 0 -0.000630
3375 0 0 -0.000692
3380 0 0 -0.000822
3385 0 0 -0.000963
3390 0 0 -0.001036
3395 0 0 -0.000987
3400 0 0 -0.000852
3405 0 0 -0.000692
3410 0 0 -0.000558
3415 0 0 -0.000476
3420 0 0 -0.000460
3425 0 0 -0.000518
3430 0 0 -0.000611
3435 0 0 -0.000692
3440 0 0 -0.000720
3445 0 0 -0.000683
3450 0 0 -0.000576
3455 0 0 -0.000416
3460 0 0 -0.000300
3465 0 0 -0.000344
3470 0 0 -0.000621
3475 0 0 -0.001019
3480 0 0 -0.001380
3485 0 0 -0.001582
3490 0 0 -0.001642
3495 0 0 -0.001612
3500 0 0 -0.001535
3505 0 0 -0.001421
3510 0 0 -0.001268
3515 0 0 -0.001085
3520 0 0 -0.000914
3525 0 0 -0.000804
3530 0 0 -0.000786
3535 0 0 -0.000810
3540 0 0 -0.000804
3545 0 0 -0.000723
3550 0 0 -0.000620
3555 0 0 -0.000576
3560 0 0 -0.000640
3565 0 0 -0.000748
3570 0 0 -0.000808
3575 0 0 -0.000756
3580 0 0 -0.000650
3585 0 0 -0.000576
3590 0 0 -0.000603
3595 0 0 -0.000725
3600 0 0 -0.000920
3605 0 0 -0.001153
3610 0 0 -0.001339
3615 0 0 -0.001384
3620 0 0 -0.001228
3625 0 0 -0.000957
3630 0 0 -0.000692
3635 0 0 -0.000529
3640 0 0 -0.000463
3645 0 0 -0.000460
3650 0 0 -0.000504
3655 0 0 -0.000639
3660 0 0 -0.000924
3665 0 0 -0.001365
3670 0 0 -0.001757
3675 0 0 -0.001844
3680 0 0 -0.001463
3685 0 0 -0.000824
3690 0 0 -0.000232
3695 0 0 0.000041
3700 0 0 -0.000150
3705 0 0 -0.000920
3710 0 0 -0.002242
3715 0 0 -0.003524
3720 0 0 -0.004032
3725 0 0 -0.003297
3730 0 0 -0.001902
3735 0 0 -0.000692
3740 0 0 -0.000298
3745 0 0 -0.000487
3750 0 0 -0.000808
3755 0 0 -0.000914
3760 0 0 -0.000861
3765 0 0 -0.000808
3770 0 0 -0.000868
3775 0 0 -0.000979
3780 0 0 -0.001036
3785 0 0 -0.000965
3790 0 0 -0.000821
3795 0 0 -0.000692
3800 0 0 -0.000645
3805 0 0 -0.000657
3810 0 0 -0.000688
3815 0 0 -0.000702
3820 0 0 -0.000701
3825 0 0 -0.000692
3830 0 0 -0.000684
3835 0 0 -0.000682
3840 0 0 -0.000688
3845 0 0 -0.000707
3850 0 0 -0.000745
3855 0 0 -0.000808
3860 0 0 -0.000918
3865 0 0 -0.001155
3870 0 0 -0.001612
3875 0 0 -0.002310
3880 0 0 -0.002967
3885 0 0 -0.003228
3890 0 0 -0.002868
3895 0 0 -0.002187
3900 0 0 -0.001612
3905 0 0 -0.001455
3910 0 0 -0.001550
3915 0 0 -0.001612
3920 0 0 -0.001441
3925 0 0 -0.001175
3930 0 0 -0.001036
3935 0 0 -0.001177
3940 0 0 -0.001472
3945 0 0 -0.001728
3950 0 0 -0.001798
3955 0 0 -0.001727
3960 0 0 -0.001612
3965 0 0 -0.001534
3970 0 0 -0.001526
3975 0 0 -0.001612
3980 0 0 -0.001804
3985 0 0 -0.002082
3990 0 0 -0.002420
3995 0 0 -0.002766
4000 0 0 -0.002975
4005 0 0 -0.002880
4010 0 0 -0.002397
4015 0 0 -0.001784
4020 0 0 -0.001380
4025 0 0 -0.001416
4030 0 0 -0.001679
4035 0 0 -0.001844
4040 0 0 -0.001676
4045 0 0 -0.001297
4050 0 0 -0.000920
4055 0 0 -0.000711
4060 0 0 -0.000656
4065 0 0 -0.000692
4070 0 0 -0.000762
4075 0 0 -0.000815
4080 0 0 -0.000804
4085 0 0 -0.000703
4090 0 0 -0.000564
4095 0 0 -0.000464
4100 0 0 -0.000455
4105 0 0 -0.000509
4110 0 0 -0.000576
4115 0 0 -0.000619
4120 0 0 -0.000650
4125 0 0 -0.000692
4130 0 0 -0.000757
4135 0 0 -0.000811
4140 0 0 -0.000808
4145 0 0 -0.000721
4150 0 0 -0.000586
4155 0 0 -0.000460
4160 0 0 -0.000389
4165 0 0 -0.000387
4170 0 0 -0.000460
4175 0 0 -0.000605
4180 0 0 -0.000777
4185 0 0 -0.000920
4190 0 0 -0.000994
4195 0 0 -0.001021
4200 0 0 -0.001036
4205 0 0 -0.001067
4210 0 0 -0.001110
4215 0 0 -0.001152
4220 0 0 -0.001189
4225 0 0 -0.001252
4230 0 0 -0.001380
4235 0 0 -0.001587
4240 0 0 -0.001781
4245 0 0 -0.001844
4250 0 0 -0.001695
4255 0 0 -0.001394
4260 0 0 -0.001036
4265 0 0 -0.000709
4270 0 0 -0.000466
4275 0 0 -0.000348
4280 0 0 -0.000377
4285 0 0 -0.000483
4290 0 0 -0.000576
4295 0 0 -0.000586
4300 0 0 -0.000533
4305 0 0 -0.000460
4310 0 0 -0.000402
4315 0 0 -0.000364
4320 0 0 -0.000344
4325 0 0 -0.000338
4330 0 0 -0.000341
4335 0 0 -0.000348
4340 0 0 -0.000357
4345 0 0 -0.000387
4350 0 0 -0.000460
4355 0 0 -0.000581
4360 0 0 -0.000686
4365 0 0 -0.000692
4370 0 0 -0.000552
4375 0 0 -0.000356
4380 0 0 -0.000228
4385 0 0 -0.000253
4390 0 0 -0.000366
4395 0 0 -0.000460
4400 0 0 -0.000459
4405 0 0 -0.000400
4410 0 0 -0.000344
4415 0 0 -0.000342
4420 0 0 -0.000388
4425 0 0 -0.000460
4430 0 0 -0.000536
4435 0 0 -0.000585
4440 0 0 -0.000576
4445 0 0 -0.000493
4450 0 0 -0.000393
4455 0 0 -0.000348
4460 0 0 -0.000406
4465 0 0 -0.000510
4470 0 0 -0.000576
4475 0 0 -0.000543
4480 0 0 -0.000447
4485 0 0 -0.000348
4490 0 0 -0.000294
4495 0 0 -0.000293
4500 0 0 -0.000344
4505 0 0 -0.000436
4510 0 0 -0.000529
4515 0 0 -0.000576
4520 0 0 -0.000548
4525 0 0 -0.000488
4530 0 0 -0.000460
4535 0 0 -0.000503
4540 0 0 -0.000566
4545 0 0 -0.000576
4550 0 0 -0.000485
4555 0 0 -0.000344
4560 0 0 -0.000232
4565 0 0 -0.000207
4570 0 0 -0.000255
4575 0 0 -0.000344
4580 0 0 -0.000443
4585 0 0 -0.000529
4590 0 0 -0.000576
4595 0 0 -0.000570
4600 0 0 -0.000524
4605 0 0 -0.000460
4610 0 0 -0.000397
4615 0 0 -0.000354
4620 0 0 -0.000348
4625 0 0 -0.000386
4630 0 0 -0.000436
4635 0 0 -0.000460
4640 0 0 -0.000430
4645 0 0 -0.000378
4650 0 0 -0.000348
4655 0 0 -0.000371
4660 0 0 -0.000422
4665 0 0 -0.000464
4670 0 0 -0.000469
4675 0 0 -0.000457
4680 0 0 -0.000460
4685 0 0 -0.000499
4690 0 0 -0.000549
4695 0 0 -0.000576
4700 0 0 -0.000555
4705 0 0 -0.000506
4710 0 0 -0.000460
4715 0 0 -0.000440
4720 0 0 -0.000444
4725 0 0 -0.000460
4730 0 0 -0.000478
4735 0 0 -0.000483
4740 0 0 -0.000460
4745 0 0 -0.000404
4750 0 0 -0.000351
4755 0 0 -0.000348
4760 0 0 -0.000422
4765 0 0 -0.000521
4770 0 0 -0.000576
4775 0 0 -0.000537
4780 0 0 -0.000441
4785 0 0 -0.000348
4790 0 0 -0.000305
4795 0 0 -0.000309
4800 0 0 -0.000348
4805 0 0 -0.000404
4810 0 0 -0.000452
4815 0 0 -0.000464
4820 0 0 -0.000424
4825 0 0 -0.000368
4830 0 0 -0.000344
4835 0 0 -0.000383
4840 0 0 -0.000442
4845 0 0 -0.000460
4850 0 0 -0.000400
4855 0 0 -0.000331
4860 0 0 -0.000344
4865 0 0 -0.000500
4870 0 0 -0.000727
4875 0 0 -0.000920
4880 0 0 -0.000994
4885 0 0 -0.000950
4890 0 0 -0.000808
4895 0 0 -0.000602
4900 0 0 -0.000415
4905 0 0 -0.000344
4910 0 0 -0.000443
4915 0 0 -0.000608
4920 0 0 -0.000692
4925 0 0 -0.000604
4930 0 0 -0.000467
4935 0 0 -0.000460
4940 0 0 -0.000701
4945 0 0 -0.001070
4950 0 0 -0.001384
4955 0 0 -0.001512
4960 0 0 -0.001513
4965 0 0 -0.001496
4970 0 0 -0.001544
4975 0 0 -0.001636
4980 0 0 -0.001728
4985 0 0 -0.001781
4990 0 0 -0.001783
4995 0 0 -0.001728
5000 0 0 -0.001610
5005 0 0 -0.001421
5010 0 0 -0.001152
5015 0 0 -0.000814
5020 0 0 -0.000505
5025 0 0 -0.000344
5030 0 0 -0.000408
5035 0 0 -0.000605
5040 0 0 -0.000804
5045 0 0 -0.000899
5050 0 0 -0.000890
5055 0 0 -0.000808
5060 0 0 -0.000682
5065 0 0 -0.000552
5070 0 0 -0.000460
5075 0 0 -0.000434
5080 0 0 -0.000448
5085 0 0 -0.000464
5090 0 0 -0.000454
5095 0 0 -0.000441
5100 0 0 -0.000460
5105 0 0 -0.000533
5110 0 0 -0.000625
5115 0 0 -0.000688
5120 0 0 -0.000688
5125 0 0 -0.000640
5130 0 0 -0.000576
5135 0 0 -0.000520
5140 0 0 -0.000481
5145 0 0 -0.000464
5150 0 0 -0.000473
5155 0 0 -0.000509
5160 0 0 -0.000572
5165 0 0 -0.000661
5170 0 0 -0.000778
5175 0 0 -0.000924
5180 0 0 -0.001093
5185 0 0 -0.001258
5190 0 0 -0.001384
5195 0 0 -0.001440
5200 0 0 -0.001406
5205 0 0 -0.001268
5210 0 0 -0.001062
5215 0 0 -0.001037
5220 0 0 -0.001496
5225 0 0 -0.002582
5230 0 0 -0.003801
5235 0 0 -0.004496
5240 0 0 -0.004226
5245 0 0 -0.003402
5250 0 0 -0.002648
5255 0 0 -0.002420
5260 0 0 -0.002507
5265 0 0 -0.002532
5270 0 0 -0.002242
5275 0 0 -0.001888
5280 0 0 -0.001844
5285 0 0 -0.002342
5290 0 0 -0.003041
5295 0 0 -0.003456
5300 0 0 -0.003252
5305 0 0 -0.002692
5310 0 0 -0.002188
5315 0 0 -0.002061
5320 0 0 -0.002262
5325 0 0 -0.002648
5330 0 0 -0.003090
5335 0 0 -0.003500
5340 0 0 -0.003804
5345 0 0 -0.003940
5350 0 0 -0.003899
5355 0 0 -0.003688
5360 0 0 -0.003324
5365 0 0 -0.002875
5370 0 0 -0.002420
5375 0 0 -0.002028
5380 0 0 -0.001717
5385 0 0 -0.001496
5390 0 0 -0.001370
5395 0 0 -0.001333
5400 0 0 -0.001380
5405 0 0 -0.001490
5410 0 0 -0.001594
5415 0 0 -0.001612
5420 0 0 -0.001496
5425 0 0 -0.001339
5430 0 0 -0.001268
5435 0 0 -0.001373
5440 0 0 -0.001597
5445 0 0 -0.001844
5450 0 0 -0.002035
5455 0 0 -0.002151
5460 0 0 -0.002188
5465 0 0 -0.002145
5470 0 0 -0.002028
5475 0 0 -0.001844
5480 0 0 -0.001613
5485 0 0 -0.001396
5490 0 0 -0.001268
5495 0 0 -0.001278
5500 0 0 -0.001379
5505 0 0 -0.001500
5510 0 0 -0.001582
5515 0 0 -0.001618
5520 0 0 -0.001612
5525 0 0 -0.001574
5530 0 0 -0.001527
5535 0 0 -0.001500
5540 0 0 -0.001508
5545 0 0 -0.001521
5550 0 0 -0.001496
5555 0 0 -0.001409
5560 0 0 -0.001309
5565 0 0 -0.001264
5570 0 0 -0.001317
5575 0 0 -0.001420
5580 0 0 -0.001500
5585 0 0 -0.001504
5590 0 0 -0.001451
5595 0 0 -0.001380
5600 0 0 -0.001323
5605 0 0 -0.001285
5610 0 0 -0.001264
5615 0 0 -0.001258
5620 0 0 -0.001261
5625 0 0 -0.001268
5630 0 0 -0.001277
5635 0 0 -0.001308
5640 0 0 -0.001384
5645 0 0 -0.001515
5650 0 0 -0.001652
5655 0 0 -0.001728
5660 0 0 -0.001700
5665 0 0 -0.001605
5670 0 0 -0.001500
5675 0 0 -0.001431
5680 0 0 -0.001397
5685 0 0 -0.001384
5690 0 0 -0.001382
5695 0 0 -0.001382
5700 0 0 -0.001380
5705 0 0 -0.001363
5710 0 0 -0.001300
5715 0 0 -0.001152
5720 0 0 -0.000905
5725 0 0 -0.000640
5730 0 0 -0.000460
5735 0 0 -0.000441
5740 0 0 -0.000542
5745 0 0 -0.000692
5750 0 0 -0.000827
5755 0 0 -0.000913
5760 0 0 -0.000920
5765 0 0 -0.000835
5770 0 0 -0.000701
5775 0 0 -0.000576
5780 0 0 -0.000505
5785 0 0 -0.000476
5790 0 0 -0.000464
5795 0 0 -0.000451
5800 0 0 -0.000446
5805 0 0 -0.000464
5810 0 0 -0.000511
5815 0 0 -0.000560
5820 0 0 -0.000576
5825 0 0 -0.000533
5830 0 0 -0.000447
5835 0 0 -0.000348
5840 0 0 -0.000262
5845 0 0 -0.000214
5850 0 0 -0.000232
5855 0 0 -0.000327
5860 0 0 -0.000460
5865 0 0 -0.000576
5870 0 0 -0.000633
5875 0 0 -0.000630
5880 0 0 -0.000576
5885 0 0 -0.000485
5890 0 0 -0.000394
5895 0 0 -0.000348
5900 0 0 -0.000373
5905 0 0 -0.000430
5910 0 0 -0.000464
5915 0 0 -0.000438
5920 0 0 -0.000382
5925 0 0 -0.000344
5930 0 0 -0.000358
5935 0 0 -0.000407
5940 0 0 -0.000460
5945 0 0 -0.000491
5950 0 0 -0.000492
5955 0 0 -0.000464
5960 0 0 -0.000414
5965 0 0 -0.000393
5970 0 0 -0.000460
5975 0 0 -0.000644
5980 0 0 -0.000844
5985 0 0 -0.000924
5990 0 0 -0.000797
5995 0 0 -0.000557
6000 0 0 -0.000344
6005 0 0 -0.000265
6010 0 0 -0.000288
6015 0 0 -0.000348
6020 0 0 -0.000393
6025 0 0 -0.000425
6030 0 0 -0.000460
6035 0 0 -0.000508
6040 0 0 -0.000555
6045 0 0 -0.000576
6050 0 0 -0.000558
6055 0 0 -0.000513
6060 0 0 -0.000460
6065 0 0 -0.000415
6070 0 0 -0.000378
6075 0 0 -0.000344
6080 0 0 -0.000314
6085 0 0 -0.000306
6090 0 0 -0.000344
6095 0 0 -0.000437
6100 0 0 -0.000535
6105 0 0 -0.000576
6110 0 0 -0.000520
6115 0 0 -0.000419
6120 0 0 -0.000348
6125 0 0 -0.000361
6130 0 0 -0.000419
6135 0 0 -0.000460
6140 0 0 -0.000441
6145 0 0 -0.000388
6150 0 0 -0.000344
6155 0 0 -0.000345
6160 0 0 -0.000387
6165 0 0 -0.000460
6170 0 0 -0.000545
6175 0 0 -0.000599
6180 0 0 -0.000576
6185 0 0 -0.000451
6190 0 0 -0.000302
6195 0 0 -0.000228
6200 0 0 -0.000298
6205 0 0 -0.000447
6210 0 0 -0.000576
6215 0 0 -0.000609
6220 0 0 -0.000559
6225 0 0 -0.000460
6230 0 0 -0.000347
6235 0 0 -0.000258
6240 0 0 -0.000232
6245 0 0 -0.000291
6250 0 0 -0.000388
6255 0 0 -0.000460
6260 0 0 -0.000464
6265 0 0 -0.000443
6270 0 0 -0.000460
6275 0 0 -0.000555
6280 0 0 -0.000662
6285 0 0 -0.000692
6290 0 0 -0.000585
6295 0 0 -0.000400
6300 0 0 -0.000228
6305 0 0 -0.000141
6310 0 0 -0.000145
6315 0 0 -0.000228
6320 0 0 -0.000368
6325 0 0 -0.000507
6330 0 0 -0.000576
6335 0 0 -0.000539
6340 0 0 -0.000495
6345 0 0 -0.000576
6350 0 0 -0.000854
6355 0 0 -0.001160
6360 0 0 -0.001268
6365 0 0 -0.001028
6370 0 0 -0.000602
6375 0 0 -0.000232
6380 0 0 -0.000102
6385 0 0 -0.000172
6390 0 0 -0.000348
6395 0 0 -0.000538
6400 0 0 -0.000674
6405 0 0 -0.000692
6410 0 0 -0.000558
6415 0 0 -0.000363
6420 0 0 -0.000228
6425 0 0 -0.000239
6430 0 0 -0.000346
6435 0 0 -0.000464
6440 0 0 -0.000524
6445 0 0 -0.000519
6450 0 0 -0.000460
6455 0 0 -0.000371
6460 0 0 -0.000337
6465 0 0 -0.000460
6470 0 0 -0.000793
6475 0 0 -0.001200
6480 0 0 -0.001496
6485 0 0 -0.001562
6490 0 0 -0.001535
6495 0 0 -0.001616
6500 0 0 -0.001925
6505 0 0 -0.002252
6510 0 0 -0.002304
6515 0 0 -0.001901
6520 0 0 -0.001313
6525 0 0 -0.000924
6530 0 0 -0.000994
6535 0 0 -0.001300
6540 0 0 -0.001496
6545 0 0 -0.001341
6550 0 0 -0.001017
6555 0 0 -0.000808
6560 0 0 -0.000914
6565 0 0 -0.001185
6570 0 0 -0.001384
6575 0 0 -0.001348
6580 0 0 -0.001204
6585 0 0 -0.001152
6590 0 0 -0.001338
6595 0 0 -0.001687
6600 0 0 -0.002072
6605 0 0 -0.002381
6610 0 0 -0.002579
6615 0 0 -0.002648
6620 0 0 -0.002581
6625 0 0 -0.002413
6630 0 0 -0.002188
6635 0 0 -0.001943
6640 0 0 -0.001677
6645 0 0 -0.001384
6650 0 0 -0.001066
6655 0 0 -0.000776
6660 0 0 -0.000576
6665 0 0 -0.000509
6670 0 0 -0.000530
6675 0 0 -0.000576
6680 0 0 -0.000595
6685 0 0 -0.000589
6690 0 0 -0.000576
6695 0 0 -0.000569
6700 0 0 -0.000570
6705 0 0 -0.000576
6710 0 0 -0.000588
6715 0 0 -0.000620
6720 0 0 -0.000688
6725 0 0 -0.000795
6730 0 0 -0.000893
6735 0 0 -0.000920
6740 0 0 -0.000842
6745 0 0 -0.000732
6750 0 0 -0.000692
6755 0 0 -0.000786
6760 0 0 -0.000939
6765 0 0 -0.001040
6770 0 0 -0.001015
6775 0 0 -0.000938
6780 0 0 -0.000920
6785 0 0 -0.001037
6790 0 0 -0.001225
6795 0 0 -0.001384
6800 0 0 -0.001460
6805 0 0 -0.001591
6810 0 0 -0.001960
6815 0 0 -0.002652
6820 0 0 -0.003362
6825 0 0 -0.003684
6830 0 0 -0.003351
6835 0 0 -0.002638
6840 0 0 -0.001956
6845 0 0 -0.001621
6850 0 0 -0.001562
6855 0 0 -0.001612
6860 0 0 -0.001628
6865 0 0 -0.001560
6870 0 0 -0.001384
6875 0 0 -0.001123
6880 0 0 -0.000995
6885 0 0 -0.001268
6890 0 0 -0.002100
6895 0 0 -0.003223
6900 0 0 -0.004260
6905 0 0 -0.004920
6910 0 0 -0.005257
6915 0 0 -0.005412
6920 0 0 -0.005480
6925 0 0 -0.005371
6930 0 0 -0.004952
6935 0 0 -0.004151
6940 0 0 -0.003149
6945 0 0 -0.002192
6950 0 0 -0.001478
6955 0 0 -0.001026
6960 0 0 -0.000808
6965 0 0 -0.000784
6970 0 0 -0.000859
6975 0 0 -0.000924
6980 0 0 -0.000897
6985 0 0 -0.000802
6990 0 0 -0.000692
6995 0 0 -0.000610
7000 0 0 -0.000569
7005 0 0 -0.000576
7010 0 0 -0.000631
7015 0 0 -0.000716
7020 0 0 -0.000808
7025 0 0 -0.000895
7030 0 0 -0.000998
7035 0 0 -0.001152
7040 0 0 -0.001364
7045 0 0 -0.001553
7050 0 0 -0.001612
7055 0 0 -0.001475
7060 0 0 -0.001237
7065 0 0 -0.001032
7070 0 0 -0.000959
7075 0 0 -0.000983
7080 0 0 -0.001036
7085 0 0 -0.001061
7090 0 0 -0.001057
7095 0 0 -0.001036
7100 0 0 -0.001007
7105 0 0 -0.000970
7110 0 0 -0.000920
7115 0 0 -0.000855
7120 0 0 -0.000777
7125 0 0 -0.000688
7130 0 0 -0.000598
7135 0 0 -0.000546
7140 0 0 -0.000576
7145 0 0 -0.000708
7150 0 0 -0.000860
7155 0 0 -0.000924
7160 0 0 -0.000832
7165 0 0 -0.000674
7170 0 0 -0.000576
7175 0 0 -0.000626
7180 0 0 -0.000742
7185 0 0 -0.000804
7190 0 0 -0.000726
7195 0 0 -0.000577
7200 0 0 -0.000464
7205 0 0 -0.000462
7210 0 0 -0.000525
7215 0 0 -0.000576
7220 0 0 -0.000560
7225 0 0 -0.000506
7230 0 0 -0.000460
7235 0 0 -0.000457
7240 0 0 -0.000472
7245 0 0 -0.000464
7250 0 0 -0.000410
7255 0 0 -0.000351
7260 0 0 -0.000348
7265 0 0 -0.000433
7270 0 0 -0.000540
7275 0 0 -0.000576
7280 0 0 -0.000482
7285 0 0 -0.000331
7290 0 0 -0.000232
7295 0 0 -0.000260
7300 0 0 -0.000364
7305 0 0 -0.000460
7310 0 0 -0.000487
7315 0 0 -0.000471
7320 0 0 -0.000460
7325 0 0 -0.000489
7330 0 0 -0.000539
7335 0 0 -0.000576
7340 0 0 -0.000575
7345 0 0 -0.000535
7350 0 0 -0.000460
7355 0 0 -0.000362
7360 0 0 -0.000273
7365 0 0 -0.000232
7370 0 0 -0.000265
7375 0 0 -0.000352
7380 0 0 -0.000460
7385 0 0 -0.000557
7390 0 0 -0.000607
7395 0 0 -0.000576
7400 0 0 -0.000450
7405 0 0 -0.000304
7410 0 0 -0.000232
7415 0 0 -0.000299
7420 0 0 -0.000444
7425 0 0 -0.000576
7430 0 0 -0.000630
7435 0 0 -0.000645
7440 0 0 -0.000688
7445 0 0 -0.000801
7450 0 0 -0.000940
7455 0 0 -0.001036
7460 0 0 -0.001038
7465 0 0 -0.000954
7470 0 0 -0.000808
7475 0 0 -0.000629
7480 0 0 -0.000460
7485 0 0 -0.000348
7490 0 0 -0.000326
7495 0 0 -0.000375
7500 0 0 -0.000460
7505 0 0 -0.000547
7510 0 0 -0.000599
7515 0 0 -0.000576
7520 0 0 -0.000461
7525 0 0 -0.000317
7530 0 0 -0.000228
7535 0 0 -0.000254
7540 0 0 -0.000353
7545 0 0 -0.000460
7550 0 0 -0.000520
7555 0 0 -0.000520
7560 0 0 -0.000460
7565 0 0 -0.000351
7570 0 0 -0.000251
7575 0 0 -0.000232
7580 0 0 -0.000334
7585 0 0 -0.000484
7590 0 0 -0.000576
7595 0 0 -0.000540
7600 0 0 -0.000432
7605 0 0 -0.000344
7610 0 0 -0.000342
7615 0 0 -0.000397
7620 0 0 -0.000460
7625 0 0 -0.000489
7630 0 0 -0.000484
7635 0 0 -0.000460
7640 0 0 -0.000426
7645 0 0 -0.000387
7650 0 0 -0.000348
7655 0 0 -0.000315
7660 0 0 -0.000307
7665 0 0 -0.000344
7670 0 0 -0.000433
7675 0 0 -0.000530
7680 0 0 -0.000576
7685 0 0 -0.000532
7690 0 0 -0.000436
7695 0 0 -0.000348
7700 0 0 -0.000312
7705 0 0 -0.000319
7710 0 0 -0.000344
7715 0 0 -0.000371
7720 0 0 -0.000406
7725 0 0 -0.000460
7730 0 0 -0.000535
7735 0 0 -0.000591
7740 0 0 -0.000576
7745 0 0 -0.000462
7750 0 0 -0.000316
7755 0 0 -0.000228
7760 0 0 -0.000261
7765 0 0 -0.000364
7770 0 0 -0.000460
7775 0 0 -0.000486
7780 0 0 -0.000442
7785 0 0 -0.000344
7790 0 0 -0.000228
7795 0 0 -0.000219
7800 0 0 -0.000460
7805 0 0 -0.001012
7810 0 0 -0.001594
7815 0 0 -0.001840
7820 0 0 -0.001511
7825 0 0 -0.000878
7830 0 0 -0.000344
7835 0 0 -0.000201
7840 0 0 -0.000320
7845 0 0 -0.000464
7850 0 0 -0.000463
7855 0 0 -0.000408
7860 0 0 -0.000460
7865 0 0 -0.000714
7870 0 0 -0.001016
7875 0 0 -0.001152
7880 0 0 -0.000986
7885 0 0 -0.000705
7890 0 0 -0.000576
7895 0 0 -0.000778
7900 0 0 -0.001134
7905 0 0 -0.001380
7910 0 0 -0.001324
7915 0 0 -0.001072
7920 0 0 -0.000804
7925 0 0 -0.000670
7930 0 0 -0.000706
7935 0 0 -0.000920
7940 0 0 -0.001301
7945 0 0 -0.001760
7950 0 0 -0.002192
7955 0 0 -0.002504
7960 0 0 -0.002663
7965 0 0 -0.002652
7970 0 0 -0.002464
7975 0 0 -0.002138
7980 0 0 -0.001724
7985 0 0 -0.001282
7990 0 0 -0.000904
7995 0 0 -0.000692
8000 0 0 -0.000705
8005 0 0 -0.000832
8010 0 0 -0.000920
8015 0 0 -0.000858
8020 0 0 -0.000709
8025 0 0 -0.000576
8030 0 0 -0.000536
8035 0 0 -0.000557
8040 0 0 -0.000576
8045 0 0 -0.000550
8050 0 0 -0.000499
8055 0 0 -0.000460
8060 0 0 -0.000463
8065 0 0 -0.000505
8070 0 0 -0.000576
8075 0 0 -0.000658
8080 0 0 -0.000712
8085 0 0 -0.000692
8090 0 0 -0.000575
8095 0 0 -0.000429
8100 0 0 -0.000344
8105 0 0 -0.000382
8110 0 0 -0.000488
8115 0 0 -0.000576
8120 0 0 -0.000588
8125 0 0 -0.000565
8130 0 0 -0.000576
8135 0 0 -0.000663
8140 0 0 -0.000768
8145 0 0 -0.000808
8150 0 0 -0.000732
8155 0 0 -0.000617
8160 0 0 -0.000576
8165 0 0 -0.000683
8170 0 0 -0.000871
8175 0 0 -0.001036
8180 0 0 -0.001101
8185 0 0 -0.001087
8190 0 0 -0.001040
8195 0 0 -0.000998
8200 0 0 -0.000961
8205 0 0 -0.000920
8210 0 0 -0.000869
8215 0 0 -0.000825
8220 0 0 -0.000808
8225 0 0 -0.000835
8230 0 0 -0.000911
8235 0 0 -0.001036
8240 0 0 -0.001204
8245 0 0 -0.001375
8250 0 0 -0.001500
8255 0 0 -0.001544
8260 0 0 -0.001531
8265 0 0 -0.001496
8270 0 0 -0.001467
8275 0 0 -0.001435
8280 0 0 -0.001380
8285 0 0 -0.001294
8290 0 0 -0.001205
8295 0 0 -0.001152
8300 0 0 -0.001161
8305 0 0 -0.001211
8310 0 0 -0.001268
8315 0 0 -0.001303
8320 0 0 -0.001305
8325 0 0 -0.001264
8330 0 0 -0.001186
8335 0 0 -0.001125
8340 0 0 -0.001152
8345 0 0 -0.001303
8350 0 0 -0.001495
8355 0 0 -0.001612
8360 0 0 -0.001572
8365 0 0 -0.001429
8370 0 0 -0.001268
8375 0 0 -0.001157
8380 0 0 -0.001088
8385 0 0 -0.001036
8390 0 0 -0.000982
8395 0 0 -0.000937
8400 0 0 -0.000920
8405 0 0 -0.000943
8410 0 0 -0.000989
8415 0 0 -0.001036
8420 0 0 -0.001064
8425 0 0 -0.001067
8430 0 0 -0.001040
8435 0 0 -0.000987
8440 0 0 -0.000936
8445 0 0 -0.000920
8450 0 0 -0.000959
8455 0 0 -0.001016
8460 0 0 -0.001040
8465 0 0 -0.001000
8470 0 0 -0.000940
8475 0 0 -0.000924
8480 0 0 -0.000993
8485 0 0 -0.001095
8490 0 0 -0.001152
8495 0 0 -0.001113
8500 0 0 -0.001016
8505 0 0 -0.000924
8510 0 0 -0.000886
8515 0 0 -0.000892
8520 0 0 -0.000920
8525 0 0 -0.000952
8530 0 0 -0.000988
8535 0 0 -0.001036
8540 0 0 -0.001096
8545 0 0 -0.001144
8550 0 0 -0.001152
8555 0 0 -0.001100
8560 0 0 -0.001013
8565 0 0 -0.000924
8570 0 0 -0.000861
8575 0 0 -0.000824
8580 0 0 -0.000808
8585 0 0 -0.000805
8590 0 0 -0.000807
8595 0 0 -0.000804
8600 0 0 -0.000791
8605 0 0 -0.000784
8610 0 0 -0.000804
8615 0 0 -0.000861
8620 0 0 -0.000916
8625 0 0 -0.000920
8630 0 0 -0.000844
8635 0 0 -0.000741
8640 0 0 -0.000688
8645 0 0 -0.000743
8650 0 0 -0.000904
8655 0 0 -0.001152
8660 0 0 -0.001450
8665 0 0 -0.001686
8670 0 0 -0.001728
8675 0 0 -0.001497
8680 0 0 -0.001126
8685 0 0 -0.000804
8690 0 0 -0.000668
8695 0 0 -0.000665
8700 0 0 -0.000692
8705 0 0 -0.000671
8710 0 0 -0.000619
8715 0 0 -0.000576
8720 0 0 -0.000570
8725 0 0 -0.000580
8730 0 0 -0.000576
8735 0 0 -0.000537
8740 0 0 -0.000486
8745 0 0 -0.000460
8750 0 0 -0.000482
8755 0 0 -0.000532
8760 0 0 -0.000576
8765 0 0 -0.000591
8770 0 0 -0.000586
8775 0 0 -0.000576
8780 0 0 -0.000575
8785 0 0 -0.000578
8790 0 0 -0.000576
8795 0 0 -0.000561
8800 0 0 -0.000524
8805 0 0 -0.000460
8810 0 0 -0.000373
8815 0 0 -0.000314
8820 0 0 -0.000348
8825 0 0 -0.000507
8830 0 0 -0.000700
8835 0 0 -0.000804
8840 0 0 -0.000737
8845 0 0 -0.000582
8850 0 0 -0.000464
8855 0 0 -0.000470
8860 0 0 -0.000539
8865 0 0 -0.000576
8870 0 0 -0.000513
8875 0 0 -0.000407
8880 0 0 -0.000344
8885 0 0 -0.000386
8890 0 0 -0.000487
8895 0 0 -0.000576
8900 0 0 -0.000597
8905 0 0 -0.000553
8910 0 0 -0.000460
8915 0 0 -0.000342
8920 0 0 -0.000247
8925 0 0 -0.000232
8930 0 0 -0.000328
8935 0 0 -0.000471
8940 0 0 -0.000576
8945 0 0 -0.000580
8950 0 0 -0.000520
8955 0 0 -0.000460
8960 0 0 -0.000446
8965 0 0 -0.000458
8970 0 0 -0.000460
8975 0 0 -0.000427
8980 0 0 -0.000380
8985 0 0 -0.000348
8990 0 0 -0.000356
8995 0 0 -0.000398
9000 0 0 -0.000460
9005 0 0 -0.000527
9010 0 0 -0.000575
9015 0 0 -0.000576
9020 0 0 -0.000515
9025 0 0 -0.000423
9030 0 0 -0.000344
9035 0 0 -0.000311
9040 0 0 -0.000316
9045 0 0 -0.000344
9050 0 0 -0.000379
9055 0 0 -0.000418
9060 0 0 -0.000460
9065 0 0 -0.000503
9070 0 0 -0.000543
9075 0 0 -0.000576
9080 0 0 -0.000597
9085 0 0 -0.000599
9090 0 0 -0.000576
9095 0 0 -0.000527
9100 0 0 -0.000477
9105 0 0 -0.000460
9110 0 0 -0.000494
9115 0 0 -0.000548
9120 0 0 -0.000576
9125 0 0 -0.000549
9130 0 0 -0.000496
9135 0 0 -0.000460
9140 0 0 -0.000470
9145 0 0 -0.000489
9150 0 0 -0.000464
9155 0 0 -0.000366
9160 0 0 -0.000259
9165 0 0 -0.000232
9170 0 0 -0.000338
9175 0 0 -0.000492
9180 0 0 -0.000576
9185 0 0 -0.000512
9190 0 0 -0.000392
9195 0 0 -0.000348
9200 0 0 -0.000487
9205 0 0 -0.000804
9210 0 0 -0.001268
9215 0 0 -0.001823
9220 0 0 -0.002306
9225 0 0 -0.002532
9230 0 0 -0.002371
9235 0 0 -0.001933
9240 0 0 -0.001384
9245 0 0 -0.000873
9250 0 0 -0.000470
9255 0 0 -0.000228
9260 0 0 -0.000174
9265 0 0 -0.000242
9270 0 0 -0.000344
9275 0 0 -0.000409
9280 0 0 -0.000442
9285 0 0 -0.000464
9290 0 0 -0.000494
9295 0 0 -0.000533
9300 0 0 -0.000576
9305 0 0 -0.000624
9310 0 0 -0.000694
9315 0 0 -0.000808
9320 0 0 -0.000979
9325 0 0 -0.001182
9330 0 0 -0.001384
9335 0 0 -0.001559
9340 0 0 -0.001710
9345 0 0 -0.001844
9350 0 0 -0.001952
9355 0 0 -0.001948
9360 0 0 -0.001724
9365 0 0 -0.001245
9370 0 0 -0.000757
9375 0 0 -0.000576
9380 0 0 -0.000905
9385 0 0 -0.001488
9390 0 0 -0.001956
9395 0 0 -0.002042
9400 0 0 -0.001885
9405 0 0 -0.001728
9410 0 0 -0.001740
9415 0 0 -0.001803
9420 0 0 -0.001728
9425 0 0 -0.001391
9430 0 0 -0.000937
9435 0 0 -0.000576
9440 0 0 -0.000461
9445 0 0 -0.000508
9450 0 0 -0.000576
9455 0 0 -0.000559
9460 0 0 -0.000496
9465 0 0 -0.000460
9470 0 0 -0.000504
9475 0 0 -0.000598
9480 0 0 -0.000688
9485 0 0 -0.000733
9490 0 0 -0.000732
9495 0 0 -0.000692
9500 0 0 -0.000623
9505 0 0 -0.000541
9510 0 0 -0.000460
9515 0 0 -0.000409
9520 0 0 -0.000458
9525 0 0 -0.000692
9530 0 0 -0.001142
9535 0 0 -0.001638
9540 0 0 -0.001956
9545 0 0 -0.001949
9550 0 0 -0.001762
9555 0 0 -0.001612
9560 0 0 -0.001655
9565 0 0 -0.001787
9570 0 0 -0.001844
9575 0 0 -0.001709
9580 0 0 -0.001470
9585 0 0 -0.001268
9590 0 0 -0.001199
9595 0 0 -0.001196
9600 0 0 -0.001148
9605 0 0 -0.000985
9610 0 0 -0.000791
9615 0 0 -0.000692
9620 0 0 -0.000764
9625 0 0 -0.000894
9630 0 0 -0.000924
9635 0 0 -0.000767
9640 0 0 -0.000634
9645 0 0 -0.000808
9650 0 0 -0.001453
9655 0 0 -0.002252
9660 0 0 -0.002764
9665 0 0 -0.002682
9670 0 0 -0.002223
9675 0 0 -0.001732
9680 0 0 -0.001481
9685 0 0 -0.001438
9690 0 0 -0.001496
9695 0 0 -0.001563
9700 0 0 -0.001607
9705 0 0 -0.001612
9710 0 0 -0.001566
9715 0 0 -0.001483
9720 0 0 -0.001384
9725 0 0 -0.001286
9730 0 0 -0.001205
9735 0 0 -0.001152
9740 0 0 -0.001136
9745 0 0 -0.001142
9750 0 0 -0.001152
9755 0 0 -0.001151
9760 0 0 -0.001147
9765 0 0 -0.001152
9770 0 0 -0.001171
9775 0 0 -0.001181
9780 0 0 -0.001152
9785 0 0 -0.001077
9790 0 0 -0.001040
9795 0 0 -0.001152
9800 0 0 -0.001477
9805 0 0 -0.001912
9810 0 0 -0.002308
9815 0 0 -0.002542
9820 0 0 -0.002582
9825 0 0 -0.002420
9830 0 0 -0.002075
9835 0 0 -0.001677
9840 0 0 -0.001384
9845 0 0 -0.001312
9850 0 0 -0.001416
9855 0 0 -0.001612
9860 0 0 -0.001824
9865 0 0 -0.002023
9870 0 0 -0.002188
9875 0 0 -0.002301
9880 0 0 -0.002346
9885 0 0 -0.002304
9890 0 0 -0.002177
9895 0 0 -0.002032
9900 0 0 -0.001956
9905 0 0 -0.002000
9910 0 0 -0.002079
9915 0 0 -0.002076
9920 0 0 -0.001912
9925 0 0 -0.001676
9930 0 0 -0.001496
9935 0 0 -0.001465
9940 0 0 -0.001533
9945 0 0 -0.001612
9950 0 0 -0.001632
9955 0 0 -0.001589
9960 0 0 -0.001496
9965 0 0 -0.001370
9970 0 0 -0.001243
9975 0 0 -0.001152
9980 0 0 -0.001122
9985 0 0 -0.001132
9990 0 0 -0.001152
9995 0 0 -0.001157
10000 0 0 -0.001152
10005 0 0 -0.001152
10010 0 0 -0.001164
10015 0 0 -0.001171
10020 0 0 -0.001152
10025 0 0 -0.001097
10030 0 0 -0.001042
10035 0 0 -0.001036
10040 0 0 -0.001107
10045 0 0 -0.001208
10050 0 0 -0.001268
10055 0 0 -0.001239
10060 0 0 -0.001147
10065 0 0 -0.001036
10070 0 0 -0.000951
10075 0 0 -0.000936
