0 0 0 0.920000
5 0 0 0.767168
10 0 0 0.654978
15 0 0 0.576000
20 0 0 0.522799
25 0 0 0.487944
30 0 0 0.464000
35 0 0 0.446524
40 0 0 0.443025
45 0 0 0.464000
50 0 0 0.512438
55 0 0 0.561290
60 0 0 0.576000
65 0 0 0.532317
70 0 0 0.447222
75 0 0 0.348000
80 0 0 0.261700
85 0 0 0.214415
90 0 0 0.232000
95 0 0 0.327105
100 0 0 0.459563
105 0 0 0.576000
110 0 0 0.633435
115 0 0 0.630445
120 0 0 0.576000
125 0 0 0.484786
130 0 0 0.394361
135 0 0 0.348000
140 0 0 0.372606
145 0 0 0.429593
150 0 0 0.464000
155 0 0 0.437973
160 0 0 0.382082
165 0 0 0.344000
170 0 0 0.358315
175 0 0 0.407265
180 0 0 0.460000
185 0 0 0.490543
190 0 0 0.492413
195 0 0 0.464000
200 0 0 0.414030
205 0 0 0.392565
210 0 0 0.460000
215 0 0 0.644298
220 0 0 0.843697
225 0 0 0.924000
230 0 0 0.796776
235 0 0 0.556648
240 0 0 0.344000
245 0 0 0.264893
250 0 0 0.288083
255 0 0 0.348000
260 0 0 0.392689
265 0 0 0.424650
270 0 0 0.460000
275 0 0 0.508500
280 0 0 0.554501
285 0 0 0.576000
290 0 0 0.557904
295 0 0 0.512754
300 0 0 0.460000
305 0 0 0.415143
310 0 0 0.377891
315 0 0 0.344000
320 0 0 0.313818
325 0 0 0.306053
330 0 0 0.344000
335 0 0 0.436546
340 0 0 0.534935
345 0 0 0.576000
350 0 0 0.519702
355 0 0 0.418505
360 0 0 0.348000
365 0 0 0.360944
370 0 0 0.418751
375 0 0 0.460000
380 0 0 0.440819
385 0 0 0.387529
390 0 0 0.344000
395 0 0 0.344818
400 0 0 0.387430
405 0 0 0.460000
410 0 0 0.544651
415 0 0 0.599344
420 0 0 0.576000
425 0 0 0.451394
430 0 0 0.301714
435 0 0 0.228000
440 0 0 0.298069
445 0 0 0.446838
450 0 0 0.576000
455 0 0 0.609366
460 0 0 0.559229
465 0 0 0.460000
470 0 0 0.346837
475 0 0 0.257876
480 0 0 0.232000
485 0 0 0.290991
490 0 0 0.388230
495 0 0 0.460000
500 0 0 0.463866
505 0 0 0.442536
510 0 0 0.460000
515 0 0 0.554581
520 0 0 0.661922
525 0 0 0.692000
530 0 0 0.584774
535 0 0 0.400145
540 0 0 0.228000
545 0 0 0.141287
550 0 0 0.145201
555 0 0 0.228000
560 0 0 0.368450
565 0 0 0.507348
570 0 0 0.576000
575 0 0 0.539137
580 0 0 0.495186
585 0 0 0.576000
590 0 0 0.853522
595 0 0 1.160057
600 0 0 1.268000
605 0 0 1.027811
610 0 0 0.602215
615 0 0 0.232000
620 0 0 0.101900
625 0 0 0.172418
630 0 0 0.348000
635 0 0 0.538367
640 0 0 0.674337
645 0 0 0.692000
650 0 0 0.558260
655 0 0 0.363272
660 0 0 0.228000
665 0 0 0.239110
670 0 0 0.346058
675 0 0 0.464000
680 0 0 0.523820
685 0 0 0.519312
690 0 0 0.460000
695 0 0 0.370648
700 0 0 0.336990
705 0 0 0.460000
710 0 0 0.793143
715 0 0 1.199840
720 0 0 1.496000
725 0 0 1.561816
730 0 0 1.534613
735 0 0 1.616000
740 0 0 1.925223
745 0 0 2.252078
750 0 0 2.304000
755 0 0 1.900997
760 0 0 1.313371
765 0 0 0.924000
770 0 0 0.994346
775 0 0 1.300216
780 0 0 1.496000
785 0 0 1.341322
790 0 0 1.016729
795 0 0 0.808000
800 0 0 0.913847
805 0 0 1.184720
810 0 0 1.384000
815 0 0 1.347882
820 0 0 1.203800
825 0 0 1.152000
830 0 0 1.337885
835 0 0 1.687488
840 0 0 2.072000
845 0 0 2.381172
850 0 0 2.578991
855 0 0 2.648000
860 0 0 2.581130
865 0 0 2.412846
870 0 0 2.188000
875 0 0 1.942605
880 0 0 1.677328
885 0 0 1.384000
890 0 0 1.066376
895 0 0 0.775915
900 0 0 0.576000
905 0 0 0.508630
910 0 0 0.530270
915 0 0 0.576000
920 0 0 0.594509
925 0 0 0.588929
930 0 0 0.576000
935 0 0 0.569333
940 0 0 0.570014
945 0 0 0.576000
950 0 0 0.588309
955 0 0 0.620201
960 0 0 0.688000
965 0 0 0.795062
970 0 0 0.892885
975 0 0 0.920000
980 0 0 0.841961
985 0 0 0.732407
990 0 0 0.692000
995 0 0 0.786133
1000 0 0 0.939118
1005 0 0 1.040000
1010 0 0 1.014842
1015 0 0 0.937788
1020 0 0 0.920000
1025 0 0 1.037461
1030 0 0 1.225434
1035 0 0 1.384000
1040 0 0 1.460498
1045 0 0 1.591292
1050 0 0 1.960000
1055 0 0 2.652249
1060 0 0 3.361695
1065 0 0 3.684000
1070 0 0 3.350802
1075 0 0 2.637633
1080 0 0 1.956000
1085 0 0 1.620987
1090 0 0 1.561994
1095 0 0 1.612000
1100 0 0 1.627621
1105 0 0 1.560021
1110 0 0 1.384000
1115 0 0 1.123047
1120 0 0 0.995404
1125 0 0 1.268000
1130 0 0 2.100485
1135 0 0 3.223399
1140 0 0 4.260000
1145 0 0 4.919752
1150 0 0 5.256927
1155 0 0 5.412000
1160 0 0 5.479619
1165 0 0 5.371117
1170 0 0 4.952000
1175 0 0 4.150959
1180 0 0 3.149422
1185 0 0 2.192000
1190 0 0 1.478027
1195 0 0 1.025716
1200 0 0 0.808000
1205 0 0 0.784192
1210 0 0 0.859123
1215 0 0 0.924000
1220 0 0 0.896759
1225 0 0 0.802238
1230 0 0 0.692000
1235 0 0 0.609955
1240 0 0 0.569406
1245 0 0 0.576000
1250 0 0 0.630679
1255 0 0 0.715546
1260 0 0 0.808000
1265 0 0 0.894590
1270 0 0 0.998483
1275 0 0 1.152000
1280 0 0 1.364444
1285 0 0 1.553042
1290 0 0 1.612000
1295 0 0 1.475485
1300 0 0 1.237499
1305 0 0 1.032000
1310 0 0 0.959096
1315 0 0 0.983482
1320 0 0 1.036000
1325 0 0 1.061019
1330 0 0 1.057017
1335 0 0 1.036000
1340 0 0 1.007348
1345 0 0 0.969933
1350 0 0 0.920000
1355 0 0 0.854922
1360 0 0 0.776584
1365 0 0 0.688000
1370 0 0 0.599038
1375 0 0 0.546989
1380 0 0 0.576000
1385 0 0 0.705520
1390 0 0 0.856202
1395 0 0 0.924000
1400 0 0 0.841401
1405 0 0 0.687019
1410 0 0 0.576000
1415 0 0 0.591988
1420 0 0 0.692613
1425 0 0 0.804000
1430 0 0 0.852276
1435 0 0 0.763567
