0 0 0 -0.000484
5 0 0 -0.000371
10 0 0 -0.000279
15 0 0 -0.000208
20 0 0 -0.000160
25 0 0 -0.000136
30 0 0 -0.000139
35 0 0 -0.000167
40 0 0 -0.000206
45 0 0 -0.000241
50 0 0 -0.000259
55 0 0 -0.000258
60 0 0 -0.000241
65 0 0 -0.000213
70 0 0 -0.000185
75 0 0 -0.000173
80 0 0 -0.000185
85 0 0 -0.000213
90 0 0 -0.000242
95 0 0 -0.000261
100 0 0 -0.000263
105 0 0 -0.000242
110 0 0 -0.000199
115 0 0 -0.000146
120 0 0 -0.000103
125 0 0 -0.000084
130 0 0 -0.000087
135 0 0 -0.000103
140 0 0 -0.000127
145 0 0 -0.000152
150 0 0 -0.000173
155 0 0 -0.000185
160 0 0 -0.000185
165 0 0 -0.000173
170 0 0 -0.000148
175 0 0 -0.000120
180 0 0 -0.000103
185 0 0 -0.000105
190 0 0 -0.000120
195 0 0 -0.000138
200 0 0 -0.000151
205 0 0 -0.000153
210 0 0 -0.000139
215 0 0 -0.000109
220 0 0 -0.000078
225 0 0 -0.000070
230 0 0 -0.000096
235 0 0 -0.000139
240 0 0 -0.000173
245 0 0 -0.000178
250 0 0 -0.000162
255 0 0 -0.000138
260 0 0 -0.000119
265 0 0 -0.000107
270 0 0 -0.000103
275 0 0 -0.000107
280 0 0 -0.000119
285 0 0 -0.000138
290 0 0 -0.000162
295 0 0 -0.000179
300 0 0 -0.000173
305 0 0 -0.000136
310 0 0 -0.000091
315 0 0 -0.000070
320 0 0 -0.000091
325 0 0 -0.000136
330 0 0 -0.000173
335 0 0 -0.000180
340 0 0 -0.000163
345 0 0 -0.000139
350 0 0 -0.000119
355 0 0 -0.000107
360 0 0 -0.000103
365 0 0 -0.000108
370 0 0 -0.000121
375 0 0 -0.000138
380 0 0 -0.000157
385 0 0 -0.000171
390 0 0 -0.000173
395 0 0 -0.000157
400 0 0 -0.000130
405 0 0 -0.000103
410 0 0 -0.000086
415 0 0 -0.000084
420 0 0 -0.000103
425 0 0 -0.000144
430 0 0 -0.000187
435 0 0 -0.000208
440 0 0 -0.000188
445 0 0 -0.000145
450 0 0 -0.000103
455 0 0 -0.000082
460 0 0 -0.000083
465 0 0 -0.000104
470 0 0 -0.000141
475 0 0 -0.000171
480 0 0 -0.000173
485 0 0 -0.000133
490 0 0 -0.000093
495 0 0 -0.000103
500 0 0 -0.000195
505 0 0 -0.000313
510 0 0 -0.000380
515 0 0 -0.000345
520 0 0 -0.000252
525 0 0 -0.000173
530 0 0 -0.000159
535 0 0 -0.000184
540 0 0 -0.000206
545 0 0 -0.000191
550 0 0 -0.000150
555 0 0 -0.000103
560 0 0 -0.000070
565 0 0 -0.000058
570 0 0 -0.000070
575 0 0 -0.000107
580 0 0 -0.000158
585 0 0 -0.000208
590 0 0 -0.000241
595 0 0 -0.000254
600 0 0 -0.000242
605 0 0 -0.000207
610 0 0 -0.000164
615 0 0 -0.000138
620 0 0 -0.000142
625 0 0 -0.000161
630 0 0 -0.000173
635 0 0 -0.000162
640 0 0 -0.000143
645 0 0 -0.000138
650 0 0 -0.000161
655 0 0 -0.000193
660 0 0 -0.000208
665 0 0 -0.000188
670 0 0 -0.000163
675 0 0 -0.000173
680 0 0 -0.000241
685 0 0 -0.000320
690 0 0 -0.000346
695 0 0 -0.000278
700 0 0 -0.000171
705 0 0 -0.000103
710 0 0 -0.000130
715 0 0 -0.000209
720 0 0 -0.000277
725 0 0 -0.000286
730 0 0 -0.000260
735 0 0 -0.000242
740 0 0 -0.000262
745 0 0 -0.000297
750 0 0 -0.000311
755 0 0 -0.000280
760 0 0 -0.000223
765 0 0 -0.000173
770 0 0 -0.000152
775 0 0 -0.000156
780 0 0 -0.000173
785 0 0 -0.000192
790 0 0 -0.000206
795 0 0 -0.000208
800 0 0 -0.000194
805 0 0 -0.000176
810 0 0 -0.000173
815 0 0 -0.000194
820 0 0 -0.000233
825 0 0 -0.000276
830 0 0 -0.000313
835 0 0 -0.000337
840 0 0 -0.000344
845 0 0 -0.000331
850 0 0 -0.000297
855 0 0 -0.000241
860 0 0 -0.000171
865 0 0 -0.000113
870 0 0 -0.000103
875 0 0 -0.000158
880 0 0 -0.000235
885 0 0 -0.000276
890 0 0 -0.000245
895 0 0 -0.000205
900 0 0 -0.000242
905 0 0 -0.000409
910 0 0 -0.000621
915 0 0 -0.000761
920 0 0 -0.000748
925 0 0 -0.000645
930 0 0 -0.000552
935 0 0 -0.000542
940 0 0 -0.000575
945 0 0 -0.000587
950 0 0 -0.000532
955 0 0 -0.000454
960 0 0 -0.000415
965 0 0 -0.000463
970 0 0 -0.000579
975 0 0 -0.000726
980 0 0 -0.000873
985 0 0 -0.001004
990 0 0 -0.001106
995 0 0 -0.001164
1000 0 0 -0.001151
1005 0 0 -0.001037
1010 0 0 -0.000815
1015 0 0 -0.000563
1020 0 0 -0.000380
1025 0 0 -0.000338
1030 0 0 -0.000387
1035 0 0 -0.000450
1040 0 0 -0.000470
1045 0 0 -0.000476
1050 0 0 -0.000518
1055 0 0 -0.000630
1060 0 0 -0.000775
1065 0 0 -0.000899
1070 0 0 -0.000959
1075 0 0 -0.000964
1080 0 0 -0.000934
1085 0 0 -0.000885
1090 0 0 -0.000826
1095 0 0 -0.000760
1100 0 0 -0.000691
1105 0 0 -0.000630
1110 0 0 -0.000587
1115 0 0 -0.000567
1120 0 0 -0.000561
1125 0 0 -0.000553
1130 0 0 -0.000534
1135 0 0 -0.000508
1140 0 0 -0.000484
1145 0 0 -0.000467
1150 0 0 -0.000456
1155 0 0 -0.000449
1160 0 0 -0.000443
1165 0 0 -0.000441
1170 0 0 -0.000449
1175 0 0 -0.000466
1180 0 0 -0.000483
1185 0 0 -0.000485
1190 0 0 -0.000464
1195 0 0 -0.000434
1200 0 0 -0.000415
1205 0 0 -0.000425
1210 0 0 -0.000477
1215 0 0 -0.000587
1220 0 0 -0.000752
1225 0 0 -0.000915
1230 0 0 -0.001003
1235 0 0 -0.000968
1240 0 0 -0.000853
1245 0 0 -0.000725
1250 0 0 -0.000638
1255 0 0 -0.000595
1260 0 0 -0.000588
1265 0 0 -0.000605
1270 0 0 -0.000624
1275 0 0 -0.000622
1280 0 0 -0.000582
1285 0 0 -0.000518
1290 0 0 -0.000450
1295 0 0 -0.000396
1300 0 0 -0.000361
1305 0 0 -0.000346
1310 0 0 -0.000350
1315 0 0 -0.000366
1320 0 0 -0.000380
1325 0 0 -0.000386
1330 0 0 -0.000384
1335 0 0 -0.000379
1340 0 0 -0.000377
1345 0 0 -0.000377
1350 0 0 -0.000380
1355 0 0 -0.000387
1360 0 0 -0.000398
1365 0 0 -0.000415
1370 0 0 -0.000437
1375 0 0 -0.000453
1380 0 0 -0.000450
1385 0 0 -0.000421
1390 0 0 -0.000380
1395 0 0 -0.000346
1400 0 0 -0.000331
1405 0 0 -0.000334
1410 0 0 -0.000346
1415 0 0 -0.000359
1420 0 0 -0.000371
1425 0 0 -0.000380
1430 0 0 -0.000384
1435 0 0 -0.000375
1440 0 0 -0.000346
1445 0 0 -0.000293
1450 0 0 -0.000238
1455 0 0 -0.000208
1460 0 0 -0.000219
1465 0 0 -0.000251
1470 0 0 -0.000276
1475 0 0 -0.000272
1480 0 0 -0.000253
1485 0 0 -0.000242
1490 0 0 -0.000256
1495 0 0 -0.000276
1500 0 0 -0.000276
1505 0 0 -0.000241
1510 0 0 -0.000195
1515 0 0 -0.000173
1520 0 0 -0.000198
1525 0 0 -0.000244
1530 0 0 -0.000276
1535 0 0 -0.000267
1540 0 0 -0.000235
1545 0 0 -0.000208
1550 0 0 -0.000207
1555 0 0 -0.000224
1560 0 0 -0.000242
1565 0 0 -0.000249
1570 0 0 -0.000247
1575 0 0 -0.000242
1580 0 0 -0.000240
1585 0 0 -0.000240
1590 0 0 -0.000241
1595 0 0 -0.000242
1600 0 0 -0.000242
1605 0 0 -0.000241
1610 0 0 -0.000240
1615 0 0 -0.000240
1620 0 0 -0.000241
1625 0 0 -0.000245
1630 0 0 -0.000247
1635 0 0 -0.000242
1640 0 0 -0.000229
1645 0 0 -0.000215
1650 0 0 -0.000208
1655 0 0 -0.000214
1660 0 0 -0.000229
1665 0 0 -0.000241
1670 0 0 -0.000245
1675 0 0 -0.000244
1680 0 0 -0.000242
1685 0 0 -0.000245
1690 0 0 -0.000247
1695 0 0 -0.000242
1700 0 0 -0.000229
1705 0 0 -0.000214
1710 0 0 -0.000206
1715 0 0 -0.000214
1720 0 0 -0.000229
1725 0 0 -0.000242
1730 0 0 -0.000247
1735 0 0 -0.000245
1740 0 0 -0.000242
1745 0 0 -0.000244
1750 0 0 -0.000245
1755 0 0 -0.000241
1760 0 0 -0.000229
1765 0 0 -0.000215
1770 0 0 -0.000208
1775 0 0 -0.000214
1780 0 0 -0.000228
1785 0 0 -0.000241
1790 0 0 -0.000246
1795 0 0 -0.000245
1800 0 0 -0.000242
1805 0 0 -0.000241
1810 0 0 -0.000241
1815 0 0 -0.000242
1820 0 0 -0.000244
1825 0 0 -0.000245
1830 0 0 -0.000242
1835 0 0 -0.000235
1840 0 0 -0.000223
1845 0 0 -0.000206
1850 0 0 -0.000187
1855 0 0 -0.000173
1860 0 0 -0.000173
1865 0 0 -0.000195
1870 0 0 -0.000249
1875 0 0 -0.000346
1880 0 0 -0.000482
1885 0 0 -0.000607
1890 0 0 -0.000656
1895 0 0 -0.000590
1900 0 0 -0.000451
1905 0 0 -0.000310
1910 0 0 -0.000218
1915 0 0 -0.000177
1920 0 0 -0.000173
1925 0 0 -0.000192
1930 0 0 -0.000211
1935 0 0 -0.000208
1940 0 0 -0.000167
1945 0 0 -0.000110
1950 0 0 -0.000070
1955 0 0 -0.000068
1960 0 0 -0.000096
1965 0 0 -0.000138
1970 0 0 -0.000180
1975 0 0 -0.000216
1980 0 0 -0.000242
1985 0 0 -0.000257
1990 0 0 -0.000258
1995 0 0 -0.000242
2000 0 0 -0.000211
2005 0 0 -0.000172
2010 0 0 -0.000138
2015 0 0 -0.000117
2020 0 0 -0.000107
2025 0 0 -0.000103
2030 0 0 -0.000101
2035 0 0 -0.000101
2040 0 0 -0.000104
2045 0 0 -0.000110
2050 0 0 -0.000113
2055 0 0 -0.000103
2060 0 0 -0.000080
2065 0 0 -0.000060
2070 0 0 -0.000068
2075 0 0 -0.000117
2080 0 0 -0.000176
2085 0 0 -0.000206
2090 0 0 -0.000180
2095 0 0 -0.000122
2100 0 0 -0.000070
2105 0 0 -0.000052
2110 0 0 -0.000067
2115 0 0 -0.000103
2120 0 0 -0.000149
2125 0 0 -0.000189
2130 0 0 -0.000208
2135 0 0 -0.000194
2140 0 0 -0.000164
2145 0 0 -0.000138
2150 0 0 -0.000132
2155 0 0 -0.000146
2160 0 0 -0.000173
2165 0 0 -0.000206
2170 0 0 -0.000233
2175 0 0 -0.000241
2180 0 0 -0.000222
2185 0 0 -0.000191
2190 0 0 -0.000173
2195 0 0 -0.000181
2200 0 0 -0.000200
2205 0 0 -0.000208
2210 0 0 -0.000188
2215 0 0 -0.000157
2220 0 0 -0.000138
2225 0 0 -0.000146
2230 0 0 -0.000166
2235 0 0 -0.000173
2240 0 0 -0.000151
2245 0 0 -0.000111
2250 0 0 -0.000070
2255 0 0 -0.000043
2260 0 0 -0.000041
2265 0 0 -0.000070
2270 0 0 -0.000129
2275 0 0 -0.000188
2280 0 0 -0.000208
2285 0 0 -0.000162
2290 0 0 -0.000088
2295 0 0 -0.000035
2300 0 0 -0.000040
2305 0 0 -0.000085
2310 0 0 -0.000138
2315 0 0 -0.000174
2320 0 0 -0.000186
2325 0 0 -0.000173
2330 0 0 -0.000138
2335 0 0 -0.000096
2340 0 0 -0.000068
2345 0 0 -0.000067
2350 0 0 -0.000084
2355 0 0 -0.000104
2360 0 0 -0.000116
2365 0 0 -0.000125
2370 0 0 -0.000138
2375 0 0 -0.000160
2380 0 0 -0.000178
2385 0 0 -0.000173
2390 0 0 -0.000138
2395 0 0 -0.000110
2400 0 0 -0.000138
2405 0 0 -0.000249
2410 0 0 -0.000388
2415 0 0 -0.000484
2420 0 0 -0.000481
2425 0 0 -0.000407
2430 0 0 -0.000311
2435 0 0 -0.000231
2440 0 0 -0.000174
2445 0 0 -0.000139
2450 0 0 -0.000123
2455 0 0 -0.000124
2460 0 0 -0.000138
2465 0 0 -0.000162
2470 0 0 -0.000188
2475 0 0 -0.000206
2480 0 0 -0.000213
2485 0 0 -0.000220
2490 0 0 -0.000241
2495 0 0 -0.000286
2500 0 0 -0.000340
2505 0 0 -0.000380
2510 0 0 -0.000393
2515 0 0 -0.000387
2520 0 0 -0.000380
2525 0 0 -0.000385
2530 0 0 -0.000390
2535 0 0 -0.000380
2540 0 0 -0.000349
2545 0 0 -0.000316
2550 0 0 -0.000311
2555 0 0 -0.000351
2560 0 0 -0.000418
2565 0 0 -0.000485
2570 0 0 -0.000529
2575 0 0 -0.000550
2580 0 0 -0.000552
2585 0 0 -0.000542
2590 0 0 -0.000528
2595 0 0 -0.000518
2600 0 0 -0.000520
2605 0 0 -0.000524
2610 0 0 -0.000518
2615 0 0 -0.000499
2620 0 0 -0.000489
2625 0 0 -0.000518
2630 0 0 -0.000604
2635 0 0 -0.000712
2640 0 0 -0.000794
2645 0 0 -0.000818
2650 0 0 -0.000797
2655 0 0 -0.000761
2660 0 0 -0.000732
2665 0 0 -0.000710
2670 0 0 -0.000691
2675 0 0 -0.000674
2680 0 0 -0.000669
2685 0 0 -0.000691
2690 0 0 -0.000745
2695 0 0 -0.000795
2700 0 0 -0.000794
2705 0 0 -0.000715
2710 0 0 -0.000601
2715 0 0 -0.000518
2720 0 0 -0.000511
2725 0 0 -0.000550
2730 0 0 -0.000588
2735 0 0 -0.000589
2740 0 0 -0.000568
2745 0 0 -0.000552
2750 0 0 -0.000561
2755 0 0 -0.000580
2760 0 0 -0.000587
2765 0 0 -0.000564
2770 0 0 -0.000515
2775 0 0 -0.000449
2780 0 0 -0.000377
2785 0 0 -0.000314
2790 0 0 -0.000276
2795 0 0 -0.000274
2800 0 0 -0.000293
2805 0 0 -0.000311
2810 0 0 -0.000312
2815 0 0 -0.000298
2820 0 0 -0.000277
2825 0 0 -0.000257
2830 0 0 -0.000243
2835 0 0 -0.000242
2840 0 0 -0.000258
2845 0 0 -0.000275
2850 0 0 -0.000277
2855 0 0 -0.000254
2860 0 0 -0.000222
2865 0 0 -0.000206
2870 0 0 -0.000223
2875 0 0 -0.000255
2880 0 0 -0.000276
2885 0 0 -0.000267
2890 0 0 -0.000239
2895 0 0 -0.000208
2900 0 0 -0.000188
2905 0 0 -0.000186
2910 0 0 -0.000208
2915 0 0 -0.000251
2920 0 0 -0.000295
2925 0 0 -0.000311
2930 0 0 -0.000281
2935 0 0 -0.000226
2940 0 0 -0.000173
2945 0 0 -0.000146
2950 0 0 -0.000148
2955 0 0 -0.000173
2960 0 0 -0.000215
2965 0 0 -0.000256
2970 0 0 -0.000276
2975 0 0 -0.000261
2980 0 0 -0.000230
2985 0 0 -0.000208
2990 0 0 -0.000211
2995 0 0 -0.000229
3000 0 0 -0.000241
3005 0 0 -0.000234
3010 0 0 -0.000217
3015 0 0 -0.000208
3020 0 0 -0.000216
3025 0 0 -0.000233
3030 0 0 -0.000242
3035 0 0 -0.000235
3040 0 0 -0.000219
3045 0 0 -0.000208
3050 0 0 -0.000210
3055 0 0 -0.000223
3060 0 0 -0.000242
3065 0 0 -0.000262
3070 0 0 -0.000276
3075 0 0 -0.000277
3080 0 0 -0.000262
3085 0 0 -0.000236
3090 0 0 -0.000208
3095 0 0 -0.000184
3100 0 0 -0.000171
3105 0 0 -0.000173
3110 0 0 -0.000193
3115 0 0 -0.000220
3120 0 0 -0.000242
3125 0 0 -0.000250
3130 0 0 -0.000247
3135 0 0 -0.000241
3140 0 0 -0.000238
3145 0 0 -0.000238
3150 0 0 -0.000242
3155 0 0 -0.000249
3160 0 0 -0.000251
3165 0 0 -0.000242
3170 0 0 -0.000219
3175 0 0 -0.000191
3180 0 0 -0.000173
3185 0 0 -0.000175
3190 0 0 -0.000190
3195 0 0 -0.000208
3200 0 0 -0.000220
3205 0 0 -0.000230
3210 0 0 -0.000242
3215 0 0 -0.000261
3220 0 0 -0.000276
3225 0 0 -0.000276
3230 0 0 -0.000254
3235 0 0 -0.000224
3240 0 0 -0.000208
3245 0 0 -0.000216
3250 0 0 -0.000235
3255 0 0 -0.000242
3260 0 0 -0.000223
3265 0 0 -0.000193
3270 0 0 -0.000173
3275 0 0 -0.000180
3280 0 0 -0.000208
3285 0 0 -0.000242
3290 0 0 -0.000274
3295 0 0 -0.000306
3300 0 0 -0.000346
3305 0 0 -0.000398
3310 0 0 -0.000466
3315 0 0 -0.000553
3320 0 0 -0.000652
3325 0 0 -0.000726
3330 0 0 -0.000726
3335 0 0 -0.000626
3340 0 0 -0.000477
3345 0 0 -0.000346
3350 0 0 -0.000285
3355 0 0 -0.000274
3360 0 0 -0.000277
3365 0 0 -0.000265
3370 0 0 -0.000238
3375 0 0 -0.000208
3380 0 0 -0.000181
3385 0 0 -0.000158
3390 0 0 -0.000138
3395 0 0 -0.000119
3400 0 0 -0.000106
3405 0 0 -0.000104
3410 0 0 -0.000117
3415 0 0 -0.000133
3420 0 0 -0.000138
3425 0 0 -0.000123
3430 0 0 -0.000095
3435 0 0 -0.000070
3440 0 0 -0.000056
3445 0 0 -0.000057
3450 0 0 -0.000070
3455 0 0 -0.000093
3460 0 0 -0.000119
3465 0 0 -0.000139
3470 0 0 -0.000146
3475 0 0 -0.000144
3480 0 0 -0.000138
3485 0 0 -0.000132
3490 0 0 -0.000123
3495 0 0 -0.000103
3500 0 0 -0.000072
3505 0 0 -0.000043
3510 0 0 -0.000035
3515 0 0 -0.000059
3520 0 0 -0.000100
3525 0 0 -0.000138
3530 0 0 -0.000155
3535 0 0 -0.000153
3540 0 0 -0.000138
3545 0 0 -0.000118
3550 0 0 -0.000103
3555 0 0 -0.000104
3560 0 0 -0.000129
3565 0 0 -0.000160
3570 0 0 -0.000173
3575 0 0 -0.000154
3580 0 0 -0.000122
3585 0 0 -0.000103
3590 0 0 -0.000117
3595 0 0 -0.000156
3600 0 0 -0.000208
3605 0 0 -0.000257
3610 0 0 -0.000295
3615 0 0 -0.000311
3620 0 0 -0.000298
3625 0 0 -0.000262
3630 0 0 -0.000208
3635 0 0 -0.000147
3640 0 0 -0.000103
3645 0 0 -0.000104
3650 0 0 -0.000166
3655 0 0 -0.000251
3660 0 0 -0.000311
3665 0 0 -0.000308
3670 0 0 -0.000263
3675 0 0 -0.000206
3680 0 0 -0.000166
3685 0 0 -0.000144
3690 0 0 -0.000138
3695 0 0 -0.000145
3700 0 0 -0.000159
3705 0 0 -0.000173
3710 0 0 -0.000180
3715 0 0 -0.000180
3720 0 0 -0.000173
3725 0 0 -0.000160
3730 0 0 -0.000146
3735 0 0 -0.000138
3740 0 0 -0.000141
3745 0 0 -0.000154
3750 0 0 -0.000173
3755 0 0 -0.000194
3760 0 0 -0.000209
3765 0 0 -0.000208
3770 0 0 -0.000185
3775 0 0 -0.000156
3780 0 0 -0.000139
3785 0 0 -0.000147
3790 0 0 -0.000165
3795 0 0 -0.000173
3800 0 0 -0.000158
3805 0 0 -0.000138
3810 0 0 -0.000139
3815 0 0 -0.000178
3820 0 0 -0.000234
3825 0 0 -0.000276
3830 0 0 -0.000285
3835 0 0 -0.000286
3840 0 0 -0.000311
3845 0 0 -0.000381
3850 0 0 -0.000456
3855 0 0 -0.000484
3860 0 0 -0.000427
3865 0 0 -0.000327
3870 0 0 -0.000241
3875 0 0 -0.000213
3880 0 0 -0.000225
3885 0 0 -0.000242
3890 0 0 -0.000241
3895 0 0 -0.000233
3900 0 0 -0.000241
3905 0 0 -0.000278
3910 0 0 -0.000323
3915 0 0 -0.000346
3920 0 0 -0.000328
3925 0 0 -0.000302
3930 0 0 -0.000311
3935 0 0 -0.000383
3940 0 0 -0.000490
3945 0 0 -0.000587
3950 0 0 -0.000641
3955 0 0 -0.000658
3960 0 0 -0.000656
3965 0 0 -0.000650
3970 0 0 -0.000639
3975 0 0 -0.000623
3980 0 0 -0.000602
3985 0 0 -0.000586
3990 0 0 -0.000587
3995 0 0 -0.000611
4000 0 0 -0.000642
4005 0 0 -0.000656
4010 0 0 -0.000639
4015 0 0 -0.000600
4020 0 0 -0.000553
4025 0 0 -0.000514
4030 0 0 -0.000489
4035 0 0 -0.000484
4040 0 0 -0.000500
4045 0 0 -0.000519
4050 0 0 -0.000517
4055 0 0 -0.000479
4060 0 0 -0.000415
4065 0 0 -0.000346
4070 0 0 -0.000285
4075 0 0 -0.000239
4080 0 0 -0.000208
4085 0 0 -0.000194
4090 0 0 -0.000204
4095 0 0 -0.000241
4100 0 0 -0.000308
4105 0 0 -0.000385
4110 0 0 -0.000450
4115 0 0 -0.000485
4120 0 0 -0.000494
4125 0 0 -0.000484
4130 0 0 -0.000462
4135 0 0 -0.000437
4140 0 0 -0.000415
4145 0 0 -0.000401
4150 0 0 -0.000391
4155 0 0 -0.000380
4160 0 0 -0.000367
4165 0 0 -0.000363
4170 0 0 -0.000380
4175 0 0 -0.000428
4180 0 0 -0.000484
4185 0 0 -0.000518
4190 0 0 -0.000510
4195 0 0 -0.000461
4200 0 0 -0.000380
4205 0 0 -0.000282
4210 0 0 -0.000191
4215 0 0 -0.000138
4220 0 0 -0.000142
4225 0 0 -0.000178
4230 0 0 -0.000206
4235 0 0 -0.000201
4240 0 0 -0.000171
4245 0 0 -0.000138
4250 0 0 -0.000116
4255 0 0 -0.000106
4260 0 0 -0.000103
4265 0 0 -0.000103
4270 0 0 -0.000104
4275 0 0 -0.000104
4280 0 0 -0.000103
4285 0 0 -0.000103
4290 0 0 -0.000104
4295 0 0 -0.000110
4300 0 0 -0.000122
4305 0 0 -0.000139
4310 0 0 -0.000161
4315 0 0 -0.000176
4320 0 0 -0.000173
4325 0 0 -0.000143
4330 0 0 -0.000102
4335 0 0 -0.000070
4340 0 0 -0.000062
4345 0 0 -0.000076
4350 0 0 -0.000103
4355 0 0 -0.000136
4360 0 0 -0.000163
4365 0 0 -0.000173
4370 0 0 -0.000159
4375 0 0 -0.000131
4380 0 0 -0.000104
4385 0 0 -0.000091
4390 0 0 -0.000092
4395 0 0 -0.000104
4400 0 0 -0.000124
4405 0 0 -0.000139
4410 0 0 -0.000138
4415 0 0 -0.000113
4420 0 0 -0.000082
4425 0 0 -0.000070
4430 0 0 -0.000092
4435 0 0 -0.000134
4440 0 0 -0.000173
4445 0 0 -0.000190
4450 0 0 -0.000188
4455 0 0 -0.000173
4460 0 0 -0.000152
4465 0 0 -0.000128
4470 0 0 -0.000103
4475 0 0 -0.000081
4480 0 0 -0.000067
4485 0 0 -0.000068
4490 0 0 -0.000089
4495 0 0 -0.000117
4500 0 0 -0.000139
4505 0 0 -0.000145
4510 0 0 -0.000141
4515 0 0 -0.000138
4520 0 0 -0.000143
4525 0 0 -0.000148
4530 0 0 -0.000138
4535 0 0 -0.000107
4540 0 0 -0.000076
4545 0 0 -0.000068
4550 0 0 -0.000102
4555 0 0 -0.000149
4560 0 0 -0.000173
4565 0 0 -0.000149
4570 0 0 -0.000103
4575 0 0 -0.000070
4580 0 0 -0.000076
4585 0 0 -0.000107
4590 0 0 -0.000139
4595 0 0 -0.000152
4600 0 0 -0.000149
4605 0 0 -0.000138
4610 0 0 -0.000125
4615 0 0 -0.000113
4620 0 0 -0.000104
4625 0 0 -0.000099
4630 0 0 -0.000099
4635 0 0 -0.000104
4640 0 0 -0.000115
4645 0 0 -0.000128
4650 0 0 -0.000139
4655 0 0 -0.000145
4660 0 0 -0.000145
4665 0 0 -0.000139
4670 0 0 -0.000128
4675 0 0 -0.000115
4680 0 0 -0.000104
4685 0 0 -0.000100
4690 0 0 -0.000100
4695 0 0 -0.000103
4700 0 0 -0.000107
4705 0 0 -0.000108
4710 0 0 -0.000103
4715 0 0 -0.000094
4720 0 0 -0.000099
4725 0 0 -0.000139
4730 0 0 -0.000227
4735 0 0 -0.000333
4740 0 0 -0.000415
4745 0 0 -0.000447
4750 0 0 -0.000447
4755 0 0 -0.000449
4760 0 0 -0.000474
4765 0 0 -0.000505
4770 0 0 -0.000518
4775 0 0 -0.000495
4780 0 0 -0.000453
4785 0 0 -0.000415
4790 0 0 -0.000399
4795 0 0 -0.000385
4800 0 0 -0.000346
4805 0 0 -0.000263
4810 0 0 -0.000169
4815 0 0 -0.000104
4820 0 0 -0.000097
4825 0 0 -0.000122
4830 0 0 -0.000138
4835 0 0 -0.000118
4840 0 0 -0.000084
4845 0 0 -0.000070
4850 0 0 -0.000098
4855 0 0 -0.000144
4860 0 0 -0.000173
4865 0 0 -0.000158
4870 0 0 -0.000114
4875 0 0 -0.000070
4880 0 0 -0.000045
4885 0 0 -0.000045
4890 0 0 -0.000070
4895 0 0 -0.000114
4900 0 0 -0.000157
4905 0 0 -0.000173
4910 0 0 -0.000145
4915 0 0 -0.000099
4920 0 0 -0.000070
4925 0 0 -0.000080
4930 0 0 -0.000112
4935 0 0 -0.000139
4940 0 0 -0.000139
4945 0 0 -0.000122
4950 0 0 -0.000104
4955 0 0 -0.000099
4960 0 0 -0.000102
4965 0 0 -0.000103
4970 0 0 -0.000099
4975 0 0 -0.000095
4980 0 0 -0.000104
4985 0 0 -0.000131
4990 0 0 -0.000161
4995 0 0 -0.000173
5000 0 0 -0.000153
5005 0 0 -0.000113
5010 0 0 -0.000070
5015 0 0 -0.000040
5020 0 0 -0.000036
5025 0 0 -0.000068
5030 0 0 -0.000139
5035 0 0 -0.000220
5040 0 0 -0.000276
5045 0 0 -0.000281
5050 0 0 -0.000250
5055 0 0 -0.000206
5060 0 0 -0.000171
5065 0 0 -0.000148
5070 0 0 -0.000138
5075 0 0 -0.000141
5080 0 0 -0.000154
5085 0 0 -0.000173
5090 0 0 -0.000193
5095 0 0 -0.000216
5100 0 0 -0.000242
5105 0 0 -0.000271
5110 0 0 -0.000288
5115 0 0 -0.000276
5120 0 0 -0.000229
5125 0 0 -0.000189
5130 0 0 -0.000208
5135 0 0 -0.000316
5140 0 0 -0.000457
5145 0 0 -0.000553
5150 0 0 -0.000548
5155 0 0 -0.000473
5160 0 0 -0.000380
5165 0 0 -0.000314
5170 0 0 -0.000271
5175 0 0 -0.000241
5180 0 0 -0.000216
5185 0 0 -0.000201
5190 0 0 -0.000208
5195 0 0 -0.000239
5200 0 0 -0.000272
5205 0 0 -0.000277
5210 0 0 -0.000236
5215 0 0 -0.000176
5220 0 0 -0.000139
5225 0 0 -0.000153
5230 0 0 -0.000198
5235 0 0 -0.000242
5240 0 0 -0.000263
5245 0 0 -0.000260
5250 0 0 -0.000242
5255 0 0 -0.000218
5260 0 0 -0.000192
5265 0 0 -0.000173
5270 0 0 -0.000164
5275 0 0 -0.000164
5280 0 0 -0.000173
5285 0 0 -0.000186
5290 0 0 -0.000199
5295 0 0 -0.000206
5300 0 0 -0.000204
5305 0 0 -0.000201
5310 0 0 -0.000208
5315 0 0 -0.000234
5320 0 0 -0.000290
5325 0 0 -0.000380
5330 0 0 -0.000510
5335 0 0 -0.000666
5340 0 0 -0.000829
5345 0 0 -0.000978
5350 0 0 -0.001065
5355 0 0 -0.001037
5360 0 0 -0.000867
5365 0 0 -0.000627
5370 0 0 -0.000414
5375 0 0 -0.000304
5380 0 0 -0.000281
5385 0 0 -0.000310
5390 0 0 -0.000357
5395 0 0 -0.000407
5400 0 0 -0.000449
5405 0 0 -0.000473
5410 0 0 -0.000483
5415 0 0 -0.000484
5420 0 0 -0.000480
5425 0 0 -0.000477
5430 0 0 -0.000484
5435 0 0 -0.000501
5440 0 0 -0.000518
5445 0 0 -0.000518
5450 0 0 -0.000493
5455 0 0 -0.000453
5460 0 0 -0.000415
5465 0 0 -0.000396
5470 0 0 -0.000404
5475 0 0 -0.000450
5480 0 0 -0.000532
5485 0 0 -0.000616
5490 0 0 -0.000656
5495 0 0 -0.000624
5500 0 0 -0.000551
5505 0 0 -0.000484
5510 0 0 -0.000456
5515 0 0 -0.000454
5520 0 0 -0.000450
5525 0 0 -0.000427
5530 0 0 -0.000406
5535 0 0 -0.000415
5540 0 0 -0.000470
5545 0 0 -0.000533
5550 0 0 -0.000552
5555 0 0 -0.000492
5560 0 0 -0.000393
5565 0 0 -0.000311
5570 0 0 -0.000289
5575 0 0 -0.000310
5580 0 0 -0.000346
5585 0 0 -0.000369
5590 0 0 -0.000380
5595 0 0 -0.000380
5600 0 0 -0.000377
5605 0 0 -0.000384
5610 0 0 -0.000414
5615 0 0 -0.000474
5620 0 0 -0.000533
5625 0 0 -0.000553
5630 0 0 -0.000506
5635 0 0 -0.000414
5640 0 0 -0.000311
5645 0 0 -0.000225
5650 0 0 -0.000166
5655 0 0 -0.000138
5660 0 0 -0.000141
5665 0 0 -0.000159
5670 0 0 -0.000173
5675 0 0 -0.000168
5680 0 0 -0.000153
5685 0 0 -0.000139
5690 0 0 -0.000137
5695 0 0 -0.000140
5700 0 0 -0.000139
5705 0 0 -0.000128
5710 0 0 -0.000114
5715 0 0 -0.000104
5720 0 0 -0.000108
5725 0 0 -0.000121
5730 0 0 -0.000138
5735 0 0 -0.000154
5740 0 0 -0.000166
5745 0 0 -0.000173
5750 0 0 -0.000172
5755 0 0 -0.000161
5760 0 0 -0.000138
5765 0 0 -0.000105
5770 0 0 -0.000076
5775 0 0 -0.000070
5780 0 0 -0.000097
5785 0 0 -0.000139
5790 0 0 -0.000173
5795 0 0 -0.000178
5800 0 0 -0.000162
5805 0 0 -0.000138
5810 0 0 -0.000118
5815 0 0 -0.000105
5820 0 0 -0.000103
5825 0 0 -0.000113
5830 0 0 -0.000127
5835 0 0 -0.000139
5840 0 0 -0.000142
5845 0 0 -0.000140
5850 0 0 -0.000138
5855 0 0 -0.000140
5860 0 0 -0.000142
5865 0 0 -0.000138
5870 0 0 -0.000125
5875 0 0 -0.000110
5880 0 0 -0.000103
5885 0 0 -0.000111
5890 0 0 -0.000126
5895 0 0 -0.000139
5900 0 0 -0.000143
5905 0 0 -0.000140
5910 0 0 -0.000138
5915 0 0 -0.000141
5920 0 0 -0.000143
5925 0 0 -0.000138
5930 0 0 -0.000122
5935 0 0 -0.000105
5940 0 0 -0.000104
5945 0 0 -0.000127
5950 0 0 -0.000158
5955 0 0 -0.000173
5960 0 0 -0.000158
5965 0 0 -0.000128
5970 0 0 -0.000104
5975 0 0 -0.000104
5980 0 0 -0.000120
5985 0 0 -0.000138
5990 0 0 -0.000148
5995 0 0 -0.000148
6000 0 0 -0.000139
6005 0 0 -0.000124
6010 0 0 -0.000110
6015 0 0 -0.000103
6020 0 0 -0.000110
6025 0 0 -0.000124
6030 0 0 -0.000138
6035 0 0 -0.000146
6040 0 0 -0.000146
6045 0 0 -0.000138
6050 0 0 -0.000123
6055 0 0 -0.000108
6060 0 0 -0.000103
6065 0 0 -0.000114
6070 0 0 -0.000131
6075 0 0 -0.000139
6080 0 0 -0.000130
6085 0 0 -0.000113
6090 0 0 -0.000104
6095 0 0 -0.000113
6100 0 0 -0.000130
6105 0 0 -0.000139
6110 0 0 -0.000130
6115 0 0 -0.000113
6120 0 0 -0.000103
6125 0 0 -0.000110
6130 0 0 -0.000126
6135 0 0 -0.000138
6140 0 0 -0.000135
6145 0 0 -0.000122
6150 0 0 -0.000103
6155 0 0 -0.000088
6160 0 0 -0.000094
6165 0 0 -0.000138
6170 0 0 -0.000230
6175 0 0 -0.000336
6180 0 0 -0.000414
6185 0 0 -0.000433
6190 0 0 -0.000411
6195 0 0 -0.000380
6200 0 0 -0.000365
6205 0 0 -0.000358
6210 0 0 -0.000346
6215 0 0 -0.000317
6220 0 0 -0.000279
6225 0 0 -0.000242
6230 0 0 -0.000214
6235 0 0 -0.000192
6240 0 0 -0.000173
6245 0 0 -0.000153
6250 0 0 -0.000139
6255 0 0 -0.000138
6260 0 0 -0.000155
6265 0 0 -0.000182
6270 0 0 -0.000208
6275 0 0 -0.000223
6280 0 0 -0.000223
6285 0 0 -0.000206
6290 0 0 -0.000174
6295 0 0 -0.000144
6300 0 0 -0.000138
6305 0 0 -0.000168
6310 0 0 -0.000213
6315 0 0 -0.000242
6320 0 0 -0.000239
6325 0 0 -0.000235
6330 0 0 -0.000277
6335 0 0 -0.000390
6340 0 0 -0.000519
6345 0 0 -0.000588
6350 0 0 -0.000545
6355 0 0 -0.000431
6360 0 0 -0.000312
6365 0 0 -0.000243
6370 0 0 -0.000232
6375 0 0 -0.000277
6380 0 0 -0.000369
6385 0 0 -0.000466
6390 0 0 -0.000520
6395 0 0 -0.000495
6400 0 0 -0.000422
6405 0 0 -0.000347
6410 0 0 -0.000305
6415 0 0 -0.000296
6420 0 0 -0.000312
6425 0 0 -0.000341
6430 0 0 -0.000361
6435 0 0 -0.000344
6440 0 0 -0.000278
6445 0 0 -0.000194
6450 0 0 -0.000138
6455 0 0 -0.000141
6460 0 0 -0.000186
6465 0 0 -0.000241
6470 0 0 -0.000281
6475 0 0 -0.000295
6480 0 0 -0.000277
6485 0 0 -0.000229
6490 0 0 -0.000173
6495 0 0 -0.000138
6500 0 0 -0.000144
6505 0 0 -0.000176
6510 0 0 -0.000208
6515 0 0 -0.000220
6520 0 0 -0.000216
6525 0 0 -0.000208
6530 0 0 -0.000201
6535 0 0 -0.000191
6540 0 0 -0.000173
6545 0 0 -0.000142
6550 0 0 -0.000114
6555 0 0 -0.000104
6560 0 0 -0.000125
6565 0 0 -0.000157
6570 0 0 -0.000173
6575 0 0 -0.000155
6580 0 0 -0.000123
6585 0 0 -0.000103
6590 0 0 -0.000115
6595 0 0 -0.000137
6600 0 0 -0.000139
6605 0 0 -0.000103
6610 0 0 -0.000055
6615 0 0 -0.000035
6620 0 0 -0.000068
6625 0 0 -0.000127
6630 0 0 -0.000173
6635 0 0 -0.000176
6640 0 0 -0.000154
6645 0 0 -0.000138
6650 0 0 -0.000149
6655 0 0 -0.000178
6660 0 0 -0.000206
6665 0 0 -0.000221
6670 0 0 -0.000221
6675 0 0 -0.000208
6680 0 0 -0.000185
6685 0 0 -0.000159
6690 0 0 -0.000138
6695 0 0 -0.000127
6700 0 0 -0.000119
6705 0 0 -0.000103
6710 0 0 -0.000081
6715 0 0 -0.000105
6720 0 0 -0.000241
6725 0 0 -0.000520
6730 0 0 -0.000832
6735 0 0 -0.001036
6740 0 0 -0.001029
6745 0 0 -0.000878
6750 0 0 -0.000691
6755 0 0 -0.000557
6760 0 0 -0.000490
6765 0 0 -0.000484
6770 0 0 -0.000525
6775 0 0 -0.000567
6780 0 0 -0.000553
6785 0 0 -0.000449
6790 0 0 -0.000309
6795 0 0 -0.000208
6800 0 0 -0.000200
6805 0 0 -0.000261
6810 0 0 -0.000346
6815 0 0 -0.000416
6820 0 0 -0.000471
6825 0 0 -0.000518
6830 0 0 -0.000563
6835 0 0 -0.000600
6840 0 0 -0.000623
6845 0 0 -0.000629
6850 0 0 -0.000634
6855 0 0 -0.000656
6860 0 0 -0.000705
6865 0 0 -0.000752
6870 0 0 -0.000760
6875 0 0 -0.000703
6880 0 0 -0.000609
6885 0 0 -0.000518
6890 0 0 -0.000463
6895 0 0 -0.000443
6900 0 0 -0.000449
6905 0 0 -0.000472
6910 0 0 -0.000500
6915 0 0 -0.000518
6920 0 0 -0.000518
6925 0 0 -0.000512
6930 0 0 -0.000518
6935 0 0 -0.000551
6940 0 0 -0.000601
6945 0 0 -0.000656
6950 0 0 -0.000704
6955 0 0 -0.000732
6960 0 0 -0.000726
6965 0 0 -0.000681
6970 0 0 -0.000615
6975 0 0 -0.000552
6980 0 0 -0.000512
6985 0 0 -0.000492
6990 0 0 -0.000484
6995 0 0 -0.000481
7000 0 0 -0.000490
7005 0 0 -0.000518
7010 0 0 -0.000566
7015 0 0 -0.000602
7020 0 0 -0.000588
7025 0 0 -0.000503
7030 0 0 -0.000391
7035 0 0 -0.000311
7040 0 0 -0.000306
7045 0 0 -0.000354
7050 0 0 -0.000414
7055 0 0 -0.000454
7060 0 0 -0.000474
7065 0 0 -0.000484
7070 0 0 -0.000487
7075 0 0 -0.000479
7080 0 0 -0.000449
7085 0 0 -0.000394
7090 0 0 -0.000338
7095 0 0 -0.000311
7100 0 0 -0.000329
7105 0 0 -0.000358
7110 0 0 -0.000346
7115 0 0 -0.000262
7120 0 0 -0.000150
7125 0 0 -0.000070
7130 0 0 -0.000063
7135 0 0 -0.000102
7140 0 0 -0.000138
7145 0 0 -0.000137
7150 0 0 -0.000116
7155 0 0 -0.000103
7160 0 0 -0.000120
7165 0 0 -0.000151
7170 0 0 -0.000173
7175 0 0 -0.000166
7180 0 0 -0.000139
7185 0 0 -0.000104
7190 0 0 -0.000075
7195 0 0 -0.000061
7200 0 0 -0.000070
7205 0 0 -0.000105
7210 0 0 -0.000148
7215 0 0 -0.000173
7220 0 0 -0.000163
7225 0 0 -0.000133
7230 0 0 -0.000104
7235 0 0 -0.000095
7240 0 0 -0.000099
7245 0 0 -0.000104
7250 0 0 -0.000103
7255 0 0 -0.000100
7260 0 0 -0.000103
7265 0 0 -0.000116
7270 0 0 -0.000132
7275 0 0 -0.000138
7280 0 0 -0.000128
7285 0 0 -0.000112
7290 0 0 -0.000103
7295 0 0 -0.000111
7300 0 0 -0.000128
7305 0 0 -0.000138
7310 0 0 -0.000133
7315 0 0 -0.000118
7320 0 0 -0.000103
7325 0 0 -0.000096
7330 0 0 -0.000098
7335 0 0 -0.000104
7340 0 0 -0.000115
7345 0 0 -0.000127
7350 0 0 -0.000138
7355 0 0 -0.000147
7360 0 0 -0.000149
7365 0 0 -0.000139
7370 0 0 -0.000117
7375 0 0 -0.000090
7380 0 0 -0.000070
7385 0 0 -0.000066
7390 0 0 -0.000078
7395 0 0 -0.000103
7400 0 0 -0.000138
7405 0 0 -0.000167
7410 0 0 -0.000173
7415 0 0 -0.000146
7420 0 0 -0.000104
7425 0 0 -0.000070
7430 0 0 -0.000061
7435 0 0 -0.000076
7440 0 0 -0.000104
7445 0 0 -0.000138
7450 0 0 -0.000164
7455 0 0 -0.000173
7460 0 0 -0.000157
7465 0 0 -0.000128
7470 0 0 -0.000104
7475 0 0 -0.000098
7480 0 0 -0.000101
7485 0 0 -0.000104
7490 0 0 -0.000099
7495 0 0 -0.000094
7500 0 0 -0.000103
7505 0 0 -0.000132
7510 0 0 -0.000163
7515 0 0 -0.000173
7520 0 0 -0.000145
7525 0 0 -0.000101
7530 0 0 -0.000070
7535 0 0 -0.000073
7540 0 0 -0.000101
7545 0 0 -0.000138
7550 0 0 -0.000168
7555 0 0 -0.000181
7560 0 0 -0.000173
7565 0 0 -0.000139
7570 0 0 -0.000098
7575 0 0 -0.000068
7580 0 0 -0.000067
7585 0 0 -0.000084
7590 0 0 -0.000104
7595 0 0 -0.000119
7600 0 0 -0.000146
7605 0 0 -0.000208
7610 0 0 -0.000317
7615 0 0 -0.000437
7620 0 0 -0.000518
7625 0 0 -0.000528
7630 0 0 -0.000492
7635 0 0 -0.000449
7640 0 0 -0.000429
7645 0 0 -0.000424
7650 0 0 -0.000415
7655 0 0 -0.000387
7660 0 0 -0.000340
7665 0 0 -0.000277
7670 0 0 -0.000206
7675 0 0 -0.000150
7680 0 0 -0.000138
7685 0 0 -0.000187
7690 0 0 -0.000260
7695 0 0 -0.000311
7700 0 0 -0.000303
7705 0 0 -0.000248
7710 0 0 -0.000173
7715 0 0 -0.000099
7720 0 0 -0.000047
7725 0 0 -0.000035
7730 0 0 -0.000071
7735 0 0 -0.000129
7740 0 0 -0.000173
7745 0 0 -0.000178
7750 0 0 -0.000158
7755 0 0 -0.000138
7760 0 0 -0.000136
7765 0 0 -0.000143
7770 0 0 -0.000139
7775 0 0 -0.000115
7780 0 0 -0.000085
7785 0 0 -0.000070
7790 0 0 -0.000083
7795 0 0 -0.000112
7800 0 0 -0.000138
7805 0 0 -0.000147
7810 0 0 -0.000145
7815 0 0 -0.000139
7820 0 0 -0.000139
7825 0 0 -0.000140
7830 0 0 -0.000138
7835 0 0 -0.000129
7840 0 0 -0.000117
7845 0 0 -0.000104
7850 0 0 -0.000097
7855 0 0 -0.000096
7860 0 0 -0.000104
7865 0 0 -0.000121
7870 0 0 -0.000136
7875 0 0 -0.000138
7880 0 0 -0.000120
7885 0 0 -0.000101
7890 0 0 -0.000103
7895 0 0 -0.000142
7900 0 0 -0.000198
7905 0 0 -0.000242
7910 0 0 -0.000255
7915 0 0 -0.000239
7920 0 0 -0.000208
7925 0 0 -0.000172
7930 0 0 -0.000144
7935 0 0 -0.000138
7940 0 0 -0.000159
7945 0 0 -0.000191
7950 0 0 -0.000208
7955 0 0 -0.000194
7960 0 0 -0.000163
7965 0 0 -0.000138
7970 0 0 -0.000134
7975 0 0 -0.000139
7980 0 0 -0.000138
7985 0 0 -0.000118
7990 0 0 -0.000090
7995 0 0 -0.000070
8000 0 0 -0.000069
8005 0 0 -0.000083
8010 0 0 -0.000104
8015 0 0 -0.000125
8020 0 0 -0.000138
8025 0 0 -0.000138
8030 0 0 -0.000123
8035 0 0 -0.000106
8040 0 0 -0.000104
8045 0 0 -0.000128
8050 0 0 -0.000159
8055 0 0 -0.000173
8060 0 0 -0.000153
8065 0 0 -0.000112
8070 0 0 -0.000068
8075 0 0 -0.000041
8080 0 0 -0.000038
8085 0 0 -0.000070
8090 0 0 -0.000132
8095 0 0 -0.000184
8100 0 0 -0.000173
8105 0 0 -0.000080
8110 0 0 -0.000020
8115 0 0 -0.000139
8120 0 0 -0.000519
8125 0 0 -0.000981
8130 0 0 -0.001278
8135 0 0 -0.001241
8140 0 0 -0.001000
8145 0 0 -0.000760
8150 0 0 -0.000672
8155 0 0 -0.000684
8160 0 0 -0.000691
8165 0 0 -0.000616
8170 0 0 -0.000492
8175 0 0 -0.000380
8180 0 0 -0.000326
8185 0 0 -0.000305
8190 0 0 -0.000276
8195 0 0 -0.000214
8200 0 0 -0.000152
8205 0 0 -0.000138
8210 0 0 -0.000202
8215 0 0 -0.000302
8220 0 0 -0.000380
8225 0 0 -0.000399
8230 0 0 -0.000409
8235 0 0 -0.000485
8240 0 0 -0.000669
8245 0 0 -0.000879
8250 0 0 -0.001002
8255 0 0 -0.000958
8260 0 0 -0.000802
8265 0 0 -0.000622
8270 0 0 -0.000488
8275 0 0 -0.000410
8280 0 0 -0.000380
8285 0 0 -0.000387
8290 0 0 -0.000407
8295 0 0 -0.000414
8300 0 0 -0.000389
8305 0 0 -0.000347
8310 0 0 -0.000311
8315 0 0 -0.000299
8320 0 0 -0.000303
8325 0 0 -0.000311
8330 0 0 -0.000312
8335 0 0 -0.000310
8340 0 0 -0.000312
8345 0 0 -0.000324
8350 0 0 -0.000338
8355 0 0 -0.000347
8360 0 0 -0.000343
8365 0 0 -0.000329
8370 0 0 -0.000311
8375 0 0 -0.000292
8380 0 0 -0.000279
8385 0 0 -0.000276
8390 0 0 -0.000286
8395 0 0 -0.000302
8400 0 0 -0.000311
8405 0 0 -0.000306
8410 0 0 -0.000291
8415 0 0 -0.000276
8420 0 0 -0.000267
8425 0 0 -0.000266
8430 0 0 -0.000276
8435 0 0 -0.000296
8440 0 0 -0.000312
8445 0 0 -0.000311
8450 0 0 -0.000283
8455 0 0 -0.000251
8460 0 0 -0.000241
8465 0 0 -0.000273
8470 0 0 -0.000329
8475 0 0 -0.000380
8480 0 0 -0.000406
8485 0 0 -0.000404
8490 0 0 -0.000380
8495 0 0 -0.000340
8500 0 0 -0.000300
8505 0 0 -0.000276
8510 0 0 -0.000280
8515 0 0 -0.000290
8520 0 0 -0.000277
8525 0 0 -0.000227
8530 0 0 -0.000176
8535 0 0 -0.000173
8540 0 0 -0.000248
8545 0 0 -0.000352
8550 0 0 -0.000414
8555 0 0 -0.000387
8560 0 0 -0.000310
8565 0 0 -0.000242
8570 0 0 -0.000229
8575 0 0 -0.000252
8580 0 0 -0.000277
8585 0 0 -0.000278
8590 0 0 -0.000262
8595 0 0 -0.000242
8600 0 0 -0.000233
8605 0 0 -0.000233
8610 0 0 -0.000242
8615 0 0 -0.000258
8620 0 0 -0.000272
8625 0 0 -0.000276
8630 0 0 -0.000266
8635 0 0 -0.000250
8640 0 0 -0.000241
8645 0 0 -0.000247
8650 0 0 -0.000254
8655 0 0 -0.000242
8660 0 0 -0.000203
8665 0 0 -0.000157
8670 0 0 -0.000138
8675 0 0 -0.000165
8680 0 0 -0.000212
8685 0 0 -0.000241
8690 0 0 -0.000226
8695 0 0 -0.000183
8700 0 0 -0.000138
8705 0 0 -0.000113
8710 0 0 -0.000104
8715 0 0 -0.000104
8720 0 0 -0.000105
8725 0 0 -0.000105
8730 0 0 -0.000103
8735 0 0 -0.000100
8740 0 0 -0.000099
8745 0 0 -0.000104
8750 0 0 -0.000118
8755 0 0 -0.000133
8760 0 0 -0.000138
8765 0 0 -0.000127
8770 0 0 -0.000111
8775 0 0 -0.000104
8780 0 0 -0.000116
8785 0 0 -0.000133
8790 0 0 -0.000139
8795 0 0 -0.000122
8800 0 0 -0.000093
8805 0 0 -0.000070
8810 0 0 -0.000066
8815 0 0 -0.000080
8820 0 0 -0.000104
8825 0 0 -0.000133
8830 0 0 -0.000158
8835 0 0 -0.000173
8840 0 0 -0.000173
8845 0 0 -0.000160
8850 0 0 -0.000138
8855 0 0 -0.000111
8860 0 0 -0.000086
8865 0 0 -0.000070
8870 0 0 -0.000067
8875 0 0 -0.000079
8880 0 0 -0.000104
8885 0 0 -0.000141
8890 0 0 -0.000170
8895 0 0 -0.000173
8900 0 0 -0.000137
8905 0 0 -0.000091
8910 0 0 -0.000070
8915 0 0 -0.000097
8920 0 0 -0.000144
8925 0 0 -0.000173
8930 0 0 -0.000154
8935 0 0 -0.000108
8940 0 0 -0.000070
8945 0 0 -0.000063
8950 0 0 -0.000080
8955 0 0 -0.000104
8960 0 0 -0.000123
8965 0 0 -0.000134
8970 0 0 -0.000139
8975 0 0 -0.000139
8980 0 0 -0.000138
8985 0 0 -0.000138
8990 0 0 -0.000141
8995 0 0 -0.000143
9000 0 0 -0.000138
9005 0 0 -0.000121
9010 0 0 -0.000096
9015 0 0 -0.000070
9020 0 0 -0.000049
9025 0 0 -0.000044
9030 0 0 -0.000068
9035 0 0 -0.000124
9040 0 0 -0.000183
9045 0 0 -0.000208
9050 0 0 -0.000174
9055 0 0 -0.000113
9060 0 0 -0.000070
9065 0 0 -0.000075
9070 0 0 -0.000109
9075 0 0 -0.000138
9080 0 0 -0.000137
9085 0 0 -0.000119
9090 0 0 -0.000104
9095 0 0 -0.000108
9100 0 0 -0.000124
9105 0 0 -0.000138
9110 0 0 -0.000141
9115 0 0 -0.000139
9120 0 0 -0.000138
9125 0 0 -0.000144
9130 0 0 -0.000149
9135 0 0 -0.000139
9140 0 0 -0.000110
9145 0 0 -0.000078
9150 0 0 -0.000070
9155 0 0 -0.000099
9160 0 0 -0.000143
9165 0 0 -0.000173
9170 0 0 -0.000165
9175 0 0 -0.000134
9180 0 0 -0.000104
9185 0 0 -0.000094
9190 0 0 -0.000097
9195 0 0 -0.000103
9200 0 0 -0.000105
9205 0 0 -0.000103
9210 0 0 -0.000103
9215 0 0 -0.000109
9220 0 0 -0.000121
9225 0 0 -0.000138
9230 0 0 -0.000159
9235 0 0 -0.000174
9240 0 0 -0.000173
9245 0 0 -0.000149
9250 0 0 -0.000119
9255 0 0 -0.000103
9260 0 0 -0.000117
9265 0 0 -0.000146
9270 0 0 -0.000173
9275 0 0 -0.000182
9280 0 0 -0.000178
9285 0 0 -0.000173
9290 0 0 -0.000173
9295 0 0 -0.000176
9300 0 0 -0.000173
9305 0 0 -0.000163
9310 0 0 -0.000166
9315 0 0 -0.000208
9320 0 0 -0.000299
9325 0 0 -0.000397
9330 0 0 -0.000449
9335 0 0 -0.000417
9340 0 0 -0.000340
9345 0 0 -0.000276
9350 0 0 -0.000267
9355 0 0 -0.000292
9360 0 0 -0.000311
9365 0 0 -0.000296
9370 0 0 -0.000256
9375 0 0 -0.000208
9380 0 0 -0.000166
9385 0 0 -0.000141
9390 0 0 -0.000139
9395 0 0 -0.000162
9400 0 0 -0.000193
9405 0 0 -0.000208
9410 0 0 -0.000192
9415 0 0 -0.000161
9420 0 0 -0.000138
9425 0 0 -0.000138
9430 0 0 -0.000155
9435 0 0 -0.000173
9440 0 0 -0.000181
9445 0 0 -0.000180
9450 0 0 -0.000173
9455 0 0 -0.000162
9460 0 0 -0.000150
9465 0 0 -0.000138
9470 0 0 -0.000128
9475 0 0 -0.000126
9480 0 0 -0.000138
9485 0 0 -0.000166
9490 0 0 -0.000195
9495 0 0 -0.000208
9500 0 0 -0.000192
9505 0 0 -0.000170
9510 0 0 -0.000173
9515 0 0 -0.000217
9520 0 0 -0.000277
9525 0 0 -0.000311
9530 0 0 -0.000292
9535 0 0 -0.000237
9540 0 0 -0.000173
9545 0 0 -0.000124
9550 0 0 -0.000100
9555 0 0 -0.000103
9560 0 0 -0.000135
9565 0 0 -0.000177
9570 0 0 -0.000208
9575 0 0 -0.000213
9580 0 0 -0.000206
9585 0 0 -0.000208
9590 0 0 -0.000230
9595 0 0 -0.000260
9600 0 0 -0.000276
9605 0 0 -0.000264
9610 0 0 -0.000244
9615 0 0 -0.000242
9620 0 0 -0.000275
9625 0 0 -0.000321
9630 0 0 -0.000346
9635 0 0 -0.000327
9640 0 0 -0.000284
9645 0 0 -0.000242
9650 0 0 -0.000225
9655 0 0 -0.000228
9660 0 0 -0.000241
9665 0 0 -0.000257
9670 0 0 -0.000269
9675 0 0 -0.000276
9680 0 0 -0.000274
9685 0 0 -0.000262
9690 0 0 -0.000242
9695 0 0 -0.000216
9700 0 0 -0.000190
9705 0 0 -0.000173
9710 0 0 -0.000172
9715 0 0 -0.000185
9720 0 0 -0.000208
9725 0 0 -0.000236
9730 0 0 -0.000261
9735 0 0 -0.000277
9740 0 0 -0.000278
9745 0 0 -0.000274
9750 0 0 -0.000277
9755 0 0 -0.000296
9760 0 0 -0.000322
9765 0 0 -0.000346
9770 0 0 -0.000355
9775 0 0 -0.000345
9780 0 0 -0.000311
9785 0 0 -0.000253
9790 0 0 -0.000197
9795 0 0 -0.000173
9800 0 0 -0.000201
9805 0 0 -0.000259
9810 0 0 -0.000311
9815 0 0 -0.000331
9820 0 0 -0.000327
9825 0 0 -0.000311
9830 0 0 -0.000296
9835 0 0 -0.000285
9840 0 0 -0.000277
9845 0 0 -0.000274
9850 0 0 -0.000274
9855 0 0 -0.000276
9860 0 0 -0.000280
9865 0 0 -0.000281
9870 0 0 -0.000276
9875 0 0 -0.000263
9880 0 0 -0.000249
9885 0 0 -0.000242
9890 0 0 -0.000250
9895 0 0 -0.000265
9900 0 0 -0.000277
9905 0 0 -0.000281
9910 0 0 -0.000279
9915 0 0 -0.000277
9920 0 0 -0.000280
9925 0 0 -0.000283
9930 0 0 -0.000277
9935 0 0 -0.000259
9940 0 0 -0.000233
9945 0 0 -0.000208
9950 0 0 -0.000191
9955 0 0 -0.000188
9960 0 0 -0.000208
9965 0 0 -0.000249
9970 0 0 -0.000292
9975 0 0 -0.000311
9980 0 0 -0.000287
9985 0 0 -0.000243
9990 0 0 -0.000208
9995 0 0 -0.000203
10000 0 0 -0.000220
10005 0 0 -0.000241
10010 0 0 -0.000252
10015 0 0 -0.000251
10020 0 0 -0.000242
10025 0 0 -0.000229
10030 0 0 -0.000216
10035 0 0 -0.000208
10040 0 0 -0.000209
10045 0 0 -0.000220
10050 0 0 -0.000242
10055 0 0 -0.000274
10060 0 0 -0.000311
10065 0 0 -0.000346
10070 0 0 -0.000373
10075 0 0 -0.000387
