0 0 0 1.268000
5 0 0 0.916573
10 0 0 0.787569
15 0 0 0.808000
20 0 0 0.904875
25 0 0 1.005205
30 0 0 1.036000
35 0 0 0.946297
40 0 0 0.773239
45 0 0 0.576000
50 0 0 0.410679
55 0 0 0.321096
60 0 0 0.348000
65 0 0 0.505209
70 0 0 0.698820
75 0 0 0.808000
80 0 0 0.750410
85 0 0 0.597696
90 0 0 0.460000
95 0 0 0.418780
100 0 0 0.440764
105 0 0 0.464000
110 0 0 0.442174
115 0 0 0.391542
120 0 0 0.344000
125 0 0 0.328523
130 0 0 0.362400
135 0 0 0.460000
140 0 0 0.618252
145 0 0 0.764337
150 0 0 0.808000
155 0 0 0.693136
160 0 0 0.500250
165 0 0 0.344000
170 0 0 0.310095
175 0 0 0.368442
180 0 0 0.460000
185 0 0 0.534189
190 0 0 0.574279
195 0 0 0.572000
200 0 0 0.527667
205 0 0 0.475924
210 0 0 0.460000
215 0 0 0.505218
220 0 0 0.565284
225 0 0 0.576000
230 0 0 0.498129
235 0 0 0.392274
240 0 0 0.344000
245 0 0 0.408340
250 0 0 0.518212
255 0 0 0.576000
260 0 0 0.516806
265 0 0 0.406583
270 0 0 0.344000
275 0 0 0.396141
280 0 0 0.503754
285 0 0 0.576000
290 0 0 0.551222
295 0 0 0.484477
300 0 0 0.460000
305 0 0 0.532747
310 0 0 0.640560
315 0 0 0.692000
320 0 0 0.623418
325 0 0 0.482320
330 0 0 0.344000
335 0 0 0.270765
340 0 0 0.272974
345 0 0 0.348000
350 0 0 0.482264
355 0 0 0.618378
360 0 0 0.688000
365 0 0 0.646697
370 0 0 0.545664
375 0 0 0.460000
380 0 0 0.443095
385 0 0 0.461487
390 0 0 0.460000
395 0 0 0.404330
400 0 0 0.343649
405 0 0 0.348000
410 0 0 0.459289
415 0 0 0.606880
420 0 0 0.692000
425 0 0 0.648291
430 0 0 0.539053
435 0 0 0.460000
440 0 0 0.477768
445 0 0 0.542685
450 0 0 0.576000
455 0 0 0.523006
460 0 0 0.425169
465 0 0 0.348000
470 0 0 0.340874
475 0 0 0.388637
480 0 0 0.460000
485 0 0 0.526386
490 0 0 0.570061
495 0 0 0.576000
500 0 0 0.538323
505 0 0 0.487714
510 0 0 0.464000
515 0 0 0.493064
520 0 0 0.545011
525 0 0 0.576000
530 0 0 0.555346
535 0 0 0.504983
540 0 0 0.460000
545 0 0 0.446293
550 0 0 0.452983
555 0 0 0.460000
560 0 0 0.453853
565 0 0 0.447380
570 0 0 0.460000
575 0 0 0.502591
580 0 0 0.551867
585 0 0 0.576000
590 0 0 0.553560
595 0 0 0.504708
600 0 0 0.460000
605 0 0 0.442723
610 0 0 0.447080
615 0 0 0.460000
620 0 0 0.469917
625 0 0 0.471270
630 0 0 0.460000
635 0 0 0.437609
640 0 0 0.427840
645 0 0 0.460000
650 0 0 0.548241
655 0 0 0.646110
660 0 0 0.692000
665 0 0 0.644983
670 0 0 0.546833
675 0 0 0.460000
680 0 0 0.430939
685 0 0 0.442116
690 0 0 0.460000
695 0 0 0.464150
700 0 0 0.486482
705 0 0 0.572000
710 0 0 0.738387
715 0 0 0.894032
720 0 0 0.920000
725 0 0 0.746005
730 0 0 0.496353
735 0 0 0.344000
740 0 0 0.406038
745 0 0 0.576110
750 0 0 0.692000
755 0 0 0.642141
760 0 0 0.517576
765 0 0 0.460000
770 0 0 0.563028
775 0 0 0.727956
780 0 0 0.808000
785 0 0 0.703524
790 0 0 0.503488
795 0 0 0.344000
800 0 0 0.323765
805 0 0 0.391870
810 0 0 0.460000
815 0 0 0.464972
820 0 0 0.444142
825 0 0 0.460000
830 0 0 0.550569
835 0 0 0.656006
840 0 0 0.692000
845 0 0 0.604011
850 0 0 0.456576
855 0 0 0.344000
860 0 0 0.334719
865 0 0 0.393689
870 0 0 0.460000
875 0 0 0.486299
880 0 0 0.479481
885 0 0 0.460000
890 0 0 0.445715
895 0 0 0.444092
900 0 0 0.460000
905 0 0 0.495138
910 0 0 0.538523
915 0 0 0.576000
920 0 0 0.595805
925 0 0 0.595741
930 0 0 0.576000
935 0 0 0.543269
940 0 0 0.530215
945 0 0 0.576000
950 0 0 0.695710
955 0 0 0.808138
960 0 0 0.808000
965 0 0 0.632556
970 0 0 0.389233
975 0 0 0.228000
980 0 0 0.255844
985 0 0 0.407819
990 0 0 0.576000
995 0 0 0.691477
1000 0 0 0.841416
1005 0 0 1.152000
1010 0 0 1.683730
1015 0 0 2.234370
1020 0 0 2.536000
1025 0 0 2.407528
1030 0 0 2.015177
1035 0 0 1.612000
1040 0 0 1.395937
1045 0 0 1.344478
1050 0 0 1.380000
1055 0 0 1.434797
1060 0 0 1.480836
1065 0 0 1.500000
1070 0 0 1.480429
1075 0 0 1.435288
1080 0 0 1.384000
1085 0 0 1.345710
1090 0 0 1.338457
1095 0 0 1.380000
1100 0 0 1.474656
1105 0 0 1.572959
1110 0 0 1.612000
1115 0 0 1.561001
1120 0 0 1.517708
1125 0 0 1.612000
1130 0 0 1.918823
1135 0 0 2.293395
1140 0 0 2.536000
1145 0 0 2.506077
1150 0 0 2.299677
1155 0 0 2.072000
1160 0 0 1.942349
1165 0 0 1.886418
1170 0 0 1.844000
1175 0 0 1.778898
1180 0 0 1.750949
1185 0 0 1.844000
1190 0 0 2.099096
1195 0 0 2.386082
1200 0 0 2.532000
1205 0 0 2.417605
1210 0 0 2.138501
1215 0 0 1.844000
1220 0 0 1.664259
1225 0 0 1.652804
1230 0 0 1.844000
1235 0 0 2.222986
1240 0 0 2.577987
1245 0 0 2.648000
1250 0 0 2.264685
1255 0 0 1.630358
1260 0 0 1.040000
1265 0 0 0.722127
1270 0 0 0.639396
1275 0 0 0.688000
1280 0 0 0.780882
1285 0 0 0.897984
1290 0 0 1.036000
1295 0 0 1.181457
1300 0 0 1.280223
1305 0 0 1.268000
1310 0 0 1.108992
1315 0 0 0.881419
1320 0 0 0.692000
1325 0 0 0.620499
1330 0 0 0.638842
1335 0 0 0.692000
1340 0 0 0.731679
1345 0 0 0.736545
1350 0 0 0.692000
1355 0 0 0.596191
1360 0 0 0.498237
1365 0 0 0.460000
1370 0 0 0.519854
1375 0 0 0.622212
1380 0 0 0.688000
1385 0 0 0.664099
1390 0 0 0.601212
1395 0 0 0.576000
1400 0 0 0.639752
1405 0 0 0.742274
1410 0 0 0.808000
1415 0 0 0.781633
1420 0 0 0.688951
1425 0 0 0.576000
1430 0 0 0.488827
1435 0 0 0.473478
