0 0 0 -0.000132
5 0 0 -0.000160
10 0 0 -0.000175
15 0 0 -0.000180
20 0 0 -0.000177
25 0 0 -0.000170
30 0 0 -0.000162
35 0 0 -0.000155
40 0 0 -0.000149
45 0 0 -0.000144
50 0 0 -0.000140
55 0 0 -0.000133
60 0 0 -0.000120
65 0 0 -0.000098
70 0 0 -0.000075
75 0 0 -0.000060
80 0 0 -0.000059
85 0 0 -0.000071
90 0 0 -0.000090
95 0 0 -0.000111
100 0 0 -0.000125
105 0 0 -0.000126
110 0 0 -0.000108
115 0 0 -0.000085
120 0 0 -0.000072
125 0 0 -0.000081
130 0 0 -0.000101
135 0 0 -0.000120
140 0 0 -0.000125
145 0 0 -0.000121
150 0 0 -0.000114
155 0 0 -0.000110
160 0 0 -0.000107
165 0 0 -0.000102
170 0 0 -0.000093
175 0 0 -0.000084
180 0 0 -0.000084
185 0 0 -0.000095
190 0 0 -0.000109
195 0 0 -0.000114
200 0 0 -0.000102
205 0 0 -0.000081
210 0 0 -0.000066
215 0 0 -0.000066
220 0 0 -0.000075
225 0 0 -0.000084
230 0 0 -0.000085
235 0 0 -0.000083
240 0 0 -0.000084
245 0 0 -0.000092
250 0 0 -0.000104
255 0 0 -0.000114
260 0 0 -0.000119
265 0 0 -0.000117
270 0 0 -0.000108
275 0 0 -0.000094
280 0 0 -0.000083
285 0 0 -0.000084
290 0 0 -0.000102
295 0 0 -0.000125
300 0 0 -0.000138
305 0 0 -0.000131
310 0 0 -0.000112
315 0 0 -0.000096
320 0 0 -0.000093
325 0 0 -0.000100
330 0 0 -0.000108
335 0 0 -0.000112
340 0 0 -0.000110
345 0 0 -0.000102
350 0 0 -0.000089
355 0 0 -0.000079
360 0 0 -0.000078
365 0 0 -0.000091
370 0 0 -0.000110
375 0 0 -0.000120
380 0 0 -0.000114
385 0 0 -0.000098
390 0 0 -0.000084
395 0 0 -0.000080
400 0 0 -0.000085
405 0 0 -0.000096
410 0 0 -0.000108
415 0 0 -0.000116
420 0 0 -0.000114
425 0 0 -0.000100
430 0 0 -0.000082
435 0 0 -0.000072
440 0 0 -0.000077
445 0 0 -0.000092
450 0 0 -0.000108
455 0 0 -0.000117
460 0 0 -0.000118
465 0 0 -0.000114
470 0 0 -0.000106
475 0 0 -0.000102
480 0 0 -0.000108
485 0 0 -0.000128
490 0 0 -0.000150
495 0 0 -0.000156
500 0 0 -0.000136
505 0 0 -0.000108
510 0 0 -0.000096
515 0 0 -0.000117
520 0 0 -0.000156
525 0 0 -0.000192
530 0 0 -0.000207
535 0 0 -0.000203
540 0 0 -0.000186
545 0 0 -0.000169
550 0 0 -0.000186
555 0 0 -0.000276
560 0 0 -0.000468
565 0 0 -0.000737
570 0 0 -0.001050
575 0 0 -0.001364
580 0 0 -0.001611
585 0 0 -0.001716
590 0 0 -0.001640
595 0 0 -0.001482
600 0 0 -0.001374
605 0 0 -0.001404
610 0 0 -0.001475
615 0 0 -0.001446
620 0 0 -0.001227
625 0 0 -0.000948
630 0 0 -0.000792
635 0 0 -0.000881
640 0 0 -0.001102
645 0 0 -0.001278
650 0 0 -0.001277
655 0 0 -0.001132
660 0 0 -0.000918
665 0 0 -0.000711
670 0 0 -0.000593
675 0 0 -0.000648
680 0 0 -0.000915
685 0 0 -0.001256
690 0 0 -0.001488
695 0 0 -0.001478
700 0 0 -0.001288
705 0 0 -0.001032
710 0 0 -0.000801
715 0 0 -0.000601
720 0 0 -0.000420
725 0 0 -0.000249
730 0 0 -0.000110
735 0 0 -0.000030
740 0 0 -0.000026
745 0 0 -0.000073
750 0 0 -0.000138
755 0 0 -0.000193
760 0 0 -0.000237
765 0 0 -0.000276
770 0 0 -0.000313
775 0 0 -0.000335
780 0 0 -0.000324
785 0 0 -0.000270
790 0 0 -0.000196
795 0 0 -0.000132
800 0 0 -0.000101
805 0 0 -0.000095
810 0 0 -0.000102
815 0 0 -0.000109
820 0 0 -0.000112
825 0 0 -0.000108
830 0 0 -0.000097
835 0 0 -0.000085
840 0 0 -0.000078
845 0 0 -0.000083
850 0 0 -0.000101
855 0 0 -0.000132
860 0 0 -0.000172
865 0 0 -0.000209
870 0 0 -0.000228
875 0 0 -0.000219
880 0 0 -0.000190
885 0 0 -0.000156
890 0 0 -0.000129
895 0 0 -0.000112
900 0 0 -0.000108
905 0 0 -0.000116
910 0 0 -0.000126
915 0 0 -0.000126
920 0 0 -0.000108
925 0 0 -0.000082
930 0 0 -0.000066
935 0 0 -0.000069
940 0 0 -0.000084
945 0 0 -0.000096
950 0 0 -0.000097
955 0 0 -0.000093
960 0 0 -0.000096
965 0 0 -0.000113
970 0 0 -0.000135
975 0 0 -0.000150
980 0 0 -0.000149
985 0 0 -0.000140
990 0 0 -0.000132
995 0 0 -0.000133
1000 0 0 -0.000136
1005 0 0 -0.000132
1010 0 0 -0.000116
1015 0 0 -0.000100
1020 0 0 -0.000102
1025 0 0 -0.000131
1030 0 0 -0.000170
1035 0 0 -0.000192
1040 0 0 -0.000181
1045 0 0 -0.000157
1050 0 0 -0.000150
1055 0 0 -0.000178
1060 0 0 -0.000221
1065 0 0 -0.000246
1070 0 0 -0.000232
1075 0 0 -0.000197
1080 0 0 -0.000168
1085 0 0 -0.000164
1090 0 0 -0.000179
1095 0 0 -0.000198
1100 0 0 -0.000209
1105 0 0 -0.000209
1110 0 0 -0.000198
1115 0 0 -0.000177
1120 0 0 -0.000155
1125 0 0 -0.000144
1130 0 0 -0.000151
1135 0 0 -0.000166
1140 0 0 -0.000174
1145 0 0 -0.000164
1150 0 0 -0.000146
1155 0 0 -0.000132
1160 0 0 -0.000133
1165 0 0 -0.000145
1170 0 0 -0.000162
1175 0 0 -0.000177
1180 0 0 -0.000187
1185 0 0 -0.000186
1190 0 0 -0.000173
1195 0 0 -0.000156
1200 0 0 -0.000144
1205 0 0 -0.000144
1210 0 0 -0.000154
1215 0 0 -0.000168
1220 0 0 -0.000181
1225 0 0 -0.000189
1230 0 0 -0.000186
1235 0 0 -0.000171
1240 0 0 -0.000151
1245 0 0 -0.000138
1250 0 0 -0.000140
1255 0 0 -0.000152
1260 0 0 -0.000168
1265 0 0 -0.000182
1270 0 0 -0.000186
1275 0 0 -0.000174
1280 0 0 -0.000143
1285 0 0 -0.000104
1290 0 0 -0.000072
1295 0 0 -0.000057
1300 0 0 -0.000055
1305 0 0 -0.000060
1310 0 0 -0.000065
1315 0 0 -0.000067
1320 0 0 -0.000066
1325 0 0 -0.000061
1330 0 0 -0.000054
1335 0 0 -0.000048
1340 0 0 -0.000045
1345 0 0 -0.000046
1350 0 0 -0.000054
1355 0 0 -0.000069
1360 0 0 -0.000085
1365 0 0 -0.000096
1370 0 0 -0.000096
1375 0 0 -0.000087
1380 0 0 -0.000072
1385 0 0 -0.000055
1390 0 0 -0.000041
1395 0 0 -0.000036
1400 0 0 -0.000045
1405 0 0 -0.000060
1410 0 0 -0.000072
1415 0 0 -0.000075
1420 0 0 -0.000069
1425 0 0 -0.000060
1430 0 0 -0.000051
1435 0 0 -0.000044
1440 0 0 -0.000042
1445 0 0 -0.000046
1450 0 0 -0.000054
1455 0 0 -0.000066
1460 0 0 -0.000078
1465 0 0 -0.000089
1470 0 0 -0.000096
1475 0 0 -0.000097
1480 0 0 -0.000094
1485 0 0 -0.000090
1490 0 0 -0.000088
1495 0 0 -0.000088
1500 0 0 -0.000090
1505 0 0 -0.000094
1510 0 0 -0.000096
1515 0 0 -0.000090
1520 0 0 -0.000075
1525 0 0 -0.000062
1530 0 0 -0.000066
1535 0 0 -0.000096
1540 0 0 -0.000132
1545 0 0 -0.000150
1550 0 0 -0.000132
1555 0 0 -0.000097
1560 0 0 -0.000072
1565 0 0 -0.000077
1570 0 0 -0.000100
1575 0 0 -0.000126
1580 0 0 -0.000139
1585 0 0 -0.000136
1590 0 0 -0.000120
1595 0 0 -0.000093
1600 0 0 -0.000068
1605 0 0 -0.000060
1610 0 0 -0.000077
1615 0 0 -0.000105
1620 0 0 -0.000126
1625 0 0 -0.000125
1630 0 0 -0.000109
1635 0 0 -0.000090
1640 0 0 -0.000077
1645 0 0 -0.000071
1650 0 0 -0.000072
1655 0 0 -0.000078
1660 0 0 -0.000085
1665 0 0 -0.000090
1670 0 0 -0.000090
1675 0 0 -0.000086
1680 0 0 -0.000078
1685 0 0 -0.000068
1690 0 0 -0.000060
1695 0 0 -0.000060
1700 0 0 -0.000070
1705 0 0 -0.000085
1710 0 0 -0.000096
1715 0 0 -0.000097
1720 0 0 -0.000090
1725 0 0 -0.000078
1730 0 0 -0.000066
1735 0 0 -0.000058
1740 0 0 -0.000060
1745 0 0 -0.000073
1750 0 0 -0.000092
1755 0 0 -0.000108
1760 0 0 -0.000114
1765 0 0 -0.000112
1770 0 0 -0.000102
1775 0 0 -0.000088
1780 0 0 -0.000074
1785 0 0 -0.000066
1790 0 0 -0.000068
1795 0 0 -0.000074
1800 0 0 -0.000078
1805 0 0 -0.000076
1810 0 0 -0.000076
1815 0 0 -0.000090
1820 0 0 -0.000124
1825 0 0 -0.000164
1830 0 0 -0.000186
1835 0 0 -0.000177
1840 0 0 -0.000149
1845 0 0 -0.000120
1850 0 0 -0.000104
1855 0 0 -0.000100
1860 0 0 -0.000102
1865 0 0 -0.000104
1870 0 0 -0.000106
1875 0 0 -0.000108
1880 0 0 -0.000110
1885 0 0 -0.000113
1890 0 0 -0.000120
1895 0 0 -0.000132
1900 0 0 -0.000146
1905 0 0 -0.000156
1910 0 0 -0.000159
1915 0 0 -0.000157
1920 0 0 -0.000150
1925 0 0 -0.000141
1930 0 0 -0.000129
1935 0 0 -0.000114
1940 0 0 -0.000098
1945 0 0 -0.000085
1950 0 0 -0.000084
1955 0 0 -0.000099
1960 0 0 -0.000130
1965 0 0 -0.000174
1970 0 0 -0.000228
1975 0 0 -0.000277
1980 0 0 -0.000306
1985 0 0 -0.000302
1990 0 0 -0.000268
1995 0 0 -0.000210
2000 0 0 -0.000138
2005 0 0 -0.000073
2010 0 0 -0.000042
2015 0 0 -0.000059
2020 0 0 -0.000100
2025 0 0 -0.000126
2030 0 0 -0.000113
2035 0 0 -0.000080
2040 0 0 -0.000054
2045 0 0 -0.000057
2050 0 0 -0.000081
2055 0 0 -0.000108
2060 0 0 -0.000126
2065 0 0 -0.000130
2070 0 0 -0.000120
2075 0 0 -0.000097
2080 0 0 -0.000071
2085 0 0 -0.000054
2090 0 0 -0.000054
2095 0 0 -0.000065
2100 0 0 -0.000078
2105 0 0 -0.000085
2110 0 0 -0.000087
2115 0 0 -0.000090
2120 0 0 -0.000096
2125 0 0 -0.000100
2130 0 0 -0.000096
2135 0 0 -0.000081
2140 0 0 -0.000065
2145 0 0 -0.000060
2150 0 0 -0.000075
2155 0 0 -0.000097
2160 0 0 -0.000108
2165 0 0 -0.000097
2170 0 0 -0.000075
2175 0 0 -0.000060
2180 0 0 -0.000065
2185 0 0 -0.000083
2190 0 0 -0.000102
2195 0 0 -0.000113
2200 0 0 -0.000115
2205 0 0 -0.000108
2210 0 0 -0.000093
2215 0 0 -0.000079
2220 0 0 -0.000072
2225 0 0 -0.000079
2230 0 0 -0.000091
2235 0 0 -0.000096
2240 0 0 -0.000087
2245 0 0 -0.000071
2250 0 0 -0.000060
2255 0 0 -0.000061
2260 0 0 -0.000072
2265 0 0 -0.000084
2270 0 0 -0.000092
2275 0 0 -0.000095
2280 0 0 -0.000090
2285 0 0 -0.000079
2290 0 0 -0.000067
2295 0 0 -0.000060
2300 0 0 -0.000063
2305 0 0 -0.000073
2310 0 0 -0.000084
2315 0 0 -0.000091
2320 0 0 -0.000091
2325 0 0 -0.000084
2330 0 0 -0.000069
2335 0 0 -0.000056
2340 0 0 -0.000054
2345 0 0 -0.000070
2350 0 0 -0.000095
2355 0 0 -0.000114
2360 0 0 -0.000117
2365 0 0 -0.000107
2370 0 0 -0.000090
2375 0 0 -0.000072
2380 0 0 -0.000058
2385 0 0 -0.000054
2390 0 0 -0.000062
2395 0 0 -0.000077
2400 0 0 -0.000090
2405 0 0 -0.000096
2410 0 0 -0.000093
2415 0 0 -0.000084
2420 0 0 -0.000070
2425 0 0 -0.000058
2430 0 0 -0.000054
2435 0 0 -0.000062
2440 0 0 -0.000075
2445 0 0 -0.000084
2450 0 0 -0.000086
2455 0 0 -0.000098
2460 0 0 -0.000144
2465 0 0 -0.000238
2470 0 0 -0.000361
2475 0 0 -0.000486
2480 0 0 -0.000592
2485 0 0 -0.000686
2490 0 0 -0.000780
2495 0 0 -0.000875
2500 0 0 -0.000925
2505 0 0 -0.000870
2510 0 0 -0.000679
2515 0 0 -0.000435
2520 0 0 -0.000246
2525 0 0 -0.000193
2530 0 0 -0.000232
2535 0 0 -0.000288
2540 0 0 -0.000304
2545 0 0 -0.000288
2550 0 0 -0.000264
2555 0 0 -0.000250
2560 0 0 -0.000245
2565 0 0 -0.000240
2570 0 0 -0.000230
2575 0 0 -0.000218
2580 0 0 -0.000210
2585 0 0 -0.000210
2590 0 0 -0.000215
2595 0 0 -0.000222
2600 0 0 -0.000226
2605 0 0 -0.000223
2610 0 0 -0.000210
2615 0 0 -0.000186
2620 0 0 -0.000169
2625 0 0 -0.000180
2630 0 0 -0.000230
2635 0 0 -0.000286
2640 0 0 -0.000306
2645 0 0 -0.000262
2650 0 0 -0.000185
2655 0 0 -0.000120
2660 0 0 -0.000102
2665 0 0 -0.000119
2670 0 0 -0.000144
2675 0 0 -0.000158
2680 0 0 -0.000159
2685 0 0 -0.000150
2690 0 0 -0.000134
2695 0 0 -0.000119
2700 0 0 -0.000114
2705 0 0 -0.000123
2710 0 0 -0.000139
2715 0 0 -0.000150
2720 0 0 -0.000149
2725 0 0 -0.000145
2730 0 0 -0.000150
2735 0 0 -0.000172
2740 0 0 -0.000200
2745 0 0 -0.000216
2750 0 0 -0.000209
2755 0 0 -0.000188
2760 0 0 -0.000168
2765 0 0 -0.000159
2770 0 0 -0.000157
2775 0 0 -0.000156
2780 0 0 -0.000151
2785 0 0 -0.000144
2790 0 0 -0.000138
2795 0 0 -0.000136
2800 0 0 -0.000136
2805 0 0 -0.000132
2810 0 0 -0.000122
2815 0 0 -0.000111
2820 0 0 -0.000102
2825 0 0 -0.000100
2830 0 0 -0.000105
2835 0 0 -0.000114
2840 0 0 -0.000125
2845 0 0 -0.000132
2850 0 0 -0.000132
2855 0 0 -0.000121
2860 0 0 -0.000106
2865 0 0 -0.000096
2870 0 0 -0.000099
2875 0 0 -0.000109
2880 0 0 -0.000120
2885 0 0 -0.000125
2890 0 0 -0.000124
2895 0 0 -0.000120
2900 0 0 -0.000114
2905 0 0 -0.000108
2910 0 0 -0.000102
2915 0 0 -0.000099
2920 0 0 -0.000098
2925 0 0 -0.000102
2930 0 0 -0.000109
2935 0 0 -0.000116
2940 0 0 -0.000114
2945 0 0 -0.000101
2950 0 0 -0.000082
2955 0 0 -0.000066
2960 0 0 -0.000059
2965 0 0 -0.000063
2970 0 0 -0.000078
2975 0 0 -0.000102
2980 0 0 -0.000125
2985 0 0 -0.000132
2990 0 0 -0.000116
2995 0 0 -0.000090
3000 0 0 -0.000072
3005 0 0 -0.000077
3010 0 0 -0.000097
3015 0 0 -0.000120
3020 0 0 -0.000137
3025 0 0 -0.000145
3030 0 0 -0.000144
3035 0 0 -0.000135
3040 0 0 -0.000122
3045 0 0 -0.000108
3050 0 0 -0.000098
3055 0 0 -0.000090
3060 0 0 -0.000084
3065 0 0 -0.000078
3070 0 0 -0.000076
3075 0 0 -0.000078
3080 0 0 -0.000087
3085 0 0 -0.000095
3090 0 0 -0.000096
3095 0 0 -0.000084
3100 0 0 -0.000068
3105 0 0 -0.000060
3110 0 0 -0.000068
3115 0 0 -0.000083
3120 0 0 -0.000096
3125 0 0 -0.000097
3130 0 0 -0.000089
3135 0 0 -0.000078
3140 0 0 -0.000069
3145 0 0 -0.000065
3150 0 0 -0.000072
3155 0 0 -0.000090
3160 0 0 -0.000110
3165 0 0 -0.000120
3170 0 0 -0.000113
3175 0 0 -0.000096
3180 0 0 -0.000078
3185 0 0 -0.000068
3190 0 0 -0.000067
3195 0 0 -0.000072
3200 0 0 -0.000081
3205 0 0 -0.000090
3210 0 0 -0.000090
3215 0 0 -0.000079
3220 0 0 -0.000062
3225 0 0 -0.000048
3230 0 0 -0.000044
3235 0 0 -0.000047
3240 0 0 -0.000054
3245 0 0 -0.000061
3250 0 0 -0.000066
3255 0 0 -0.000066
3260 0 0 -0.000061
3265 0 0 -0.000053
3270 0 0 -0.000048
3275 0 0 -0.000049
3280 0 0 -0.000058
3285 0 0 -0.000078
3290 0 0 -0.000108
3295 0 0 -0.000138
3300 0 0 -0.000156
3305 0 0 -0.000155
3310 0 0 -0.000139
3315 0 0 -0.000120
3320 0 0 -0.000105
3325 0 0 -0.000095
3330 0 0 -0.000090
3335 0 0 -0.000089
3340 0 0 -0.000089
3345 0 0 -0.000084
3350 0 0 -0.000073
3355 0 0 -0.000060
3360 0 0 -0.000054
3365 0 0 -0.000060
3370 0 0 -0.000078
3375 0 0 -0.000108
3380 0 0 -0.000146
3385 0 0 -0.000179
3390 0 0 -0.000192
3395 0 0 -0.000176
3400 0 0 -0.000144
3405 0 0 -0.000114
3410 0 0 -0.000100
3415 0 0 -0.000098
3420 0 0 -0.000102
3425 0 0 -0.000105
3430 0 0 -0.000108
3435 0 0 -0.000114
3440 0 0 -0.000124
3445 0 0 -0.000135
3450 0 0 -0.000144
3455 0 0 -0.000148
3460 0 0 -0.000144
3465 0 0 -0.000132
3470 0 0 -0.000112
3475 0 0 -0.000093
3480 0 0 -0.000084
3485 0 0 -0.000092
3490 0 0 -0.000110
3495 0 0 -0.000126
3500 0 0 -0.000132
3505 0 0 -0.000130
3510 0 0 -0.000126
3515 0 0 -0.000124
3520 0 0 -0.000121
3525 0 0 -0.000114
3530 0 0 -0.000100
3535 0 0 -0.000089
3540 0 0 -0.000090
3545 0 0 -0.000109
3550 0 0 -0.000132
3555 0 0 -0.000138
3560 0 0 -0.000114
3565 0 0 -0.000080
3570 0 0 -0.000060
3575 0 0 -0.000073
3580 0 0 -0.000101
3585 0 0 -0.000120
3590 0 0 -0.000111
3595 0 0 -0.000088
3600 0 0 -0.000072
3605 0 0 -0.000078
3610 0 0 -0.000096
3615 0 0 -0.000108
3620 0 0 -0.000103
3625 0 0 -0.000089
3630 0 0 -0.000078
3635 0 0 -0.000079
3640 0 0 -0.000088
3645 0 0 -0.000096
3650 0 0 -0.000098
3655 0 0 -0.000097
3660 0 0 -0.000096
3665 0 0 -0.000100
3670 0 0 -0.000107
3675 0 0 -0.000114
3680 0 0 -0.000119
3685 0 0 -0.000118
3690 0 0 -0.000108
3695 0 0 -0.000089
3700 0 0 -0.000071
3705 0 0 -0.000066
3710 0 0 -0.000081
3715 0 0 -0.000102
3720 0 0 -0.000114
3725 0 0 -0.000104
3730 0 0 -0.000082
3735 0 0 -0.000066
3740 0 0 -0.000068
3745 0 0 -0.000081
3750 0 0 -0.000096
3755 0 0 -0.000104
3760 0 0 -0.000103
3765 0 0 -0.000096
3770 0 0 -0.000084
3775 0 0 -0.000073
3780 0 0 -0.000072
3785 0 0 -0.000085
3790 0 0 -0.000103
3795 0 0 -0.000114
3800 0 0 -0.000109
3805 0 0 -0.000094
3810 0 0 -0.000078
3815 0 0 -0.000067
3820 0 0 -0.000064
3825 0 0 -0.000066
3830 0 0 -0.000073
3835 0 0 -0.000079
3840 0 0 -0.000078
3845 0 0 -0.000067
3850 0 0 -0.000051
3855 0 0 -0.000042
3860 0 0 -0.000045
3865 0 0 -0.000057
3870 0 0 -0.000072
3875 0 0 -0.000085
3880 0 0 -0.000098
3885 0 0 -0.000114
3890 0 0 -0.000135
3895 0 0 -0.000159
3900 0 0 -0.000180
3905 0 0 -0.000198
3910 0 0 -0.000230
3915 0 0 -0.000294
3920 0 0 -0.000403
3925 0 0 -0.000540
3930 0 0 -0.000678
3935 0 0 -0.000794
3940 0 0 -0.000872
3945 0 0 -0.000900
3950 0 0 -0.000867
3955 0 0 -0.000782
3960 0 0 -0.000654
3965 0 0 -0.000512
3970 0 0 -0.000449
3975 0 0 -0.000576
3980 0 0 -0.000950
3985 0 0 -0.001416
3990 0 0 -0.001764
3995 0 0 -0.001844
4000 0 0 -0.001732
4005 0 0 -0.001566
4010 0 0 -0.001450
4015 0 0 -0.001372
4020 0 0 -0.001290
4025 0 0 -0.001174
4030 0 0 -0.001044
4035 0 0 -0.000936
4040 0 0 -0.000871
4045 0 0 -0.000828
4050 0 0 -0.000774
4055 0 0 -0.000685
4060 0 0 -0.000580
4065 0 0 -0.000486
4070 0 0 -0.000424
4075 0 0 -0.000385
4080 0 0 -0.000348
4085 0 0 -0.000302
4090 0 0 -0.000252
4095 0 0 -0.000210
4100 0 0 -0.000185
4105 0 0 -0.000175
4110 0 0 -0.000174
4115 0 0 -0.000177
4120 0 0 -0.000177
4125 0 0 -0.000168
4130 0 0 -0.000147
4135 0 0 -0.000126
4140 0 0 -0.000120
4145 0 0 -0.000137
4150 0 0 -0.000162
4155 0 0 -0.000174
4160 0 0 -0.000159
4165 0 0 -0.000131
4170 0 0 -0.000114
4175 0 0 -0.000122
4180 0 0 -0.000144
4185 0 0 -0.000162
4190 0 0 -0.000162
4195 0 0 -0.000152
4200 0 0 -0.000144
4205 0 0 -0.000145
4210 0 0 -0.000147
4215 0 0 -0.000138
4220 0 0 -0.000110
4225 0 0 -0.000079
4230 0 0 -0.000066
4235 0 0 -0.000085
4240 0 0 -0.000118
4245 0 0 -0.000138
4250 0 0 -0.000128
4255 0 0 -0.000101
4260 0 0 -0.000078
4265 0 0 -0.000076
4270 0 0 -0.000086
4275 0 0 -0.000096
4280 0 0 -0.000095
4285 0 0 -0.000087
4290 0 0 -0.000078
4295 0 0 -0.000073
4300 0 0 -0.000073
4305 0 0 -0.000078
4310 0 0 -0.000087
4315 0 0 -0.000095
4320 0 0 -0.000096
4325 0 0 -0.000087
4330 0 0 -0.000076
4335 0 0 -0.000072
4340 0 0 -0.000082
4345 0 0 -0.000098
4350 0 0 -0.000108
4355 0 0 -0.000103
4360 0 0 -0.000091
4365 0 0 -0.000084
4370 0 0 -0.000089
4375 0 0 -0.000101
4380 0 0 -0.000108
4385 0 0 -0.000104
4390 0 0 -0.000092
4395 0 0 -0.000078
4400 0 0 -0.000066
4405 0 0 -0.000061
4410 0 0 -0.000066
4415 0 0 -0.000081
4420 0 0 -0.000097
4425 0 0 -0.000102
4430 0 0 -0.000088
4435 0 0 -0.000066
4440 0 0 -0.000054
4445 0 0 -0.000063
4450 0 0 -0.000084
4455 0 0 -0.000102
4460 0 0 -0.000108
4465 0 0 -0.000105
4470 0 0 -0.000102
4475 0 0 -0.000104
4480 0 0 -0.000105
4485 0 0 -0.000096
4490 0 0 -0.000072
4495 0 0 -0.000047
4500 0 0 -0.000042
4505 0 0 -0.000068
4510 0 0 -0.000103
4515 0 0 -0.000120
4520 0 0 -0.000099
4525 0 0 -0.000061
4530 0 0 -0.000036
4535 0 0 -0.000045
4540 0 0 -0.000072
4545 0 0 -0.000090
4550 0 0 -0.000080
4555 0 0 -0.000057
4560 0 0 -0.000042
4565 0 0 -0.000051
4570 0 0 -0.000074
4575 0 0 -0.000096
4580 0 0 -0.000104
4585 0 0 -0.000100
4590 0 0 -0.000090
4595 0 0 -0.000079
4600 0 0 -0.000073
4605 0 0 -0.000078
4610 0 0 -0.000097
4615 0 0 -0.000117
4620 0 0 -0.000126
4625 0 0 -0.000113
4630 0 0 -0.000089
4635 0 0 -0.000072
4640 0 0 -0.000073
4645 0 0 -0.000085
4650 0 0 -0.000096
4655 0 0 -0.000096
4660 0 0 -0.000088
4665 0 0 -0.000078
4670 0 0 -0.000072
4675 0 0 -0.000070
4680 0 0 -0.000072
4685 0 0 -0.000077
4690 0 0 -0.000084
4695 0 0 -0.000090
4700 0 0 -0.000094
4705 0 0 -0.000102
4710 0 0 -0.000120
4715 0 0 -0.000150
4720 0 0 -0.000180
4725 0 0 -0.000192
4730 0 0 -0.000177
4735 0 0 -0.000146
4740 0 0 -0.000120
4745 0 0 -0.000112
4750 0 0 -0.000117
4755 0 0 -0.000126
4760 0 0 -0.000132
4765 0 0 -0.000134
4770 0 0 -0.000132
4775 0 0 -0.000127
4780 0 0 -0.000123
4785 0 0 -0.000126
4790 0 0 -0.000138
4795 0 0 -0.000150
4800 0 0 -0.000150
4805 0 0 -0.000131
4810 0 0 -0.000103
4815 0 0 -0.000084
4820 0 0 -0.000084
4825 0 0 -0.000099
4830 0 0 -0.000120
4835 0 0 -0.000138
4840 0 0 -0.000147
4845 0 0 -0.000138
4850 0 0 -0.000110
4855 0 0 -0.000077
4860 0 0 -0.000060
4865 0 0 -0.000071
4870 0 0 -0.000095
4875 0 0 -0.000108
4880 0 0 -0.000096
4885 0 0 -0.000078
4890 0 0 -0.000078
4895 0 0 -0.000113
4900 0 0 -0.000158
4905 0 0 -0.000180
4910 0 0 -0.000155
4915 0 0 -0.000107
4920 0 0 -0.000072
4925 0 0 -0.000074
4930 0 0 -0.000100
4935 0 0 -0.000126
4940 0 0 -0.000134
4945 0 0 -0.000131
4950 0 0 -0.000126
4955 0 0 -0.000128
4960 0 0 -0.000130
4965 0 0 -0.000120
4970 0 0 -0.000093
4975 0 0 -0.000064
4980 0 0 -0.000054
4985 0 0 -0.000076
4990 0 0 -0.000110
4995 0 0 -0.000126
5000 0 0 -0.000105
5005 0 0 -0.000068
5010 0 0 -0.000048
5015 0 0 -0.000065
5020 0 0 -0.000099
5025 0 0 -0.000120
5030 0 0 -0.000107
5035 0 0 -0.000080
5040 0 0 -0.000066
5045 0 0 -0.000085
5050 0 0 -0.000119
5055 0 0 -0.000138
5060 0 0 -0.000124
5065 0 0 -0.000091
5070 0 0 -0.000066
5075 0 0 -0.000065
5080 0 0 -0.000080
5085 0 0 -0.000096
5090 0 0 -0.000100
5095 0 0 -0.000094
5100 0 0 -0.000084
5105 0 0 -0.000074
5110 0 0 -0.000069
5115 0 0 -0.000072
5120 0 0 -0.000085
5125 0 0 -0.000098
5130 0 0 -0.000102
5135 0 0 -0.000089
5140 0 0 -0.000071
5145 0 0 -0.000066
5150 0 0 -0.000084
5155 0 0 -0.000110
5160 0 0 -0.000126
5165 0 0 -0.000117
5170 0 0 -0.000093
5175 0 0 -0.000072
5180 0 0 -0.000067
5185 0 0 -0.000073
5190 0 0 -0.000084
5195 0 0 -0.000092
5200 0 0 -0.000094
5205 0 0 -0.000090
5210 0 0 -0.000080
5215 0 0 -0.000069
5220 0 0 -0.000066
5225 0 0 -0.000074
5230 0 0 -0.000087
5235 0 0 -0.000096
5240 0 0 -0.000093
5245 0 0 -0.000083
5250 0 0 -0.000072
5255 0 0 -0.000066
5260 0 0 -0.000066
5265 0 0 -0.000072
5270 0 0 -0.000082
5275 0 0 -0.000092
5280 0 0 -0.000096
5285 0 0 -0.000091
5290 0 0 -0.000080
5295 0 0 -0.000072
5300 0 0 -0.000071
5305 0 0 -0.000077
5310 0 0 -0.000090
5315 0 0 -0.000106
5320 0 0 -0.000119
5325 0 0 -0.000120
5330 0 0 -0.000105
5335 0 0 -0.000090
5340 0 0 -0.000096
5345 0 0 -0.000138
5350 0 0 -0.000205
5355 0 0 -0.000282
5360 0 0 -0.000352
5365 0 0 -0.000400
5370 0 0 -0.000408
5375 0 0 -0.000368
5380 0 0 -0.000301
5385 0 0 -0.000234
5390 0 0 -0.000189
5395 0 0 -0.000167
5400 0 0 -0.000162
5405 0 0 -0.000169
5410 0 0 -0.000182
5415 0 0 -0.000192
5420 0 0 -0.000195
5425 0 0 -0.000193
5430 0 0 -0.000192
5435 0 0 -0.000194
5440 0 0 -0.000198
5445 0 0 -0.000198
5450 0 0 -0.000193
5455 0 0 -0.000184
5460 0 0 -0.000174
5465 0 0 -0.000167
5470 0 0 -0.000164
5475 0 0 -0.000168
5480 0 0 -0.000179
5485 0 0 -0.000190
5490 0 0 -0.000192
5495 0 0 -0.000180
5500 0 0 -0.000166
5505 0 0 -0.000168
5510 0 0 -0.000195
5515 0 0 -0.000234
5520 0 0 -0.000264
5525 0 0 -0.000270
5530 0 0 -0.000261
5535 0 0 -0.000252
5540 0 0 -0.000255
5545 0 0 -0.000271
5550 0 0 -0.000300
5555 0 0 -0.000334
5560 0 0 -0.000342
5565 0 0 -0.000288
5570 0 0 -0.000164
5575 0 0 -0.000074
5580 0 0 -0.000150
5585 0 0 -0.000474
5590 0 0 -0.000920
5595 0 0 -0.001314
5600 0 0 -0.001520
5605 0 0 -0.001566
5610 0 0 -0.001524
5615 0 0 -0.001451
5620 0 0 -0.001360
5625 0 0 -0.001254
5630 0 0 -0.001131
5635 0 0 -0.000983
5640 0 0 -0.000798
5645 0 0 -0.000575
5650 0 0 -0.000356
5655 0 0 -0.000192
5660 0 0 -0.000120
5665 0 0 -0.000113
5670 0 0 -0.000126
5675 0 0 -0.000125
5680 0 0 -0.000113
5685 0 0 -0.000102
5690 0 0 -0.000102
5695 0 0 -0.000112
5700 0 0 -0.000126
5705 0 0 -0.000140
5710 0 0 -0.000148
5715 0 0 -0.000144
5720 0 0 -0.000126
5725 0 0 -0.000102
5730 0 0 -0.000084
5735 0 0 -0.000081
5740 0 0 -0.000088
5745 0 0 -0.000096
5750 0 0 -0.000099
5755 0 0 -0.000097
5760 0 0 -0.000090
5765 0 0 -0.000081
5770 0 0 -0.000073
5775 0 0 -0.000072
5780 0 0 -0.000080
5785 0 0 -0.000091
5790 0 0 -0.000096
5795 0 0 -0.000090
5800 0 0 -0.000079
5805 0 0 -0.000072
5810 0 0 -0.000075
5815 0 0 -0.000087
5820 0 0 -0.000102
5825 0 0 -0.000117
5830 0 0 -0.000123
5835 0 0 -0.000114
5840 0 0 -0.000086
5845 0 0 -0.000058
5850 0 0 -0.000054
5855 0 0 -0.000088
5860 0 0 -0.000135
5865 0 0 -0.000162
5870 0 0 -0.000144
5875 0 0 -0.000104
5880 0 0 -0.000072
5885 0 0 -0.000073
5890 0 0 -0.000096
5895 0 0 -0.000120
5900 0 0 -0.000130
5905 0 0 -0.000127
5910 0 0 -0.000120
5915 0 0 -0.000114
5920 0 0 -0.000108
5925 0 0 -0.000102
5930 0 0 -0.000095
5935 0 0 -0.000086
5940 0 0 -0.000078
5945 0 0 -0.000071
5950 0 0 -0.000067
5955 0 0 -0.000072
5960 0 0 -0.000086
5965 0 0 -0.000099
5970 0 0 -0.000102
5975 0 0 -0.000086
5980 0 0 -0.000063
5985 0 0 -0.000048
5990 0 0 -0.000051
5995 0 0 -0.000066
6000 0 0 -0.000078
6005 0 0 -0.000079
6010 0 0 -0.000071
6015 0 0 -0.000060
6020 0 0 -0.000051
6025 0 0 -0.000046
6030 0 0 -0.000048
6035 0 0 -0.000057
6040 0 0 -0.000067
6045 0 0 -0.000072
6050 0 0 -0.000067
6055 0 0 -0.000057
6060 0 0 -0.000048
6065 0 0 -0.000046
6070 0 0 -0.000050
6075 0 0 -0.000060
6080 0 0 -0.000073
6085 0 0 -0.000084
6090 0 0 -0.000090
6095 0 0 -0.000086
6100 0 0 -0.000075
6105 0 0 -0.000060
6110 0 0 -0.000046
6115 0 0 -0.000044
6120 0 0 -0.000066
6125 0 0 -0.000117
6130 0 0 -0.000175
6135 0 0 -0.000210
6140 0 0 -0.000206
6145 0 0 -0.000196
6150 0 0 -0.000228
6155 0 0 -0.000339
6160 0 0 -0.000525
6165 0 0 -0.000774
6170 0 0 -0.001063
6175 0 0 -0.001327
6180 0 0 -0.001494
6185 0 0 -0.001509
6190 0 0 -0.001402
6195 0 0 -0.001224
6200 0 0 -0.001018
6205 0 0 -0.000804
6210 0 0 -0.000594
6215 0 0 -0.000402
6220 0 0 -0.000247
6225 0 0 -0.000150
6230 0 0 -0.000122
6235 0 0 -0.000132
6240 0 0 -0.000138
6245 0 0 -0.000112
6250 0 0 -0.000079
6255 0 0 -0.000078
6260 0 0 -0.000133
6265 0 0 -0.000214
6270 0 0 -0.000276
6275 0 0 -0.000285
6280 0 0 -0.000251
6285 0 0 -0.000198
6290 0 0 -0.000144
6295 0 0 -0.000102
6300 0 0 -0.000078
6305 0 0 -0.000078
6310 0 0 -0.000090
6315 0 0 -0.000096
6320 0 0 -0.000086
6325 0 0 -0.000072
6330 0 0 -0.000072
6335 0 0 -0.000096
6340 0 0 -0.000128
6345 0 0 -0.000144
6350 0 0 -0.000127
6355 0 0 -0.000095
6360 0 0 -0.000072
6365 0 0 -0.000076
6370 0 0 -0.000099
6375 0 0 -0.000126
6380 0 0 -0.000144
6385 0 0 -0.000150
6390 0 0 -0.000144
6395 0 0 -0.000128
6400 0 0 -0.000108
6405 0 0 -0.000090
6410 0 0 -0.000081
6415 0 0 -0.000078
6420 0 0 -0.000078
6425 0 0 -0.000079
6430 0 0 -0.000081
6435 0 0 -0.000084
6440 0 0 -0.000089
6445 0 0 -0.000093
6450 0 0 -0.000090
6455 0 0 -0.000080
6460 0 0 -0.000068
6465 0 0 -0.000066
6470 0 0 -0.000078
6475 0 0 -0.000095
6480 0 0 -0.000102
6485 0 0 -0.000091
6490 0 0 -0.000072
6495 0 0 -0.000060
6500 0 0 -0.000067
6505 0 0 -0.000083
6510 0 0 -0.000096
6515 0 0 -0.000096
6520 0 0 -0.000087
6525 0 0 -0.000078
6530 0 0 -0.000075
6535 0 0 -0.000080
6540 0 0 -0.000090
6545 0 0 -0.000104
6550 0 0 -0.000113
6555 0 0 -0.000108
6560 0 0 -0.000082
6565 0 0 -0.000050
6570 0 0 -0.000030
6575 0 0 -0.000034
6580 0 0 -0.000054
6585 0 0 -0.000072
6590 0 0 -0.000078
6595 0 0 -0.000072
6600 0 0 -0.000060
6605 0 0 -0.000046
6610 0 0 -0.000037
6615 0 0 -0.000036
6620 0 0 -0.000047
6625 0 0 -0.000064
6630 0 0 -0.000078
6635 0 0 -0.000082
6640 0 0 -0.000078
6645 0 0 -0.000072
6650 0 0 -0.000067
6655 0 0 -0.000065
6660 0 0 -0.000066
6665 0 0 -0.000070
6670 0 0 -0.000074
6675 0 0 -0.000072
6680 0 0 -0.000063
6685 0 0 -0.000050
6690 0 0 -0.000042
6695 0 0 -0.000043
6700 0 0 -0.000050
6705 0 0 -0.000060
6710 0 0 -0.000069
6715 0 0 -0.000076
6720 0 0 -0.000078
6725 0 0 -0.000076
6730 0 0 -0.000073
6735 0 0 -0.000072
6740 0 0 -0.000077
6745 0 0 -0.000085
6750 0 0 -0.000096
6755 0 0 -0.000106
6760 0 0 -0.000111
6765 0 0 -0.000108
6770 0 0 -0.000095
6775 0 0 -0.000081
6780 0 0 -0.000078
6785 0 0 -0.000092
6790 0 0 -0.000113
6795 0 0 -0.000126
6800 0 0 -0.000122
6805 0 0 -0.000112
6810 0 0 -0.000114
6815 0 0 -0.000137
6820 0 0 -0.000167
6825 0 0 -0.000180
6830 0 0 -0.000163
6835 0 0 -0.000131
6840 0 0 -0.000108
6845 0 0 -0.000111
6850 0 0 -0.000130
6855 0 0 -0.000150
6860 0 0 -0.000159
6865 0 0 -0.000168
6870 0 0 -0.000192
6875 0 0 -0.000240
6880 0 0 -0.000295
6885 0 0 -0.000336
6890 0 0 -0.000347
6895 0 0 -0.000337
6900 0 0 -0.000324
6905 0 0 -0.000318
6910 0 0 -0.000316
6915 0 0 -0.000306
6920 0 0 -0.000284
6925 0 0 -0.000256
6930 0 0 -0.000234
6935 0 0 -0.000225
6940 0 0 -0.000224
6945 0 0 -0.000222
6950 0 0 -0.000212
6955 0 0 -0.000197
6960 0 0 -0.000186
6965 0 0 -0.000182
6970 0 0 -0.000180
6975 0 0 -0.000174
6980 0 0 -0.000160
6985 0 0 -0.000147
6990 0 0 -0.000144
6995 0 0 -0.000158
7000 0 0 -0.000178
7005 0 0 -0.000186
7010 0 0 -0.000173
7015 0 0 -0.000150
7020 0 0 -0.000138
7025 0 0 -0.000149
7030 0 0 -0.000173
7035 0 0 -0.000198
7040 0 0 -0.000211
7045 0 0 -0.000210
7050 0 0 -0.000198
7055 0 0 -0.000178
7060 0 0 -0.000158
7065 0 0 -0.000150
7070 0 0 -0.000159
7075 0 0 -0.000173
7080 0 0 -0.000174
7085 0 0 -0.000151
7090 0 0 -0.000119
7095 0 0 -0.000102
7100 0 0 -0.000115
7105 0 0 -0.000142
7110 0 0 -0.000162
7115 0 0 -0.000157
7120 0 0 -0.000136
7125 0 0 -0.000114
7130 0 0 -0.000102
7135 0 0 -0.000100
7140 0 0 -0.000108
7145 0 0 -0.000122
7150 0 0 -0.000135
7155 0 0 -0.000138
7160 0 0 -0.000125
7165 0 0 -0.000103
7170 0 0 -0.000084
7175 0 0 -0.000075
7180 0 0 -0.000076
7185 0 0 -0.000084
7190 0 0 -0.000094
7195 0 0 -0.000100
7200 0 0 -0.000096
7205 0 0 -0.000077
7210 0 0 -0.000055
7215 0 0 -0.000042
7220 0 0 -0.000048
7225 0 0 -0.000064
7230 0 0 -0.000078
7235 0 0 -0.000080
7240 0 0 -0.000072
7245 0 0 -0.000060
7250 0 0 -0.000048
7255 0 0 -0.000041
7260 0 0 -0.000042
7265 0 0 -0.000053
7270 0 0 -0.000066
7275 0 0 -0.000072
7280 0 0 -0.000064
7285 0 0 -0.000053
7290 0 0 -0.000054
7295 0 0 -0.000076
7300 0 0 -0.000105
7305 0 0 -0.000120
7310 0 0 -0.000109
7315 0 0 -0.000084
7320 0 0 -0.000066
7325 0 0 -0.000068
7330 0 0 -0.000084
7335 0 0 -0.000102
7340 0 0 -0.000111
7345 0 0 -0.000111
7350 0 0 -0.000102
7355 0 0 -0.000087
7360 0 0 -0.000075
7365 0 0 -0.000078
7370 0 0 -0.000102
7375 0 0 -0.000131
7380 0 0 -0.000144
7385 0 0 -0.000126
7390 0 0 -0.000092
7395 0 0 -0.000066
7400 0 0 -0.000065
7405 0 0 -0.000080
7410 0 0 -0.000096
7415 0 0 -0.000102
7420 0 0 -0.000099
7425 0 0 -0.000090
7430 0 0 -0.000078
7435 0 0 -0.000069
7440 0 0 -0.000066
7445 0 0 -0.000072
7450 0 0 -0.000082
7455 0 0 -0.000090
7460 0 0 -0.000090
7465 0 0 -0.000084
7470 0 0 -0.000078
7475 0 0 -0.000075
7480 0 0 -0.000076
7485 0 0 -0.000084
7490 0 0 -0.000097
7495 0 0 -0.000110
7500 0 0 -0.000114
7505 0 0 -0.000104
7510 0 0 -0.000087
7515 0 0 -0.000072
7520 0 0 -0.000068
7525 0 0 -0.000071
7530 0 0 -0.000078
7535 0 0 -0.000084
7540 0 0 -0.000088
7545 0 0 -0.000090
7550 0 0 -0.000089
7555 0 0 -0.000084
7560 0 0 -0.000072
7565 0 0 -0.000055
7570 0 0 -0.000049
7575 0 0 -0.000072
7580 0 0 -0.000133
7585 0 0 -0.000204
7590 0 0 -0.000246
7595 0 0 -0.000233
7600 0 0 -0.000185
7605 0 0 -0.000138
7610 0 0 -0.000117
7615 0 0 -0.000120
7620 0 0 -0.000138
7625 0 0 -0.000161
7630 0 0 -0.000180
7635 0 0 -0.000186
7640 0 0 -0.000173
7645 0 0 -0.000150
7650 0 0 -0.000132
7655 0 0 -0.000129
7660 0 0 -0.000134
7665 0 0 -0.000138
7670 0 0 -0.000133
7675 0 0 -0.000123
7680 0 0 -0.000114
7685 0 0 -0.000110
7690 0 0 -0.000110
7695 0 0 -0.000114
7700 0 0 -0.000120
7705 0 0 -0.000125
7710 0 0 -0.000126
7715 0 0 -0.000122
7720 0 0 -0.000115
7725 0 0 -0.000108
7730 0 0 -0.000104
7735 0 0 -0.000103
7740 0 0 -0.000108
7745 0 0 -0.000118
7750 0 0 -0.000126
7755 0 0 -0.000126
7760 0 0 -0.000114
7765 0 0 -0.000103
7770 0 0 -0.000108
7775 0 0 -0.000139
7780 0 0 -0.000176
7785 0 0 -0.000192
7790 0 0 -0.000169
7795 0 0 -0.000129
7800 0 0 -0.000102
7805 0 0 -0.000111
7810 0 0 -0.000142
7815 0 0 -0.000168
7820 0 0 -0.000172
7825 0 0 -0.000161
7830 0 0 -0.000144
7835 0 0 -0.000132
7840 0 0 -0.000123
7845 0 0 -0.000114
7850 0 0 -0.000103
7855 0 0 -0.000093
7860 0 0 -0.000090
7865 0 0 -0.000097
7870 0 0 -0.000108
7875 0 0 -0.000114
7880 0 0 -0.000109
7885 0 0 -0.000099
7890 0 0 -0.000090
7895 0 0 -0.000089
7900 0 0 -0.000094
7905 0 0 -0.000102
7910 0 0 -0.000109
7915 0 0 -0.000112
7920 0 0 -0.000108
7925 0 0 -0.000096
7930 0 0 -0.000084
7935 0 0 -0.000078
7940 0 0 -0.000085
7945 0 0 -0.000100
7950 0 0 -0.000114
7955 0 0 -0.000121
7960 0 0 -0.000124
7965 0 0 -0.000126
7970 0 0 -0.000131
7975 0 0 -0.000137
7980 0 0 -0.000144
7985 0 0 -0.000149
7990 0 0 -0.000150
7995 0 0 -0.000144
8000 0 0 -0.000131
8005 0 0 -0.000117
8010 0 0 -0.000108
8015 0 0 -0.000109
8020 0 0 -0.000117
8025 0 0 -0.000126
8030 0 0 -0.000131
8035 0 0 -0.000131
8040 0 0 -0.000126
8045 0 0 -0.000118
8050 0 0 -0.000110
8055 0 0 -0.000108
8060 0 0 -0.000115
8065 0 0 -0.000127
8070 0 0 -0.000138
8075 0 0 -0.000143
8080 0 0 -0.000142
8085 0 0 -0.000138
8090 0 0 -0.000133
8095 0 0 -0.000128
8100 0 0 -0.000126
8105 0 0 -0.000127
8110 0 0 -0.000128
8115 0 0 -0.000126
8120 0 0 -0.000118
8125 0 0 -0.000107
8130 0 0 -0.000102
8135 0 0 -0.000105
8140 0 0 -0.000115
8145 0 0 -0.000126
8150 0 0 -0.000134
8155 0 0 -0.000137
8160 0 0 -0.000132
8165 0 0 -0.000118
8170 0 0 -0.000103
8175 0 0 -0.000096
8180 0 0 -0.000102
8185 0 0 -0.000117
8190 0 0 -0.000132
8195 0 0 -0.000141
8200 0 0 -0.000143
8205 0 0 -0.000138
8210 0 0 -0.000128
8215 0 0 -0.000120
8220 0 0 -0.000126
8225 0 0 -0.000149
8230 0 0 -0.000176
8235 0 0 -0.000186
8240 0 0 -0.000169
8245 0 0 -0.000143
8250 0 0 -0.000138
8255 0 0 -0.000170
8260 0 0 -0.000215
8265 0 0 -0.000240
8270 0 0 -0.000220
8275 0 0 -0.000178
8280 0 0 -0.000144
8285 0 0 -0.000142
8290 0 0 -0.000163
8295 0 0 -0.000186
8300 0 0 -0.000197
8305 0 0 -0.000199
8310 0 0 -0.000198
8315 0 0 -0.000198
8320 0 0 -0.000196
8325 0 0 -0.000186
8330 0 0 -0.000165
8335 0 0 -0.000144
8340 0 0 -0.000138
8345 0 0 -0.000156
8350 0 0 -0.000181
8355 0 0 -0.000192
8360 0 0 -0.000175
8365 0 0 -0.000148
8370 0 0 -0.000138
8375 0 0 -0.000161
8380 0 0 -0.000195
8385 0 0 -0.000210
8390 0 0 -0.000186
8395 0 0 -0.000150
8400 0 0 -0.000138
8405 0 0 -0.000175
8410 0 0 -0.000235
8415 0 0 -0.000276
8420 0 0 -0.000272
8425 0 0 -0.000249
8430 0 0 -0.000246
8435 0 0 -0.000284
8440 0 0 -0.000319
8445 0 0 -0.000288
8450 0 0 -0.000164
8455 0 0 -0.000059
8460 0 0 -0.000120
8465 0 0 -0.000435
8470 0 0 -0.000858
8475 0 0 -0.001188
8480 0 0 -0.001274
8485 0 0 -0.001181
8490 0 0 -0.001026
8495 0 0 -0.000903
8500 0 0 -0.000809
8505 0 0 -0.000714
8510 0 0 -0.000598
8515 0 0 -0.000470
8520 0 0 -0.000348
8525 0 0 -0.000248
8530 0 0 -0.000179
8535 0 0 -0.000150
8540 0 0 -0.000162
8545 0 0 -0.000195
8550 0 0 -0.000222
8555 0 0 -0.000223
8560 0 0 -0.000202
8565 0 0 -0.000168
8570 0 0 -0.000132
8575 0 0 -0.000101
8580 0 0 -0.000084
8585 0 0 -0.000084
8590 0 0 -0.000096
8595 0 0 -0.000108
8600 0 0 -0.000114
8605 0 0 -0.000113
8610 0 0 -0.000108
8615 0 0 -0.000102
8620 0 0 -0.000099
8625 0 0 -0.000102
8630 0 0 -0.000114
8635 0 0 -0.000129
8640 0 0 -0.000138
8645 0 0 -0.000136
8650 0 0 -0.000127
8655 0 0 -0.000120
8660 0 0 -0.000120
8665 0 0 -0.000125
8670 0 0 -0.000132
8675 0 0 -0.000137
8680 0 0 -0.000138
8685 0 0 -0.000132
8690 0 0 -0.000118
8695 0 0 -0.000103
8700 0 0 -0.000096
8705 0 0 -0.000103
8710 0 0 -0.000117
8715 0 0 -0.000126
8720 0 0 -0.000123
8725 0 0 -0.000117
8730 0 0 -0.000120
8735 0 0 -0.000138
8740 0 0 -0.000160
8745 0 0 -0.000168
8750 0 0 -0.000152
8755 0 0 -0.000125
8760 0 0 -0.000108
8765 0 0 -0.000114
8770 0 0 -0.000135
8775 0 0 -0.000156
8780 0 0 -0.000166
8785 0 0 -0.000165
8790 0 0 -0.000156
8795 0 0 -0.000143
8800 0 0 -0.000130
8805 0 0 -0.000120
8810 0 0 -0.000116
8815 0 0 -0.000116
8820 0 0 -0.000120
8825 0 0 -0.000125
8830 0 0 -0.000131
8835 0 0 -0.000138
8840 0 0 -0.000144
8845 0 0 -0.000146
8850 0 0 -0.000138
8855 0 0 -0.000119
8860 0 0 -0.000098
8865 0 0 -0.000090
8870 0 0 -0.000102
8875 0 0 -0.000123
8880 0 0 -0.000138
8885 0 0 -0.000134
8890 0 0 -0.000119
8895 0 0 -0.000102
8900 0 0 -0.000092
8905 0 0 -0.000087
8910 0 0 -0.000084
8915 0 0 -0.000080
8920 0 0 -0.000080
8925 0 0 -0.000090
8930 0 0 -0.000109
8935 0 0 -0.000111
8940 0 0 -0.000060
8945 0 0 0.000045
8950 0 0 0.000081
8955 0 0 -0.000108
8960 0 0 -0.000603
8965 0 0 -0.001188
8970 0 0 -0.001572
8975 0 0 -0.001552
8980 0 0 -0.001270
8985 0 0 -0.000954
8990 0 0 -0.000777
8995 0 0 -0.000696
9000 0 0 -0.000612
9005 0 0 -0.000454
9010 0 0 -0.000263
9015 0 0 -0.000108
9020 0 0 -0.000039
9025 0 0 -0.000036
9030 0 0 -0.000060
9035 0 0 -0.000080
9040 0 0 -0.000090
9045 0 0 -0.000090
9050 0 0 -0.000081
9055 0 0 -0.000067
9060 0 0 -0.000054
9065 0 0 -0.000047
9070 0 0 -0.000045
9075 0 0 -0.000048
9080 0 0 -0.000054
9085 0 0 -0.000061
9090 0 0 -0.000066
9095 0 0 -0.000066
9100 0 0 -0.000063
9105 0 0 -0.000060
9110 0 0 -0.000059
9115 0 0 -0.000062
9120 0 0 -0.000066
9125 0 0 -0.000072
9130 0 0 -0.000077
9135 0 0 -0.000078
9140 0 0 -0.000073
9145 0 0 -0.000063
9150 0 0 -0.000054
9155 0 0 -0.000048
9160 0 0 -0.000046
9165 0 0 -0.000048
9170 0 0 -0.000055
9175 0 0 -0.000062
9180 0 0 -0.000066
9185 0 0 -0.000064
9190 0 0 -0.000057
9195 0 0 -0.000048
9200 0 0 -0.000040
9205 0 0 -0.000040
9210 0 0 -0.000054
9215 0 0 -0.000084
9220 0 0 -0.000118
9225 0 0 -0.000138
9230 0 0 -0.000133
9235 0 0 -0.000115
9240 0 0 -0.000102
9245 0 0 -0.000108
9250 0 0 -0.000124
9255 0 0 -0.000138
9260 0 0 -0.000139
9265 0 0 -0.000130
9270 0 0 -0.000120
9275 0 0 -0.000113
9280 0 0 -0.000108
9285 0 0 -0.000102
9290 0 0 -0.000093
9295 0 0 -0.000084
9300 0 0 -0.000078
9305 0 0 -0.000079
9310 0 0 -0.000084
9315 0 0 -0.000090
9320 0 0 -0.000094
9325 0 0 -0.000095
9330 0 0 -0.000090
9335 0 0 -0.000081
9340 0 0 -0.000072
9345 0 0 -0.000072
9350 0 0 -0.000084
9355 0 0 -0.000100
9360 0 0 -0.000108
9365 0 0 -0.000099
9370 0 0 -0.000083
9375 0 0 -0.000072
9380 0 0 -0.000076
9385 0 0 -0.000089
9390 0 0 -0.000102
9395 0 0 -0.000108
9400 0 0 -0.000108
9405 0 0 -0.000102
9410 0 0 -0.000094
9415 0 0 -0.000088
9420 0 0 -0.000090
9425 0 0 -0.000101
9430 0 0 -0.000110
9435 0 0 -0.000102
9440 0 0 -0.000071
9445 0 0 -0.000044
9450 0 0 -0.000060
9455 0 0 -0.000138
9460 0 0 -0.000233
9465 0 0 -0.000282
9470 0 0 -0.000244
9475 0 0 -0.000155
9480 0 0 -0.000072
9485 0 0 -0.000037
9490 0 0 -0.000041
9495 0 0 -0.000060
9500 0 0 -0.000074
9505 0 0 -0.000082
9510 0 0 -0.000084
9515 0 0 -0.000082
9520 0 0 -0.000080
9525 0 0 -0.000078
9530 0 0 -0.000080
9535 0 0 -0.000084
9540 0 0 -0.000090
9545 0 0 -0.000096
9550 0 0 -0.000099
9555 0 0 -0.000096
9560 0 0 -0.000085
9565 0 0 -0.000072
9570 0 0 -0.000066
9575 0 0 -0.000073
9580 0 0 -0.000087
9585 0 0 -0.000102
9590 0 0 -0.000110
9595 0 0 -0.000108
9600 0 0 -0.000096
9605 0 0 -0.000074
9610 0 0 -0.000058
9615 0 0 -0.000066
9620 0 0 -0.000107
9625 0 0 -0.000158
9630 0 0 -0.000186
9635 0 0 -0.000168
9640 0 0 -0.000124
9645 0 0 -0.000084
9650 0 0 -0.000070
9655 0 0 -0.000076
9660 0 0 -0.000090
9665 0 0 -0.000101
9670 0 0 -0.000105
9675 0 0 -0.000096
9680 0 0 -0.000075
9685 0 0 -0.000055
9690 0 0 -0.000054
9695 0 0 -0.000082
9700 0 0 -0.000126
9705 0 0 -0.000168
9710 0 0 -0.000193
9715 0 0 -0.000203
9720 0 0 -0.000204
9725 0 0 -0.000201
9730 0 0 -0.000198
9735 0 0 -0.000198
9740 0 0 -0.000202
9745 0 0 -0.000207
9750 0 0 -0.000204
9755 0 0 -0.000191
9760 0 0 -0.000172
9765 0 0 -0.000156
9770 0 0 -0.000148
9775 0 0 -0.000144
9780 0 0 -0.000138
9785 0 0 -0.000128
9790 0 0 -0.000131
9795 0 0 -0.000168
9800 0 0 -0.000249
9805 0 0 -0.000339
9810 0 0 -0.000390
9815 0 0 -0.000371
9820 0 0 -0.000313
9825 0 0 -0.000264
9830 0 0 -0.000258
9835 0 0 -0.000275
9840 0 0 -0.000282
9845 0 0 -0.000255
9850 0 0 -0.000211
9855 0 0 -0.000174
9860 0 0 -0.000163
9865 0 0 -0.000170
9870 0 0 -0.000180
9875 0 0 -0.000180
9880 0 0 -0.000172
9885 0 0 -0.000162
9890 0 0 -0.000153
9895 0 0 -0.000149
9900 0 0 -0.000150
9905 0 0 -0.000158
9910 0 0 -0.000168
9915 0 0 -0.000174
9920 0 0 -0.000172
9925 0 0 -0.000164
9930 0 0 -0.000156
9935 0 0 -0.000151
9940 0 0 -0.000151
9945 0 0 -0.000156
9950 0 0 -0.000164
9955 0 0 -0.000172
9960 0 0 -0.000174
9965 0 0 -0.000166
9970 0 0 -0.000156
9975 0 0 -0.000150
9980 0 0 -0.000155
9985 0 0 -0.000167
9990 0 0 -0.000180
9995 0 0 -0.000188
10000 0 0 -0.000188
10005 0 0 -0.000180
10010 0 0 -0.000164
10015 0 0 -0.000147
10020 0 0 -0.000138
10025 0 0 -0.000142
10030 0 0 -0.000154
10035 0 0 -0.000168
10040 0 0 -0.000176
10045 0 0 -0.000178
10050 0 0 -0.000174
10055 0 0 -0.000164
10060 0 0 -0.000153
10065 0 0 -0.000144
10070 0 0 -0.000143
10075 0 0 -0.000153
