0 0 0 -0.000460
5 0 0 -0.000639
10 0 0 -0.000706
15 0 0 -0.000692
20 0 0 -0.000626
25 0 0 -0.000539
30 0 0 -0.000460
35 0 0 -0.000415
40 0 0 -0.000414
45 0 0 -0.000460
50 0 0 -0.000550
55 0 0 -0.000643
60 0 0 -0.000688
65 0 0 -0.000651
70 0 0 -0.000561
75 0 0 -0.000460
80 0 0 -0.000386
85 0 0 -0.000347
90 0 0 -0.000344
95 0 0 -0.000374
100 0 0 -0.000419
105 0 0 -0.000460
110 0 0 -0.000480
115 0 0 -0.000478
120 0 0 -0.000460
125 0 0 -0.000434
130 0 0 -0.000424
135 0 0 -0.000460
140 0 0 -0.000553
145 0 0 -0.000652
150 0 0 -0.000688
155 0 0 -0.000615
160 0 0 -0.000478
165 0 0 -0.000344
170 0 0 -0.000268
175 0 0 -0.000267
180 0 0 -0.000344
185 0 0 -0.000490
190 0 0 -0.000633
195 0 0 -0.000688
200 0 0 -0.000601
205 0 0 -0.000451
210 0 0 -0.000348
215 0 0 -0.000371
220 0 0 -0.000474
225 0 0 -0.000576
230 0 0 -0.000617
235 0 0 -0.000608
240 0 0 -0.000576
245 0 0 -0.000544
250 0 0 -0.000508
255 0 0 -0.000460
260 0 0 -0.000398
265 0 0 -0.000348
270 0 0 -0.000348
275 0 0 -0.000416
280 0 0 -0.000511
285 0 0 -0.000576
290 0 0 -0.000571
295 0 0 -0.000518
300 0 0 -0.000460
305 0 0 -0.000428
310 0 0 -0.000429
315 0 0 -0.000460
320 0 0 -0.000515
325 0 0 -0.000565
330 0 0 -0.000576
335 0 0 -0.000531
340 0 0 -0.000473
345 0 0 -0.000464
350 0 0 -0.000539
355 0 0 -0.000642
360 0 0 -0.000692
365 0 0 -0.000635
370 0 0 -0.000529
375 0 0 -0.000460
380 0 0 -0.000484
385 0 0 -0.000550
390 0 0 -0.000576
395 0 0 -0.000509
400 0 0 -0.000406
405 0 0 -0.000348
410 0 0 -0.000393
415 0 0 -0.000493
420 0 0 -0.000576
425 0 0 -0.000604
430 0 0 -0.000674
435 0 0 -0.000920
440 0 0 -0.001410
445 0 0 -0.001956
450 0 0 -0.002304
455 0 0 -0.002272
460 0 0 -0.001949
465 0 0 -0.001496
470 0 0 -0.001058
475 0 0 -0.000726
480 0 0 -0.000576
485 0 0 -0.000645
490 0 0 -0.000813
495 0 0 -0.000920
500 0 0 -0.000851
505 0 0 -0.000665
510 0 0 -0.000464
515 0 0 -0.000335
520 0 0 -0.000294
525 0 0 -0.000344
530 0 0 -0.000472
535 0 0 -0.000613
540 0 0 -0.000692
545 0 0 -0.000656
550 0 0 -0.000554
555 0 0 -0.000460
560 0 0 -0.000430
565 0 0 -0.000444
570 0 0 -0.000464
575 0 0 -0.000462
580 0 0 -0.000452
585 0 0 -0.000460
590 0 0 -0.000501
595 0 0 -0.000551
600 0 0 -0.000576
605 0 0 -0.000553
610 0 0 -0.000503
615 0 0 -0.000460
620 0 0 -0.000448
625 0 0 -0.000454
630 0 0 -0.000460
635 0 0 -0.000451
640 0 0 -0.000444
645 0 0 -0.000460
650 0 0 -0.000516
655 0 0 -0.000600
660 0 0 -0.000692
665 0 0 -0.000772
670 0 0 -0.000817
675 0 0 -0.000804
680 0 0 -0.000725
685 0 0 -0.000628
690 0 0 -0.000576
695 0 0 -0.000609
700 0 0 -0.000672
705 0 0 -0.000688
710 0 0 -0.000608
715 0 0 -0.000499
720 0 0 -0.000460
725 0 0 -0.000553
730 0 0 -0.000705
735 0 0 -0.000808
740 0 0 -0.000785
745 0 0 -0.000681
750 0 0 -0.000572
755 0 0 -0.000514
760 0 0 -0.000490
765 0 0 -0.000464
770 0 0 -0.000413
775 0 0 -0.000361
780 0 0 -0.000348
785 0 0 -0.000398
790 0 0 -0.000487
795 0 0 -0.000576
800 0 0 -0.000633
805 0 0 -0.000638
810 0 0 -0.000576
815 0 0 -0.000447
820 0 0 -0.000308
825 0 0 -0.000232
830 0 0 -0.000266
835 0 0 -0.000365
840 0 0 -0.000460
845 0 0 -0.000497
850 0 0 -0.000488
855 0 0 -0.000460
860 0 0 -0.000438
865 0 0 -0.000435
870 0 0 -0.000460
875 0 0 -0.000514
880 0 0 -0.000566
885 0 0 -0.000576
890 0 0 -0.000518
895 0 0 -0.000426
900 0 0 -0.000344
905 0 0 -0.000309
910 0 0 -0.000315
915 0 0 -0.000344
920 0 0 -0.000381
925 0 0 -0.000421
930 0 0 -0.000460
935 0 0 -0.000492
940 0 0 -0.000498
945 0 0 -0.000460
950 0 0 -0.000374
955 0 0 -0.000307
960 0 0 -0.000344
965 0 0 -0.000555
970 0 0 -0.000944
975 0 0 -0.001500
980 0 0 -0.002168
985 0 0 -0.002720
990 0 0 -0.002880
995 0 0 -0.002483
1000 0 0 -0.001785
1005 0 0 -0.001152
1010 0 0 -0.000860
1015 0 0 -0.000836
1020 0 0 -0.000920
1025 0 0 -0.000983
1030 0 0 -0.001015
1035 0 0 -0.001036
1040 0 0 -0.001060
1045 0 0 -0.001069
1050 0 0 -0.001040
1055 0 0 -0.000960
1060 0 0 -0.000867
1065 0 0 -0.000808
1070 0 0 -0.000822
1075 0 0 -0.000904
1080 0 0 -0.001040
1085 0 0 -0.001210
1090 0 0 -0.001377
1095 0 0 -0.001496
1100 0 0 -0.001534
1105 0 0 -0.001493
1110 0 0 -0.001384
1115 0 0 -0.001229
1120 0 0 -0.001090
1125 0 0 -0.001036
1130 0 0 -0.001113
1135 0 0 -0.001258
1140 0 0 -0.001384
1145 0 0 -0.001421
1150 0 0 -0.001376
1155 0 0 -0.001272
1160 0 0 -0.001141
1165 0 0 -0.001041
1170 0 0 -0.001036
1175 0 0 -0.001160
1180 0 0 -0.001317
1185 0 0 -0.001380
1190 0 0 -0.001270
1195 0 0 -0.001101
1200 0 0 -0.001036
1205 0 0 -0.001192
1210 0 0 -0.001500
1215 0 0 -0.001844
1220 0 0 -0.002119
1225 0 0 -0.002254
1230 0 0 -0.002188
1235 0 0 -0.001900
1240 0 0 -0.001532
1245 0 0 -0.001268
1250 0 0 -0.001238
1255 0 0 -0.001359
1260 0 0 -0.001496
1265 0 0 -0.001541
1270 0 0 -0.001494
1275 0 0 -0.001384
1280 0 0 -0.001247
1285 0 0 -0.001146
1290 0 0 -0.001152
1295 0 0 -0.001302
1300 0 0 -0.001499
1305 0 0 -0.001612
1310 0 0 -0.001544
1315 0 0 -0.001329
1320 0 0 -0.001036
1325 0 0 -0.000736
1330 0 0 -0.000514
1335 0 0 -0.000460
1340 0 0 -0.000619
1345 0 0 -0.000867
1350 0 0 -0.001036
1355 0 0 -0.001007
1360 0 0 -0.000851
1365 0 0 -0.000688
1370 0 0 -0.000609
1375 0 0 -0.000590
1380 0 0 -0.000576
1385 0 0 -0.000530
1390 0 0 -0.000477
1395 0 0 -0.000460
1400 0 0 -0.000503
1405 0 0 -0.000563
1410 0 0 -0.000576
1415 0 0 -0.000505
1420 0 0 -0.000402
1425 0 0 -0.000344
1430 0 0 -0.000383
1435 0 0 -0.000481
1440 0 0 -0.000576
1445 0 0 -0.000619
1450 0 0 -0.000614
1455 0 0 -0.000576
1460 0 0 -0.000523
1465 0 0 -0.000477
1470 0 0 -0.000464
1475 0 0 -0.000497
1480 0 0 -0.000548
1485 0 0 -0.000576
1490 0 0 -0.000554
1495 0 0 -0.000504
1500 0 0 -0.000460
1505 0 0 -0.000448
1510 0 0 -0.000457
1515 0 0 -0.000464
1520 0 0 -0.000457
1525 0 0 -0.000448
1530 0 0 -0.000460
1535 0 0 -0.000503
1540 0 0 -0.000553
1545 0 0 -0.000576
1550 0 0 -0.000549
1555 0 0 -0.000498
1560 0 0 -0.000460
1565 0 0 -0.000460
1570 0 0 -0.000473
1575 0 0 -0.000460
1580 0 0 -0.000399
1585 0 0 -0.000339
1590 0 0 -0.000344
1595 0 0 -0.000453
1600 0 0 -0.000599
1605 0 0 -0.000692
1610 0 0 -0.000665
1615 0 0 -0.000564
1620 0 0 -0.000460
1625 0 0 -0.000410
1630 0 0 -0.000415
1635 0 0 -0.000460
1640 0 0 -0.000527
1645 0 0 -0.000579
1650 0 0 -0.000576
1655 0 0 -0.000495
1660 0 0 -0.000393
1665 0 0 -0.000344
1670 0 0 -0.000399
1675 0 0 -0.000503
1680 0 0 -0.000576
1685 0 0 -0.000562
1690 0 0 -0.000501
1695 0 0 -0.000460
1700 0 0 -0.000483
1705 0 0 -0.000539
1710 0 0 -0.000576
1715 0 0 -0.000558
1720 0 0 -0.000507
1725 0 0 -0.000460
1730 0 0 -0.000445
1735 0 0 -0.000451
1740 0 0 -0.000460
1745 0 0 -0.000458
1750 0 0 -0.000453
1755 0 0 -0.000460
1760 0 0 -0.000489
1765 0 0 -0.000533
1770 0 0 -0.000576
1775 0 0 -0.000607
1780 0 0 -0.000611
1785 0 0 -0.000576
1790 0 0 -0.000497
1795 0 0 -0.000406
1800 0 0 -0.000344
1805 0 0 -0.000342
1810 0 0 -0.000388
1815 0 0 -0.000460
1820 0 0 -0.000536
1825 0 0 -0.000585
1830 0 0 -0.000576
1835 0 0 -0.000495
1840 0 0 -0.000395
1845 0 0 -0.000344
1850 0 0 -0.000407
1855 0 0 -0.000626
1860 0 0 -0.001040
1865 0 0 -0.001633
1870 0 0 -0.002185
1875 0 0 -0.002420
1880 0 0 -0.002181
1885 0 0 -0.001772
1890 0 0 -0.001612
1895 0 0 -0.001974
1900 0 0 -0.002548
1905 0 0 -0.002880
1910 0 0 -0.002649
1915 0 0 -0.002070
1920 0 0 -0.001496
1925 0 0 -0.001192
1930 0 0 -0.001090
1935 0 0 -0.001036
1940 0 0 -0.000913
1945 0 0 -0.000741
1950 0 0 -0.000576
1955 0 0 -0.000461
1960 0 0 -0.000389
1965 0 0 -0.000344
1970 0 0 -0.000312
1975 0 0 -0.000307
1980 0 0 -0.000348
1985 0 0 -0.000440
1990 0 0 -0.000536
1995 0 0 -0.000576
2000 0 0 -0.000521
2005 0 0 -0.000421
2010 0 0 -0.000348
2015 0 0 -0.000354
2020 0 0 -0.000408
2025 0 0 -0.000460
2030 0 0 -0.000472
2035 0 0 -0.000461
2040 0 0 -0.000460
2045 0 0 -0.000491
2050 0 0 -0.000538
2055 0 0 -0.000576
2060 0 0 -0.000582
2065 0 0 -0.000547
2070 0 0 -0.000464
2075 0 0 -0.000340
2080 0 0 -0.000237
2085 0 0 -0.000232
2090 0 0 -0.000368
2095 0 0 -0.000560
2100 0 0 -0.000692
2105 0 0 -0.000680
2110 0 0 -0.000574
2115 0 0 -0.000460
2120 0 0 -0.000400
2125 0 0 -0.000376
2130 0 0 -0.000348
2135 0 0 -0.000296
2140 0 0 -0.000272
2145 0 0 -0.000348
2150 0 0 -0.000560
2155 0 0 -0.000798
2160 0 0 -0.000920
2165 0 0 -0.000829
2170 0 0 -0.000626
2175 0 0 -0.000460
2180 0 0 -0.000440
2185 0 0 -0.000510
2190 0 0 -0.000576
2195 0 0 -0.000567
2200 0 0 -0.000510
2205 0 0 -0.000460
2210 0 0 -0.000454
2215 0 0 -0.000467
2220 0 0 -0.000460
2225 0 0 -0.000408
2230 0 0 -0.000351
2235 0 0 -0.000344
2240 0 0 -0.000419
2245 0 0 -0.000522
2250 0 0 -0.000576
2255 0 0 -0.000530
2260 0 0 -0.000430
2265 0 0 -0.000348
2270 0 0 -0.000339
2275 0 0 -0.000388
2280 0 0 -0.000464
2285 0 0 -0.000538
2290 0 0 -0.000583
2295 0 0 -0.000576
2300 0 0 -0.000505
2305 0 0 -0.000410
2310 0 0 -0.000344
2315 0 0 -0.000345
2320 0 0 -0.000394
2325 0 0 -0.000460
2330 0 0 -0.000516
2335 0 0 -0.000555
2340 0 0 -0.000576
2345 0 0 -0.000580
2350 0 0 -0.000576
2355 0 0 -0.000576
2360 0 0 -0.000586
2365 0 0 -0.000592
2370 0 0 -0.000576
2375 0 0 -0.000529
2380 0 0 -0.000478
2385 0 0 -0.000460
2390 0 0 -0.000501
2395 0 0 -0.000587
2400 0 0 -0.000692
2405 0 0 -0.000814
2410 0 0 -0.001044
2415 0 0 -0.001496
2420 0 0 -0.002210
2425 0 0 -0.002934
2430 0 0 -0.003340
2435 0 0 -0.003201
2440 0 0 -0.002689
2445 0 0 -0.002072
2450 0 0 -0.001583
2455 0 0 -0.001302
2460 0 0 -0.001268
2465 0 0 -0.001487
2470 0 0 -0.001815
2475 0 0 -0.002072
2480 0 0 -0.002124
2485 0 0 -0.002017
2490 0 0 -0.001844
2495 0 0 -0.001680
2500 0 0 -0.001530
2505 0 0 -0.001384
2510 0 0 -0.001250
2515 0 0 -0.001215
2520 0 0 -0.001384
2525 0 0 -0.001802
2530 0 0 -0.002273
2535 0 0 -0.002536
2540 0 0 -0.002421
2545 0 0 -0.002104
2550 0 0 -0.001848
2555 0 0 -0.001845
2560 0 0 -0.002010
2565 0 0 -0.002188
2570 0 0 -0.002258
2575 0 0 -0.002241
2580 0 0 -0.002192
2585 0 0 -0.002154
2590 0 0 -0.002122
2595 0 0 -0.002076
2600 0 0 -0.002010
2605 0 0 -0.001956
2610 0 0 -0.001960
2615 0 0 -0.002053
2620 0 0 -0.002215
2625 0 0 -0.002416
2630 0 0 -0.002618
2635 0 0 -0.002757
2640 0 0 -0.002764
2645 0 0 -0.002603
2650 0 0 -0.002369
2655 0 0 -0.002188
2660 0 0 -0.002154
2665 0 0 -0.002218
2670 0 0 -0.002300
2675 0 0 -0.002330
2680 0 0 -0.002294
2685 0 0 -0.002192
2690 0 0 -0.002036
2695 0 0 -0.001892
2700 0 0 -0.001840
2705 0 0 -0.001929
2710 0 0 -0.002081
2715 0 0 -0.002188
2720 0 0 -0.002170
2725 0 0 -0.002070
2730 0 0 -0.001960
2735 0 0 -0.001892
2740 0 0 -0.001832
2745 0 0 -0.001728
2750 0 0 -0.001545
2755 0 0 -0.001331
2760 0 0 -0.001152
2765 0 0 -0.001059
2770 0 0 -0.001034
2775 0 0 -0.001040
2780 0 0 -0.001048
2785 0 0 -0.001049
2790 0 0 -0.001040
2795 0 0 -0.001017
2800 0 0 -0.000978
2805 0 0 -0.000920
2810 0 0 -0.000848
2815 0 0 -0.000796
2820 0 0 -0.000808
2825 0 0 -0.000902
2830 0 0 -0.001010
2835 0 0 -0.001040
2840 0 0 -0.000935
2845 0 0 -0.000779
2850 0 0 -0.000692
2855 0 0 -0.000757
2860 0 0 -0.000907
2865 0 0 -0.001040
2870 0 0 -0.001076
2875 0 0 -0.001025
2880 0 0 -0.000920
2885 0 0 -0.000797
2890 0 0 -0.000704
2895 0 0 -0.000692
2900 0 0 -0.000789
2905 0 0 -0.000932
2910 0 0 -0.001036
2915 0 0 -0.001039
2920 0 0 -0.000980
2925 0 0 -0.000924
2930 0 0 -0.000916
2935 0 0 -0.000931
2940 0 0 -0.000924
2945 0 0 -0.000864
2950 0 0 -0.000775
2955 0 0 -0.000692
2960 0 0 -0.000642
2965 0 0 -0.000612
2970 0 0 -0.000576
2975 0 0 -0.000521
2980 0 0 -0.000471
2985 0 0 -0.000460
2990 0 0 -0.000505
2995 0 0 -0.000564
3000 0 0 -0.000576
3005 0 0 -0.000505
3010 0 0 -0.000403
3015 0 0 -0.000344
3020 0 0 -0.000379
3025 0 0 -0.000475
3030 0 0 -0.000576
3035 0 0 -0.000634
3040 0 0 -0.000635
3045 0 0 -0.000576
3050 0 0 -0.000464
3055 0 0 -0.000362
3060 0 0 -0.000344
3065 0 0 -0.000455
3070 0 0 -0.000610
3075 0 0 -0.000692
3080 0 0 -0.000622
3085 0 0 -0.000471
3090 0 0 -0.000344
3095 0 0 -0.000322
3100 0 0 -0.000379
3105 0 0 -0.000460
3110 0 0 -0.000522
3115 0 0 -0.000560
3120 0 0 -0.000576
3125 0 0 -0.000576
3130 0 0 -0.000571
3135 0 0 -0.000576
3140 0 0 -0.000597
3145 0 0 -0.000607
3150 0 0 -0.000576
3155 0 0 -0.000486
3160 0 0 -0.000386
3165 0 0 -0.000344
3170 0 0 -0.000401
3175 0 0 -0.000504
3180 0 0 -0.000576
3185 0 0 -0.000562
3190 0 0 -0.000503
3195 0 0 -0.000460
3200 0 0 -0.000479
3205 0 0 -0.000533
3210 0 0 -0.000576
3215 0 0 -0.000578
3220 0 0 -0.000564
3225 0 0 -0.000576
3230 0 0 -0.000636
3235 0 0 -0.000697
3240 0 0 -0.000692
3245 0 0 -0.000582
3250 0 0 -0.000434
3255 0 0 -0.000344
3260 0 0 -0.000376
3265 0 0 -0.000480
3270 0 0 -0.000576
3275 0 0 -0.000609
3280 0 0 -0.000624
3285 0 0 -0.000688
3290 0 0 -0.000848
3295 0 0 -0.001062
3300 0 0 -0.001268
3305 0 0 -0.001409
3310 0 0 -0.001454
3315 0 0 -0.001380
3320 0 0 -0.001186
3325 0 0 -0.000959
3330 0 0 -0.000808
3335 0 0 -0.000811
3340 0 0 -0.000915
3345 0 0 -0.001036
3350 0 0 -0.001107
3355 0 0 -0.001135
3360 0 0 -0.001148
3365 0 0 -0.001160
3370 0 0 -0.001139
3375 0 0 -0.001040
3380 0 0 -0.000842
3385 0 0 -0.000617
3390 0 0 -0.000460
3395 0 0 -0.000437
3400 0 0 -0.000501
3405 0 0 -0.000576
3410 0 0 -0.000603
3415 0 0 -0.000593
3420 0 0 -0.000576
3425 0 0 -0.000573
3430 0 0 -0.000577
3435 0 0 -0.000576
3440 0 0 -0.000559
3445 0 0 -0.000521
3450 0 0 -0.000460
3455 0 0 -0.000383
3460 0 0 -0.000329
3465 0 0 -0.000344
3470 0 0 -0.000455
3475 0 0 -0.000599
3480 0 0 -0.000692
3485 0 0 -0.000674
3490 0 0 -0.000578
3495 0 0 -0.000460
3500 0 0 -0.000369
3505 0 0 -0.000327
3510 0 0 -0.000348
3515 0 0 -0.000434
3520 0 0 -0.000532
3525 0 0 -0.000576
3530 0 0 -0.000522
3535 0 0 -0.000421
3540 0 0 -0.000344
3545 0 0 -0.000345
3550 0 0 -0.000399
3555 0 0 -0.000460
3560 0 0 -0.000492
3565 0 0 -0.000490
3570 0 0 -0.000460
3575 0 0 -0.000414
3580 0 0 -0.000396
3585 0 0 -0.000460
3590 0 0 -0.000630
3595 0 0 -0.000822
3600 0 0 -0.000924
3605 0 0 -0.000858
3610 0 0 -0.000677
3615 0 0 -0.000464
3620 0 0 -0.000300
3625 0 0 -0.000242
3630 0 0 -0.000344
3635 0 0 -0.000621
3640 0 0 -0.000946
3645 0 0 -0.001152
3650 0 0 -0.001122
3655 0 0 -0.000929
3660 0 0 -0.000692
3665 0 0 -0.000509
3670 0 0 -0.000397
3675 0 0 -0.000348
3680 0 0 -0.000355
3685 0 0 -0.000399
3690 0 0 -0.000460
3695 0 0 -0.000518
3700 0 0 -0.000560
3705 0 0 -0.000576
3710 0 0 -0.000558
3715 0 0 -0.000515
3720 0 0 -0.000460
3725 0 0 -0.000405
3730 0 0 -0.000363
3735 0 0 -0.000344
3740 0 0 -0.000357
3745 0 0 -0.000398
3750 0 0 -0.000460
3755 0 0 -0.000532
3760 0 0 -0.000582
3765 0 0 -0.000576
3770 0 0 -0.000496
3775 0 0 -0.000396
3780 0 0 -0.000348
3785 0 0 -0.000400
3790 0 0 -0.000501
3795 0 0 -0.000576
3800 0 0 -0.000570
3805 0 0 -0.000515
3810 0 0 -0.000464
3815 0 0 -0.000459
3820 0 0 -0.000500
3825 0 0 -0.000576
3830 0 0 -0.000673
3835 0 0 -0.000762
3840 0 0 -0.000808
3845 0 0 -0.000791
3850 0 0 -0.000739
3855 0 0 -0.000692
3860 0 0 -0.000683
3865 0 0 -0.000721
3870 0 0 -0.000808
3875 0 0 -0.000937
3880 0 0 -0.001068
3885 0 0 -0.001152
3890 0 0 -0.001171
3895 0 0 -0.001239
3900 0 0 -0.001500
3905 0 0 -0.002034
3910 0 0 -0.002655
3915 0 0 -0.003112
3920 0 0 -0.003218
3925 0 0 -0.003054
3930 0 0 -0.002764
3935 0 0 -0.002471
3940 0 0 -0.002201
3945 0 0 -0.001956
3950 0 0 -0.001743
3955 0 0 -0.001583
3960 0 0 -0.001500
3965 0 0 -0.001503
3970 0 0 -0.001528
3975 0 0 -0.001496
3980 0 0 -0.001365
3985 0 0 -0.001241
3990 0 0 -0.001268
3995 0 0 -0.001539
4000 0 0 -0.001940
4005 0 0 -0.002304
4010 0 0 -0.002499
4015 0 0 -0.002527
4020 0 0 -0.002420
4025 0 0 -0.002222
4030 0 0 -0.002003
4035 0 0 -0.001844
4040 0 0 -0.001799
4045 0 0 -0.001821
4050 0 0 -0.001840
4055 0 0 -0.001801
4060 0 0 -0.001717
4065 0 0 -0.001616
4070 0 0 -0.001527
4075 0 0 -0.001477
4080 0 0 -0.001496
4085 0 0 -0.001596
4090 0 0 -0.001732
4095 0 0 -0.001844
4100 0 0 -0.001892
4105 0 0 -0.001912
4110 0 0 -0.001960
4115 0 0 -0.002068
4120 0 0 -0.002174
4125 0 0 -0.002188
4130 0 0 -0.002058
4135 0 0 -0.001866
4140 0 0 -0.001728
4145 0 0 -0.001729
4150 0 0 -0.001830
4155 0 0 -0.001960
4160 0 0 -0.002053
4165 0 0 -0.002066
4170 0 0 -0.001960
4175 0 0 -0.001720
4180 0 0 -0.001420
4185 0 0 -0.001156
4190 0 0 -0.001001
4195 0 0 -0.000936
4200 0 0 -0.000920
4205 0 0 -0.000912
4210 0 0 -0.000883
4215 0 0 -0.000804
4220 0 0 -0.000665
4225 0 0 -0.000525
4230 0 0 -0.000460
4235 0 0 -0.000518
4240 0 0 -0.000629
4245 0 0 -0.000692
4250 0 0 -0.000641
4255 0 0 -0.000533
4260 0 0 -0.000460
4265 0 0 -0.000483
4270 0 0 -0.000549
4275 0 0 -0.000576
4280 0 0 -0.000509
4285 0 0 -0.000404
4290 0 0 -0.000348
4295 0 0 -0.000397
4300 0 0 -0.000500
4305 0 0 -0.000576
4310 0 0 -0.000569
4315 0 0 -0.000512
4320 0 0 -0.000460
4325 0 0 -0.000452
4330 0 0 -0.000466
4335 0 0 -0.000460
4340 0 0 -0.000411
4345 0 0 -0.000356
4350 0 0 -0.000344
4355 0 0 -0.000409
4360 0 0 -0.000506
4365 0 0 -0.000576
4370 0 0 -0.000573
4375 0 0 -0.000520
4380 0 0 -0.000460
4385 0 0 -0.000426
4390 0 0 -0.000426
4395 0 0 -0.000460
4400 0 0 -0.000521
4405 0 0 -0.000574
4410 0 0 -0.000576
4415 0 0 -0.000502
4420 0 0 -0.000403
4425 0 0 -0.000348
4430 0 0 -0.000386
4435 0 0 -0.000481
4440 0 0 -0.000576
4445 0 0 -0.000626
4450 0 0 -0.000624
4455 0 0 -0.000576
4460 0 0 -0.000491
4465 0 0 -0.000401
4470 0 0 -0.000344
4475 0 0 -0.000348
4480 0 0 -0.000396
4485 0 0 -0.000464
4490 0 0 -0.000526
4495 0 0 -0.000568
4500 0 0 -0.000576
4505 0 0 -0.000544
4510 0 0 -0.000495
4515 0 0 -0.000460
4520 0 0 -0.000459
4525 0 0 -0.000470
4530 0 0 -0.000460
4535 0 0 -0.000409
4540 0 0 -0.000354
4545 0 0 -0.000344
4550 0 0 -0.000410
4555 0 0 -0.000508
4560 0 0 -0.000576
4565 0 0 -0.000569
4570 0 0 -0.000515
4575 0 0 -0.000460
4580 0 0 -0.000440
4585 0 0 -0.000447
4590 0 0 -0.000460
4595 0 0 -0.000465
4600 0 0 -0.000463
4605 0 0 -0.000460
4610 0 0 -0.000461
4615 0 0 -0.000462
4620 0 0 -0.000460
4625 0 0 -0.000453
4630 0 0 -0.000450
4635 0 0 -0.000464
4640 0 0 -0.000502
4645 0 0 -0.000547
4650 0 0 -0.000576
4655 0 0 -0.000572
4660 0 0 -0.000533
4665 0 0 -0.000464
4670 0 0 -0.000376
4675 0 0 -0.000317
4680 0 0 -0.000344
4685 0 0 -0.000483
4690 0 0 -0.000641
4695 0 0 -0.000692
4700 0 0 -0.000560
4705 0 0 -0.000353
4710 0 0 -0.000228
4715 0 0 -0.000291
4720 0 0 -0.000453
4725 0 0 -0.000576
4730 0 0 -0.000564
4735 0 0 -0.000488
4740 0 0 -0.000464
4745 0 0 -0.000575
4750 0 0 -0.000787
4755 0 0 -0.001032
4760 0 0 -0.001252
4765 0 0 -0.001415
4770 0 0 -0.001496
4775 0 0 -0.001479
4780 0 0 -0.001391
4785 0 0 -0.001268
4790 0 0 -0.001142
4795 0 0 -0.001025
4800 0 0 -0.000924
4805 0 0 -0.000841
4810 0 0 -0.000767
4815 0 0 -0.000688
4820 0 0 -0.000597
4825 0 0 -0.000512
4830 0 0 -0.000460
4835 0 0 -0.000455
4840 0 0 -0.000469
4845 0 0 -0.000464
4850 0 0 -0.000415
4855 0 0 -0.000360
4860 0 0 -0.000348
4865 0 0 -0.000412
4870 0 0 -0.000509
4875 0 0 -0.000576
4880 0 0 -0.000569
4885 0 0 -0.000515
4890 0 0 -0.000460
4895 0 0 -0.000439
4900 0 0 -0.000446
4905 0 0 -0.000460
4910 0 0 -0.000468
4915 0 0 -0.000469
4920 0 0 -0.000464
4925 0 0 -0.000457
4930 0 0 -0.000454
4935 0 0 -0.000460
4940 0 0 -0.000477
4945 0 0 -0.000485
4950 0 0 -0.000460
4955 0 0 -0.000391
4960 0 0 -0.000331
4965 0 0 -0.000344
4970 0 0 -0.000468
4975 0 0 -0.000621
4980 0 0 -0.000692
4985 0 0 -0.000608
4990 0 0 -0.000452
4995 0 0 -0.000344
5000 0 0 -0.000370
5005 0 0 -0.000476
5010 0 0 -0.000576
5015 0 0 -0.000599
5020 0 0 -0.000552
5025 0 0 -0.000460
5030 0 0 -0.000354
5035 0 0 -0.000293
5040 0 0 -0.000344
5045 0 0 -0.000540
5050 0 0 -0.000778
5055 0 0 -0.000920
5060 0 0 -0.000873
5065 0 0 -0.000717
5070 0 0 -0.000576
5075 0 0 -0.000543
5080 0 0 -0.000598
5085 0 0 -0.000688
5090 0 0 -0.000769
5095 0 0 -0.000814
5100 0 0 -0.000804
5105 0 0 -0.000731
5110 0 0 -0.000636
5115 0 0 -0.000576
5120 0 0 -0.000588
5125 0 0 -0.000641
5130 0 0 -0.000688
5135 0 0 -0.000691
5140 0 0 -0.000651
5145 0 0 -0.000576
5150 0 0 -0.000481
5155 0 0 -0.000394
5160 0 0 -0.000348
5165 0 0 -0.000364
5170 0 0 -0.000414
5175 0 0 -0.000460
5180 0 0 -0.000472
5185 0 0 -0.000464
5190 0 0 -0.000460
5195 0 0 -0.000479
5200 0 0 -0.000520
5205 0 0 -0.000576
5210 0 0 -0.000641
5215 0 0 -0.000717
5220 0 0 -0.000804
5225 0 0 -0.000896
5230 0 0 -0.000952
5235 0 0 -0.000920
5240 0 0 -0.000775
5245 0 0 -0.000590
5250 0 0 -0.000464
5255 0 0 -0.000463
5260 0 0 -0.000530
5265 0 0 -0.000576
5270 0 0 -0.000536
5275 0 0 -0.000441
5280 0 0 -0.000344
5285 0 0 -0.000304
5290 0 0 -0.000394
5295 0 0 -0.000692
5300 0 0 -0.001209
5305 0 0 -0.001698
5310 0 0 -0.001844
5315 0 0 -0.001472
5320 0 0 -0.000955
5325 0 0 -0.000804
5330 0 0 -0.001350
5335 0 0 -0.002197
5340 0 0 -0.002768
5345 0 0 -0.002660
5350 0 0 -0.002159
5355 0 0 -0.001728
5360 0 0 -0.001696
5365 0 0 -0.001879
5370 0 0 -0.001960
5375 0 0 -0.001721
5380 0 0 -0.001326
5385 0 0 -0.001036
5390 0 0 -0.001042
5395 0 0 -0.001251
5400 0 0 -0.001500
5405 0 0 -0.001657
5410 0 0 -0.001722
5415 0 0 -0.001728
5420 0 0 -0.001708
5425 0 0 -0.001695
5430 0 0 -0.001724
5435 0 0 -0.001817
5440 0 0 -0.001947
5445 0 0 -0.002076
5450 0 0 -0.002169
5455 0 0 -0.002210
5460 0 0 -0.002188
5465 0 0 -0.002100
5470 0 0 -0.001974
5475 0 0 -0.001844
5480 0 0 -0.001744
5485 0 0 -0.001698
5490 0 0 -0.001728
5495 0 0 -0.001836
5500 0 0 -0.001946
5505 0 0 -0.001960
5510 0 0 -0.001821
5515 0 0 -0.001623
5520 0 0 -0.001500
5525 0 0 -0.001540
5530 0 0 -0.001659
5535 0 0 -0.001728
5540 0 0 -0.001656
5545 0 0 -0.001507
5550 0 0 -0.001384
5555 0 0 -0.001363
5560 0 0 -0.001418
5565 0 0 -0.001496
5570 0 0 -0.001555
5575 0 0 -0.001591
5580 0 0 -0.001612
5585 0 0 -0.001623
5590 0 0 -0.001625
5595 0 0 -0.001616
5600 0 0 -0.001599
5605 0 0 -0.001590
5610 0 0 -0.001612
5615 0 0 -0.001672
5620 0 0 -0.001729
5625 0 0 -0.001728
5630 0 0 -0.001640
5635 0 0 -0.001532
5640 0 0 -0.001496
5645 0 0 -0.001586
5650 0 0 -0.001707
5655 0 0 -0.001728
5660 0 0 -0.001559
5665 0 0 -0.001286
5670 0 0 -0.001036
5675 0 0 -0.000909
5680 0 0 -0.000887
5685 0 0 -0.000924
5690 0 0 -0.000978
5695 0 0 -0.001022
5700 0 0 -0.001036
5705 0 0 -0.001006
5710 0 0 -0.000956
5715 0 0 -0.000920
5720 0 0 -0.000920
5725 0 0 -0.000932
5730 0 0 -0.000920
5735 0 0 -0.000861
5740 0 0 -0.000774
5745 0 0 -0.000692
5750 0 0 -0.000637
5755 0 0 -0.000603
5760 0 0 -0.000576
5765 0 0 -0.000548
5770 0 0 -0.000539
5775 0 0 -0.000576
5780 0 0 -0.000670
5785 0 0 -0.000769
5790 0 0 -0.000804
5795 0 0 -0.000734
5800 0 0 -0.000627
5805 0 0 -0.000576
5810 0 0 -0.000643
5815 0 0 -0.000754
5820 0 0 -0.000804
5825 0 0 -0.000721
5830 0 0 -0.000572
5835 0 0 -0.000460
5840 0 0 -0.000458
5845 0 0 -0.000521
5850 0 0 -0.000576
5855 0 0 -0.000567
5860 0 0 -0.000515
5865 0 0 -0.000460
5870 0 0 -0.000433
5875 0 0 -0.000435
5880 0 0 -0.000460
5885 0 0 -0.000500
5890 0 0 -0.000544
5895 0 0 -0.000576
5900 0 0 -0.000587
5905 0 0 -0.000584
5910 0 0 -0.000576
5915 0 0 -0.000571
5920 0 0 -0.000572
5925 0 0 -0.000576
5930 0 0 -0.000583
5935 0 0 -0.000586
5940 0 0 -0.000576
5945 0 0 -0.000549
5950 0 0 -0.000508
5955 0 0 -0.000460
5960 0 0 -0.000417
5965 0 0 -0.000407
5970 0 0 -0.000464
5975 0 0 -0.000601
5980 0 0 -0.000747
5985 0 0 -0.000808
5990 0 0 -0.000726
5995 0 0 -0.000575
6000 0 0 -0.000460
6005 0 0 -0.000459
6010 0 0 -0.000523
6015 0 0 -0.000576
6020 0 0 -0.000561
6025 0 0 -0.000505
6030 0 0 -0.000460
6035 0 0 -0.000463
6040 0 0 -0.000508
6045 0 0 -0.000576
6050 0 0 -0.000648
6055 0 0 -0.000696
6060 0 0 -0.000692
6065 0 0 -0.000621
6070 0 0 -0.000525
6075 0 0 -0.000460
6080 0 0 -0.000466
6085 0 0 -0.000519
6090 0 0 -0.000576
6095 0 0 -0.000604
6100 0 0 -0.000602
6105 0 0 -0.000576
6110 0 0 -0.000535
6115 0 0 -0.000493
6120 0 0 -0.000464
6125 0 0 -0.000463
6130 0 0 -0.000498
6135 0 0 -0.000576
6140 0 0 -0.000692
6145 0 0 -0.000791
6150 0 0 -0.000804
6155 0 0 -0.000694
6160 0 0 -0.000542
6165 0 0 -0.000460
6170 0 0 -0.000528
6175 0 0 -0.000707
6180 0 0 -0.000924
6185 0 0 -0.001120
6190 0 0 -0.001276
6195 0 0 -0.001384
6200 0 0 -0.001438
6205 0 0 -0.001436
6210 0 0 -0.001380
6215 0 0 -0.001292
6220 0 0 -0.001285
6225 0 0 -0.001496
6230 0 0 -0.001986
6235 0 0 -0.002513
6240 0 0 -0.002764
6245 0 0 -0.002521
6250 0 0 -0.001966
6255 0 0 -0.001380
6260 0 0 -0.000986
6265 0 0 -0.000778
6270 0 0 -0.000692
6275 0 0 -0.000669
6280 0 0 -0.000678
6285 0 0 -0.000692
6290 0 0 -0.000692
6295 0 0 -0.000687
6300 0 0 -0.000692
6305 0 0 -0.000719
6310 0 0 -0.000761
6315 0 0 -0.000808
6320 0 0 -0.000852
6325 0 0 -0.000889
6330 0 0 -0.000920
6335 0 0 -0.000937
6340 0 0 -0.000910
6345 0 0 -0.000804
6350 0 0 -0.000618
6355 0 0 -0.000486
6360 0 0 -0.000576
6365 0 0 -0.000973
6370 0 0 -0.001430
6375 0 0 -0.001616
6380 0 0 -0.001320
6385 0 0 -0.000808
6390 0 0 -0.000464
6395 0 0 -0.000562
6400 0 0 -0.000925
6405 0 0 -0.001264
6410 0 0 -0.001370
6415 0 0 -0.001348
6420 0 0 -0.001380
6425 0 0 -0.001592
6430 0 0 -0.001878
6435 0 0 -0.002072
6440 0 0 -0.002053
6445 0 0 -0.001871
6450 0 0 -0.001616
6455 0 0 -0.001369
6460 0 0 -0.001169
6465 0 0 -0.001040
6470 0 0 -0.000994
6475 0 0 -0.000978
6480 0 0 -0.000920
6485 0 0 -0.000780
6490 0 0 -0.000632
6495 0 0 -0.000576
6500 0 0 -0.000676
6505 0 0 -0.000836
6510 0 0 -0.000924
6515 0 0 -0.000853
6520 0 0 -0.000724
6525 0 0 -0.000688
6530 0 0 -0.000843
6535 0 0 -0.001086
6540 0 0 -0.001268
6545 0 0 -0.001273
6550 0 0 -0.001134
6555 0 0 -0.000924
6560 0 0 -0.000708
6565 0 0 -0.000539
6570 0 0 -0.000464
6575 0 0 -0.000509
6580 0 0 -0.000612
6585 0 0 -0.000692
6590 0 0 -0.000688
6595 0 0 -0.000632
6600 0 0 -0.000576
6605 0 0 -0.000560
6610 0 0 -0.000570
6615 0 0 -0.000576
6620 0 0 -0.000556
6625 0 0 -0.000515
6630 0 0 -0.000464
6635 0 0 -0.000417
6640 0 0 -0.000404
6645 0 0 -0.000460
6650 0 0 -0.000597
6655 0 0 -0.000744
6660 0 0 -0.000808
6665 0 0 -0.000728
6670 0 0 -0.000577
6675 0 0 -0.000460
6680 0 0 -0.000452
6685 0 0 -0.000514
6690 0 0 -0.000576
6695 0 0 -0.000583
6700 0 0 -0.000539
6705 0 0 -0.000460
6710 0 0 -0.000378
6715 0 0 -0.000382
6720 0 0 -0.000576
6725 0 0 -0.001012
6730 0 0 -0.001540
6735 0 0 -0.001960
6740 0 0 -0.002117
6745 0 0 -0.002049
6750 0 0 -0.001840
6755 0 0 -0.001572
6760 0 0 -0.001319
6765 0 0 -0.001152
6770 0 0 -0.001121
6775 0 0 -0.001182
6780 0 0 -0.001268
6785 0 0 -0.001336
6790 0 0 -0.001428
6795 0 0 -0.001612
6800 0 0 -0.001918
6805 0 0 -0.002234
6810 0 0 -0.002416
6815 0 0 -0.002364
6820 0 0 -0.002166
6825 0 0 -0.001960
6830 0 0 -0.001851
6835 0 0 -0.001827
6840 0 0 -0.001844
6845 0 0 -0.001869
6850 0 0 -0.001905
6855 0 0 -0.001960
6860 0 0 -0.002040
6865 0 0 -0.002126
6870 0 0 -0.002192
6875 0 0 -0.002219
6880 0 0 -0.002215
6885 0 0 -0.002192
6890 0 0 -0.002162
6895 0 0 -0.002123
6900 0 0 -0.002072
6905 0 0 -0.002002
6910 0 0 -0.001894
6915 0 0 -0.001728
6920 0 0 -0.001516
6925 0 0 -0.001415
6930 0 0 -0.001612
6935 0 0 -0.002200
6940 0 0 -0.002872
6945 0 0 -0.003224
6950 0 0 -0.002982
6955 0 0 -0.002395
6960 0 0 -0.001844
6965 0 0 -0.001616
6970 0 0 -0.001634
6975 0 0 -0.001728
6980 0 0 -0.001763
6985 0 0 -0.001749
6990 0 0 -0.001728
6995 0 0 -0.001732
7000 0 0 -0.001743
7005 0 0 -0.001728
7010 0 0 -0.001666
7015 0 0 -0.001578
7020 0 0 -0.001496
7025 0 0 -0.001456
7030 0 0 -0.001513
7035 0 0 -0.001728
7040 0 0 -0.002110
7045 0 0 -0.002462
7050 0 0 -0.002536
7055 0 0 -0.002173
7060 0 0 -0.001577
7065 0 0 -0.001040
7070 0 0 -0.000781
7075 0 0 -0.000717
7080 0 0 -0.000692
7085 0 0 -0.000596
7090 0 0 -0.000513
7095 0 0 -0.000576
7100 0 0 -0.000858
7105 0 0 -0.001199
7110 0 0 -0.001380
7115 0 0 -0.001252
7120 0 0 -0.000953
7125 0 0 -0.000692
7130 0 0 -0.000624
7135 0 0 -0.000698
7140 0 0 -0.000808
7145 0 0 -0.000868
7150 0 0 -0.000866
7155 0 0 -0.000808
7160 0 0 -0.000708
7165 0 0 -0.000613
7170 0 0 -0.000576
7175 0 0 -0.000631
7180 0 0 -0.000731
7185 0 0 -0.000808
7190 0 0 -0.000811
7195 0 0 -0.000760
7200 0 0 -0.000692
7205 0 0 -0.000638
7210 0 0 -0.000601
7215 0 0 -0.000576
7220 0 0 -0.000562
7225 0 0 -0.000560
7230 0 0 -0.000576
7235 0 0 -0.000610
7240 0 0 -0.000653
7245 0 0 -0.000692
7250 0 0 -0.000715
7255 0 0 -0.000717
7260 0 0 -0.000692
7265 0 0 -0.000641
7270 0 0 -0.000592
7275 0 0 -0.000576
7280 0 0 -0.000617
7285 0 0 -0.000702
7290 0 0 -0.000808
7295 0 0 -0.000912
7300 0 0 -0.000995
7305 0 0 -0.001036
7310 0 0 -0.001023
7315 0 0 -0.000976
7320 0 0 -0.000920
7325 0 0 -0.000876
7330 0 0 -0.000840
7335 0 0 -0.000804
7340 0 0 -0.000762
7345 0 0 -0.000720
7350 0 0 -0.000692
7355 0 0 -0.000684
7360 0 0 -0.000687
7365 0 0 -0.000692
7370 0 0 -0.000690
7375 0 0 -0.000686
7380 0 0 -0.000692
7385 0 0 -0.000714
7390 0 0 -0.000752
7395 0 0 -0.000804
7400 0 0 -0.000863
7405 0 0 -0.000909
7410 0 0 -0.000920
7415 0 0 -0.000879
7420 0 0 -0.000798
7425 0 0 -0.000692
7430 0 0 -0.000582
7435 0 0 -0.000494
7440 0 0 -0.000460
7445 0 0 -0.000494
7450 0 0 -0.000552
7455 0 0 -0.000576
7460 0 0 -0.000529
7465 0 0 -0.000464
7470 0 0 -0.000460
7475 0 0 -0.000564
7480 0 0 -0.000710
7485 0 0 -0.000804
7490 0 0 -0.000779
7495 0 0 -0.000680
7500 0 0 -0.000576
7505 0 0 -0.000525
7510 0 0 -0.000530
7515 0 0 -0.000576
7520 0 0 -0.000647
7525 0 0 -0.000701
7530 0 0 -0.000692
7535 0 0 -0.000597
7540 0 0 -0.000489
7545 0 0 -0.000464
7550 0 0 -0.000580
7555 0 0 -0.000740
7560 0 0 -0.000808
7565 0 0 -0.000695
7570 0 0 -0.000495
7575 0 0 -0.000348
7580 0 0 -0.000356
7585 0 0 -0.000463
7590 0 0 -0.000576
7595 0 0 -0.000621
7600 0 0 -0.000610
7605 0 0 -0.000576
7610 0 0 -0.000544
7615 0 0 -0.000510
7620 0 0 -0.000464
7625 0 0 -0.000402
7630 0 0 -0.000351
7635 0 0 -0.000344
7640 0 0 -0.000402
7645 0 0 -0.000495
7650 0 0 -0.000576
7655 0 0 -0.000612
7660 0 0 -0.000607
7665 0 0 -0.000576
7670 0 0 -0.000533
7675 0 0 -0.000490
7680 0 0 -0.000460
7685 0 0 -0.000451
7690 0 0 -0.000456
7695 0 0 -0.000460
7700 0 0 -0.000456
7705 0 0 -0.000452
7710 0 0 -0.000460
7715 0 0 -0.000489
7720 0 0 -0.000532
7725 0 0 -0.000576
7730 0 0 -0.000609
7735 0 0 -0.000615
7740 0 0 -0.000576
7745 0 0 -0.000487
7750 0 0 -0.000392
7755 0 0 -0.000348
7760 0 0 -0.000391
7765 0 0 -0.000486
7770 0 0 -0.000576
7775 0 0 -0.000618
7780 0 0 -0.000613
7785 0 0 -0.000576
7790 0 0 -0.000522
7795 0 0 -0.000475
7800 0 0 -0.000460
7805 0 0 -0.000493
7810 0 0 -0.000545
7815 0 0 -0.000576
7820 0 0 -0.000557
7825 0 0 -0.000509
7830 0 0 -0.000460
7835 0 0 -0.000437
7840 0 0 -0.000440
7845 0 0 -0.000464
7850 0 0 -0.000499
7855 0 0 -0.000512
7860 0 0 -0.000460
7865 0 0 -0.000357
7870 0 0 -0.000421
7875 0 0 -0.000924
7880 0 0 -0.001986
7885 0 0 -0.003119
7890 0 0 -0.003684
7895 0 0 -0.003270
7900 0 0 -0.002376
7905 0 0 -0.001728
7910 0 0 -0.001835
7915 0 0 -0.002336
7920 0 0 -0.002652
7925 0 0 -0.002365
7930 0 0 -0.001699
7935 0 0 -0.001036
7940 0 0 -0.000674
7945 0 0 -0.000566
7950 0 0 -0.000576
7955 0 0 -0.000593
7960 0 0 -0.000594
7965 0 0 -0.000576
7970 0 0 -0.000549
7975 0 0 -0.000566
7980 0 0 -0.000692
7985 0 0 -0.000955
7990 0 0 -0.001237
7995 0 0 -0.001384
8000 0 0 -0.001290
8005 0 0 -0.001050
8010 0 0 -0.000804
8015 0 0 -0.000667
8020 0 0 -0.000640
8025 0 0 -0.000692
8030 0 0 -0.000791
8035 0 0 -0.000886
8040 0 0 -0.000920
8045 0 0 -0.000860
8050 0 0 -0.000759
8055 0 0 -0.000692
8060 0 0 -0.000711
8065 0 0 -0.000773
8070 0 0 -0.000808
8075 0 0 -0.000772
8080 0 0 -0.000711
8085 0 0 -0.000692
8090 0 0 -0.000760
8095 0 0 -0.000863
8100 0 0 -0.000924
8105 0 0 -0.000890
8110 0 0 -0.000794
8115 0 0 -0.000692
8120 0 0 -0.000632
8125 0 0 -0.000629
8130 0 0 -0.000688
8135 0 0 -0.000801
8140 0 0 -0.000904
8145 0 0 -0.000920
8150 0 0 -0.000800
8155 0 0 -0.000614
8160 0 0 -0.000460
8165 0 0 -0.000420
8170 0 0 -0.000501
8175 0 0 -0.000692
8180 0 0 -0.000962
8185 0 0 -0.001198
8190 0 0 -0.001268
8195 0 0 -0.001091
8200 0 0 -0.000798
8205 0 0 -0.000576
8210 0 0 -0.000558
8215 0 0 -0.000675
8220 0 0 -0.000808
8225 0 0 -0.000864
8230 0 0 -0.000852
8235 0 0 -0.000808
8240 0 0 -0.000766
8245 0 0 -0.000755
8250 0 0 -0.000804
8255 0 0 -0.000929
8260 0 0 -0.001098
8265 0 0 -0.001264
8270 0 0 -0.001386
8275 0 0 -0.001434
8280 0 0 -0.001384
8285 0 0 -0.001229
8290 0 0 -0.001044
8295 0 0 -0.000924
8300 0 0 -0.000935
8305 0 0 -0.001035
8310 0 0 -0.001152
8315 0 0 -0.001238
8320 0 0 -0.001333
8325 0 0 -0.001500
8330 0 0 -0.001794
8335 0 0 -0.002246
8340 0 0 -0.002876
8345 0 0 -0.003645
8350 0 0 -0.004263
8355 0 0 -0.004376
8360 0 0 -0.003775
8365 0 0 -0.002835
8370 0 0 -0.002072
8375 0 0 -0.001863
8380 0 0 -0.002015
8385 0 0 -0.002192
8390 0 0 -0.002139
8395 0 0 -0.001932
8400 0 0 -0.001728
8405 0 0 -0.001647
8410 0 0 -0.001667
8415 0 0 -0.001728
8420 0 0 -0.001778
8425 0 0 -0.001786
8430 0 0 -0.001728
8435 0 0 -0.001597
8440 0 0 -0.001454
8445 0 0 -0.001380
8450 0 0 -0.001422
8455 0 0 -0.001499
8460 0 0 -0.001496
8465 0 0 -0.001347
8470 0 0 -0.001176
8475 0 0 -0.001152
8480 0 0 -0.001374
8485 0 0 -0.001653
8490 0 0 -0.001728
8495 0 0 -0.001428
8500 0 0 -0.000949
8505 0 0 -0.000576
8510 0 0 -0.000516
8515 0 0 -0.000656
8520 0 0 -0.000804
8525 0 0 -0.000817
8530 0 0 -0.000747
8535 0 0 -0.000692
8540 0 0 -0.000722
8545 0 0 -0.000788
8550 0 0 -0.000808
8555 0 0 -0.000732
8560 0 0 -0.000623
8565 0 0 -0.000572
8570 0 0 -0.000639
8575 0 0 -0.000752
8580 0 0 -0.000808
8585 0 0 -0.000740
8590 0 0 -0.000625
8595 0 0 -0.000576
8600 0 0 -0.000668
8605 0 0 -0.000823
8610 0 0 -0.000924
8615 0 0 -0.000891
8620 0 0 -0.000781
8625 0 0 -0.000688
8630 0 0 -0.000681
8635 0 0 -0.000737
8640 0 0 -0.000808
8645 0 0 -0.000853
8650 0 0 -0.000855
8655 0 0 -0.000804
8660 0 0 -0.000702
8665 0 0 -0.000604
8670 0 0 -0.000576
8675 0 0 -0.000657
8680 0 0 -0.000770
8685 0 0 -0.000808
8690 0 0 -0.000703
8695 0 0 -0.000545
8700 0 0 -0.000460
8705 0 0 -0.000535
8710 0 0 -0.000690
8715 0 0 -0.000804
8720 0 0 -0.000789
8725 0 0 -0.000687
8730 0 0 -0.000576
8735 0 0 -0.000517
8740 0 0 -0.000519
8745 0 0 -0.000576
8750 0 0 -0.000674
8755 0 0 -0.000769
8760 0 0 -0.000808
8765 0 0 -0.000758
8770 0 0 -0.000661
8775 0 0 -0.000576
8780 0 0 -0.000548
8785 0 0 -0.000558
8790 0 0 -0.000576
8795 0 0 -0.000576
8800 0 0 -0.000570
8805 0 0 -0.000576
8810 0 0 -0.000608
8815 0 0 -0.000652
8820 0 0 -0.000692
8825 0 0 -0.000711
8830 0 0 -0.000710
8835 0 0 -0.000692
8840 0 0 -0.000661
8845 0 0 -0.000620
8850 0 0 -0.000576
8855 0 0 -0.000536
8860 0 0 -0.000526
8865 0 0 -0.000576
8870 0 0 -0.000699
8875 0 0 -0.000839
8880 0 0 -0.000924
8885 0 0 -0.000903
8890 0 0 -0.000808
8895 0 0 -0.000692
8900 0 0 -0.000601
8905 0 0 -0.000557
8910 0 0 -0.000576
8915 0 0 -0.000660
8920 0 0 -0.000759
8925 0 0 -0.000808
8930 0 0 -0.000765
8935 0 0 -0.000668
8940 0 0 -0.000576
8945 0 0 -0.000536
8950 0 0 -0.000542
8955 0 0 -0.000576
8960 0 0 -0.000620
8965 0 0 -0.000662
8970 0 0 -0.000692
8975 0 0 -0.000702
8980 0 0 -0.000698
8985 0 0 -0.000688
8990 0 0 -0.000680
8995 0 0 -0.000679
9000 0 0 -0.000692
9005 0 0 -0.000717
9010 0 0 -0.000727
9015 0 0 -0.000688
9020 0 0 -0.000585
9025 0 0 -0.000481
9030 0 0 -0.000460
9035 0 0 -0.000570
9040 0 0 -0.000725
9045 0 0 -0.000804
9050 0 0 -0.000727
9055 0 0 -0.000573
9060 0 0 -0.000460
9065 0 0 -0.000475
9070 0 0 -0.000576
9075 0 0 -0.000688
9080 0 0 -0.000753
9085 0 0 -0.000784
9090 0 0 -0.000808
9095 0 0 -0.000843
9100 0 0 -0.000857
9105 0 0 -0.000808
9110 0 0 -0.000680
9115 0 0 -0.000564
9120 0 0 -0.000576
9125 0 0 -0.000787
9130 0 0 -0.001074
9135 0 0 -0.001268
9140 0 0 -0.001248
9145 0 0 -0.001091
9150 0 0 -0.000924
9155 0 0 -0.000844
9160 0 0 -0.000823
9165 0 0 -0.000804
9170 0 0 -0.000752
9175 0 0 -0.000726
9180 0 0 -0.000804
9185 0 0 -0.001036
9190 0 0 -0.001343
9195 0 0 -0.001612
9200 0 0 -0.001752
9205 0 0 -0.001750
9210 0 0 -0.001616
9215 0 0 -0.001368
9220 0 0 -0.001073
9225 0 0 -0.000808
9230 0 0 -0.000637
9235 0 0 -0.000563
9240 0 0 -0.000576
9245 0 0 -0.000657
9250 0 0 -0.000754
9255 0 0 -0.000804
9260 0 0 -0.000770
9265 0 0 -0.000707
9270 0 0 -0.000692
9275 0 0 -0.000773
9280 0 0 -0.000882
9285 0 0 -0.000920
9290 0 0 -0.000824
9295 0 0 -0.000672
9300 0 0 -0.000576
9305 0 0 -0.000613
9310 0 0 -0.000723
9315 0 0 -0.000808
9320 0 0 -0.000800
9325 0 0 -0.000739
9330 0 0 -0.000692
9335 0 0 -0.000708
9340 0 0 -0.000761
9345 0 0 -0.000808
9350 0 0 -0.000817
9355 0 0 -0.000806
9360 0 0 -0.000804
9365 0 0 -0.000854
9370 0 0 -0.001051
9375 0 0 -0.001500
9380 0 0 -0.002227
9385 0 0 -0.002929
9390 0 0 -0.003224
9395 0 0 -0.002860
9400 0 0 -0.002110
9405 0 0 -0.001380
9410 0 0 -0.000994
9415 0 0 -0.000947
9420 0 0 -0.001152
9425 0 0 -0.001510
9430 0 0 -0.001871
9435 0 0 -0.002072
9440 0 0 -0.001998
9445 0 0 -0.001726
9450 0 0 -0.001384
9455 0 0 -0.001083
9460 0 0 -0.000878
9465 0 0 -0.000808
9470 0 0 -0.000893
9475 0 0 -0.001073
9480 0 0 -0.001268
9485 0 0 -0.001410
9490 0 0 -0.001487
9495 0 0 -0.001496
9500 0 0 -0.001443
9505 0 0 -0.001356
9510 0 0 -0.001268
9515 0 0 -0.001201
9520 0 0 -0.001136
9525 0 0 -0.001040
9530 0 0 -0.000899
9535 0 0 -0.000762
9540 0 0 -0.000692
9545 0 0 -0.000732
9550 0 0 -0.000832
9555 0 0 -0.000920
9560 0 0 -0.000942
9565 0 0 -0.000928
9570 0 0 -0.000924
9575 0 0 -0.000959
9580 0 0 -0.000982
9585 0 0 -0.000920
9590 0 0 -0.000741
9595 0 0 -0.000571
9600 0 0 -0.000576
9605 0 0 -0.000854
9610 0 0 -0.001238
9615 0 0 -0.001496
9620 0 0 -0.001459
9625 0 0 -0.001215
9630 0 0 -0.000920
9635 0 0 -0.000710
9640 0 0 -0.000655
9645 0 0 -0.000808
9650 0 0 -0.001186
9655 0 0 -0.001663
9660 0 0 -0.002076
9665 0 0 -0.002305
9670 0 0 -0.002392
9675 0 0 -0.002420
9680 0 0 -0.002452
9685 0 0 -0.002466
9690 0 0 -0.002420
9695 0 0 -0.002288
9700 0 0 -0.002113
9705 0 0 -0.001956
9710 0 0 -0.001869
9715 0 0 -0.001866
9720 0 0 -0.001956
9725 0 0 -0.002142
9730 0 0 -0.002415
9735 0 0 -0.002764
9740 0 0 -0.003161
9745 0 0 -0.003508
9750 0 0 -0.003688
9755 0 0 -0.003638
9760 0 0 -0.003497
9765 0 0 -0.003456
9770 0 0 -0.003631
9775 0 0 -0.003833
9780 0 0 -0.003800
9785 0 0 -0.003361
9790 0 0 -0.002723
9795 0 0 -0.002184
9800 0 0 -0.001967
9805 0 0 -0.001986
9810 0 0 -0.002076
9815 0 0 -0.002109
9820 0 0 -0.002093
9825 0 0 -0.002072
9830 0 0 -0.002076
9835 0 0 -0.002088
9840 0 0 -0.002076
9845 0 0 -0.002020
9850 0 0 -0.001934
9855 0 0 -0.001844
9860 0 0 -0.001771
9865 0 0 -0.001729
9870 0 0 -0.001728
9875 0 0 -0.001770
9880 0 0 -0.001821
9885 0 0 -0.001840
9890 0 0 -0.001796
9895 0 0 -0.001709
9900 0 0 -0.001612
9905 0 0 -0.001539
9910 0 0 -0.001527
9915 0 0 -0.001616
9920 0 0 -0.001814
9925 0 0 -0.002013
9930 0 0 -0.002076
9935 0 0 -0.001908
9940 0 0 -0.001596
9945 0 0 -0.001268
9950 0 0 -0.001033
9955 0 0 -0.000917
9960 0 0 -0.000924
9965 0 0 -0.001037
9970 0 0 -0.001154
9975 0 0 -0.001152
9980 0 0 -0.000954
9985 0 0 -0.000671
9990 0 0 -0.000460
9995 0 0 -0.000435
10000 0 0 -0.000544
10005 0 0 -0.000692
10010 0 0 -0.000798
10015 0 0 -0.000839
10020 0 0 -0.000804
10025 0 0 -0.000695
10030 0 0 -0.000560
10035 0 0 -0.000460
10040 0 0 -0.000441
10045 0 0 -0.000489
10050 0 0 -0.000576
10055 0 0 -0.000674
10060 0 0 -0.000759
10065 0 0 -0.000804
10070 0 0 -0.000786
10075 0 0 -0.000679
