0 0 0 -0.000180
5 0 0 -0.000291
10 0 0 -0.000379
15 0 0 -0.000440
20 0 0 -0.000472
25 0 0 -0.000473
30 0 0 -0.000440
35 0 0 -0.000376
40 0 0 -0.000305
45 0 0 -0.000260
50 0 0 -0.000262
55 0 0 -0.000302
60 0 0 -0.000360
65 0 0 -0.000417
70 0 0 -0.000451
75 0 0 -0.000440
80 0 0 -0.000372
85 0 0 -0.000278
90 0 0 -0.000200
95 0 0 -0.000170
100 0 0 -0.000182
105 0 0 -0.000220
110 0 0 -0.000269
115 0 0 -0.000314
120 0 0 -0.000340
125 0 0 -0.000335
130 0 0 -0.000305
135 0 0 -0.000260
140 0 0 -0.000211
145 0 0 -0.000177
150 0 0 -0.000180
155 0 0 -0.000232
160 0 0 -0.000310
165 0 0 -0.000380
170 0 0 -0.000417
175 0 0 -0.000416
180 0 0 -0.000380
185 0 0 -0.000317
190 0 0 -0.000258
195 0 0 -0.000240
200 0 0 -0.000287
205 0 0 -0.000369
210 0 0 -0.000440
215 0 0 -0.000467
220 0 0 -0.000455
225 0 0 -0.000420
230 0 0 -0.000376
235 0 0 -0.000333
240 0 0 -0.000300
245 0 0 -0.000285
250 0 0 -0.000286
255 0 0 -0.000300
260 0 0 -0.000324
265 0 0 -0.000347
270 0 0 -0.000360
275 0 0 -0.000355
280 0 0 -0.000344
285 0 0 -0.000340
290 0 0 -0.000352
295 0 0 -0.000366
300 0 0 -0.000360
305 0 0 -0.000321
310 0 0 -0.000267
315 0 0 -0.000220
320 0 0 -0.000202
325 0 0 -0.000215
330 0 0 -0.000260
335 0 0 -0.000331
340 0 0 -0.000401
345 0 0 -0.000440
350 0 0 -0.000425
355 0 0 -0.000376
360 0 0 -0.000320
365 0 0 -0.000282
370 0 0 -0.000273
375 0 0 -0.000300
380 0 0 -0.000360
385 0 0 -0.000415
390 0 0 -0.000420
395 0 0 -0.000345
400 0 0 -0.000237
405 0 0 -0.000160
410 0 0 -0.000160
415 0 0 -0.000214
420 0 0 -0.000280
425 0 0 -0.000323
430 0 0 -0.000332
435 0 0 -0.000300
440 0 0 -0.000231
445 0 0 -0.000163
450 0 0 -0.000140
455 0 0 -0.000192
460 0 0 -0.000277
465 0 0 -0.000340
470 0 0 -0.000337
475 0 0 -0.000286
480 0 0 -0.000220
485 0 0 -0.000173
490 0 0 -0.000185
495 0 0 -0.000300
500 0 0 -0.000529
505 0 0 -0.000762
510 0 0 -0.000860
515 0 0 -0.000733
520 0 0 -0.000498
525 0 0 -0.000320
530 0 0 -0.000320
535 0 0 -0.000431
540 0 0 -0.000540
545 0 0 -0.000559
550 0 0 -0.000510
555 0 0 -0.000440
560 0 0 -0.000389
565 0 0 -0.000368
570 0 0 -0.000380
575 0 0 -0.000421
580 0 0 -0.000455
585 0 0 -0.000440
590 0 0 -0.000353
595 0 0 -0.000259
600 0 0 -0.000240
605 0 0 -0.000350
610 0 0 -0.000512
615 0 0 -0.000620
620 0 0 -0.000598
625 0 0 -0.000501
630 0 0 -0.000420
635 0 0 -0.000425
640 0 0 -0.000518
645 0 0 -0.000680
650 0 0 -0.000886
655 0 0 -0.001071
660 0 0 -0.001160
665 0 0 -0.001124
670 0 0 -0.001112
675 0 0 -0.001320
680 0 0 -0.001855
685 0 0 -0.002477
690 0 0 -0.002860
695 0 0 -0.002783
700 0 0 -0.002453
705 0 0 -0.002180
710 0 0 -0.002180
715 0 0 -0.002282
720 0 0 -0.002220
725 0 0 -0.001812
730 0 0 -0.001228
735 0 0 -0.000720
740 0 0 -0.000480
745 0 0 -0.000444
750 0 0 -0.000480
755 0 0 -0.000487
760 0 0 -0.000464
765 0 0 -0.000440
770 0 0 -0.000434
775 0 0 -0.000438
780 0 0 -0.000440
785 0 0 -0.000429
790 0 0 -0.000418
795 0 0 -0.000420
800 0 0 -0.000446
805 0 0 -0.000480
810 0 0 -0.000500
815 0 0 -0.000489
820 0 0 -0.000452
825 0 0 -0.000400
830 0 0 -0.000346
835 0 0 -0.000312
840 0 0 -0.000320
845 0 0 -0.000381
850 0 0 -0.000453
855 0 0 -0.000480
860 0 0 -0.000430
865 0 0 -0.000362
870 0 0 -0.000360
875 0 0 -0.000473
880 0 0 -0.000624
885 0 0 -0.000700
890 0 0 -0.000632
895 0 0 -0.000509
900 0 0 -0.000460
905 0 0 -0.000591
910 0 0 -0.000904
915 0 0 -0.001380
920 0 0 -0.001968
925 0 0 -0.002505
930 0 0 -0.002800
935 0 0 -0.002728
940 0 0 -0.002431
945 0 0 -0.002120
950 0 0 -0.001958
955 0 0 -0.001926
960 0 0 -0.001960
965 0 0 -0.002004
970 0 0 -0.002040
975 0 0 -0.002060
980 0 0 -0.002060
985 0 0 -0.002048
990 0 0 -0.002040
995 0 0 -0.002046
1000 0 0 -0.002072
1005 0 0 -0.002120
1010 0 0 -0.002193
1015 0 0 -0.002288
1020 0 0 -0.002400
1025 0 0 -0.002519
1030 0 0 -0.002607
1035 0 0 -0.002620
1040 0 0 -0.002535
1045 0 0 -0.002419
1050 0 0 -0.002360
1055 0 0 -0.002418
1060 0 0 -0.002535
1065 0 0 -0.002620
1070 0 0 -0.002613
1075 0 0 -0.002562
1080 0 0 -0.002540
1085 0 0 -0.002593
1090 0 0 -0.002642
1095 0 0 -0.002580
1100 0 0 -0.002339
1105 0 0 -0.002009
1110 0 0 -0.001720
1115 0 0 -0.001585
1120 0 0 -0.001644
1125 0 0 -0.001920
1130 0 0 -0.002394
1135 0 0 -0.002888
1140 0 0 -0.003180
1145 0 0 -0.003111
1150 0 0 -0.002764
1155 0 0 -0.002280
1160 0 0 -0.001787
1165 0 0 -0.001355
1170 0 0 -0.001040
1175 0 0 -0.000882
1180 0 0 -0.000860
1185 0 0 -0.000940
1190 0 0 -0.001082
1195 0 0 -0.001229
1200 0 0 -0.001320
1205 0 0 -0.001312
1210 0 0 -0.001241
1215 0 0 -0.001160
1220 0 0 -0.001111
1225 0 0 -0.001085
1230 0 0 -0.001060
1235 0 0 -0.001018
1240 0 0 -0.000962
1245 0 0 -0.000900
1250 0 0 -0.000839
1255 0 0 -0.000785
1260 0 0 -0.000740
1265 0 0 -0.000709
1270 0 0 -0.000695
1275 0 0 -0.000700
1280 0 0 -0.000723
1285 0 0 -0.000754
1290 0 0 -0.000780
1295 0 0 -0.000791
1300 0 0 -0.000790
1305 0 0 -0.000780
1310 0 0 -0.000768
1315 0 0 -0.000759
1320 0 0 -0.000760
1325 0 0 -0.000773
1330 0 0 -0.000780
1335 0 0 -0.000760
1340 0 0 -0.000703
1345 0 0 -0.000651
1350 0 0 -0.000660
1355 0 0 -0.000759
1360 0 0 -0.000873
1365 0 0 -0.000900
1370 0 0 -0.000780
1375 0 0 -0.000613
1380 0 0 -0.000540
1385 0 0 -0.000654
1390 0 0 -0.000851
1395 0 0 -0.000980
1400 0 0 -0.000931
1405 0 0 -0.000763
1410 0 0 -0.000580
1415 0 0 -0.000461
1420 0 0 -0.000397
1425 0 0 -0.000360
1430 0 0 -0.000327
1435 0 0 -0.000308
1440 0 0 -0.000320
1445 0 0 -0.000373
1450 0 0 -0.000444
1455 0 0 -0.000500
1460 0 0 -0.000517
1465 0 0 -0.000500
1470 0 0 -0.000460
1475 0 0 -0.000410
1480 0 0 -0.000365
1485 0 0 -0.000340
1490 0 0 -0.000345
1495 0 0 -0.000371
1500 0 0 -0.000400
1505 0 0 -0.000419
1510 0 0 -0.000416
1515 0 0 -0.000380
1520 0 0 -0.000309
1525 0 0 -0.000236
1530 0 0 -0.000200
1535 0 0 -0.000229
1540 0 0 -0.000296
1545 0 0 -0.000360
1550 0 0 -0.000388
1555 0 0 -0.000379
1560 0 0 -0.000340
1565 0 0 -0.000281
1570 0 0 -0.000226
1575 0 0 -0.000200
1580 0 0 -0.000223
1585 0 0 -0.000283
1590 0 0 -0.000360
1595 0 0 -0.000435
1600 0 0 -0.000483
1605 0 0 -0.000480
1610 0 0 -0.000414
1615 0 0 -0.000329
1620 0 0 -0.000280
1625 0 0 -0.000307
1630 0 0 -0.000377
1635 0 0 -0.000440
1640 0 0 -0.000458
1645 0 0 -0.000438
1650 0 0 -0.000400
1655 0 0 -0.000360
1660 0 0 -0.000326
1665 0 0 -0.000300
1670 0 0 -0.000287
1675 0 0 -0.000287
1680 0 0 -0.000300
1685 0 0 -0.000324
1690 0 0 -0.000354
1695 0 0 -0.000380
1700 0 0 -0.000397
1705 0 0 -0.000404
1710 0 0 -0.000400
1715 0 0 -0.000387
1720 0 0 -0.000376
1725 0 0 -0.000380
1730 0 0 -0.000404
1735 0 0 -0.000427
1740 0 0 -0.000420
1745 0 0 -0.000366
1750 0 0 -0.000297
1755 0 0 -0.000260
1760 0 0 -0.000286
1765 0 0 -0.000352
1770 0 0 -0.000420
1775 0 0 -0.000460
1780 0 0 -0.000466
1785 0 0 -0.000440
1790 0 0 -0.000387
1795 0 0 -0.000331
1800 0 0 -0.000300
1805 0 0 -0.000312
1810 0 0 -0.000348
1815 0 0 -0.000380
1820 0 0 -0.000385
1825 0 0 -0.000363
1830 0 0 -0.000320
1835 0 0 -0.000265
1840 0 0 -0.000223
1845 0 0 -0.000220
1850 0 0 -0.000272
1855 0 0 -0.000341
1860 0 0 -0.000380
1865 0 0 -0.000354
1870 0 0 -0.000292
1875 0 0 -0.000240
1880 0 0 -0.000231
1885 0 0 -0.000257
1890 0 0 -0.000300
1895 0 0 -0.000341
1900 0 0 -0.000366
1905 0 0 -0.000360
1910 0 0 -0.000318
1915 0 0 -0.000277
1920 0 0 -0.000280
1925 0 0 -0.000354
1930 0 0 -0.000445
1935 0 0 -0.000480
1940 0 0 -0.000416
1945 0 0 -0.000328
1950 0 0 -0.000320
1955 0 0 -0.000459
1960 0 0 -0.000654
1965 0 0 -0.000780
1970 0 0 -0.000744
1975 0 0 -0.000600
1980 0 0 -0.000440
1985 0 0 -0.000336
1990 0 0 -0.000293
1995 0 0 -0.000300
2000 0 0 -0.000341
2005 0 0 -0.000390
2010 0 0 -0.000420
2015 0 0 -0.000410
2020 0 0 -0.000370
2025 0 0 -0.000320
2030 0 0 -0.000280
2035 0 0 -0.000281
2040 0 0 -0.000360
2045 0 0 -0.000527
2050 0 0 -0.000696
2055 0 0 -0.000760
2060 0 0 -0.000648
2065 0 0 -0.000446
2070 0 0 -0.000280
2075 0 0 -0.000243
2080 0 0 -0.000304
2085 0 0 -0.000400
2090 0 0 -0.000476
2095 0 0 -0.000513
2100 0 0 -0.000500
2105 0 0 -0.000435
2110 0 0 -0.000354
2115 0 0 -0.000300
2120 0 0 -0.000308
2125 0 0 -0.000373
2130 0 0 -0.000480
2135 0 0 -0.000609
2140 0 0 -0.000722
2145 0 0 -0.000780
2150 0 0 -0.000754
2155 0 0 -0.000673
2160 0 0 -0.000580
2165 0 0 -0.000510
2170 0 0 -0.000465
2175 0 0 -0.000440
2180 0 0 -0.000430
2185 0 0 -0.000431
2190 0 0 -0.000440
2195 0 0 -0.000453
2200 0 0 -0.000467
2205 0 0 -0.000480
2210 0 0 -0.000487
2215 0 0 -0.000474
2220 0 0 -0.000420
2225 0 0 -0.000328
2230 0 0 -0.000275
2235 0 0 -0.000360
2240 0 0 -0.000632
2245 0 0 -0.000954
2250 0 0 -0.001140
2255 0 0 -0.001063
2260 0 0 -0.000829
2265 0 0 -0.000600
2270 0 0 -0.000500
2275 0 0 -0.000487
2280 0 0 -0.000480
2285 0 0 -0.000421
2290 0 0 -0.000347
2295 0 0 -0.000320
2300 0 0 -0.000378
2305 0 0 -0.000470
2310 0 0 -0.000520
2315 0 0 -0.000480
2320 0 0 -0.000401
2325 0 0 -0.000360
2330 0 0 -0.000422
2335 0 0 -0.000612
2340 0 0 -0.000940
2345 0 0 -0.001386
2350 0 0 -0.001790
2355 0 0 -0.001960
2360 0 0 -0.001771
2365 0 0 -0.001376
2370 0 0 -0.001000
2375 0 0 -0.000815
2380 0 0 -0.000794
2385 0 0 -0.000860
2390 0 0 -0.000944
2395 0 0 -0.001013
2400 0 0 -0.001040
2405 0 0 -0.001012
2410 0 0 -0.000963
2415 0 0 -0.000940
2420 0 0 -0.000974
2425 0 0 -0.001036
2430 0 0 -0.001080
2435 0 0 -0.001074
2440 0 0 -0.001026
2445 0 0 -0.000960
2450 0 0 -0.000896
2455 0 0 -0.000855
2460 0 0 -0.000860
2465 0 0 -0.000919
2470 0 0 -0.000986
2475 0 0 -0.001000
2480 0 0 -0.000928
2485 0 0 -0.000842
2490 0 0 -0.000840
2495 0 0 -0.000987
2500 0 0 -0.001210
2505 0 0 -0.001400
2510 0 0 -0.001477
2515 0 0 -0.001466
2520 0 0 -0.001420
2525 0 0 -0.001379
2530 0 0 -0.001338
2535 0 0 -0.001280
2540 0 0 -0.001192
2545 0 0 -0.001081
2550 0 0 -0.000960
2555 0 0 -0.000844
2560 0 0 -0.000760
2565 0 0 -0.000740
2570 0 0 -0.000799
2575 0 0 -0.000892
2580 0 0 -0.000960
2585 0 0 -0.000959
2590 0 0 -0.000907
2595 0 0 -0.000840
2600 0 0 -0.000784
2605 0 0 -0.000740
2610 0 0 -0.000700
2615 0 0 -0.000660
2620 0 0 -0.000624
2625 0 0 -0.000600
2630 0 0 -0.000593
2635 0 0 -0.000596
2640 0 0 -0.000600
2645 0 0 -0.000603
2650 0 0 -0.000621
2655 0 0 -0.000680
2660 0 0 -0.000791
2665 0 0 -0.000919
2670 0 0 -0.001020
2675 0 0 -0.001058
2680 0 0 -0.001045
2685 0 0 -0.001000
2690 0 0 -0.000943
2695 0 0 -0.000882
2700 0 0 -0.000820
2705 0 0 -0.000761
2710 0 0 -0.000708
2715 0 0 -0.000660
2720 0 0 -0.000621
2725 0 0 -0.000603
2730 0 0 -0.000620
2735 0 0 -0.000676
2740 0 0 -0.000737
2745 0 0 -0.000760
2750 0 0 -0.000717
2755 0 0 -0.000636
2760 0 0 -0.000560
2765 0 0 -0.000523
2770 0 0 -0.000521
2775 0 0 -0.000540
2780 0 0 -0.000565
2785 0 0 -0.000578
2790 0 0 -0.000560
2795 0 0 -0.000500
2800 0 0 -0.000428
2805 0 0 -0.000380
2810 0 0 -0.000384
2815 0 0 -0.000415
2820 0 0 -0.000440
2825 0 0 -0.000431
2830 0 0 -0.000393
2835 0 0 -0.000340
2840 0 0 -0.000286
2845 0 0 -0.000252
2850 0 0 -0.000260
2855 0 0 -0.000319
2860 0 0 -0.000390
2865 0 0 -0.000420
2870 0 0 -0.000375
2875 0 0 -0.000295
2880 0 0 -0.000240
2885 0 0 -0.000251
2890 0 0 -0.000304
2895 0 0 -0.000360
2900 0 0 -0.000385
2905 0 0 -0.000377
2910 0 0 -0.000340
2915 0 0 -0.000283
2920 0 0 -0.000238
2925 0 0 -0.000240
2930 0 0 -0.000308
2935 0 0 -0.000390
2940 0 0 -0.000420
2945 0 0 -0.000353
2950 0 0 -0.000241
2955 0 0 -0.000160
2960 0 0 -0.000164
2965 0 0 -0.000222
2970 0 0 -0.000280
2975 0 0 -0.000298
2980 0 0 -0.000285
2985 0 0 -0.000260
2990 0 0 -0.000242
2995 0 0 -0.000245
3000 0 0 -0.000280
3005 0 0 -0.000350
3010 0 0 -0.000419
3015 0 0 -0.000440
3020 0 0 -0.000386
3025 0 0 -0.000299
3030 0 0 -0.000240
3035 0 0 -0.000253
3040 0 0 -0.000308
3045 0 0 -0.000360
3050 0 0 -0.000372
3055 0 0 -0.000347
3060 0 0 -0.000300
3065 0 0 -0.000246
3070 0 0 -0.000205
3075 0 0 -0.000200
3080 0 0 -0.000241
3085 0 0 -0.000301
3090 0 0 -0.000340
3095 0 0 -0.000332
3100 0 0 -0.000295
3105 0 0 -0.000260
3110 0 0 -0.000251
3115 0 0 -0.000266
3120 0 0 -0.000300
3125 0 0 -0.000344
3130 0 0 -0.000388
3135 0 0 -0.000420
3140 0 0 -0.000433
3145 0 0 -0.000435
3150 0 0 -0.000440
3155 0 0 -0.000454
3160 0 0 -0.000461
3165 0 0 -0.000440
3170 0 0 -0.000380
3175 0 0 -0.000302
3180 0 0 -0.000240
3185 0 0 -0.000217
3190 0 0 -0.000228
3195 0 0 -0.000260
3200 0 0 -0.000299
3205 0 0 -0.000320
3210 0 0 -0.000300
3215 0 0 -0.000228
3220 0 0 -0.000153
3225 0 0 -0.000140
3230 0 0 -0.000229
3235 0 0 -0.000358
3240 0 0 -0.000440
3245 0 0 -0.000414
3250 0 0 -0.000329
3255 0 0 -0.000260
3260 0 0 -0.000263
3265 0 0 -0.000311
3270 0 0 -0.000360
3275 0 0 -0.000373
3280 0 0 -0.000354
3285 0 0 -0.000320
3290 0 0 -0.000284
3295 0 0 -0.000260
3300 0 0 -0.000260
3305 0 0 -0.000289
3310 0 0 -0.000321
3315 0 0 -0.000320
3320 0 0 -0.000267
3325 0 0 -0.000197
3330 0 0 -0.000160
3335 0 0 -0.000189
3340 0 0 -0.000252
3345 0 0 -0.000300
3350 0 0 -0.000299
3355 0 0 -0.000273
3360 0 0 -0.000260
3365 0 0 -0.000285
3370 0 0 -0.000324
3375 0 0 -0.000340
3380 0 0 -0.000312
3385 0 0 -0.000285
3390 0 0 -0.000320
3395 0 0 -0.000454
3400 0 0 -0.000618
3405 0 0 -0.000720
3410 0 0 -0.000691
3415 0 0 -0.000570
3420 0 0 -0.000420
3425 0 0 -0.000296
3430 0 0 -0.000219
3435 0 0 -0.000200
3440 0 0 -0.000242
3445 0 0 -0.000311
3450 0 0 -0.000360
3455 0 0 -0.000357
3460 0 0 -0.000316
3465 0 0 -0.000260
3470 0 0 -0.000216
3475 0 0 -0.000213
3480 0 0 -0.000280
3485 0 0 -0.000427
3490 0 0 -0.000579
3495 0 0 -0.000640
3500 0 0 -0.000548
3505 0 0 -0.000378
3510 0 0 -0.000240
3515 0 0 -0.000217
3520 0 0 -0.000292
3525 0 0 -0.000420
3530 0 0 -0.000561
3535 0 0 -0.000684
3540 0 0 -0.000760
3545 0 0 -0.000766
3550 0 0 -0.000698
3555 0 0 -0.000560
3560 0 0 -0.000371
3565 0 0 -0.000227
3570 0 0 -0.000240
3575 0 0 -0.000471
3580 0 0 -0.000767
3585 0 0 -0.000920
3590 0 0 -0.000791
3595 0 0 -0.000512
3600 0 0 -0.000280
3605 0 0 -0.000242
3610 0 0 -0.000339
3615 0 0 -0.000460
3620 0 0 -0.000517
3625 0 0 -0.000519
3630 0 0 -0.000500
3635 0 0 -0.000486
3640 0 0 -0.000480
3645 0 0 -0.000480
3650 0 0 -0.000483
3655 0 0 -0.000485
3660 0 0 -0.000480
3665 0 0 -0.000463
3670 0 0 -0.000431
3675 0 0 -0.000380
3680 0 0 -0.000313
3685 0 0 -0.000256
3690 0 0 -0.000240
3695 0 0 -0.000284
3700 0 0 -0.000348
3705 0 0 -0.000380
3710 0 0 -0.000347
3715 0 0 -0.000298
3720 0 0 -0.000300
3725 0 0 -0.000398
3730 0 0 -0.000543
3735 0 0 -0.000660
3740 0 0 -0.000694
3745 0 0 -0.000658
3750 0 0 -0.000580
3755 0 0 -0.000492
3760 0 0 -0.000427
3765 0 0 -0.000420
3770 0 0 -0.000487
3775 0 0 -0.000572
3780 0 0 -0.000600
3785 0 0 -0.000539
3790 0 0 -0.000526
3795 0 0 -0.000740
3800 0 0 -0.001292
3805 0 0 -0.002022
3810 0 0 -0.002700
3815 0 0 -0.003132
3820 0 0 -0.003260
3825 0 0 -0.003060
3830 0 0 -0.002557
3835 0 0 -0.001969
3840 0 0 -0.001560
3845 0 0 -0.001516
3850 0 0 -0.001706
3855 0 0 -0.001920
3860 0 0 -0.001992
3865 0 0 -0.001933
3870 0 0 -0.001800
3875 0 0 -0.001643
3880 0 0 -0.001490
3885 0 0 -0.001360
3890 0 0 -0.001277
3895 0 0 -0.001267
3900 0 0 -0.001360
3905 0 0 -0.001591
3910 0 0 -0.002022
3915 0 0 -0.002720
3920 0 0 -0.003671
3925 0 0 -0.004538
3930 0 0 -0.004900
3935 0 0 -0.004499
3940 0 0 -0.003723
3945 0 0 -0.003120
3950 0 0 -0.003073
3955 0 0 -0.003302
3960 0 0 -0.003360
3965 0 0 -0.002929
3970 0 0 -0.002202
3975 0 0 -0.001500
3980 0 0 -0.001074
3985 0 0 -0.000889
3990 0 0 -0.000840
3995 0 0 -0.000847
4000 0 0 -0.000942
4005 0 0 -0.001180
4010 0 0 -0.001578
4015 0 0 -0.001982
4020 0 0 -0.002200
4025 0 0 -0.002101
4030 0 0 -0.001816
4035 0 0 -0.001540
4040 0 0 -0.001418
4045 0 0 -0.001394
4050 0 0 -0.001360
4055 0 0 -0.001244
4060 0 0 -0.001106
4065 0 0 -0.001040
4070 0 0 -0.001111
4075 0 0 -0.001265
4080 0 0 -0.001420
4085 0 0 -0.001510
4090 0 0 -0.001532
4095 0 0 -0.001500
4100 0 0 -0.001432
4105 0 0 -0.001360
4110 0 0 -0.001320
4115 0 0 -0.001335
4120 0 0 -0.001381
4125 0 0 -0.001420
4130 0 0 -0.001425
4135 0 0 -0.001416
4140 0 0 -0.001420
4145 0 0 -0.001458
4150 0 0 -0.001508
4155 0 0 -0.001540
4160 0 0 -0.001526
4165 0 0 -0.001456
4170 0 0 -0.001320
4175 0 0 -0.001127
4180 0 0 -0.000945
4185 0 0 -0.000860
4190 0 0 -0.000926
4195 0 0 -0.001077
4200 0 0 -0.001220
4205 0 0 -0.001281
4210 0 0 -0.001275
4215 0 0 -0.001240
4220 0 0 -0.001208
4225 0 0 -0.001192
4230 0 0 -0.001200
4235 0 0 -0.001230
4240 0 0 -0.001240
4245 0 0 -0.001180
4250 0 0 -0.001017
4255 0 0 -0.000795
4260 0 0 -0.000580
4265 0 0 -0.000425
4270 0 0 -0.000344
4275 0 0 -0.000340
4280 0 0 -0.000407
4285 0 0 -0.000494
4290 0 0 -0.000540
4295 0 0 -0.000503
4300 0 0 -0.000413
4305 0 0 -0.000320
4310 0 0 -0.000263
4315 0 0 -0.000245
4320 0 0 -0.000260
4325 0 0 -0.000298
4330 0 0 -0.000335
4335 0 0 -0.000340
4340 0 0 -0.000297
4345 0 0 -0.000236
4350 0 0 -0.000200
4355 0 0 -0.000218
4360 0 0 -0.000265
4365 0 0 -0.000300
4370 0 0 -0.000295
4375 0 0 -0.000261
4380 0 0 -0.000220
4385 0 0 -0.000193
4390 0 0 -0.000190
4395 0 0 -0.000220
4400 0 0 -0.000284
4405 0 0 -0.000350
4410 0 0 -0.000380
4415 0 0 -0.000349
4420 0 0 -0.000293
4425 0 0 -0.000260
4430 0 0 -0.000285
4435 0 0 -0.000340
4440 0 0 -0.000380
4445 0 0 -0.000373
4450 0 0 -0.000337
4455 0 0 -0.000300
4460 0 0 -0.000287
4465 0 0 -0.000295
4470 0 0 -0.000320
4475 0 0 -0.000350
4480 0 0 -0.000365
4485 0 0 -0.000340
4490 0 0 -0.000264
4495 0 0 -0.000178
4500 0 0 -0.000140
4505 0 0 -0.000184
4510 0 0 -0.000266
4515 0 0 -0.000320
4520 0 0 -0.000301
4525 0 0 -0.000244
4530 0 0 -0.000200
4535 0 0 -0.000209
4540 0 0 -0.000248
4545 0 0 -0.000280
4550 0 0 -0.000278
4555 0 0 -0.000256
4560 0 0 -0.000240
4565 0 0 -0.000249
4570 0 0 -0.000278
4575 0 0 -0.000320
4580 0 0 -0.000365
4585 0 0 -0.000407
4590 0 0 -0.000440
4595 0 0 -0.000459
4600 0 0 -0.000460
4605 0 0 -0.000440
4610 0 0 -0.000399
4615 0 0 -0.000347
4620 0 0 -0.000300
4625 0 0 -0.000269
4630 0 0 -0.000261
4635 0 0 -0.000280
4640 0 0 -0.000324
4645 0 0 -0.000362
4650 0 0 -0.000360
4655 0 0 -0.000296
4660 0 0 -0.000210
4665 0 0 -0.000160
4670 0 0 -0.000183
4675 0 0 -0.000246
4680 0 0 -0.000300
4685 0 0 -0.000306
4690 0 0 -0.000277
4695 0 0 -0.000240
4700 0 0 -0.000215
4705 0 0 -0.000208
4710 0 0 -0.000220
4715 0 0 -0.000247
4720 0 0 -0.000274
4725 0 0 -0.000280
4730 0 0 -0.000253
4735 0 0 -0.000216
4740 0 0 -0.000200
4745 0 0 -0.000229
4750 0 0 -0.000304
4755 0 0 -0.000420
4760 0 0 -0.000565
4765 0 0 -0.000696
4770 0 0 -0.000760
4775 0 0 -0.000726
4780 0 0 -0.000638
4785 0 0 -0.000560
4790 0 0 -0.000539
4795 0 0 -0.000552
4800 0 0 -0.000560
4805 0 0 -0.000536
4810 0 0 -0.000504
4815 0 0 -0.000500
4820 0 0 -0.000546
4825 0 0 -0.000599
4830 0 0 -0.000600
4835 0 0 -0.000514
4840 0 0 -0.000395
4845 0 0 -0.000320
4850 0 0 -0.000341
4855 0 0 -0.000401
4860 0 0 -0.000420
4865 0 0 -0.000345
4870 0 0 -0.000240
4875 0 0 -0.000200
4880 0 0 -0.000286
4885 0 0 -0.000427
4890 0 0 -0.000520
4895 0 0 -0.000492
4900 0 0 -0.000388
4905 0 0 -0.000280
4910 0 0 -0.000228
4915 0 0 -0.000233
4920 0 0 -0.000280
4925 0 0 -0.000353
4930 0 0 -0.000428
4935 0 0 -0.000480
4940 0 0 -0.000490
4945 0 0 -0.000470
4950 0 0 -0.000440
4955 0 0 -0.000415
4960 0 0 -0.000391
4965 0 0 -0.000360
4970 0 0 -0.000317
4975 0 0 -0.000273
4980 0 0 -0.000240
4985 0 0 -0.000229
4990 0 0 -0.000233
4995 0 0 -0.000240
5000 0 0 -0.000246
5005 0 0 -0.000271
5010 0 0 -0.000340
5015 0 0 -0.000464
5020 0 0 -0.000588
5025 0 0 -0.000640
5030 0 0 -0.000575
5035 0 0 -0.000448
5040 0 0 -0.000340
5045 0 0 -0.000312
5050 0 0 -0.000339
5055 0 0 -0.000380
5060 0 0 -0.000400
5065 0 0 -0.000407
5070 0 0 -0.000420
5075 0 0 -0.000451
5080 0 0 -0.000490
5085 0 0 -0.000520
5090 0 0 -0.000527
5095 0 0 -0.000507
5100 0 0 -0.000460
5105 0 0 -0.000390
5110 0 0 -0.000325
5115 0 0 -0.000300
5120 0 0 -0.000336
5125 0 0 -0.000404
5130 0 0 -0.000460
5135 0 0 -0.000472
5140 0 0 -0.000441
5145 0 0 -0.000380
5150 0 0 -0.000303
5155 0 0 -0.000239
5160 0 0 -0.000220
5165 0 0 -0.000266
5170 0 0 -0.000351
5175 0 0 -0.000440
5180 0 0 -0.000501
5185 0 0 -0.000523
5190 0 0 -0.000500
5195 0 0 -0.000434
5200 0 0 -0.000360
5205 0 0 -0.000320
5210 0 0 -0.000342
5215 0 0 -0.000387
5220 0 0 -0.000400
5225 0 0 -0.000347
5230 0 0 -0.000272
5235 0 0 -0.000240
5240 0 0 -0.000293
5245 0 0 -0.000388
5250 0 0 -0.000460
5255 0 0 -0.000464
5260 0 0 -0.000423
5265 0 0 -0.000380
5270 0 0 -0.000368
5275 0 0 -0.000380
5280 0 0 -0.000400
5285 0 0 -0.000415
5290 0 0 -0.000421
5295 0 0 -0.000420
5300 0 0 -0.000415
5305 0 0 -0.000422
5310 0 0 -0.000460
5315 0 0 -0.000537
5320 0 0 -0.000609
5325 0 0 -0.000620
5330 0 0 -0.000542
5335 0 0 -0.000458
5340 0 0 -0.000480
5345 0 0 -0.000688
5350 0 0 -0.001039
5355 0 0 -0.001460
5360 0 0 -0.001869
5365 0 0 -0.002151
5370 0 0 -0.002180
5375 0 0 -0.001889
5380 0 0 -0.001442
5385 0 0 -0.001060
5390 0 0 -0.000905
5395 0 0 -0.000908
5400 0 0 -0.000940
5405 0 0 -0.000909
5410 0 0 -0.000872
5415 0 0 -0.000920
5420 0 0 -0.001106
5425 0 0 -0.001328
5430 0 0 -0.001440
5435 0 0 -0.001345
5440 0 0 -0.001124
5445 0 0 -0.000900
5450 0 0 -0.000771
5455 0 0 -0.000725
5460 0 0 -0.000720
5465 0 0 -0.000722
5470 0 0 -0.000723
5475 0 0 -0.000720
5480 0 0 -0.000712
5485 0 0 -0.000699
5490 0 0 -0.000680
5495 0 0 -0.000657
5500 0 0 -0.000635
5505 0 0 -0.000620
5510 0 0 -0.000615
5515 0 0 -0.000611
5520 0 0 -0.000600
5525 0 0 -0.000580
5530 0 0 -0.000590
5535 0 0 -0.000680
5540 0 0 -0.000874
5545 0 0 -0.001095
5550 0 0 -0.001240
5555 0 0 -0.001239
5560 0 0 -0.001144
5565 0 0 -0.001040
5570 0 0 -0.000989
5575 0 0 -0.000965
5580 0 0 -0.000920
5585 0 0 -0.000824
5590 0 0 -0.000713
5595 0 0 -0.000640
5600 0 0 -0.000642
5605 0 0 -0.000695
5610 0 0 -0.000760
5615 0 0 -0.000802
5620 0 0 -0.000811
5625 0 0 -0.000780
5630 0 0 -0.000711
5635 0 0 -0.000633
5640 0 0 -0.000580
5645 0 0 -0.000575
5650 0 0 -0.000589
5655 0 0 -0.000580
5660 0 0 -0.000522
5665 0 0 -0.000447
5670 0 0 -0.000400
5675 0 0 -0.000414
5680 0 0 -0.000467
5685 0 0 -0.000520
5690 0 0 -0.000544
5695 0 0 -0.000536
5700 0 0 -0.000500
5705 0 0 -0.000445
5710 0 0 -0.000390
5715 0 0 -0.000360
5720 0 0 -0.000369
5725 0 0 -0.000393
5730 0 0 -0.000400
5735 0 0 -0.000368
5740 0 0 -0.000322
5745 0 0 -0.000300
5750 0 0 -0.000328
5755 0 0 -0.000380
5760 0 0 -0.000420
5765 0 0 -0.000420
5770 0 0 -0.000387
5775 0 0 -0.000340
5780 0 0 -0.000295
5785 0 0 -0.000269
5790 0 0 -0.000280
5795 0 0 -0.000334
5800 0 0 -0.000392
5805 0 0 -0.000400
5810 0 0 -0.000328
5815 0 0 -0.000225
5820 0 0 -0.000160
5825 0 0 -0.000181
5830 0 0 -0.000249
5835 0 0 -0.000300
5840 0 0 -0.000291
5845 0 0 -0.000244
5850 0 0 -0.000200
5855 0 0 -0.000191
5860 0 0 -0.000209
5865 0 0 -0.000240
5870 0 0 -0.000268
5875 0 0 -0.000279
5880 0 0 -0.000260
5885 0 0 -0.000208
5890 0 0 -0.000159
5895 0 0 -0.000160
5900 0 0 -0.000238
5905 0 0 -0.000341
5910 0 0 -0.000400
5915 0 0 -0.000367
5920 0 0 -0.000290
5925 0 0 -0.000240
5930 0 0 -0.000267
5935 0 0 -0.000333
5940 0 0 -0.000380
5945 0 0 -0.000367
5950 0 0 -0.000319
5955 0 0 -0.000280
5960 0 0 -0.000281
5965 0 0 -0.000309
5970 0 0 -0.000340
5975 0 0 -0.000354
5980 0 0 -0.000347
5985 0 0 -0.000320
5990 0 0 -0.000278
5995 0 0 -0.000238
6000 0 0 -0.000220
6005 0 0 -0.000237
6010 0 0 -0.000277
6015 0 0 -0.000320
6020 0 0 -0.000349
6025 0 0 -0.000362
6030 0 0 -0.000360
6035 0 0 -0.000343
6040 0 0 -0.000310
6045 0 0 -0.000260
6050 0 0 -0.000198
6055 0 0 -0.000153
6060 0 0 -0.000160
6065 0 0 -0.000238
6070 0 0 -0.000340
6075 0 0 -0.000400
6080 0 0 -0.000376
6085 0 0 -0.000309
6090 0 0 -0.000260
6095 0 0 -0.000273
6100 0 0 -0.000322
6105 0 0 -0.000360
6110 0 0 -0.000356
6115 0 0 -0.000326
6120 0 0 -0.000300
6125 0 0 -0.000300
6130 0 0 -0.000313
6135 0 0 -0.000320
6140 0 0 -0.000305
6145 0 0 -0.000274
6150 0 0 -0.000240
6155 0 0 -0.000213
6160 0 0 -0.000198
6165 0 0 -0.000200
6170 0 0 -0.000219
6175 0 0 -0.000244
6180 0 0 -0.000260
6185 0 0 -0.000255
6190 0 0 -0.000233
6195 0 0 -0.000200
6200 0 0 -0.000168
6205 0 0 -0.000174
6210 0 0 -0.000260
6215 0 0 -0.000444
6220 0 0 -0.000650
6225 0 0 -0.000780
6230 0 0 -0.000762
6235 0 0 -0.000639
6240 0 0 -0.000480
6245 0 0 -0.000348
6250 0 0 -0.000274
6255 0 0 -0.000280
6260 0 0 -0.000371
6265 0 0 -0.000479
6270 0 0 -0.000520
6275 0 0 -0.000442
6280 0 0 -0.000329
6285 0 0 -0.000300
6290 0 0 -0.000430
6295 0 0 -0.000623
6300 0 0 -0.000740
6305 0 0 -0.000683
6310 0 0 -0.000515
6315 0 0 -0.000340
6320 0 0 -0.000241
6325 0 0 -0.000221
6330 0 0 -0.000260
6335 0 0 -0.000336
6340 0 0 -0.000405
6345 0 0 -0.000420
6350 0 0 -0.000353
6355 0 0 -0.000261
6360 0 0 -0.000220
6365 0 0 -0.000280
6370 0 0 -0.000381
6375 0 0 -0.000440
6380 0 0 -0.000397
6385 0 0 -0.000305
6390 0 0 -0.000240
6395 0 0 -0.000261
6400 0 0 -0.000343
6405 0 0 -0.000440
6410 0 0 -0.000511
6415 0 0 -0.000531
6420 0 0 -0.000480
6425 0 0 -0.000364
6430 0 0 -0.000302
6435 0 0 -0.000440
6440 0 0 -0.000862
6445 0 0 -0.001404
6450 0 0 -0.001840
6455 0 0 -0.001991
6460 0 0 -0.001871
6465 0 0 -0.001540
6470 0 0 -0.001073
6475 0 0 -0.000604
6480 0 0 -0.000280
6485 0 0 -0.000203
6490 0 0 -0.000287
6495 0 0 -0.000400
6500 0 0 -0.000440
6505 0 0 -0.000424
6510 0 0 -0.000400
6515 0 0 -0.000403
6520 0 0 -0.000418
6525 0 0 -0.000420
6530 0 0 -0.000391
6535 0 0 -0.000349
6540 0 0 -0.000320
6545 0 0 -0.000325
6550 0 0 -0.000371
6555 0 0 -0.000460
6560 0 0 -0.000585
6565 0 0 -0.000698
6570 0 0 -0.000740
6575 0 0 -0.000681
6580 0 0 -0.000594
6585 0 0 -0.000580
6590 0 0 -0.000703
6595 0 0 -0.000877
6600 0 0 -0.000980
6605 0 0 -0.000926
6610 0 0 -0.000769
6615 0 0 -0.000600
6620 0 0 -0.000490
6625 0 0 -0.000436
6630 0 0 -0.000420
6635 0 0 -0.000423
6640 0 0 -0.000438
6645 0 0 -0.000460
6650 0 0 -0.000482
6655 0 0 -0.000488
6660 0 0 -0.000460
6665 0 0 -0.000390
6670 0 0 -0.000314
6675 0 0 -0.000280
6680 0 0 -0.000317
6685 0 0 -0.000384
6690 0 0 -0.000420
6695 0 0 -0.000386
6700 0 0 -0.000320
6705 0 0 -0.000280
6710 0 0 -0.000306
6715 0 0 -0.000364
6720 0 0 -0.000400
6725 0 0 -0.000380
6730 0 0 -0.000336
6735 0 0 -0.000320
6740 0 0 -0.000365
6745 0 0 -0.000436
6750 0 0 -0.000480
6755 0 0 -0.000462
6760 0 0 -0.000423
6765 0 0 -0.000420
6770 0 0 -0.000508
6775 0 0 -0.000724
6780 0 0 -0.001100
6785 0 0 -0.001625
6790 0 0 -0.002114
6795 0 0 -0.002340
6800 0 0 -0.002145
6805 0 0 -0.001643
6810 0 0 -0.001020
6815 0 0 -0.000476
6820 0 0 -0.000281
6825 0 0 -0.000720
6830 0 0 -0.001901
6835 0 0 -0.003221
6840 0 0 -0.003900
6845 0 0 -0.003408
6850 0 0 -0.002224
6855 0 0 -0.001080
6860 0 0 -0.000540
6865 0 0 -0.000508
6870 0 0 -0.000720
6875 0 0 -0.000952
6880 0 0 -0.001131
6885 0 0 -0.001220
6890 0 0 -0.001199
6895 0 0 -0.001108
6900 0 0 -0.001000
6905 0 0 -0.000921
6910 0 0 -0.000875
6915 0 0 -0.000860
6920 0 0 -0.000869
6925 0 0 -0.000887
6930 0 0 -0.000900
6935 0 0 -0.000894
6940 0 0 -0.000873
6945 0 0 -0.000840
6950 0 0 -0.000803
6955 0 0 -0.000773
6960 0 0 -0.000760
6965 0 0 -0.000772
6970 0 0 -0.000797
6975 0 0 -0.000820
6980 0 0 -0.000827
6985 0 0 -0.000819
6990 0 0 -0.000800
6995 0 0 -0.000775
7000 0 0 -0.000752
7005 0 0 -0.000740
7010 0 0 -0.000744
7015 0 0 -0.000745
7020 0 0 -0.000720
7025 0 0 -0.000656
7030 0 0 -0.000577
7035 0 0 -0.000520
7040 0 0 -0.000510
7045 0 0 -0.000542
7050 0 0 -0.000600
7055 0 0 -0.000668
7060 0 0 -0.000718
7065 0 0 -0.000720
7070 0 0 -0.000659
7075 0 0 -0.000575
7080 0 0 -0.000520
7085 0 0 -0.000534
7090 0 0 -0.000593
7095 0 0 -0.000660
7100 0 0 -0.000702
7105 0 0 -0.000709
7110 0 0 -0.000680
7115 0 0 -0.000620
7120 0 0 -0.000575
7125 0 0 -0.000600
7130 0 0 -0.000723
7135 0 0 -0.000860
7140 0 0 -0.000900
7145 0 0 -0.000767
7150 0 0 -0.000537
7155 0 0 -0.000320
7160 0 0 -0.000204
7165 0 0 -0.000181
7170 0 0 -0.000220
7175 0 0 -0.000288
7180 0 0 -0.000347
7185 0 0 -0.000360
7190 0 0 -0.000303
7195 0 0 -0.000217
7200 0 0 -0.000160
7205 0 0 -0.000171
7210 0 0 -0.000225
7215 0 0 -0.000280
7220 0 0 -0.000303
7225 0 0 -0.000299
7230 0 0 -0.000280
7235 0 0 -0.000260
7240 0 0 -0.000255
7245 0 0 -0.000280
7250 0 0 -0.000341
7255 0 0 -0.000403
7260 0 0 -0.000420
7265 0 0 -0.000365
7270 0 0 -0.000284
7275 0 0 -0.000240
7280 0 0 -0.000276
7285 0 0 -0.000350
7290 0 0 -0.000400
7295 0 0 -0.000381
7300 0 0 -0.000319
7305 0 0 -0.000260
7310 0 0 -0.000237
7315 0 0 -0.000243
7320 0 0 -0.000260
7325 0 0 -0.000273
7330 0 0 -0.000275
7335 0 0 -0.000260
7340 0 0 -0.000229
7345 0 0 -0.000201
7350 0 0 -0.000200
7355 0 0 -0.000238
7360 0 0 -0.000285
7365 0 0 -0.000300
7370 0 0 -0.000256
7375 0 0 -0.000192
7380 0 0 -0.000160
7385 0 0 -0.000196
7390 0 0 -0.000266
7395 0 0 -0.000320
7400 0 0 -0.000321
7405 0 0 -0.000294
7410 0 0 -0.000280
7415 0 0 -0.000306
7420 0 0 -0.000351
7425 0 0 -0.000380
7430 0 0 -0.000370
7435 0 0 -0.000340
7440 0 0 -0.000320
7445 0 0 -0.000331
7450 0 0 -0.000363
7455 0 0 -0.000400
7460 0 0 -0.000427
7465 0 0 -0.000440
7470 0 0 -0.000440
7475 0 0 -0.000426
7480 0 0 -0.000394
7485 0 0 -0.000340
7490 0 0 -0.000265
7495 0 0 -0.000194
7500 0 0 -0.000160
7505 0 0 -0.000182
7510 0 0 -0.000235
7515 0 0 -0.000280
7520 0 0 -0.000289
7525 0 0 -0.000270
7530 0 0 -0.000240
7535 0 0 -0.000214
7540 0 0 -0.000198
7545 0 0 -0.000200
7550 0 0 -0.000220
7555 0 0 -0.000246
7560 0 0 -0.000260
7565 0 0 -0.000253
7570 0 0 -0.000243
7575 0 0 -0.000260
7580 0 0 -0.000317
7585 0 0 -0.000379
7590 0 0 -0.000400
7595 0 0 -0.000350
7600 0 0 -0.000276
7605 0 0 -0.000240
7610 0 0 -0.000286
7615 0 0 -0.000368
7620 0 0 -0.000420
7625 0 0 -0.000393
7630 0 0 -0.000312
7635 0 0 -0.000220
7640 0 0 -0.000159
7645 0 0 -0.000166
7650 0 0 -0.000280
7655 0 0 -0.000510
7660 0 0 -0.000759
7665 0 0 -0.000900
7670 0 0 -0.000849
7675 0 0 -0.000683
7680 0 0 -0.000520
7685 0 0 -0.000449
7690 0 0 -0.000451
7695 0 0 -0.000480
7700 0 0 -0.000498
7705 0 0 -0.000502
7710 0 0 -0.000500
7715 0 0 -0.000496
7720 0 0 -0.000480
7725 0 0 -0.000440
7730 0 0 -0.000375
7735 0 0 -0.000324
7740 0 0 -0.000340
7745 0 0 -0.000449
7750 0 0 -0.000586
7755 0 0 -0.000660
7760 0 0 -0.000610
7765 0 0 -0.000485
7770 0 0 -0.000360
7775 0 0 -0.000295
7780 0 0 -0.000288
7785 0 0 -0.000320
7790 0 0 -0.000370
7795 0 0 -0.000408
7800 0 0 -0.000400
7805 0 0 -0.000329
7810 0 0 -0.000237
7815 0 0 -0.000180
7820 0 0 -0.000197
7825 0 0 -0.000259
7830 0 0 -0.000320
7835 0 0 -0.000345
7840 0 0 -0.000334
7845 0 0 -0.000300
7850 0 0 -0.000258
7855 0 0 -0.000249
7860 0 0 -0.000320
7865 0 0 -0.000487
7870 0 0 -0.000650
7875 0 0 -0.000680
7880 0 0 -0.000502
7885 0 0 -0.000262
7890 0 0 -0.000160
7895 0 0 -0.000327
7900 0 0 -0.000618
7905 0 0 -0.000820
7910 0 0 -0.000781
7915 0 0 -0.000596
7920 0 0 -0.000420
7925 0 0 -0.000371
7930 0 0 -0.000415
7935 0 0 -0.000480
7940 0 0 -0.000510
7945 0 0 -0.000510
7950 0 0 -0.000500
7955 0 0 -0.000494
7960 0 0 -0.000485
7965 0 0 -0.000460
7970 0 0 -0.000411
7975 0 0 -0.000352
7980 0 0 -0.000300
7985 0 0 -0.000270
7990 0 0 -0.000264
7995 0 0 -0.000280
8000 0 0 -0.000312
8005 0 0 -0.000340
8010 0 0 -0.000340
8015 0 0 -0.000299
8020 0 0 -0.000251
8025 0 0 -0.000240
8030 0 0 -0.000294
8035 0 0 -0.000368
8040 0 0 -0.000400
8045 0 0 -0.000350
8050 0 0 -0.000267
8055 0 0 -0.000220
8060 0 0 -0.000259
8065 0 0 -0.000346
8070 0 0 -0.000420
8075 0 0 -0.000437
8080 0 0 -0.000408
8085 0 0 -0.000360
8090 0 0 -0.000319
8095 0 0 -0.000311
8100 0 0 -0.000360
8105 0 0 -0.000477
8110 0 0 -0.000617
8115 0 0 -0.000720
8120 0 0 -0.000744
8125 0 0 -0.000711
8130 0 0 -0.000660
8135 0 0 -0.000623
8140 0 0 -0.000604
8145 0 0 -0.000600
8150 0 0 -0.000606
8155 0 0 -0.000610
8160 0 0 -0.000600
8165 0 0 -0.000568
8170 0 0 -0.000528
8175 0 0 -0.000500
8180 0 0 -0.000497
8185 0 0 -0.000499
8190 0 0 -0.000480
8195 0 0 -0.000429
8200 0 0 -0.000399
8205 0 0 -0.000460
8210 0 0 -0.000653
8215 0 0 -0.000911
8220 0 0 -0.001140
8225 0 0 -0.001262
8230 0 0 -0.001257
8235 0 0 -0.001120
8240 0 0 -0.000876
8245 0 0 -0.000666
8250 0 0 -0.000660
8255 0 0 -0.000952
8260 0 0 -0.001333
8265 0 0 -0.001520
8270 0 0 -0.001330
8275 0 0 -0.000983
8280 0 0 -0.000800
8285 0 0 -0.000997
8290 0 0 -0.001367
8295 0 0 -0.001600
8300 0 0 -0.001474
8305 0 0 -0.001125
8310 0 0 -0.000780
8315 0 0 -0.000614
8320 0 0 -0.000599
8325 0 0 -0.000660
8330 0 0 -0.000732
8335 0 0 -0.000804
8340 0 0 -0.000880
8345 0 0 -0.000956
8350 0 0 -0.001001
8355 0 0 -0.000980
8360 0 0 -0.000874
8365 0 0 -0.000737
8370 0 0 -0.000640
8375 0 0 -0.000635
8380 0 0 -0.000686
8385 0 0 -0.000740
8390 0 0 -0.000754
8395 0 0 -0.000744
8400 0 0 -0.000740
8405 0 0 -0.000763
8410 0 0 -0.000802
8415 0 0 -0.000840
8420 0 0 -0.000861
8425 0 0 -0.000861
8430 0 0 -0.000840
8435 0 0 -0.000803
8440 0 0 -0.000782
8445 0 0 -0.000820
8450 0 0 -0.000932
8455 0 0 -0.001045
8460 0 0 -0.001060
8465 0 0 -0.000916
8470 0 0 -0.000696
8475 0 0 -0.000520
8480 0 0 -0.000475
8485 0 0 -0.000524
8490 0 0 -0.000600
8495 0 0 -0.000645
8500 0 0 -0.000645
8505 0 0 -0.000600
8510 0 0 -0.000515
8515 0 0 -0.000432
8520 0 0 -0.000400
8525 0 0 -0.000451
8530 0 0 -0.000539
8535 0 0 -0.000600
8540 0 0 -0.000587
8545 0 0 -0.000531
8550 0 0 -0.000480
8555 0 0 -0.000471
8560 0 0 -0.000497
8565 0 0 -0.000540
8570 0 0 -0.000580
8575 0 0 -0.000595
8580 0 0 -0.000560
8585 0 0 -0.000465
8590 0 0 -0.000352
8595 0 0 -0.000280
8600 0 0 -0.000287
8605 0 0 -0.000343
8610 0 0 -0.000400
8615 0 0 -0.000419
8620 0 0 -0.000401
8625 0 0 -0.000360
8630 0 0 -0.000308
8635 0 0 -0.000267
8640 0 0 -0.000260
8645 0 0 -0.000298
8650 0 0 -0.000347
8655 0 0 -0.000360
8660 0 0 -0.000310
8665 0 0 -0.000237
8670 0 0 -0.000200
8675 0 0 -0.000238
8680 0 0 -0.000311
8685 0 0 -0.000360
8690 0 0 -0.000341
8695 0 0 -0.000280
8700 0 0 -0.000220
8705 0 0 -0.000194
8710 0 0 -0.000204
8715 0 0 -0.000240
8720 0 0 -0.000292
8725 0 0 -0.000335
8730 0 0 -0.000340
8735 0 0 -0.000293
8740 0 0 -0.000234
8745 0 0 -0.000220
8750 0 0 -0.000285
8755 0 0 -0.000381
8760 0 0 -0.000440
8765 0 0 -0.000414
8770 0 0 -0.000341
8775 0 0 -0.000280
8780 0 0 -0.000274
8785 0 0 -0.000305
8790 0 0 -0.000340
8795 0 0 -0.000352
8800 0 0 -0.000338
8805 0 0 -0.000300
8810 0 0 -0.000246
8815 0 0 -0.000203
8820 0 0 -0.000200
8825 0 0 -0.000254
8830 0 0 -0.000320
8835 0 0 -0.000340
8840 0 0 -0.000277
8845 0 0 -0.000185
8850 0 0 -0.000140
8855 0 0 -0.000193
8860 0 0 -0.000293
8865 0 0 -0.000360
8870 0 0 -0.000341
8875 0 0 -0.000274
8880 0 0 -0.000220
8885 0 0 -0.000226
8890 0 0 -0.000276
8895 0 0 -0.000340
8900 0 0 -0.000394
8905 0 0 -0.000434
8910 0 0 -0.000460
8915 0 0 -0.000473
8920 0 0 -0.000469
8925 0 0 -0.000440
8930 0 0 -0.000385
8935 0 0 -0.000324
8940 0 0 -0.000280
8945 0 0 -0.000271
8950 0 0 -0.000289
8955 0 0 -0.000320
8960 0 0 -0.000350
8965 0 0 -0.000363
8970 0 0 -0.000340
8975 0 0 -0.000276
8980 0 0 -0.000207
8985 0 0 -0.000180
8990 0 0 -0.000225
8995 0 0 -0.000298
9000 0 0 -0.000340
9005 0 0 -0.000308
9010 0 0 -0.000237
9015 0 0 -0.000180
9020 0 0 -0.000177
9025 0 0 -0.000213
9030 0 0 -0.000260
9035 0 0 -0.000293
9040 0 0 -0.000302
9045 0 0 -0.000280
9050 0 0 -0.000230
9055 0 0 -0.000183
9060 0 0 -0.000180
9065 0 0 -0.000244
9070 0 0 -0.000331
9075 0 0 -0.000380
9080 0 0 -0.000351
9085 0 0 -0.000289
9090 0 0 -0.000260
9095 0 0 -0.000307
9100 0 0 -0.000383
9105 0 0 -0.000420
9110 0 0 -0.000373
9115 0 0 -0.000289
9120 0 0 -0.000240
9125 0 0 -0.000272
9130 0 0 -0.000336
9135 0 0 -0.000360
9140 0 0 -0.000298
9145 0 0 -0.000219
9150 0 0 -0.000220
9155 0 0 -0.000360
9160 0 0 -0.000554
9165 0 0 -0.000680
9170 0 0 -0.000649
9175 0 0 -0.000508
9180 0 0 -0.000340
9185 0 0 -0.000213
9190 0 0 -0.000150
9195 0 0 -0.000160
9200 0 0 -0.000241
9205 0 0 -0.000337
9210 0 0 -0.000380
9215 0 0 -0.000327
9220 0 0 -0.000233
9225 0 0 -0.000180
9230 0 0 -0.000223
9235 0 0 -0.000309
9240 0 0 -0.000360
9245 0 0 -0.000327
9250 0 0 -0.000281
9255 0 0 -0.000320
9260 0 0 -0.000505
9265 0 0 -0.000737
9270 0 0 -0.000880
9275 0 0 -0.000837
9280 0 0 -0.000675
9285 0 0 -0.000500
9290 0 0 -0.000397
9295 0 0 -0.000365
9300 0 0 -0.000380
9305 0 0 -0.000420
9310 0 0 -0.000460
9315 0 0 -0.000480
9320 0 0 -0.000467
9325 0 0 -0.000458
9330 0 0 -0.000500
9335 0 0 -0.000620
9340 0 0 -0.000760
9345 0 0 -0.000840
9350 0 0 -0.000809
9355 0 0 -0.000731
9360 0 0 -0.000700
9365 0 0 -0.000775
9370 0 0 -0.000884
9375 0 0 -0.000920
9380 0 0 -0.000813
9385 0 0 -0.000637
9390 0 0 -0.000500
9395 0 0 -0.000478
9400 0 0 -0.000505
9405 0 0 -0.000480
9410 0 0 -0.000352
9415 0 0 -0.000262
9420 0 0 -0.000400
9425 0 0 -0.000867
9430 0 0 -0.001413
9435 0 0 -0.001700
9440 0 0 -0.001500
9445 0 0 -0.001021
9450 0 0 -0.000580
9455 0 0 -0.000414
9460 0 0 -0.000441
9465 0 0 -0.000500
9470 0 0 -0.000472
9475 0 0 -0.000407
9480 0 0 -0.000400
9485 0 0 -0.000509
9490 0 0 -0.000659
9495 0 0 -0.000740
9500 0 0 -0.000678
9505 0 0 -0.000533
9510 0 0 -0.000400
9515 0 0 -0.000352
9520 0 0 -0.000366
9525 0 0 -0.000400
9530 0 0 -0.000417
9535 0 0 -0.000415
9540 0 0 -0.000400
9545 0 0 -0.000381
9550 0 0 -0.000375
9555 0 0 -0.000400
9560 0 0 -0.000466
9565 0 0 -0.000545
9570 0 0 -0.000600
9575 0 0 -0.000605
9580 0 0 -0.000576
9585 0 0 -0.000540
9590 0 0 -0.000517
9595 0 0 -0.000506
9600 0 0 -0.000500
9605 0 0 -0.000495
9610 0 0 -0.000493
9615 0 0 -0.000500
9620 0 0 -0.000518
9625 0 0 -0.000542
9630 0 0 -0.000560
9635 0 0 -0.000568
9640 0 0 -0.000571
9645 0 0 -0.000580
9650 0 0 -0.000601
9655 0 0 -0.000631
9660 0 0 -0.000660
9665 0 0 -0.000687
9670 0 0 -0.000727
9675 0 0 -0.000800
9680 0 0 -0.000915
9685 0 0 -0.001038
9690 0 0 -0.001120
9695 0 0 -0.001130
9700 0 0 -0.001096
9705 0 0 -0.001060
9710 0 0 -0.001049
9715 0 0 -0.001031
9720 0 0 -0.000960
9725 0 0 -0.000823
9730 0 0 -0.000738
9735 0 0 -0.000860
9740 0 0 -0.001268
9745 0 0 -0.001755
9750 0 0 -0.002040
9755 0 0 -0.001929
9760 0 0 -0.001571
9765 0 0 -0.001200
9770 0 0 -0.001001
9775 0 0 -0.000957
9780 0 0 -0.001000
9785 0 0 -0.001067
9790 0 0 -0.001109
9795 0 0 -0.001080
9800 0 0 -0.000956
9805 0 0 -0.000796
9810 0 0 -0.000680
9815 0 0 -0.000662
9820 0 0 -0.000699
9825 0 0 -0.000720
9830 0 0 -0.000677
9835 0 0 -0.000600
9840 0 0 -0.000540
9845 0 0 -0.000535
9850 0 0 -0.000571
9855 0 0 -0.000620
9860 0 0 -0.000659
9865 0 0 -0.000685
9870 0 0 -0.000700
9875 0 0 -0.000705
9880 0 0 -0.000704
9885 0 0 -0.000700
9890 0 0 -0.000696
9895 0 0 -0.000695
9900 0 0 -0.000700
9905 0 0 -0.000713
9910 0 0 -0.000729
9915 0 0 -0.000740
9920 0 0 -0.000742
9925 0 0 -0.000740
9930 0 0 -0.000740
9935 0 0 -0.000746
9940 0 0 -0.000745
9945 0 0 -0.000720
9950 0 0 -0.000661
9955 0 0 -0.000591
9960 0 0 -0.000540
9965 0 0 -0.000530
9970 0 0 -0.000550
9975 0 0 -0.000580
9980 0 0 -0.000602
9985 0 0 -0.000610
9990 0 0 -0.000600
9995 0 0 -0.000569
10000 0 0 -0.000526
10005 0 0 -0.000480
10010 0 0 -0.000443
10015 0 0 -0.000431
10020 0 0 -0.000460
10025 0 0 -0.000535
10030 0 0 -0.000613
10035 0 0 -0.000640
10040 0 0 -0.000580
10045 0 0 -0.000473
10050 0 0 -0.000380
10055 0 0 -0.000345
10060 0 0 -0.000360
10065 0 0 -0.000400
10070 0 0 -0.000442
10075 0 0 -0.000464
