     0  0.000e+00  0.000e+00 -1.189e-03
     5  0.000e+00  0.000e+00 -1.059e-03
    10  0.000e+00  0.000e+00 -9.308e-04
    15  0.000e+00  0.000e+00 -8.068e-04
    20  0.000e+00  0.000e+00 -6.878e-04
    25  0.000e+00  0.000e+00 -5.753e-04
    30  0.000e+00  0.000e+00 -4.704e-04
    35  0.000e+00  0.000e+00 -3.742e-04
    40  0.000e+00  0.000e+00 -2.876e-04
    45  0.000e+00  0.000e+00 -2.116e-04
    50  0.000e+00  0.000e+00 -1.467e-04
    55  0.000e+00  0.000e+00 -9.344e-05
    60  0.000e+00  0.000e+00 -5.209e-05
    65  0.000e+00  0.000e+00 -2.280e-05
    70  0.000e+00  0.000e+00 -5.507e-06
    75  0.000e+00  0.000e+00 -2.335e-18
    80  0.000e+00  0.000e+00 -5.890e-06
    85  0.000e+00  0.000e+00 -2.264e-05
    90  0.000e+00  0.000e+00 -4.958e-05
    95  0.000e+00  0.000e+00 -8.590e-05
   100  0.000e+00  0.000e+00 -1.307e-04
   105  0.000e+00  0.000e+00 -1.831e-04
   110  0.000e+00  0.000e+00 -2.419e-04
   115  0.000e+00  0.000e+00 -3.061e-04
   120  0.000e+00  0.000e+00 -3.746e-04
   125  0.000e+00  0.000e+00 -4.462e-04
   130  0.000e+00  0.000e+00 -5.200e-04
   135  0.000e+00  0.000e+00 -5.949e-04
   140  0.000e+00  0.000e+00 -6.698e-04
   145  0.000e+00  0.000e+00 -7.440e-04
   150  0.000e+00  0.000e+00 -8.164e-04
   155  0.000e+00  0.000e+00 -8.865e-04
   160  0.000e+00  0.000e+00 -9.535e-04
   165  0.000e+00  0.000e+00 -1.017e-03
   170  0.000e+00  0.000e+00 -1.076e-03
   175  0.000e+00  0.000e+00 -1.131e-03
   180  0.000e+00  0.000e+00 -1.182e-03
   185  0.000e+00  0.000e+00 -1.227e-03
   190  0.000e+00  0.000e+00 -1.268e-03
   195  0.000e+00  0.000e+00 -1.304e-03
   200  0.000e+00  0.000e+00 -1.335e-03
   205  0.000e+00  0.000e+00 -1.361e-03
   210  0.000e+00  0.000e+00 -1.383e-03
   215  0.000e+00  0.000e+00 -1.400e-03
   220  0.000e+00  0.000e+00 -1.413e-03
   225  0.000e+00  0.000e+00 -1.422e-03
   230  0.000e+00  0.000e+00 -1.428e-03
   235  0.000e+00  0.000e+00 -1.429e-03
   240  0.000e+00  0.000e+00 -1.428e-03
   245  0.000e+00  0.000e+00 -1.423e-03
   250  0.000e+00  0.000e+00 -1.415e-03
   255  0.000e+00  0.000e+00 -1.403e-03
   260  0.000e+00  0.000e+00 -1.389e-03
   265  0.000e+00  0.000e+00 -1.373e-03
   270  0.000e+00  0.000e+00 -1.353e-03
   275  0.000e+00  0.000e+00 -1.331e-03
   280  0.000e+00  0.000e+00 -1.307e-03
   285  0.000e+00  0.000e+00 -1.280e-03
   290  0.000e+00  0.000e+00 -1.251e-03
   295  0.000e+00  0.000e+00 -1.220e-03
   300  0.000e+00  0.000e+00 -1.186e-03
   305  0.000e+00  0.000e+00 -1.151e-03
   310  0.000e+00  0.000e+00 -1.115e-03
   315  0.000e+00  0.000e+00 -1.077e-03
   320  0.000e+00  0.000e+00 -1.038e-03
   325  0.000e+00  0.000e+00 -9.988e-04
   330  0.000e+00  0.000e+00 -9.594e-04
   335  0.000e+00  0.000e+00 -9.204e-04
   340  0.000e+00  0.000e+00 -8.822e-04
   345  0.000e+00  0.000e+00 -8.453e-04
   350  0.000e+00  0.000e+00 -8.103e-04
   355  0.000e+00  0.000e+00 -7.778e-04
   360  0.000e+00  0.000e+00 -7.483e-04
   365  0.000e+00  0.000e+00 -7.222e-04
   370  0.000e+00  0.000e+00 -7.001e-04
   375  0.000e+00  0.000e+00 -6.824e-04
   380  0.000e+00  0.000e+00 -6.696e-04
   385  0.000e+00  0.000e+00 -6.618e-04
   390  0.000e+00  0.000e+00 -6.593e-04
   395  0.000e+00  0.000e+00 -6.623e-04
   400  0.000e+00  0.000e+00 -6.709e-04
   405  0.000e+00  0.000e+00 -6.848e-04
   410  0.000e+00  0.000e+00 -7.040e-04
   415  0.000e+00  0.000e+00 -7.281e-04
   420  0.000e+00  0.000e+00 -7.569e-04
   425  0.000e+00  0.000e+00 -7.896e-04
   430  0.000e+00  0.000e+00 -8.258e-04
   435  0.000e+00  0.000e+00 -8.648e-04
   440  0.000e+00  0.000e+00 -9.058e-04
   445  0.000e+00  0.000e+00 -9.479e-04
   450  0.000e+00  0.000e+00 -9.904e-04
   455  0.000e+00  0.000e+00 -1.032e-03
   460  0.000e+00  0.000e+00 -1.073e-03
   465  0.000e+00  0.000e+00 -1.111e-03
   470  0.000e+00  0.000e+00 -1.145e-03
   475  0.000e+00  0.000e+00 -1.176e-03
   480  0.000e+00  0.000e+00 -1.202e-03
   485  0.000e+00  0.000e+00 -1.222e-03
   490  0.000e+00  0.000e+00 -1.237e-03
   495  0.000e+00  0.000e+00 -1.245e-03
   500  0.000e+00  0.000e+00 -1.247e-03
   505  0.000e+00  0.000e+00 -1.242e-03
   510  0.000e+00  0.000e+00 -1.230e-03
   515  0.000e+00  0.000e+00 -1.211e-03
   520  0.000e+00  0.000e+00 -1.186e-03
   525  0.000e+00  0.000e+00 -1.155e-03
   530  0.000e+00  0.000e+00 -1.118e-03
   535  0.000e+00  0.000e+00 -1.077e-03
   540  0.000e+00  0.000e+00 -1.032e-03
   545  0.000e+00  0.000e+00 -9.843e-04
   550  0.000e+00  0.000e+00 -9.342e-04
   555  0.000e+00  0.000e+00 -8.831e-04
   560  0.000e+00  0.000e+00 -8.319e-04
   565  0.000e+00  0.000e+00 -7.818e-04
   570  0.000e+00  0.000e+00 -7.337e-04
   575  0.000e+00  0.000e+00 -6.887e-04
   580  0.000e+00  0.000e+00 -6.477e-04
   585  0.000e+00  0.000e+00 -6.117e-04
   590  0.000e+00  0.000e+00 -5.812e-04
   595  0.000e+00  0.000e+00 -5.572e-04
   600  0.000e+00  0.000e+00 -5.399e-04
   605  0.000e+00  0.000e+00 -5.300e-04
   610  0.000e+00  0.000e+00 -5.276e-04
   615  0.000e+00  0.000e+00 -5.329e-04
   620  0.000e+00  0.000e+00 -5.459e-04
   625  0.000e+00  0.000e+00 -5.662e-04
   630  0.000e+00  0.000e+00 -5.938e-04
   635  0.000e+00  0.000e+00 -6.281e-04
   640  0.000e+00  0.000e+00 -6.685e-04
   645  0.000e+00  0.000e+00 -7.144e-04
   650  0.000e+00  0.000e+00 -7.650e-04
   655  0.000e+00  0.000e+00 -8.195e-04
   660  0.000e+00  0.000e+00 -8.770e-04
   665  0.000e+00  0.000e+00 -9.365e-04
   670  0.000e+00  0.000e+00 -9.972e-04
   675  0.000e+00  0.000e+00 -1.058e-03
   680  0.000e+00  0.000e+00 -1.118e-03
   685  0.000e+00  0.000e+00 -1.177e-03
   690  0.000e+00  0.000e+00 -1.233e-03
   695  0.000e+00  0.000e+00 -1.286e-03
   700  0.000e+00  0.000e+00 -1.335e-03
   705  0.000e+00  0.000e+00 -1.379e-03
   710  0.000e+00  0.000e+00 -1.419e-03
   715  0.000e+00  0.000e+00 -1.454e-03
   720  0.000e+00  0.000e+00 -1.483e-03
   725  0.000e+00  0.000e+00 -1.507e-03
   730  0.000e+00  0.000e+00 -1.525e-03
   735  0.000e+00  0.000e+00 -1.537e-03
   740  0.000e+00  0.000e+00 -1.544e-03
   745  0.000e+00  0.000e+00 -1.547e-03
   750  0.000e+00  0.000e+00 -1.544e-03
   755  0.000e+00  0.000e+00 -1.538e-03
   760  0.000e+00  0.000e+00 -1.527e-03
   765  0.000e+00  0.000e+00 -1.514e-03
   770  0.000e+00  0.000e+00 -1.498e-03
   775  0.000e+00  0.000e+00 -1.480e-03
   780  0.000e+00  0.000e+00 -1.461e-03
   785  0.000e+00  0.000e+00 -1.441e-03
   790  0.000e+00  0.000e+00 -1.421e-03
   795  0.000e+00  0.000e+00 -1.401e-03
   800  0.000e+00  0.000e+00 -1.382e-03
   805  0.000e+00  0.000e+00 -1.364e-03
   810  0.000e+00  0.000e+00 -1.348e-03
   815  0.000e+00  0.000e+00 -1.334e-03
   820  0.000e+00  0.000e+00 -1.323e-03
   825  0.000e+00  0.000e+00 -1.314e-03
   830  0.000e+00  0.000e+00 -1.307e-03
   835  0.000e+00  0.000e+00 -1.304e-03
   840  0.000e+00  0.000e+00 -1.303e-03
   845  0.000e+00  0.000e+00 -1.305e-03
   850  0.000e+00  0.000e+00 -1.309e-03
   855  0.000e+00  0.000e+00 -1.316e-03
   860  0.000e+00  0.000e+00 -1.325e-03
   865  0.000e+00  0.000e+00 -1.336e-03
   870  0.000e+00  0.000e+00 -1.349e-03
   875  0.000e+00  0.000e+00 -1.363e-03
   880  0.000e+00  0.000e+00 -1.378e-03
   885  0.000e+00  0.000e+00 -1.393e-03
   890  0.000e+00  0.000e+00 -1.409e-03
   895  0.000e+00  0.000e+00 -1.425e-03
   900  0.000e+00  0.000e+00 -1.440e-03
   905  0.000e+00  0.000e+00 -1.455e-03
   910  0.000e+00  0.000e+00 -1.468e-03
   915  0.000e+00  0.000e+00 -1.479e-03
   920  0.000e+00  0.000e+00 -1.489e-03
   925  0.000e+00  0.000e+00 -1.496e-03
   930  0.000e+00  0.000e+00 -1.500e-03
   935  0.000e+00  0.000e+00 -1.502e-03
   940  0.000e+00  0.000e+00 -1.501e-03
   945  0.000e+00  0.000e+00 -1.496e-03
   950  0.000e+00  0.000e+00 -1.488e-03
   955  0.000e+00  0.000e+00 -1.476e-03
   960  0.000e+00  0.000e+00 -1.461e-03
   965  0.000e+00  0.000e+00 -1.442e-03
   970  0.000e+00  0.000e+00 -1.419e-03
   975  0.000e+00  0.000e+00 -1.393e-03
   980  0.000e+00  0.000e+00 -1.363e-03
   985  0.000e+00  0.000e+00 -1.329e-03
   990  0.000e+00  0.000e+00 -1.293e-03
   995  0.000e+00  0.000e+00 -1.253e-03
  1000  0.000e+00  0.000e+00 -1.210e-03
  1005  0.000e+00  0.000e+00 -1.165e-03
  1010  0.000e+00  0.000e+00 -1.119e-03
  1015  0.000e+00  0.000e+00 -1.070e-03
  1020  0.000e+00  0.000e+00 -1.020e-03
  1025  0.000e+00  0.000e+00 -9.701e-04
  1030  0.000e+00  0.000e+00 -9.196e-04
  1035  0.000e+00  0.000e+00 -8.696e-04
  1040  0.000e+00  0.000e+00 -8.205e-04
  1045  0.000e+00  0.000e+00 -7.729e-04
  1050  0.000e+00  0.000e+00 -7.274e-04
  1055  0.000e+00  0.000e+00 -6.846e-04
  1060  0.000e+00  0.000e+00 -6.450e-04
  1065  0.000e+00  0.000e+00 -6.090e-04
  1070  0.000e+00  0.000e+00 -5.773e-04
  1075  0.000e+00  0.000e+00 -5.502e-04
  1080  0.000e+00  0.000e+00 -5.281e-04
  1085  0.000e+00  0.000e+00 -5.113e-04
  1090  0.000e+00  0.000e+00 -5.001e-04
  1095  0.000e+00  0.000e+00 -4.947e-04
  1100  0.000e+00  0.000e+00 -4.953e-04
  1105  0.000e+00  0.000e+00 -5.017e-04
  1110  0.000e+00  0.000e+00 -5.142e-04
  1115  0.000e+00  0.000e+00 -5.324e-04
  1120  0.000e+00  0.000e+00 -5.562e-04
  1125  0.000e+00  0.000e+00 -5.854e-04
  1130  0.000e+00  0.000e+00 -6.197e-04
  1135  0.000e+00  0.000e+00 -6.585e-04
  1140  0.000e+00  0.000e+00 -7.017e-04
  1145  0.000e+00  0.000e+00 -7.485e-04
  1150  0.000e+00  0.000e+00 -7.986e-04
  1155  0.000e+00  0.000e+00 -8.514e-04
  1160  0.000e+00  0.000e+00 -9.064e-04
  1165  0.000e+00  0.000e+00 -9.630e-04
  1170  0.000e+00  0.000e+00 -1.021e-03
  1175  0.000e+00  0.000e+00 -1.079e-03
  1180  0.000e+00  0.000e+00 -1.138e-03
  1185  0.000e+00  0.000e+00 -1.196e-03
  1190  0.000e+00  0.000e+00 -1.254e-03
  1195  0.000e+00  0.000e+00 -1.311e-03
  1200  0.000e+00  0.000e+00 -1.367e-03
  1205  0.000e+00  0.000e+00 -1.421e-03
  1210  0.000e+00  0.000e+00 -1.474e-03
  1215  0.000e+00  0.000e+00 -1.526e-03
  1220  0.000e+00  0.000e+00 -1.577e-03
  1225  0.000e+00  0.000e+00 -1.626e-03
  1230  0.000e+00  0.000e+00 -1.674e-03
  1235  0.000e+00  0.000e+00 -1.721e-03
  1240  0.000e+00  0.000e+00 -1.768e-03
  1245  0.000e+00  0.000e+00 -1.814e-03
  1250  0.000e+00  0.000e+00 -1.859e-03
  1255  0.000e+00  0.000e+00 -1.905e-03
  1260  0.000e+00  0.000e+00 -1.950e-03
  1265  0.000e+00  0.000e+00 -1.996e-03
  1270  0.000e+00  0.000e+00 -2.042e-03
  1275  0.000e+00  0.000e+00 -2.089e-03
  1280  0.000e+00  0.000e+00 -2.135e-03
  1285  0.000e+00  0.000e+00 -2.182e-03
  1290  0.000e+00  0.000e+00 -2.230e-03
  1295  0.000e+00  0.000e+00 -2.276e-03
  1300  0.000e+00  0.000e+00 -2.323e-03
  1305  0.000e+00  0.000e+00 -2.368e-03
  1310  0.000e+00  0.000e+00 -2.411e-03
  1315  0.000e+00  0.000e+00 -2.453e-03
  1320  0.000e+00  0.000e+00 -2.491e-03
  1325  0.000e+00  0.000e+00 -2.526e-03
  1330  0.000e+00  0.000e+00 -2.556e-03
  1335  0.000e+00  0.000e+00 -2.581e-03
  1340  0.000e+00  0.000e+00 -2.600e-03
  1345  0.000e+00  0.000e+00 -2.612e-03
  1350  0.000e+00  0.000e+00 -2.617e-03
  1355  0.000e+00  0.000e+00 -2.614e-03
  1360  0.000e+00  0.000e+00 -2.601e-03
  1365  0.000e+00  0.000e+00 -2.579e-03
  1370  0.000e+00  0.000e+00 -2.548e-03
  1375  0.000e+00  0.000e+00 -2.506e-03
  1380  0.000e+00  0.000e+00 -2.454e-03
  1385  0.000e+00  0.000e+00 -2.392e-03
  1390  0.000e+00  0.000e+00 -2.320e-03
  1395  0.000e+00  0.000e+00 -2.238e-03
  1400  0.000e+00  0.000e+00 -2.146e-03
  1405  0.000e+00  0.000e+00 -2.046e-03
  1410  0.000e+00  0.000e+00 -1.939e-03
  1415  0.000e+00  0.000e+00 -1.824e-03
  1420  0.000e+00  0.000e+00 -1.704e-03
  1425  0.000e+00  0.000e+00 -1.578e-03
  1430  0.000e+00  0.000e+00 -1.450e-03
  1435  0.000e+00  0.000e+00 -1.320e-03
  1440  0.000e+00  0.000e+00 -1.189e-03
  1445  0.000e+00  0.000e+00 -1.059e-03
  1450  0.000e+00  0.000e+00 -9.308e-04
  1455  0.000e+00  0.000e+00 -8.068e-04
  1460  0.000e+00  0.000e+00 -6.878e-04
  1465  0.000e+00  0.000e+00 -5.753e-04
  1470  0.000e+00  0.000e+00 -4.704e-04
  1475  0.000e+00  0.000e+00 -3.742e-04
  1480  0.000e+00  0.000e+00 -2.876e-04
  1485  0.000e+00  0.000e+00 -2.116e-04
  1490  0.000e+00  0.000e+00 -1.467e-04
  1495  0.000e+00  0.000e+00 -9.344e-05
  1500  0.000e+00  0.000e+00 -5.209e-05
  1505  0.000e+00  0.000e+00 -2.280e-05
  1510  0.000e+00  0.000e+00 -5.507e-06
  1515  0.000e+00  0.000e+00 -2.335e-18
  1520  0.000e+00  0.000e+00 -5.890e-06
  1525  0.000e+00  0.000e+00 -2.264e-05
  1530  0.000e+00  0.000e+00 -4.958e-05
  1535  0.000e+00  0.000e+00 -8.590e-05
  1540  0.000e+00  0.000e+00 -1.307e-04
  1545  0.000e+00  0.000e+00 -1.831e-04
  1550  0.000e+00  0.000e+00 -2.419e-04
  1555  0.000e+00  0.000e+00 -3.061e-04
  1560  0.000e+00  0.000e+00 -3.746e-04
  1565  0.000e+00  0.000e+00 -4.462e-04
  1570  0.000e+00  0.000e+00 -5.200e-04
  1575  0.000e+00  0.000e+00 -5.949e-04
  1580  0.000e+00  0.000e+00 -6.698e-04
  1585  0.000e+00  0.000e+00 -7.440e-04
  1590  0.000e+00  0.000e+00 -8.164e-04
  1595  0.000e+00  0.000e+00 -8.865e-04
  1600  0.000e+00  0.000e+00 -9.535e-04
  1605  0.000e+00  0.000e+00 -1.017e-03
  1610  0.000e+00  0.000e+00 -1.076e-03
  1615  0.000e+00  0.000e+00 -1.131e-03
  1620  0.000e+00  0.000e+00 -1.182e-03
  1625  0.000e+00  0.000e+00 -1.227e-03
  1630  0.000e+00  0.000e+00 -1.268e-03
  1635  0.000e+00  0.000e+00 -1.304e-03
  1640  0.000e+00  0.000e+00 -1.335e-03
  1645  0.000e+00  0.000e+00 -1.361e-03
  1650  0.000e+00  0.000e+00 -1.383e-03
  1655  0.000e+00  0.000e+00 -1.400e-03
  1660  0.000e+00  0.000e+00 -1.413e-03
  1665  0.000e+00  0.000e+00 -1.422e-03
  1670  0.000e+00  0.000e+00 -1.428e-03
  1675  0.000e+00  0.000e+00 -1.429e-03
  1680  0.000e+00  0.000e+00 -1.428e-03
  1685  0.000e+00  0.000e+00 -1.423e-03
  1690  0.000e+00  0.000e+00 -1.415e-03
  1695  0.000e+00  0.000e+00 -1.403e-03
  1700  0.000e+00  0.000e+00 -1.389e-03
  1705  0.000e+00  0.000e+00 -1.373e-03
  1710  0.000e+00  0.000e+00 -1.353e-03
  1715  0.000e+00  0.000e+00 -1.331e-03
  1720  0.000e+00  0.000e+00 -1.307e-03
  1725  0.000e+00  0.000e+00 -1.280e-03
  1730  0.000e+00  0.000e+00 -1.251e-03
  1735  0.000e+00  0.000e+00 -1.220e-03
  1740  0.000e+00  0.000e+00 -1.186e-03
  1745  0.000e+00  0.000e+00 -1.151e-03
  1750  0.000e+00  0.000e+00 -1.115e-03
  1755  0.000e+00  0.000e+00 -1.077e-03
  1760  0.000e+00  0.000e+00 -1.038e-03
  1765  0.000e+00  0.000e+00 -9.988e-04
  1770  0.000e+00  0.000e+00 -9.594e-04
  1775  0.000e+00  0.000e+00 -9.204e-04
  1780  0.000e+00  0.000e+00 -8.822e-04
  1785  0.000e+00  0.000e+00 -8.453e-04
  1790  0.000e+00  0.000e+00 -8.103e-04
  1795  0.000e+00  0.000e+00 -7.778e-04
  1800  0.000e+00  0.000e+00 -7.483e-04
  1805  0.000e+00  0.000e+00 -7.222e-04
  1810  0.000e+00  0.000e+00 -7.001e-04
  1815  0.000e+00  0.000e+00 -6.824e-04
  1820  0.000e+00  0.000e+00 -6.696e-04
  1825  0.000e+00  0.000e+00 -6.618e-04
  1830  0.000e+00  0.000e+00 -6.593e-04
  1835  0.000e+00  0.000e+00 -6.623e-04
  1840  0.000e+00  0.000e+00 -6.709e-04
  1845  0.000e+00  0.000e+00 -6.848e-04
  1850  0.000e+00  0.000e+00 -7.040e-04
  1855  0.000e+00  0.000e+00 -7.281e-04
  1860  0.000e+00  0.000e+00 -7.569e-04
  1865  0.000e+00  0.000e+00 -7.896e-04
  1870  0.000e+00  0.000e+00 -8.258e-04
  1875  0.000e+00  0.000e+00 -8.648e-04
  1880  0.000e+00  0.000e+00 -9.058e-04
  1885  0.000e+00  0.000e+00 -9.479e-04
  1890  0.000e+00  0.000e+00 -9.904e-04
  1895  0.000e+00  0.000e+00 -1.032e-03
  1900  0.000e+00  0.000e+00 -1.073e-03
  1905  0.000e+00  0.000e+00 -1.111e-03
  1910  0.000e+00  0.000e+00 -1.145e-03
  1915  0.000e+00  0.000e+00 -1.176e-03
  1920  0.000e+00  0.000e+00 -1.202e-03
  1925  0.000e+00  0.000e+00 -1.222e-03
  1930  0.000e+00  0.000e+00 -1.237e-03
  1935  0.000e+00  0.000e+00 -1.245e-03
  1940  0.000e+00  0.000e+00 -1.247e-03
  1945  0.000e+00  0.000e+00 -1.242e-03
  1950  0.000e+00  0.000e+00 -1.230e-03
  1955  0.000e+00  0.000e+00 -1.211e-03
  1960  0.000e+00  0.000e+00 -1.186e-03
  1965  0.000e+00  0.000e+00 -1.155e-03
  1970  0.000e+00  0.000e+00 -1.118e-03
  1975  0.000e+00  0.000e+00 -1.077e-03
  1980  0.000e+00  0.000e+00 -1.032e-03
  1985  0.000e+00  0.000e+00 -9.843e-04
  1990  0.000e+00  0.000e+00 -9.342e-04
  1995  0.000e+00  0.000e+00 -8.831e-04
  2000  0.000e+00  0.000e+00 -8.319e-04
  2005  0.000e+00  0.000e+00 -7.818e-04
  2010  0.000e+00  0.000e+00 -7.337e-04
  2015  0.000e+00  0.000e+00 -6.887e-04
  2020  0.000e+00  0.000e+00 -6.477e-04
  2025  0.000e+00  0.000e+00 -6.117e-04
  2030  0.000e+00  0.000e+00 -5.812e-04
  2035  0.000e+00  0.000e+00 -5.572e-04
  2040  0.000e+00  0.000e+00 -5.399e-04
  2045  0.000e+00  0.000e+00 -5.300e-04
  2050  0.000e+00  0.000e+00 -5.276e-04
  2055  0.000e+00  0.000e+00 -5.329e-04
  2060  0.000e+00  0.000e+00 -5.459e-04
  2065  0.000e+00  0.000e+00 -5.662e-04
  2070  0.000e+00  0.000e+00 -5.938e-04
  2075  0.000e+00  0.000e+00 -6.281e-04
  2080  0.000e+00  0.000e+00 -6.685e-04
  2085  0.000e+00  0.000e+00 -7.144e-04
  2090  0.000e+00  0.000e+00 -7.650e-04
  2095  0.000e+00  0.000e+00 -8.195e-04
  2100  0.000e+00  0.000e+00 -8.770e-04
  2105  0.000e+00  0.000e+00 -9.365e-04
  2110  0.000e+00  0.000e+00 -9.972e-04
  2115  0.000e+00  0.000e+00 -1.058e-03
  2120  0.000e+00  0.000e+00 -1.118e-03
  2125  0.000e+00  0.000e+00 -1.177e-03
  2130  0.000e+00  0.000e+00 -1.233e-03
  2135  0.000e+00  0.000e+00 -1.286e-03
  2140  0.000e+00  0.000e+00 -1.335e-03
  2145  0.000e+00  0.000e+00 -1.379e-03
  2150  0.000e+00  0.000e+00 -1.419e-03
  2155  0.000e+00  0.000e+00 -1.454e-03
  2160  0.000e+00  0.000e+00 -1.483e-03
  2165  0.000e+00  0.000e+00 -1.507e-03
  2170  0.000e+00  0.000e+00 -1.525e-03
  2175  0.000e+00  0.000e+00 -1.537e-03
  2180  0.000e+00  0.000e+00 -1.544e-03
  2185  0.000e+00  0.000e+00 -1.547e-03
  2190  0.000e+00  0.000e+00 -1.544e-03
  2195  0.000e+00  0.000e+00 -1.538e-03
  2200  0.000e+00  0.000e+00 -1.527e-03
  2205  0.000e+00  0.000e+00 -1.514e-03
  2210  0.000e+00  0.000e+00 -1.498e-03
  2215  0.000e+00  0.000e+00 -1.480e-03
  2220  0.000e+00  0.000e+00 -1.461e-03
  2225  0.000e+00  0.000e+00 -1.441e-03
  2230  0.000e+00  0.000e+00 -1.421e-03
  2235  0.000e+00  0.000e+00 -1.401e-03
  2240  0.000e+00  0.000e+00 -1.382e-03
  2245  0.000e+00  0.000e+00 -1.364e-03
  2250  0.000e+00  0.000e+00 -1.348e-03
  2255  0.000e+00  0.000e+00 -1.334e-03
  2260  0.000e+00  0.000e+00 -1.323e-03
  2265  0.000e+00  0.000e+00 -1.314e-03
  2270  0.000e+00  0.000e+00 -1.307e-03
  2275  0.000e+00  0.000e+00 -1.304e-03
  2280  0.000e+00  0.000e+00 -1.303e-03
  2285  0.000e+00  0.000e+00 -1.305e-03
  2290  0.000e+00  0.000e+00 -1.309e-03
  2295  0.000e+00  0.000e+00 -1.316e-03
  2300  0.000e+00  0.000e+00 -1.325e-03
  2305  0.000e+00  0.000e+00 -1.336e-03
  2310  0.000e+00  0.000e+00 -1.349e-03
  2315  0.000e+00  0.000e+00 -1.363e-03
  2320  0.000e+00  0.000e+00 -1.378e-03
  2325  0.000e+00  0.000e+00 -1.393e-03
  2330  0.000e+00  0.000e+00 -1.409e-03
  2335  0.000e+00  0.000e+00 -1.425e-03
  2340  0.000e+00  0.000e+00 -1.440e-03
  2345  0.000e+00  0.000e+00 -1.455e-03
  2350  0.000e+00  0.000e+00 -1.468e-03
  2355  0.000e+00  0.000e+00 -1.479e-03
  2360  0.000e+00  0.000e+00 -1.489e-03
  2365  0.000e+00  0.000e+00 -1.496e-03
  2370  0.000e+00  0.000e+00 -1.500e-03
  2375  0.000e+00  0.000e+00 -1.502e-03
  2380  0.000e+00  0.000e+00 -1.501e-03
  2385  0.000e+00  0.000e+00 -1.496e-03
  2390  0.000e+00  0.000e+00 -1.488e-03
  2395  0.000e+00  0.000e+00 -1.476e-03
  2400  0.000e+00  0.000e+00 -1.461e-03
  2405  0.000e+00  0.000e+00 -1.442e-03
  2410  0.000e+00  0.000e+00 -1.419e-03
  2415  0.000e+00  0.000e+00 -1.393e-03
  2420  0.000e+00  0.000e+00 -1.363e-03
  2425  0.000e+00  0.000e+00 -1.329e-03
  2430  0.000e+00  0.000e+00 -1.293e-03
  2435  0.000e+00  0.000e+00 -1.253e-03
  2440  0.000e+00  0.000e+00 -1.210e-03
  2445  0.000e+00  0.000e+00 -1.165e-03
  2450  0.000e+00  0.000e+00 -1.119e-03
  2455  0.000e+00  0.000e+00 -1.070e-03
  2460  0.000e+00  0.000e+00 -1.020e-03
  2465  0.000e+00  0.000e+00 -9.701e-04
  2470  0.000e+00  0.000e+00 -9.196e-04
  2475  0.000e+00  0.000e+00 -8.696e-04
  2480  0.000e+00  0.000e+00 -8.205e-04
  2485  0.000e+00  0.000e+00 -7.729e-04
  2490  0.000e+00  0.000e+00 -7.274e-04
  2495  0.000e+00  0.000e+00 -6.846e-04
  2500  0.000e+00  0.000e+00 -6.450e-04
  2505  0.000e+00  0.000e+00 -6.090e-04
  2510  0.000e+00  0.000e+00 -5.773e-04
  2515  0.000e+00  0.000e+00 -5.502e-04
  2520  0.000e+00  0.000e+00 -5.281e-04
  2525  0.000e+00  0.000e+00 -5.113e-04
  2530  0.000e+00  0.000e+00 -5.001e-04
  2535  0.000e+00  0.000e+00 -4.947e-04
  2540  0.000e+00  0.000e+00 -4.953e-04
  2545  0.000e+00  0.000e+00 -5.017e-04
  2550  0.000e+00  0.000e+00 -5.142e-04
  2555  0.000e+00  0.000e+00 -5.324e-04
  2560  0.000e+00  0.000e+00 -5.562e-04
  2565  0.000e+00  0.000e+00 -5.854e-04
  2570  0.000e+00  0.000e+00 -6.197e-04
  2575  0.000e+00  0.000e+00 -6.585e-04
  2580  0.000e+00  0.000e+00 -7.017e-04
  2585  0.000e+00  0.000e+00 -7.485e-04
  2590  0.000e+00  0.000e+00 -7.986e-04
  2595  0.000e+00  0.000e+00 -8.514e-04
  2600  0.000e+00  0.000e+00 -9.064e-04
  2605  0.000e+00  0.000e+00 -9.630e-04
  2610  0.000e+00  0.000e+00 -1.021e-03
  2615  0.000e+00  0.000e+00 -1.079e-03
  2620  0.000e+00  0.000e+00 -1.138e-03
  2625  0.000e+00  0.000e+00 -1.196e-03
  2630  0.000e+00  0.000e+00 -1.254e-03
  2635  0.000e+00  0.000e+00 -1.311e-03
  2640  0.000e+00  0.000e+00 -1.367e-03
  2645  0.000e+00  0.000e+00 -1.421e-03
  2650  0.000e+00  0.000e+00 -1.474e-03
  2655  0.000e+00  0.000e+00 -1.526e-03
  2660  0.000e+00  0.000e+00 -1.577e-03
  2665  0.000e+00  0.000e+00 -1.626e-03
  2670  0.000e+00  0.000e+00 -1.674e-03
  2675  0.000e+00  0.000e+00 -1.721e-03
  2680  0.000e+00  0.000e+00 -1.768e-03
  2685  0.000e+00  0.000e+00 -1.814e-03
  2690  0.000e+00  0.000e+00 -1.859e-03
  2695  0.000e+00  0.000e+00 -1.905e-03
  2700  0.000e+00  0.000e+00 -1.950e-03
  2705  0.000e+00  0.000e+00 -1.996e-03
  2710  0.000e+00  0.000e+00 -2.042e-03
  2715  0.000e+00  0.000e+00 -2.089e-03
  2720  0.000e+00  0.000e+00 -2.135e-03
  2725  0.000e+00  0.000e+00 -2.182e-03
  2730  0.000e+00  0.000e+00 -2.230e-03
  2735  0.000e+00  0.000e+00 -2.276e-03
  2740  0.000e+00  0.000e+00 -2.323e-03
  2745  0.000e+00  0.000e+00 -2.368e-03
  2750  0.000e+00  0.000e+00 -2.411e-03
  2755  0.000e+00  0.000e+00 -2.453e-03
  2760  0.000e+00  0.000e+00 -2.491e-03
  2765  0.000e+00  0.000e+00 -2.526e-03
  2770  0.000e+00  0.000e+00 -2.556e-03
  2775  0.000e+00  0.000e+00 -2.581e-03
  2780  0.000e+00  0.000e+00 -2.600e-03
  2785  0.000e+00  0.000e+00 -2.612e-03
  2790  0.000e+00  0.000e+00 -2.617e-03
  2795  0.000e+00  0.000e+00 -2.614e-03
  2800  0.000e+00  0.000e+00 -2.601e-03
  2805  0.000e+00  0.000e+00 -2.579e-03
  2810  0.000e+00  0.000e+00 -2.548e-03
  2815  0.000e+00  0.000e+00 -2.506e-03
  2820  0.000e+00  0.000e+00 -2.454e-03
  2825  0.000e+00  0.000e+00 -2.392e-03
  2830  0.000e+00  0.000e+00 -2.320e-03
  2835  0.000e+00  0.000e+00 -2.238e-03
  2840  0.000e+00  0.000e+00 -2.146e-03
  2845  0.000e+00  0.000e+00 -2.046e-03
  2850  0.000e+00  0.000e+00 -1.939e-03
  2855  0.000e+00  0.000e+00 -1.824e-03
  2860  0.000e+00  0.000e+00 -1.704e-03
  2865  0.000e+00  0.000e+00 -1.578e-03
  2870  0.000e+00  0.000e+00 -1.450e-03
  2875  0.000e+00  0.000e+00 -1.320e-03
  2880  0.000e+00  0.000e+00 -1.189e-03
  2885  0.000e+00  0.000e+00 -1.059e-03
  2890  0.000e+00  0.000e+00 -9.308e-04
  2895  0.000e+00  0.000e+00 -8.068e-04
  2900  0.000e+00  0.000e+00 -6.878e-04
  2905  0.000e+00  0.000e+00 -5.753e-04
  2910  0.000e+00  0.000e+00 -4.704e-04
  2915  0.000e+00  0.000e+00 -3.742e-04
  2920  0.000e+00  0.000e+00 -2.876e-04
  2925  0.000e+00  0.000e+00 -2.116e-04
  2930  0.000e+00  0.000e+00 -1.467e-04
  2935  0.000e+00  0.000e+00 -9.344e-05
  2940  0.000e+00  0.000e+00 -5.209e-05
  2945  0.000e+00  0.000e+00 -2.280e-05
  2950  0.000e+00  0.000e+00 -5.507e-06
  2955  0.000e+00  0.000e+00 -3.891e-18
  2960  0.000e+00  0.000e+00 -5.890e-06
  2965  0.000e+00  0.000e+00 -2.264e-05
  2970  0.000e+00  0.000e+00 -4.958e-05
  2975  0.000e+00  0.000e+00 -8.590e-05
  2980  0.000e+00  0.000e+00 -1.307e-04
  2985  0.000e+00  0.000e+00 -1.831e-04
  2990  0.000e+00  0.000e+00 -2.419e-04
  2995  0.000e+00  0.000e+00 -3.061e-04
  3000  0.000e+00  0.000e+00 -3.746e-04
  3005  0.000e+00  0.000e+00 -4.462e-04
  3010  0.000e+00  0.000e+00 -5.200e-04
  3015  0.000e+00  0.000e+00 -5.949e-04
  3020  0.000e+00  0.000e+00 -6.698e-04
  3025  0.000e+00  0.000e+00 -7.440e-04
  3030  0.000e+00  0.000e+00 -8.164e-04
  3035  0.000e+00  0.000e+00 -8.865e-04
  3040  0.000e+00  0.000e+00 -9.535e-04
  3045  0.000e+00  0.000e+00 -1.017e-03
  3050  0.000e+00  0.000e+00 -1.076e-03
  3055  0.000e+00  0.000e+00 -1.131e-03
  3060  0.000e+00  0.000e+00 -1.182e-03
  3065  0.000e+00  0.000e+00 -1.227e-03
  3070  0.000e+00  0.000e+00 -1.268e-03
  3075  0.000e+00  0.000e+00 -1.304e-03
  3080  0.000e+00  0.000e+00 -1.335e-03
  3085  0.000e+00  0.000e+00 -1.361e-03
  3090  0.000e+00  0.000e+00 -1.383e-03
  3095  0.000e+00  0.000e+00 -1.400e-03
  3100  0.000e+00  0.000e+00 -1.413e-03
  3105  0.000e+00  0.000e+00 -1.422e-03
  3110  0.000e+00  0.000e+00 -1.428e-03
  3115  0.000e+00  0.000e+00 -1.429e-03
  3120  0.000e+00  0.000e+00 -1.428e-03
  3125  0.000e+00  0.000e+00 -1.423e-03
  3130  0.000e+00  0.000e+00 -1.415e-03
  3135  0.000e+00  0.000e+00 -1.403e-03
  3140  0.000e+00  0.000e+00 -1.389e-03
  3145  0.000e+00  0.000e+00 -1.373e-03
  3150  0.000e+00  0.000e+00 -1.353e-03
  3155  0.000e+00  0.000e+00 -1.331e-03
  3160  0.000e+00  0.000e+00 -1.307e-03
  3165  0.000e+00  0.000e+00 -1.280e-03
  3170  0.000e+00  0.000e+00 -1.251e-03
  3175  0.000e+00  0.000e+00 -1.220e-03
  3180  0.000e+00  0.000e+00 -1.186e-03
  3185  0.000e+00  0.000e+00 -1.151e-03
  3190  0.000e+00  0.000e+00 -1.115e-03
  3195  0.000e+00  0.000e+00 -1.077e-03
  3200  0.000e+00  0.000e+00 -1.038e-03
  3205  0.000e+00  0.000e+00 -9.988e-04
  3210  0.000e+00  0.000e+00 -9.594e-04
  3215  0.000e+00  0.000e+00 -9.204e-04
  3220  0.000e+00  0.000e+00 -8.822e-04
  3225  0.000e+00  0.000e+00 -8.453e-04
  3230  0.000e+00  0.000e+00 -8.103e-04
  3235  0.000e+00  0.000e+00 -7.778e-04
  3240  0.000e+00  0.000e+00 -7.483e-04
  3245  0.000e+00  0.000e+00 -7.222e-04
  3250  0.000e+00  0.000e+00 -7.001e-04
  3255  0.000e+00  0.000e+00 -6.824e-04
  3260  0.000e+00  0.000e+00 -6.696e-04
  3265  0.000e+00  0.000e+00 -6.618e-04
  3270  0.000e+00  0.000e+00 -6.593e-04
  3275  0.000e+00  0.000e+00 -6.623e-04
  3280  0.000e+00  0.000e+00 -6.709e-04
  3285  0.000e+00  0.000e+00 -6.848e-04
  3290  0.000e+00  0.000e+00 -7.040e-04
  3295  0.000e+00  0.000e+00 -7.281e-04
  3300  0.000e+00  0.000e+00 -7.569e-04
  3305  0.000e+00  0.000e+00 -7.896e-04
  3310  0.000e+00  0.000e+00 -8.258e-04
  3315  0.000e+00  0.000e+00 -8.648e-04
  3320  0.000e+00  0.000e+00 -9.058e-04
  3325  0.000e+00  0.000e+00 -9.479e-04
  3330  0.000e+00  0.000e+00 -9.904e-04
  3335  0.000e+00  0.000e+00 -1.032e-03
  3340  0.000e+00  0.000e+00 -1.073e-03
  3345  0.000e+00  0.000e+00 -1.111e-03
  3350  0.000e+00  0.000e+00 -1.145e-03
  3355  0.000e+00  0.000e+00 -1.176e-03
  3360  0.000e+00  0.000e+00 -1.202e-03
  3365  0.000e+00  0.000e+00 -1.222e-03
  3370  0.000e+00  0.000e+00 -1.237e-03
  3375  0.000e+00  0.000e+00 -1.245e-03
  3380  0.000e+00  0.000e+00 -1.247e-03
  3385  0.000e+00  0.000e+00 -1.242e-03
  3390  0.000e+00  0.000e+00 -1.230e-03
  3395  0.000e+00  0.000e+00 -1.211e-03
  3400  0.000e+00  0.000e+00 -1.186e-03
  3405  0.000e+00  0.000e+00 -1.155e-03
  3410  0.000e+00  0.000e+00 -1.118e-03
  3415  0.000e+00  0.000e+00 -1.077e-03
  3420  0.000e+00  0.000e+00 -1.032e-03
  3425  0.000e+00  0.000e+00 -9.843e-04
  3430  0.000e+00  0.000e+00 -9.342e-04
  3435  0.000e+00  0.000e+00 -8.831e-04
  3440  0.000e+00  0.000e+00 -8.319e-04
  3445  0.000e+00  0.000e+00 -7.818e-04
  3450  0.000e+00  0.000e+00 -7.337e-04
  3455  0.000e+00  0.000e+00 -6.887e-04
  3460  0.000e+00  0.000e+00 -6.477e-04
  3465  0.000e+00  0.000e+00 -6.117e-04
  3470  0.000e+00  0.000e+00 -5.812e-04
  3475  0.000e+00  0.000e+00 -5.572e-04
  3480  0.000e+00  0.000e+00 -5.399e-04
  3485  0.000e+00  0.000e+00 -5.300e-04
  3490  0.000e+00  0.000e+00 -5.276e-04
  3495  0.000e+00  0.000e+00 -5.329e-04
  3500  0.000e+00  0.000e+00 -5.459e-04
  3505  0.000e+00  0.000e+00 -5.662e-04
  3510  0.000e+00  0.000e+00 -5.938e-04
  3515  0.000e+00  0.000e+00 -6.281e-04
  3520  0.000e+00  0.000e+00 -6.685e-04
  3525  0.000e+00  0.000e+00 -7.144e-04
  3530  0.000e+00  0.000e+00 -7.650e-04
  3535  0.000e+00  0.000e+00 -8.195e-04
  3540  0.000e+00  0.000e+00 -8.770e-04
  3545  0.000e+00  0.000e+00 -9.365e-04
  3550  0.000e+00  0.000e+00 -9.972e-04
  3555  0.000e+00  0.000e+00 -1.058e-03
  3560  0.000e+00  0.000e+00 -1.118e-03
  3565  0.000e+00  0.000e+00 -1.177e-03
  3570  0.000e+00  0.000e+00 -1.233e-03
  3575  0.000e+00  0.000e+00 -1.286e-03
  3580  0.000e+00  0.000e+00 -1.335e-03
  3585  0.000e+00  0.000e+00 -1.379e-03
  3590  0.000e+00  0.000e+00 -1.419e-03
  3595  0.000e+00  0.000e+00 -1.454e-03
  3600  0.000e+00  0.000e+00 -1.483e-03
  3605  0.000e+00  0.000e+00 -1.507e-03
  3610  0.000e+00  0.000e+00 -1.525e-03
  3615  0.000e+00  0.000e+00 -1.537e-03
  3620  0.000e+00  0.000e+00 -1.544e-03
  3625  0.000e+00  0.000e+00 -1.547e-03
  3630  0.000e+00  0.000e+00 -1.544e-03
  3635  0.000e+00  0.000e+00 -1.538e-03
  3640  0.000e+00  0.000e+00 -1.527e-03
  3645  0.000e+00  0.000e+00 -1.514e-03
  3650  0.000e+00  0.000e+00 -1.498e-03
  3655  0.000e+00  0.000e+00 -1.480e-03
  3660  0.000e+00  0.000e+00 -1.461e-03
  3665  0.000e+00  0.000e+00 -1.441e-03
  3670  0.000e+00  0.000e+00 -1.421e-03
  3675  0.000e+00  0.000e+00 -1.401e-03
  3680  0.000e+00  0.000e+00 -1.382e-03
  3685  0.000e+00  0.000e+00 -1.364e-03
  3690  0.000e+00  0.000e+00 -1.348e-03
  3695  0.000e+00  0.000e+00 -1.334e-03
  3700  0.000e+00  0.000e+00 -1.323e-03
  3705  0.000e+00  0.000e+00 -1.314e-03
  3710  0.000e+00  0.000e+00 -1.307e-03
  3715  0.000e+00  0.000e+00 -1.304e-03
  3720  0.000e+00  0.000e+00 -1.303e-03
  3725  0.000e+00  0.000e+00 -1.305e-03
  3730  0.000e+00  0.000e+00 -1.309e-03
  3735  0.000e+00  0.000e+00 -1.316e-03
  3740  0.000e+00  0.000e+00 -1.325e-03
  3745  0.000e+00  0.000e+00 -1.336e-03
  3750  0.000e+00  0.000e+00 -1.349e-03
  3755  0.000e+00  0.000e+00 -1.363e-03
  3760  0.000e+00  0.000e+00 -1.378e-03
  3765  0.000e+00  0.000e+00 -1.393e-03
  3770  0.000e+00  0.000e+00 -1.409e-03
  3775  0.000e+00  0.000e+00 -1.425e-03
  3780  0.000e+00  0.000e+00 -1.440e-03
  3785  0.000e+00  0.000e+00 -1.455e-03
  3790  0.000e+00  0.000e+00 -1.468e-03
  3795  0.000e+00  0.000e+00 -1.479e-03
  3800  0.000e+00  0.000e+00 -1.489e-03
  3805  0.000e+00  0.000e+00 -1.496e-03
  3810  0.000e+00  0.000e+00 -1.500e-03
  3815  0.000e+00  0.000e+00 -1.502e-03
  3820  0.000e+00  0.000e+00 -1.501e-03
  3825  0.000e+00  0.000e+00 -1.496e-03
  3830  0.000e+00  0.000e+00 -1.488e-03
  3835  0.000e+00  0.000e+00 -1.476e-03
  3840  0.000e+00  0.000e+00 -1.461e-03
  3845  0.000e+00  0.000e+00 -1.442e-03
  3850  0.000e+00  0.000e+00 -1.419e-03
  3855  0.000e+00  0.000e+00 -1.393e-03
  3860  0.000e+00  0.000e+00 -1.363e-03
  3865  0.000e+00  0.000e+00 -1.329e-03
  3870  0.000e+00  0.000e+00 -1.293e-03
  3875  0.000e+00  0.000e+00 -1.253e-03
  3880  0.000e+00  0.000e+00 -1.210e-03
  3885  0.000e+00  0.000e+00 -1.165e-03
  3890  0.000e+00  0.000e+00 -1.119e-03
  3895  0.000e+00  0.000e+00 -1.070e-03
  3900  0.000e+00  0.000e+00 -1.020e-03
  3905  0.000e+00  0.000e+00 -9.701e-04
  3910  0.000e+00  0.000e+00 -9.196e-04
  3915  0.000e+00  0.000e+00 -8.696e-04
  3920  0.000e+00  0.000e+00 -8.205e-04
  3925  0.000e+00  0.000e+00 -7.729e-04
  3930  0.000e+00  0.000e+00 -7.274e-04
  3935  0.000e+00  0.000e+00 -6.846e-04
  3940  0.000e+00  0.000e+00 -6.450e-04
  3945  0.000e+00  0.000e+00 -6.090e-04
  3950  0.000e+00  0.000e+00 -5.773e-04
  3955  0.000e+00  0.000e+00 -5.502e-04
  3960  0.000e+00  0.000e+00 -5.281e-04
  3965  0.000e+00  0.000e+00 -5.113e-04
  3970  0.000e+00  0.000e+00 -5.001e-04
  3975  0.000e+00  0.000e+00 -4.947e-04
  3980  0.000e+00  0.000e+00 -4.953e-04
  3985  0.000e+00  0.000e+00 -5.017e-04
  3990  0.000e+00  0.000e+00 -5.142e-04
  3995  0.000e+00  0.000e+00 -5.324e-04
  4000  0.000e+00  0.000e+00 -5.562e-04
  4005  0.000e+00  0.000e+00 -5.854e-04
  4010  0.000e+00  0.000e+00 -6.197e-04
  4015  0.000e+00  0.000e+00 -6.585e-04
  4020  0.000e+00  0.000e+00 -7.017e-04
  4025  0.000e+00  0.000e+00 -7.485e-04
  4030  0.000e+00  0.000e+00 -7.986e-04
  4035  0.000e+00  0.000e+00 -8.514e-04
  4040  0.000e+00  0.000e+00 -9.064e-04
  4045  0.000e+00  0.000e+00 -9.630e-04
  4050  0.000e+00  0.000e+00 -1.021e-03
  4055  0.000e+00  0.000e+00 -1.079e-03
  4060  0.000e+00  0.000e+00 -1.138e-03
  4065  0.000e+00  0.000e+00 -1.196e-03
  4070  0.000e+00  0.000e+00 -1.254e-03
  4075  0.000e+00  0.000e+00 -1.311e-03
  4080  0.000e+00  0.000e+00 -1.367e-03
  4085  0.000e+00  0.000e+00 -1.421e-03
  4090  0.000e+00  0.000e+00 -1.474e-03
  4095  0.000e+00  0.000e+00 -1.526e-03
  4100  0.000e+00  0.000e+00 -1.577e-03
  4105  0.000e+00  0.000e+00 -1.626e-03
  4110  0.000e+00  0.000e+00 -1.674e-03
  4115  0.000e+00  0.000e+00 -1.721e-03
  4120  0.000e+00  0.000e+00 -1.768e-03
  4125  0.000e+00  0.000e+00 -1.814e-03
  4130  0.000e+00  0.000e+00 -1.859e-03
  4135  0.000e+00  0.000e+00 -1.905e-03
  4140  0.000e+00  0.000e+00 -1.950e-03
  4145  0.000e+00  0.000e+00 -1.996e-03
  4150  0.000e+00  0.000e+00 -2.042e-03
  4155  0.000e+00  0.000e+00 -2.089e-03
  4160  0.000e+00  0.000e+00 -2.135e-03
  4165  0.000e+00  0.000e+00 -2.182e-03
  4170  0.000e+00  0.000e+00 -2.230e-03
  4175  0.000e+00  0.000e+00 -2.276e-03
  4180  0.000e+00  0.000e+00 -2.323e-03
  4185  0.000e+00  0.000e+00 -2.368e-03
  4190  0.000e+00  0.000e+00 -2.411e-03
  4195  0.000e+00  0.000e+00 -2.453e-03
  4200  0.000e+00  0.000e+00 -2.491e-03
  4205  0.000e+00  0.000e+00 -2.526e-03
  4210  0.000e+00  0.000e+00 -2.556e-03
  4215  0.000e+00  0.000e+00 -2.581e-03
  4220  0.000e+00  0.000e+00 -2.600e-03
  4225  0.000e+00  0.000e+00 -2.612e-03
  4230  0.000e+00  0.000e+00 -2.617e-03
  4235  0.000e+00  0.000e+00 -2.614e-03
  4240  0.000e+00  0.000e+00 -2.601e-03
  4245  0.000e+00  0.000e+00 -2.579e-03
  4250  0.000e+00  0.000e+00 -2.548e-03
  4255  0.000e+00  0.000e+00 -2.506e-03
  4260  0.000e+00  0.000e+00 -2.454e-03
  4265  0.000e+00  0.000e+00 -2.392e-03
  4270  0.000e+00  0.000e+00 -2.320e-03
  4275  0.000e+00  0.000e+00 -2.238e-03
  4280  0.000e+00  0.000e+00 -2.146e-03
  4285  0.000e+00  0.000e+00 -2.046e-03
  4290  0.000e+00  0.000e+00 -1.939e-03
  4295  0.000e+00  0.000e+00 -1.824e-03
  4300  0.000e+00  0.000e+00 -1.704e-03
  4305  0.000e+00  0.000e+00 -1.578e-03
  4310  0.000e+00  0.000e+00 -1.450e-03
  4315  0.000e+00  0.000e+00 -1.320e-03
  4320  0.000e+00  0.000e+00 -1.189e-03
  4325  0.000e+00  0.000e+00 -1.059e-03
  4330  0.000e+00  0.000e+00 -9.308e-04
  4335  0.000e+00  0.000e+00 -8.068e-04
  4340  0.000e+00  0.000e+00 -6.878e-04
  4345  0.000e+00  0.000e+00 -5.753e-04
  4350  0.000e+00  0.000e+00 -4.704e-04
  4355  0.000e+00  0.000e+00 -3.742e-04
  4360  0.000e+00  0.000e+00 -2.876e-04
  4365  0.000e+00  0.000e+00 -2.116e-04
  4370  0.000e+00  0.000e+00 -1.467e-04
  4375  0.000e+00  0.000e+00 -9.344e-05
  4380  0.000e+00  0.000e+00 -5.209e-05
  4385  0.000e+00  0.000e+00 -2.280e-05
  4390  0.000e+00  0.000e+00 -5.507e-06
  4395  0.000e+00  0.000e+00 -4.929e-18
  4400  0.000e+00  0.000e+00 -5.890e-06
  4405  0.000e+00  0.000e+00 -2.264e-05
  4410  0.000e+00  0.000e+00 -4.958e-05
  4415  0.000e+00  0.000e+00 -8.590e-05
  4420  0.000e+00  0.000e+00 -1.307e-04
  4425  0.000e+00  0.000e+00 -1.831e-04
  4430  0.000e+00  0.000e+00 -2.419e-04
  4435  0.000e+00  0.000e+00 -3.061e-04
  4440  0.000e+00  0.000e+00 -3.746e-04
  4445  0.000e+00  0.000e+00 -4.462e-04
  4450  0.000e+00  0.000e+00 -5.200e-04
  4455  0.000e+00  0.000e+00 -5.949e-04
  4460  0.000e+00  0.000e+00 -6.698e-04
  4465  0.000e+00  0.000e+00 -7.440e-04
  4470  0.000e+00  0.000e+00 -8.164e-04
  4475  0.000e+00  0.000e+00 -8.865e-04
  4480  0.000e+00  0.000e+00 -9.535e-04
  4485  0.000e+00  0.000e+00 -1.017e-03
  4490  0.000e+00  0.000e+00 -1.076e-03
  4495  0.000e+00  0.000e+00 -1.131e-03
  4500  0.000e+00  0.000e+00 -1.182e-03
  4505  0.000e+00  0.000e+00 -1.227e-03
  4510  0.000e+00  0.000e+00 -1.268e-03
  4515  0.000e+00  0.000e+00 -1.304e-03
  4520  0.000e+00  0.000e+00 -1.335e-03
  4525  0.000e+00  0.000e+00 -1.361e-03
  4530  0.000e+00  0.000e+00 -1.383e-03
  4535  0.000e+00  0.000e+00 -1.400e-03
  4540  0.000e+00  0.000e+00 -1.413e-03
  4545  0.000e+00  0.000e+00 -1.422e-03
  4550  0.000e+00  0.000e+00 -1.428e-03
  4555  0.000e+00  0.000e+00 -1.429e-03
  4560  0.000e+00  0.000e+00 -1.428e-03
  4565  0.000e+00  0.000e+00 -1.423e-03
  4570  0.000e+00  0.000e+00 -1.415e-03
  4575  0.000e+00  0.000e+00 -1.403e-03
  4580  0.000e+00  0.000e+00 -1.389e-03
  4585  0.000e+00  0.000e+00 -1.373e-03
  4590  0.000e+00  0.000e+00 -1.353e-03
  4595  0.000e+00  0.000e+00 -1.331e-03
  4600  0.000e+00  0.000e+00 -1.307e-03
  4605  0.000e+00  0.000e+00 -1.280e-03
  4610  0.000e+00  0.000e+00 -1.251e-03
  4615  0.000e+00  0.000e+00 -1.220e-03
  4620  0.000e+00  0.000e+00 -1.186e-03
  4625  0.000e+00  0.000e+00 -1.151e-03
  4630  0.000e+00  0.000e+00 -1.115e-03
  4635  0.000e+00  0.000e+00 -1.077e-03
  4640  0.000e+00  0.000e+00 -1.038e-03
  4645  0.000e+00  0.000e+00 -9.988e-04
  4650  0.000e+00  0.000e+00 -9.594e-04
  4655  0.000e+00  0.000e+00 -9.204e-04
  4660  0.000e+00  0.000e+00 -8.822e-04
  4665  0.000e+00  0.000e+00 -8.453e-04
  4670  0.000e+00  0.000e+00 -8.103e-04
  4675  0.000e+00  0.000e+00 -7.778e-04
  4680  0.000e+00  0.000e+00 -7.483e-04
  4685  0.000e+00  0.000e+00 -7.222e-04
  4690  0.000e+00  0.000e+00 -7.001e-04
  4695  0.000e+00  0.000e+00 -6.824e-04
  4700  0.000e+00  0.000e+00 -6.696e-04
  4705  0.000e+00  0.000e+00 -6.618e-04
  4710  0.000e+00  0.000e+00 -6.593e-04
  4715  0.000e+00  0.000e+00 -6.623e-04
  4720  0.000e+00  0.000e+00 -6.709e-04
  4725  0.000e+00  0.000e+00 -6.848e-04
  4730  0.000e+00  0.000e+00 -7.040e-04
  4735  0.000e+00  0.000e+00 -7.281e-04
  4740  0.000e+00  0.000e+00 -7.569e-04
  4745  0.000e+00  0.000e+00 -7.896e-04
  4750  0.000e+00  0.000e+00 -8.258e-04
  4755  0.000e+00  0.000e+00 -8.648e-04
  4760  0.000e+00  0.000e+00 -9.058e-04
  4765  0.000e+00  0.000e+00 -9.479e-04
  4770  0.000e+00  0.000e+00 -9.904e-04
  4775  0.000e+00  0.000e+00 -1.032e-03
  4780  0.000e+00  0.000e+00 -1.073e-03
  4785  0.000e+00  0.000e+00 -1.111e-03
  4790  0.000e+00  0.000e+00 -1.145e-03
  4795  0.000e+00  0.000e+00 -1.176e-03
  4800  0.000e+00  0.000e+00 -1.202e-03
  4805  0.000e+00  0.000e+00 -1.222e-03
  4810  0.000e+00  0.000e+00 -1.237e-03
  4815  0.000e+00  0.000e+00 -1.245e-03
  4820  0.000e+00  0.000e+00 -1.247e-03
  4825  0.000e+00  0.000e+00 -1.242e-03
  4830  0.000e+00  0.000e+00 -1.230e-03
  4835  0.000e+00  0.000e+00 -1.211e-03
  4840  0.000e+00  0.000e+00 -1.186e-03
  4845  0.000e+00  0.000e+00 -1.155e-03
  4850  0.000e+00  0.000e+00 -1.118e-03
  4855  0.000e+00  0.000e+00 -1.077e-03
  4860  0.000e+00  0.000e+00 -1.032e-03
  4865  0.000e+00  0.000e+00 -9.843e-04
  4870  0.000e+00  0.000e+00 -9.342e-04
  4875  0.000e+00  0.000e+00 -8.831e-04
  4880  0.000e+00  0.000e+00 -8.319e-04
  4885  0.000e+00  0.000e+00 -7.818e-04
  4890  0.000e+00  0.000e+00 -7.337e-04
  4895  0.000e+00  0.000e+00 -6.887e-04
  4900  0.000e+00  0.000e+00 -6.477e-04
  4905  0.000e+00  0.000e+00 -6.117e-04
  4910  0.000e+00  0.000e+00 -5.812e-04
  4915  0.000e+00  0.000e+00 -5.572e-04
  4920  0.000e+00  0.000e+00 -5.399e-04
  4925  0.000e+00  0.000e+00 -5.300e-04
  4930  0.000e+00  0.000e+00 -5.276e-04
  4935  0.000e+00  0.000e+00 -5.329e-04
  4940  0.000e+00  0.000e+00 -5.459e-04
  4945  0.000e+00  0.000e+00 -5.662e-04
  4950  0.000e+00  0.000e+00 -5.938e-04
  4955  0.000e+00  0.000e+00 -6.281e-04
  4960  0.000e+00  0.000e+00 -6.685e-04
  4965  0.000e+00  0.000e+00 -7.144e-04
  4970  0.000e+00  0.000e+00 -7.650e-04
  4975  0.000e+00  0.000e+00 -8.195e-04
  4980  0.000e+00  0.000e+00 -8.770e-04
  4985  0.000e+00  0.000e+00 -9.365e-04
  4990  0.000e+00  0.000e+00 -9.972e-04
  4995  0.000e+00  0.000e+00 -1.058e-03
  5000  0.000e+00  0.000e+00 -1.118e-03
  5005  0.000e+00  0.000e+00 -1.177e-03
  5010  0.000e+00  0.000e+00 -1.233e-03
  5015  0.000e+00  0.000e+00 -1.286e-03
  5020  0.000e+00  0.000e+00 -1.335e-03
  5025  0.000e+00  0.000e+00 -1.379e-03
  5030  0.000e+00  0.000e+00 -1.419e-03
  5035  0.000e+00  0.000e+00 -1.454e-03
  5040  0.000e+00  0.000e+00 -1.483e-03
  5045  0.000e+00  0.000e+00 -1.507e-03
  5050  0.000e+00  0.000e+00 -1.525e-03
  5055  0.000e+00  0.000e+00 -1.537e-03
  5060  0.000e+00  0.000e+00 -1.544e-03
  5065  0.000e+00  0.000e+00 -1.547e-03
  5070  0.000e+00  0.000e+00 -1.544e-03
  5075  0.000e+00  0.000e+00 -1.538e-03
  5080  0.000e+00  0.000e+00 -1.527e-03
  5085  0.000e+00  0.000e+00 -1.514e-03
  5090  0.000e+00  0.000e+00 -1.498e-03
  5095  0.000e+00  0.000e+00 -1.480e-03
  5100  0.000e+00  0.000e+00 -1.461e-03
  5105  0.000e+00  0.000e+00 -1.441e-03
  5110  0.000e+00  0.000e+00 -1.421e-03
  5115  0.000e+00  0.000e+00 -1.401e-03
  5120  0.000e+00  0.000e+00 -1.382e-03
  5125  0.000e+00  0.000e+00 -1.364e-03
  5130  0.000e+00  0.000e+00 -1.348e-03
  5135  0.000e+00  0.000e+00 -1.334e-03
  5140  0.000e+00  0.000e+00 -1.323e-03
  5145  0.000e+00  0.000e+00 -1.314e-03
  5150  0.000e+00  0.000e+00 -1.307e-03
  5155  0.000e+00  0.000e+00 -1.304e-03
  5160  0.000e+00  0.000e+00 -1.303e-03
  5165  0.000e+00  0.000e+00 -1.305e-03
  5170  0.000e+00  0.000e+00 -1.309e-03
  5175  0.000e+00  0.000e+00 -1.316e-03
  5180  0.000e+00  0.000e+00 -1.325e-03
  5185  0.000e+00  0.000e+00 -1.336e-03
  5190  0.000e+00  0.000e+00 -1.349e-03
  5195  0.000e+00  0.000e+00 -1.363e-03
  5200  0.000e+00  0.000e+00 -1.378e-03
  5205  0.000e+00  0.000e+00 -1.393e-03
  5210  0.000e+00  0.000e+00 -1.409e-03
  5215  0.000e+00  0.000e+00 -1.425e-03
  5220  0.000e+00  0.000e+00 -1.440e-03
  5225  0.000e+00  0.000e+00 -1.455e-03
  5230  0.000e+00  0.000e+00 -1.468e-03
  5235  0.000e+00  0.000e+00 -1.479e-03
  5240  0.000e+00  0.000e+00 -1.489e-03
  5245  0.000e+00  0.000e+00 -1.496e-03
  5250  0.000e+00  0.000e+00 -1.500e-03
  5255  0.000e+00  0.000e+00 -1.502e-03
  5260  0.000e+00  0.000e+00 -1.501e-03
  5265  0.000e+00  0.000e+00 -1.496e-03
  5270  0.000e+00  0.000e+00 -1.488e-03
  5275  0.000e+00  0.000e+00 -1.476e-03
  5280  0.000e+00  0.000e+00 -1.461e-03
  5285  0.000e+00  0.000e+00 -1.442e-03
  5290  0.000e+00  0.000e+00 -1.419e-03
  5295  0.000e+00  0.000e+00 -1.393e-03
  5300  0.000e+00  0.000e+00 -1.363e-03
  5305  0.000e+00  0.000e+00 -1.329e-03
  5310  0.000e+00  0.000e+00 -1.293e-03
  5315  0.000e+00  0.000e+00 -1.253e-03
  5320  0.000e+00  0.000e+00 -1.210e-03
  5325  0.000e+00  0.000e+00 -1.165e-03
  5330  0.000e+00  0.000e+00 -1.119e-03
  5335  0.000e+00  0.000e+00 -1.070e-03
  5340  0.000e+00  0.000e+00 -1.020e-03
  5345  0.000e+00  0.000e+00 -9.701e-04
  5350  0.000e+00  0.000e+00 -9.196e-04
  5355  0.000e+00  0.000e+00 -8.696e-04
  5360  0.000e+00  0.000e+00 -8.205e-04
  5365  0.000e+00  0.000e+00 -7.729e-04
  5370  0.000e+00  0.000e+00 -7.274e-04
  5375  0.000e+00  0.000e+00 -6.846e-04
  5380  0.000e+00  0.000e+00 -6.450e-04
  5385  0.000e+00  0.000e+00 -6.090e-04
  5390  0.000e+00  0.000e+00 -5.773e-04
  5395  0.000e+00  0.000e+00 -5.502e-04
  5400  0.000e+00  0.000e+00 -5.281e-04
  5405  0.000e+00  0.000e+00 -5.113e-04
  5410  0.000e+00  0.000e+00 -5.001e-04
  5415  0.000e+00  0.000e+00 -4.947e-04
  5420  0.000e+00  0.000e+00 -4.953e-04
  5425  0.000e+00  0.000e+00 -5.017e-04
  5430  0.000e+00  0.000e+00 -5.142e-04
  5435  0.000e+00  0.000e+00 -5.324e-04
  5440  0.000e+00  0.000e+00 -5.562e-04
  5445  0.000e+00  0.000e+00 -5.854e-04
  5450  0.000e+00  0.000e+00 -6.197e-04
  5455  0.000e+00  0.000e+00 -6.585e-04
  5460  0.000e+00  0.000e+00 -7.017e-04
  5465  0.000e+00  0.000e+00 -7.485e-04
  5470  0.000e+00  0.000e+00 -7.986e-04
  5475  0.000e+00  0.000e+00 -8.514e-04
  5480  0.000e+00  0.000e+00 -9.064e-04
  5485  0.000e+00  0.000e+00 -9.630e-04
  5490  0.000e+00  0.000e+00 -1.021e-03
  5495  0.000e+00  0.000e+00 -1.079e-03
  5500  0.000e+00  0.000e+00 -1.138e-03
  5505  0.000e+00  0.000e+00 -1.196e-03
  5510  0.000e+00  0.000e+00 -1.254e-03
  5515  0.000e+00  0.000e+00 -1.311e-03
  5520  0.000e+00  0.000e+00 -1.367e-03
  5525  0.000e+00  0.000e+00 -1.421e-03
  5530  0.000e+00  0.000e+00 -1.474e-03
  5535  0.000e+00  0.000e+00 -1.526e-03
  5540  0.000e+00  0.000e+00 -1.577e-03
  5545  0.000e+00  0.000e+00 -1.626e-03
  5550  0.000e+00  0.000e+00 -1.674e-03
  5555  0.000e+00  0.000e+00 -1.721e-03
  5560  0.000e+00  0.000e+00 -1.768e-03
  5565  0.000e+00  0.000e+00 -1.814e-03
  5570  0.000e+00  0.000e+00 -1.859e-03
  5575  0.000e+00  0.000e+00 -1.905e-03
  5580  0.000e+00  0.000e+00 -1.950e-03
  5585  0.000e+00  0.000e+00 -1.996e-03
  5590  0.000e+00  0.000e+00 -2.042e-03
  5595  0.000e+00  0.000e+00 -2.089e-03
  5600  0.000e+00  0.000e+00 -2.135e-03
  5605  0.000e+00  0.000e+00 -2.182e-03
  5610  0.000e+00  0.000e+00 -2.230e-03
  5615  0.000e+00  0.000e+00 -2.276e-03
  5620  0.000e+00  0.000e+00 -2.323e-03
  5625  0.000e+00  0.000e+00 -2.368e-03
  5630  0.000e+00  0.000e+00 -2.411e-03
  5635  0.000e+00  0.000e+00 -2.453e-03
  5640  0.000e+00  0.000e+00 -2.491e-03
  5645  0.000e+00  0.000e+00 -2.526e-03
  5650  0.000e+00  0.000e+00 -2.556e-03
  5655  0.000e+00  0.000e+00 -2.581e-03
  5660  0.000e+00  0.000e+00 -2.600e-03
  5665  0.000e+00  0.000e+00 -2.612e-03
  5670  0.000e+00  0.000e+00 -2.617e-03
  5675  0.000e+00  0.000e+00 -2.614e-03
  5680  0.000e+00  0.000e+00 -2.601e-03
  5685  0.000e+00  0.000e+00 -2.579e-03
  5690  0.000e+00  0.000e+00 -2.548e-03
  5695  0.000e+00  0.000e+00 -2.506e-03
  5700  0.000e+00  0.000e+00 -2.454e-03
  5705  0.000e+00  0.000e+00 -2.392e-03
  5710  0.000e+00  0.000e+00 -2.320e-03
  5715  0.000e+00  0.000e+00 -2.238e-03
  5720  0.000e+00  0.000e+00 -2.146e-03
  5725  0.000e+00  0.000e+00 -2.046e-03
  5730  0.000e+00  0.000e+00 -1.939e-03
  5735  0.000e+00  0.000e+00 -1.824e-03
  5740  0.000e+00  0.000e+00 -1.704e-03
  5745  0.000e+00  0.000e+00 -1.578e-03
  5750  0.000e+00  0.000e+00 -1.450e-03
  5755  0.000e+00  0.000e+00 -1.320e-03
  5760  0.000e+00  0.000e+00 -1.189e-03
  5765  0.000e+00  0.000e+00 -1.059e-03
  5770  0.000e+00  0.000e+00 -9.308e-04
  5775  0.000e+00  0.000e+00 -8.068e-04
  5780  0.000e+00  0.000e+00 -6.878e-04
  5785  0.000e+00  0.000e+00 -5.753e-04
  5790  0.000e+00  0.000e+00 -4.704e-04
  5795  0.000e+00  0.000e+00 -3.742e-04
  5800  0.000e+00  0.000e+00 -2.876e-04
  5805  0.000e+00  0.000e+00 -2.116e-04
  5810  0.000e+00  0.000e+00 -1.467e-04
  5815  0.000e+00  0.000e+00 -9.344e-05
  5820  0.000e+00  0.000e+00 -5.209e-05
  5825  0.000e+00  0.000e+00 -2.280e-05
  5830  0.000e+00  0.000e+00 -5.507e-06
  5835  0.000e+00  0.000e+00 -2.335e-18
  5840  0.000e+00  0.000e+00 -5.890e-06
  5845  0.000e+00  0.000e+00 -2.264e-05
  5850  0.000e+00  0.000e+00 -4.958e-05
  5855  0.000e+00  0.000e+00 -8.590e-05
  5860  0.000e+00  0.000e+00 -1.307e-04
  5865  0.000e+00  0.000e+00 -1.831e-04
  5870  0.000e+00  0.000e+00 -2.419e-04
  5875  0.000e+00  0.000e+00 -3.061e-04
  5880  0.000e+00  0.000e+00 -3.746e-04
  5885  0.000e+00  0.000e+00 -4.462e-04
  5890  0.000e+00  0.000e+00 -5.200e-04
  5895  0.000e+00  0.000e+00 -5.949e-04
  5900  0.000e+00  0.000e+00 -6.698e-04
  5905  0.000e+00  0.000e+00 -7.440e-04
  5910  0.000e+00  0.000e+00 -8.164e-04
  5915  0.000e+00  0.000e+00 -8.865e-04
  5920  0.000e+00  0.000e+00 -9.535e-04
  5925  0.000e+00  0.000e+00 -1.017e-03
  5930  0.000e+00  0.000e+00 -1.076e-03
  5935  0.000e+00  0.000e+00 -1.131e-03
  5940  0.000e+00  0.000e+00 -1.182e-03
  5945  0.000e+00  0.000e+00 -1.227e-03
  5950  0.000e+00  0.000e+00 -1.268e-03
  5955  0.000e+00  0.000e+00 -1.304e-03
  5960  0.000e+00  0.000e+00 -1.335e-03
  5965  0.000e+00  0.000e+00 -1.361e-03
  5970  0.000e+00  0.000e+00 -1.383e-03
  5975  0.000e+00  0.000e+00 -1.400e-03
  5980  0.000e+00  0.000e+00 -1.413e-03
  5985  0.000e+00  0.000e+00 -1.422e-03
  5990  0.000e+00  0.000e+00 -1.428e-03
  5995  0.000e+00  0.000e+00 -1.429e-03
  6000  0.000e+00  0.000e+00 -1.428e-03
  6005  0.000e+00  0.000e+00 -1.423e-03
  6010  0.000e+00  0.000e+00 -1.415e-03
  6015  0.000e+00  0.000e+00 -1.403e-03
  6020  0.000e+00  0.000e+00 -1.389e-03
  6025  0.000e+00  0.000e+00 -1.373e-03
  6030  0.000e+00  0.000e+00 -1.353e-03
  6035  0.000e+00  0.000e+00 -1.331e-03
  6040  0.000e+00  0.000e+00 -1.307e-03
  6045  0.000e+00  0.000e+00 -1.280e-03
  6050  0.000e+00  0.000e+00 -1.251e-03
  6055  0.000e+00  0.000e+00 -1.220e-03
  6060  0.000e+00  0.000e+00 -1.186e-03
  6065  0.000e+00  0.000e+00 -1.151e-03
  6070  0.000e+00  0.000e+00 -1.115e-03
  6075  0.000e+00  0.000e+00 -1.077e-03
  6080  0.000e+00  0.000e+00 -1.038e-03
  6085  0.000e+00  0.000e+00 -9.988e-04
  6090  0.000e+00  0.000e+00 -9.594e-04
  6095  0.000e+00  0.000e+00 -9.204e-04
  6100  0.000e+00  0.000e+00 -8.822e-04
  6105  0.000e+00  0.000e+00 -8.453e-04
  6110  0.000e+00  0.000e+00 -8.103e-04
  6115  0.000e+00  0.000e+00 -7.778e-04
  6120  0.000e+00  0.000e+00 -7.483e-04
  6125  0.000e+00  0.000e+00 -7.222e-04
  6130  0.000e+00  0.000e+00 -7.001e-04
  6135  0.000e+00  0.000e+00 -6.824e-04
  6140  0.000e+00  0.000e+00 -6.696e-04
  6145  0.000e+00  0.000e+00 -6.618e-04
  6150  0.000e+00  0.000e+00 -6.593e-04
  6155  0.000e+00  0.000e+00 -6.623e-04
  6160  0.000e+00  0.000e+00 -6.709e-04
  6165  0.000e+00  0.000e+00 -6.848e-04
  6170  0.000e+00  0.000e+00 -7.040e-04
  6175  0.000e+00  0.000e+00 -7.281e-04
  6180  0.000e+00  0.000e+00 -7.569e-04
  6185  0.000e+00  0.000e+00 -7.896e-04
  6190  0.000e+00  0.000e+00 -8.258e-04
  6195  0.000e+00  0.000e+00 -8.648e-04
  6200  0.000e+00  0.000e+00 -9.058e-04
  6205  0.000e+00  0.000e+00 -9.479e-04
  6210  0.000e+00  0.000e+00 -9.904e-04
  6215  0.000e+00  0.000e+00 -1.032e-03
  6220  0.000e+00  0.000e+00 -1.073e-03
  6225  0.000e+00  0.000e+00 -1.111e-03
  6230  0.000e+00  0.000e+00 -1.145e-03
  6235  0.000e+00  0.000e+00 -1.176e-03
  6240  0.000e+00  0.000e+00 -1.202e-03
  6245  0.000e+00  0.000e+00 -1.222e-03
  6250  0.000e+00  0.000e+00 -1.237e-03
  6255  0.000e+00  0.000e+00 -1.245e-03
  6260  0.000e+00  0.000e+00 -1.247e-03
  6265  0.000e+00  0.000e+00 -1.242e-03
  6270  0.000e+00  0.000e+00 -1.230e-03
  6275  0.000e+00  0.000e+00 -1.211e-03
  6280  0.000e+00  0.000e+00 -1.186e-03
  6285  0.000e+00  0.000e+00 -1.155e-03
  6290  0.000e+00  0.000e+00 -1.118e-03
  6295  0.000e+00  0.000e+00 -1.077e-03
  6300  0.000e+00  0.000e+00 -1.032e-03
  6305  0.000e+00  0.000e+00 -9.843e-04
  6310  0.000e+00  0.000e+00 -9.342e-04
  6315  0.000e+00  0.000e+00 -8.831e-04
  6320  0.000e+00  0.000e+00 -8.319e-04
  6325  0.000e+00  0.000e+00 -7.818e-04
  6330  0.000e+00  0.000e+00 -7.337e-04
  6335  0.000e+00  0.000e+00 -6.887e-04
  6340  0.000e+00  0.000e+00 -6.477e-04
  6345  0.000e+00  0.000e+00 -6.117e-04
  6350  0.000e+00  0.000e+00 -5.812e-04
  6355  0.000e+00  0.000e+00 -5.572e-04
  6360  0.000e+00  0.000e+00 -5.399e-04
  6365  0.000e+00  0.000e+00 -5.300e-04
  6370  0.000e+00  0.000e+00 -5.276e-04
  6375  0.000e+00  0.000e+00 -5.329e-04
  6380  0.000e+00  0.000e+00 -5.459e-04
  6385  0.000e+00  0.000e+00 -5.662e-04
  6390  0.000e+00  0.000e+00 -5.938e-04
  6395  0.000e+00  0.000e+00 -6.281e-04
  6400  0.000e+00  0.000e+00 -6.685e-04
  6405  0.000e+00  0.000e+00 -7.144e-04
  6410  0.000e+00  0.000e+00 -7.650e-04
  6415  0.000e+00  0.000e+00 -8.195e-04
  6420  0.000e+00  0.000e+00 -8.770e-04
  6425  0.000e+00  0.000e+00 -9.365e-04
  6430  0.000e+00  0.000e+00 -9.972e-04
  6435  0.000e+00  0.000e+00 -1.058e-03
  6440  0.000e+00  0.000e+00 -1.118e-03
  6445  0.000e+00  0.000e+00 -1.177e-03
  6450  0.000e+00  0.000e+00 -1.233e-03
  6455  0.000e+00  0.000e+00 -1.286e-03
  6460  0.000e+00  0.000e+00 -1.335e-03
  6465  0.000e+00  0.000e+00 -1.379e-03
  6470  0.000e+00  0.000e+00 -1.419e-03
  6475  0.000e+00  0.000e+00 -1.454e-03
  6480  0.000e+00  0.000e+00 -1.483e-03
  6485  0.000e+00  0.000e+00 -1.507e-03
  6490  0.000e+00  0.000e+00 -1.525e-03
  6495  0.000e+00  0.000e+00 -1.537e-03
  6500  0.000e+00  0.000e+00 -1.544e-03
  6505  0.000e+00  0.000e+00 -1.547e-03
  6510  0.000e+00  0.000e+00 -1.544e-03
  6515  0.000e+00  0.000e+00 -1.538e-03
  6520  0.000e+00  0.000e+00 -1.527e-03
  6525  0.000e+00  0.000e+00 -1.514e-03
  6530  0.000e+00  0.000e+00 -1.498e-03
  6535  0.000e+00  0.000e+00 -1.480e-03
  6540  0.000e+00  0.000e+00 -1.461e-03
  6545  0.000e+00  0.000e+00 -1.441e-03
  6550  0.000e+00  0.000e+00 -1.421e-03
  6555  0.000e+00  0.000e+00 -1.401e-03
  6560  0.000e+00  0.000e+00 -1.382e-03
  6565  0.000e+00  0.000e+00 -1.364e-03
  6570  0.000e+00  0.000e+00 -1.348e-03
  6575  0.000e+00  0.000e+00 -1.334e-03
  6580  0.000e+00  0.000e+00 -1.323e-03
  6585  0.000e+00  0.000e+00 -1.314e-03
  6590  0.000e+00  0.000e+00 -1.307e-03
  6595  0.000e+00  0.000e+00 -1.304e-03
  6600  0.000e+00  0.000e+00 -1.303e-03
  6605  0.000e+00  0.000e+00 -1.305e-03
  6610  0.000e+00  0.000e+00 -1.309e-03
  6615  0.000e+00  0.000e+00 -1.316e-03
  6620  0.000e+00  0.000e+00 -1.325e-03
  6625  0.000e+00  0.000e+00 -1.336e-03
  6630  0.000e+00  0.000e+00 -1.349e-03
  6635  0.000e+00  0.000e+00 -1.363e-03
  6640  0.000e+00  0.000e+00 -1.378e-03
  6645  0.000e+00  0.000e+00 -1.393e-03
  6650  0.000e+00  0.000e+00 -1.409e-03
  6655  0.000e+00  0.000e+00 -1.425e-03
  6660  0.000e+00  0.000e+00 -1.440e-03
  6665  0.000e+00  0.000e+00 -1.455e-03
  6670  0.000e+00  0.000e+00 -1.468e-03
  6675  0.000e+00  0.000e+00 -1.479e-03
  6680  0.000e+00  0.000e+00 -1.489e-03
  6685  0.000e+00  0.000e+00 -1.496e-03
  6690  0.000e+00  0.000e+00 -1.500e-03
  6695  0.000e+00  0.000e+00 -1.502e-03
  6700  0.000e+00  0.000e+00 -1.501e-03
  6705  0.000e+00  0.000e+00 -1.496e-03
  6710  0.000e+00  0.000e+00 -1.488e-03
  6715  0.000e+00  0.000e+00 -1.476e-03
  6720  0.000e+00  0.000e+00 -1.461e-03
  6725  0.000e+00  0.000e+00 -1.442e-03
  6730  0.000e+00  0.000e+00 -1.419e-03
  6735  0.000e+00  0.000e+00 -1.393e-03
  6740  0.000e+00  0.000e+00 -1.363e-03
  6745  0.000e+00  0.000e+00 -1.329e-03
  6750  0.000e+00  0.000e+00 -1.293e-03
  6755  0.000e+00  0.000e+00 -1.253e-03
  6760  0.000e+00  0.000e+00 -1.210e-03
  6765  0.000e+00  0.000e+00 -1.165e-03
  6770  0.000e+00  0.000e+00 -1.119e-03
  6775  0.000e+00  0.000e+00 -1.070e-03
  6780  0.000e+00  0.000e+00 -1.020e-03
  6785  0.000e+00  0.000e+00 -9.701e-04
  6790  0.000e+00  0.000e+00 -9.196e-04
  6795  0.000e+00  0.000e+00 -8.696e-04
  6800  0.000e+00  0.000e+00 -8.205e-04
  6805  0.000e+00  0.000e+00 -7.729e-04
  6810  0.000e+00  0.000e+00 -7.274e-04
  6815  0.000e+00  0.000e+00 -6.846e-04
  6820  0.000e+00  0.000e+00 -6.450e-04
  6825  0.000e+00  0.000e+00 -6.090e-04
  6830  0.000e+00  0.000e+00 -5.773e-04
  6835  0.000e+00  0.000e+00 -5.502e-04
  6840  0.000e+00  0.000e+00 -5.281e-04
  6845  0.000e+00  0.000e+00 -5.113e-04
  6850  0.000e+00  0.000e+00 -5.001e-04
  6855  0.000e+00  0.000e+00 -4.947e-04
  6860  0.000e+00  0.000e+00 -4.953e-04
  6865  0.000e+00  0.000e+00 -5.017e-04
  6870  0.000e+00  0.000e+00 -5.142e-04
  6875  0.000e+00  0.000e+00 -5.324e-04
  6880  0.000e+00  0.000e+00 -5.562e-04
  6885  0.000e+00  0.000e+00 -5.854e-04
  6890  0.000e+00  0.000e+00 -6.197e-04
  6895  0.000e+00  0.000e+00 -6.585e-04
  6900  0.000e+00  0.000e+00 -7.017e-04
  6905  0.000e+00  0.000e+00 -7.485e-04
  6910  0.000e+00  0.000e+00 -7.986e-04
  6915  0.000e+00  0.000e+00 -8.514e-04
  6920  0.000e+00  0.000e+00 -9.064e-04
  6925  0.000e+00  0.000e+00 -9.630e-04
  6930  0.000e+00  0.000e+00 -1.021e-03
  6935  0.000e+00  0.000e+00 -1.079e-03
  6940  0.000e+00  0.000e+00 -1.138e-03
  6945  0.000e+00  0.000e+00 -1.196e-03
  6950  0.000e+00  0.000e+00 -1.254e-03
  6955  0.000e+00  0.000e+00 -1.311e-03
  6960  0.000e+00  0.000e+00 -1.367e-03
  6965  0.000e+00  0.000e+00 -1.421e-03
  6970  0.000e+00  0.000e+00 -1.474e-03
  6975  0.000e+00  0.000e+00 -1.526e-03
  6980  0.000e+00  0.000e+00 -1.577e-03
  6985  0.000e+00  0.000e+00 -1.626e-03
  6990  0.000e+00  0.000e+00 -1.674e-03
  6995  0.000e+00  0.000e+00 -1.721e-03
  7000  0.000e+00  0.000e+00 -1.768e-03
  7005  0.000e+00  0.000e+00 -1.814e-03
  7010  0.000e+00  0.000e+00 -1.859e-03
  7015  0.000e+00  0.000e+00 -1.905e-03
  7020  0.000e+00  0.000e+00 -1.950e-03
  7025  0.000e+00  0.000e+00 -1.996e-03
  7030  0.000e+00  0.000e+00 -2.042e-03
  7035  0.000e+00  0.000e+00 -2.089e-03
  7040  0.000e+00  0.000e+00 -2.135e-03
  7045  0.000e+00  0.000e+00 -2.182e-03
  7050  0.000e+00  0.000e+00 -2.230e-03
  7055  0.000e+00  0.000e+00 -2.276e-03
  7060  0.000e+00  0.000e+00 -2.323e-03
  7065  0.000e+00  0.000e+00 -2.368e-03
  7070  0.000e+00  0.000e+00 -2.411e-03
  7075  0.000e+00  0.000e+00 -2.453e-03
  7080  0.000e+00  0.000e+00 -2.491e-03
  7085  0.000e+00  0.000e+00 -2.526e-03
  7090  0.000e+00  0.000e+00 -2.556e-03
  7095  0.000e+00  0.000e+00 -2.581e-03
  7100  0.000e+00  0.000e+00 -2.600e-03
  7105  0.000e+00  0.000e+00 -2.612e-03
  7110  0.000e+00  0.000e+00 -2.617e-03
  7115  0.000e+00  0.000e+00 -2.614e-03
  7120  0.000e+00  0.000e+00 -2.601e-03
  7125  0.000e+00  0.000e+00 -2.579e-03
  7130  0.000e+00  0.000e+00 -2.548e-03
  7135  0.000e+00  0.000e+00 -2.506e-03
  7140  0.000e+00  0.000e+00 -2.454e-03
  7145  0.000e+00  0.000e+00 -2.392e-03
  7150  0.000e+00  0.000e+00 -2.320e-03
  7155  0.000e+00  0.000e+00 -2.238e-03
  7160  0.000e+00  0.000e+00 -2.146e-03
  7165  0.000e+00  0.000e+00 -2.046e-03
  7170  0.000e+00  0.000e+00 -1.939e-03
  7175  0.000e+00  0.000e+00 -1.824e-03
  7180  0.000e+00  0.000e+00 -1.704e-03
  7185  0.000e+00  0.000e+00 -1.578e-03
  7190  0.000e+00  0.000e+00 -1.450e-03
  7195  0.000e+00  0.000e+00 -1.320e-03
  7200  0.000e+00  0.000e+00 -1.189e-03
  7205  0.000e+00  0.000e+00 -1.059e-03
  7210  0.000e+00  0.000e+00 -9.308e-04
  7215  0.000e+00  0.000e+00 -8.068e-04
  7220  0.000e+00  0.000e+00 -6.878e-04
  7225  0.000e+00  0.000e+00 -5.753e-04
  7230  0.000e+00  0.000e+00 -4.704e-04
  7235  0.000e+00  0.000e+00 -3.742e-04
  7240  0.000e+00  0.000e+00 -2.876e-04
  7245  0.000e+00  0.000e+00 -2.116e-04
  7250  0.000e+00  0.000e+00 -1.467e-04
  7255  0.000e+00  0.000e+00 -9.344e-05
  7260  0.000e+00  0.000e+00 -5.209e-05
  7265  0.000e+00  0.000e+00 -2.280e-05
  7270  0.000e+00  0.000e+00 -5.507e-06
  7275  0.000e+00  0.000e+00 -3.891e-18
  7280  0.000e+00  0.000e+00 -5.890e-06
  7285  0.000e+00  0.000e+00 -2.264e-05
  7290  0.000e+00  0.000e+00 -4.958e-05
  7295  0.000e+00  0.000e+00 -8.590e-05
  7300  0.000e+00  0.000e+00 -1.307e-04
  7305  0.000e+00  0.000e+00 -1.831e-04
  7310  0.000e+00  0.000e+00 -2.419e-04
  7315  0.000e+00  0.000e+00 -3.061e-04
  7320  0.000e+00  0.000e+00 -3.746e-04
  7325  0.000e+00  0.000e+00 -4.462e-04
  7330  0.000e+00  0.000e+00 -5.200e-04
  7335  0.000e+00  0.000e+00 -5.949e-04
  7340  0.000e+00  0.000e+00 -6.698e-04
  7345  0.000e+00  0.000e+00 -7.440e-04
  7350  0.000e+00  0.000e+00 -8.164e-04
  7355  0.000e+00  0.000e+00 -8.865e-04
  7360  0.000e+00  0.000e+00 -9.535e-04
  7365  0.000e+00  0.000e+00 -1.017e-03
  7370  0.000e+00  0.000e+00 -1.076e-03
  7375  0.000e+00  0.000e+00 -1.131e-03
  7380  0.000e+00  0.000e+00 -1.182e-03
  7385  0.000e+00  0.000e+00 -1.227e-03
  7390  0.000e+00  0.000e+00 -1.268e-03
  7395  0.000e+00  0.000e+00 -1.304e-03
  7400  0.000e+00  0.000e+00 -1.335e-03
  7405  0.000e+00  0.000e+00 -1.361e-03
  7410  0.000e+00  0.000e+00 -1.383e-03
  7415  0.000e+00  0.000e+00 -1.400e-03
  7420  0.000e+00  0.000e+00 -1.413e-03
  7425  0.000e+00  0.000e+00 -1.422e-03
  7430  0.000e+00  0.000e+00 -1.428e-03
  7435  0.000e+00  0.000e+00 -1.429e-03
  7440  0.000e+00  0.000e+00 -1.428e-03
  7445  0.000e+00  0.000e+00 -1.423e-03
  7450  0.000e+00  0.000e+00 -1.415e-03
  7455  0.000e+00  0.000e+00 -1.403e-03
  7460  0.000e+00  0.000e+00 -1.389e-03
  7465  0.000e+00  0.000e+00 -1.373e-03
  7470  0.000e+00  0.000e+00 -1.353e-03
  7475  0.000e+00  0.000e+00 -1.331e-03
  7480  0.000e+00  0.000e+00 -1.307e-03
  7485  0.000e+00  0.000e+00 -1.280e-03
  7490  0.000e+00  0.000e+00 -1.251e-03
  7495  0.000e+00  0.000e+00 -1.220e-03
  7500  0.000e+00  0.000e+00 -1.186e-03
  7505  0.000e+00  0.000e+00 -1.151e-03
  7510  0.000e+00  0.000e+00 -1.115e-03
  7515  0.000e+00  0.000e+00 -1.077e-03
  7520  0.000e+00  0.000e+00 -1.038e-03
  7525  0.000e+00  0.000e+00 -9.988e-04
  7530  0.000e+00  0.000e+00 -9.594e-04
  7535  0.000e+00  0.000e+00 -9.204e-04
  7540  0.000e+00  0.000e+00 -8.822e-04
  7545  0.000e+00  0.000e+00 -8.453e-04
  7550  0.000e+00  0.000e+00 -8.103e-04
  7555  0.000e+00  0.000e+00 -7.778e-04
  7560  0.000e+00  0.000e+00 -7.483e-04
  7565  0.000e+00  0.000e+00 -7.222e-04
  7570  0.000e+00  0.000e+00 -7.001e-04
  7575  0.000e+00  0.000e+00 -6.824e-04
  7580  0.000e+00  0.000e+00 -6.696e-04
  7585  0.000e+00  0.000e+00 -6.618e-04
  7590  0.000e+00  0.000e+00 -6.593e-04
  7595  0.000e+00  0.000e+00 -6.623e-04
  7600  0.000e+00  0.000e+00 -6.709e-04
  7605  0.000e+00  0.000e+00 -6.848e-04
  7610  0.000e+00  0.000e+00 -7.040e-04
  7615  0.000e+00  0.000e+00 -7.281e-04
  7620  0.000e+00  0.000e+00 -7.569e-04
  7625  0.000e+00  0.000e+00 -7.896e-04
  7630  0.000e+00  0.000e+00 -8.258e-04
  7635  0.000e+00  0.000e+00 -8.648e-04
  7640  0.000e+00  0.000e+00 -9.058e-04
  7645  0.000e+00  0.000e+00 -9.479e-04
  7650  0.000e+00  0.000e+00 -9.904e-04
  7655  0.000e+00  0.000e+00 -1.032e-03
  7660  0.000e+00  0.000e+00 -1.073e-03
  7665  0.000e+00  0.000e+00 -1.111e-03
  7670  0.000e+00  0.000e+00 -1.145e-03
  7675  0.000e+00  0.000e+00 -1.176e-03
  7680  0.000e+00  0.000e+00 -1.202e-03
  7685  0.000e+00  0.000e+00 -1.222e-03
  7690  0.000e+00  0.000e+00 -1.237e-03
  7695  0.000e+00  0.000e+00 -1.245e-03
  7700  0.000e+00  0.000e+00 -1.247e-03
  7705  0.000e+00  0.000e+00 -1.242e-03
  7710  0.000e+00  0.000e+00 -1.230e-03
  7715  0.000e+00  0.000e+00 -1.211e-03
  7720  0.000e+00  0.000e+00 -1.186e-03
  7725  0.000e+00  0.000e+00 -1.155e-03
  7730  0.000e+00  0.000e+00 -1.118e-03
  7735  0.000e+00  0.000e+00 -1.077e-03
  7740  0.000e+00  0.000e+00 -1.032e-03
  7745  0.000e+00  0.000e+00 -9.843e-04
  7750  0.000e+00  0.000e+00 -9.342e-04
  7755  0.000e+00  0.000e+00 -8.831e-04
  7760  0.000e+00  0.000e+00 -8.319e-04
  7765  0.000e+00  0.000e+00 -7.818e-04
  7770  0.000e+00  0.000e+00 -7.337e-04
  7775  0.000e+00  0.000e+00 -6.887e-04
  7780  0.000e+00  0.000e+00 -6.477e-04
  7785  0.000e+00  0.000e+00 -6.117e-04
  7790  0.000e+00  0.000e+00 -5.812e-04
  7795  0.000e+00  0.000e+00 -5.572e-04
  7800  0.000e+00  0.000e+00 -5.399e-04
  7805  0.000e+00  0.000e+00 -5.300e-04
  7810  0.000e+00  0.000e+00 -5.276e-04
  7815  0.000e+00  0.000e+00 -5.329e-04
  7820  0.000e+00  0.000e+00 -5.459e-04
  7825  0.000e+00  0.000e+00 -5.662e-04
  7830  0.000e+00  0.000e+00 -5.938e-04
  7835  0.000e+00  0.000e+00 -6.281e-04
  7840  0.000e+00  0.000e+00 -6.685e-04
  7845  0.000e+00  0.000e+00 -7.144e-04
  7850  0.000e+00  0.000e+00 -7.650e-04
  7855  0.000e+00  0.000e+00 -8.195e-04
  7860  0.000e+00  0.000e+00 -8.770e-04
  7865  0.000e+00  0.000e+00 -9.365e-04
  7870  0.000e+00  0.000e+00 -9.972e-04
  7875  0.000e+00  0.000e+00 -1.058e-03
  7880  0.000e+00  0.000e+00 -1.118e-03
  7885  0.000e+00  0.000e+00 -1.177e-03
  7890  0.000e+00  0.000e+00 -1.233e-03
  7895  0.000e+00  0.000e+00 -1.286e-03
  7900  0.000e+00  0.000e+00 -1.335e-03
  7905  0.000e+00  0.000e+00 -1.379e-03
  7910  0.000e+00  0.000e+00 -1.419e-03
  7915  0.000e+00  0.000e+00 -1.454e-03
  7920  0.000e+00  0.000e+00 -1.483e-03
  7925  0.000e+00  0.000e+00 -1.507e-03
  7930  0.000e+00  0.000e+00 -1.525e-03
  7935  0.000e+00  0.000e+00 -1.537e-03
  7940  0.000e+00  0.000e+00 -1.544e-03
  7945  0.000e+00  0.000e+00 -1.547e-03
  7950  0.000e+00  0.000e+00 -1.544e-03
  7955  0.000e+00  0.000e+00 -1.538e-03
  7960  0.000e+00  0.000e+00 -1.527e-03
  7965  0.000e+00  0.000e+00 -1.514e-03
  7970  0.000e+00  0.000e+00 -1.498e-03
  7975  0.000e+00  0.000e+00 -1.480e-03
  7980  0.000e+00  0.000e+00 -1.461e-03
  7985  0.000e+00  0.000e+00 -1.441e-03
  7990  0.000e+00  0.000e+00 -1.421e-03
  7995  0.000e+00  0.000e+00 -1.401e-03
  8000  0.000e+00  0.000e+00 -1.382e-03
  8005  0.000e+00  0.000e+00 -1.364e-03
  8010  0.000e+00  0.000e+00 -1.348e-03
  8015  0.000e+00  0.000e+00 -1.334e-03
  8020  0.000e+00  0.000e+00 -1.323e-03
  8025  0.000e+00  0.000e+00 -1.314e-03
  8030  0.000e+00  0.000e+00 -1.307e-03
  8035  0.000e+00  0.000e+00 -1.304e-03
  8040  0.000e+00  0.000e+00 -1.303e-03
  8045  0.000e+00  0.000e+00 -1.305e-03
  8050  0.000e+00  0.000e+00 -1.309e-03
  8055  0.000e+00  0.000e+00 -1.316e-03
  8060  0.000e+00  0.000e+00 -1.325e-03
  8065  0.000e+00  0.000e+00 -1.336e-03
  8070  0.000e+00  0.000e+00 -1.349e-03
  8075  0.000e+00  0.000e+00 -1.363e-03
  8080  0.000e+00  0.000e+00 -1.378e-03
  8085  0.000e+00  0.000e+00 -1.393e-03
  8090  0.000e+00  0.000e+00 -1.409e-03
  8095  0.000e+00  0.000e+00 -1.425e-03
  8100  0.000e+00  0.000e+00 -1.440e-03
  8105  0.000e+00  0.000e+00 -1.455e-03
  8110  0.000e+00  0.000e+00 -1.468e-03
  8115  0.000e+00  0.000e+00 -1.479e-03
  8120  0.000e+00  0.000e+00 -1.489e-03
  8125  0.000e+00  0.000e+00 -1.496e-03
  8130  0.000e+00  0.000e+00 -1.500e-03
  8135  0.000e+00  0.000e+00 -1.502e-03
  8140  0.000e+00  0.000e+00 -1.501e-03
  8145  0.000e+00  0.000e+00 -1.496e-03
  8150  0.000e+00  0.000e+00 -1.488e-03
  8155  0.000e+00  0.000e+00 -1.476e-03
  8160  0.000e+00  0.000e+00 -1.461e-03
  8165  0.000e+00  0.000e+00 -1.442e-03
  8170  0.000e+00  0.000e+00 -1.419e-03
  8175  0.000e+00  0.000e+00 -1.393e-03
  8180  0.000e+00  0.000e+00 -1.363e-03
  8185  0.000e+00  0.000e+00 -1.329e-03
  8190  0.000e+00  0.000e+00 -1.293e-03
  8195  0.000e+00  0.000e+00 -1.253e-03
  8200  0.000e+00  0.000e+00 -1.210e-03
  8205  0.000e+00  0.000e+00 -1.165e-03
  8210  0.000e+00  0.000e+00 -1.119e-03
  8215  0.000e+00  0.000e+00 -1.070e-03
  8220  0.000e+00  0.000e+00 -1.020e-03
  8225  0.000e+00  0.000e+00 -9.701e-04
  8230  0.000e+00  0.000e+00 -9.196e-04
  8235  0.000e+00  0.000e+00 -8.696e-04
  8240  0.000e+00  0.000e+00 -8.205e-04
  8245  0.000e+00  0.000e+00 -7.729e-04
  8250  0.000e+00  0.000e+00 -7.274e-04
  8255  0.000e+00  0.000e+00 -6.846e-04
  8260  0.000e+00  0.000e+00 -6.450e-04
  8265  0.000e+00  0.000e+00 -6.090e-04
  8270  0.000e+00  0.000e+00 -5.773e-04
  8275  0.000e+00  0.000e+00 -5.502e-04
  8280  0.000e+00  0.000e+00 -5.281e-04
  8285  0.000e+00  0.000e+00 -5.113e-04
  8290  0.000e+00  0.000e+00 -5.001e-04
  8295  0.000e+00  0.000e+00 -4.947e-04
  8300  0.000e+00  0.000e+00 -4.953e-04
  8305  0.000e+00  0.000e+00 -5.017e-04
  8310  0.000e+00  0.000e+00 -5.142e-04
  8315  0.000e+00  0.000e+00 -5.324e-04
  8320  0.000e+00  0.000e+00 -5.562e-04
  8325  0.000e+00  0.000e+00 -5.854e-04
  8330  0.000e+00  0.000e+00 -6.197e-04
  8335  0.000e+00  0.000e+00 -6.585e-04
  8340  0.000e+00  0.000e+00 -7.017e-04
  8345  0.000e+00  0.000e+00 -7.485e-04
  8350  0.000e+00  0.000e+00 -7.986e-04
  8355  0.000e+00  0.000e+00 -8.514e-04
  8360  0.000e+00  0.000e+00 -9.064e-04
  8365  0.000e+00  0.000e+00 -9.630e-04
  8370  0.000e+00  0.000e+00 -1.021e-03
  8375  0.000e+00  0.000e+00 -1.079e-03
  8380  0.000e+00  0.000e+00 -1.138e-03
  8385  0.000e+00  0.000e+00 -1.196e-03
  8390  0.000e+00  0.000e+00 -1.254e-03
  8395  0.000e+00  0.000e+00 -1.311e-03
  8400  0.000e+00  0.000e+00 -1.367e-03
  8405  0.000e+00  0.000e+00 -1.421e-03
  8410  0.000e+00  0.000e+00 -1.474e-03
  8415  0.000e+00  0.000e+00 -1.526e-03
  8420  0.000e+00  0.000e+00 -1.577e-03
  8425  0.000e+00  0.000e+00 -1.626e-03
  8430  0.000e+00  0.000e+00 -1.674e-03
  8435  0.000e+00  0.000e+00 -1.721e-03
  8440  0.000e+00  0.000e+00 -1.768e-03
  8445  0.000e+00  0.000e+00 -1.814e-03
  8450  0.000e+00  0.000e+00 -1.859e-03
  8455  0.000e+00  0.000e+00 -1.905e-03
  8460  0.000e+00  0.000e+00 -1.950e-03
  8465  0.000e+00  0.000e+00 -1.996e-03
  8470  0.000e+00  0.000e+00 -2.042e-03
  8475  0.000e+00  0.000e+00 -2.089e-03
  8480  0.000e+00  0.000e+00 -2.135e-03
  8485  0.000e+00  0.000e+00 -2.182e-03
  8490  0.000e+00  0.000e+00 -2.230e-03
  8495  0.000e+00  0.000e+00 -2.276e-03
  8500  0.000e+00  0.000e+00 -2.323e-03
  8505  0.000e+00  0.000e+00 -2.368e-03
  8510  0.000e+00  0.000e+00 -2.411e-03
  8515  0.000e+00  0.000e+00 -2.453e-03
  8520  0.000e+00  0.000e+00 -2.491e-03
  8525  0.000e+00  0.000e+00 -2.526e-03
  8530  0.000e+00  0.000e+00 -2.556e-03
  8535  0.000e+00  0.000e+00 -2.581e-03
  8540  0.000e+00  0.000e+00 -2.600e-03
  8545  0.000e+00  0.000e+00 -2.612e-03
  8550  0.000e+00  0.000e+00 -2.617e-03
  8555  0.000e+00  0.000e+00 -2.614e-03
  8560  0.000e+00  0.000e+00 -2.601e-03
  8565  0.000e+00  0.000e+00 -2.579e-03
  8570  0.000e+00  0.000e+00 -2.548e-03
  8575  0.000e+00  0.000e+00 -2.506e-03
  8580  0.000e+00  0.000e+00 -2.454e-03
  8585  0.000e+00  0.000e+00 -2.392e-03
  8590  0.000e+00  0.000e+00 -2.320e-03
  8595  0.000e+00  0.000e+00 -2.238e-03
  8600  0.000e+00  0.000e+00 -2.146e-03
  8605  0.000e+00  0.000e+00 -2.046e-03
  8610  0.000e+00  0.000e+00 -1.939e-03
  8615  0.000e+00  0.000e+00 -1.824e-03
  8620  0.000e+00  0.000e+00 -1.704e-03
  8625  0.000e+00  0.000e+00 -1.578e-03
  8630  0.000e+00  0.000e+00 -1.450e-03
  8635  0.000e+00  0.000e+00 -1.320e-03
  8640  0.000e+00  0.000e+00 -1.189e-03
  8645  0.000e+00  0.000e+00 -1.059e-03
  8650  0.000e+00  0.000e+00 -9.308e-04
  8655  0.000e+00  0.000e+00 -8.068e-04
  8660  0.000e+00  0.000e+00 -6.878e-04
  8665  0.000e+00  0.000e+00 -5.753e-04
  8670  0.000e+00  0.000e+00 -4.704e-04
  8675  0.000e+00  0.000e+00 -3.742e-04
  8680  0.000e+00  0.000e+00 -2.876e-04
  8685  0.000e+00  0.000e+00 -2.116e-04
  8690  0.000e+00  0.000e+00 -1.467e-04
  8695  0.000e+00  0.000e+00 -9.344e-05
  8700  0.000e+00  0.000e+00 -5.209e-05
  8705  0.000e+00  0.000e+00 -2.280e-05
  8710  0.000e+00  0.000e+00 -5.507e-06
  8715  0.000e+00  0.000e+00 -0.000e+00
  8720  0.000e+00  0.000e+00 -5.890e-06
  8725  0.000e+00  0.000e+00 -2.264e-05
  8730  0.000e+00  0.000e+00 -4.958e-05
  8735  0.000e+00  0.000e+00 -8.590e-05
  8740  0.000e+00  0.000e+00 -1.307e-04
  8745  0.000e+00  0.000e+00 -1.831e-04
  8750  0.000e+00  0.000e+00 -2.419e-04
  8755  0.000e+00  0.000e+00 -3.061e-04
  8760  0.000e+00  0.000e+00 -3.746e-04
  8765  0.000e+00  0.000e+00 -4.462e-04
  8770  0.000e+00  0.000e+00 -5.200e-04
  8775  0.000e+00  0.000e+00 -5.949e-04
  8780  0.000e+00  0.000e+00 -6.698e-04
  8785  0.000e+00  0.000e+00 -7.440e-04
  8790  0.000e+00  0.000e+00 -8.164e-04
  8795  0.000e+00  0.000e+00 -8.865e-04
  8800  0.000e+00  0.000e+00 -9.535e-04
  8805  0.000e+00  0.000e+00 -1.017e-03
  8810  0.000e+00  0.000e+00 -1.076e-03
  8815  0.000e+00  0.000e+00 -1.131e-03
  8820  0.000e+00  0.000e+00 -1.182e-03
  8825  0.000e+00  0.000e+00 -1.227e-03
  8830  0.000e+00  0.000e+00 -1.268e-03
  8835  0.000e+00  0.000e+00 -1.304e-03
  8840  0.000e+00  0.000e+00 -1.335e-03
  8845  0.000e+00  0.000e+00 -1.361e-03
  8850  0.000e+00  0.000e+00 -1.383e-03
  8855  0.000e+00  0.000e+00 -1.400e-03
  8860  0.000e+00  0.000e+00 -1.413e-03
  8865  0.000e+00  0.000e+00 -1.422e-03
  8870  0.000e+00  0.000e+00 -1.428e-03
  8875  0.000e+00  0.000e+00 -1.429e-03
  8880  0.000e+00  0.000e+00 -1.428e-03
  8885  0.000e+00  0.000e+00 -1.423e-03
  8890  0.000e+00  0.000e+00 -1.415e-03
  8895  0.000e+00  0.000e+00 -1.403e-03
  8900  0.000e+00  0.000e+00 -1.389e-03
  8905  0.000e+00  0.000e+00 -1.373e-03
  8910  0.000e+00  0.000e+00 -1.353e-03
  8915  0.000e+00  0.000e+00 -1.331e-03
  8920  0.000e+00  0.000e+00 -1.307e-03
  8925  0.000e+00  0.000e+00 -1.280e-03
  8930  0.000e+00  0.000e+00 -1.251e-03
  8935  0.000e+00  0.000e+00 -1.220e-03
  8940  0.000e+00  0.000e+00 -1.186e-03
  8945  0.000e+00  0.000e+00 -1.151e-03
  8950  0.000e+00  0.000e+00 -1.115e-03
  8955  0.000e+00  0.000e+00 -1.077e-03
  8960  0.000e+00  0.000e+00 -1.038e-03
  8965  0.000e+00  0.000e+00 -9.988e-04
  8970  0.000e+00  0.000e+00 -9.594e-04
  8975  0.000e+00  0.000e+00 -9.204e-04
  8980  0.000e+00  0.000e+00 -8.822e-04
  8985  0.000e+00  0.000e+00 -8.453e-04
  8990  0.000e+00  0.000e+00 -8.103e-04
  8995  0.000e+00  0.000e+00 -7.778e-04
  9000  0.000e+00  0.000e+00 -7.483e-04
  9005  0.000e+00  0.000e+00 -7.222e-04
  9010  0.000e+00  0.000e+00 -7.001e-04
  9015  0.000e+00  0.000e+00 -6.824e-04
  9020  0.000e+00  0.000e+00 -6.696e-04
  9025  0.000e+00  0.000e+00 -6.618e-04
  9030  0.000e+00  0.000e+00 -6.593e-04
  9035  0.000e+00  0.000e+00 -6.623e-04
  9040  0.000e+00  0.000e+00 -6.709e-04
  9045  0.000e+00  0.000e+00 -6.848e-04
  9050  0.000e+00  0.000e+00 -7.040e-04
  9055  0.000e+00  0.000e+00 -7.281e-04
  9060  0.000e+00  0.000e+00 -7.569e-04
  9065  0.000e+00  0.000e+00 -7.896e-04
  9070  0.000e+00  0.000e+00 -8.258e-04
  9075  0.000e+00  0.000e+00 -8.648e-04
  9080  0.000e+00  0.000e+00 -9.058e-04
  9085  0.000e+00  0.000e+00 -9.479e-04
  9090  0.000e+00  0.000e+00 -9.904e-04
  9095  0.000e+00  0.000e+00 -1.032e-03
  9100  0.000e+00  0.000e+00 -1.073e-03
  9105  0.000e+00  0.000e+00 -1.111e-03
  9110  0.000e+00  0.000e+00 -1.145e-03
  9115  0.000e+00  0.000e+00 -1.176e-03
  9120  0.000e+00  0.000e+00 -1.202e-03
  9125  0.000e+00  0.000e+00 -1.222e-03
  9130  0.000e+00  0.000e+00 -1.237e-03
  9135  0.000e+00  0.000e+00 -1.245e-03
  9140  0.000e+00  0.000e+00 -1.247e-03
  9145  0.000e+00  0.000e+00 -1.242e-03
  9150  0.000e+00  0.000e+00 -1.230e-03
  9155  0.000e+00  0.000e+00 -1.211e-03
  9160  0.000e+00  0.000e+00 -1.186e-03
  9165  0.000e+00  0.000e+00 -1.155e-03
  9170  0.000e+00  0.000e+00 -1.118e-03
  9175  0.000e+00  0.000e+00 -1.077e-03
  9180  0.000e+00  0.000e+00 -1.032e-03
  9185  0.000e+00  0.000e+00 -9.843e-04
  9190  0.000e+00  0.000e+00 -9.342e-04
  9195  0.000e+00  0.000e+00 -8.831e-04
  9200  0.000e+00  0.000e+00 -8.319e-04
  9205  0.000e+00  0.000e+00 -7.818e-04
  9210  0.000e+00  0.000e+00 -7.337e-04
  9215  0.000e+00  0.000e+00 -6.887e-04
  9220  0.000e+00  0.000e+00 -6.477e-04
  9225  0.000e+00  0.000e+00 -6.117e-04
  9230  0.000e+00  0.000e+00 -5.812e-04
  9235  0.000e+00  0.000e+00 -5.572e-04
  9240  0.000e+00  0.000e+00 -5.399e-04
  9245  0.000e+00  0.000e+00 -5.300e-04
  9250  0.000e+00  0.000e+00 -5.276e-04
  9255  0.000e+00  0.000e+00 -5.329e-04
  9260  0.000e+00  0.000e+00 -5.459e-04
  9265  0.000e+00  0.000e+00 -5.662e-04
  9270  0.000e+00  0.000e+00 -5.938e-04
  9275  0.000e+00  0.000e+00 -6.281e-04
  9280  0.000e+00  0.000e+00 -6.685e-04
  9285  0.000e+00  0.000e+00 -7.144e-04
  9290  0.000e+00  0.000e+00 -7.650e-04
  9295  0.000e+00  0.000e+00 -8.195e-04
  9300  0.000e+00  0.000e+00 -8.770e-04
  9305  0.000e+00  0.000e+00 -9.365e-04
  9310  0.000e+00  0.000e+00 -9.972e-04
  9315  0.000e+00  0.000e+00 -1.058e-03
  9320  0.000e+00  0.000e+00 -1.118e-03
  9325  0.000e+00  0.000e+00 -1.177e-03
  9330  0.000e+00  0.000e+00 -1.233e-03
  9335  0.000e+00  0.000e+00 -1.286e-03
  9340  0.000e+00  0.000e+00 -1.335e-03
  9345  0.000e+00  0.000e+00 -1.379e-03
  9350  0.000e+00  0.000e+00 -1.419e-03
  9355  0.000e+00  0.000e+00 -1.454e-03
  9360  0.000e+00  0.000e+00 -1.483e-03
  9365  0.000e+00  0.000e+00 -1.507e-03
  9370  0.000e+00  0.000e+00 -1.525e-03
  9375  0.000e+00  0.000e+00 -1.537e-03
  9380  0.000e+00  0.000e+00 -1.544e-03
  9385  0.000e+00  0.000e+00 -1.547e-03
  9390  0.000e+00  0.000e+00 -1.544e-03
  9395  0.000e+00  0.000e+00 -1.538e-03
  9400  0.000e+00  0.000e+00 -1.527e-03
  9405  0.000e+00  0.000e+00 -1.514e-03
  9410  0.000e+00  0.000e+00 -1.498e-03
  9415  0.000e+00  0.000e+00 -1.480e-03
  9420  0.000e+00  0.000e+00 -1.461e-03
  9425  0.000e+00  0.000e+00 -1.441e-03
  9430  0.000e+00  0.000e+00 -1.421e-03
  9435  0.000e+00  0.000e+00 -1.401e-03
  9440  0.000e+00  0.000e+00 -1.382e-03
  9445  0.000e+00  0.000e+00 -1.364e-03
  9450  0.000e+00  0.000e+00 -1.348e-03
  9455  0.000e+00  0.000e+00 -1.334e-03
  9460  0.000e+00  0.000e+00 -1.323e-03
  9465  0.000e+00  0.000e+00 -1.314e-03
  9470  0.000e+00  0.000e+00 -1.307e-03
  9475  0.000e+00  0.000e+00 -1.304e-03
  9480  0.000e+00  0.000e+00 -1.303e-03
  9485  0.000e+00  0.000e+00 -1.305e-03
  9490  0.000e+00  0.000e+00 -1.309e-03
  9495  0.000e+00  0.000e+00 -1.316e-03
  9500  0.000e+00  0.000e+00 -1.325e-03
  9505  0.000e+00  0.000e+00 -1.336e-03
  9510  0.000e+00  0.000e+00 -1.349e-03
  9515  0.000e+00  0.000e+00 -1.363e-03
  9520  0.000e+00  0.000e+00 -1.378e-03
  9525  0.000e+00  0.000e+00 -1.393e-03
  9530  0.000e+00  0.000e+00 -1.409e-03
  9535  0.000e+00  0.000e+00 -1.425e-03
  9540  0.000e+00  0.000e+00 -1.440e-03
  9545  0.000e+00  0.000e+00 -1.455e-03
  9550  0.000e+00  0.000e+00 -1.468e-03
  9555  0.000e+00  0.000e+00 -1.479e-03
  9560  0.000e+00  0.000e+00 -1.489e-03
  9565  0.000e+00  0.000e+00 -1.496e-03
  9570  0.000e+00  0.000e+00 -1.500e-03
  9575  0.000e+00  0.000e+00 -1.502e-03
  9580  0.000e+00  0.000e+00 -1.501e-03
  9585  0.000e+00  0.000e+00 -1.496e-03
  9590  0.000e+00  0.000e+00 -1.488e-03
  9595  0.000e+00  0.000e+00 -1.476e-03
  9600  0.000e+00  0.000e+00 -1.461e-03
  9605  0.000e+00  0.000e+00 -1.442e-03
  9610  0.000e+00  0.000e+00 -1.419e-03
  9615  0.000e+00  0.000e+00 -1.393e-03
  9620  0.000e+00  0.000e+00 -1.363e-03
  9625  0.000e+00  0.000e+00 -1.329e-03
  9630  0.000e+00  0.000e+00 -1.293e-03
  9635  0.000e+00  0.000e+00 -1.253e-03
  9640  0.000e+00  0.000e+00 -1.210e-03
  9645  0.000e+00  0.000e+00 -1.165e-03
  9650  0.000e+00  0.000e+00 -1.119e-03
  9655  0.000e+00  0.000e+00 -1.070e-03
  9660  0.000e+00  0.000e+00 -1.020e-03
  9665  0.000e+00  0.000e+00 -9.701e-04
  9670  0.000e+00  0.000e+00 -9.196e-04
  9675  0.000e+00  0.000e+00 -8.696e-04
  9680  0.000e+00  0.000e+00 -8.205e-04
  9685  0.000e+00  0.000e+00 -7.729e-04
  9690  0.000e+00  0.000e+00 -7.274e-04
  9695  0.000e+00  0.000e+00 -6.846e-04
  9700  0.000e+00  0.000e+00 -6.450e-04
  9705  0.000e+00  0.000e+00 -6.090e-04
  9710  0.000e+00  0.000e+00 -5.773e-04
  9715  0.000e+00  0.000e+00 -5.502e-04
  9720  0.000e+00  0.000e+00 -5.281e-04
  9725  0.000e+00  0.000e+00 -5.113e-04
  9730  0.000e+00  0.000e+00 -5.001e-04
  9735  0.000e+00  0.000e+00 -4.947e-04
  9740  0.000e+00  0.000e+00 -4.953e-04
  9745  0.000e+00  0.000e+00 -5.017e-04
  9750  0.000e+00  0.000e+00 -5.142e-04
  9755  0.000e+00  0.000e+00 -5.324e-04
  9760  0.000e+00  0.000e+00 -5.562e-04
  9765  0.000e+00  0.000e+00 -5.854e-04
  9770  0.000e+00  0.000e+00 -6.197e-04
  9775  0.000e+00  0.000e+00 -6.585e-04
  9780  0.000e+00  0.000e+00 -7.017e-04
  9785  0.000e+00  0.000e+00 -7.485e-04
  9790  0.000e+00  0.000e+00 -7.986e-04
  9795  0.000e+00  0.000e+00 -8.514e-04
  9800  0.000e+00  0.000e+00 -9.064e-04
  9805  0.000e+00  0.000e+00 -9.630e-04
  9810  0.000e+00  0.000e+00 -1.021e-03
  9815  0.000e+00  0.000e+00 -1.079e-03
  9820  0.000e+00  0.000e+00 -1.138e-03
  9825  0.000e+00  0.000e+00 -1.196e-03
  9830  0.000e+00  0.000e+00 -1.254e-03
  9835  0.000e+00  0.000e+00 -1.311e-03
  9840  0.000e+00  0.000e+00 -1.367e-03
  9845  0.000e+00  0.000e+00 -1.421e-03
  9850  0.000e+00  0.000e+00 -1.474e-03
  9855  0.000e+00  0.000e+00 -1.526e-03
  9860  0.000e+00  0.000e+00 -1.577e-03
  9865  0.000e+00  0.000e+00 -1.626e-03
  9870  0.000e+00  0.000e+00 -1.674e-03
  9875  0.000e+00  0.000e+00 -1.721e-03
  9880  0.000e+00  0.000e+00 -1.768e-03
  9885  0.000e+00  0.000e+00 -1.814e-03
  9890  0.000e+00  0.000e+00 -1.859e-03
  9895  0.000e+00  0.000e+00 -1.905e-03
  9900  0.000e+00  0.000e+00 -1.950e-03
  9905  0.000e+00  0.000e+00 -1.996e-03
  9910  0.000e+00  0.000e+00 -2.042e-03
  9915  0.000e+00  0.000e+00 -2.089e-03
  9920  0.000e+00  0.000e+00 -2.135e-03
  9925  0.000e+00  0.000e+00 -2.182e-03
  9930  0.000e+00  0.000e+00 -2.230e-03
  9935  0.000e+00  0.000e+00 -2.276e-03
  9940  0.000e+00  0.000e+00 -2.323e-03
  9945  0.000e+00  0.000e+00 -2.368e-03
  9950  0.000e+00  0.000e+00 -2.411e-03
  9955  0.000e+00  0.000e+00 -2.453e-03
  9960  0.000e+00  0.000e+00 -2.491e-03
  9965  0.000e+00  0.000e+00 -2.526e-03
  9970  0.000e+00  0.000e+00 -2.556e-03
  9975  0.000e+00  0.000e+00 -2.581e-03
  9980  0.000e+00  0.000e+00 -2.600e-03
  9985  0.000e+00  0.000e+00 -2.612e-03
  9990  0.000e+00  0.000e+00 -2.617e-03
  9995  0.000e+00  0.000e+00 -2.614e-03
 10000  0.000e+00  0.000e+00 -2.601e-03
 10005  0.000e+00  0.000e+00 -2.579e-03
 10010  0.000e+00  0.000e+00 -2.548e-03
 10015  0.000e+00  0.000e+00 -2.506e-03
 10020  0.000e+00  0.000e+00 -2.454e-03
 10025  0.000e+00  0.000e+00 -2.392e-03
 10030  0.000e+00  0.000e+00 -2.320e-03
 10035  0.000e+00  0.000e+00 -2.238e-03
 10040  0.000e+00  0.000e+00 -2.146e-03
 10045  0.000e+00  0.000e+00 -2.046e-03
 10050  0.000e+00  0.000e+00 -1.939e-03
 10055  0.000e+00  0.000e+00 -1.824e-03
 10060  0.000e+00  0.000e+00 -1.704e-03
 10065  0.000e+00  0.000e+00 -1.578e-03
 10070  0.000e+00  0.000e+00 -1.450e-03
 10075  0.000e+00  0.000e+00 -1.320e-03
 10080  0.000e+00  0.000e+00 -1.189e-03
