0 0 0 -0.000400
5 0 0 -0.000504
10 0 0 -0.000553
15 0 0 -0.000560
20 0 0 -0.000536
25 0 0 -0.000492
30 0 0 -0.000440
35 0 0 -0.000390
40 0 0 -0.000343
45 0 0 -0.000300
50 0 0 -0.000262
55 0 0 -0.000239
60 0 0 -0.000240
65 0 0 -0.000269
70 0 0 -0.000300
75 0 0 -0.000300
80 0 0 -0.000249
85 0 0 -0.000185
90 0 0 -0.000160
95 0 0 -0.000206
100 0 0 -0.000280
105 0 0 -0.000320
110 0 0 -0.000284
115 0 0 -0.000211
120 0 0 -0.000160
125 0 0 -0.000173
130 0 0 -0.000226
135 0 0 -0.000280
140 0 0 -0.000304
145 0 0 -0.000305
150 0 0 -0.000300
155 0 0 -0.000302
160 0 0 -0.000310
165 0 0 -0.000320
170 0 0 -0.000328
175 0 0 -0.000329
180 0 0 -0.000320
185 0 0 -0.000298
190 0 0 -0.000274
195 0 0 -0.000260
200 0 0 -0.000263
205 0 0 -0.000269
210 0 0 -0.000260
215 0 0 -0.000225
220 0 0 -0.000187
225 0 0 -0.000180
230 0 0 -0.000221
235 0 0 -0.000277
240 0 0 -0.000300
245 0 0 -0.000259
250 0 0 -0.000194
255 0 0 -0.000160
260 0 0 -0.000194
265 0 0 -0.000259
270 0 0 -0.000300
275 0 0 -0.000279
280 0 0 -0.000233
285 0 0 -0.000220
290 0 0 -0.000275
295 0 0 -0.000356
300 0 0 -0.000400
305 0 0 -0.000366
310 0 0 -0.000298
315 0 0 -0.000260
320 0 0 -0.000295
325 0 0 -0.000357
330 0 0 -0.000380
335 0 0 -0.000320
340 0 0 -0.000224
345 0 0 -0.000160
350 0 0 -0.000177
355 0 0 -0.000237
360 0 0 -0.000280
365 0 0 -0.000263
370 0 0 -0.000215
375 0 0 -0.000180
380 0 0 -0.000191
385 0 0 -0.000229
390 0 0 -0.000260
395 0 0 -0.000261
400 0 0 -0.000242
405 0 0 -0.000220
410 0 0 -0.000210
415 0 0 -0.000216
420 0 0 -0.000240
425 0 0 -0.000280
430 0 0 -0.000320
435 0 0 -0.000340
440 0 0 -0.000329
445 0 0 -0.000306
450 0 0 -0.000300
455 0 0 -0.000331
460 0 0 -0.000394
465 0 0 -0.000480
470 0 0 -0.000572
475 0 0 -0.000638
480 0 0 -0.000640
485 0 0 -0.000558
490 0 0 -0.000442
495 0 0 -0.000360
500 0 0 -0.000358
505 0 0 -0.000393
510 0 0 -0.000400
515 0 0 -0.000335
520 0 0 -0.000240
525 0 0 -0.000180
530 0 0 -0.000199
535 0 0 -0.000264
540 0 0 -0.000320
545 0 0 -0.000328
550 0 0 -0.000310
555 0 0 -0.000300
560 0 0 -0.000325
565 0 0 -0.000367
570 0 0 -0.000400
575 0 0 -0.000405
580 0 0 -0.000392
585 0 0 -0.000380
590 0 0 -0.000381
595 0 0 -0.000387
600 0 0 -0.000380
605 0 0 -0.000356
610 0 0 -0.000348
615 0 0 -0.000400
620 0 0 -0.000533
625 0 0 -0.000682
630 0 0 -0.000760
635 0 0 -0.000709
640 0 0 -0.000582
645 0 0 -0.000460
650 0 0 -0.000405
655 0 0 -0.000398
660 0 0 -0.000400
665 0 0 -0.000383
670 0 0 -0.000356
675 0 0 -0.000340
680 0 0 -0.000346
685 0 0 -0.000360
690 0 0 -0.000360
695 0 0 -0.000334
700 0 0 -0.000314
705 0 0 -0.000340
710 0 0 -0.000445
715 0 0 -0.000618
720 0 0 -0.000840
725 0 0 -0.001082
730 0 0 -0.001275
735 0 0 -0.001340
740 0 0 -0.001230
745 0 0 -0.001021
750 0 0 -0.000820
755 0 0 -0.000704
760 0 0 -0.000639
765 0 0 -0.000560
770 0 0 -0.000436
775 0 0 -0.000366
780 0 0 -0.000480
785 0 0 -0.000844
790 0 0 -0.001264
795 0 0 -0.001480
800 0 0 -0.001316
805 0 0 -0.000929
810 0 0 -0.000560
815 0 0 -0.000392
820 0 0 -0.000379
825 0 0 -0.000420
830 0 0 -0.000432
835 0 0 -0.000417
840 0 0 -0.000400
845 0 0 -0.000399
850 0 0 -0.000413
855 0 0 -0.000440
860 0 0 -0.000473
865 0 0 -0.000503
870 0 0 -0.000520
875 0 0 -0.000517
880 0 0 -0.000505
885 0 0 -0.000500
890 0 0 -0.000511
895 0 0 -0.000520
900 0 0 -0.000500
905 0 0 -0.000440
910 0 0 -0.000381
915 0 0 -0.000380
920 0 0 -0.000469
925 0 0 -0.000595
930 0 0 -0.000680
935 0 0 -0.000672
940 0 0 -0.000606
945 0 0 -0.000540
950 0 0 -0.000520
955 0 0 -0.000534
960 0 0 -0.000560
965 0 0 -0.000576
970 0 0 -0.000577
975 0 0 -0.000560
980 0 0 -0.000527
985 0 0 -0.000494
990 0 0 -0.000480
995 0 0 -0.000497
1000 0 0 -0.000536
1005 0 0 -0.000580
1010 0 0 -0.000611
1015 0 0 -0.000606
1020 0 0 -0.000540
1025 0 0 -0.000420
1030 0 0 -0.000379
1035 0 0 -0.000580
1040 0 0 -0.001116
1045 0 0 -0.001797
1050 0 0 -0.002360
1055 0 0 -0.002598
1060 0 0 -0.002518
1065 0 0 -0.002180
1070 0 0 -0.001668
1075 0 0 -0.001156
1080 0 0 -0.000840
1085 0 0 -0.000850
1090 0 0 -0.001046
1095 0 0 -0.001220
1100 0 0 -0.001216
1105 0 0 -0.001078
1110 0 0 -0.000900
1115 0 0 -0.000762
1120 0 0 -0.000686
1125 0 0 -0.000680
1130 0 0 -0.000741
1135 0 0 -0.000815
1140 0 0 -0.000840
1145 0 0 -0.000778
1150 0 0 -0.000704
1155 0 0 -0.000720
1160 0 0 -0.000887
1165 0 0 -0.001097
1170 0 0 -0.001200
1175 0 0 -0.001095
1180 0 0 -0.000870
1185 0 0 -0.000660
1190 0 0 -0.000568
1195 0 0 -0.000563
1200 0 0 -0.000580
1205 0 0 -0.000569
1210 0 0 -0.000540
1215 0 0 -0.000520
1220 0 0 -0.000528
1225 0 0 -0.000558
1230 0 0 -0.000600
1235 0 0 -0.000642
1240 0 0 -0.000672
1245 0 0 -0.000680
1250 0 0 -0.000658
1255 0 0 -0.000614
1260 0 0 -0.000560
1265 0 0 -0.000509
1270 0 0 -0.000476
1275 0 0 -0.000480
1280 0 0 -0.000528
1285 0 0 -0.000599
1290 0 0 -0.000660
1295 0 0 -0.000688
1300 0 0 -0.000685
1305 0 0 -0.000660
1310 0 0 -0.000622
1315 0 0 -0.000574
1320 0 0 -0.000520
1325 0 0 -0.000465
1330 0 0 -0.000421
1335 0 0 -0.000400
1340 0 0 -0.000410
1345 0 0 -0.000437
1350 0 0 -0.000460
1355 0 0 -0.000462
1360 0 0 -0.000442
1365 0 0 -0.000400
1370 0 0 -0.000342
1375 0 0 -0.000292
1380 0 0 -0.000280
1385 0 0 -0.000323
1390 0 0 -0.000396
1395 0 0 -0.000460
1400 0 0 -0.000489
1405 0 0 -0.000495
1410 0 0 -0.000500
1415 0 0 -0.000517
1420 0 0 -0.000526
1425 0 0 -0.000500
1430 0 0 -0.000423
1435 0 0 -0.000333
1440 0 0 -0.000280
1445 0 0 -0.000297
1450 0 0 -0.000353
1455 0 0 -0.000400
1460 0 0 -0.000401
1465 0 0 -0.000372
1470 0 0 -0.000340
1475 0 0 -0.000327
1480 0 0 -0.000329
1485 0 0 -0.000340
1490 0 0 -0.000351
1495 0 0 -0.000359
1500 0 0 -0.000360
1505 0 0 -0.000354
1510 0 0 -0.000345
1515 0 0 -0.000340
1520 0 0 -0.000342
1525 0 0 -0.000345
1530 0 0 -0.000340
1535 0 0 -0.000321
1540 0 0 -0.000297
1545 0 0 -0.000280
1550 0 0 -0.000280
1555 0 0 -0.000300
1560 0 0 -0.000340
1565 0 0 -0.000396
1570 0 0 -0.000441
1575 0 0 -0.000440
1580 0 0 -0.000374
1585 0 0 -0.000283
1590 0 0 -0.000220
1595 0 0 -0.000223
1600 0 0 -0.000269
1605 0 0 -0.000320
1610 0 0 -0.000344
1615 0 0 -0.000336
1620 0 0 -0.000300
1625 0 0 -0.000243
1630 0 0 -0.000192
1635 0 0 -0.000180
1640 0 0 -0.000225
1645 0 0 -0.000294
1650 0 0 -0.000340
1655 0 0 -0.000330
1660 0 0 -0.000285
1665 0 0 -0.000240
1670 0 0 -0.000224
1675 0 0 -0.000239
1680 0 0 -0.000280
1685 0 0 -0.000339
1690 0 0 -0.000389
1695 0 0 -0.000400
1700 0 0 -0.000356
1705 0 0 -0.000292
1710 0 0 -0.000260
1715 0 0 -0.000292
1720 0 0 -0.000355
1725 0 0 -0.000400
1730 0 0 -0.000390
1735 0 0 -0.000341
1740 0 0 -0.000280
1745 0 0 -0.000233
1750 0 0 -0.000210
1755 0 0 -0.000220
1760 0 0 -0.000263
1765 0 0 -0.000309
1770 0 0 -0.000320
1775 0 0 -0.000273
1780 0 0 -0.000203
1785 0 0 -0.000160
1790 0 0 -0.000181
1795 0 0 -0.000240
1800 0 0 -0.000300
1805 0 0 -0.000329
1810 0 0 -0.000327
1815 0 0 -0.000300
1820 0 0 -0.000260
1825 0 0 -0.000230
1830 0 0 -0.000240
1835 0 0 -0.000304
1840 0 0 -0.000386
1845 0 0 -0.000440
1850 0 0 -0.000430
1855 0 0 -0.000379
1860 0 0 -0.000320
1865 0 0 -0.000283
1870 0 0 -0.000271
1875 0 0 -0.000280
1880 0 0 -0.000305
1885 0 0 -0.000336
1890 0 0 -0.000360
1895 0 0 -0.000368
1900 0 0 -0.000356
1905 0 0 -0.000320
1910 0 0 -0.000263
1915 0 0 -0.000202
1920 0 0 -0.000160
1925 0 0 -0.000158
1930 0 0 -0.000217
1935 0 0 -0.000360
1940 0 0 -0.000591
1945 0 0 -0.000850
1950 0 0 -0.001060
1955 0 0 -0.001160
1960 0 0 -0.001159
1965 0 0 -0.001080
1970 0 0 -0.000952
1975 0 0 -0.000817
1980 0 0 -0.000720
1985 0 0 -0.000709
1990 0 0 -0.000837
1995 0 0 -0.001160
2000 0 0 -0.001685
2005 0 0 -0.002223
2010 0 0 -0.002540
2015 0 0 -0.002482
2020 0 0 -0.002228
2025 0 0 -0.002040
2030 0 0 -0.002089
2035 0 0 -0.002183
2040 0 0 -0.002040
2045 0 0 -0.001501
2050 0 0 -0.000901
2055 0 0 -0.000700
2060 0 0 -0.001193
2065 0 0 -0.002015
2070 0 0 -0.002640
2075 0 0 -0.002679
2080 0 0 -0.002302
2085 0 0 -0.001820
2090 0 0 -0.001498
2095 0 0 -0.001414
2100 0 0 -0.001600
2105 0 0 -0.002038
2110 0 0 -0.002509
2115 0 0 -0.002740
2120 0 0 -0.002551
2125 0 0 -0.002117
2130 0 0 -0.001700
2135 0 0 -0.001496
2140 0 0 -0.001420
2145 0 0 -0.001320
2150 0 0 -0.001087
2155 0 0 -0.000789
2160 0 0 -0.000540
2165 0 0 -0.000425
2170 0 0 -0.000412
2175 0 0 -0.000440
2180 0 0 -0.000460
2185 0 0 -0.000465
2190 0 0 -0.000460
2195 0 0 -0.000448
2200 0 0 -0.000434
2205 0 0 -0.000420
2210 0 0 -0.000410
2215 0 0 -0.000404
2220 0 0 -0.000400
2225 0 0 -0.000398
2230 0 0 -0.000398
2235 0 0 -0.000400
2240 0 0 -0.000405
2245 0 0 -0.000411
2250 0 0 -0.000420
2255 0 0 -0.000432
2260 0 0 -0.000455
2265 0 0 -0.000500
2270 0 0 -0.000570
2275 0 0 -0.000635
2280 0 0 -0.000660
2285 0 0 -0.000621
2290 0 0 -0.000547
2295 0 0 -0.000480
2300 0 0 -0.000450
2305 0 0 -0.000445
2310 0 0 -0.000440
2315 0 0 -0.000423
2320 0 0 -0.000424
2325 0 0 -0.000480
2330 0 0 -0.000611
2335 0 0 -0.000747
2340 0 0 -0.000800
2345 0 0 -0.000711
2350 0 0 -0.000550
2355 0 0 -0.000420
2360 0 0 -0.000403
2365 0 0 -0.000502
2370 0 0 -0.000700
2375 0 0 -0.000962
2380 0 0 -0.001178
2385 0 0 -0.001220
2390 0 0 -0.001012
2395 0 0 -0.000689
2400 0 0 -0.000440
2405 0 0 -0.000400
2410 0 0 -0.000500
2415 0 0 -0.000620
2420 0 0 -0.000666
2425 0 0 -0.000652
2430 0 0 -0.000620
2435 0 0 -0.000605
2440 0 0 -0.000612
2445 0 0 -0.000640
2450 0 0 -0.000681
2455 0 0 -0.000711
2460 0 0 -0.000700
2465 0 0 -0.000641
2470 0 0 -0.000624
2475 0 0 -0.000760
2480 0 0 -0.001109
2485 0 0 -0.001518
2490 0 0 -0.001780
2495 0 0 -0.001757
2500 0 0 -0.001593
2505 0 0 -0.001500
2510 0 0 -0.001634
2515 0 0 -0.001923
2520 0 0 -0.002240
2525 0 0 -0.002478
2530 0 0 -0.002612
2535 0 0 -0.002640
2540 0 0 -0.002565
2545 0 0 -0.002414
2550 0 0 -0.002220
2555 0 0 -0.002012
2560 0 0 -0.001808
2565 0 0 -0.001620
2570 0 0 -0.001463
2575 0 0 -0.001346
2580 0 0 -0.001280
2585 0 0 -0.001271
2590 0 0 -0.001309
2595 0 0 -0.001380
2600 0 0 -0.001467
2605 0 0 -0.001534
2610 0 0 -0.001540
2615 0 0 -0.001466
2620 0 0 -0.001367
2625 0 0 -0.001320
2630 0 0 -0.001381
2635 0 0 -0.001528
2640 0 0 -0.001720
2645 0 0 -0.001913
2650 0 0 -0.002057
2655 0 0 -0.002100
2660 0 0 -0.002010
2665 0 0 -0.001824
2670 0 0 -0.001600
2675 0 0 -0.001392
2680 0 0 -0.001245
2685 0 0 -0.001200
2690 0 0 -0.001278
2695 0 0 -0.001409
2700 0 0 -0.001500
2705 0 0 -0.001488
2710 0 0 -0.001422
2715 0 0 -0.001380
2720 0 0 -0.001416
2725 0 0 -0.001490
2730 0 0 -0.001540
2735 0 0 -0.001522
2740 0 0 -0.001460
2745 0 0 -0.001400
2750 0 0 -0.001373
2755 0 0 -0.001373
2760 0 0 -0.001380
2765 0 0 -0.001373
2770 0 0 -0.001319
2775 0 0 -0.001180
2780 0 0 -0.000939
2785 0 0 -0.000658
2790 0 0 -0.000420
2795 0 0 -0.000287
2800 0 0 -0.000250
2805 0 0 -0.000280
2810 0 0 -0.000347
2815 0 0 -0.000419
2820 0 0 -0.000460
2825 0 0 -0.000448
2830 0 0 -0.000404
2835 0 0 -0.000360
2840 0 0 -0.000342
2845 0 0 -0.000356
2850 0 0 -0.000400
2855 0 0 -0.000466
2860 0 0 -0.000520
2865 0 0 -0.000520
2870 0 0 -0.000441
2875 0 0 -0.000333
2880 0 0 -0.000260
2885 0 0 -0.000270
2890 0 0 -0.000328
2895 0 0 -0.000380
2900 0 0 -0.000387
2905 0 0 -0.000364
2910 0 0 -0.000340
2915 0 0 -0.000337
2920 0 0 -0.000343
2925 0 0 -0.000340
2930 0 0 -0.000313
2935 0 0 -0.000269
2940 0 0 -0.000220
2945 0 0 -0.000177
2950 0 0 -0.000158
2955 0 0 -0.000180
2960 0 0 -0.000249
2965 0 0 -0.000331
2970 0 0 -0.000380
2975 0 0 -0.000364
2980 0 0 -0.000310
2985 0 0 -0.000260
2990 0 0 -0.000247
2995 0 0 -0.000270
3000 0 0 -0.000320
3005 0 0 -0.000385
3010 0 0 -0.000435
3015 0 0 -0.000440
3020 0 0 -0.000380
3025 0 0 -0.000291
3030 0 0 -0.000220
3035 0 0 -0.000203
3040 0 0 -0.000226
3045 0 0 -0.000260
3050 0 0 -0.000283
3055 0 0 -0.000285
3060 0 0 -0.000260
3065 0 0 -0.000210
3070 0 0 -0.000164
3075 0 0 -0.000160
3080 0 0 -0.000218
3085 0 0 -0.000297
3090 0 0 -0.000340
3095 0 0 -0.000309
3100 0 0 -0.000238
3105 0 0 -0.000180
3110 0 0 -0.000175
3115 0 0 -0.000215
3120 0 0 -0.000280
3125 0 0 -0.000349
3130 0 0 -0.000398
3135 0 0 -0.000400
3140 0 0 -0.000344
3145 0 0 -0.000273
3150 0 0 -0.000240
3155 0 0 -0.000282
3160 0 0 -0.000357
3165 0 0 -0.000400
3170 0 0 -0.000368
3175 0 0 -0.000292
3180 0 0 -0.000220
3185 0 0 -0.000192
3190 0 0 -0.000203
3195 0 0 -0.000240
3200 0 0 -0.000285
3205 0 0 -0.000314
3210 0 0 -0.000300
3215 0 0 -0.000231
3220 0 0 -0.000152
3225 0 0 -0.000120
3230 0 0 -0.000172
3235 0 0 -0.000262
3240 0 0 -0.000320
3245 0 0 -0.000300
3250 0 0 -0.000240
3255 0 0 -0.000200
3260 0 0 -0.000224
3265 0 0 -0.000291
3270 0 0 -0.000360
3275 0 0 -0.000401
3280 0 0 -0.000407
3285 0 0 -0.000380
3290 0 0 -0.000325
3295 0 0 -0.000263
3300 0 0 -0.000220
3305 0 0 -0.000218
3310 0 0 -0.000268
3315 0 0 -0.000380
3320 0 0 -0.000549
3325 0 0 -0.000714
3330 0 0 -0.000800
3335 0 0 -0.000757
3340 0 0 -0.000638
3345 0 0 -0.000520
3350 0 0 -0.000464
3355 0 0 -0.000465
3360 0 0 -0.000500
3365 0 0 -0.000549
3370 0 0 -0.000599
3375 0 0 -0.000640
3380 0 0 -0.000662
3385 0 0 -0.000662
3390 0 0 -0.000640
3395 0 0 -0.000597
3400 0 0 -0.000540
3405 0 0 -0.000480
3410 0 0 -0.000425
3415 0 0 -0.000383
3420 0 0 -0.000360
3425 0 0 -0.000364
3430 0 0 -0.000396
3435 0 0 -0.000460
3440 0 0 -0.000547
3445 0 0 -0.000607
3450 0 0 -0.000580
3455 0 0 -0.000438
3460 0 0 -0.000275
3465 0 0 -0.000220
3470 0 0 -0.000353
3475 0 0 -0.000569
3480 0 0 -0.000720
3485 0 0 -0.000697
3490 0 0 -0.000562
3495 0 0 -0.000420
3500 0 0 -0.000350
3505 0 0 -0.000332
3510 0 0 -0.000320
3515 0 0 -0.000282
3520 0 0 -0.000242
3525 0 0 -0.000240
3530 0 0 -0.000299
3535 0 0 -0.000388
3540 0 0 -0.000460
3545 0 0 -0.000481
3550 0 0 -0.000460
3555 0 0 -0.000420
3560 0 0 -0.000379
3565 0 0 -0.000345
3570 0 0 -0.000320
3575 0 0 -0.000315
3580 0 0 -0.000362
3585 0 0 -0.000500
3590 0 0 -0.000737
3595 0 0 -0.000963
3600 0 0 -0.001040
3605 0 0 -0.000877
3610 0 0 -0.000579
3615 0 0 -0.000300
3620 0 0 -0.000160
3625 0 0 -0.000153
3630 0 0 -0.000240
3635 0 0 -0.000377
3640 0 0 -0.000504
3645 0 0 -0.000560
3650 0 0 -0.000503
3655 0 0 -0.000385
3660 0 0 -0.000280
3665 0 0 -0.000246
3670 0 0 -0.000274
3675 0 0 -0.000340
3680 0 0 -0.000420
3685 0 0 -0.000497
3690 0 0 -0.000560
3695 0 0 -0.000599
3700 0 0 -0.000626
3705 0 0 -0.000660
3710 0 0 -0.000713
3715 0 0 -0.000772
3720 0 0 -0.000820
3725 0 0 -0.000841
3730 0 0 -0.000824
3735 0 0 -0.000760
3740 0 0 -0.000651
3745 0 0 -0.000539
3750 0 0 -0.000480
3755 0 0 -0.000512
3760 0 0 -0.000611
3765 0 0 -0.000740
3770 0 0 -0.000862
3775 0 0 -0.000950
3780 0 0 -0.000980
3785 0 0 -0.000941
3790 0 0 -0.000870
3795 0 0 -0.000820
3800 0 0 -0.000828
3805 0 0 -0.000878
3810 0 0 -0.000940
3815 0 0 -0.000989
3820 0 0 -0.001011
3825 0 0 -0.001000
3830 0 0 -0.000954
3835 0 0 -0.000901
3840 0 0 -0.000880
3845 0 0 -0.000912
3850 0 0 -0.000962
3855 0 0 -0.000980
3860 0 0 -0.000932
3865 0 0 -0.000849
3870 0 0 -0.000780
3875 0 0 -0.000758
3880 0 0 -0.000763
3885 0 0 -0.000760
3890 0 0 -0.000723
3895 0 0 -0.000664
3900 0 0 -0.000600
3905 0 0 -0.000553
3910 0 0 -0.000550
3915 0 0 -0.000620
3920 0 0 -0.000770
3925 0 0 -0.000928
3930 0 0 -0.001000
3935 0 0 -0.000936
3940 0 0 -0.000855
3945 0 0 -0.000920
3950 0 0 -0.001225
3955 0 0 -0.001583
3960 0 0 -0.001740
3965 0 0 -0.001528
3970 0 0 -0.001131
3975 0 0 -0.000820
3980 0 0 -0.000789
3985 0 0 -0.000925
3990 0 0 -0.001040
3995 0 0 -0.000994
4000 0 0 -0.000845
4005 0 0 -0.000700
4010 0 0 -0.000639
4015 0 0 -0.000637
4020 0 0 -0.000640
4025 0 0 -0.000610
4030 0 0 -0.000561
4035 0 0 -0.000520
4040 0 0 -0.000508
4045 0 0 -0.000519
4050 0 0 -0.000540
4055 0 0 -0.000558
4060 0 0 -0.000561
4065 0 0 -0.000540
4070 0 0 -0.000492
4075 0 0 -0.000451
4080 0 0 -0.000460
4085 0 0 -0.000542
4090 0 0 -0.000640
4095 0 0 -0.000680
4100 0 0 -0.000617
4105 0 0 -0.000527
4110 0 0 -0.000520
4115 0 0 -0.000660
4120 0 0 -0.000848
4125 0 0 -0.000940
4130 0 0 -0.000840
4135 0 0 -0.000635
4140 0 0 -0.000460
4145 0 0 -0.000412
4150 0 0 -0.000451
4155 0 0 -0.000500
4160 0 0 -0.000501
4165 0 0 -0.000469
4170 0 0 -0.000440
4175 0 0 -0.000440
4180 0 0 -0.000459
4185 0 0 -0.000480
4190 0 0 -0.000489
4195 0 0 -0.000482
4200 0 0 -0.000460
4205 0 0 -0.000427
4210 0 0 -0.000400
4215 0 0 -0.000400
4220 0 0 -0.000437
4225 0 0 -0.000479
4230 0 0 -0.000480
4235 0 0 -0.000414
4240 0 0 -0.000327
4245 0 0 -0.000280
4250 0 0 -0.000316
4255 0 0 -0.000390
4260 0 0 -0.000440
4265 0 0 -0.000418
4270 0 0 -0.000350
4275 0 0 -0.000280
4280 0 0 -0.000243
4285 0 0 -0.000244
4290 0 0 -0.000280
4295 0 0 -0.000342
4300 0 0 -0.000395
4305 0 0 -0.000400
4310 0 0 -0.000333
4315 0 0 -0.000240
4320 0 0 -0.000180
4325 0 0 -0.000198
4330 0 0 -0.000267
4335 0 0 -0.000340
4340 0 0 -0.000381
4345 0 0 -0.000386
4350 0 0 -0.000360
4355 0 0 -0.000311
4360 0 0 -0.000257
4365 0 0 -0.000220
4370 0 0 -0.000218
4375 0 0 -0.000247
4380 0 0 -0.000300
4385 0 0 -0.000365
4390 0 0 -0.000416
4395 0 0 -0.000420
4400 0 0 -0.000361
4405 0 0 -0.000282
4410 0 0 -0.000240
4415 0 0 -0.000272
4420 0 0 -0.000334
4425 0 0 -0.000360
4430 0 0 -0.000307
4435 0 0 -0.000219
4440 0 0 -0.000160
4445 0 0 -0.000176
4450 0 0 -0.000234
4455 0 0 -0.000280
4460 0 0 -0.000274
4465 0 0 -0.000237
4470 0 0 -0.000200
4475 0 0 -0.000190
4480 0 0 -0.000202
4485 0 0 -0.000220
4490 0 0 -0.000234
4495 0 0 -0.000241
4500 0 0 -0.000240
4505 0 0 -0.000234
4510 0 0 -0.000236
4515 0 0 -0.000260
4520 0 0 -0.000313
4525 0 0 -0.000366
4530 0 0 -0.000380
4535 0 0 -0.000334
4540 0 0 -0.000268
4545 0 0 -0.000240
4550 0 0 -0.000285
4555 0 0 -0.000354
4560 0 0 -0.000380
4565 0 0 -0.000317
4570 0 0 -0.000218
4575 0 0 -0.000160
4580 0 0 -0.000195
4585 0 0 -0.000273
4590 0 0 -0.000320
4595 0 0 -0.000285
4600 0 0 -0.000209
4605 0 0 -0.000160
4610 0 0 -0.000182
4615 0 0 -0.000241
4620 0 0 -0.000280
4625 0 0 -0.000261
4630 0 0 -0.000212
4635 0 0 -0.000180
4640 0 0 -0.000196
4645 0 0 -0.000241
4650 0 0 -0.000280
4655 0 0 -0.000290
4660 0 0 -0.000283
4665 0 0 -0.000280
4670 0 0 -0.000297
4675 0 0 -0.000323
4680 0 0 -0.000340
4685 0 0 -0.000337
4690 0 0 -0.000320
4695 0 0 -0.000300
4700 0 0 -0.000287
4705 0 0 -0.000281
4710 0 0 -0.000280
4715 0 0 -0.000280
4720 0 0 -0.000266
4725 0 0 -0.000220
4730 0 0 -0.000143
4735 0 0 -0.000107
4740 0 0 -0.000200
4745 0 0 -0.000466
4750 0 0 -0.000767
4755 0 0 -0.000920
4760 0 0 -0.000806
4765 0 0 -0.000560
4770 0 0 -0.000380
4775 0 0 -0.000408
4780 0 0 -0.000556
4785 0 0 -0.000680
4790 0 0 -0.000674
4795 0 0 -0.000596
4800 0 0 -0.000540
4805 0 0 -0.000577
4810 0 0 -0.000666
4815 0 0 -0.000740
4820 0 0 -0.000748
4825 0 0 -0.000699
4830 0 0 -0.000620
4835 0 0 -0.000533
4840 0 0 -0.000445
4845 0 0 -0.000360
4850 0 0 -0.000285
4855 0 0 -0.000248
4860 0 0 -0.000280
4865 0 0 -0.000394
4870 0 0 -0.000518
4875 0 0 -0.000560
4880 0 0 -0.000463
4885 0 0 -0.000305
4890 0 0 -0.000200
4895 0 0 -0.000227
4900 0 0 -0.000325
4905 0 0 -0.000400
4910 0 0 -0.000384
4915 0 0 -0.000315
4920 0 0 -0.000260
4925 0 0 -0.000273
4930 0 0 -0.000361
4935 0 0 -0.000520
4940 0 0 -0.000733
4945 0 0 -0.000928
4950 0 0 -0.001020
4955 0 0 -0.000953
4960 0 0 -0.000794
4965 0 0 -0.000640
4970 0 0 -0.000563
4975 0 0 -0.000539
4980 0 0 -0.000520
4985 0 0 -0.000473
4990 0 0 -0.000426
4995 0 0 -0.000420
5000 0 0 -0.000484
5005 0 0 -0.000590
5010 0 0 -0.000700
5015 0 0 -0.000778
5020 0 0 -0.000814
5025 0 0 -0.000800
5030 0 0 -0.000735
5035 0 0 -0.000630
5040 0 0 -0.000500
5045 0 0 -0.000363
5050 0 0 -0.000256
5055 0 0 -0.000220
5060 0 0 -0.000278
5065 0 0 -0.000381
5070 0 0 -0.000460
5075 0 0 -0.000467
5080 0 0 -0.000426
5085 0 0 -0.000380
5090 0 0 -0.000365
5095 0 0 -0.000380
5100 0 0 -0.000420
5105 0 0 -0.000473
5110 0 0 -0.000515
5115 0 0 -0.000520
5120 0 0 -0.000473
5125 0 0 -0.000410
5130 0 0 -0.000380
5135 0 0 -0.000419
5140 0 0 -0.000504
5145 0 0 -0.000600
5150 0 0 -0.000675
5155 0 0 -0.000713
5160 0 0 -0.000700
5165 0 0 -0.000639
5170 0 0 -0.000592
5175 0 0 -0.000640
5180 0 0 -0.000822
5185 0 0 -0.001026
5190 0 0 -0.001100
5195 0 0 -0.000943
5200 0 0 -0.000654
5205 0 0 -0.000380
5210 0 0 -0.000241
5215 0 0 -0.000237
5220 0 0 -0.000340
5225 0 0 -0.000514
5230 0 0 -0.000697
5235 0 0 -0.000820
5240 0 0 -0.000838
5245 0 0 -0.000795
5250 0 0 -0.000760
5255 0 0 -0.000778
5260 0 0 -0.000801
5265 0 0 -0.000760
5270 0 0 -0.000612
5275 0 0 -0.000427
5280 0 0 -0.000300
5285 0 0 -0.000300
5290 0 0 -0.000384
5295 0 0 -0.000480
5300 0 0 -0.000532
5305 0 0 -0.000540
5310 0 0 -0.000520
5315 0 0 -0.000488
5320 0 0 -0.000457
5325 0 0 -0.000440
5330 0 0 -0.000447
5335 0 0 -0.000471
5340 0 0 -0.000500
5345 0 0 -0.000532
5350 0 0 -0.000593
5355 0 0 -0.000720
5360 0 0 -0.000936
5365 0 0 -0.001225
5370 0 0 -0.001560
5375 0 0 -0.001894
5380 0 0 -0.002108
5385 0 0 -0.002060
5390 0 0 -0.001677
5395 0 0 -0.001146
5400 0 0 -0.000720
5405 0 0 -0.000588
5410 0 0 -0.000684
5415 0 0 -0.000880
5420 0 0 -0.001061
5425 0 0 -0.001169
5430 0 0 -0.001160
5435 0 0 -0.001014
5440 0 0 -0.000807
5445 0 0 -0.000640
5450 0 0 -0.000587
5455 0 0 -0.000614
5460 0 0 -0.000660
5465 0 0 -0.000679
5470 0 0 -0.000679
5475 0 0 -0.000680
5480 0 0 -0.000697
5485 0 0 -0.000717
5490 0 0 -0.000720
5495 0 0 -0.000697
5500 0 0 -0.000672
5505 0 0 -0.000680
5510 0 0 -0.000740
5515 0 0 -0.000812
5520 0 0 -0.000840
5525 0 0 -0.000792
5530 0 0 -0.000726
5535 0 0 -0.000720
5540 0 0 -0.000825
5545 0 0 -0.000977
5550 0 0 -0.001080
5555 0 0 -0.001065
5560 0 0 -0.000956
5565 0 0 -0.000800
5570 0 0 -0.000642
5575 0 0 -0.000512
5580 0 0 -0.000440
5585 0 0 -0.000441
5590 0 0 -0.000483
5595 0 0 -0.000520
5600 0 0 -0.000517
5605 0 0 -0.000484
5610 0 0 -0.000440
5615 0 0 -0.000404
5620 0 0 -0.000387
5625 0 0 -0.000400
5630 0 0 -0.000447
5635 0 0 -0.000504
5640 0 0 -0.000540
5645 0 0 -0.000535
5650 0 0 -0.000516
5655 0 0 -0.000520
5660 0 0 -0.000570
5665 0 0 -0.000633
5670 0 0 -0.000660
5675 0 0 -0.000617
5680 0 0 -0.000531
5685 0 0 -0.000440
5690 0 0 -0.000376
5695 0 0 -0.000334
5700 0 0 -0.000300
5705 0 0 -0.000263
5710 0 0 -0.000227
5715 0 0 -0.000200
5720 0 0 -0.000191
5725 0 0 -0.000208
5730 0 0 -0.000260
5735 0 0 -0.000346
5740 0 0 -0.000423
5745 0 0 -0.000440
5750 0 0 -0.000365
5755 0 0 -0.000253
5760 0 0 -0.000180
5765 0 0 -0.000200
5770 0 0 -0.000279
5775 0 0 -0.000360
5780 0 0 -0.000401
5785 0 0 -0.000413
5790 0 0 -0.000420
5795 0 0 -0.000438
5800 0 0 -0.000447
5805 0 0 -0.000420
5810 0 0 -0.000343
5815 0 0 -0.000257
5820 0 0 -0.000220
5825 0 0 -0.000267
5830 0 0 -0.000350
5835 0 0 -0.000400
5840 0 0 -0.000370
5845 0 0 -0.000292
5850 0 0 -0.000220
5855 0 0 -0.000195
5860 0 0 -0.000208
5865 0 0 -0.000240
5870 0 0 -0.000272
5875 0 0 -0.000290
5880 0 0 -0.000280
5885 0 0 -0.000239
5890 0 0 -0.000193
5895 0 0 -0.000180
5900 0 0 -0.000221
5905 0 0 -0.000284
5910 0 0 -0.000320
5915 0 0 -0.000298
5920 0 0 -0.000250
5925 0 0 -0.000220
5930 0 0 -0.000242
5935 0 0 -0.000294
5940 0 0 -0.000340
5945 0 0 -0.000354
5950 0 0 -0.000343
5955 0 0 -0.000320
5960 0 0 -0.000300
5965 0 0 -0.000290
5970 0 0 -0.000300
5975 0 0 -0.000330
5980 0 0 -0.000354
5985 0 0 -0.000340
5990 0 0 -0.000271
5995 0 0 -0.000192
6000 0 0 -0.000160
6005 0 0 -0.000213
6010 0 0 -0.000299
6015 0 0 -0.000340
6020 0 0 -0.000288
6025 0 0 -0.000195
6030 0 0 -0.000140
6035 0 0 -0.000176
6040 0 0 -0.000259
6045 0 0 -0.000320
6050 0 0 -0.000308
6055 0 0 -0.000253
6060 0 0 -0.000200
6065 0 0 -0.000188
6070 0 0 -0.000212
6075 0 0 -0.000260
6080 0 0 -0.000316
6085 0 0 -0.000357
6090 0 0 -0.000360
6095 0 0 -0.000313
6100 0 0 -0.000256
6105 0 0 -0.000240
6110 0 0 -0.000296
6115 0 0 -0.000373
6120 0 0 -0.000400
6125 0 0 -0.000331
6130 0 0 -0.000224
6135 0 0 -0.000160
6140 0 0 -0.000195
6145 0 0 -0.000276
6150 0 0 -0.000320
6155 0 0 -0.000273
6160 0 0 -0.000187
6165 0 0 -0.000140
6170 0 0 -0.000183
6175 0 0 -0.000263
6180 0 0 -0.000300
6185 0 0 -0.000245
6190 0 0 -0.000170
6195 0 0 -0.000180
6200 0 0 -0.000341
6205 0 0 -0.000578
6210 0 0 -0.000780
6215 0 0 -0.000860
6220 0 0 -0.000839
6225 0 0 -0.000760
6230 0 0 -0.000667
6235 0 0 -0.000590
6240 0 0 -0.000560
6245 0 0 -0.000593
6250 0 0 -0.000660
6255 0 0 -0.000720
6260 0 0 -0.000740
6265 0 0 -0.000718
6270 0 0 -0.000660
6275 0 0 -0.000575
6280 0 0 -0.000492
6285 0 0 -0.000440
6290 0 0 -0.000441
6295 0 0 -0.000473
6300 0 0 -0.000500
6305 0 0 -0.000496
6310 0 0 -0.000461
6315 0 0 -0.000400
6320 0 0 -0.000324
6325 0 0 -0.000260
6330 0 0 -0.000240
6335 0 0 -0.000281
6340 0 0 -0.000344
6345 0 0 -0.000380
6350 0 0 -0.000354
6355 0 0 -0.000308
6360 0 0 -0.000300
6365 0 0 -0.000367
6370 0 0 -0.000464
6375 0 0 -0.000520
6380 0 0 -0.000490
6385 0 0 -0.000410
6390 0 0 -0.000340
6395 0 0 -0.000331
6400 0 0 -0.000405
6405 0 0 -0.000580
6410 0 0 -0.000844
6415 0 0 -0.001085
6420 0 0 -0.001160
6425 0 0 -0.000983
6430 0 0 -0.000678
6435 0 0 -0.000420
6440 0 0 -0.000338
6445 0 0 -0.000374
6450 0 0 -0.000420
6455 0 0 -0.000396
6460 0 0 -0.000326
6465 0 0 -0.000260
6470 0 0 -0.000237
6475 0 0 -0.000249
6480 0 0 -0.000280
6485 0 0 -0.000313
6490 0 0 -0.000341
6495 0 0 -0.000360
6500 0 0 -0.000366
6505 0 0 -0.000364
6510 0 0 -0.000360
6515 0 0 -0.000362
6520 0 0 -0.000383
6525 0 0 -0.000440
6530 0 0 -0.000539
6535 0 0 -0.000646
6540 0 0 -0.000720
6545 0 0 -0.000730
6550 0 0 -0.000693
6555 0 0 -0.000640
6560 0 0 -0.000593
6565 0 0 -0.000544
6570 0 0 -0.000480
6575 0 0 -0.000394
6580 0 0 -0.000315
6585 0 0 -0.000280
6590 0 0 -0.000310
6595 0 0 -0.000358
6600 0 0 -0.000360
6605 0 0 -0.000284
6610 0 0 -0.000217
6615 0 0 -0.000280
6620 0 0 -0.000538
6625 0 0 -0.000844
6630 0 0 -0.001000
6635 0 0 -0.000870
6640 0 0 -0.000580
6645 0 0 -0.000320
6650 0 0 -0.000233
6655 0 0 -0.000282
6660 0 0 -0.000380
6665 0 0 -0.000458
6670 0 0 -0.000499
6675 0 0 -0.000500
6680 0 0 -0.000465
6685 0 0 -0.000415
6690 0 0 -0.000380
6695 0 0 -0.000379
6700 0 0 -0.000399
6705 0 0 -0.000420
6710 0 0 -0.000430
6715 0 0 -0.000452
6720 0 0 -0.000520
6725 0 0 -0.000662
6730 0 0 -0.000887
6735 0 0 -0.001200
6740 0 0 -0.001573
6745 0 0 -0.001844
6750 0 0 -0.001820
6755 0 0 -0.001398
6760 0 0 -0.000840
6765 0 0 -0.000500
6770 0 0 -0.000617
6775 0 0 -0.000969
6780 0 0 -0.001220
6785 0 0 -0.001129
6790 0 0 -0.000836
6795 0 0 -0.000580
6800 0 0 -0.000536
6805 0 0 -0.000638
6810 0 0 -0.000760
6815 0 0 -0.000810
6820 0 0 -0.000832
6825 0 0 -0.000900
6830 0 0 -0.001059
6835 0 0 -0.001220
6840 0 0 -0.001260
6845 0 0 -0.001106
6850 0 0 -0.000872
6855 0 0 -0.000720
6860 0 0 -0.000761
6865 0 0 -0.000897
6870 0 0 -0.000980
6875 0 0 -0.000905
6880 0 0 -0.000750
6885 0 0 -0.000640
6890 0 0 -0.000661
6895 0 0 -0.000759
6900 0 0 -0.000840
6905 0 0 -0.000838
6910 0 0 -0.000780
6915 0 0 -0.000720
6920 0 0 -0.000697
6925 0 0 -0.000699
6930 0 0 -0.000700
6935 0 0 -0.000684
6940 0 0 -0.000669
6945 0 0 -0.000680
6950 0 0 -0.000735
6955 0 0 -0.000818
6960 0 0 -0.000900
6965 0 0 -0.000959
6970 0 0 -0.000983
6975 0 0 -0.000960
6980 0 0 -0.000891
6985 0 0 -0.000809
6990 0 0 -0.000760
6995 0 0 -0.000771
7000 0 0 -0.000813
7005 0 0 -0.000840
7010 0 0 -0.000820
7015 0 0 -0.000775
7020 0 0 -0.000740
7025 0 0 -0.000741
7030 0 0 -0.000758
7035 0 0 -0.000760
7040 0 0 -0.000732
7045 0 0 -0.000714
7050 0 0 -0.000760
7055 0 0 -0.000898
7060 0 0 -0.001048
7065 0 0 -0.001100
7070 0 0 -0.000985
7075 0 0 -0.000790
7080 0 0 -0.000640
7085 0 0 -0.000624
7090 0 0 -0.000692
7095 0 0 -0.000760
7100 0 0 -0.000760
7105 0 0 -0.000698
7110 0 0 -0.000600
7115 0 0 -0.000491
7120 0 0 -0.000406
7125 0 0 -0.000380
7130 0 0 -0.000431
7135 0 0 -0.000508
7140 0 0 -0.000540
7145 0 0 -0.000480
7150 0 0 -0.000366
7155 0 0 -0.000260
7160 0 0 -0.000209
7165 0 0 -0.000213
7170 0 0 -0.000260
7175 0 0 -0.000331
7180 0 0 -0.000392
7185 0 0 -0.000400
7190 0 0 -0.000334
7195 0 0 -0.000244
7200 0 0 -0.000200
7205 0 0 -0.000249
7210 0 0 -0.000350
7215 0 0 -0.000440
7220 0 0 -0.000472
7225 0 0 -0.000462
7230 0 0 -0.000440
7235 0 0 -0.000429
7240 0 0 -0.000417
7245 0 0 -0.000380
7250 0 0 -0.000308
7255 0 0 -0.000234
7260 0 0 -0.000200
7265 0 0 -0.000235
7270 0 0 -0.000299
7275 0 0 -0.000340
7280 0 0 -0.000318
7285 0 0 -0.000258
7290 0 0 -0.000200
7295 0 0 -0.000176
7300 0 0 -0.000186
7305 0 0 -0.000220
7310 0 0 -0.000268
7315 0 0 -0.000303
7320 0 0 -0.000300
7325 0 0 -0.000244
7330 0 0 -0.000178
7335 0 0 -0.000160
7340 0 0 -0.000227
7345 0 0 -0.000331
7350 0 0 -0.000400
7355 0 0 -0.000387
7360 0 0 -0.000328
7365 0 0 -0.000280
7370 0 0 -0.000286
7375 0 0 -0.000325
7380 0 0 -0.000360
7385 0 0 -0.000364
7390 0 0 -0.000340
7395 0 0 -0.000300
7400 0 0 -0.000258
7405 0 0 -0.000226
7410 0 0 -0.000220
7415 0 0 -0.000245
7420 0 0 -0.000276
7425 0 0 -0.000280
7430 0 0 -0.000236
7435 0 0 -0.000180
7440 0 0 -0.000160
7445 0 0 -0.000207
7450 0 0 -0.000281
7455 0 0 -0.000320
7460 0 0 -0.000286
7465 0 0 -0.000219
7470 0 0 -0.000180
7475 0 0 -0.000211
7480 0 0 -0.000281
7485 0 0 -0.000340
7490 0 0 -0.000352
7495 0 0 -0.000330
7500 0 0 -0.000300
7505 0 0 -0.000284
7510 0 0 -0.000284
7515 0 0 -0.000300
7520 0 0 -0.000326
7525 0 0 -0.000346
7530 0 0 -0.000340
7535 0 0 -0.000297
7540 0 0 -0.000244
7545 0 0 -0.000220
7550 0 0 -0.000247
7555 0 0 -0.000290
7560 0 0 -0.000300
7565 0 0 -0.000246
7570 0 0 -0.000172
7575 0 0 -0.000140
7580 0 0 -0.000189
7585 0 0 -0.000273
7590 0 0 -0.000320
7595 0 0 -0.000284
7600 0 0 -0.000208
7605 0 0 -0.000160
7610 0 0 -0.000185
7615 0 0 -0.000244
7620 0 0 -0.000280
7625 0 0 -0.000255
7630 0 0 -0.000224
7635 0 0 -0.000260
7640 0 0 -0.000412
7645 0 0 -0.000616
7650 0 0 -0.000780
7655 0 0 -0.000836
7660 0 0 -0.000807
7665 0 0 -0.000740
7670 0 0 -0.000675
7675 0 0 -0.000626
7680 0 0 -0.000600
7685 0 0 -0.000601
7690 0 0 -0.000619
7695 0 0 -0.000640
7700 0 0 -0.000652
7705 0 0 -0.000647
7710 0 0 -0.000620
7715 0 0 -0.000568
7720 0 0 -0.000498
7725 0 0 -0.000420
7730 0 0 -0.000345
7735 0 0 -0.000292
7740 0 0 -0.000280
7745 0 0 -0.000317
7750 0 0 -0.000366
7755 0 0 -0.000380
7760 0 0 -0.000331
7765 0 0 -0.000273
7770 0 0 -0.000280
7775 0 0 -0.000397
7780 0 0 -0.000556
7785 0 0 -0.000660
7790 0 0 -0.000641
7795 0 0 -0.000548
7800 0 0 -0.000460
7805 0 0 -0.000435
7810 0 0 -0.000455
7815 0 0 -0.000480
7820 0 0 -0.000479
7825 0 0 -0.000451
7830 0 0 -0.000400
7835 0 0 -0.000337
7840 0 0 -0.000292
7845 0 0 -0.000300
7850 0 0 -0.000378
7855 0 0 -0.000474
7860 0 0 -0.000520
7865 0 0 -0.000480
7870 0 0 -0.000445
7875 0 0 -0.000540
7880 0 0 -0.000835
7885 0 0 -0.001182
7890 0 0 -0.001380
7895 0 0 -0.001289
7900 0 0 -0.001019
7905 0 0 -0.000740
7910 0 0 -0.000583
7915 0 0 -0.000520
7920 0 0 -0.000480
7925 0 0 -0.000413
7930 0 0 -0.000340
7935 0 0 -0.000300
7940 0 0 -0.000320
7945 0 0 -0.000378
7950 0 0 -0.000440
7955 0 0 -0.000477
7960 0 0 -0.000484
7965 0 0 -0.000460
7970 0 0 -0.000409
7975 0 0 -0.000359
7980 0 0 -0.000340
7985 0 0 -0.000373
7990 0 0 -0.000433
7995 0 0 -0.000480
8000 0 0 -0.000488
8005 0 0 -0.000467
8010 0 0 -0.000440
8015 0 0 -0.000424
8020 0 0 -0.000429
8025 0 0 -0.000460
8030 0 0 -0.000516
8035 0 0 -0.000564
8040 0 0 -0.000560
8045 0 0 -0.000485
8050 0 0 -0.000413
8055 0 0 -0.000440
8060 0 0 -0.000622
8065 0 0 -0.000862
8070 0 0 -0.001020
8075 0 0 -0.001003
8080 0 0 -0.000889
8085 0 0 -0.000800
8090 0 0 -0.000825
8095 0 0 -0.000918
8100 0 0 -0.001000
8105 0 0 -0.001010
8110 0 0 -0.000955
8115 0 0 -0.000860
8120 0 0 -0.000751
8125 0 0 -0.000665
8130 0 0 -0.000640
8135 0 0 -0.000694
8140 0 0 -0.000762
8145 0 0 -0.000760
8150 0 0 -0.000646
8155 0 0 -0.000553
8160 0 0 -0.000660
8165 0 0 -0.001072
8170 0 0 -0.001604
8175 0 0 -0.002000
8180 0 0 -0.002068
8185 0 0 -0.001882
8190 0 0 -0.001580
8195 0 0 -0.001281
8200 0 0 -0.001027
8205 0 0 -0.000840
8210 0 0 -0.000738
8215 0 0 -0.000719
8220 0 0 -0.000780
8225 0 0 -0.000912
8230 0 0 -0.001098
8235 0 0 -0.001320
8240 0 0 -0.001548
8245 0 0 -0.001713
8250 0 0 -0.001740
8255 0 0 -0.001582
8260 0 0 -0.001323
8265 0 0 -0.001080
8270 0 0 -0.000941
8275 0 0 -0.000884
8280 0 0 -0.000860
8285 0 0 -0.000830
8290 0 0 -0.000794
8295 0 0 -0.000760
8300 0 0 -0.000735
8305 0 0 -0.000712
8310 0 0 -0.000680
8315 0 0 -0.000634
8320 0 0 -0.000597
8325 0 0 -0.000600
8330 0 0 -0.000659
8335 0 0 -0.000741
8340 0 0 -0.000800
8345 0 0 -0.000804
8350 0 0 -0.000773
8355 0 0 -0.000740
8360 0 0 -0.000733
8365 0 0 -0.000749
8370 0 0 -0.000780
8375 0 0 -0.000814
8380 0 0 -0.000825
8385 0 0 -0.000780
8390 0 0 -0.000665
8395 0 0 -0.000525
8400 0 0 -0.000420
8405 0 0 -0.000394
8410 0 0 -0.000426
8415 0 0 -0.000480
8420 0 0 -0.000522
8425 0 0 -0.000533
8430 0 0 -0.000500
8435 0 0 -0.000422
8440 0 0 -0.000358
8445 0 0 -0.000380
8450 0 0 -0.000533
8455 0 0 -0.000751
8460 0 0 -0.000940
8465 0 0 -0.001024
8470 0 0 -0.001005
8475 0 0 -0.000900
8480 0 0 -0.000739
8485 0 0 -0.000587
8490 0 0 -0.000520
8495 0 0 -0.000583
8500 0 0 -0.000699
8505 0 0 -0.000760
8510 0 0 -0.000696
8515 0 0 -0.000585
8520 0 0 -0.000540
8525 0 0 -0.000636
8530 0 0 -0.000786
8535 0 0 -0.000860
8540 0 0 -0.000768
8545 0 0 -0.000569
8550 0 0 -0.000360
8555 0 0 -0.000221
8560 0 0 -0.000157
8565 0 0 -0.000160
8570 0 0 -0.000213
8575 0 0 -0.000285
8580 0 0 -0.000340
8585 0 0 -0.000352
8590 0 0 -0.000331
8595 0 0 -0.000300
8600 0 0 -0.000278
8605 0 0 -0.000280
8610 0 0 -0.000320
8615 0 0 -0.000401
8620 0 0 -0.000480
8625 0 0 -0.000500
8630 0 0 -0.000427
8635 0 0 -0.000316
8640 0 0 -0.000240
8645 0 0 -0.000253
8650 0 0 -0.000319
8655 0 0 -0.000380
8660 0 0 -0.000392
8665 0 0 -0.000370
8670 0 0 -0.000340
8675 0 0 -0.000323
8680 0 0 -0.000310
8685 0 0 -0.000280
8690 0 0 -0.000226
8695 0 0 -0.000174
8700 0 0 -0.000160
8705 0 0 -0.000207
8710 0 0 -0.000283
8715 0 0 -0.000340
8720 0 0 -0.000345
8725 0 0 -0.000315
8730 0 0 -0.000280
8735 0 0 -0.000264
8740 0 0 -0.000272
8745 0 0 -0.000300
8750 0 0 -0.000344
8755 0 0 -0.000379
8760 0 0 -0.000380
8765 0 0 -0.000331
8770 0 0 -0.000268
8775 0 0 -0.000240
8780 0 0 -0.000276
8785 0 0 -0.000336
8790 0 0 -0.000360
8795 0 0 -0.000308
8800 0 0 -0.000221
8805 0 0 -0.000160
8810 0 0 -0.000167
8815 0 0 -0.000215
8820 0 0 -0.000260
8825 0 0 -0.000269
8830 0 0 -0.000249
8835 0 0 -0.000220
8840 0 0 -0.000199
8845 0 0 -0.000196
8850 0 0 -0.000220
8855 0 0 -0.000272
8860 0 0 -0.000323
8865 0 0 -0.000340
8870 0 0 -0.000302
8875 0 0 -0.000249
8880 0 0 -0.000240
8885 0 0 -0.000308
8890 0 0 -0.000400
8895 0 0 -0.000440
8900 0 0 -0.000379
8905 0 0 -0.000272
8910 0 0 -0.000200
8915 0 0 -0.000221
8920 0 0 -0.000290
8925 0 0 -0.000340
8930 0 0 -0.000321
8935 0 0 -0.000259
8940 0 0 -0.000200
8945 0 0 -0.000179
8950 0 0 -0.000191
8955 0 0 -0.000220
8960 0 0 -0.000250
8965 0 0 -0.000268
8970 0 0 -0.000260
8975 0 0 -0.000222
8980 0 0 -0.000183
8985 0 0 -0.000180
8990 0 0 -0.000234
8995 0 0 -0.000306
9000 0 0 -0.000340
9005 0 0 -0.000301
9010 0 0 -0.000238
9015 0 0 -0.000220
9020 0 0 -0.000290
9025 0 0 -0.000390
9030 0 0 -0.000440
9035 0 0 -0.000384
9040 0 0 -0.000276
9045 0 0 -0.000200
9050 0 0 -0.000212
9055 0 0 -0.000273
9060 0 0 -0.000320
9065 0 0 -0.000306
9070 0 0 -0.000252
9075 0 0 -0.000200
9080 0 0 -0.000181
9085 0 0 -0.000196
9090 0 0 -0.000240
9095 0 0 -0.000302
9100 0 0 -0.000353
9105 0 0 -0.000360
9110 0 0 -0.000303
9115 0 0 -0.000225
9120 0 0 -0.000180
9125 0 0 -0.000208
9130 0 0 -0.000277
9135 0 0 -0.000340
9140 0 0 -0.000364
9145 0 0 -0.000382
9150 0 0 -0.000440
9155 0 0 -0.000568
9160 0 0 -0.000722
9165 0 0 -0.000840
9170 0 0 -0.000875
9175 0 0 -0.000840
9180 0 0 -0.000760
9185 0 0 -0.000662
9190 0 0 -0.000563
9195 0 0 -0.000480
9200 0 0 -0.000424
9205 0 0 -0.000382
9210 0 0 -0.000340
9215 0 0 -0.000289
9220 0 0 -0.000256
9225 0 0 -0.000280
9230 0 0 -0.000378
9235 0 0 -0.000491
9240 0 0 -0.000540
9245 0 0 -0.000475
9250 0 0 -0.000359
9255 0 0 -0.000280
9260 0 0 -0.000302
9265 0 0 -0.000380
9270 0 0 -0.000440
9275 0 0 -0.000431
9280 0 0 -0.000387
9285 0 0 -0.000360
9290 0 0 -0.000389
9295 0 0 -0.000450
9300 0 0 -0.000500
9305 0 0 -0.000508
9310 0 0 -0.000478
9315 0 0 -0.000420
9320 0 0 -0.000350
9325 0 0 -0.000294
9330 0 0 -0.000280
9335 0 0 -0.000323
9340 0 0 -0.000382
9345 0 0 -0.000400
9350 0 0 -0.000342
9355 0 0 -0.000258
9360 0 0 -0.000220
9365 0 0 -0.000279
9370 0 0 -0.000414
9375 0 0 -0.000580
9380 0 0 -0.000738
9385 0 0 -0.000850
9390 0 0 -0.000880
9395 0 0 -0.000808
9400 0 0 -0.000676
9405 0 0 -0.000540
9410 0 0 -0.000448
9415 0 0 -0.000403
9420 0 0 -0.000400
9425 0 0 -0.000427
9430 0 0 -0.000457
9435 0 0 -0.000460
9440 0 0 -0.000417
9445 0 0 -0.000361
9450 0 0 -0.000340
9455 0 0 -0.000382
9460 0 0 -0.000448
9465 0 0 -0.000480
9470 0 0 -0.000438
9475 0 0 -0.000349
9480 0 0 -0.000260
9485 0 0 -0.000210
9490 0 0 -0.000213
9495 0 0 -0.000280
9500 0 0 -0.000405
9505 0 0 -0.000530
9510 0 0 -0.000580
9515 0 0 -0.000509
9520 0 0 -0.000375
9525 0 0 -0.000260
9530 0 0 -0.000232
9535 0 0 -0.000286
9540 0 0 -0.000400
9545 0 0 -0.000548
9550 0 0 -0.000680
9555 0 0 -0.000740
9560 0 0 -0.000698
9565 0 0 -0.000615
9570 0 0 -0.000580
9575 0 0 -0.000648
9580 0 0 -0.000753
9585 0 0 -0.000800
9590 0 0 -0.000723
9595 0 0 -0.000585
9600 0 0 -0.000480
9605 0 0 -0.000481
9610 0 0 -0.000577
9615 0 0 -0.000740
9620 0 0 -0.000932
9625 0 0 -0.001094
9630 0 0 -0.001160
9635 0 0 -0.001091
9640 0 0 -0.000954
9645 0 0 -0.000840
9650 0 0 -0.000815
9655 0 0 -0.000833
9660 0 0 -0.000820
9665 0 0 -0.000735
9670 0 0 -0.000672
9675 0 0 -0.000760
9680 0 0 -0.001068
9685 0 0 -0.001440
9690 0 0 -0.001660
9695 0 0 -0.001588
9700 0 0 -0.001373
9705 0 0 -0.001240
9710 0 0 -0.001338
9715 0 0 -0.001524
9720 0 0 -0.001580
9725 0 0 -0.001358
9730 0 0 -0.000986
9735 0 0 -0.000660
9740 0 0 -0.000528
9745 0 0 -0.000536
9750 0 0 -0.000580
9755 0 0 -0.000581
9760 0 0 -0.000549
9765 0 0 -0.000520
9770 0 0 -0.000519
9775 0 0 -0.000533
9780 0 0 -0.000540
9785 0 0 -0.000525
9790 0 0 -0.000509
9795 0 0 -0.000520
9800 0 0 -0.000574
9805 0 0 -0.000641
9810 0 0 -0.000680
9815 0 0 -0.000667
9820 0 0 -0.000646
9825 0 0 -0.000680
9830 0 0 -0.000805
9835 0 0 -0.000951
9840 0 0 -0.001020
9845 0 0 -0.000946
9850 0 0 -0.000784
9855 0 0 -0.000620
9860 0 0 -0.000520
9865 0 0 -0.000472
9870 0 0 -0.000440
9875 0 0 -0.000403
9880 0 0 -0.000380
9885 0 0 -0.000400
9890 0 0 -0.000478
9895 0 0 -0.000566
9900 0 0 -0.000600
9905 0 0 -0.000538
9910 0 0 -0.000423
9915 0 0 -0.000320
9920 0 0 -0.000279
9925 0 0 -0.000298
9930 0 0 -0.000360
9935 0 0 -0.000444
9940 0 0 -0.000511
9945 0 0 -0.000520
9950 0 0 -0.000447
9955 0 0 -0.000349
9960 0 0 -0.000300
9965 0 0 -0.000351
9970 0 0 -0.000450
9975 0 0 -0.000520
9980 0 0 -0.000506
9985 0 0 -0.000451
9990 0 0 -0.000420
9995 0 0 -0.000458
10000 0 0 -0.000531
10005 0 0 -0.000580
10010 0 0 -0.000565
10015 0 0 -0.000502
10020 0 0 -0.000420
10025 0 0 -0.000347
10030 0 0 -0.000297
10035 0 0 -0.000280
10040 0 0 -0.000301
10045 0 0 -0.000347
10050 0 0 -0.000400
10055 0 0 -0.000444
10060 0 0 -0.000473
10065 0 0 -0.000480
10070 0 0 -0.000460
10075 0 0 -0.000409
