     0  0.000e+00  0.000e+00 -8.704e-04
     5  0.000e+00  0.000e+00 -9.390e-04
    10  0.000e+00  0.000e+00 -1.004e-03
    15  0.000e+00  0.000e+00 -1.064e-03
    20  0.000e+00  0.000e+00 -1.119e-03
    25  0.000e+00  0.000e+00 -1.169e-03
    30  0.000e+00  0.000e+00 -1.213e-03
    35  0.000e+00  0.000e+00 -1.252e-03
    40  0.000e+00  0.000e+00 -1.285e-03
    45  0.000e+00  0.000e+00 -1.314e-03
    50  0.000e+00  0.000e+00 -1.337e-03
    55  0.000e+00  0.000e+00 -1.356e-03
    60  0.000e+00  0.000e+00 -1.370e-03
    65  0.000e+00  0.000e+00 -1.381e-03
    70  0.000e+00  0.000e+00 -1.389e-03
    75  0.000e+00  0.000e+00 -1.393e-03
    80  0.000e+00  0.000e+00 -1.396e-03
    85  0.000e+00  0.000e+00 -1.397e-03
    90  0.000e+00  0.000e+00 -1.396e-03
    95  0.000e+00  0.000e+00 -1.393e-03
   100  0.000e+00  0.000e+00 -1.390e-03
   105  0.000e+00  0.000e+00 -1.386e-03
   110  0.000e+00  0.000e+00 -1.381e-03
   115  0.000e+00  0.000e+00 -1.375e-03
   120  0.000e+00  0.000e+00 -1.368e-03
   125  0.000e+00  0.000e+00 -1.361e-03
   130  0.000e+00  0.000e+00 -1.352e-03
   135  0.000e+00  0.000e+00 -1.342e-03
   140  0.000e+00  0.000e+00 -1.331e-03
   145  0.000e+00  0.000e+00 -1.318e-03
   150  0.000e+00  0.000e+00 -1.303e-03
   155  0.000e+00  0.000e+00 -1.287e-03
   160  0.000e+00  0.000e+00 -1.268e-03
   165  0.000e+00  0.000e+00 -1.247e-03
   170  0.000e+00  0.000e+00 -1.225e-03
   175  0.000e+00  0.000e+00 -1.201e-03
   180  0.000e+00  0.000e+00 -1.176e-03
   185  0.000e+00  0.000e+00 -1.149e-03
   190  0.000e+00  0.000e+00 -1.122e-03
   195  0.000e+00  0.000e+00 -1.096e-03
   200  0.000e+00  0.000e+00 -1.070e-03
   205  0.000e+00  0.000e+00 -1.045e-03
   210  0.000e+00  0.000e+00 -1.023e-03
   215  0.000e+00  0.000e+00 -1.004e-03
   220  0.000e+00  0.000e+00 -9.886e-04
   225  0.000e+00  0.000e+00 -9.779e-04
   230  0.000e+00  0.000e+00 -9.726e-04
   235  0.000e+00  0.000e+00 -9.732e-04
   240  0.000e+00  0.000e+00 -9.804e-04
   245  0.000e+00  0.000e+00 -9.946e-04
   250  0.000e+00  0.000e+00 -1.016e-03
   255  0.000e+00  0.000e+00 -1.045e-03
   260  0.000e+00  0.000e+00 -1.081e-03
   265  0.000e+00  0.000e+00 -1.124e-03
   270  0.000e+00  0.000e+00 -1.174e-03
   275  0.000e+00  0.000e+00 -1.229e-03
   280  0.000e+00  0.000e+00 -1.290e-03
   285  0.000e+00  0.000e+00 -1.355e-03
   290  0.000e+00  0.000e+00 -1.423e-03
   295  0.000e+00  0.000e+00 -1.492e-03
   300  0.000e+00  0.000e+00 -1.562e-03
   305  0.000e+00  0.000e+00 -1.631e-03
   310  0.000e+00  0.000e+00 -1.698e-03
   315  0.000e+00  0.000e+00 -1.760e-03
   320  0.000e+00  0.000e+00 -1.817e-03
   325  0.000e+00  0.000e+00 -1.867e-03
   330  0.000e+00  0.000e+00 -1.908e-03
   335  0.000e+00  0.000e+00 -1.941e-03
   340  0.000e+00  0.000e+00 -1.964e-03
   345  0.000e+00  0.000e+00 -1.976e-03
   350  0.000e+00  0.000e+00 -1.977e-03
   355  0.000e+00  0.000e+00 -1.966e-03
   360  0.000e+00  0.000e+00 -1.944e-03
   365  0.000e+00  0.000e+00 -1.911e-03
   370  0.000e+00  0.000e+00 -1.868e-03
   375  0.000e+00  0.000e+00 -1.816e-03
   380  0.000e+00  0.000e+00 -1.755e-03
   385  0.000e+00  0.000e+00 -1.688e-03
   390  0.000e+00  0.000e+00 -1.615e-03
   395  0.000e+00  0.000e+00 -1.538e-03
   400  0.000e+00  0.000e+00 -1.459e-03
   405  0.000e+00  0.000e+00 -1.380e-03
   410  0.000e+00  0.000e+00 -1.303e-03
   415  0.000e+00  0.000e+00 -1.229e-03
   420  0.000e+00  0.000e+00 -1.161e-03
   425  0.000e+00  0.000e+00 -1.100e-03
   430  0.000e+00  0.000e+00 -1.046e-03
   435  0.000e+00  0.000e+00 -1.003e-03
   440  0.000e+00  0.000e+00 -9.694e-04
   445  0.000e+00  0.000e+00 -9.473e-04
   450  0.000e+00  0.000e+00 -9.367e-04
   455  0.000e+00  0.000e+00 -9.378e-04
   460  0.000e+00  0.000e+00 -9.502e-04
   465  0.000e+00  0.000e+00 -9.735e-04
   470  0.000e+00  0.000e+00 -1.007e-03
   475  0.000e+00  0.000e+00 -1.049e-03
   480  0.000e+00  0.000e+00 -1.098e-03
   485  0.000e+00  0.000e+00 -1.154e-03
   490  0.000e+00  0.000e+00 -1.213e-03
   495  0.000e+00  0.000e+00 -1.275e-03
   500  0.000e+00  0.000e+00 -1.336e-03
   505  0.000e+00  0.000e+00 -1.396e-03
   510  0.000e+00  0.000e+00 -1.452e-03
   515  0.000e+00  0.000e+00 -1.502e-03
   520  0.000e+00  0.000e+00 -1.545e-03
   525  0.000e+00  0.000e+00 -1.579e-03
   530  0.000e+00  0.000e+00 -1.602e-03
   535  0.000e+00  0.000e+00 -1.614e-03
   540  0.000e+00  0.000e+00 -1.613e-03
   545  0.000e+00  0.000e+00 -1.599e-03
   550  0.000e+00  0.000e+00 -1.573e-03
   555  0.000e+00  0.000e+00 -1.534e-03
   560  0.000e+00  0.000e+00 -1.483e-03
   565  0.000e+00  0.000e+00 -1.420e-03
   570  0.000e+00  0.000e+00 -1.347e-03
   575  0.000e+00  0.000e+00 -1.266e-03
   580  0.000e+00  0.000e+00 -1.178e-03
   585  0.000e+00  0.000e+00 -1.085e-03
   590  0.000e+00  0.000e+00 -9.884e-04
   595  0.000e+00  0.000e+00 -8.913e-04
   600  0.000e+00  0.000e+00 -7.955e-04
   605  0.000e+00  0.000e+00 -7.031e-04
   610  0.000e+00  0.000e+00 -6.163e-04
   615  0.000e+00  0.000e+00 -5.369e-04
   620  0.000e+00  0.000e+00 -4.667e-04
   625  0.000e+00  0.000e+00 -4.073e-04
   630  0.000e+00  0.000e+00 -3.599e-04
   635  0.000e+00  0.000e+00 -3.254e-04
   640  0.000e+00  0.000e+00 -3.045e-04
   645  0.000e+00  0.000e+00 -2.975e-04
   650  0.000e+00  0.000e+00 -3.043e-04
   655  0.000e+00  0.000e+00 -3.245e-04
   660  0.000e+00  0.000e+00 -3.574e-04
   665  0.000e+00  0.000e+00 -4.020e-04
   670  0.000e+00  0.000e+00 -4.569e-04
   675  0.000e+00  0.000e+00 -5.206e-04
   680  0.000e+00  0.000e+00 -5.913e-04
   685  0.000e+00  0.000e+00 -6.672e-04
   690  0.000e+00  0.000e+00 -7.461e-04
   695  0.000e+00  0.000e+00 -8.261e-04
   700  0.000e+00  0.000e+00 -9.052e-04
   705  0.000e+00  0.000e+00 -9.813e-04
   710  0.000e+00  0.000e+00 -1.053e-03
   715  0.000e+00  0.000e+00 -1.118e-03
   720  0.000e+00  0.000e+00 -1.175e-03
   725  0.000e+00  0.000e+00 -1.223e-03
   730  0.000e+00  0.000e+00 -1.261e-03
   735  0.000e+00  0.000e+00 -1.289e-03
   740  0.000e+00  0.000e+00 -1.306e-03
   745  0.000e+00  0.000e+00 -1.312e-03
   750  0.000e+00  0.000e+00 -1.308e-03
   755  0.000e+00  0.000e+00 -1.294e-03
   760  0.000e+00  0.000e+00 -1.271e-03
   765  0.000e+00  0.000e+00 -1.241e-03
   770  0.000e+00  0.000e+00 -1.205e-03
   775  0.000e+00  0.000e+00 -1.165e-03
   780  0.000e+00  0.000e+00 -1.121e-03
   785  0.000e+00  0.000e+00 -1.077e-03
   790  0.000e+00  0.000e+00 -1.034e-03
   795  0.000e+00  0.000e+00 -9.934e-04
   800  0.000e+00  0.000e+00 -9.573e-04
   805  0.000e+00  0.000e+00 -9.272e-04
   810  0.000e+00  0.000e+00 -9.045e-04
   815  0.000e+00  0.000e+00 -8.904e-04
   820  0.000e+00  0.000e+00 -8.858e-04
   825  0.000e+00  0.000e+00 -8.913e-04
   830  0.000e+00  0.000e+00 -9.073e-04
   835  0.000e+00  0.000e+00 -9.337e-04
   840  0.000e+00  0.000e+00 -9.704e-04
   845  0.000e+00  0.000e+00 -1.017e-03
   850  0.000e+00  0.000e+00 -1.072e-03
   855  0.000e+00  0.000e+00 -1.134e-03
   860  0.000e+00  0.000e+00 -1.203e-03
   865  0.000e+00  0.000e+00 -1.276e-03
   870  0.000e+00  0.000e+00 -1.353e-03
   875  0.000e+00  0.000e+00 -1.430e-03
   880  0.000e+00  0.000e+00 -1.507e-03
   885  0.000e+00  0.000e+00 -1.581e-03
   890  0.000e+00  0.000e+00 -1.650e-03
   895  0.000e+00  0.000e+00 -1.714e-03
   900  0.000e+00  0.000e+00 -1.770e-03
   905  0.000e+00  0.000e+00 -1.816e-03
   910  0.000e+00  0.000e+00 -1.853e-03
   915  0.000e+00  0.000e+00 -1.878e-03
   920  0.000e+00  0.000e+00 -1.892e-03
   925  0.000e+00  0.000e+00 -1.893e-03
   930  0.000e+00  0.000e+00 -1.883e-03
   935  0.000e+00  0.000e+00 -1.861e-03
   940  0.000e+00  0.000e+00 -1.828e-03
   945  0.000e+00  0.000e+00 -1.784e-03
   950  0.000e+00  0.000e+00 -1.732e-03
   955  0.000e+00  0.000e+00 -1.671e-03
   960  0.000e+00  0.000e+00 -1.605e-03
   965  0.000e+00  0.000e+00 -1.534e-03
   970  0.000e+00  0.000e+00 -1.461e-03
   975  0.000e+00  0.000e+00 -1.387e-03
   980  0.000e+00  0.000e+00 -1.314e-03
   985  0.000e+00  0.000e+00 -1.243e-03
   990  0.000e+00  0.000e+00 -1.178e-03
   995  0.000e+00  0.000e+00 -1.119e-03
  1000  0.000e+00  0.000e+00 -1.068e-03
  1005  0.000e+00  0.000e+00 -1.026e-03
  1010  0.000e+00  0.000e+00 -9.943e-04
  1015  0.000e+00  0.000e+00 -9.734e-04
  1020  0.000e+00  0.000e+00 -9.639e-04
  1025  0.000e+00  0.000e+00 -9.661e-04
  1030  0.000e+00  0.000e+00 -9.801e-04
  1035  0.000e+00  0.000e+00 -1.005e-03
  1040  0.000e+00  0.000e+00 -1.042e-03
  1045  0.000e+00  0.000e+00 -1.088e-03
  1050  0.000e+00  0.000e+00 -1.143e-03
  1055  0.000e+00  0.000e+00 -1.207e-03
  1060  0.000e+00  0.000e+00 -1.277e-03
  1065  0.000e+00  0.000e+00 -1.352e-03
  1070  0.000e+00  0.000e+00 -1.431e-03
  1075  0.000e+00  0.000e+00 -1.512e-03
  1080  0.000e+00  0.000e+00 -1.594e-03
  1085  0.000e+00  0.000e+00 -1.675e-03
  1090  0.000e+00  0.000e+00 -1.754e-03
  1095  0.000e+00  0.000e+00 -1.830e-03
  1100  0.000e+00  0.000e+00 -1.901e-03
  1105  0.000e+00  0.000e+00 -1.966e-03
  1110  0.000e+00  0.000e+00 -2.025e-03
  1115  0.000e+00  0.000e+00 -2.077e-03
  1120  0.000e+00  0.000e+00 -2.121e-03
  1125  0.000e+00  0.000e+00 -2.157e-03
  1130  0.000e+00  0.000e+00 -2.186e-03
  1135  0.000e+00  0.000e+00 -2.206e-03
  1140  0.000e+00  0.000e+00 -2.218e-03
  1145  0.000e+00  0.000e+00 -2.223e-03
  1150  0.000e+00  0.000e+00 -2.220e-03
  1155  0.000e+00  0.000e+00 -2.211e-03
  1160  0.000e+00  0.000e+00 -2.196e-03
  1165  0.000e+00  0.000e+00 -2.176e-03
  1170  0.000e+00  0.000e+00 -2.150e-03
  1175  0.000e+00  0.000e+00 -2.120e-03
  1180  0.000e+00  0.000e+00 -2.087e-03
  1185  0.000e+00  0.000e+00 -2.050e-03
  1190  0.000e+00  0.000e+00 -2.010e-03
  1195  0.000e+00  0.000e+00 -1.968e-03
  1200  0.000e+00  0.000e+00 -1.924e-03
  1205  0.000e+00  0.000e+00 -1.878e-03
  1210  0.000e+00  0.000e+00 -1.830e-03
  1215  0.000e+00  0.000e+00 -1.780e-03
  1220  0.000e+00  0.000e+00 -1.729e-03
  1225  0.000e+00  0.000e+00 -1.675e-03
  1230  0.000e+00  0.000e+00 -1.620e-03
  1235  0.000e+00  0.000e+00 -1.562e-03
  1240  0.000e+00  0.000e+00 -1.501e-03
  1245  0.000e+00  0.000e+00 -1.438e-03
  1250  0.000e+00  0.000e+00 -1.373e-03
  1255  0.000e+00  0.000e+00 -1.304e-03
  1260  0.000e+00  0.000e+00 -1.233e-03
  1265  0.000e+00  0.000e+00 -1.160e-03
  1270  0.000e+00  0.000e+00 -1.083e-03
  1275  0.000e+00  0.000e+00 -1.005e-03
  1280  0.000e+00  0.000e+00 -9.243e-04
  1285  0.000e+00  0.000e+00 -8.426e-04
  1290  0.000e+00  0.000e+00 -7.602e-04
  1295  0.000e+00  0.000e+00 -6.778e-04
  1300  0.000e+00  0.000e+00 -5.961e-04
  1305  0.000e+00  0.000e+00 -5.161e-04
  1310  0.000e+00  0.000e+00 -4.386e-04
  1315  0.000e+00  0.000e+00 -3.646e-04
  1320  0.000e+00  0.000e+00 -2.951e-04
  1325  0.000e+00  0.000e+00 -2.310e-04
  1330  0.000e+00  0.000e+00 -1.732e-04
  1335  0.000e+00  0.000e+00 -1.226e-04
  1340  0.000e+00  0.000e+00 -7.989e-05
  1345  0.000e+00  0.000e+00 -4.583e-05
  1350  0.000e+00  0.000e+00 -2.092e-05
  1355  0.000e+00  0.000e+00 -5.562e-06
  1360  0.000e+00  0.000e+00 -2.014e-18
  1365  0.000e+00  0.000e+00 -4.316e-06
  1370  0.000e+00  0.000e+00 -1.842e-05
  1375  0.000e+00  0.000e+00 -4.208e-05
  1380  0.000e+00  0.000e+00 -7.485e-05
  1385  0.000e+00  0.000e+00 -1.162e-04
  1390  0.000e+00  0.000e+00 -1.654e-04
  1395  0.000e+00  0.000e+00 -2.216e-04
  1400  0.000e+00  0.000e+00 -2.838e-04
  1405  0.000e+00  0.000e+00 -3.511e-04
  1410  0.000e+00  0.000e+00 -4.223e-04
  1415  0.000e+00  0.000e+00 -4.964e-04
  1420  0.000e+00  0.000e+00 -5.721e-04
  1425  0.000e+00  0.000e+00 -6.484e-04
  1430  0.000e+00  0.000e+00 -7.242e-04
  1435  0.000e+00  0.000e+00 -7.985e-04
  1440  0.000e+00  0.000e+00 -8.704e-04
  1445  0.000e+00  0.000e+00 -9.390e-04
  1450  0.000e+00  0.000e+00 -1.004e-03
  1455  0.000e+00  0.000e+00 -1.064e-03
  1460  0.000e+00  0.000e+00 -1.119e-03
  1465  0.000e+00  0.000e+00 -1.169e-03
  1470  0.000e+00  0.000e+00 -1.213e-03
  1475  0.000e+00  0.000e+00 -1.252e-03
  1480  0.000e+00  0.000e+00 -1.285e-03
  1485  0.000e+00  0.000e+00 -1.314e-03
  1490  0.000e+00  0.000e+00 -1.337e-03
  1495  0.000e+00  0.000e+00 -1.356e-03
  1500  0.000e+00  0.000e+00 -1.370e-03
  1505  0.000e+00  0.000e+00 -1.381e-03
  1510  0.000e+00  0.000e+00 -1.389e-03
  1515  0.000e+00  0.000e+00 -1.393e-03
  1520  0.000e+00  0.000e+00 -1.396e-03
  1525  0.000e+00  0.000e+00 -1.397e-03
  1530  0.000e+00  0.000e+00 -1.396e-03
  1535  0.000e+00  0.000e+00 -1.393e-03
  1540  0.000e+00  0.000e+00 -1.390e-03
  1545  0.000e+00  0.000e+00 -1.386e-03
  1550  0.000e+00  0.000e+00 -1.381e-03
  1555  0.000e+00  0.000e+00 -1.375e-03
  1560  0.000e+00  0.000e+00 -1.368e-03
  1565  0.000e+00  0.000e+00 -1.361e-03
  1570  0.000e+00  0.000e+00 -1.352e-03
  1575  0.000e+00  0.000e+00 -1.342e-03
  1580  0.000e+00  0.000e+00 -1.331e-03
  1585  0.000e+00  0.000e+00 -1.318e-03
  1590  0.000e+00  0.000e+00 -1.303e-03
  1595  0.000e+00  0.000e+00 -1.287e-03
  1600  0.000e+00  0.000e+00 -1.268e-03
  1605  0.000e+00  0.000e+00 -1.247e-03
  1610  0.000e+00  0.000e+00 -1.225e-03
  1615  0.000e+00  0.000e+00 -1.201e-03
  1620  0.000e+00  0.000e+00 -1.176e-03
  1625  0.000e+00  0.000e+00 -1.149e-03
  1630  0.000e+00  0.000e+00 -1.122e-03
  1635  0.000e+00  0.000e+00 -1.096e-03
  1640  0.000e+00  0.000e+00 -1.070e-03
  1645  0.000e+00  0.000e+00 -1.045e-03
  1650  0.000e+00  0.000e+00 -1.023e-03
  1655  0.000e+00  0.000e+00 -1.004e-03
  1660  0.000e+00  0.000e+00 -9.886e-04
  1665  0.000e+00  0.000e+00 -9.779e-04
  1670  0.000e+00  0.000e+00 -9.726e-04
  1675  0.000e+00  0.000e+00 -9.732e-04
  1680  0.000e+00  0.000e+00 -9.804e-04
  1685  0.000e+00  0.000e+00 -9.946e-04
  1690  0.000e+00  0.000e+00 -1.016e-03
  1695  0.000e+00  0.000e+00 -1.045e-03
  1700  0.000e+00  0.000e+00 -1.081e-03
  1705  0.000e+00  0.000e+00 -1.124e-03
  1710  0.000e+00  0.000e+00 -1.174e-03
  1715  0.000e+00  0.000e+00 -1.229e-03
  1720  0.000e+00  0.000e+00 -1.290e-03
  1725  0.000e+00  0.000e+00 -1.355e-03
  1730  0.000e+00  0.000e+00 -1.423e-03
  1735  0.000e+00  0.000e+00 -1.492e-03
  1740  0.000e+00  0.000e+00 -1.562e-03
  1745  0.000e+00  0.000e+00 -1.631e-03
  1750  0.000e+00  0.000e+00 -1.698e-03
  1755  0.000e+00  0.000e+00 -1.760e-03
  1760  0.000e+00  0.000e+00 -1.817e-03
  1765  0.000e+00  0.000e+00 -1.867e-03
  1770  0.000e+00  0.000e+00 -1.908e-03
  1775  0.000e+00  0.000e+00 -1.941e-03
  1780  0.000e+00  0.000e+00 -1.964e-03
  1785  0.000e+00  0.000e+00 -1.976e-03
  1790  0.000e+00  0.000e+00 -1.977e-03
  1795  0.000e+00  0.000e+00 -1.966e-03
  1800  0.000e+00  0.000e+00 -1.944e-03
  1805  0.000e+00  0.000e+00 -1.911e-03
  1810  0.000e+00  0.000e+00 -1.868e-03
  1815  0.000e+00  0.000e+00 -1.816e-03
  1820  0.000e+00  0.000e+00 -1.755e-03
  1825  0.000e+00  0.000e+00 -1.688e-03
  1830  0.000e+00  0.000e+00 -1.615e-03
  1835  0.000e+00  0.000e+00 -1.538e-03
  1840  0.000e+00  0.000e+00 -1.459e-03
  1845  0.000e+00  0.000e+00 -1.380e-03
  1850  0.000e+00  0.000e+00 -1.303e-03
  1855  0.000e+00  0.000e+00 -1.229e-03
  1860  0.000e+00  0.000e+00 -1.161e-03
  1865  0.000e+00  0.000e+00 -1.100e-03
  1870  0.000e+00  0.000e+00 -1.046e-03
  1875  0.000e+00  0.000e+00 -1.003e-03
  1880  0.000e+00  0.000e+00 -9.694e-04
  1885  0.000e+00  0.000e+00 -9.473e-04
  1890  0.000e+00  0.000e+00 -9.367e-04
  1895  0.000e+00  0.000e+00 -9.378e-04
  1900  0.000e+00  0.000e+00 -9.502e-04
  1905  0.000e+00  0.000e+00 -9.735e-04
  1910  0.000e+00  0.000e+00 -1.007e-03
  1915  0.000e+00  0.000e+00 -1.049e-03
  1920  0.000e+00  0.000e+00 -1.098e-03
  1925  0.000e+00  0.000e+00 -1.154e-03
  1930  0.000e+00  0.000e+00 -1.213e-03
  1935  0.000e+00  0.000e+00 -1.275e-03
  1940  0.000e+00  0.000e+00 -1.336e-03
  1945  0.000e+00  0.000e+00 -1.396e-03
  1950  0.000e+00  0.000e+00 -1.452e-03
  1955  0.000e+00  0.000e+00 -1.502e-03
  1960  0.000e+00  0.000e+00 -1.545e-03
  1965  0.000e+00  0.000e+00 -1.579e-03
  1970  0.000e+00  0.000e+00 -1.602e-03
  1975  0.000e+00  0.000e+00 -1.614e-03
  1980  0.000e+00  0.000e+00 -1.613e-03
  1985  0.000e+00  0.000e+00 -1.599e-03
  1990  0.000e+00  0.000e+00 -1.573e-03
  1995  0.000e+00  0.000e+00 -1.534e-03
  2000  0.000e+00  0.000e+00 -1.483e-03
  2005  0.000e+00  0.000e+00 -1.420e-03
  2010  0.000e+00  0.000e+00 -1.347e-03
  2015  0.000e+00  0.000e+00 -1.266e-03
  2020  0.000e+00  0.000e+00 -1.178e-03
  2025  0.000e+00  0.000e+00 -1.085e-03
  2030  0.000e+00  0.000e+00 -9.884e-04
  2035  0.000e+00  0.000e+00 -8.913e-04
  2040  0.000e+00  0.000e+00 -7.955e-04
  2045  0.000e+00  0.000e+00 -7.031e-04
  2050  0.000e+00  0.000e+00 -6.163e-04
  2055  0.000e+00  0.000e+00 -5.369e-04
  2060  0.000e+00  0.000e+00 -4.667e-04
  2065  0.000e+00  0.000e+00 -4.073e-04
  2070  0.000e+00  0.000e+00 -3.599e-04
  2075  0.000e+00  0.000e+00 -3.254e-04
  2080  0.000e+00  0.000e+00 -3.045e-04
  2085  0.000e+00  0.000e+00 -2.975e-04
  2090  0.000e+00  0.000e+00 -3.043e-04
  2095  0.000e+00  0.000e+00 -3.245e-04
  2100  0.000e+00  0.000e+00 -3.574e-04
  2105  0.000e+00  0.000e+00 -4.020e-04
  2110  0.000e+00  0.000e+00 -4.569e-04
  2115  0.000e+00  0.000e+00 -5.206e-04
  2120  0.000e+00  0.000e+00 -5.913e-04
  2125  0.000e+00  0.000e+00 -6.672e-04
  2130  0.000e+00  0.000e+00 -7.461e-04
  2135  0.000e+00  0.000e+00 -8.261e-04
  2140  0.000e+00  0.000e+00 -9.052e-04
  2145  0.000e+00  0.000e+00 -9.813e-04
  2150  0.000e+00  0.000e+00 -1.053e-03
  2155  0.000e+00  0.000e+00 -1.118e-03
  2160  0.000e+00  0.000e+00 -1.175e-03
  2165  0.000e+00  0.000e+00 -1.223e-03
  2170  0.000e+00  0.000e+00 -1.261e-03
  2175  0.000e+00  0.000e+00 -1.289e-03
  2180  0.000e+00  0.000e+00 -1.306e-03
  2185  0.000e+00  0.000e+00 -1.312e-03
  2190  0.000e+00  0.000e+00 -1.308e-03
  2195  0.000e+00  0.000e+00 -1.294e-03
  2200  0.000e+00  0.000e+00 -1.271e-03
  2205  0.000e+00  0.000e+00 -1.241e-03
  2210  0.000e+00  0.000e+00 -1.205e-03
  2215  0.000e+00  0.000e+00 -1.165e-03
  2220  0.000e+00  0.000e+00 -1.121e-03
  2225  0.000e+00  0.000e+00 -1.077e-03
  2230  0.000e+00  0.000e+00 -1.034e-03
  2235  0.000e+00  0.000e+00 -9.934e-04
  2240  0.000e+00  0.000e+00 -9.573e-04
  2245  0.000e+00  0.000e+00 -9.272e-04
  2250  0.000e+00  0.000e+00 -9.045e-04
  2255  0.000e+00  0.000e+00 -8.904e-04
  2260  0.000e+00  0.000e+00 -8.858e-04
  2265  0.000e+00  0.000e+00 -8.913e-04
  2270  0.000e+00  0.000e+00 -9.073e-04
  2275  0.000e+00  0.000e+00 -9.337e-04
  2280  0.000e+00  0.000e+00 -9.704e-04
  2285  0.000e+00  0.000e+00 -1.017e-03
  2290  0.000e+00  0.000e+00 -1.072e-03
  2295  0.000e+00  0.000e+00 -1.134e-03
  2300  0.000e+00  0.000e+00 -1.203e-03
  2305  0.000e+00  0.000e+00 -1.276e-03
  2310  0.000e+00  0.000e+00 -1.353e-03
  2315  0.000e+00  0.000e+00 -1.430e-03
  2320  0.000e+00  0.000e+00 -1.507e-03
  2325  0.000e+00  0.000e+00 -1.581e-03
  2330  0.000e+00  0.000e+00 -1.650e-03
  2335  0.000e+00  0.000e+00 -1.714e-03
  2340  0.000e+00  0.000e+00 -1.770e-03
  2345  0.000e+00  0.000e+00 -1.816e-03
  2350  0.000e+00  0.000e+00 -1.853e-03
  2355  0.000e+00  0.000e+00 -1.878e-03
  2360  0.000e+00  0.000e+00 -1.892e-03
  2365  0.000e+00  0.000e+00 -1.893e-03
  2370  0.000e+00  0.000e+00 -1.883e-03
  2375  0.000e+00  0.000e+00 -1.861e-03
  2380  0.000e+00  0.000e+00 -1.828e-03
  2385  0.000e+00  0.000e+00 -1.784e-03
  2390  0.000e+00  0.000e+00 -1.732e-03
  2395  0.000e+00  0.000e+00 -1.671e-03
  2400  0.000e+00  0.000e+00 -1.605e-03
  2405  0.000e+00  0.000e+00 -1.534e-03
  2410  0.000e+00  0.000e+00 -1.461e-03
  2415  0.000e+00  0.000e+00 -1.387e-03
  2420  0.000e+00  0.000e+00 -1.314e-03
  2425  0.000e+00  0.000e+00 -1.243e-03
  2430  0.000e+00  0.000e+00 -1.178e-03
  2435  0.000e+00  0.000e+00 -1.119e-03
  2440  0.000e+00  0.000e+00 -1.068e-03
  2445  0.000e+00  0.000e+00 -1.026e-03
  2450  0.000e+00  0.000e+00 -9.943e-04
  2455  0.000e+00  0.000e+00 -9.734e-04
  2460  0.000e+00  0.000e+00 -9.639e-04
  2465  0.000e+00  0.000e+00 -9.661e-04
  2470  0.000e+00  0.000e+00 -9.801e-04
  2475  0.000e+00  0.000e+00 -1.005e-03
  2480  0.000e+00  0.000e+00 -1.042e-03
  2485  0.000e+00  0.000e+00 -1.088e-03
  2490  0.000e+00  0.000e+00 -1.143e-03
  2495  0.000e+00  0.000e+00 -1.207e-03
  2500  0.000e+00  0.000e+00 -1.277e-03
  2505  0.000e+00  0.000e+00 -1.352e-03
  2510  0.000e+00  0.000e+00 -1.431e-03
  2515  0.000e+00  0.000e+00 -1.512e-03
  2520  0.000e+00  0.000e+00 -1.594e-03
  2525  0.000e+00  0.000e+00 -1.675e-03
  2530  0.000e+00  0.000e+00 -1.754e-03
  2535  0.000e+00  0.000e+00 -1.830e-03
  2540  0.000e+00  0.000e+00 -1.901e-03
  2545  0.000e+00  0.000e+00 -1.966e-03
  2550  0.000e+00  0.000e+00 -2.025e-03
  2555  0.000e+00  0.000e+00 -2.077e-03
  2560  0.000e+00  0.000e+00 -2.121e-03
  2565  0.000e+00  0.000e+00 -2.157e-03
  2570  0.000e+00  0.000e+00 -2.186e-03
  2575  0.000e+00  0.000e+00 -2.206e-03
  2580  0.000e+00  0.000e+00 -2.218e-03
  2585  0.000e+00  0.000e+00 -2.223e-03
  2590  0.000e+00  0.000e+00 -2.220e-03
  2595  0.000e+00  0.000e+00 -2.211e-03
  2600  0.000e+00  0.000e+00 -2.196e-03
  2605  0.000e+00  0.000e+00 -2.176e-03
  2610  0.000e+00  0.000e+00 -2.150e-03
  2615  0.000e+00  0.000e+00 -2.120e-03
  2620  0.000e+00  0.000e+00 -2.087e-03
  2625  0.000e+00  0.000e+00 -2.050e-03
  2630  0.000e+00  0.000e+00 -2.010e-03
  2635  0.000e+00  0.000e+00 -1.968e-03
  2640  0.000e+00  0.000e+00 -1.924e-03
  2645  0.000e+00  0.000e+00 -1.878e-03
  2650  0.000e+00  0.000e+00 -1.830e-03
  2655  0.000e+00  0.000e+00 -1.780e-03
  2660  0.000e+00  0.000e+00 -1.729e-03
  2665  0.000e+00  0.000e+00 -1.675e-03
  2670  0.000e+00  0.000e+00 -1.620e-03
  2675  0.000e+00  0.000e+00 -1.562e-03
  2680  0.000e+00  0.000e+00 -1.501e-03
  2685  0.000e+00  0.000e+00 -1.438e-03
  2690  0.000e+00  0.000e+00 -1.373e-03
  2695  0.000e+00  0.000e+00 -1.304e-03
  2700  0.000e+00  0.000e+00 -1.233e-03
  2705  0.000e+00  0.000e+00 -1.160e-03
  2710  0.000e+00  0.000e+00 -1.083e-03
  2715  0.000e+00  0.000e+00 -1.005e-03
  2720  0.000e+00  0.000e+00 -9.243e-04
  2725  0.000e+00  0.000e+00 -8.426e-04
  2730  0.000e+00  0.000e+00 -7.602e-04
  2735  0.000e+00  0.000e+00 -6.778e-04
  2740  0.000e+00  0.000e+00 -5.961e-04
  2745  0.000e+00  0.000e+00 -5.161e-04
  2750  0.000e+00  0.000e+00 -4.386e-04
  2755  0.000e+00  0.000e+00 -3.646e-04
  2760  0.000e+00  0.000e+00 -2.951e-04
  2765  0.000e+00  0.000e+00 -2.310e-04
  2770  0.000e+00  0.000e+00 -1.732e-04
  2775  0.000e+00  0.000e+00 -1.226e-04
  2780  0.000e+00  0.000e+00 -7.989e-05
  2785  0.000e+00  0.000e+00 -4.583e-05
  2790  0.000e+00  0.000e+00 -2.092e-05
  2795  0.000e+00  0.000e+00 -5.562e-06
  2800  0.000e+00  0.000e+00 -2.820e-18
  2805  0.000e+00  0.000e+00 -4.316e-06
  2810  0.000e+00  0.000e+00 -1.842e-05
  2815  0.000e+00  0.000e+00 -4.208e-05
  2820  0.000e+00  0.000e+00 -7.485e-05
  2825  0.000e+00  0.000e+00 -1.162e-04
  2830  0.000e+00  0.000e+00 -1.654e-04
  2835  0.000e+00  0.000e+00 -2.216e-04
  2840  0.000e+00  0.000e+00 -2.838e-04
  2845  0.000e+00  0.000e+00 -3.511e-04
  2850  0.000e+00  0.000e+00 -4.223e-04
  2855  0.000e+00  0.000e+00 -4.964e-04
  2860  0.000e+00  0.000e+00 -5.721e-04
  2865  0.000e+00  0.000e+00 -6.484e-04
  2870  0.000e+00  0.000e+00 -7.242e-04
  2875  0.000e+00  0.000e+00 -7.985e-04
  2880  0.000e+00  0.000e+00 -8.704e-04
  2885  0.000e+00  0.000e+00 -9.390e-04
  2890  0.000e+00  0.000e+00 -1.004e-03
  2895  0.000e+00  0.000e+00 -1.064e-03
  2900  0.000e+00  0.000e+00 -1.119e-03
  2905  0.000e+00  0.000e+00 -1.169e-03
  2910  0.000e+00  0.000e+00 -1.213e-03
  2915  0.000e+00  0.000e+00 -1.252e-03
  2920  0.000e+00  0.000e+00 -1.285e-03
  2925  0.000e+00  0.000e+00 -1.314e-03
  2930  0.000e+00  0.000e+00 -1.337e-03
  2935  0.000e+00  0.000e+00 -1.356e-03
  2940  0.000e+00  0.000e+00 -1.370e-03
  2945  0.000e+00  0.000e+00 -1.381e-03
  2950  0.000e+00  0.000e+00 -1.389e-03
  2955  0.000e+00  0.000e+00 -1.393e-03
  2960  0.000e+00  0.000e+00 -1.396e-03
  2965  0.000e+00  0.000e+00 -1.397e-03
  2970  0.000e+00  0.000e+00 -1.396e-03
  2975  0.000e+00  0.000e+00 -1.393e-03
  2980  0.000e+00  0.000e+00 -1.390e-03
  2985  0.000e+00  0.000e+00 -1.386e-03
  2990  0.000e+00  0.000e+00 -1.381e-03
  2995  0.000e+00  0.000e+00 -1.375e-03
  3000  0.000e+00  0.000e+00 -1.368e-03
  3005  0.000e+00  0.000e+00 -1.361e-03
  3010  0.000e+00  0.000e+00 -1.352e-03
  3015  0.000e+00  0.000e+00 -1.342e-03
  3020  0.000e+00  0.000e+00 -1.331e-03
  3025  0.000e+00  0.000e+00 -1.318e-03
  3030  0.000e+00  0.000e+00 -1.303e-03
  3035  0.000e+00  0.000e+00 -1.287e-03
  3040  0.000e+00  0.000e+00 -1.268e-03
  3045  0.000e+00  0.000e+00 -1.247e-03
  3050  0.000e+00  0.000e+00 -1.225e-03
  3055  0.000e+00  0.000e+00 -1.201e-03
  3060  0.000e+00  0.000e+00 -1.176e-03
  3065  0.000e+00  0.000e+00 -1.149e-03
  3070  0.000e+00  0.000e+00 -1.122e-03
  3075  0.000e+00  0.000e+00 -1.096e-03
  3080  0.000e+00  0.000e+00 -1.070e-03
  3085  0.000e+00  0.000e+00 -1.045e-03
  3090  0.000e+00  0.000e+00 -1.023e-03
  3095  0.000e+00  0.000e+00 -1.004e-03
  3100  0.000e+00  0.000e+00 -9.886e-04
  3105  0.000e+00  0.000e+00 -9.779e-04
  3110  0.000e+00  0.000e+00 -9.726e-04
  3115  0.000e+00  0.000e+00 -9.732e-04
  3120  0.000e+00  0.000e+00 -9.804e-04
  3125  0.000e+00  0.000e+00 -9.946e-04
  3130  0.000e+00  0.000e+00 -1.016e-03
  3135  0.000e+00  0.000e+00 -1.045e-03
  3140  0.000e+00  0.000e+00 -1.081e-03
  3145  0.000e+00  0.000e+00 -1.124e-03
  3150  0.000e+00  0.000e+00 -1.174e-03
  3155  0.000e+00  0.000e+00 -1.229e-03
  3160  0.000e+00  0.000e+00 -1.290e-03
  3165  0.000e+00  0.000e+00 -1.355e-03
  3170  0.000e+00  0.000e+00 -1.423e-03
  3175  0.000e+00  0.000e+00 -1.492e-03
  3180  0.000e+00  0.000e+00 -1.562e-03
  3185  0.000e+00  0.000e+00 -1.631e-03
  3190  0.000e+00  0.000e+00 -1.698e-03
  3195  0.000e+00  0.000e+00 -1.760e-03
  3200  0.000e+00  0.000e+00 -1.817e-03
  3205  0.000e+00  0.000e+00 -1.867e-03
  3210  0.000e+00  0.000e+00 -1.908e-03
  3215  0.000e+00  0.000e+00 -1.941e-03
  3220  0.000e+00  0.000e+00 -1.964e-03
  3225  0.000e+00  0.000e+00 -1.976e-03
  3230  0.000e+00  0.000e+00 -1.977e-03
  3235  0.000e+00  0.000e+00 -1.966e-03
  3240  0.000e+00  0.000e+00 -1.944e-03
  3245  0.000e+00  0.000e+00 -1.911e-03
  3250  0.000e+00  0.000e+00 -1.868e-03
  3255  0.000e+00  0.000e+00 -1.816e-03
  3260  0.000e+00  0.000e+00 -1.755e-03
  3265  0.000e+00  0.000e+00 -1.688e-03
  3270  0.000e+00  0.000e+00 -1.615e-03
  3275  0.000e+00  0.000e+00 -1.538e-03
  3280  0.000e+00  0.000e+00 -1.459e-03
  3285  0.000e+00  0.000e+00 -1.380e-03
  3290  0.000e+00  0.000e+00 -1.303e-03
  3295  0.000e+00  0.000e+00 -1.229e-03
  3300  0.000e+00  0.000e+00 -1.161e-03
  3305  0.000e+00  0.000e+00 -1.100e-03
  3310  0.000e+00  0.000e+00 -1.046e-03
  3315  0.000e+00  0.000e+00 -1.003e-03
  3320  0.000e+00  0.000e+00 -9.694e-04
  3325  0.000e+00  0.000e+00 -9.473e-04
  3330  0.000e+00  0.000e+00 -9.367e-04
  3335  0.000e+00  0.000e+00 -9.378e-04
  3340  0.000e+00  0.000e+00 -9.502e-04
  3345  0.000e+00  0.000e+00 -9.735e-04
  3350  0.000e+00  0.000e+00 -1.007e-03
  3355  0.000e+00  0.000e+00 -1.049e-03
  3360  0.000e+00  0.000e+00 -1.098e-03
  3365  0.000e+00  0.000e+00 -1.154e-03
  3370  0.000e+00  0.000e+00 -1.213e-03
  3375  0.000e+00  0.000e+00 -1.275e-03
  3380  0.000e+00  0.000e+00 -1.336e-03
  3385  0.000e+00  0.000e+00 -1.396e-03
  3390  0.000e+00  0.000e+00 -1.452e-03
  3395  0.000e+00  0.000e+00 -1.502e-03
  3400  0.000e+00  0.000e+00 -1.545e-03
  3405  0.000e+00  0.000e+00 -1.579e-03
  3410  0.000e+00  0.000e+00 -1.602e-03
  3415  0.000e+00  0.000e+00 -1.614e-03
  3420  0.000e+00  0.000e+00 -1.613e-03
  3425  0.000e+00  0.000e+00 -1.599e-03
  3430  0.000e+00  0.000e+00 -1.573e-03
  3435  0.000e+00  0.000e+00 -1.534e-03
  3440  0.000e+00  0.000e+00 -1.483e-03
  3445  0.000e+00  0.000e+00 -1.420e-03
  3450  0.000e+00  0.000e+00 -1.347e-03
  3455  0.000e+00  0.000e+00 -1.266e-03
  3460  0.000e+00  0.000e+00 -1.178e-03
  3465  0.000e+00  0.000e+00 -1.085e-03
  3470  0.000e+00  0.000e+00 -9.884e-04
  3475  0.000e+00  0.000e+00 -8.913e-04
  3480  0.000e+00  0.000e+00 -7.955e-04
  3485  0.000e+00  0.000e+00 -7.031e-04
  3490  0.000e+00  0.000e+00 -6.163e-04
  3495  0.000e+00  0.000e+00 -5.369e-04
  3500  0.000e+00  0.000e+00 -4.667e-04
  3505  0.000e+00  0.000e+00 -4.073e-04
  3510  0.000e+00  0.000e+00 -3.599e-04
  3515  0.000e+00  0.000e+00 -3.254e-04
  3520  0.000e+00  0.000e+00 -3.045e-04
  3525  0.000e+00  0.000e+00 -2.975e-04
  3530  0.000e+00  0.000e+00 -3.043e-04
  3535  0.000e+00  0.000e+00 -3.245e-04
  3540  0.000e+00  0.000e+00 -3.574e-04
  3545  0.000e+00  0.000e+00 -4.020e-04
  3550  0.000e+00  0.000e+00 -4.569e-04
  3555  0.000e+00  0.000e+00 -5.206e-04
  3560  0.000e+00  0.000e+00 -5.913e-04
  3565  0.000e+00  0.000e+00 -6.672e-04
  3570  0.000e+00  0.000e+00 -7.461e-04
  3575  0.000e+00  0.000e+00 -8.261e-04
  3580  0.000e+00  0.000e+00 -9.052e-04
  3585  0.000e+00  0.000e+00 -9.813e-04
  3590  0.000e+00  0.000e+00 -1.053e-03
  3595  0.000e+00  0.000e+00 -1.118e-03
  3600  0.000e+00  0.000e+00 -1.175e-03
  3605  0.000e+00  0.000e+00 -1.223e-03
  3610  0.000e+00  0.000e+00 -1.261e-03
  3615  0.000e+00  0.000e+00 -1.289e-03
  3620  0.000e+00  0.000e+00 -1.306e-03
  3625  0.000e+00  0.000e+00 -1.312e-03
  3630  0.000e+00  0.000e+00 -1.308e-03
  3635  0.000e+00  0.000e+00 -1.294e-03
  3640  0.000e+00  0.000e+00 -1.271e-03
  3645  0.000e+00  0.000e+00 -1.241e-03
  3650  0.000e+00  0.000e+00 -1.205e-03
  3655  0.000e+00  0.000e+00 -1.165e-03
  3660  0.000e+00  0.000e+00 -1.121e-03
  3665  0.000e+00  0.000e+00 -1.077e-03
  3670  0.000e+00  0.000e+00 -1.034e-03
  3675  0.000e+00  0.000e+00 -9.934e-04
  3680  0.000e+00  0.000e+00 -9.573e-04
  3685  0.000e+00  0.000e+00 -9.272e-04
  3690  0.000e+00  0.000e+00 -9.045e-04
  3695  0.000e+00  0.000e+00 -8.904e-04
  3700  0.000e+00  0.000e+00 -8.858e-04
  3705  0.000e+00  0.000e+00 -8.913e-04
  3710  0.000e+00  0.000e+00 -9.073e-04
  3715  0.000e+00  0.000e+00 -9.337e-04
  3720  0.000e+00  0.000e+00 -9.704e-04
  3725  0.000e+00  0.000e+00 -1.017e-03
  3730  0.000e+00  0.000e+00 -1.072e-03
  3735  0.000e+00  0.000e+00 -1.134e-03
  3740  0.000e+00  0.000e+00 -1.203e-03
  3745  0.000e+00  0.000e+00 -1.276e-03
  3750  0.000e+00  0.000e+00 -1.353e-03
  3755  0.000e+00  0.000e+00 -1.430e-03
  3760  0.000e+00  0.000e+00 -1.507e-03
  3765  0.000e+00  0.000e+00 -1.581e-03
  3770  0.000e+00  0.000e+00 -1.650e-03
  3775  0.000e+00  0.000e+00 -1.714e-03
  3780  0.000e+00  0.000e+00 -1.770e-03
  3785  0.000e+00  0.000e+00 -1.816e-03
  3790  0.000e+00  0.000e+00 -1.853e-03
  3795  0.000e+00  0.000e+00 -1.878e-03
  3800  0.000e+00  0.000e+00 -1.892e-03
  3805  0.000e+00  0.000e+00 -1.893e-03
  3810  0.000e+00  0.000e+00 -1.883e-03
  3815  0.000e+00  0.000e+00 -1.861e-03
  3820  0.000e+00  0.000e+00 -1.828e-03
  3825  0.000e+00  0.000e+00 -1.784e-03
  3830  0.000e+00  0.000e+00 -1.732e-03
  3835  0.000e+00  0.000e+00 -1.671e-03
  3840  0.000e+00  0.000e+00 -1.605e-03
  3845  0.000e+00  0.000e+00 -1.534e-03
  3850  0.000e+00  0.000e+00 -1.461e-03
  3855  0.000e+00  0.000e+00 -1.387e-03
  3860  0.000e+00  0.000e+00 -1.314e-03
  3865  0.000e+00  0.000e+00 -1.243e-03
  3870  0.000e+00  0.000e+00 -1.178e-03
  3875  0.000e+00  0.000e+00 -1.119e-03
  3880  0.000e+00  0.000e+00 -1.068e-03
  3885  0.000e+00  0.000e+00 -1.026e-03
  3890  0.000e+00  0.000e+00 -9.943e-04
  3895  0.000e+00  0.000e+00 -9.734e-04
  3900  0.000e+00  0.000e+00 -9.639e-04
  3905  0.000e+00  0.000e+00 -9.661e-04
  3910  0.000e+00  0.000e+00 -9.801e-04
  3915  0.000e+00  0.000e+00 -1.005e-03
  3920  0.000e+00  0.000e+00 -1.042e-03
  3925  0.000e+00  0.000e+00 -1.088e-03
  3930  0.000e+00  0.000e+00 -1.143e-03
  3935  0.000e+00  0.000e+00 -1.207e-03
  3940  0.000e+00  0.000e+00 -1.277e-03
  3945  0.000e+00  0.000e+00 -1.352e-03
  3950  0.000e+00  0.000e+00 -1.431e-03
  3955  0.000e+00  0.000e+00 -1.512e-03
  3960  0.000e+00  0.000e+00 -1.594e-03
  3965  0.000e+00  0.000e+00 -1.675e-03
  3970  0.000e+00  0.000e+00 -1.754e-03
  3975  0.000e+00  0.000e+00 -1.830e-03
  3980  0.000e+00  0.000e+00 -1.901e-03
  3985  0.000e+00  0.000e+00 -1.966e-03
  3990  0.000e+00  0.000e+00 -2.025e-03
  3995  0.000e+00  0.000e+00 -2.077e-03
  4000  0.000e+00  0.000e+00 -2.121e-03
  4005  0.000e+00  0.000e+00 -2.157e-03
  4010  0.000e+00  0.000e+00 -2.186e-03
  4015  0.000e+00  0.000e+00 -2.206e-03
  4020  0.000e+00  0.000e+00 -2.218e-03
  4025  0.000e+00  0.000e+00 -2.223e-03
  4030  0.000e+00  0.000e+00 -2.220e-03
  4035  0.000e+00  0.000e+00 -2.211e-03
  4040  0.000e+00  0.000e+00 -2.196e-03
  4045  0.000e+00  0.000e+00 -2.176e-03
  4050  0.000e+00  0.000e+00 -2.150e-03
  4055  0.000e+00  0.000e+00 -2.120e-03
  4060  0.000e+00  0.000e+00 -2.087e-03
  4065  0.000e+00  0.000e+00 -2.050e-03
  4070  0.000e+00  0.000e+00 -2.010e-03
  4075  0.000e+00  0.000e+00 -1.968e-03
  4080  0.000e+00  0.000e+00 -1.924e-03
  4085  0.000e+00  0.000e+00 -1.878e-03
  4090  0.000e+00  0.000e+00 -1.830e-03
  4095  0.000e+00  0.000e+00 -1.780e-03
  4100  0.000e+00  0.000e+00 -1.729e-03
  4105  0.000e+00  0.000e+00 -1.675e-03
  4110  0.000e+00  0.000e+00 -1.620e-03
  4115  0.000e+00  0.000e+00 -1.562e-03
  4120  0.000e+00  0.000e+00 -1.501e-03
  4125  0.000e+00  0.000e+00 -1.438e-03
  4130  0.000e+00  0.000e+00 -1.373e-03
  4135  0.000e+00  0.000e+00 -1.304e-03
  4140  0.000e+00  0.000e+00 -1.233e-03
  4145  0.000e+00  0.000e+00 -1.160e-03
  4150  0.000e+00  0.000e+00 -1.083e-03
  4155  0.000e+00  0.000e+00 -1.005e-03
  4160  0.000e+00  0.000e+00 -9.243e-04
  4165  0.000e+00  0.000e+00 -8.426e-04
  4170  0.000e+00  0.000e+00 -7.602e-04
  4175  0.000e+00  0.000e+00 -6.778e-04
  4180  0.000e+00  0.000e+00 -5.961e-04
  4185  0.000e+00  0.000e+00 -5.161e-04
  4190  0.000e+00  0.000e+00 -4.386e-04
  4195  0.000e+00  0.000e+00 -3.646e-04
  4200  0.000e+00  0.000e+00 -2.951e-04
  4205  0.000e+00  0.000e+00 -2.310e-04
  4210  0.000e+00  0.000e+00 -1.732e-04
  4215  0.000e+00  0.000e+00 -1.226e-04
  4220  0.000e+00  0.000e+00 -7.989e-05
  4225  0.000e+00  0.000e+00 -4.583e-05
  4230  0.000e+00  0.000e+00 -2.092e-05
  4235  0.000e+00  0.000e+00 -5.562e-06
  4240  0.000e+00  0.000e+00 -3.021e-18
  4245  0.000e+00  0.000e+00 -4.316e-06
  4250  0.000e+00  0.000e+00 -1.842e-05
  4255  0.000e+00  0.000e+00 -4.208e-05
  4260  0.000e+00  0.000e+00 -7.485e-05
  4265  0.000e+00  0.000e+00 -1.162e-04
  4270  0.000e+00  0.000e+00 -1.654e-04
  4275  0.000e+00  0.000e+00 -2.216e-04
  4280  0.000e+00  0.000e+00 -2.838e-04
  4285  0.000e+00  0.000e+00 -3.511e-04
  4290  0.000e+00  0.000e+00 -4.223e-04
  4295  0.000e+00  0.000e+00 -4.964e-04
  4300  0.000e+00  0.000e+00 -5.721e-04
  4305  0.000e+00  0.000e+00 -6.484e-04
  4310  0.000e+00  0.000e+00 -7.242e-04
  4315  0.000e+00  0.000e+00 -7.985e-04
  4320  0.000e+00  0.000e+00 -8.704e-04
  4325  0.000e+00  0.000e+00 -9.390e-04
  4330  0.000e+00  0.000e+00 -1.004e-03
  4335  0.000e+00  0.000e+00 -1.064e-03
  4340  0.000e+00  0.000e+00 -1.119e-03
  4345  0.000e+00  0.000e+00 -1.169e-03
  4350  0.000e+00  0.000e+00 -1.213e-03
  4355  0.000e+00  0.000e+00 -1.252e-03
  4360  0.000e+00  0.000e+00 -1.285e-03
  4365  0.000e+00  0.000e+00 -1.314e-03
  4370  0.000e+00  0.000e+00 -1.337e-03
  4375  0.000e+00  0.000e+00 -1.356e-03
  4380  0.000e+00  0.000e+00 -1.370e-03
  4385  0.000e+00  0.000e+00 -1.381e-03
  4390  0.000e+00  0.000e+00 -1.389e-03
  4395  0.000e+00  0.000e+00 -1.393e-03
  4400  0.000e+00  0.000e+00 -1.396e-03
  4405  0.000e+00  0.000e+00 -1.397e-03
  4410  0.000e+00  0.000e+00 -1.396e-03
  4415  0.000e+00  0.000e+00 -1.393e-03
  4420  0.000e+00  0.000e+00 -1.390e-03
  4425  0.000e+00  0.000e+00 -1.386e-03
  4430  0.000e+00  0.000e+00 -1.381e-03
  4435  0.000e+00  0.000e+00 -1.375e-03
  4440  0.000e+00  0.000e+00 -1.368e-03
  4445  0.000e+00  0.000e+00 -1.361e-03
  4450  0.000e+00  0.000e+00 -1.352e-03
  4455  0.000e+00  0.000e+00 -1.342e-03
  4460  0.000e+00  0.000e+00 -1.331e-03
  4465  0.000e+00  0.000e+00 -1.318e-03
  4470  0.000e+00  0.000e+00 -1.303e-03
  4475  0.000e+00  0.000e+00 -1.287e-03
  4480  0.000e+00  0.000e+00 -1.268e-03
  4485  0.000e+00  0.000e+00 -1.247e-03
  4490  0.000e+00  0.000e+00 -1.225e-03
  4495  0.000e+00  0.000e+00 -1.201e-03
  4500  0.000e+00  0.000e+00 -1.176e-03
  4505  0.000e+00  0.000e+00 -1.149e-03
  4510  0.000e+00  0.000e+00 -1.122e-03
  4515  0.000e+00  0.000e+00 -1.096e-03
  4520  0.000e+00  0.000e+00 -1.070e-03
  4525  0.000e+00  0.000e+00 -1.045e-03
  4530  0.000e+00  0.000e+00 -1.023e-03
  4535  0.000e+00  0.000e+00 -1.004e-03
  4540  0.000e+00  0.000e+00 -9.886e-04
  4545  0.000e+00  0.000e+00 -9.779e-04
  4550  0.000e+00  0.000e+00 -9.726e-04
  4555  0.000e+00  0.000e+00 -9.732e-04
  4560  0.000e+00  0.000e+00 -9.804e-04
  4565  0.000e+00  0.000e+00 -9.946e-04
  4570  0.000e+00  0.000e+00 -1.016e-03
  4575  0.000e+00  0.000e+00 -1.045e-03
  4580  0.000e+00  0.000e+00 -1.081e-03
  4585  0.000e+00  0.000e+00 -1.124e-03
  4590  0.000e+00  0.000e+00 -1.174e-03
  4595  0.000e+00  0.000e+00 -1.229e-03
  4600  0.000e+00  0.000e+00 -1.290e-03
  4605  0.000e+00  0.000e+00 -1.355e-03
  4610  0.000e+00  0.000e+00 -1.423e-03
  4615  0.000e+00  0.000e+00 -1.492e-03
  4620  0.000e+00  0.000e+00 -1.562e-03
  4625  0.000e+00  0.000e+00 -1.631e-03
  4630  0.000e+00  0.000e+00 -1.698e-03
  4635  0.000e+00  0.000e+00 -1.760e-03
  4640  0.000e+00  0.000e+00 -1.817e-03
  4645  0.000e+00  0.000e+00 -1.867e-03
  4650  0.000e+00  0.000e+00 -1.908e-03
  4655  0.000e+00  0.000e+00 -1.941e-03
  4660  0.000e+00  0.000e+00 -1.964e-03
  4665  0.000e+00  0.000e+00 -1.976e-03
  4670  0.000e+00  0.000e+00 -1.977e-03
  4675  0.000e+00  0.000e+00 -1.966e-03
  4680  0.000e+00  0.000e+00 -1.944e-03
  4685  0.000e+00  0.000e+00 -1.911e-03
  4690  0.000e+00  0.000e+00 -1.868e-03
  4695  0.000e+00  0.000e+00 -1.816e-03
  4700  0.000e+00  0.000e+00 -1.755e-03
  4705  0.000e+00  0.000e+00 -1.688e-03
  4710  0.000e+00  0.000e+00 -1.615e-03
  4715  0.000e+00  0.000e+00 -1.538e-03
  4720  0.000e+00  0.000e+00 -1.459e-03
  4725  0.000e+00  0.000e+00 -1.380e-03
  4730  0.000e+00  0.000e+00 -1.303e-03
  4735  0.000e+00  0.000e+00 -1.229e-03
  4740  0.000e+00  0.000e+00 -1.161e-03
  4745  0.000e+00  0.000e+00 -1.100e-03
  4750  0.000e+00  0.000e+00 -1.046e-03
  4755  0.000e+00  0.000e+00 -1.003e-03
  4760  0.000e+00  0.000e+00 -9.694e-04
  4765  0.000e+00  0.000e+00 -9.473e-04
  4770  0.000e+00  0.000e+00 -9.367e-04
  4775  0.000e+00  0.000e+00 -9.378e-04
  4780  0.000e+00  0.000e+00 -9.502e-04
  4785  0.000e+00  0.000e+00 -9.735e-04
  4790  0.000e+00  0.000e+00 -1.007e-03
  4795  0.000e+00  0.000e+00 -1.049e-03
  4800  0.000e+00  0.000e+00 -1.098e-03
  4805  0.000e+00  0.000e+00 -1.154e-03
  4810  0.000e+00  0.000e+00 -1.213e-03
  4815  0.000e+00  0.000e+00 -1.275e-03
  4820  0.000e+00  0.000e+00 -1.336e-03
  4825  0.000e+00  0.000e+00 -1.396e-03
  4830  0.000e+00  0.000e+00 -1.452e-03
  4835  0.000e+00  0.000e+00 -1.502e-03
  4840  0.000e+00  0.000e+00 -1.545e-03
  4845  0.000e+00  0.000e+00 -1.579e-03
  4850  0.000e+00  0.000e+00 -1.602e-03
  4855  0.000e+00  0.000e+00 -1.614e-03
  4860  0.000e+00  0.000e+00 -1.613e-03
  4865  0.000e+00  0.000e+00 -1.599e-03
  4870  0.000e+00  0.000e+00 -1.573e-03
  4875  0.000e+00  0.000e+00 -1.534e-03
  4880  0.000e+00  0.000e+00 -1.483e-03
  4885  0.000e+00  0.000e+00 -1.420e-03
  4890  0.000e+00  0.000e+00 -1.347e-03
  4895  0.000e+00  0.000e+00 -1.266e-03
  4900  0.000e+00  0.000e+00 -1.178e-03
  4905  0.000e+00  0.000e+00 -1.085e-03
  4910  0.000e+00  0.000e+00 -9.884e-04
  4915  0.000e+00  0.000e+00 -8.913e-04
  4920  0.000e+00  0.000e+00 -7.955e-04
  4925  0.000e+00  0.000e+00 -7.031e-04
  4930  0.000e+00  0.000e+00 -6.163e-04
  4935  0.000e+00  0.000e+00 -5.369e-04
  4940  0.000e+00  0.000e+00 -4.667e-04
  4945  0.000e+00  0.000e+00 -4.073e-04
  4950  0.000e+00  0.000e+00 -3.599e-04
  4955  0.000e+00  0.000e+00 -3.254e-04
  4960  0.000e+00  0.000e+00 -3.045e-04
  4965  0.000e+00  0.000e+00 -2.975e-04
  4970  0.000e+00  0.000e+00 -3.043e-04
  4975  0.000e+00  0.000e+00 -3.245e-04
  4980  0.000e+00  0.000e+00 -3.574e-04
  4985  0.000e+00  0.000e+00 -4.020e-04
  4990  0.000e+00  0.000e+00 -4.569e-04
  4995  0.000e+00  0.000e+00 -5.206e-04
  5000  0.000e+00  0.000e+00 -5.913e-04
  5005  0.000e+00  0.000e+00 -6.672e-04
  5010  0.000e+00  0.000e+00 -7.461e-04
  5015  0.000e+00  0.000e+00 -8.261e-04
  5020  0.000e+00  0.000e+00 -9.052e-04
  5025  0.000e+00  0.000e+00 -9.813e-04
  5030  0.000e+00  0.000e+00 -1.053e-03
  5035  0.000e+00  0.000e+00 -1.118e-03
  5040  0.000e+00  0.000e+00 -1.175e-03
  5045  0.000e+00  0.000e+00 -1.223e-03
  5050  0.000e+00  0.000e+00 -1.261e-03
  5055  0.000e+00  0.000e+00 -1.289e-03
  5060  0.000e+00  0.000e+00 -1.306e-03
  5065  0.000e+00  0.000e+00 -1.312e-03
  5070  0.000e+00  0.000e+00 -1.308e-03
  5075  0.000e+00  0.000e+00 -1.294e-03
  5080  0.000e+00  0.000e+00 -1.271e-03
  5085  0.000e+00  0.000e+00 -1.241e-03
  5090  0.000e+00  0.000e+00 -1.205e-03
  5095  0.000e+00  0.000e+00 -1.165e-03
  5100  0.000e+00  0.000e+00 -1.121e-03
  5105  0.000e+00  0.000e+00 -1.077e-03
  5110  0.000e+00  0.000e+00 -1.034e-03
  5115  0.000e+00  0.000e+00 -9.934e-04
  5120  0.000e+00  0.000e+00 -9.573e-04
  5125  0.000e+00  0.000e+00 -9.272e-04
  5130  0.000e+00  0.000e+00 -9.045e-04
  5135  0.000e+00  0.000e+00 -8.904e-04
  5140  0.000e+00  0.000e+00 -8.858e-04
  5145  0.000e+00  0.000e+00 -8.913e-04
  5150  0.000e+00  0.000e+00 -9.073e-04
  5155  0.000e+00  0.000e+00 -9.337e-04
  5160  0.000e+00  0.000e+00 -9.704e-04
  5165  0.000e+00  0.000e+00 -1.017e-03
  5170  0.000e+00  0.000e+00 -1.072e-03
  5175  0.000e+00  0.000e+00 -1.134e-03
  5180  0.000e+00  0.000e+00 -1.203e-03
  5185  0.000e+00  0.000e+00 -1.276e-03
  5190  0.000e+00  0.000e+00 -1.353e-03
  5195  0.000e+00  0.000e+00 -1.430e-03
  5200  0.000e+00  0.000e+00 -1.507e-03
  5205  0.000e+00  0.000e+00 -1.581e-03
  5210  0.000e+00  0.000e+00 -1.650e-03
  5215  0.000e+00  0.000e+00 -1.714e-03
  5220  0.000e+00  0.000e+00 -1.770e-03
  5225  0.000e+00  0.000e+00 -1.816e-03
  5230  0.000e+00  0.000e+00 -1.853e-03
  5235  0.000e+00  0.000e+00 -1.878e-03
  5240  0.000e+00  0.000e+00 -1.892e-03
  5245  0.000e+00  0.000e+00 -1.893e-03
  5250  0.000e+00  0.000e+00 -1.883e-03
  5255  0.000e+00  0.000e+00 -1.861e-03
  5260  0.000e+00  0.000e+00 -1.828e-03
  5265  0.000e+00  0.000e+00 -1.784e-03
  5270  0.000e+00  0.000e+00 -1.732e-03
  5275  0.000e+00  0.000e+00 -1.671e-03
  5280  0.000e+00  0.000e+00 -1.605e-03
  5285  0.000e+00  0.000e+00 -1.534e-03
  5290  0.000e+00  0.000e+00 -1.461e-03
  5295  0.000e+00  0.000e+00 -1.387e-03
  5300  0.000e+00  0.000e+00 -1.314e-03
  5305  0.000e+00  0.000e+00 -1.243e-03
  5310  0.000e+00  0.000e+00 -1.178e-03
  5315  0.000e+00  0.000e+00 -1.119e-03
  5320  0.000e+00  0.000e+00 -1.068e-03
  5325  0.000e+00  0.000e+00 -1.026e-03
  5330  0.000e+00  0.000e+00 -9.943e-04
  5335  0.000e+00  0.000e+00 -9.734e-04
  5340  0.000e+00  0.000e+00 -9.639e-04
  5345  0.000e+00  0.000e+00 -9.661e-04
  5350  0.000e+00  0.000e+00 -9.801e-04
  5355  0.000e+00  0.000e+00 -1.005e-03
  5360  0.000e+00  0.000e+00 -1.042e-03
  5365  0.000e+00  0.000e+00 -1.088e-03
  5370  0.000e+00  0.000e+00 -1.143e-03
  5375  0.000e+00  0.000e+00 -1.207e-03
  5380  0.000e+00  0.000e+00 -1.277e-03
  5385  0.000e+00  0.000e+00 -1.352e-03
  5390  0.000e+00  0.000e+00 -1.431e-03
  5395  0.000e+00  0.000e+00 -1.512e-03
  5400  0.000e+00  0.000e+00 -1.594e-03
  5405  0.000e+00  0.000e+00 -1.675e-03
  5410  0.000e+00  0.000e+00 -1.754e-03
  5415  0.000e+00  0.000e+00 -1.830e-03
  5420  0.000e+00  0.000e+00 -1.901e-03
  5425  0.000e+00  0.000e+00 -1.966e-03
  5430  0.000e+00  0.000e+00 -2.025e-03
  5435  0.000e+00  0.000e+00 -2.077e-03
  5440  0.000e+00  0.000e+00 -2.121e-03
  5445  0.000e+00  0.000e+00 -2.157e-03
  5450  0.000e+00  0.000e+00 -2.186e-03
  5455  0.000e+00  0.000e+00 -2.206e-03
  5460  0.000e+00  0.000e+00 -2.218e-03
  5465  0.000e+00  0.000e+00 -2.223e-03
  5470  0.000e+00  0.000e+00 -2.220e-03
  5475  0.000e+00  0.000e+00 -2.211e-03
  5480  0.000e+00  0.000e+00 -2.196e-03
  5485  0.000e+00  0.000e+00 -2.176e-03
  5490  0.000e+00  0.000e+00 -2.150e-03
  5495  0.000e+00  0.000e+00 -2.120e-03
  5500  0.000e+00  0.000e+00 -2.087e-03
  5505  0.000e+00  0.000e+00 -2.050e-03
  5510  0.000e+00  0.000e+00 -2.010e-03
  5515  0.000e+00  0.000e+00 -1.968e-03
  5520  0.000e+00  0.000e+00 -1.924e-03
  5525  0.000e+00  0.000e+00 -1.878e-03
  5530  0.000e+00  0.000e+00 -1.830e-03
  5535  0.000e+00  0.000e+00 -1.780e-03
  5540  0.000e+00  0.000e+00 -1.729e-03
  5545  0.000e+00  0.000e+00 -1.675e-03
  5550  0.000e+00  0.000e+00 -1.620e-03
  5555  0.000e+00  0.000e+00 -1.562e-03
  5560  0.000e+00  0.000e+00 -1.501e-03
  5565  0.000e+00  0.000e+00 -1.438e-03
  5570  0.000e+00  0.000e+00 -1.373e-03
  5575  0.000e+00  0.000e+00 -1.304e-03
  5580  0.000e+00  0.000e+00 -1.233e-03
  5585  0.000e+00  0.000e+00 -1.160e-03
  5590  0.000e+00  0.000e+00 -1.083e-03
  5595  0.000e+00  0.000e+00 -1.005e-03
  5600  0.000e+00  0.000e+00 -9.243e-04
  5605  0.000e+00  0.000e+00 -8.426e-04
  5610  0.000e+00  0.000e+00 -7.602e-04
  5615  0.000e+00  0.000e+00 -6.778e-04
  5620  0.000e+00  0.000e+00 -5.961e-04
  5625  0.000e+00  0.000e+00 -5.161e-04
  5630  0.000e+00  0.000e+00 -4.386e-04
  5635  0.000e+00  0.000e+00 -3.646e-04
  5640  0.000e+00  0.000e+00 -2.951e-04
  5645  0.000e+00  0.000e+00 -2.310e-04
  5650  0.000e+00  0.000e+00 -1.732e-04
  5655  0.000e+00  0.000e+00 -1.226e-04
  5660  0.000e+00  0.000e+00 -7.989e-05
  5665  0.000e+00  0.000e+00 -4.583e-05
  5670  0.000e+00  0.000e+00 -2.092e-05
  5675  0.000e+00  0.000e+00 -5.562e-06
  5680  0.000e+00  0.000e+00 -2.417e-18
  5685  0.000e+00  0.000e+00 -4.316e-06
  5690  0.000e+00  0.000e+00 -1.842e-05
  5695  0.000e+00  0.000e+00 -4.208e-05
  5700  0.000e+00  0.000e+00 -7.485e-05
  5705  0.000e+00  0.000e+00 -1.162e-04
  5710  0.000e+00  0.000e+00 -1.654e-04
  5715  0.000e+00  0.000e+00 -2.216e-04
  5720  0.000e+00  0.000e+00 -2.838e-04
  5725  0.000e+00  0.000e+00 -3.511e-04
  5730  0.000e+00  0.000e+00 -4.223e-04
  5735  0.000e+00  0.000e+00 -4.964e-04
  5740  0.000e+00  0.000e+00 -5.721e-04
  5745  0.000e+00  0.000e+00 -6.484e-04
  5750  0.000e+00  0.000e+00 -7.242e-04
  5755  0.000e+00  0.000e+00 -7.985e-04
  5760  0.000e+00  0.000e+00 -8.704e-04
  5765  0.000e+00  0.000e+00 -9.390e-04
  5770  0.000e+00  0.000e+00 -1.004e-03
  5775  0.000e+00  0.000e+00 -1.064e-03
  5780  0.000e+00  0.000e+00 -1.119e-03
  5785  0.000e+00  0.000e+00 -1.169e-03
  5790  0.000e+00  0.000e+00 -1.213e-03
  5795  0.000e+00  0.000e+00 -1.252e-03
  5800  0.000e+00  0.000e+00 -1.285e-03
  5805  0.000e+00  0.000e+00 -1.314e-03
  5810  0.000e+00  0.000e+00 -1.337e-03
  5815  0.000e+00  0.000e+00 -1.356e-03
  5820  0.000e+00  0.000e+00 -1.370e-03
  5825  0.000e+00  0.000e+00 -1.381e-03
  5830  0.000e+00  0.000e+00 -1.389e-03
  5835  0.000e+00  0.000e+00 -1.393e-03
  5840  0.000e+00  0.000e+00 -1.396e-03
  5845  0.000e+00  0.000e+00 -1.397e-03
  5850  0.000e+00  0.000e+00 -1.396e-03
  5855  0.000e+00  0.000e+00 -1.393e-03
  5860  0.000e+00  0.000e+00 -1.390e-03
  5865  0.000e+00  0.000e+00 -1.386e-03
  5870  0.000e+00  0.000e+00 -1.381e-03
  5875  0.000e+00  0.000e+00 -1.375e-03
  5880  0.000e+00  0.000e+00 -1.368e-03
  5885  0.000e+00  0.000e+00 -1.361e-03
  5890  0.000e+00  0.000e+00 -1.352e-03
  5895  0.000e+00  0.000e+00 -1.342e-03
  5900  0.000e+00  0.000e+00 -1.331e-03
  5905  0.000e+00  0.000e+00 -1.318e-03
  5910  0.000e+00  0.000e+00 -1.303e-03
  5915  0.000e+00  0.000e+00 -1.287e-03
  5920  0.000e+00  0.000e+00 -1.268e-03
  5925  0.000e+00  0.000e+00 -1.247e-03
  5930  0.000e+00  0.000e+00 -1.225e-03
  5935  0.000e+00  0.000e+00 -1.201e-03
  5940  0.000e+00  0.000e+00 -1.176e-03
  5945  0.000e+00  0.000e+00 -1.149e-03
  5950  0.000e+00  0.000e+00 -1.122e-03
  5955  0.000e+00  0.000e+00 -1.096e-03
  5960  0.000e+00  0.000e+00 -1.070e-03
  5965  0.000e+00  0.000e+00 -1.045e-03
  5970  0.000e+00  0.000e+00 -1.023e-03
  5975  0.000e+00  0.000e+00 -1.004e-03
  5980  0.000e+00  0.000e+00 -9.886e-04
  5985  0.000e+00  0.000e+00 -9.779e-04
  5990  0.000e+00  0.000e+00 -9.726e-04
  5995  0.000e+00  0.000e+00 -9.732e-04
  6000  0.000e+00  0.000e+00 -9.804e-04
  6005  0.000e+00  0.000e+00 -9.946e-04
  6010  0.000e+00  0.000e+00 -1.016e-03
  6015  0.000e+00  0.000e+00 -1.045e-03
  6020  0.000e+00  0.000e+00 -1.081e-03
  6025  0.000e+00  0.000e+00 -1.124e-03
  6030  0.000e+00  0.000e+00 -1.174e-03
  6035  0.000e+00  0.000e+00 -1.229e-03
  6040  0.000e+00  0.000e+00 -1.290e-03
  6045  0.000e+00  0.000e+00 -1.355e-03
  6050  0.000e+00  0.000e+00 -1.423e-03
  6055  0.000e+00  0.000e+00 -1.492e-03
  6060  0.000e+00  0.000e+00 -1.562e-03
  6065  0.000e+00  0.000e+00 -1.631e-03
  6070  0.000e+00  0.000e+00 -1.698e-03
  6075  0.000e+00  0.000e+00 -1.760e-03
  6080  0.000e+00  0.000e+00 -1.817e-03
  6085  0.000e+00  0.000e+00 -1.867e-03
  6090  0.000e+00  0.000e+00 -1.908e-03
  6095  0.000e+00  0.000e+00 -1.941e-03
  6100  0.000e+00  0.000e+00 -1.964e-03
  6105  0.000e+00  0.000e+00 -1.976e-03
  6110  0.000e+00  0.000e+00 -1.977e-03
  6115  0.000e+00  0.000e+00 -1.966e-03
  6120  0.000e+00  0.000e+00 -1.944e-03
  6125  0.000e+00  0.000e+00 -1.911e-03
  6130  0.000e+00  0.000e+00 -1.868e-03
  6135  0.000e+00  0.000e+00 -1.816e-03
  6140  0.000e+00  0.000e+00 -1.755e-03
  6145  0.000e+00  0.000e+00 -1.688e-03
  6150  0.000e+00  0.000e+00 -1.615e-03
  6155  0.000e+00  0.000e+00 -1.538e-03
  6160  0.000e+00  0.000e+00 -1.459e-03
  6165  0.000e+00  0.000e+00 -1.380e-03
  6170  0.000e+00  0.000e+00 -1.303e-03
  6175  0.000e+00  0.000e+00 -1.229e-03
  6180  0.000e+00  0.000e+00 -1.161e-03
  6185  0.000e+00  0.000e+00 -1.100e-03
  6190  0.000e+00  0.000e+00 -1.046e-03
  6195  0.000e+00  0.000e+00 -1.003e-03
  6200  0.000e+00  0.000e+00 -9.694e-04
  6205  0.000e+00  0.000e+00 -9.473e-04
  6210  0.000e+00  0.000e+00 -9.367e-04
  6215  0.000e+00  0.000e+00 -9.378e-04
  6220  0.000e+00  0.000e+00 -9.502e-04
  6225  0.000e+00  0.000e+00 -9.735e-04
  6230  0.000e+00  0.000e+00 -1.007e-03
  6235  0.000e+00  0.000e+00 -1.049e-03
  6240  0.000e+00  0.000e+00 -1.098e-03
  6245  0.000e+00  0.000e+00 -1.154e-03
  6250  0.000e+00  0.000e+00 -1.213e-03
  6255  0.000e+00  0.000e+00 -1.275e-03
  6260  0.000e+00  0.000e+00 -1.336e-03
  6265  0.000e+00  0.000e+00 -1.396e-03
  6270  0.000e+00  0.000e+00 -1.452e-03
  6275  0.000e+00  0.000e+00 -1.502e-03
  6280  0.000e+00  0.000e+00 -1.545e-03
  6285  0.000e+00  0.000e+00 -1.579e-03
  6290  0.000e+00  0.000e+00 -1.602e-03
  6295  0.000e+00  0.000e+00 -1.614e-03
  6300  0.000e+00  0.000e+00 -1.613e-03
  6305  0.000e+00  0.000e+00 -1.599e-03
  6310  0.000e+00  0.000e+00 -1.573e-03
  6315  0.000e+00  0.000e+00 -1.534e-03
  6320  0.000e+00  0.000e+00 -1.483e-03
  6325  0.000e+00  0.000e+00 -1.420e-03
  6330  0.000e+00  0.000e+00 -1.347e-03
  6335  0.000e+00  0.000e+00 -1.266e-03
  6340  0.000e+00  0.000e+00 -1.178e-03
  6345  0.000e+00  0.000e+00 -1.085e-03
  6350  0.000e+00  0.000e+00 -9.884e-04
  6355  0.000e+00  0.000e+00 -8.913e-04
  6360  0.000e+00  0.000e+00 -7.955e-04
  6365  0.000e+00  0.000e+00 -7.031e-04
  6370  0.000e+00  0.000e+00 -6.163e-04
  6375  0.000e+00  0.000e+00 -5.369e-04
  6380  0.000e+00  0.000e+00 -4.667e-04
  6385  0.000e+00  0.000e+00 -4.073e-04
  6390  0.000e+00  0.000e+00 -3.599e-04
  6395  0.000e+00  0.000e+00 -3.254e-04
  6400  0.000e+00  0.000e+00 -3.045e-04
  6405  0.000e+00  0.000e+00 -2.975e-04
  6410  0.000e+00  0.000e+00 -3.043e-04
  6415  0.000e+00  0.000e+00 -3.245e-04
  6420  0.000e+00  0.000e+00 -3.574e-04
  6425  0.000e+00  0.000e+00 -4.020e-04
  6430  0.000e+00  0.000e+00 -4.569e-04
  6435  0.000e+00  0.000e+00 -5.206e-04
  6440  0.000e+00  0.000e+00 -5.913e-04
  6445  0.000e+00  0.000e+00 -6.672e-04
  6450  0.000e+00  0.000e+00 -7.461e-04
  6455  0.000e+00  0.000e+00 -8.261e-04
  6460  0.000e+00  0.000e+00 -9.052e-04
  6465  0.000e+00  0.000e+00 -9.813e-04
  6470  0.000e+00  0.000e+00 -1.053e-03
  6475  0.000e+00  0.000e+00 -1.118e-03
  6480  0.000e+00  0.000e+00 -1.175e-03
  6485  0.000e+00  0.000e+00 -1.223e-03
  6490  0.000e+00  0.000e+00 -1.261e-03
  6495  0.000e+00  0.000e+00 -1.289e-03
  6500  0.000e+00  0.000e+00 -1.306e-03
  6505  0.000e+00  0.000e+00 -1.312e-03
  6510  0.000e+00  0.000e+00 -1.308e-03
  6515  0.000e+00  0.000e+00 -1.294e-03
  6520  0.000e+00  0.000e+00 -1.271e-03
  6525  0.000e+00  0.000e+00 -1.241e-03
  6530  0.000e+00  0.000e+00 -1.205e-03
  6535  0.000e+00  0.000e+00 -1.165e-03
  6540  0.000e+00  0.000e+00 -1.121e-03
  6545  0.000e+00  0.000e+00 -1.077e-03
  6550  0.000e+00  0.000e+00 -1.034e-03
  6555  0.000e+00  0.000e+00 -9.934e-04
  6560  0.000e+00  0.000e+00 -9.573e-04
  6565  0.000e+00  0.000e+00 -9.272e-04
  6570  0.000e+00  0.000e+00 -9.045e-04
  6575  0.000e+00  0.000e+00 -8.904e-04
  6580  0.000e+00  0.000e+00 -8.858e-04
  6585  0.000e+00  0.000e+00 -8.913e-04
  6590  0.000e+00  0.000e+00 -9.073e-04
  6595  0.000e+00  0.000e+00 -9.337e-04
  6600  0.000e+00  0.000e+00 -9.704e-04
  6605  0.000e+00  0.000e+00 -1.017e-03
  6610  0.000e+00  0.000e+00 -1.072e-03
  6615  0.000e+00  0.000e+00 -1.134e-03
  6620  0.000e+00  0.000e+00 -1.203e-03
  6625  0.000e+00  0.000e+00 -1.276e-03
  6630  0.000e+00  0.000e+00 -1.353e-03
  6635  0.000e+00  0.000e+00 -1.430e-03
  6640  0.000e+00  0.000e+00 -1.507e-03
  6645  0.000e+00  0.000e+00 -1.581e-03
  6650  0.000e+00  0.000e+00 -1.650e-03
  6655  0.000e+00  0.000e+00 -1.714e-03
  6660  0.000e+00  0.000e+00 -1.770e-03
  6665  0.000e+00  0.000e+00 -1.816e-03
  6670  0.000e+00  0.000e+00 -1.853e-03
  6675  0.000e+00  0.000e+00 -1.878e-03
  6680  0.000e+00  0.000e+00 -1.892e-03
  6685  0.000e+00  0.000e+00 -1.893e-03
  6690  0.000e+00  0.000e+00 -1.883e-03
  6695  0.000e+00  0.000e+00 -1.861e-03
  6700  0.000e+00  0.000e+00 -1.828e-03
  6705  0.000e+00  0.000e+00 -1.784e-03
  6710  0.000e+00  0.000e+00 -1.732e-03
  6715  0.000e+00  0.000e+00 -1.671e-03
  6720  0.000e+00  0.000e+00 -1.605e-03
  6725  0.000e+00  0.000e+00 -1.534e-03
  6730  0.000e+00  0.000e+00 -1.461e-03
  6735  0.000e+00  0.000e+00 -1.387e-03
  6740  0.000e+00  0.000e+00 -1.314e-03
  6745  0.000e+00  0.000e+00 -1.243e-03
  6750  0.000e+00  0.000e+00 -1.178e-03
  6755  0.000e+00  0.000e+00 -1.119e-03
  6760  0.000e+00  0.000e+00 -1.068e-03
  6765  0.000e+00  0.000e+00 -1.026e-03
  6770  0.000e+00  0.000e+00 -9.943e-04
  6775  0.000e+00  0.000e+00 -9.734e-04
  6780  0.000e+00  0.000e+00 -9.639e-04
  6785  0.000e+00  0.000e+00 -9.661e-04
  6790  0.000e+00  0.000e+00 -9.801e-04
  6795  0.000e+00  0.000e+00 -1.005e-03
  6800  0.000e+00  0.000e+00 -1.042e-03
  6805  0.000e+00  0.000e+00 -1.088e-03
  6810  0.000e+00  0.000e+00 -1.143e-03
  6815  0.000e+00  0.000e+00 -1.207e-03
  6820  0.000e+00  0.000e+00 -1.277e-03
  6825  0.000e+00  0.000e+00 -1.352e-03
  6830  0.000e+00  0.000e+00 -1.431e-03
  6835  0.000e+00  0.000e+00 -1.512e-03
  6840  0.000e+00  0.000e+00 -1.594e-03
  6845  0.000e+00  0.000e+00 -1.675e-03
  6850  0.000e+00  0.000e+00 -1.754e-03
  6855  0.000e+00  0.000e+00 -1.830e-03
  6860  0.000e+00  0.000e+00 -1.901e-03
  6865  0.000e+00  0.000e+00 -1.966e-03
  6870  0.000e+00  0.000e+00 -2.025e-03
  6875  0.000e+00  0.000e+00 -2.077e-03
  6880  0.000e+00  0.000e+00 -2.121e-03
  6885  0.000e+00  0.000e+00 -2.157e-03
  6890  0.000e+00  0.000e+00 -2.186e-03
  6895  0.000e+00  0.000e+00 -2.206e-03
  6900  0.000e+00  0.000e+00 -2.218e-03
  6905  0.000e+00  0.000e+00 -2.223e-03
  6910  0.000e+00  0.000e+00 -2.220e-03
  6915  0.000e+00  0.000e+00 -2.211e-03
  6920  0.000e+00  0.000e+00 -2.196e-03
  6925  0.000e+00  0.000e+00 -2.176e-03
  6930  0.000e+00  0.000e+00 -2.150e-03
  6935  0.000e+00  0.000e+00 -2.120e-03
  6940  0.000e+00  0.000e+00 -2.087e-03
  6945  0.000e+00  0.000e+00 -2.050e-03
  6950  0.000e+00  0.000e+00 -2.010e-03
  6955  0.000e+00  0.000e+00 -1.968e-03
  6960  0.000e+00  0.000e+00 -1.924e-03
  6965  0.000e+00  0.000e+00 -1.878e-03
  6970  0.000e+00  0.000e+00 -1.830e-03
  6975  0.000e+00  0.000e+00 -1.780e-03
  6980  0.000e+00  0.000e+00 -1.729e-03
  6985  0.000e+00  0.000e+00 -1.675e-03
  6990  0.000e+00  0.000e+00 -1.620e-03
  6995  0.000e+00  0.000e+00 -1.562e-03
  7000  0.000e+00  0.000e+00 -1.501e-03
  7005  0.000e+00  0.000e+00 -1.438e-03
  7010  0.000e+00  0.000e+00 -1.373e-03
  7015  0.000e+00  0.000e+00 -1.304e-03
  7020  0.000e+00  0.000e+00 -1.233e-03
  7025  0.000e+00  0.000e+00 -1.160e-03
  7030  0.000e+00  0.000e+00 -1.083e-03
  7035  0.000e+00  0.000e+00 -1.005e-03
  7040  0.000e+00  0.000e+00 -9.243e-04
  7045  0.000e+00  0.000e+00 -8.426e-04
  7050  0.000e+00  0.000e+00 -7.602e-04
  7055  0.000e+00  0.000e+00 -6.778e-04
  7060  0.000e+00  0.000e+00 -5.961e-04
  7065  0.000e+00  0.000e+00 -5.161e-04
  7070  0.000e+00  0.000e+00 -4.386e-04
  7075  0.000e+00  0.000e+00 -3.646e-04
  7080  0.000e+00  0.000e+00 -2.951e-04
  7085  0.000e+00  0.000e+00 -2.310e-04
  7090  0.000e+00  0.000e+00 -1.732e-04
  7095  0.000e+00  0.000e+00 -1.226e-04
  7100  0.000e+00  0.000e+00 -7.989e-05
  7105  0.000e+00  0.000e+00 -4.583e-05
  7110  0.000e+00  0.000e+00 -2.092e-05
  7115  0.000e+00  0.000e+00 -5.562e-06
  7120  0.000e+00  0.000e+00 -0.000e+00
  7125  0.000e+00  0.000e+00 -4.316e-06
  7130  0.000e+00  0.000e+00 -1.842e-05
  7135  0.000e+00  0.000e+00 -4.208e-05
  7140  0.000e+00  0.000e+00 -7.485e-05
  7145  0.000e+00  0.000e+00 -1.162e-04
  7150  0.000e+00  0.000e+00 -1.654e-04
  7155  0.000e+00  0.000e+00 -2.216e-04
  7160  0.000e+00  0.000e+00 -2.838e-04
  7165  0.000e+00  0.000e+00 -3.511e-04
  7170  0.000e+00  0.000e+00 -4.223e-04
  7175  0.000e+00  0.000e+00 -4.964e-04
  7180  0.000e+00  0.000e+00 -5.721e-04
  7185  0.000e+00  0.000e+00 -6.484e-04
  7190  0.000e+00  0.000e+00 -7.242e-04
  7195  0.000e+00  0.000e+00 -7.985e-04
  7200  0.000e+00  0.000e+00 -8.704e-04
  7205  0.000e+00  0.000e+00 -9.390e-04
  7210  0.000e+00  0.000e+00 -1.004e-03
  7215  0.000e+00  0.000e+00 -1.064e-03
  7220  0.000e+00  0.000e+00 -1.119e-03
  7225  0.000e+00  0.000e+00 -1.169e-03
  7230  0.000e+00  0.000e+00 -1.213e-03
  7235  0.000e+00  0.000e+00 -1.252e-03
  7240  0.000e+00  0.000e+00 -1.285e-03
  7245  0.000e+00  0.000e+00 -1.314e-03
  7250  0.000e+00  0.000e+00 -1.337e-03
  7255  0.000e+00  0.000e+00 -1.356e-03
  7260  0.000e+00  0.000e+00 -1.370e-03
  7265  0.000e+00  0.000e+00 -1.381e-03
  7270  0.000e+00  0.000e+00 -1.389e-03
  7275  0.000e+00  0.000e+00 -1.393e-03
  7280  0.000e+00  0.000e+00 -1.396e-03
  7285  0.000e+00  0.000e+00 -1.397e-03
  7290  0.000e+00  0.000e+00 -1.396e-03
  7295  0.000e+00  0.000e+00 -1.393e-03
  7300  0.000e+00  0.000e+00 -1.390e-03
  7305  0.000e+00  0.000e+00 -1.386e-03
  7310  0.000e+00  0.000e+00 -1.381e-03
  7315  0.000e+00  0.000e+00 -1.375e-03
  7320  0.000e+00  0.000e+00 -1.368e-03
  7325  0.000e+00  0.000e+00 -1.361e-03
  7330  0.000e+00  0.000e+00 -1.352e-03
  7335  0.000e+00  0.000e+00 -1.342e-03
  7340  0.000e+00  0.000e+00 -1.331e-03
  7345  0.000e+00  0.000e+00 -1.318e-03
  7350  0.000e+00  0.000e+00 -1.303e-03
  7355  0.000e+00  0.000e+00 -1.287e-03
  7360  0.000e+00  0.000e+00 -1.268e-03
  7365  0.000e+00  0.000e+00 -1.247e-03
  7370  0.000e+00  0.000e+00 -1.225e-03
  7375  0.000e+00  0.000e+00 -1.201e-03
  7380  0.000e+00  0.000e+00 -1.176e-03
  7385  0.000e+00  0.000e+00 -1.149e-03
  7390  0.000e+00  0.000e+00 -1.122e-03
  7395  0.000e+00  0.000e+00 -1.096e-03
  7400  0.000e+00  0.000e+00 -1.070e-03
  7405  0.000e+00  0.000e+00 -1.045e-03
  7410  0.000e+00  0.000e+00 -1.023e-03
  7415  0.000e+00  0.000e+00 -1.004e-03
  7420  0.000e+00  0.000e+00 -9.886e-04
  7425  0.000e+00  0.000e+00 -9.779e-04
  7430  0.000e+00  0.000e+00 -9.726e-04
  7435  0.000e+00  0.000e+00 -9.732e-04
  7440  0.000e+00  0.000e+00 -9.804e-04
  7445  0.000e+00  0.000e+00 -9.946e-04
  7450  0.000e+00  0.000e+00 -1.016e-03
  7455  0.000e+00  0.000e+00 -1.045e-03
  7460  0.000e+00  0.000e+00 -1.081e-03
  7465  0.000e+00  0.000e+00 -1.124e-03
  7470  0.000e+00  0.000e+00 -1.174e-03
  7475  0.000e+00  0.000e+00 -1.229e-03
  7480  0.000e+00  0.000e+00 -1.290e-03
  7485  0.000e+00  0.000e+00 -1.355e-03
  7490  0.000e+00  0.000e+00 -1.423e-03
  7495  0.000e+00  0.000e+00 -1.492e-03
  7500  0.000e+00  0.000e+00 -1.562e-03
  7505  0.000e+00  0.000e+00 -1.631e-03
  7510  0.000e+00  0.000e+00 -1.698e-03
  7515  0.000e+00  0.000e+00 -1.760e-03
  7520  0.000e+00  0.000e+00 -1.817e-03
  7525  0.000e+00  0.000e+00 -1.867e-03
  7530  0.000e+00  0.000e+00 -1.908e-03
  7535  0.000e+00  0.000e+00 -1.941e-03
  7540  0.000e+00  0.000e+00 -1.964e-03
  7545  0.000e+00  0.000e+00 -1.976e-03
  7550  0.000e+00  0.000e+00 -1.977e-03
  7555  0.000e+00  0.000e+00 -1.966e-03
  7560  0.000e+00  0.000e+00 -1.944e-03
  7565  0.000e+00  0.000e+00 -1.911e-03
  7570  0.000e+00  0.000e+00 -1.868e-03
  7575  0.000e+00  0.000e+00 -1.816e-03
  7580  0.000e+00  0.000e+00 -1.755e-03
  7585  0.000e+00  0.000e+00 -1.688e-03
  7590  0.000e+00  0.000e+00 -1.615e-03
  7595  0.000e+00  0.000e+00 -1.538e-03
  7600  0.000e+00  0.000e+00 -1.459e-03
  7605  0.000e+00  0.000e+00 -1.380e-03
  7610  0.000e+00  0.000e+00 -1.303e-03
  7615  0.000e+00  0.000e+00 -1.229e-03
  7620  0.000e+00  0.000e+00 -1.161e-03
  7625  0.000e+00  0.000e+00 -1.100e-03
  7630  0.000e+00  0.000e+00 -1.046e-03
  7635  0.000e+00  0.000e+00 -1.003e-03
  7640  0.000e+00  0.000e+00 -9.694e-04
  7645  0.000e+00  0.000e+00 -9.473e-04
  7650  0.000e+00  0.000e+00 -9.367e-04
  7655  0.000e+00  0.000e+00 -9.378e-04
  7660  0.000e+00  0.000e+00 -9.502e-04
  7665  0.000e+00  0.000e+00 -9.735e-04
  7670  0.000e+00  0.000e+00 -1.007e-03
  7675  0.000e+00  0.000e+00 -1.049e-03
  7680  0.000e+00  0.000e+00 -1.098e-03
  7685  0.000e+00  0.000e+00 -1.154e-03
  7690  0.000e+00  0.000e+00 -1.213e-03
  7695  0.000e+00  0.000e+00 -1.275e-03
  7700  0.000e+00  0.000e+00 -1.336e-03
  7705  0.000e+00  0.000e+00 -1.396e-03
  7710  0.000e+00  0.000e+00 -1.452e-03
  7715  0.000e+00  0.000e+00 -1.502e-03
  7720  0.000e+00  0.000e+00 -1.545e-03
  7725  0.000e+00  0.000e+00 -1.579e-03
  7730  0.000e+00  0.000e+00 -1.602e-03
  7735  0.000e+00  0.000e+00 -1.614e-03
  7740  0.000e+00  0.000e+00 -1.613e-03
  7745  0.000e+00  0.000e+00 -1.599e-03
  7750  0.000e+00  0.000e+00 -1.573e-03
  7755  0.000e+00  0.000e+00 -1.534e-03
  7760  0.000e+00  0.000e+00 -1.483e-03
  7765  0.000e+00  0.000e+00 -1.420e-03
  7770  0.000e+00  0.000e+00 -1.347e-03
  7775  0.000e+00  0.000e+00 -1.266e-03
  7780  0.000e+00  0.000e+00 -1.178e-03
  7785  0.000e+00  0.000e+00 -1.085e-03
  7790  0.000e+00  0.000e+00 -9.884e-04
  7795  0.000e+00  0.000e+00 -8.913e-04
  7800  0.000e+00  0.000e+00 -7.955e-04
  7805  0.000e+00  0.000e+00 -7.031e-04
  7810  0.000e+00  0.000e+00 -6.163e-04
  7815  0.000e+00  0.000e+00 -5.369e-04
  7820  0.000e+00  0.000e+00 -4.667e-04
  7825  0.000e+00  0.000e+00 -4.073e-04
  7830  0.000e+00  0.000e+00 -3.599e-04
  7835  0.000e+00  0.000e+00 -3.254e-04
  7840  0.000e+00  0.000e+00 -3.045e-04
  7845  0.000e+00  0.000e+00 -2.975e-04
  7850  0.000e+00  0.000e+00 -3.043e-04
  7855  0.000e+00  0.000e+00 -3.245e-04
  7860  0.000e+00  0.000e+00 -3.574e-04
  7865  0.000e+00  0.000e+00 -4.020e-04
  7870  0.000e+00  0.000e+00 -4.569e-04
  7875  0.000e+00  0.000e+00 -5.206e-04
  7880  0.000e+00  0.000e+00 -5.913e-04
  7885  0.000e+00  0.000e+00 -6.672e-04
  7890  0.000e+00  0.000e+00 -7.461e-04
  7895  0.000e+00  0.000e+00 -8.261e-04
  7900  0.000e+00  0.000e+00 -9.052e-04
  7905  0.000e+00  0.000e+00 -9.813e-04
  7910  0.000e+00  0.000e+00 -1.053e-03
  7915  0.000e+00  0.000e+00 -1.118e-03
  7920  0.000e+00  0.000e+00 -1.175e-03
  7925  0.000e+00  0.000e+00 -1.223e-03
  7930  0.000e+00  0.000e+00 -1.261e-03
  7935  0.000e+00  0.000e+00 -1.289e-03
  7940  0.000e+00  0.000e+00 -1.306e-03
  7945  0.000e+00  0.000e+00 -1.312e-03
  7950  0.000e+00  0.000e+00 -1.308e-03
  7955  0.000e+00  0.000e+00 -1.294e-03
  7960  0.000e+00  0.000e+00 -1.271e-03
  7965  0.000e+00  0.000e+00 -1.241e-03
  7970  0.000e+00  0.000e+00 -1.205e-03
  7975  0.000e+00  0.000e+00 -1.165e-03
  7980  0.000e+00  0.000e+00 -1.121e-03
  7985  0.000e+00  0.000e+00 -1.077e-03
  7990  0.000e+00  0.000e+00 -1.034e-03
  7995  0.000e+00  0.000e+00 -9.934e-04
  8000  0.000e+00  0.000e+00 -9.573e-04
  8005  0.000e+00  0.000e+00 -9.272e-04
  8010  0.000e+00  0.000e+00 -9.045e-04
  8015  0.000e+00  0.000e+00 -8.904e-04
  8020  0.000e+00  0.000e+00 -8.858e-04
  8025  0.000e+00  0.000e+00 -8.913e-04
  8030  0.000e+00  0.000e+00 -9.073e-04
  8035  0.000e+00  0.000e+00 -9.337e-04
  8040  0.000e+00  0.000e+00 -9.704e-04
  8045  0.000e+00  0.000e+00 -1.017e-03
  8050  0.000e+00  0.000e+00 -1.072e-03
  8055  0.000e+00  0.000e+00 -1.134e-03
  8060  0.000e+00  0.000e+00 -1.203e-03
  8065  0.000e+00  0.000e+00 -1.276e-03
  8070  0.000e+00  0.000e+00 -1.353e-03
  8075  0.000e+00  0.000e+00 -1.430e-03
  8080  0.000e+00  0.000e+00 -1.507e-03
  8085  0.000e+00  0.000e+00 -1.581e-03
  8090  0.000e+00  0.000e+00 -1.650e-03
  8095  0.000e+00  0.000e+00 -1.714e-03
  8100  0.000e+00  0.000e+00 -1.770e-03
  8105  0.000e+00  0.000e+00 -1.816e-03
  8110  0.000e+00  0.000e+00 -1.853e-03
  8115  0.000e+00  0.000e+00 -1.878e-03
  8120  0.000e+00  0.000e+00 -1.892e-03
  8125  0.000e+00  0.000e+00 -1.893e-03
  8130  0.000e+00  0.000e+00 -1.883e-03
  8135  0.000e+00  0.000e+00 -1.861e-03
  8140  0.000e+00  0.000e+00 -1.828e-03
  8145  0.000e+00  0.000e+00 -1.784e-03
  8150  0.000e+00  0.000e+00 -1.732e-03
  8155  0.000e+00  0.000e+00 -1.671e-03
  8160  0.000e+00  0.000e+00 -1.605e-03
  8165  0.000e+00  0.000e+00 -1.534e-03
  8170  0.000e+00  0.000e+00 -1.461e-03
  8175  0.000e+00  0.000e+00 -1.387e-03
  8180  0.000e+00  0.000e+00 -1.314e-03
  8185  0.000e+00  0.000e+00 -1.243e-03
  8190  0.000e+00  0.000e+00 -1.178e-03
  8195  0.000e+00  0.000e+00 -1.119e-03
  8200  0.000e+00  0.000e+00 -1.068e-03
  8205  0.000e+00  0.000e+00 -1.026e-03
  8210  0.000e+00  0.000e+00 -9.943e-04
  8215  0.000e+00  0.000e+00 -9.734e-04
  8220  0.000e+00  0.000e+00 -9.639e-04
  8225  0.000e+00  0.000e+00 -9.661e-04
  8230  0.000e+00  0.000e+00 -9.801e-04
  8235  0.000e+00  0.000e+00 -1.005e-03
  8240  0.000e+00  0.000e+00 -1.042e-03
  8245  0.000e+00  0.000e+00 -1.088e-03
  8250  0.000e+00  0.000e+00 -1.143e-03
  8255  0.000e+00  0.000e+00 -1.207e-03
  8260  0.000e+00  0.000e+00 -1.277e-03
  8265  0.000e+00  0.000e+00 -1.352e-03
  8270  0.000e+00  0.000e+00 -1.431e-03
  8275  0.000e+00  0.000e+00 -1.512e-03
  8280  0.000e+00  0.000e+00 -1.594e-03
  8285  0.000e+00  0.000e+00 -1.675e-03
  8290  0.000e+00  0.000e+00 -1.754e-03
  8295  0.000e+00  0.000e+00 -1.830e-03
  8300  0.000e+00  0.000e+00 -1.901e-03
  8305  0.000e+00  0.000e+00 -1.966e-03
  8310  0.000e+00  0.000e+00 -2.025e-03
  8315  0.000e+00  0.000e+00 -2.077e-03
  8320  0.000e+00  0.000e+00 -2.121e-03
  8325  0.000e+00  0.000e+00 -2.157e-03
  8330  0.000e+00  0.000e+00 -2.186e-03
  8335  0.000e+00  0.000e+00 -2.206e-03
  8340  0.000e+00  0.000e+00 -2.218e-03
  8345  0.000e+00  0.000e+00 -2.223e-03
  8350  0.000e+00  0.000e+00 -2.220e-03
  8355  0.000e+00  0.000e+00 -2.211e-03
  8360  0.000e+00  0.000e+00 -2.196e-03
  8365  0.000e+00  0.000e+00 -2.176e-03
  8370  0.000e+00  0.000e+00 -2.150e-03
  8375  0.000e+00  0.000e+00 -2.120e-03
  8380  0.000e+00  0.000e+00 -2.087e-03
  8385  0.000e+00  0.000e+00 -2.050e-03
  8390  0.000e+00  0.000e+00 -2.010e-03
  8395  0.000e+00  0.000e+00 -1.968e-03
  8400  0.000e+00  0.000e+00 -1.924e-03
  8405  0.000e+00  0.000e+00 -1.878e-03
  8410  0.000e+00  0.000e+00 -1.830e-03
  8415  0.000e+00  0.000e+00 -1.780e-03
  8420  0.000e+00  0.000e+00 -1.729e-03
  8425  0.000e+00  0.000e+00 -1.675e-03
  8430  0.000e+00  0.000e+00 -1.620e-03
  8435  0.000e+00  0.000e+00 -1.562e-03
  8440  0.000e+00  0.000e+00 -1.501e-03
  8445  0.000e+00  0.000e+00 -1.438e-03
  8450  0.000e+00  0.000e+00 -1.373e-03
  8455  0.000e+00  0.000e+00 -1.304e-03
  8460  0.000e+00  0.000e+00 -1.233e-03
  8465  0.000e+00  0.000e+00 -1.160e-03
  8470  0.000e+00  0.000e+00 -1.083e-03
  8475  0.000e+00  0.000e+00 -1.005e-03
  8480  0.000e+00  0.000e+00 -9.243e-04
  8485  0.000e+00  0.000e+00 -8.426e-04
  8490  0.000e+00  0.000e+00 -7.602e-04
  8495  0.000e+00  0.000e+00 -6.778e-04
  8500  0.000e+00  0.000e+00 -5.961e-04
  8505  0.000e+00  0.000e+00 -5.161e-04
  8510  0.000e+00  0.000e+00 -4.386e-04
  8515  0.000e+00  0.000e+00 -3.646e-04
  8520  0.000e+00  0.000e+00 -2.951e-04
  8525  0.000e+00  0.000e+00 -2.310e-04
  8530  0.000e+00  0.000e+00 -1.732e-04
  8535  0.000e+00  0.000e+00 -1.226e-04
  8540  0.000e+00  0.000e+00 -7.989e-05
  8545  0.000e+00  0.000e+00 -4.583e-05
  8550  0.000e+00  0.000e+00 -2.092e-05
  8555  0.000e+00  0.000e+00 -5.562e-06
  8560  0.000e+00  0.000e+00 -3.021e-18
  8565  0.000e+00  0.000e+00 -4.316e-06
  8570  0.000e+00  0.000e+00 -1.842e-05
  8575  0.000e+00  0.000e+00 -4.208e-05
  8580  0.000e+00  0.000e+00 -7.485e-05
  8585  0.000e+00  0.000e+00 -1.162e-04
  8590  0.000e+00  0.000e+00 -1.654e-04
  8595  0.000e+00  0.000e+00 -2.216e-04
  8600  0.000e+00  0.000e+00 -2.838e-04
  8605  0.000e+00  0.000e+00 -3.511e-04
  8610  0.000e+00  0.000e+00 -4.223e-04
  8615  0.000e+00  0.000e+00 -4.964e-04
  8620  0.000e+00  0.000e+00 -5.721e-04
  8625  0.000e+00  0.000e+00 -6.484e-04
  8630  0.000e+00  0.000e+00 -7.242e-04
  8635  0.000e+00  0.000e+00 -7.985e-04
  8640  0.000e+00  0.000e+00 -8.704e-04
  8645  0.000e+00  0.000e+00 -9.390e-04
  8650  0.000e+00  0.000e+00 -1.004e-03
  8655  0.000e+00  0.000e+00 -1.064e-03
  8660  0.000e+00  0.000e+00 -1.119e-03
  8665  0.000e+00  0.000e+00 -1.169e-03
  8670  0.000e+00  0.000e+00 -1.213e-03
  8675  0.000e+00  0.000e+00 -1.252e-03
  8680  0.000e+00  0.000e+00 -1.285e-03
  8685  0.000e+00  0.000e+00 -1.314e-03
  8690  0.000e+00  0.000e+00 -1.337e-03
  8695  0.000e+00  0.000e+00 -1.356e-03
  8700  0.000e+00  0.000e+00 -1.370e-03
  8705  0.000e+00  0.000e+00 -1.381e-03
  8710  0.000e+00  0.000e+00 -1.389e-03
  8715  0.000e+00  0.000e+00 -1.393e-03
  8720  0.000e+00  0.000e+00 -1.396e-03
  8725  0.000e+00  0.000e+00 -1.397e-03
  8730  0.000e+00  0.000e+00 -1.396e-03
  8735  0.000e+00  0.000e+00 -1.393e-03
  8740  0.000e+00  0.000e+00 -1.390e-03
  8745  0.000e+00  0.000e+00 -1.386e-03
  8750  0.000e+00  0.000e+00 -1.381e-03
  8755  0.000e+00  0.000e+00 -1.375e-03
  8760  0.000e+00  0.000e+00 -1.368e-03
  8765  0.000e+00  0.000e+00 -1.361e-03
  8770  0.000e+00  0.000e+00 -1.352e-03
  8775  0.000e+00  0.000e+00 -1.342e-03
  8780  0.000e+00  0.000e+00 -1.331e-03
  8785  0.000e+00  0.000e+00 -1.318e-03
  8790  0.000e+00  0.000e+00 -1.303e-03
  8795  0.000e+00  0.000e+00 -1.287e-03
  8800  0.000e+00  0.000e+00 -1.268e-03
  8805  0.000e+00  0.000e+00 -1.247e-03
  8810  0.000e+00  0.000e+00 -1.225e-03
  8815  0.000e+00  0.000e+00 -1.201e-03
  8820  0.000e+00  0.000e+00 -1.176e-03
  8825  0.000e+00  0.000e+00 -1.149e-03
  8830  0.000e+00  0.000e+00 -1.122e-03
  8835  0.000e+00  0.000e+00 -1.096e-03
  8840  0.000e+00  0.000e+00 -1.070e-03
  8845  0.000e+00  0.000e+00 -1.045e-03
  8850  0.000e+00  0.000e+00 -1.023e-03
  8855  0.000e+00  0.000e+00 -1.004e-03
  8860  0.000e+00  0.000e+00 -9.886e-04
  8865  0.000e+00  0.000e+00 -9.779e-04
  8870  0.000e+00  0.000e+00 -9.726e-04
  8875  0.000e+00  0.000e+00 -9.732e-04
  8880  0.000e+00  0.000e+00 -9.804e-04
  8885  0.000e+00  0.000e+00 -9.946e-04
  8890  0.000e+00  0.000e+00 -1.016e-03
  8895  0.000e+00  0.000e+00 -1.045e-03
  8900  0.000e+00  0.000e+00 -1.081e-03
  8905  0.000e+00  0.000e+00 -1.124e-03
  8910  0.000e+00  0.000e+00 -1.174e-03
  8915  0.000e+00  0.000e+00 -1.229e-03
  8920  0.000e+00  0.000e+00 -1.290e-03
  8925  0.000e+00  0.000e+00 -1.355e-03
  8930  0.000e+00  0.000e+00 -1.423e-03
  8935  0.000e+00  0.000e+00 -1.492e-03
  8940  0.000e+00  0.000e+00 -1.562e-03
  8945  0.000e+00  0.000e+00 -1.631e-03
  8950  0.000e+00  0.000e+00 -1.698e-03
  8955  0.000e+00  0.000e+00 -1.760e-03
  8960  0.000e+00  0.000e+00 -1.817e-03
  8965  0.000e+00  0.000e+00 -1.867e-03
  8970  0.000e+00  0.000e+00 -1.908e-03
  8975  0.000e+00  0.000e+00 -1.941e-03
  8980  0.000e+00  0.000e+00 -1.964e-03
  8985  0.000e+00  0.000e+00 -1.976e-03
  8990  0.000e+00  0.000e+00 -1.977e-03
  8995  0.000e+00  0.000e+00 -1.966e-03
  9000  0.000e+00  0.000e+00 -1.944e-03
  9005  0.000e+00  0.000e+00 -1.911e-03
  9010  0.000e+00  0.000e+00 -1.868e-03
  9015  0.000e+00  0.000e+00 -1.816e-03
  9020  0.000e+00  0.000e+00 -1.755e-03
  9025  0.000e+00  0.000e+00 -1.688e-03
  9030  0.000e+00  0.000e+00 -1.615e-03
  9035  0.000e+00  0.000e+00 -1.538e-03
  9040  0.000e+00  0.000e+00 -1.459e-03
  9045  0.000e+00  0.000e+00 -1.380e-03
  9050  0.000e+00  0.000e+00 -1.303e-03
  9055  0.000e+00  0.000e+00 -1.229e-03
  9060  0.000e+00  0.000e+00 -1.161e-03
  9065  0.000e+00  0.000e+00 -1.100e-03
  9070  0.000e+00  0.000e+00 -1.046e-03
  9075  0.000e+00  0.000e+00 -1.003e-03
  9080  0.000e+00  0.000e+00 -9.694e-04
  9085  0.000e+00  0.000e+00 -9.473e-04
  9090  0.000e+00  0.000e+00 -9.367e-04
  9095  0.000e+00  0.000e+00 -9.378e-04
  9100  0.000e+00  0.000e+00 -9.502e-04
  9105  0.000e+00  0.000e+00 -9.735e-04
  9110  0.000e+00  0.000e+00 -1.007e-03
  9115  0.000e+00  0.000e+00 -1.049e-03
  9120  0.000e+00  0.000e+00 -1.098e-03
  9125  0.000e+00  0.000e+00 -1.154e-03
  9130  0.000e+00  0.000e+00 -1.213e-03
  9135  0.000e+00  0.000e+00 -1.275e-03
  9140  0.000e+00  0.000e+00 -1.336e-03
  9145  0.000e+00  0.000e+00 -1.396e-03
  9150  0.000e+00  0.000e+00 -1.452e-03
  9155  0.000e+00  0.000e+00 -1.502e-03
  9160  0.000e+00  0.000e+00 -1.545e-03
  9165  0.000e+00  0.000e+00 -1.579e-03
  9170  0.000e+00  0.000e+00 -1.602e-03
  9175  0.000e+00  0.000e+00 -1.614e-03
  9180  0.000e+00  0.000e+00 -1.613e-03
  9185  0.000e+00  0.000e+00 -1.599e-03
  9190  0.000e+00  0.000e+00 -1.573e-03
  9195  0.000e+00  0.000e+00 -1.534e-03
  9200  0.000e+00  0.000e+00 -1.483e-03
  9205  0.000e+00  0.000e+00 -1.420e-03
  9210  0.000e+00  0.000e+00 -1.347e-03
  9215  0.000e+00  0.000e+00 -1.266e-03
  9220  0.000e+00  0.000e+00 -1.178e-03
  9225  0.000e+00  0.000e+00 -1.085e-03
  9230  0.000e+00  0.000e+00 -9.884e-04
  9235  0.000e+00  0.000e+00 -8.913e-04
  9240  0.000e+00  0.000e+00 -7.955e-04
  9245  0.000e+00  0.000e+00 -7.031e-04
  9250  0.000e+00  0.000e+00 -6.163e-04
  9255  0.000e+00  0.000e+00 -5.369e-04
  9260  0.000e+00  0.000e+00 -4.667e-04
  9265  0.000e+00  0.000e+00 -4.073e-04
  9270  0.000e+00  0.000e+00 -3.599e-04
  9275  0.000e+00  0.000e+00 -3.254e-04
  9280  0.000e+00  0.000e+00 -3.045e-04
  9285  0.000e+00  0.000e+00 -2.975e-04
  9290  0.000e+00  0.000e+00 -3.043e-04
  9295  0.000e+00  0.000e+00 -3.245e-04
  9300  0.000e+00  0.000e+00 -3.574e-04
  9305  0.000e+00  0.000e+00 -4.020e-04
  9310  0.000e+00  0.000e+00 -4.569e-04
  9315  0.000e+00  0.000e+00 -5.206e-04
  9320  0.000e+00  0.000e+00 -5.913e-04
  9325  0.000e+00  0.000e+00 -6.672e-04
  9330  0.000e+00  0.000e+00 -7.461e-04
  9335  0.000e+00  0.000e+00 -8.261e-04
  9340  0.000e+00  0.000e+00 -9.052e-04
  9345  0.000e+00  0.000e+00 -9.813e-04
  9350  0.000e+00  0.000e+00 -1.053e-03
  9355  0.000e+00  0.000e+00 -1.118e-03
  9360  0.000e+00  0.000e+00 -1.175e-03
  9365  0.000e+00  0.000e+00 -1.223e-03
  9370  0.000e+00  0.000e+00 -1.261e-03
  9375  0.000e+00  0.000e+00 -1.289e-03
  9380  0.000e+00  0.000e+00 -1.306e-03
  9385  0.000e+00  0.000e+00 -1.312e-03
  9390  0.000e+00  0.000e+00 -1.308e-03
  9395  0.000e+00  0.000e+00 -1.294e-03
  9400  0.000e+00  0.000e+00 -1.271e-03
  9405  0.000e+00  0.000e+00 -1.241e-03
  9410  0.000e+00  0.000e+00 -1.205e-03
  9415  0.000e+00  0.000e+00 -1.165e-03
  9420  0.000e+00  0.000e+00 -1.121e-03
  9425  0.000e+00  0.000e+00 -1.077e-03
  9430  0.000e+00  0.000e+00 -1.034e-03
  9435  0.000e+00  0.000e+00 -9.934e-04
  9440  0.000e+00  0.000e+00 -9.573e-04
  9445  0.000e+00  0.000e+00 -9.272e-04
  9450  0.000e+00  0.000e+00 -9.045e-04
  9455  0.000e+00  0.000e+00 -8.904e-04
  9460  0.000e+00  0.000e+00 -8.858e-04
  9465  0.000e+00  0.000e+00 -8.913e-04
  9470  0.000e+00  0.000e+00 -9.073e-04
  9475  0.000e+00  0.000e+00 -9.337e-04
  9480  0.000e+00  0.000e+00 -9.704e-04
  9485  0.000e+00  0.000e+00 -1.017e-03
  9490  0.000e+00  0.000e+00 -1.072e-03
  9495  0.000e+00  0.000e+00 -1.134e-03
  9500  0.000e+00  0.000e+00 -1.203e-03
  9505  0.000e+00  0.000e+00 -1.276e-03
  9510  0.000e+00  0.000e+00 -1.353e-03
  9515  0.000e+00  0.000e+00 -1.430e-03
  9520  0.000e+00  0.000e+00 -1.507e-03
  9525  0.000e+00  0.000e+00 -1.581e-03
  9530  0.000e+00  0.000e+00 -1.650e-03
  9535  0.000e+00  0.000e+00 -1.714e-03
  9540  0.000e+00  0.000e+00 -1.770e-03
  9545  0.000e+00  0.000e+00 -1.816e-03
  9550  0.000e+00  0.000e+00 -1.853e-03
  9555  0.000e+00  0.000e+00 -1.878e-03
  9560  0.000e+00  0.000e+00 -1.892e-03
  9565  0.000e+00  0.000e+00 -1.893e-03
  9570  0.000e+00  0.000e+00 -1.883e-03
  9575  0.000e+00  0.000e+00 -1.861e-03
  9580  0.000e+00  0.000e+00 -1.828e-03
  9585  0.000e+00  0.000e+00 -1.784e-03
  9590  0.000e+00  0.000e+00 -1.732e-03
  9595  0.000e+00  0.000e+00 -1.671e-03
  9600  0.000e+00  0.000e+00 -1.605e-03
  9605  0.000e+00  0.000e+00 -1.534e-03
  9610  0.000e+00  0.000e+00 -1.461e-03
  9615  0.000e+00  0.000e+00 -1.387e-03
  9620  0.000e+00  0.000e+00 -1.314e-03
  9625  0.000e+00  0.000e+00 -1.243e-03
  9630  0.000e+00  0.000e+00 -1.178e-03
  9635  0.000e+00  0.000e+00 -1.119e-03
  9640  0.000e+00  0.000e+00 -1.068e-03
  9645  0.000e+00  0.000e+00 -1.026e-03
  9650  0.000e+00  0.000e+00 -9.943e-04
  9655  0.000e+00  0.000e+00 -9.734e-04
  9660  0.000e+00  0.000e+00 -9.639e-04
  9665  0.000e+00  0.000e+00 -9.661e-04
  9670  0.000e+00  0.000e+00 -9.801e-04
  9675  0.000e+00  0.000e+00 -1.005e-03
  9680  0.000e+00  0.000e+00 -1.042e-03
  9685  0.000e+00  0.000e+00 -1.088e-03
  9690  0.000e+00  0.000e+00 -1.143e-03
  9695  0.000e+00  0.000e+00 -1.207e-03
  9700  0.000e+00  0.000e+00 -1.277e-03
  9705  0.000e+00  0.000e+00 -1.352e-03
  9710  0.000e+00  0.000e+00 -1.431e-03
  9715  0.000e+00  0.000e+00 -1.512e-03
  9720  0.000e+00  0.000e+00 -1.594e-03
  9725  0.000e+00  0.000e+00 -1.675e-03
  9730  0.000e+00  0.000e+00 -1.754e-03
  9735  0.000e+00  0.000e+00 -1.830e-03
  9740  0.000e+00  0.000e+00 -1.901e-03
  9745  0.000e+00  0.000e+00 -1.966e-03
  9750  0.000e+00  0.000e+00 -2.025e-03
  9755  0.000e+00  0.000e+00 -2.077e-03
  9760  0.000e+00  0.000e+00 -2.121e-03
  9765  0.000e+00  0.000e+00 -2.157e-03
  9770  0.000e+00  0.000e+00 -2.186e-03
  9775  0.000e+00  0.000e+00 -2.206e-03
  9780  0.000e+00  0.000e+00 -2.218e-03
  9785  0.000e+00  0.000e+00 -2.223e-03
  9790  0.000e+00  0.000e+00 -2.220e-03
  9795  0.000e+00  0.000e+00 -2.211e-03
  9800  0.000e+00  0.000e+00 -2.196e-03
  9805  0.000e+00  0.000e+00 -2.176e-03
  9810  0.000e+00  0.000e+00 -2.150e-03
  9815  0.000e+00  0.000e+00 -2.120e-03
  9820  0.000e+00  0.000e+00 -2.087e-03
  9825  0.000e+00  0.000e+00 -2.050e-03
  9830  0.000e+00  0.000e+00 -2.010e-03
  9835  0.000e+00  0.000e+00 -1.968e-03
  9840  0.000e+00  0.000e+00 -1.924e-03
  9845  0.000e+00  0.000e+00 -1.878e-03
  9850  0.000e+00  0.000e+00 -1.830e-03
  9855  0.000e+00  0.000e+00 -1.780e-03
  9860  0.000e+00  0.000e+00 -1.729e-03
  9865  0.000e+00  0.000e+00 -1.675e-03
  9870  0.000e+00  0.000e+00 -1.620e-03
  9875  0.000e+00  0.000e+00 -1.562e-03
  9880  0.000e+00  0.000e+00 -1.501e-03
  9885  0.000e+00  0.000e+00 -1.438e-03
  9890  0.000e+00  0.000e+00 -1.373e-03
  9895  0.000e+00  0.000e+00 -1.304e-03
  9900  0.000e+00  0.000e+00 -1.233e-03
  9905  0.000e+00  0.000e+00 -1.160e-03
  9910  0.000e+00  0.000e+00 -1.083e-03
  9915  0.000e+00  0.000e+00 -1.005e-03
  9920  0.000e+00  0.000e+00 -9.243e-04
  9925  0.000e+00  0.000e+00 -8.426e-04
  9930  0.000e+00  0.000e+00 -7.602e-04
  9935  0.000e+00  0.000e+00 -6.778e-04
  9940  0.000e+00  0.000e+00 -5.961e-04
  9945  0.000e+00  0.000e+00 -5.161e-04
  9950  0.000e+00  0.000e+00 -4.386e-04
  9955  0.000e+00  0.000e+00 -3.646e-04
  9960  0.000e+00  0.000e+00 -2.951e-04
  9965  0.000e+00  0.000e+00 -2.310e-04
  9970  0.000e+00  0.000e+00 -1.732e-04
  9975  0.000e+00  0.000e+00 -1.226e-04
  9980  0.000e+00  0.000e+00 -7.989e-05
  9985  0.000e+00  0.000e+00 -4.583e-05
  9990  0.000e+00  0.000e+00 -2.092e-05
  9995  0.000e+00  0.000e+00 -5.562e-06
 10000  0.000e+00  0.000e+00 -1.611e-18
 10005  0.000e+00  0.000e+00 -4.316e-06
 10010  0.000e+00  0.000e+00 -1.842e-05
 10015  0.000e+00  0.000e+00 -4.208e-05
 10020  0.000e+00  0.000e+00 -7.485e-05
 10025  0.000e+00  0.000e+00 -1.162e-04
 10030  0.000e+00  0.000e+00 -1.654e-04
 10035  0.000e+00  0.000e+00 -2.216e-04
 10040  0.000e+00  0.000e+00 -2.838e-04
 10045  0.000e+00  0.000e+00 -3.511e-04
 10050  0.000e+00  0.000e+00 -4.223e-04
 10055  0.000e+00  0.000e+00 -4.964e-04
 10060  0.000e+00  0.000e+00 -5.721e-04
 10065  0.000e+00  0.000e+00 -6.484e-04
 10070  0.000e+00  0.000e+00 -7.242e-04
 10075  0.000e+00  0.000e+00 -7.985e-04
 10080  0.000e+00  0.000e+00 -8.704e-04
