0 0 0 0.220000
5 0 0 0.413539
10 0 0 0.464609
15 0 0 0.420000
20 0 0 0.326502
25 0 0 0.230905
30 0 0 0.180000
35 0 0 0.204157
40 0 0 0.268067
45 0 0 0.320000
50 0 0 0.321314
55 0 0 0.285716
60 0 0 0.240000
65 0 0 0.208364
70 0 0 0.204624
75 0 0 0.240000
80 0 0 0.315600
85 0 0 0.392084
90 0 0 0.420000
95 0 0 0.369977
100 0 0 0.292966
105 0 0 0.260000
110 0 0 0.320049
115 0 0 0.433831
120 0 0 0.540000
125 0 0 0.590567
130 0 0 0.590969
135 0 0 0.560000
140 0 0 0.513978
145 0 0 0.459328
150 0 0 0.400000
155 0 0 0.342409
160 0 0 0.302830
165 0 0 0.300000
170 0 0 0.342311
175 0 0 0.396761
180 0 0 0.420000
185 0 0 0.383901
190 0 0 0.321236
195 0 0 0.280000
200 0 0 0.293935
205 0 0 0.339774
210 0 0 0.380000
215 0 0 0.386285
220 0 0 0.367073
225 0 0 0.340000
230 0 0 0.320183
235 0 0 0.312672
240 0 0 0.320000
245 0 0 0.341130
250 0 0 0.360755
255 0 0 0.360000
260 0 0 0.328629
265 0 0 0.290973
270 0 0 0.280000
275 0 0 0.316945
280 0 0 0.376094
285 0 0 0.420000
290 0 0 0.421370
295 0 0 0.393539
300 0 0 0.360000
305 0 0 0.339798
310 0 0 0.334193
315 0 0 0.340000
320 0 0 0.352772
325 0 0 0.363021
330 0 0 0.360000
335 0 0 0.338003
340 0 0 0.311499
345 0 0 0.300000
350 0 0 0.315957
355 0 0 0.343576
360 0 0 0.360000
365 0 0 0.352984
370 0 0 0.352717
375 0 0 0.400000
380 0 0 0.515812
385 0 0 0.641853
390 0 0 0.700000
395 0 0 0.639323
400 0 0 0.517650
405 0 0 0.420000
410 0 0 0.408378
415 0 0 0.452733
420 0 0 0.500000
425 0 0 0.508646
430 0 0 0.483269
435 0 0 0.440000
440 0 0 0.394815
445 0 0 0.363078
450 0 0 0.360000
455 0 0 0.392834
460 0 0 0.437010
465 0 0 0.460000
470 0 0 0.439774
475 0 0 0.396289
480 0 0 0.360000
485 0 0 0.353995
490 0 0 0.371907
495 0 0 0.400000
500 0 0 0.424985
505 0 0 0.435343
510 0 0 0.420000
515 0 0 0.374953
520 0 0 0.324497
525 0 0 0.300000
530 0 0 0.319646
535 0 0 0.348889
540 0 0 0.340000
545 0 0 0.267202
550 0 0 0.192537
555 0 0 0.200000
560 0 0 0.340433
565 0 0 0.532072
570 0 0 0.660000
575 0 0 0.642917
580 0 0 0.533989
585 0 0 0.420000
590 0 0 0.367900
595 0 0 0.365305
600 0 0 0.380000
605 0 0 0.386225
610 0 0 0.384050
615 0 0 0.380000
620 0 0 0.376829
625 0 0 0.362199
630 0 0 0.320000
635 0 0 0.244237
640 0 0 0.169377
645 0 0 0.140000
650 0 0 0.183259
655 0 0 0.256589
660 0 0 0.300000
665 0 0 0.273098
670 0 0 0.213895
675 0 0 0.180000
680 0 0 0.210274
685 0 0 0.268573
690 0 0 0.300000
695 0 0 0.268027
700 0 0 0.209593
705 0 0 0.180000
710 0 0 0.216876
715 0 0 0.287131
720 0 0 0.340000
725 0 0 0.338544
730 0 0 0.301142
735 0 0 0.260000
740 0 0 0.240799
745 0 0 0.243116
750 0 0 0.260000
755 0 0 0.283444
760 0 0 0.301210
765 0 0 0.300000
770 0 0 0.273572
775 0 0 0.243897
780 0 0 0.240000
785 0 0 0.278563
790 0 0 0.326905
795 0 0 0.340000
800 0 0 0.290693
805 0 0 0.223299
810 0 0 0.200000
815 0 0 0.260887
820 0 0 0.357678
825 0 0 0.420000
830 0 0 0.398352
835 0 0 0.326729
840 0 0 0.260000
845 0 0 0.239779
850 0 0 0.254665
855 0 0 0.280000
860 0 0 0.295123
865 0 0 0.295353
870 0 0 0.280000
875 0 0 0.251579
880 0 0 0.225406
885 0 0 0.220000
890 0 0 0.245968
895 0 0 0.282281
900 0 0 0.300000
905 0 0 0.280105
910 0 0 0.243248
915 0 0 0.220000
920 0 0 0.232873
925 0 0 0.272136
930 0 0 0.320000
935 0 0 0.359515
940 0 0 0.377096
945 0 0 0.360000
950 0 0 0.303882
955 0 0 0.237997
960 0 0 0.200000
965 0 0 0.214587
970 0 0 0.254619
975 0 0 0.280000
980 0 0 0.264437
985 0 0 0.236859
990 0 0 0.240000
995 0 0 0.298036
1000 0 0 0.360908
1005 0 0 0.360000
1010 0 0 0.274530
1015 0 0 0.275063
1020 0 0 0.580000
1025 0 0 1.313473
1030 0 0 2.222542
1035 0 0 2.960000
1040 0 0 3.258987
1045 0 0 3.174029
1050 0 0 2.840000
1055 0 0 2.383914
1060 0 0 1.901344
1065 0 0 1.480000
1070 0 0 1.194244
1075 0 0 1.065040
1080 0 0 1.100000
1085 0 0 1.282812
1090 0 0 1.501459
1095 0 0 1.620000
1100 0 0 1.546361
1105 0 0 1.363939
1110 0 0 1.200000
1115 0 0 1.148781
1120 0 0 1.172413
1125 0 0 1.200000
1130 0 0 1.174811
1135 0 0 1.096779
1140 0 0 0.980000
1145 0 0 0.840123
1150 0 0 0.698991
1155 0 0 0.580000
1160 0 0 0.501735
1165 0 0 0.463553
1170 0 0 0.460000
1175 0 0 0.484788
1180 0 0 0.528279
1185 0 0 0.580000
1190 0 0 0.633188
1195 0 0 0.695924
1200 0 0 0.780000
1205 0 0 0.884684
1210 0 0 0.959138
1215 0 0 0.940000
1220 0 0 0.791781
1225 0 0 0.590488
1230 0 0 0.440000
1235 0 0 0.414118
1240 0 0 0.466318
1245 0 0 0.520000
1250 0 0 0.517674
1255 0 0 0.478313
1260 0 0 0.440000
1265 0 0 0.432222
1270 0 0 0.450061
1275 0 0 0.480000
1280 0 0 0.507512
1285 0 0 0.514036
1290 0 0 0.480000
1295 0 0 0.405878
1300 0 0 0.372314
1305 0 0 0.480000
1310 0 0 0.780089
1315 0 0 1.125595
1320 0 0 1.320000
1325 0 0 1.227101
1330 0 0 0.951971
1335 0 0 0.660000
1340 0 0 0.481877
1345 0 0 0.409484
1350 0 0 0.400000
1355 0 0 0.415019
1360 0 0 0.433795
1365 0 0 0.440000
1370 0 0 0.423974
1375 0 0 0.402742
1380 0 0 0.400000
1385 0 0 0.429827
1390 0 0 0.467830
1395 0 0 0.480000
1400 0 0 0.443387
1405 0 0 0.379273
1410 0 0 0.320000
1415 0 0 0.290701
1420 0 0 0.287672
1425 0 0 0.300000
1430 0 0 0.316773
1435 0 0 0.327077
