     0  0.000e+00  0.000e+00 -5.379e-04
     5  0.000e+00  0.000e+00 -6.278e-04
    10  0.000e+00  0.000e+00 -7.205e-04
    15  0.000e+00  0.000e+00 -8.141e-04
    20  0.000e+00  0.000e+00 -9.069e-04
    25  0.000e+00  0.000e+00 -9.971e-04
    30  0.000e+00  0.000e+00 -1.083e-03
    35  0.000e+00  0.000e+00 -1.164e-03
    40  0.000e+00  0.000e+00 -1.238e-03
    45  0.000e+00  0.000e+00 -1.305e-03
    50  0.000e+00  0.000e+00 -1.364e-03
    55  0.000e+00  0.000e+00 -1.415e-03
    60  0.000e+00  0.000e+00 -1.456e-03
    65  0.000e+00  0.000e+00 -1.489e-03
    70  0.000e+00  0.000e+00 -1.514e-03
    75  0.000e+00  0.000e+00 -1.531e-03
    80  0.000e+00  0.000e+00 -1.540e-03
    85  0.000e+00  0.000e+00 -1.542e-03
    90  0.000e+00  0.000e+00 -1.539e-03
    95  0.000e+00  0.000e+00 -1.530e-03
   100  0.000e+00  0.000e+00 -1.517e-03
   105  0.000e+00  0.000e+00 -1.501e-03
   110  0.000e+00  0.000e+00 -1.482e-03
   115  0.000e+00  0.000e+00 -1.461e-03
   120  0.000e+00  0.000e+00 -1.438e-03
   125  0.000e+00  0.000e+00 -1.415e-03
   130  0.000e+00  0.000e+00 -1.391e-03
   135  0.000e+00  0.000e+00 -1.366e-03
   140  0.000e+00  0.000e+00 -1.342e-03
   145  0.000e+00  0.000e+00 -1.317e-03
   150  0.000e+00  0.000e+00 -1.292e-03
   155  0.000e+00  0.000e+00 -1.266e-03
   160  0.000e+00  0.000e+00 -1.239e-03
   165  0.000e+00  0.000e+00 -1.211e-03
   170  0.000e+00  0.000e+00 -1.182e-03
   175  0.000e+00  0.000e+00 -1.151e-03
   180  0.000e+00  0.000e+00 -1.117e-03
   185  0.000e+00  0.000e+00 -1.081e-03
   190  0.000e+00  0.000e+00 -1.042e-03
   195  0.000e+00  0.000e+00 -1.001e-03
   200  0.000e+00  0.000e+00 -9.566e-04
   205  0.000e+00  0.000e+00 -9.101e-04
   210  0.000e+00  0.000e+00 -8.616e-04
   215  0.000e+00  0.000e+00 -8.116e-04
   220  0.000e+00  0.000e+00 -7.607e-04
   225  0.000e+00  0.000e+00 -7.098e-04
   230  0.000e+00  0.000e+00 -6.598e-04
   235  0.000e+00  0.000e+00 -6.116e-04
   240  0.000e+00  0.000e+00 -5.665e-04
   245  0.000e+00  0.000e+00 -5.254e-04
   250  0.000e+00  0.000e+00 -4.897e-04
   255  0.000e+00  0.000e+00 -4.602e-04
   260  0.000e+00  0.000e+00 -4.382e-04
   265  0.000e+00  0.000e+00 -4.245e-04
   270  0.000e+00  0.000e+00 -4.200e-04
   275  0.000e+00  0.000e+00 -4.252e-04
   280  0.000e+00  0.000e+00 -4.405e-04
   285  0.000e+00  0.000e+00 -4.662e-04
   290  0.000e+00  0.000e+00 -5.022e-04
   295  0.000e+00  0.000e+00 -5.481e-04
   300  0.000e+00  0.000e+00 -6.034e-04
   305  0.000e+00  0.000e+00 -6.672e-04
   310  0.000e+00  0.000e+00 -7.384e-04
   315  0.000e+00  0.000e+00 -8.158e-04
   320  0.000e+00  0.000e+00 -8.978e-04
   325  0.000e+00  0.000e+00 -9.826e-04
   330  0.000e+00  0.000e+00 -1.068e-03
   335  0.000e+00  0.000e+00 -1.153e-03
   340  0.000e+00  0.000e+00 -1.236e-03
   345  0.000e+00  0.000e+00 -1.313e-03
   350  0.000e+00  0.000e+00 -1.384e-03
   355  0.000e+00  0.000e+00 -1.446e-03
   360  0.000e+00  0.000e+00 -1.498e-03
   365  0.000e+00  0.000e+00 -1.538e-03
   370  0.000e+00  0.000e+00 -1.566e-03
   375  0.000e+00  0.000e+00 -1.580e-03
   380  0.000e+00  0.000e+00 -1.579e-03
   385  0.000e+00  0.000e+00 -1.564e-03
   390  0.000e+00  0.000e+00 -1.535e-03
   395  0.000e+00  0.000e+00 -1.492e-03
   400  0.000e+00  0.000e+00 -1.435e-03
   405  0.000e+00  0.000e+00 -1.366e-03
   410  0.000e+00  0.000e+00 -1.286e-03
   415  0.000e+00  0.000e+00 -1.196e-03
   420  0.000e+00  0.000e+00 -1.100e-03
   425  0.000e+00  0.000e+00 -9.979e-04
   430  0.000e+00  0.000e+00 -8.929e-04
   435  0.000e+00  0.000e+00 -7.870e-04
   440  0.000e+00  0.000e+00 -6.825e-04
   445  0.000e+00  0.000e+00 -5.818e-04
   450  0.000e+00  0.000e+00 -4.869e-04
   455  0.000e+00  0.000e+00 -3.999e-04
   460  0.000e+00  0.000e+00 -3.226e-04
   465  0.000e+00  0.000e+00 -2.565e-04
   470  0.000e+00  0.000e+00 -2.030e-04
   475  0.000e+00  0.000e+00 -1.631e-04
   480  0.000e+00  0.000e+00 -1.373e-04
   485  0.000e+00  0.000e+00 -1.259e-04
   490  0.000e+00  0.000e+00 -1.290e-04
   495  0.000e+00  0.000e+00 -1.461e-04
   500  0.000e+00  0.000e+00 -1.763e-04
   505  0.000e+00  0.000e+00 -2.187e-04
   510  0.000e+00  0.000e+00 -2.720e-04
   515  0.000e+00  0.000e+00 -3.344e-04
   520  0.000e+00  0.000e+00 -4.042e-04
   525  0.000e+00  0.000e+00 -4.796e-04
   530  0.000e+00  0.000e+00 -5.584e-04
   535  0.000e+00  0.000e+00 -6.385e-04
   540  0.000e+00  0.000e+00 -7.180e-04
   545  0.000e+00  0.000e+00 -7.947e-04
   550  0.000e+00  0.000e+00 -8.669e-04
   555  0.000e+00  0.000e+00 -9.329e-04
   560  0.000e+00  0.000e+00 -9.911e-04
   565  0.000e+00  0.000e+00 -1.040e-03
   570  0.000e+00  0.000e+00 -1.080e-03
   575  0.000e+00  0.000e+00 -1.108e-03
   580  0.000e+00  0.000e+00 -1.126e-03
   585  0.000e+00  0.000e+00 -1.132e-03
   590  0.000e+00  0.000e+00 -1.127e-03
   595  0.000e+00  0.000e+00 -1.113e-03
   600  0.000e+00  0.000e+00 -1.088e-03
   605  0.000e+00  0.000e+00 -1.055e-03
   610  0.000e+00  0.000e+00 -1.015e-03
   615  0.000e+00  0.000e+00 -9.683e-04
   620  0.000e+00  0.000e+00 -9.173e-04
   625  0.000e+00  0.000e+00 -8.633e-04
   630  0.000e+00  0.000e+00 -8.079e-04
   635  0.000e+00  0.000e+00 -7.525e-04
   640  0.000e+00  0.000e+00 -6.988e-04
   645  0.000e+00  0.000e+00 -6.479e-04
   650  0.000e+00  0.000e+00 -6.011e-04
   655  0.000e+00  0.000e+00 -5.595e-04
   660  0.000e+00  0.000e+00 -5.238e-04
   665  0.000e+00  0.000e+00 -4.946e-04
   670  0.000e+00  0.000e+00 -4.724e-04
   675  0.000e+00  0.000e+00 -4.571e-04
   680  0.000e+00  0.000e+00 -4.488e-04
   685  0.000e+00  0.000e+00 -4.471e-04
   690  0.000e+00  0.000e+00 -4.515e-04
   695  0.000e+00  0.000e+00 -4.614e-04
   700  0.000e+00  0.000e+00 -4.758e-04
   705  0.000e+00  0.000e+00 -4.941e-04
   710  0.000e+00  0.000e+00 -5.150e-04
   715  0.000e+00  0.000e+00 -5.377e-04
   720  0.000e+00  0.000e+00 -5.612e-04
   725  0.000e+00  0.000e+00 -5.844e-04
   730  0.000e+00  0.000e+00 -6.067e-04
   735  0.000e+00  0.000e+00 -6.271e-04
   740  0.000e+00  0.000e+00 -6.453e-04
   745  0.000e+00  0.000e+00 -6.606e-04
   750  0.000e+00  0.000e+00 -6.730e-04
   755  0.000e+00  0.000e+00 -6.822e-04
   760  0.000e+00  0.000e+00 -6.886e-04
   765  0.000e+00  0.000e+00 -6.923e-04
   770  0.000e+00  0.000e+00 -6.939e-04
   775  0.000e+00  0.000e+00 -6.940e-04
   780  0.000e+00  0.000e+00 -6.934e-04
   785  0.000e+00  0.000e+00 -6.929e-04
   790  0.000e+00  0.000e+00 -6.934e-04
   795  0.000e+00  0.000e+00 -6.959e-04
   800  0.000e+00  0.000e+00 -7.012e-04
   805  0.000e+00  0.000e+00 -7.103e-04
   810  0.000e+00  0.000e+00 -7.238e-04
   815  0.000e+00  0.000e+00 -7.423e-04
   820  0.000e+00  0.000e+00 -7.665e-04
   825  0.000e+00  0.000e+00 -7.963e-04
   830  0.000e+00  0.000e+00 -8.321e-04
   835  0.000e+00  0.000e+00 -8.735e-04
   840  0.000e+00  0.000e+00 -9.201e-04
   845  0.000e+00  0.000e+00 -9.713e-04
   850  0.000e+00  0.000e+00 -1.026e-03
   855  0.000e+00  0.000e+00 -1.084e-03
   860  0.000e+00  0.000e+00 -1.143e-03
   865  0.000e+00  0.000e+00 -1.202e-03
   870  0.000e+00  0.000e+00 -1.260e-03
   875  0.000e+00  0.000e+00 -1.314e-03
   880  0.000e+00  0.000e+00 -1.364e-03
   885  0.000e+00  0.000e+00 -1.408e-03
   890  0.000e+00  0.000e+00 -1.443e-03
   895  0.000e+00  0.000e+00 -1.470e-03
   900  0.000e+00  0.000e+00 -1.486e-03
   905  0.000e+00  0.000e+00 -1.490e-03
   910  0.000e+00  0.000e+00 -1.483e-03
   915  0.000e+00  0.000e+00 -1.462e-03
   920  0.000e+00  0.000e+00 -1.429e-03
   925  0.000e+00  0.000e+00 -1.383e-03
   930  0.000e+00  0.000e+00 -1.325e-03
   935  0.000e+00  0.000e+00 -1.255e-03
   940  0.000e+00  0.000e+00 -1.174e-03
   945  0.000e+00  0.000e+00 -1.085e-03
   950  0.000e+00  0.000e+00 -9.882e-04
   955  0.000e+00  0.000e+00 -8.859e-04
   960  0.000e+00  0.000e+00 -7.801e-04
   965  0.000e+00  0.000e+00 -6.731e-04
   970  0.000e+00  0.000e+00 -5.671e-04
   975  0.000e+00  0.000e+00 -4.645e-04
   980  0.000e+00  0.000e+00 -3.674e-04
   985  0.000e+00  0.000e+00 -2.781e-04
   990  0.000e+00  0.000e+00 -1.985e-04
   995  0.000e+00  0.000e+00 -1.305e-04
  1000  0.000e+00  0.000e+00 -7.562e-05
  1005  0.000e+00  0.000e+00 -3.502e-05
  1010  0.000e+00  0.000e+00 -9.636e-06
  1015  0.000e+00  0.000e+00 -7.304e-18
  1020  0.000e+00  0.000e+00 -6.268e-06
  1025  0.000e+00  0.000e+00 -2.821e-05
  1030  0.000e+00  0.000e+00 -6.523e-05
  1035  0.000e+00  0.000e+00 -1.163e-04
  1040  0.000e+00  0.000e+00 -1.802e-04
  1045  0.000e+00  0.000e+00 -2.553e-04
  1050  0.000e+00  0.000e+00 -3.397e-04
  1055  0.000e+00  0.000e+00 -4.312e-04
  1060  0.000e+00  0.000e+00 -5.277e-04
  1065  0.000e+00  0.000e+00 -6.269e-04
  1070  0.000e+00  0.000e+00 -7.262e-04
  1075  0.000e+00  0.000e+00 -8.235e-04
  1080  0.000e+00  0.000e+00 -9.164e-04
  1085  0.000e+00  0.000e+00 -1.003e-03
  1090  0.000e+00  0.000e+00 -1.081e-03
  1095  0.000e+00  0.000e+00 -1.149e-03
  1100  0.000e+00  0.000e+00 -1.206e-03
  1105  0.000e+00  0.000e+00 -1.251e-03
  1110  0.000e+00  0.000e+00 -1.283e-03
  1115  0.000e+00  0.000e+00 -1.302e-03
  1120  0.000e+00  0.000e+00 -1.308e-03
  1125  0.000e+00  0.000e+00 -1.301e-03
  1130  0.000e+00  0.000e+00 -1.283e-03
  1135  0.000e+00  0.000e+00 -1.255e-03
  1140  0.000e+00  0.000e+00 -1.218e-03
  1145  0.000e+00  0.000e+00 -1.174e-03
  1150  0.000e+00  0.000e+00 -1.125e-03
  1155  0.000e+00  0.000e+00 -1.073e-03
  1160  0.000e+00  0.000e+00 -1.020e-03
  1165  0.000e+00  0.000e+00 -9.684e-04
  1170  0.000e+00  0.000e+00 -9.203e-04
  1175  0.000e+00  0.000e+00 -8.776e-04
  1180  0.000e+00  0.000e+00 -8.421e-04
  1185  0.000e+00  0.000e+00 -8.154e-04
  1190  0.000e+00  0.000e+00 -7.988e-04
  1195  0.000e+00  0.000e+00 -7.933e-04
  1200  0.000e+00  0.000e+00 -7.995e-04
  1205  0.000e+00  0.000e+00 -8.177e-04
  1210  0.000e+00  0.000e+00 -8.478e-04
  1215  0.000e+00  0.000e+00 -8.893e-04
  1220  0.000e+00  0.000e+00 -9.414e-04
  1225  0.000e+00  0.000e+00 -1.003e-03
  1230  0.000e+00  0.000e+00 -1.072e-03
  1235  0.000e+00  0.000e+00 -1.147e-03
  1240  0.000e+00  0.000e+00 -1.227e-03
  1245  0.000e+00  0.000e+00 -1.308e-03
  1250  0.000e+00  0.000e+00 -1.389e-03
  1255  0.000e+00  0.000e+00 -1.468e-03
  1260  0.000e+00  0.000e+00 -1.541e-03
  1265  0.000e+00  0.000e+00 -1.608e-03
  1270  0.000e+00  0.000e+00 -1.665e-03
  1275  0.000e+00  0.000e+00 -1.711e-03
  1280  0.000e+00  0.000e+00 -1.745e-03
  1285  0.000e+00  0.000e+00 -1.765e-03
  1290  0.000e+00  0.000e+00 -1.770e-03
  1295  0.000e+00  0.000e+00 -1.759e-03
  1300  0.000e+00  0.000e+00 -1.733e-03
  1305  0.000e+00  0.000e+00 -1.692e-03
  1310  0.000e+00  0.000e+00 -1.636e-03
  1315  0.000e+00  0.000e+00 -1.566e-03
  1320  0.000e+00  0.000e+00 -1.483e-03
  1325  0.000e+00  0.000e+00 -1.389e-03
  1330  0.000e+00  0.000e+00 -1.287e-03
  1335  0.000e+00  0.000e+00 -1.177e-03
  1340  0.000e+00  0.000e+00 -1.063e-03
  1345  0.000e+00  0.000e+00 -9.465e-04
  1350  0.000e+00  0.000e+00 -8.302e-04
  1355  0.000e+00  0.000e+00 -7.164e-04
  1360  0.000e+00  0.000e+00 -6.076e-04
  1365  0.000e+00  0.000e+00 -5.059e-04
  1370  0.000e+00  0.000e+00 -4.135e-04
  1375  0.000e+00  0.000e+00 -3.321e-04
  1380  0.000e+00  0.000e+00 -2.634e-04
  1385  0.000e+00  0.000e+00 -2.085e-04
  1390  0.000e+00  0.000e+00 -1.683e-04
  1395  0.000e+00  0.000e+00 -1.434e-04
  1400  0.000e+00  0.000e+00 -1.341e-04
  1405  0.000e+00  0.000e+00 -1.402e-04
  1410  0.000e+00  0.000e+00 -1.612e-04
  1415  0.000e+00  0.000e+00 -1.963e-04
  1420  0.000e+00  0.000e+00 -2.444e-04
  1425  0.000e+00  0.000e+00 -3.043e-04
  1430  0.000e+00  0.000e+00 -3.743e-04
  1435  0.000e+00  0.000e+00 -4.528e-04
  1440  0.000e+00  0.000e+00 -5.379e-04
  1445  0.000e+00  0.000e+00 -6.278e-04
  1450  0.000e+00  0.000e+00 -7.205e-04
  1455  0.000e+00  0.000e+00 -8.141e-04
  1460  0.000e+00  0.000e+00 -9.069e-04
  1465  0.000e+00  0.000e+00 -9.971e-04
  1470  0.000e+00  0.000e+00 -1.083e-03
  1475  0.000e+00  0.000e+00 -1.164e-03
  1480  0.000e+00  0.000e+00 -1.238e-03
  1485  0.000e+00  0.000e+00 -1.305e-03
  1490  0.000e+00  0.000e+00 -1.364e-03
  1495  0.000e+00  0.000e+00 -1.415e-03
  1500  0.000e+00  0.000e+00 -1.456e-03
  1505  0.000e+00  0.000e+00 -1.489e-03
  1510  0.000e+00  0.000e+00 -1.514e-03
  1515  0.000e+00  0.000e+00 -1.531e-03
  1520  0.000e+00  0.000e+00 -1.540e-03
  1525  0.000e+00  0.000e+00 -1.542e-03
  1530  0.000e+00  0.000e+00 -1.539e-03
  1535  0.000e+00  0.000e+00 -1.530e-03
  1540  0.000e+00  0.000e+00 -1.517e-03
  1545  0.000e+00  0.000e+00 -1.501e-03
  1550  0.000e+00  0.000e+00 -1.482e-03
  1555  0.000e+00  0.000e+00 -1.461e-03
  1560  0.000e+00  0.000e+00 -1.438e-03
  1565  0.000e+00  0.000e+00 -1.415e-03
  1570  0.000e+00  0.000e+00 -1.391e-03
  1575  0.000e+00  0.000e+00 -1.366e-03
  1580  0.000e+00  0.000e+00 -1.342e-03
  1585  0.000e+00  0.000e+00 -1.317e-03
  1590  0.000e+00  0.000e+00 -1.292e-03
  1595  0.000e+00  0.000e+00 -1.266e-03
  1600  0.000e+00  0.000e+00 -1.239e-03
  1605  0.000e+00  0.000e+00 -1.211e-03
  1610  0.000e+00  0.000e+00 -1.182e-03
  1615  0.000e+00  0.000e+00 -1.151e-03
  1620  0.000e+00  0.000e+00 -1.117e-03
  1625  0.000e+00  0.000e+00 -1.081e-03
  1630  0.000e+00  0.000e+00 -1.042e-03
  1635  0.000e+00  0.000e+00 -1.001e-03
  1640  0.000e+00  0.000e+00 -9.566e-04
  1645  0.000e+00  0.000e+00 -9.101e-04
  1650  0.000e+00  0.000e+00 -8.616e-04
  1655  0.000e+00  0.000e+00 -8.116e-04
  1660  0.000e+00  0.000e+00 -7.607e-04
  1665  0.000e+00  0.000e+00 -7.098e-04
  1670  0.000e+00  0.000e+00 -6.598e-04
  1675  0.000e+00  0.000e+00 -6.116e-04
  1680  0.000e+00  0.000e+00 -5.665e-04
  1685  0.000e+00  0.000e+00 -5.254e-04
  1690  0.000e+00  0.000e+00 -4.897e-04
  1695  0.000e+00  0.000e+00 -4.602e-04
  1700  0.000e+00  0.000e+00 -4.382e-04
  1705  0.000e+00  0.000e+00 -4.245e-04
  1710  0.000e+00  0.000e+00 -4.200e-04
  1715  0.000e+00  0.000e+00 -4.252e-04
  1720  0.000e+00  0.000e+00 -4.405e-04
  1725  0.000e+00  0.000e+00 -4.662e-04
  1730  0.000e+00  0.000e+00 -5.022e-04
  1735  0.000e+00  0.000e+00 -5.481e-04
  1740  0.000e+00  0.000e+00 -6.034e-04
  1745  0.000e+00  0.000e+00 -6.672e-04
  1750  0.000e+00  0.000e+00 -7.384e-04
  1755  0.000e+00  0.000e+00 -8.158e-04
  1760  0.000e+00  0.000e+00 -8.978e-04
  1765  0.000e+00  0.000e+00 -9.826e-04
  1770  0.000e+00  0.000e+00 -1.068e-03
  1775  0.000e+00  0.000e+00 -1.153e-03
  1780  0.000e+00  0.000e+00 -1.236e-03
  1785  0.000e+00  0.000e+00 -1.313e-03
  1790  0.000e+00  0.000e+00 -1.384e-03
  1795  0.000e+00  0.000e+00 -1.446e-03
  1800  0.000e+00  0.000e+00 -1.498e-03
  1805  0.000e+00  0.000e+00 -1.538e-03
  1810  0.000e+00  0.000e+00 -1.566e-03
  1815  0.000e+00  0.000e+00 -1.580e-03
  1820  0.000e+00  0.000e+00 -1.579e-03
  1825  0.000e+00  0.000e+00 -1.564e-03
  1830  0.000e+00  0.000e+00 -1.535e-03
  1835  0.000e+00  0.000e+00 -1.492e-03
  1840  0.000e+00  0.000e+00 -1.435e-03
  1845  0.000e+00  0.000e+00 -1.366e-03
  1850  0.000e+00  0.000e+00 -1.286e-03
  1855  0.000e+00  0.000e+00 -1.196e-03
  1860  0.000e+00  0.000e+00 -1.100e-03
  1865  0.000e+00  0.000e+00 -9.979e-04
  1870  0.000e+00  0.000e+00 -8.929e-04
  1875  0.000e+00  0.000e+00 -7.870e-04
  1880  0.000e+00  0.000e+00 -6.825e-04
  1885  0.000e+00  0.000e+00 -5.818e-04
  1890  0.000e+00  0.000e+00 -4.869e-04
  1895  0.000e+00  0.000e+00 -3.999e-04
  1900  0.000e+00  0.000e+00 -3.226e-04
  1905  0.000e+00  0.000e+00 -2.565e-04
  1910  0.000e+00  0.000e+00 -2.030e-04
  1915  0.000e+00  0.000e+00 -1.631e-04
  1920  0.000e+00  0.000e+00 -1.373e-04
  1925  0.000e+00  0.000e+00 -1.259e-04
  1930  0.000e+00  0.000e+00 -1.290e-04
  1935  0.000e+00  0.000e+00 -1.461e-04
  1940  0.000e+00  0.000e+00 -1.763e-04
  1945  0.000e+00  0.000e+00 -2.187e-04
  1950  0.000e+00  0.000e+00 -2.720e-04
  1955  0.000e+00  0.000e+00 -3.344e-04
  1960  0.000e+00  0.000e+00 -4.042e-04
  1965  0.000e+00  0.000e+00 -4.796e-04
  1970  0.000e+00  0.000e+00 -5.584e-04
  1975  0.000e+00  0.000e+00 -6.385e-04
  1980  0.000e+00  0.000e+00 -7.180e-04
  1985  0.000e+00  0.000e+00 -7.947e-04
  1990  0.000e+00  0.000e+00 -8.669e-04
  1995  0.000e+00  0.000e+00 -9.329e-04
  2000  0.000e+00  0.000e+00 -9.911e-04
  2005  0.000e+00  0.000e+00 -1.040e-03
  2010  0.000e+00  0.000e+00 -1.080e-03
  2015  0.000e+00  0.000e+00 -1.108e-03
  2020  0.000e+00  0.000e+00 -1.126e-03
  2025  0.000e+00  0.000e+00 -1.132e-03
  2030  0.000e+00  0.000e+00 -1.127e-03
  2035  0.000e+00  0.000e+00 -1.113e-03
  2040  0.000e+00  0.000e+00 -1.088e-03
  2045  0.000e+00  0.000e+00 -1.055e-03
  2050  0.000e+00  0.000e+00 -1.015e-03
  2055  0.000e+00  0.000e+00 -9.683e-04
  2060  0.000e+00  0.000e+00 -9.173e-04
  2065  0.000e+00  0.000e+00 -8.633e-04
  2070  0.000e+00  0.000e+00 -8.079e-04
  2075  0.000e+00  0.000e+00 -7.525e-04
  2080  0.000e+00  0.000e+00 -6.988e-04
  2085  0.000e+00  0.000e+00 -6.479e-04
  2090  0.000e+00  0.000e+00 -6.011e-04
  2095  0.000e+00  0.000e+00 -5.595e-04
  2100  0.000e+00  0.000e+00 -5.238e-04
  2105  0.000e+00  0.000e+00 -4.946e-04
  2110  0.000e+00  0.000e+00 -4.724e-04
  2115  0.000e+00  0.000e+00 -4.571e-04
  2120  0.000e+00  0.000e+00 -4.488e-04
  2125  0.000e+00  0.000e+00 -4.471e-04
  2130  0.000e+00  0.000e+00 -4.515e-04
  2135  0.000e+00  0.000e+00 -4.614e-04
  2140  0.000e+00  0.000e+00 -4.758e-04
  2145  0.000e+00  0.000e+00 -4.941e-04
  2150  0.000e+00  0.000e+00 -5.150e-04
  2155  0.000e+00  0.000e+00 -5.377e-04
  2160  0.000e+00  0.000e+00 -5.612e-04
  2165  0.000e+00  0.000e+00 -5.844e-04
  2170  0.000e+00  0.000e+00 -6.067e-04
  2175  0.000e+00  0.000e+00 -6.271e-04
  2180  0.000e+00  0.000e+00 -6.453e-04
  2185  0.000e+00  0.000e+00 -6.606e-04
  2190  0.000e+00  0.000e+00 -6.730e-04
  2195  0.000e+00  0.000e+00 -6.822e-04
  2200  0.000e+00  0.000e+00 -6.886e-04
  2205  0.000e+00  0.000e+00 -6.923e-04
  2210  0.000e+00  0.000e+00 -6.939e-04
  2215  0.000e+00  0.000e+00 -6.940e-04
  2220  0.000e+00  0.000e+00 -6.934e-04
  2225  0.000e+00  0.000e+00 -6.929e-04
  2230  0.000e+00  0.000e+00 -6.934e-04
  2235  0.000e+00  0.000e+00 -6.959e-04
  2240  0.000e+00  0.000e+00 -7.012e-04
  2245  0.000e+00  0.000e+00 -7.103e-04
  2250  0.000e+00  0.000e+00 -7.238e-04
  2255  0.000e+00  0.000e+00 -7.423e-04
  2260  0.000e+00  0.000e+00 -7.665e-04
  2265  0.000e+00  0.000e+00 -7.963e-04
  2270  0.000e+00  0.000e+00 -8.321e-04
  2275  0.000e+00  0.000e+00 -8.735e-04
  2280  0.000e+00  0.000e+00 -9.201e-04
  2285  0.000e+00  0.000e+00 -9.713e-04
  2290  0.000e+00  0.000e+00 -1.026e-03
  2295  0.000e+00  0.000e+00 -1.084e-03
  2300  0.000e+00  0.000e+00 -1.143e-03
  2305  0.000e+00  0.000e+00 -1.202e-03
  2310  0.000e+00  0.000e+00 -1.260e-03
  2315  0.000e+00  0.000e+00 -1.314e-03
  2320  0.000e+00  0.000e+00 -1.364e-03
  2325  0.000e+00  0.000e+00 -1.408e-03
  2330  0.000e+00  0.000e+00 -1.443e-03
  2335  0.000e+00  0.000e+00 -1.470e-03
  2340  0.000e+00  0.000e+00 -1.486e-03
  2345  0.000e+00  0.000e+00 -1.490e-03
  2350  0.000e+00  0.000e+00 -1.483e-03
  2355  0.000e+00  0.000e+00 -1.462e-03
  2360  0.000e+00  0.000e+00 -1.429e-03
  2365  0.000e+00  0.000e+00 -1.383e-03
  2370  0.000e+00  0.000e+00 -1.325e-03
  2375  0.000e+00  0.000e+00 -1.255e-03
  2380  0.000e+00  0.000e+00 -1.174e-03
  2385  0.000e+00  0.000e+00 -1.085e-03
  2390  0.000e+00  0.000e+00 -9.882e-04
  2395  0.000e+00  0.000e+00 -8.859e-04
  2400  0.000e+00  0.000e+00 -7.801e-04
  2405  0.000e+00  0.000e+00 -6.731e-04
  2410  0.000e+00  0.000e+00 -5.671e-04
  2415  0.000e+00  0.000e+00 -4.645e-04
  2420  0.000e+00  0.000e+00 -3.674e-04
  2425  0.000e+00  0.000e+00 -2.781e-04
  2430  0.000e+00  0.000e+00 -1.985e-04
  2435  0.000e+00  0.000e+00 -1.305e-04
  2440  0.000e+00  0.000e+00 -7.562e-05
  2445  0.000e+00  0.000e+00 -3.502e-05
  2450  0.000e+00  0.000e+00 -9.636e-06
  2455  0.000e+00  0.000e+00 -1.247e-17
  2460  0.000e+00  0.000e+00 -6.268e-06
  2465  0.000e+00  0.000e+00 -2.821e-05
  2470  0.000e+00  0.000e+00 -6.523e-05
  2475  0.000e+00  0.000e+00 -1.163e-04
  2480  0.000e+00  0.000e+00 -1.802e-04
  2485  0.000e+00  0.000e+00 -2.553e-04
  2490  0.000e+00  0.000e+00 -3.397e-04
  2495  0.000e+00  0.000e+00 -4.312e-04
  2500  0.000e+00  0.000e+00 -5.277e-04
  2505  0.000e+00  0.000e+00 -6.269e-04
  2510  0.000e+00  0.000e+00 -7.262e-04
  2515  0.000e+00  0.000e+00 -8.235e-04
  2520  0.000e+00  0.000e+00 -9.164e-04
  2525  0.000e+00  0.000e+00 -1.003e-03
  2530  0.000e+00  0.000e+00 -1.081e-03
  2535  0.000e+00  0.000e+00 -1.149e-03
  2540  0.000e+00  0.000e+00 -1.206e-03
  2545  0.000e+00  0.000e+00 -1.251e-03
  2550  0.000e+00  0.000e+00 -1.283e-03
  2555  0.000e+00  0.000e+00 -1.302e-03
  2560  0.000e+00  0.000e+00 -1.308e-03
  2565  0.000e+00  0.000e+00 -1.301e-03
  2570  0.000e+00  0.000e+00 -1.283e-03
  2575  0.000e+00  0.000e+00 -1.255e-03
  2580  0.000e+00  0.000e+00 -1.218e-03
  2585  0.000e+00  0.000e+00 -1.174e-03
  2590  0.000e+00  0.000e+00 -1.125e-03
  2595  0.000e+00  0.000e+00 -1.073e-03
  2600  0.000e+00  0.000e+00 -1.020e-03
  2605  0.000e+00  0.000e+00 -9.684e-04
  2610  0.000e+00  0.000e+00 -9.203e-04
  2615  0.000e+00  0.000e+00 -8.776e-04
  2620  0.000e+00  0.000e+00 -8.421e-04
  2625  0.000e+00  0.000e+00 -8.154e-04
  2630  0.000e+00  0.000e+00 -7.988e-04
  2635  0.000e+00  0.000e+00 -7.933e-04
  2640  0.000e+00  0.000e+00 -7.995e-04
  2645  0.000e+00  0.000e+00 -8.177e-04
  2650  0.000e+00  0.000e+00 -8.478e-04
  2655  0.000e+00  0.000e+00 -8.893e-04
  2660  0.000e+00  0.000e+00 -9.414e-04
  2665  0.000e+00  0.000e+00 -1.003e-03
  2670  0.000e+00  0.000e+00 -1.072e-03
  2675  0.000e+00  0.000e+00 -1.147e-03
  2680  0.000e+00  0.000e+00 -1.227e-03
  2685  0.000e+00  0.000e+00 -1.308e-03
  2690  0.000e+00  0.000e+00 -1.389e-03
  2695  0.000e+00  0.000e+00 -1.468e-03
  2700  0.000e+00  0.000e+00 -1.541e-03
  2705  0.000e+00  0.000e+00 -1.608e-03
  2710  0.000e+00  0.000e+00 -1.665e-03
  2715  0.000e+00  0.000e+00 -1.711e-03
  2720  0.000e+00  0.000e+00 -1.745e-03
  2725  0.000e+00  0.000e+00 -1.765e-03
  2730  0.000e+00  0.000e+00 -1.770e-03
  2735  0.000e+00  0.000e+00 -1.759e-03
  2740  0.000e+00  0.000e+00 -1.733e-03
  2745  0.000e+00  0.000e+00 -1.692e-03
  2750  0.000e+00  0.000e+00 -1.636e-03
  2755  0.000e+00  0.000e+00 -1.566e-03
  2760  0.000e+00  0.000e+00 -1.483e-03
  2765  0.000e+00  0.000e+00 -1.389e-03
  2770  0.000e+00  0.000e+00 -1.287e-03
  2775  0.000e+00  0.000e+00 -1.177e-03
  2780  0.000e+00  0.000e+00 -1.063e-03
  2785  0.000e+00  0.000e+00 -9.465e-04
  2790  0.000e+00  0.000e+00 -8.302e-04
  2795  0.000e+00  0.000e+00 -7.164e-04
  2800  0.000e+00  0.000e+00 -6.076e-04
  2805  0.000e+00  0.000e+00 -5.059e-04
  2810  0.000e+00  0.000e+00 -4.135e-04
  2815  0.000e+00  0.000e+00 -3.321e-04
  2820  0.000e+00  0.000e+00 -2.634e-04
  2825  0.000e+00  0.000e+00 -2.085e-04
  2830  0.000e+00  0.000e+00 -1.683e-04
  2835  0.000e+00  0.000e+00 -1.434e-04
  2840  0.000e+00  0.000e+00 -1.341e-04
  2845  0.000e+00  0.000e+00 -1.402e-04
  2850  0.000e+00  0.000e+00 -1.612e-04
  2855  0.000e+00  0.000e+00 -1.963e-04
  2860  0.000e+00  0.000e+00 -2.444e-04
  2865  0.000e+00  0.000e+00 -3.043e-04
  2870  0.000e+00  0.000e+00 -3.743e-04
  2875  0.000e+00  0.000e+00 -4.528e-04
  2880  0.000e+00  0.000e+00 -5.379e-04
  2885  0.000e+00  0.000e+00 -6.278e-04
  2890  0.000e+00  0.000e+00 -7.205e-04
  2895  0.000e+00  0.000e+00 -8.141e-04
  2900  0.000e+00  0.000e+00 -9.069e-04
  2905  0.000e+00  0.000e+00 -9.971e-04
  2910  0.000e+00  0.000e+00 -1.083e-03
  2915  0.000e+00  0.000e+00 -1.164e-03
  2920  0.000e+00  0.000e+00 -1.238e-03
  2925  0.000e+00  0.000e+00 -1.305e-03
  2930  0.000e+00  0.000e+00 -1.364e-03
  2935  0.000e+00  0.000e+00 -1.415e-03
  2940  0.000e+00  0.000e+00 -1.456e-03
  2945  0.000e+00  0.000e+00 -1.489e-03
  2950  0.000e+00  0.000e+00 -1.514e-03
  2955  0.000e+00  0.000e+00 -1.531e-03
  2960  0.000e+00  0.000e+00 -1.540e-03
  2965  0.000e+00  0.000e+00 -1.542e-03
  2970  0.000e+00  0.000e+00 -1.539e-03
  2975  0.000e+00  0.000e+00 -1.530e-03
  2980  0.000e+00  0.000e+00 -1.517e-03
  2985  0.000e+00  0.000e+00 -1.501e-03
  2990  0.000e+00  0.000e+00 -1.482e-03
  2995  0.000e+00  0.000e+00 -1.461e-03
  3000  0.000e+00  0.000e+00 -1.438e-03
  3005  0.000e+00  0.000e+00 -1.415e-03
  3010  0.000e+00  0.000e+00 -1.391e-03
  3015  0.000e+00  0.000e+00 -1.366e-03
  3020  0.000e+00  0.000e+00 -1.342e-03
  3025  0.000e+00  0.000e+00 -1.317e-03
  3030  0.000e+00  0.000e+00 -1.292e-03
  3035  0.000e+00  0.000e+00 -1.266e-03
  3040  0.000e+00  0.000e+00 -1.239e-03
  3045  0.000e+00  0.000e+00 -1.211e-03
  3050  0.000e+00  0.000e+00 -1.182e-03
  3055  0.000e+00  0.000e+00 -1.151e-03
  3060  0.000e+00  0.000e+00 -1.117e-03
  3065  0.000e+00  0.000e+00 -1.081e-03
  3070  0.000e+00  0.000e+00 -1.042e-03
  3075  0.000e+00  0.000e+00 -1.001e-03
  3080  0.000e+00  0.000e+00 -9.566e-04
  3085  0.000e+00  0.000e+00 -9.101e-04
  3090  0.000e+00  0.000e+00 -8.616e-04
  3095  0.000e+00  0.000e+00 -8.116e-04
  3100  0.000e+00  0.000e+00 -7.607e-04
  3105  0.000e+00  0.000e+00 -7.098e-04
  3110  0.000e+00  0.000e+00 -6.598e-04
  3115  0.000e+00  0.000e+00 -6.116e-04
  3120  0.000e+00  0.000e+00 -5.665e-04
  3125  0.000e+00  0.000e+00 -5.254e-04
  3130  0.000e+00  0.000e+00 -4.897e-04
  3135  0.000e+00  0.000e+00 -4.602e-04
  3140  0.000e+00  0.000e+00 -4.382e-04
  3145  0.000e+00  0.000e+00 -4.245e-04
  3150  0.000e+00  0.000e+00 -4.200e-04
  3155  0.000e+00  0.000e+00 -4.252e-04
  3160  0.000e+00  0.000e+00 -4.405e-04
  3165  0.000e+00  0.000e+00 -4.662e-04
  3170  0.000e+00  0.000e+00 -5.022e-04
  3175  0.000e+00  0.000e+00 -5.481e-04
  3180  0.000e+00  0.000e+00 -6.034e-04
  3185  0.000e+00  0.000e+00 -6.672e-04
  3190  0.000e+00  0.000e+00 -7.384e-04
  3195  0.000e+00  0.000e+00 -8.158e-04
  3200  0.000e+00  0.000e+00 -8.978e-04
  3205  0.000e+00  0.000e+00 -9.826e-04
  3210  0.000e+00  0.000e+00 -1.068e-03
  3215  0.000e+00  0.000e+00 -1.153e-03
  3220  0.000e+00  0.000e+00 -1.236e-03
  3225  0.000e+00  0.000e+00 -1.313e-03
  3230  0.000e+00  0.000e+00 -1.384e-03
  3235  0.000e+00  0.000e+00 -1.446e-03
  3240  0.000e+00  0.000e+00 -1.498e-03
  3245  0.000e+00  0.000e+00 -1.538e-03
  3250  0.000e+00  0.000e+00 -1.566e-03
  3255  0.000e+00  0.000e+00 -1.580e-03
  3260  0.000e+00  0.000e+00 -1.579e-03
  3265  0.000e+00  0.000e+00 -1.564e-03
  3270  0.000e+00  0.000e+00 -1.535e-03
  3275  0.000e+00  0.000e+00 -1.492e-03
  3280  0.000e+00  0.000e+00 -1.435e-03
  3285  0.000e+00  0.000e+00 -1.366e-03
  3290  0.000e+00  0.000e+00 -1.286e-03
  3295  0.000e+00  0.000e+00 -1.196e-03
  3300  0.000e+00  0.000e+00 -1.100e-03
  3305  0.000e+00  0.000e+00 -9.979e-04
  3310  0.000e+00  0.000e+00 -8.929e-04
  3315  0.000e+00  0.000e+00 -7.870e-04
  3320  0.000e+00  0.000e+00 -6.825e-04
  3325  0.000e+00  0.000e+00 -5.818e-04
  3330  0.000e+00  0.000e+00 -4.869e-04
  3335  0.000e+00  0.000e+00 -3.999e-04
  3340  0.000e+00  0.000e+00 -3.226e-04
  3345  0.000e+00  0.000e+00 -2.565e-04
  3350  0.000e+00  0.000e+00 -2.030e-04
  3355  0.000e+00  0.000e+00 -1.631e-04
  3360  0.000e+00  0.000e+00 -1.373e-04
  3365  0.000e+00  0.000e+00 -1.259e-04
  3370  0.000e+00  0.000e+00 -1.290e-04
  3375  0.000e+00  0.000e+00 -1.461e-04
  3380  0.000e+00  0.000e+00 -1.763e-04
  3385  0.000e+00  0.000e+00 -2.187e-04
  3390  0.000e+00  0.000e+00 -2.720e-04
  3395  0.000e+00  0.000e+00 -3.344e-04
  3400  0.000e+00  0.000e+00 -4.042e-04
  3405  0.000e+00  0.000e+00 -4.796e-04
  3410  0.000e+00  0.000e+00 -5.584e-04
  3415  0.000e+00  0.000e+00 -6.385e-04
  3420  0.000e+00  0.000e+00 -7.180e-04
  3425  0.000e+00  0.000e+00 -7.947e-04
  3430  0.000e+00  0.000e+00 -8.669e-04
  3435  0.000e+00  0.000e+00 -9.329e-04
  3440  0.000e+00  0.000e+00 -9.911e-04
  3445  0.000e+00  0.000e+00 -1.040e-03
  3450  0.000e+00  0.000e+00 -1.080e-03
  3455  0.000e+00  0.000e+00 -1.108e-03
  3460  0.000e+00  0.000e+00 -1.126e-03
  3465  0.000e+00  0.000e+00 -1.132e-03
  3470  0.000e+00  0.000e+00 -1.127e-03
  3475  0.000e+00  0.000e+00 -1.113e-03
  3480  0.000e+00  0.000e+00 -1.088e-03
  3485  0.000e+00  0.000e+00 -1.055e-03
  3490  0.000e+00  0.000e+00 -1.015e-03
  3495  0.000e+00  0.000e+00 -9.683e-04
  3500  0.000e+00  0.000e+00 -9.173e-04
  3505  0.000e+00  0.000e+00 -8.633e-04
  3510  0.000e+00  0.000e+00 -8.079e-04
  3515  0.000e+00  0.000e+00 -7.525e-04
  3520  0.000e+00  0.000e+00 -6.988e-04
  3525  0.000e+00  0.000e+00 -6.479e-04
  3530  0.000e+00  0.000e+00 -6.011e-04
  3535  0.000e+00  0.000e+00 -5.595e-04
  3540  0.000e+00  0.000e+00 -5.238e-04
  3545  0.000e+00  0.000e+00 -4.946e-04
  3550  0.000e+00  0.000e+00 -4.724e-04
  3555  0.000e+00  0.000e+00 -4.571e-04
  3560  0.000e+00  0.000e+00 -4.488e-04
  3565  0.000e+00  0.000e+00 -4.471e-04
  3570  0.000e+00  0.000e+00 -4.515e-04
  3575  0.000e+00  0.000e+00 -4.614e-04
  3580  0.000e+00  0.000e+00 -4.758e-04
  3585  0.000e+00  0.000e+00 -4.941e-04
  3590  0.000e+00  0.000e+00 -5.150e-04
  3595  0.000e+00  0.000e+00 -5.377e-04
  3600  0.000e+00  0.000e+00 -5.612e-04
  3605  0.000e+00  0.000e+00 -5.844e-04
  3610  0.000e+00  0.000e+00 -6.067e-04
  3615  0.000e+00  0.000e+00 -6.271e-04
  3620  0.000e+00  0.000e+00 -6.453e-04
  3625  0.000e+00  0.000e+00 -6.606e-04
  3630  0.000e+00  0.000e+00 -6.730e-04
  3635  0.000e+00  0.000e+00 -6.822e-04
  3640  0.000e+00  0.000e+00 -6.886e-04
  3645  0.000e+00  0.000e+00 -6.923e-04
  3650  0.000e+00  0.000e+00 -6.939e-04
  3655  0.000e+00  0.000e+00 -6.940e-04
  3660  0.000e+00  0.000e+00 -6.934e-04
  3665  0.000e+00  0.000e+00 -6.929e-04
  3670  0.000e+00  0.000e+00 -6.934e-04
  3675  0.000e+00  0.000e+00 -6.959e-04
  3680  0.000e+00  0.000e+00 -7.012e-04
  3685  0.000e+00  0.000e+00 -7.103e-04
  3690  0.000e+00  0.000e+00 -7.238e-04
  3695  0.000e+00  0.000e+00 -7.423e-04
  3700  0.000e+00  0.000e+00 -7.665e-04
  3705  0.000e+00  0.000e+00 -7.963e-04
  3710  0.000e+00  0.000e+00 -8.321e-04
  3715  0.000e+00  0.000e+00 -8.735e-04
  3720  0.000e+00  0.000e+00 -9.201e-04
  3725  0.000e+00  0.000e+00 -9.713e-04
  3730  0.000e+00  0.000e+00 -1.026e-03
  3735  0.000e+00  0.000e+00 -1.084e-03
  3740  0.000e+00  0.000e+00 -1.143e-03
  3745  0.000e+00  0.000e+00 -1.202e-03
  3750  0.000e+00  0.000e+00 -1.260e-03
  3755  0.000e+00  0.000e+00 -1.314e-03
  3760  0.000e+00  0.000e+00 -1.364e-03
  3765  0.000e+00  0.000e+00 -1.408e-03
  3770  0.000e+00  0.000e+00 -1.443e-03
  3775  0.000e+00  0.000e+00 -1.470e-03
  3780  0.000e+00  0.000e+00 -1.486e-03
  3785  0.000e+00  0.000e+00 -1.490e-03
  3790  0.000e+00  0.000e+00 -1.483e-03
  3795  0.000e+00  0.000e+00 -1.462e-03
  3800  0.000e+00  0.000e+00 -1.429e-03
  3805  0.000e+00  0.000e+00 -1.383e-03
  3810  0.000e+00  0.000e+00 -1.325e-03
  3815  0.000e+00  0.000e+00 -1.255e-03
  3820  0.000e+00  0.000e+00 -1.174e-03
  3825  0.000e+00  0.000e+00 -1.085e-03
  3830  0.000e+00  0.000e+00 -9.882e-04
  3835  0.000e+00  0.000e+00 -8.859e-04
  3840  0.000e+00  0.000e+00 -7.801e-04
  3845  0.000e+00  0.000e+00 -6.731e-04
  3850  0.000e+00  0.000e+00 -5.671e-04
  3855  0.000e+00  0.000e+00 -4.645e-04
  3860  0.000e+00  0.000e+00 -3.674e-04
  3865  0.000e+00  0.000e+00 -2.781e-04
  3870  0.000e+00  0.000e+00 -1.985e-04
  3875  0.000e+00  0.000e+00 -1.305e-04
  3880  0.000e+00  0.000e+00 -7.562e-05
  3885  0.000e+00  0.000e+00 -3.502e-05
  3890  0.000e+00  0.000e+00 -9.636e-06
  3895  0.000e+00  0.000e+00 -5.522e-18
  3900  0.000e+00  0.000e+00 -6.268e-06
  3905  0.000e+00  0.000e+00 -2.821e-05
  3910  0.000e+00  0.000e+00 -6.523e-05
  3915  0.000e+00  0.000e+00 -1.163e-04
  3920  0.000e+00  0.000e+00 -1.802e-04
  3925  0.000e+00  0.000e+00 -2.553e-04
  3930  0.000e+00  0.000e+00 -3.397e-04
  3935  0.000e+00  0.000e+00 -4.312e-04
  3940  0.000e+00  0.000e+00 -5.277e-04
  3945  0.000e+00  0.000e+00 -6.269e-04
  3950  0.000e+00  0.000e+00 -7.262e-04
  3955  0.000e+00  0.000e+00 -8.235e-04
  3960  0.000e+00  0.000e+00 -9.164e-04
  3965  0.000e+00  0.000e+00 -1.003e-03
  3970  0.000e+00  0.000e+00 -1.081e-03
  3975  0.000e+00  0.000e+00 -1.149e-03
  3980  0.000e+00  0.000e+00 -1.206e-03
  3985  0.000e+00  0.000e+00 -1.251e-03
  3990  0.000e+00  0.000e+00 -1.283e-03
  3995  0.000e+00  0.000e+00 -1.302e-03
  4000  0.000e+00  0.000e+00 -1.308e-03
  4005  0.000e+00  0.000e+00 -1.301e-03
  4010  0.000e+00  0.000e+00 -1.283e-03
  4015  0.000e+00  0.000e+00 -1.255e-03
  4020  0.000e+00  0.000e+00 -1.218e-03
  4025  0.000e+00  0.000e+00 -1.174e-03
  4030  0.000e+00  0.000e+00 -1.125e-03
  4035  0.000e+00  0.000e+00 -1.073e-03
  4040  0.000e+00  0.000e+00 -1.020e-03
  4045  0.000e+00  0.000e+00 -9.684e-04
  4050  0.000e+00  0.000e+00 -9.203e-04
  4055  0.000e+00  0.000e+00 -8.776e-04
  4060  0.000e+00  0.000e+00 -8.421e-04
  4065  0.000e+00  0.000e+00 -8.154e-04
  4070  0.000e+00  0.000e+00 -7.988e-04
  4075  0.000e+00  0.000e+00 -7.933e-04
  4080  0.000e+00  0.000e+00 -7.995e-04
  4085  0.000e+00  0.000e+00 -8.177e-04
  4090  0.000e+00  0.000e+00 -8.478e-04
  4095  0.000e+00  0.000e+00 -8.893e-04
  4100  0.000e+00  0.000e+00 -9.414e-04
  4105  0.000e+00  0.000e+00 -1.003e-03
  4110  0.000e+00  0.000e+00 -1.072e-03
  4115  0.000e+00  0.000e+00 -1.147e-03
  4120  0.000e+00  0.000e+00 -1.227e-03
  4125  0.000e+00  0.000e+00 -1.308e-03
  4130  0.000e+00  0.000e+00 -1.389e-03
  4135  0.000e+00  0.000e+00 -1.468e-03
  4140  0.000e+00  0.000e+00 -1.541e-03
  4145  0.000e+00  0.000e+00 -1.608e-03
  4150  0.000e+00  0.000e+00 -1.665e-03
  4155  0.000e+00  0.000e+00 -1.711e-03
  4160  0.000e+00  0.000e+00 -1.745e-03
  4165  0.000e+00  0.000e+00 -1.765e-03
  4170  0.000e+00  0.000e+00 -1.770e-03
  4175  0.000e+00  0.000e+00 -1.759e-03
  4180  0.000e+00  0.000e+00 -1.733e-03
  4185  0.000e+00  0.000e+00 -1.692e-03
  4190  0.000e+00  0.000e+00 -1.636e-03
  4195  0.000e+00  0.000e+00 -1.566e-03
  4200  0.000e+00  0.000e+00 -1.483e-03
  4205  0.000e+00  0.000e+00 -1.389e-03
  4210  0.000e+00  0.000e+00 -1.287e-03
  4215  0.000e+00  0.000e+00 -1.177e-03
  4220  0.000e+00  0.000e+00 -1.063e-03
  4225  0.000e+00  0.000e+00 -9.465e-04
  4230  0.000e+00  0.000e+00 -8.302e-04
  4235  0.000e+00  0.000e+00 -7.164e-04
  4240  0.000e+00  0.000e+00 -6.076e-04
  4245  0.000e+00  0.000e+00 -5.059e-04
  4250  0.000e+00  0.000e+00 -4.135e-04
  4255  0.000e+00  0.000e+00 -3.321e-04
  4260  0.000e+00  0.000e+00 -2.634e-04
  4265  0.000e+00  0.000e+00 -2.085e-04
  4270  0.000e+00  0.000e+00 -1.683e-04
  4275  0.000e+00  0.000e+00 -1.434e-04
  4280  0.000e+00  0.000e+00 -1.341e-04
  4285  0.000e+00  0.000e+00 -1.402e-04
  4290  0.000e+00  0.000e+00 -1.612e-04
  4295  0.000e+00  0.000e+00 -1.963e-04
  4300  0.000e+00  0.000e+00 -2.444e-04
  4305  0.000e+00  0.000e+00 -3.043e-04
  4310  0.000e+00  0.000e+00 -3.743e-04
  4315  0.000e+00  0.000e+00 -4.528e-04
  4320  0.000e+00  0.000e+00 -5.379e-04
  4325  0.000e+00  0.000e+00 -6.278e-04
  4330  0.000e+00  0.000e+00 -7.205e-04
  4335  0.000e+00  0.000e+00 -8.141e-04
  4340  0.000e+00  0.000e+00 -9.069e-04
  4345  0.000e+00  0.000e+00 -9.971e-04
  4350  0.000e+00  0.000e+00 -1.083e-03
  4355  0.000e+00  0.000e+00 -1.164e-03
  4360  0.000e+00  0.000e+00 -1.238e-03
  4365  0.000e+00  0.000e+00 -1.305e-03
  4370  0.000e+00  0.000e+00 -1.364e-03
  4375  0.000e+00  0.000e+00 -1.415e-03
  4380  0.000e+00  0.000e+00 -1.456e-03
  4385  0.000e+00  0.000e+00 -1.489e-03
  4390  0.000e+00  0.000e+00 -1.514e-03
  4395  0.000e+00  0.000e+00 -1.531e-03
  4400  0.000e+00  0.000e+00 -1.540e-03
  4405  0.000e+00  0.000e+00 -1.542e-03
  4410  0.000e+00  0.000e+00 -1.539e-03
  4415  0.000e+00  0.000e+00 -1.530e-03
  4420  0.000e+00  0.000e+00 -1.517e-03
  4425  0.000e+00  0.000e+00 -1.501e-03
  4430  0.000e+00  0.000e+00 -1.482e-03
  4435  0.000e+00  0.000e+00 -1.461e-03
  4440  0.000e+00  0.000e+00 -1.438e-03
  4445  0.000e+00  0.000e+00 -1.415e-03
  4450  0.000e+00  0.000e+00 -1.391e-03
  4455  0.000e+00  0.000e+00 -1.366e-03
  4460  0.000e+00  0.000e+00 -1.342e-03
  4465  0.000e+00  0.000e+00 -1.317e-03
  4470  0.000e+00  0.000e+00 -1.292e-03
  4475  0.000e+00  0.000e+00 -1.266e-03
  4480  0.000e+00  0.000e+00 -1.239e-03
  4485  0.000e+00  0.000e+00 -1.211e-03
  4490  0.000e+00  0.000e+00 -1.182e-03
  4495  0.000e+00  0.000e+00 -1.151e-03
  4500  0.000e+00  0.000e+00 -1.117e-03
  4505  0.000e+00  0.000e+00 -1.081e-03
  4510  0.000e+00  0.000e+00 -1.042e-03
  4515  0.000e+00  0.000e+00 -1.001e-03
  4520  0.000e+00  0.000e+00 -9.566e-04
  4525  0.000e+00  0.000e+00 -9.101e-04
  4530  0.000e+00  0.000e+00 -8.616e-04
  4535  0.000e+00  0.000e+00 -8.116e-04
  4540  0.000e+00  0.000e+00 -7.607e-04
  4545  0.000e+00  0.000e+00 -7.098e-04
  4550  0.000e+00  0.000e+00 -6.598e-04
  4555  0.000e+00  0.000e+00 -6.116e-04
  4560  0.000e+00  0.000e+00 -5.665e-04
  4565  0.000e+00  0.000e+00 -5.254e-04
  4570  0.000e+00  0.000e+00 -4.897e-04
  4575  0.000e+00  0.000e+00 -4.602e-04
  4580  0.000e+00  0.000e+00 -4.382e-04
  4585  0.000e+00  0.000e+00 -4.245e-04
  4590  0.000e+00  0.000e+00 -4.200e-04
  4595  0.000e+00  0.000e+00 -4.252e-04
  4600  0.000e+00  0.000e+00 -4.405e-04
  4605  0.000e+00  0.000e+00 -4.662e-04
  4610  0.000e+00  0.000e+00 -5.022e-04
  4615  0.000e+00  0.000e+00 -5.481e-04
  4620  0.000e+00  0.000e+00 -6.034e-04
  4625  0.000e+00  0.000e+00 -6.672e-04
  4630  0.000e+00  0.000e+00 -7.384e-04
  4635  0.000e+00  0.000e+00 -8.158e-04
  4640  0.000e+00  0.000e+00 -8.978e-04
  4645  0.000e+00  0.000e+00 -9.826e-04
  4650  0.000e+00  0.000e+00 -1.068e-03
  4655  0.000e+00  0.000e+00 -1.153e-03
  4660  0.000e+00  0.000e+00 -1.236e-03
  4665  0.000e+00  0.000e+00 -1.313e-03
  4670  0.000e+00  0.000e+00 -1.384e-03
  4675  0.000e+00  0.000e+00 -1.446e-03
  4680  0.000e+00  0.000e+00 -1.498e-03
  4685  0.000e+00  0.000e+00 -1.538e-03
  4690  0.000e+00  0.000e+00 -1.566e-03
  4695  0.000e+00  0.000e+00 -1.580e-03
  4700  0.000e+00  0.000e+00 -1.579e-03
  4705  0.000e+00  0.000e+00 -1.564e-03
  4710  0.000e+00  0.000e+00 -1.535e-03
  4715  0.000e+00  0.000e+00 -1.492e-03
  4720  0.000e+00  0.000e+00 -1.435e-03
  4725  0.000e+00  0.000e+00 -1.366e-03
  4730  0.000e+00  0.000e+00 -1.286e-03
  4735  0.000e+00  0.000e+00 -1.196e-03
  4740  0.000e+00  0.000e+00 -1.100e-03
  4745  0.000e+00  0.000e+00 -9.979e-04
  4750  0.000e+00  0.000e+00 -8.929e-04
  4755  0.000e+00  0.000e+00 -7.870e-04
  4760  0.000e+00  0.000e+00 -6.825e-04
  4765  0.000e+00  0.000e+00 -5.818e-04
  4770  0.000e+00  0.000e+00 -4.869e-04
  4775  0.000e+00  0.000e+00 -3.999e-04
  4780  0.000e+00  0.000e+00 -3.226e-04
  4785  0.000e+00  0.000e+00 -2.565e-04
  4790  0.000e+00  0.000e+00 -2.030e-04
  4795  0.000e+00  0.000e+00 -1.631e-04
  4800  0.000e+00  0.000e+00 -1.373e-04
  4805  0.000e+00  0.000e+00 -1.259e-04
  4810  0.000e+00  0.000e+00 -1.290e-04
  4815  0.000e+00  0.000e+00 -1.461e-04
  4820  0.000e+00  0.000e+00 -1.763e-04
  4825  0.000e+00  0.000e+00 -2.187e-04
  4830  0.000e+00  0.000e+00 -2.720e-04
  4835  0.000e+00  0.000e+00 -3.344e-04
  4840  0.000e+00  0.000e+00 -4.042e-04
  4845  0.000e+00  0.000e+00 -4.796e-04
  4850  0.000e+00  0.000e+00 -5.584e-04
  4855  0.000e+00  0.000e+00 -6.385e-04
  4860  0.000e+00  0.000e+00 -7.180e-04
  4865  0.000e+00  0.000e+00 -7.947e-04
  4870  0.000e+00  0.000e+00 -8.669e-04
  4875  0.000e+00  0.000e+00 -9.329e-04
  4880  0.000e+00  0.000e+00 -9.911e-04
  4885  0.000e+00  0.000e+00 -1.040e-03
  4890  0.000e+00  0.000e+00 -1.080e-03
  4895  0.000e+00  0.000e+00 -1.108e-03
  4900  0.000e+00  0.000e+00 -1.126e-03
  4905  0.000e+00  0.000e+00 -1.132e-03
  4910  0.000e+00  0.000e+00 -1.127e-03
  4915  0.000e+00  0.000e+00 -1.113e-03
  4920  0.000e+00  0.000e+00 -1.088e-03
  4925  0.000e+00  0.000e+00 -1.055e-03
  4930  0.000e+00  0.000e+00 -1.015e-03
  4935  0.000e+00  0.000e+00 -9.683e-04
  4940  0.000e+00  0.000e+00 -9.173e-04
  4945  0.000e+00  0.000e+00 -8.633e-04
  4950  0.000e+00  0.000e+00 -8.079e-04
  4955  0.000e+00  0.000e+00 -7.525e-04
  4960  0.000e+00  0.000e+00 -6.988e-04
  4965  0.000e+00  0.000e+00 -6.479e-04
  4970  0.000e+00  0.000e+00 -6.011e-04
  4975  0.000e+00  0.000e+00 -5.595e-04
  4980  0.000e+00  0.000e+00 -5.238e-04
  4985  0.000e+00  0.000e+00 -4.946e-04
  4990  0.000e+00  0.000e+00 -4.724e-04
  4995  0.000e+00  0.000e+00 -4.571e-04
  5000  0.000e+00  0.000e+00 -4.488e-04
  5005  0.000e+00  0.000e+00 -4.471e-04
  5010  0.000e+00  0.000e+00 -4.515e-04
  5015  0.000e+00  0.000e+00 -4.614e-04
  5020  0.000e+00  0.000e+00 -4.758e-04
  5025  0.000e+00  0.000e+00 -4.941e-04
  5030  0.000e+00  0.000e+00 -5.150e-04
  5035  0.000e+00  0.000e+00 -5.377e-04
  5040  0.000e+00  0.000e+00 -5.612e-04
  5045  0.000e+00  0.000e+00 -5.844e-04
  5050  0.000e+00  0.000e+00 -6.067e-04
  5055  0.000e+00  0.000e+00 -6.271e-04
  5060  0.000e+00  0.000e+00 -6.453e-04
  5065  0.000e+00  0.000e+00 -6.606e-04
  5070  0.000e+00  0.000e+00 -6.730e-04
  5075  0.000e+00  0.000e+00 -6.822e-04
  5080  0.000e+00  0.000e+00 -6.886e-04
  5085  0.000e+00  0.000e+00 -6.923e-04
  5090  0.000e+00  0.000e+00 -6.939e-04
  5095  0.000e+00  0.000e+00 -6.940e-04
  5100  0.000e+00  0.000e+00 -6.934e-04
  5105  0.000e+00  0.000e+00 -6.929e-04
  5110  0.000e+00  0.000e+00 -6.934e-04
  5115  0.000e+00  0.000e+00 -6.959e-04
  5120  0.000e+00  0.000e+00 -7.012e-04
  5125  0.000e+00  0.000e+00 -7.103e-04
  5130  0.000e+00  0.000e+00 -7.238e-04
  5135  0.000e+00  0.000e+00 -7.423e-04
  5140  0.000e+00  0.000e+00 -7.665e-04
  5145  0.000e+00  0.000e+00 -7.963e-04
  5150  0.000e+00  0.000e+00 -8.321e-04
  5155  0.000e+00  0.000e+00 -8.735e-04
  5160  0.000e+00  0.000e+00 -9.201e-04
  5165  0.000e+00  0.000e+00 -9.713e-04
  5170  0.000e+00  0.000e+00 -1.026e-03
  5175  0.000e+00  0.000e+00 -1.084e-03
  5180  0.000e+00  0.000e+00 -1.143e-03
  5185  0.000e+00  0.000e+00 -1.202e-03
  5190  0.000e+00  0.000e+00 -1.260e-03
  5195  0.000e+00  0.000e+00 -1.314e-03
  5200  0.000e+00  0.000e+00 -1.364e-03
  5205  0.000e+00  0.000e+00 -1.408e-03
  5210  0.000e+00  0.000e+00 -1.443e-03
  5215  0.000e+00  0.000e+00 -1.470e-03
  5220  0.000e+00  0.000e+00 -1.486e-03
  5225  0.000e+00  0.000e+00 -1.490e-03
  5230  0.000e+00  0.000e+00 -1.483e-03
  5235  0.000e+00  0.000e+00 -1.462e-03
  5240  0.000e+00  0.000e+00 -1.429e-03
  5245  0.000e+00  0.000e+00 -1.383e-03
  5250  0.000e+00  0.000e+00 -1.325e-03
  5255  0.000e+00  0.000e+00 -1.255e-03
  5260  0.000e+00  0.000e+00 -1.174e-03
  5265  0.000e+00  0.000e+00 -1.085e-03
  5270  0.000e+00  0.000e+00 -9.882e-04
  5275  0.000e+00  0.000e+00 -8.859e-04
  5280  0.000e+00  0.000e+00 -7.801e-04
  5285  0.000e+00  0.000e+00 -6.731e-04
  5290  0.000e+00  0.000e+00 -5.671e-04
  5295  0.000e+00  0.000e+00 -4.645e-04
  5300  0.000e+00  0.000e+00 -3.674e-04
  5305  0.000e+00  0.000e+00 -2.781e-04
  5310  0.000e+00  0.000e+00 -1.985e-04
  5315  0.000e+00  0.000e+00 -1.305e-04
  5320  0.000e+00  0.000e+00 -7.562e-05
  5325  0.000e+00  0.000e+00 -3.502e-05
  5330  0.000e+00  0.000e+00 -9.636e-06
  5335  0.000e+00  0.000e+00 -3.028e-18
  5340  0.000e+00  0.000e+00 -6.268e-06
  5345  0.000e+00  0.000e+00 -2.821e-05
  5350  0.000e+00  0.000e+00 -6.523e-05
  5355  0.000e+00  0.000e+00 -1.163e-04
  5360  0.000e+00  0.000e+00 -1.802e-04
  5365  0.000e+00  0.000e+00 -2.553e-04
  5370  0.000e+00  0.000e+00 -3.397e-04
  5375  0.000e+00  0.000e+00 -4.312e-04
  5380  0.000e+00  0.000e+00 -5.277e-04
  5385  0.000e+00  0.000e+00 -6.269e-04
  5390  0.000e+00  0.000e+00 -7.262e-04
  5395  0.000e+00  0.000e+00 -8.235e-04
  5400  0.000e+00  0.000e+00 -9.164e-04
  5405  0.000e+00  0.000e+00 -1.003e-03
  5410  0.000e+00  0.000e+00 -1.081e-03
  5415  0.000e+00  0.000e+00 -1.149e-03
  5420  0.000e+00  0.000e+00 -1.206e-03
  5425  0.000e+00  0.000e+00 -1.251e-03
  5430  0.000e+00  0.000e+00 -1.283e-03
  5435  0.000e+00  0.000e+00 -1.302e-03
  5440  0.000e+00  0.000e+00 -1.308e-03
  5445  0.000e+00  0.000e+00 -1.301e-03
  5450  0.000e+00  0.000e+00 -1.283e-03
  5455  0.000e+00  0.000e+00 -1.255e-03
  5460  0.000e+00  0.000e+00 -1.218e-03
  5465  0.000e+00  0.000e+00 -1.174e-03
  5470  0.000e+00  0.000e+00 -1.125e-03
  5475  0.000e+00  0.000e+00 -1.073e-03
  5480  0.000e+00  0.000e+00 -1.020e-03
  5485  0.000e+00  0.000e+00 -9.684e-04
  5490  0.000e+00  0.000e+00 -9.203e-04
  5495  0.000e+00  0.000e+00 -8.776e-04
  5500  0.000e+00  0.000e+00 -8.421e-04
  5505  0.000e+00  0.000e+00 -8.154e-04
  5510  0.000e+00  0.000e+00 -7.988e-04
  5515  0.000e+00  0.000e+00 -7.933e-04
  5520  0.000e+00  0.000e+00 -7.995e-04
  5525  0.000e+00  0.000e+00 -8.177e-04
  5530  0.000e+00  0.000e+00 -8.478e-04
  5535  0.000e+00  0.000e+00 -8.893e-04
  5540  0.000e+00  0.000e+00 -9.414e-04
  5545  0.000e+00  0.000e+00 -1.003e-03
  5550  0.000e+00  0.000e+00 -1.072e-03
  5555  0.000e+00  0.000e+00 -1.147e-03
  5560  0.000e+00  0.000e+00 -1.227e-03
  5565  0.000e+00  0.000e+00 -1.308e-03
  5570  0.000e+00  0.000e+00 -1.389e-03
  5575  0.000e+00  0.000e+00 -1.468e-03
  5580  0.000e+00  0.000e+00 -1.541e-03
  5585  0.000e+00  0.000e+00 -1.608e-03
  5590  0.000e+00  0.000e+00 -1.665e-03
  5595  0.000e+00  0.000e+00 -1.711e-03
  5600  0.000e+00  0.000e+00 -1.745e-03
  5605  0.000e+00  0.000e+00 -1.765e-03
  5610  0.000e+00  0.000e+00 -1.770e-03
  5615  0.000e+00  0.000e+00 -1.759e-03
  5620  0.000e+00  0.000e+00 -1.733e-03
  5625  0.000e+00  0.000e+00 -1.692e-03
  5630  0.000e+00  0.000e+00 -1.636e-03
  5635  0.000e+00  0.000e+00 -1.566e-03
  5640  0.000e+00  0.000e+00 -1.483e-03
  5645  0.000e+00  0.000e+00 -1.389e-03
  5650  0.000e+00  0.000e+00 -1.287e-03
  5655  0.000e+00  0.000e+00 -1.177e-03
  5660  0.000e+00  0.000e+00 -1.063e-03
  5665  0.000e+00  0.000e+00 -9.465e-04
  5670  0.000e+00  0.000e+00 -8.302e-04
  5675  0.000e+00  0.000e+00 -7.164e-04
  5680  0.000e+00  0.000e+00 -6.076e-04
  5685  0.000e+00  0.000e+00 -5.059e-04
  5690  0.000e+00  0.000e+00 -4.135e-04
  5695  0.000e+00  0.000e+00 -3.321e-04
  5700  0.000e+00  0.000e+00 -2.634e-04
  5705  0.000e+00  0.000e+00 -2.085e-04
  5710  0.000e+00  0.000e+00 -1.683e-04
  5715  0.000e+00  0.000e+00 -1.434e-04
  5720  0.000e+00  0.000e+00 -1.341e-04
  5725  0.000e+00  0.000e+00 -1.402e-04
  5730  0.000e+00  0.000e+00 -1.612e-04
  5735  0.000e+00  0.000e+00 -1.963e-04
  5740  0.000e+00  0.000e+00 -2.444e-04
  5745  0.000e+00  0.000e+00 -3.043e-04
  5750  0.000e+00  0.000e+00 -3.743e-04
  5755  0.000e+00  0.000e+00 -4.528e-04
  5760  0.000e+00  0.000e+00 -5.379e-04
  5765  0.000e+00  0.000e+00 -6.278e-04
  5770  0.000e+00  0.000e+00 -7.205e-04
  5775  0.000e+00  0.000e+00 -8.141e-04
  5780  0.000e+00  0.000e+00 -9.069e-04
  5785  0.000e+00  0.000e+00 -9.971e-04
  5790  0.000e+00  0.000e+00 -1.083e-03
  5795  0.000e+00  0.000e+00 -1.164e-03
  5800  0.000e+00  0.000e+00 -1.238e-03
  5805  0.000e+00  0.000e+00 -1.305e-03
  5810  0.000e+00  0.000e+00 -1.364e-03
  5815  0.000e+00  0.000e+00 -1.415e-03
  5820  0.000e+00  0.000e+00 -1.456e-03
  5825  0.000e+00  0.000e+00 -1.489e-03
  5830  0.000e+00  0.000e+00 -1.514e-03
  5835  0.000e+00  0.000e+00 -1.531e-03
  5840  0.000e+00  0.000e+00 -1.540e-03
  5845  0.000e+00  0.000e+00 -1.542e-03
  5850  0.000e+00  0.000e+00 -1.539e-03
  5855  0.000e+00  0.000e+00 -1.530e-03
  5860  0.000e+00  0.000e+00 -1.517e-03
  5865  0.000e+00  0.000e+00 -1.501e-03
  5870  0.000e+00  0.000e+00 -1.482e-03
  5875  0.000e+00  0.000e+00 -1.461e-03
  5880  0.000e+00  0.000e+00 -1.438e-03
  5885  0.000e+00  0.000e+00 -1.415e-03
  5890  0.000e+00  0.000e+00 -1.391e-03
  5895  0.000e+00  0.000e+00 -1.366e-03
  5900  0.000e+00  0.000e+00 -1.342e-03
  5905  0.000e+00  0.000e+00 -1.317e-03
  5910  0.000e+00  0.000e+00 -1.292e-03
  5915  0.000e+00  0.000e+00 -1.266e-03
  5920  0.000e+00  0.000e+00 -1.239e-03
  5925  0.000e+00  0.000e+00 -1.211e-03
  5930  0.000e+00  0.000e+00 -1.182e-03
  5935  0.000e+00  0.000e+00 -1.151e-03
  5940  0.000e+00  0.000e+00 -1.117e-03
  5945  0.000e+00  0.000e+00 -1.081e-03
  5950  0.000e+00  0.000e+00 -1.042e-03
  5955  0.000e+00  0.000e+00 -1.001e-03
  5960  0.000e+00  0.000e+00 -9.566e-04
  5965  0.000e+00  0.000e+00 -9.101e-04
  5970  0.000e+00  0.000e+00 -8.616e-04
  5975  0.000e+00  0.000e+00 -8.116e-04
  5980  0.000e+00  0.000e+00 -7.607e-04
  5985  0.000e+00  0.000e+00 -7.098e-04
  5990  0.000e+00  0.000e+00 -6.598e-04
  5995  0.000e+00  0.000e+00 -6.116e-04
  6000  0.000e+00  0.000e+00 -5.665e-04
  6005  0.000e+00  0.000e+00 -5.254e-04
  6010  0.000e+00  0.000e+00 -4.897e-04
  6015  0.000e+00  0.000e+00 -4.602e-04
  6020  0.000e+00  0.000e+00 -4.382e-04
  6025  0.000e+00  0.000e+00 -4.245e-04
  6030  0.000e+00  0.000e+00 -4.200e-04
  6035  0.000e+00  0.000e+00 -4.252e-04
  6040  0.000e+00  0.000e+00 -4.405e-04
  6045  0.000e+00  0.000e+00 -4.662e-04
  6050  0.000e+00  0.000e+00 -5.022e-04
  6055  0.000e+00  0.000e+00 -5.481e-04
  6060  0.000e+00  0.000e+00 -6.034e-04
  6065  0.000e+00  0.000e+00 -6.672e-04
  6070  0.000e+00  0.000e+00 -7.384e-04
  6075  0.000e+00  0.000e+00 -8.158e-04
  6080  0.000e+00  0.000e+00 -8.978e-04
  6085  0.000e+00  0.000e+00 -9.826e-04
  6090  0.000e+00  0.000e+00 -1.068e-03
  6095  0.000e+00  0.000e+00 -1.153e-03
  6100  0.000e+00  0.000e+00 -1.236e-03
  6105  0.000e+00  0.000e+00 -1.313e-03
  6110  0.000e+00  0.000e+00 -1.384e-03
  6115  0.000e+00  0.000e+00 -1.446e-03
  6120  0.000e+00  0.000e+00 -1.498e-03
  6125  0.000e+00  0.000e+00 -1.538e-03
  6130  0.000e+00  0.000e+00 -1.566e-03
  6135  0.000e+00  0.000e+00 -1.580e-03
  6140  0.000e+00  0.000e+00 -1.579e-03
  6145  0.000e+00  0.000e+00 -1.564e-03
  6150  0.000e+00  0.000e+00 -1.535e-03
  6155  0.000e+00  0.000e+00 -1.492e-03
  6160  0.000e+00  0.000e+00 -1.435e-03
  6165  0.000e+00  0.000e+00 -1.366e-03
  6170  0.000e+00  0.000e+00 -1.286e-03
  6175  0.000e+00  0.000e+00 -1.196e-03
  6180  0.000e+00  0.000e+00 -1.100e-03
  6185  0.000e+00  0.000e+00 -9.979e-04
  6190  0.000e+00  0.000e+00 -8.929e-04
  6195  0.000e+00  0.000e+00 -7.870e-04
  6200  0.000e+00  0.000e+00 -6.825e-04
  6205  0.000e+00  0.000e+00 -5.818e-04
  6210  0.000e+00  0.000e+00 -4.869e-04
  6215  0.000e+00  0.000e+00 -3.999e-04
  6220  0.000e+00  0.000e+00 -3.226e-04
  6225  0.000e+00  0.000e+00 -2.565e-04
  6230  0.000e+00  0.000e+00 -2.030e-04
  6235  0.000e+00  0.000e+00 -1.631e-04
  6240  0.000e+00  0.000e+00 -1.373e-04
  6245  0.000e+00  0.000e+00 -1.259e-04
  6250  0.000e+00  0.000e+00 -1.290e-04
  6255  0.000e+00  0.000e+00 -1.461e-04
  6260  0.000e+00  0.000e+00 -1.763e-04
  6265  0.000e+00  0.000e+00 -2.187e-04
  6270  0.000e+00  0.000e+00 -2.720e-04
  6275  0.000e+00  0.000e+00 -3.344e-04
  6280  0.000e+00  0.000e+00 -4.042e-04
  6285  0.000e+00  0.000e+00 -4.796e-04
  6290  0.000e+00  0.000e+00 -5.584e-04
  6295  0.000e+00  0.000e+00 -6.385e-04
  6300  0.000e+00  0.000e+00 -7.180e-04
  6305  0.000e+00  0.000e+00 -7.947e-04
  6310  0.000e+00  0.000e+00 -8.669e-04
  6315  0.000e+00  0.000e+00 -9.329e-04
  6320  0.000e+00  0.000e+00 -9.911e-04
  6325  0.000e+00  0.000e+00 -1.040e-03
  6330  0.000e+00  0.000e+00 -1.080e-03
  6335  0.000e+00  0.000e+00 -1.108e-03
  6340  0.000e+00  0.000e+00 -1.126e-03
  6345  0.000e+00  0.000e+00 -1.132e-03
  6350  0.000e+00  0.000e+00 -1.127e-03
  6355  0.000e+00  0.000e+00 -1.113e-03
  6360  0.000e+00  0.000e+00 -1.088e-03
  6365  0.000e+00  0.000e+00 -1.055e-03
  6370  0.000e+00  0.000e+00 -1.015e-03
  6375  0.000e+00  0.000e+00 -9.683e-04
  6380  0.000e+00  0.000e+00 -9.173e-04
  6385  0.000e+00  0.000e+00 -8.633e-04
  6390  0.000e+00  0.000e+00 -8.079e-04
  6395  0.000e+00  0.000e+00 -7.525e-04
  6400  0.000e+00  0.000e+00 -6.988e-04
  6405  0.000e+00  0.000e+00 -6.479e-04
  6410  0.000e+00  0.000e+00 -6.011e-04
  6415  0.000e+00  0.000e+00 -5.595e-04
  6420  0.000e+00  0.000e+00 -5.238e-04
  6425  0.000e+00  0.000e+00 -4.946e-04
  6430  0.000e+00  0.000e+00 -4.724e-04
  6435  0.000e+00  0.000e+00 -4.571e-04
  6440  0.000e+00  0.000e+00 -4.488e-04
  6445  0.000e+00  0.000e+00 -4.471e-04
  6450  0.000e+00  0.000e+00 -4.515e-04
  6455  0.000e+00  0.000e+00 -4.614e-04
  6460  0.000e+00  0.000e+00 -4.758e-04
  6465  0.000e+00  0.000e+00 -4.941e-04
  6470  0.000e+00  0.000e+00 -5.150e-04
  6475  0.000e+00  0.000e+00 -5.377e-04
  6480  0.000e+00  0.000e+00 -5.612e-04
  6485  0.000e+00  0.000e+00 -5.844e-04
  6490  0.000e+00  0.000e+00 -6.067e-04
  6495  0.000e+00  0.000e+00 -6.271e-04
  6500  0.000e+00  0.000e+00 -6.453e-04
  6505  0.000e+00  0.000e+00 -6.606e-04
  6510  0.000e+00  0.000e+00 -6.730e-04
  6515  0.000e+00  0.000e+00 -6.822e-04
  6520  0.000e+00  0.000e+00 -6.886e-04
  6525  0.000e+00  0.000e+00 -6.923e-04
  6530  0.000e+00  0.000e+00 -6.939e-04
  6535  0.000e+00  0.000e+00 -6.940e-04
  6540  0.000e+00  0.000e+00 -6.934e-04
  6545  0.000e+00  0.000e+00 -6.929e-04
  6550  0.000e+00  0.000e+00 -6.934e-04
  6555  0.000e+00  0.000e+00 -6.959e-04
  6560  0.000e+00  0.000e+00 -7.012e-04
  6565  0.000e+00  0.000e+00 -7.103e-04
  6570  0.000e+00  0.000e+00 -7.238e-04
  6575  0.000e+00  0.000e+00 -7.423e-04
  6580  0.000e+00  0.000e+00 -7.665e-04
  6585  0.000e+00  0.000e+00 -7.963e-04
  6590  0.000e+00  0.000e+00 -8.321e-04
  6595  0.000e+00  0.000e+00 -8.735e-04
  6600  0.000e+00  0.000e+00 -9.201e-04
  6605  0.000e+00  0.000e+00 -9.713e-04
  6610  0.000e+00  0.000e+00 -1.026e-03
  6615  0.000e+00  0.000e+00 -1.084e-03
  6620  0.000e+00  0.000e+00 -1.143e-03
  6625  0.000e+00  0.000e+00 -1.202e-03
  6630  0.000e+00  0.000e+00 -1.260e-03
  6635  0.000e+00  0.000e+00 -1.314e-03
  6640  0.000e+00  0.000e+00 -1.364e-03
  6645  0.000e+00  0.000e+00 -1.408e-03
  6650  0.000e+00  0.000e+00 -1.443e-03
  6655  0.000e+00  0.000e+00 -1.470e-03
  6660  0.000e+00  0.000e+00 -1.486e-03
  6665  0.000e+00  0.000e+00 -1.490e-03
  6670  0.000e+00  0.000e+00 -1.483e-03
  6675  0.000e+00  0.000e+00 -1.462e-03
  6680  0.000e+00  0.000e+00 -1.429e-03
  6685  0.000e+00  0.000e+00 -1.383e-03
  6690  0.000e+00  0.000e+00 -1.325e-03
  6695  0.000e+00  0.000e+00 -1.255e-03
  6700  0.000e+00  0.000e+00 -1.174e-03
  6705  0.000e+00  0.000e+00 -1.085e-03
  6710  0.000e+00  0.000e+00 -9.882e-04
  6715  0.000e+00  0.000e+00 -8.859e-04
  6720  0.000e+00  0.000e+00 -7.801e-04
  6725  0.000e+00  0.000e+00 -6.731e-04
  6730  0.000e+00  0.000e+00 -5.671e-04
  6735  0.000e+00  0.000e+00 -4.645e-04
  6740  0.000e+00  0.000e+00 -3.674e-04
  6745  0.000e+00  0.000e+00 -2.781e-04
  6750  0.000e+00  0.000e+00 -1.985e-04
  6755  0.000e+00  0.000e+00 -1.305e-04
  6760  0.000e+00  0.000e+00 -7.562e-05
  6765  0.000e+00  0.000e+00 -3.502e-05
  6770  0.000e+00  0.000e+00 -9.636e-06
  6775  0.000e+00  0.000e+00 -8.373e-18
  6780  0.000e+00  0.000e+00 -6.268e-06
  6785  0.000e+00  0.000e+00 -2.821e-05
  6790  0.000e+00  0.000e+00 -6.523e-05
  6795  0.000e+00  0.000e+00 -1.163e-04
  6800  0.000e+00  0.000e+00 -1.802e-04
  6805  0.000e+00  0.000e+00 -2.553e-04
  6810  0.000e+00  0.000e+00 -3.397e-04
  6815  0.000e+00  0.000e+00 -4.312e-04
  6820  0.000e+00  0.000e+00 -5.277e-04
  6825  0.000e+00  0.000e+00 -6.269e-04
  6830  0.000e+00  0.000e+00 -7.262e-04
  6835  0.000e+00  0.000e+00 -8.235e-04
  6840  0.000e+00  0.000e+00 -9.164e-04
  6845  0.000e+00  0.000e+00 -1.003e-03
  6850  0.000e+00  0.000e+00 -1.081e-03
  6855  0.000e+00  0.000e+00 -1.149e-03
  6860  0.000e+00  0.000e+00 -1.206e-03
  6865  0.000e+00  0.000e+00 -1.251e-03
  6870  0.000e+00  0.000e+00 -1.283e-03
  6875  0.000e+00  0.000e+00 -1.302e-03
  6880  0.000e+00  0.000e+00 -1.308e-03
  6885  0.000e+00  0.000e+00 -1.301e-03
  6890  0.000e+00  0.000e+00 -1.283e-03
  6895  0.000e+00  0.000e+00 -1.255e-03
  6900  0.000e+00  0.000e+00 -1.218e-03
  6905  0.000e+00  0.000e+00 -1.174e-03
  6910  0.000e+00  0.000e+00 -1.125e-03
  6915  0.000e+00  0.000e+00 -1.073e-03
  6920  0.000e+00  0.000e+00 -1.020e-03
  6925  0.000e+00  0.000e+00 -9.684e-04
  6930  0.000e+00  0.000e+00 -9.203e-04
  6935  0.000e+00  0.000e+00 -8.776e-04
  6940  0.000e+00  0.000e+00 -8.421e-04
  6945  0.000e+00  0.000e+00 -8.154e-04
  6950  0.000e+00  0.000e+00 -7.988e-04
  6955  0.000e+00  0.000e+00 -7.933e-04
  6960  0.000e+00  0.000e+00 -7.995e-04
  6965  0.000e+00  0.000e+00 -8.177e-04
  6970  0.000e+00  0.000e+00 -8.478e-04
  6975  0.000e+00  0.000e+00 -8.893e-04
  6980  0.000e+00  0.000e+00 -9.414e-04
  6985  0.000e+00  0.000e+00 -1.003e-03
  6990  0.000e+00  0.000e+00 -1.072e-03
  6995  0.000e+00  0.000e+00 -1.147e-03
  7000  0.000e+00  0.000e+00 -1.227e-03
  7005  0.000e+00  0.000e+00 -1.308e-03
  7010  0.000e+00  0.000e+00 -1.389e-03
  7015  0.000e+00  0.000e+00 -1.468e-03
  7020  0.000e+00  0.000e+00 -1.541e-03
  7025  0.000e+00  0.000e+00 -1.608e-03
  7030  0.000e+00  0.000e+00 -1.665e-03
  7035  0.000e+00  0.000e+00 -1.711e-03
  7040  0.000e+00  0.000e+00 -1.745e-03
  7045  0.000e+00  0.000e+00 -1.765e-03
  7050  0.000e+00  0.000e+00 -1.770e-03
  7055  0.000e+00  0.000e+00 -1.759e-03
  7060  0.000e+00  0.000e+00 -1.733e-03
  7065  0.000e+00  0.000e+00 -1.692e-03
  7070  0.000e+00  0.000e+00 -1.636e-03
  7075  0.000e+00  0.000e+00 -1.566e-03
  7080  0.000e+00  0.000e+00 -1.483e-03
  7085  0.000e+00  0.000e+00 -1.389e-03
  7090  0.000e+00  0.000e+00 -1.287e-03
  7095  0.000e+00  0.000e+00 -1.177e-03
  7100  0.000e+00  0.000e+00 -1.063e-03
  7105  0.000e+00  0.000e+00 -9.465e-04
  7110  0.000e+00  0.000e+00 -8.302e-04
  7115  0.000e+00  0.000e+00 -7.164e-04
  7120  0.000e+00  0.000e+00 -6.076e-04
  7125  0.000e+00  0.000e+00 -5.059e-04
  7130  0.000e+00  0.000e+00 -4.135e-04
  7135  0.000e+00  0.000e+00 -3.321e-04
  7140  0.000e+00  0.000e+00 -2.634e-04
  7145  0.000e+00  0.000e+00 -2.085e-04
  7150  0.000e+00  0.000e+00 -1.683e-04
  7155  0.000e+00  0.000e+00 -1.434e-04
  7160  0.000e+00  0.000e+00 -1.341e-04
  7165  0.000e+00  0.000e+00 -1.402e-04
  7170  0.000e+00  0.000e+00 -1.612e-04
  7175  0.000e+00  0.000e+00 -1.963e-04
  7180  0.000e+00  0.000e+00 -2.444e-04
  7185  0.000e+00  0.000e+00 -3.043e-04
  7190  0.000e+00  0.000e+00 -3.743e-04
  7195  0.000e+00  0.000e+00 -4.528e-04
  7200  0.000e+00  0.000e+00 -5.379e-04
  7205  0.000e+00  0.000e+00 -6.278e-04
  7210  0.000e+00  0.000e+00 -7.205e-04
  7215  0.000e+00  0.000e+00 -8.141e-04
  7220  0.000e+00  0.000e+00 -9.069e-04
  7225  0.000e+00  0.000e+00 -9.971e-04
  7230  0.000e+00  0.000e+00 -1.083e-03
  7235  0.000e+00  0.000e+00 -1.164e-03
  7240  0.000e+00  0.000e+00 -1.238e-03
  7245  0.000e+00  0.000e+00 -1.305e-03
  7250  0.000e+00  0.000e+00 -1.364e-03
  7255  0.000e+00  0.000e+00 -1.415e-03
  7260  0.000e+00  0.000e+00 -1.456e-03
  7265  0.000e+00  0.000e+00 -1.489e-03
  7270  0.000e+00  0.000e+00 -1.514e-03
  7275  0.000e+00  0.000e+00 -1.531e-03
  7280  0.000e+00  0.000e+00 -1.540e-03
  7285  0.000e+00  0.000e+00 -1.542e-03
  7290  0.000e+00  0.000e+00 -1.539e-03
  7295  0.000e+00  0.000e+00 -1.530e-03
  7300  0.000e+00  0.000e+00 -1.517e-03
  7305  0.000e+00  0.000e+00 -1.501e-03
  7310  0.000e+00  0.000e+00 -1.482e-03
  7315  0.000e+00  0.000e+00 -1.461e-03
  7320  0.000e+00  0.000e+00 -1.438e-03
  7325  0.000e+00  0.000e+00 -1.415e-03
  7330  0.000e+00  0.000e+00 -1.391e-03
  7335  0.000e+00  0.000e+00 -1.366e-03
  7340  0.000e+00  0.000e+00 -1.342e-03
  7345  0.000e+00  0.000e+00 -1.317e-03
  7350  0.000e+00  0.000e+00 -1.292e-03
  7355  0.000e+00  0.000e+00 -1.266e-03
  7360  0.000e+00  0.000e+00 -1.239e-03
  7365  0.000e+00  0.000e+00 -1.211e-03
  7370  0.000e+00  0.000e+00 -1.182e-03
  7375  0.000e+00  0.000e+00 -1.151e-03
  7380  0.000e+00  0.000e+00 -1.117e-03
  7385  0.000e+00  0.000e+00 -1.081e-03
  7390  0.000e+00  0.000e+00 -1.042e-03
  7395  0.000e+00  0.000e+00 -1.001e-03
  7400  0.000e+00  0.000e+00 -9.566e-04
  7405  0.000e+00  0.000e+00 -9.101e-04
  7410  0.000e+00  0.000e+00 -8.616e-04
  7415  0.000e+00  0.000e+00 -8.116e-04
  7420  0.000e+00  0.000e+00 -7.607e-04
  7425  0.000e+00  0.000e+00 -7.098e-04
  7430  0.000e+00  0.000e+00 -6.598e-04
  7435  0.000e+00  0.000e+00 -6.116e-04
  7440  0.000e+00  0.000e+00 -5.665e-04
  7445  0.000e+00  0.000e+00 -5.254e-04
  7450  0.000e+00  0.000e+00 -4.897e-04
  7455  0.000e+00  0.000e+00 -4.602e-04
  7460  0.000e+00  0.000e+00 -4.382e-04
  7465  0.000e+00  0.000e+00 -4.245e-04
  7470  0.000e+00  0.000e+00 -4.200e-04
  7475  0.000e+00  0.000e+00 -4.252e-04
  7480  0.000e+00  0.000e+00 -4.405e-04
  7485  0.000e+00  0.000e+00 -4.662e-04
  7490  0.000e+00  0.000e+00 -5.022e-04
  7495  0.000e+00  0.000e+00 -5.481e-04
  7500  0.000e+00  0.000e+00 -6.034e-04
  7505  0.000e+00  0.000e+00 -6.672e-04
  7510  0.000e+00  0.000e+00 -7.384e-04
  7515  0.000e+00  0.000e+00 -8.158e-04
  7520  0.000e+00  0.000e+00 -8.978e-04
  7525  0.000e+00  0.000e+00 -9.826e-04
  7530  0.000e+00  0.000e+00 -1.068e-03
  7535  0.000e+00  0.000e+00 -1.153e-03
  7540  0.000e+00  0.000e+00 -1.236e-03
  7545  0.000e+00  0.000e+00 -1.313e-03
  7550  0.000e+00  0.000e+00 -1.384e-03
  7555  0.000e+00  0.000e+00 -1.446e-03
  7560  0.000e+00  0.000e+00 -1.498e-03
  7565  0.000e+00  0.000e+00 -1.538e-03
  7570  0.000e+00  0.000e+00 -1.566e-03
  7575  0.000e+00  0.000e+00 -1.580e-03
  7580  0.000e+00  0.000e+00 -1.579e-03
  7585  0.000e+00  0.000e+00 -1.564e-03
  7590  0.000e+00  0.000e+00 -1.535e-03
  7595  0.000e+00  0.000e+00 -1.492e-03
  7600  0.000e+00  0.000e+00 -1.435e-03
  7605  0.000e+00  0.000e+00 -1.366e-03
  7610  0.000e+00  0.000e+00 -1.286e-03
  7615  0.000e+00  0.000e+00 -1.196e-03
  7620  0.000e+00  0.000e+00 -1.100e-03
  7625  0.000e+00  0.000e+00 -9.979e-04
  7630  0.000e+00  0.000e+00 -8.929e-04
  7635  0.000e+00  0.000e+00 -7.870e-04
  7640  0.000e+00  0.000e+00 -6.825e-04
  7645  0.000e+00  0.000e+00 -5.818e-04
  7650  0.000e+00  0.000e+00 -4.869e-04
  7655  0.000e+00  0.000e+00 -3.999e-04
  7660  0.000e+00  0.000e+00 -3.226e-04
  7665  0.000e+00  0.000e+00 -2.565e-04
  7670  0.000e+00  0.000e+00 -2.030e-04
  7675  0.000e+00  0.000e+00 -1.631e-04
  7680  0.000e+00  0.000e+00 -1.373e-04
  7685  0.000e+00  0.000e+00 -1.259e-04
  7690  0.000e+00  0.000e+00 -1.290e-04
  7695  0.000e+00  0.000e+00 -1.461e-04
  7700  0.000e+00  0.000e+00 -1.763e-04
  7705  0.000e+00  0.000e+00 -2.187e-04
  7710  0.000e+00  0.000e+00 -2.720e-04
  7715  0.000e+00  0.000e+00 -3.344e-04
  7720  0.000e+00  0.000e+00 -4.042e-04
  7725  0.000e+00  0.000e+00 -4.796e-04
  7730  0.000e+00  0.000e+00 -5.584e-04
  7735  0.000e+00  0.000e+00 -6.385e-04
  7740  0.000e+00  0.000e+00 -7.180e-04
  7745  0.000e+00  0.000e+00 -7.947e-04
  7750  0.000e+00  0.000e+00 -8.669e-04
  7755  0.000e+00  0.000e+00 -9.329e-04
  7760  0.000e+00  0.000e+00 -9.911e-04
  7765  0.000e+00  0.000e+00 -1.040e-03
  7770  0.000e+00  0.000e+00 -1.080e-03
  7775  0.000e+00  0.000e+00 -1.108e-03
  7780  0.000e+00  0.000e+00 -1.126e-03
  7785  0.000e+00  0.000e+00 -1.132e-03
  7790  0.000e+00  0.000e+00 -1.127e-03
  7795  0.000e+00  0.000e+00 -1.113e-03
  7800  0.000e+00  0.000e+00 -1.088e-03
  7805  0.000e+00  0.000e+00 -1.055e-03
  7810  0.000e+00  0.000e+00 -1.015e-03
  7815  0.000e+00  0.000e+00 -9.683e-04
  7820  0.000e+00  0.000e+00 -9.173e-04
  7825  0.000e+00  0.000e+00 -8.633e-04
  7830  0.000e+00  0.000e+00 -8.079e-04
  7835  0.000e+00  0.000e+00 -7.525e-04
  7840  0.000e+00  0.000e+00 -6.988e-04
  7845  0.000e+00  0.000e+00 -6.479e-04
  7850  0.000e+00  0.000e+00 -6.011e-04
  7855  0.000e+00  0.000e+00 -5.595e-04
  7860  0.000e+00  0.000e+00 -5.238e-04
  7865  0.000e+00  0.000e+00 -4.946e-04
  7870  0.000e+00  0.000e+00 -4.724e-04
  7875  0.000e+00  0.000e+00 -4.571e-04
  7880  0.000e+00  0.000e+00 -4.488e-04
  7885  0.000e+00  0.000e+00 -4.471e-04
  7890  0.000e+00  0.000e+00 -4.515e-04
  7895  0.000e+00  0.000e+00 -4.614e-04
  7900  0.000e+00  0.000e+00 -4.758e-04
  7905  0.000e+00  0.000e+00 -4.941e-04
  7910  0.000e+00  0.000e+00 -5.150e-04
  7915  0.000e+00  0.000e+00 -5.377e-04
  7920  0.000e+00  0.000e+00 -5.612e-04
  7925  0.000e+00  0.000e+00 -5.844e-04
  7930  0.000e+00  0.000e+00 -6.067e-04
  7935  0.000e+00  0.000e+00 -6.271e-04
  7940  0.000e+00  0.000e+00 -6.453e-04
  7945  0.000e+00  0.000e+00 -6.606e-04
  7950  0.000e+00  0.000e+00 -6.730e-04
  7955  0.000e+00  0.000e+00 -6.822e-04
  7960  0.000e+00  0.000e+00 -6.886e-04
  7965  0.000e+00  0.000e+00 -6.923e-04
  7970  0.000e+00  0.000e+00 -6.939e-04
  7975  0.000e+00  0.000e+00 -6.940e-04
  7980  0.000e+00  0.000e+00 -6.934e-04
  7985  0.000e+00  0.000e+00 -6.929e-04
  7990  0.000e+00  0.000e+00 -6.934e-04
  7995  0.000e+00  0.000e+00 -6.959e-04
  8000  0.000e+00  0.000e+00 -7.012e-04
  8005  0.000e+00  0.000e+00 -7.103e-04
  8010  0.000e+00  0.000e+00 -7.238e-04
  8015  0.000e+00  0.000e+00 -7.423e-04
  8020  0.000e+00  0.000e+00 -7.665e-04
  8025  0.000e+00  0.000e+00 -7.963e-04
  8030  0.000e+00  0.000e+00 -8.321e-04
  8035  0.000e+00  0.000e+00 -8.735e-04
  8040  0.000e+00  0.000e+00 -9.201e-04
  8045  0.000e+00  0.000e+00 -9.713e-04
  8050  0.000e+00  0.000e+00 -1.026e-03
  8055  0.000e+00  0.000e+00 -1.084e-03
  8060  0.000e+00  0.000e+00 -1.143e-03
  8065  0.000e+00  0.000e+00 -1.202e-03
  8070  0.000e+00  0.000e+00 -1.260e-03
  8075  0.000e+00  0.000e+00 -1.314e-03
  8080  0.000e+00  0.000e+00 -1.364e-03
  8085  0.000e+00  0.000e+00 -1.408e-03
  8090  0.000e+00  0.000e+00 -1.443e-03
  8095  0.000e+00  0.000e+00 -1.470e-03
  8100  0.000e+00  0.000e+00 -1.486e-03
  8105  0.000e+00  0.000e+00 -1.490e-03
  8110  0.000e+00  0.000e+00 -1.483e-03
  8115  0.000e+00  0.000e+00 -1.462e-03
  8120  0.000e+00  0.000e+00 -1.429e-03
  8125  0.000e+00  0.000e+00 -1.383e-03
  8130  0.000e+00  0.000e+00 -1.325e-03
  8135  0.000e+00  0.000e+00 -1.255e-03
  8140  0.000e+00  0.000e+00 -1.174e-03
  8145  0.000e+00  0.000e+00 -1.085e-03
  8150  0.000e+00  0.000e+00 -9.882e-04
  8155  0.000e+00  0.000e+00 -8.859e-04
  8160  0.000e+00  0.000e+00 -7.801e-04
  8165  0.000e+00  0.000e+00 -6.731e-04
  8170  0.000e+00  0.000e+00 -5.671e-04
  8175  0.000e+00  0.000e+00 -4.645e-04
  8180  0.000e+00  0.000e+00 -3.674e-04
  8185  0.000e+00  0.000e+00 -2.781e-04
  8190  0.000e+00  0.000e+00 -1.985e-04
  8195  0.000e+00  0.000e+00 -1.305e-04
  8200  0.000e+00  0.000e+00 -7.562e-05
  8205  0.000e+00  0.000e+00 -3.502e-05
  8210  0.000e+00  0.000e+00 -9.636e-06
  8215  0.000e+00  0.000e+00 -0.000e+00
  8220  0.000e+00  0.000e+00 -6.268e-06
  8225  0.000e+00  0.000e+00 -2.821e-05
  8230  0.000e+00  0.000e+00 -6.523e-05
  8235  0.000e+00  0.000e+00 -1.163e-04
  8240  0.000e+00  0.000e+00 -1.802e-04
  8245  0.000e+00  0.000e+00 -2.553e-04
  8250  0.000e+00  0.000e+00 -3.397e-04
  8255  0.000e+00  0.000e+00 -4.312e-04
  8260  0.000e+00  0.000e+00 -5.277e-04
  8265  0.000e+00  0.000e+00 -6.269e-04
  8270  0.000e+00  0.000e+00 -7.262e-04
  8275  0.000e+00  0.000e+00 -8.235e-04
  8280  0.000e+00  0.000e+00 -9.164e-04
  8285  0.000e+00  0.000e+00 -1.003e-03
  8290  0.000e+00  0.000e+00 -1.081e-03
  8295  0.000e+00  0.000e+00 -1.149e-03
  8300  0.000e+00  0.000e+00 -1.206e-03
  8305  0.000e+00  0.000e+00 -1.251e-03
  8310  0.000e+00  0.000e+00 -1.283e-03
  8315  0.000e+00  0.000e+00 -1.302e-03
  8320  0.000e+00  0.000e+00 -1.308e-03
  8325  0.000e+00  0.000e+00 -1.301e-03
  8330  0.000e+00  0.000e+00 -1.283e-03
  8335  0.000e+00  0.000e+00 -1.255e-03
  8340  0.000e+00  0.000e+00 -1.218e-03
  8345  0.000e+00  0.000e+00 -1.174e-03
  8350  0.000e+00  0.000e+00 -1.125e-03
  8355  0.000e+00  0.000e+00 -1.073e-03
  8360  0.000e+00  0.000e+00 -1.020e-03
  8365  0.000e+00  0.000e+00 -9.684e-04
  8370  0.000e+00  0.000e+00 -9.203e-04
  8375  0.000e+00  0.000e+00 -8.776e-04
  8380  0.000e+00  0.000e+00 -8.421e-04
  8385  0.000e+00  0.000e+00 -8.154e-04
  8390  0.000e+00  0.000e+00 -7.988e-04
  8395  0.000e+00  0.000e+00 -7.933e-04
  8400  0.000e+00  0.000e+00 -7.995e-04
  8405  0.000e+00  0.000e+00 -8.177e-04
  8410  0.000e+00  0.000e+00 -8.478e-04
  8415  0.000e+00  0.000e+00 -8.893e-04
  8420  0.000e+00  0.000e+00 -9.414e-04
  8425  0.000e+00  0.000e+00 -1.003e-03
  8430  0.000e+00  0.000e+00 -1.072e-03
  8435  0.000e+00  0.000e+00 -1.147e-03
  8440  0.000e+00  0.000e+00 -1.227e-03
  8445  0.000e+00  0.000e+00 -1.308e-03
  8450  0.000e+00  0.000e+00 -1.389e-03
  8455  0.000e+00  0.000e+00 -1.468e-03
  8460  0.000e+00  0.000e+00 -1.541e-03
  8465  0.000e+00  0.000e+00 -1.608e-03
  8470  0.000e+00  0.000e+00 -1.665e-03
  8475  0.000e+00  0.000e+00 -1.711e-03
  8480  0.000e+00  0.000e+00 -1.745e-03
  8485  0.000e+00  0.000e+00 -1.765e-03
  8490  0.000e+00  0.000e+00 -1.770e-03
  8495  0.000e+00  0.000e+00 -1.759e-03
  8500  0.000e+00  0.000e+00 -1.733e-03
  8505  0.000e+00  0.000e+00 -1.692e-03
  8510  0.000e+00  0.000e+00 -1.636e-03
  8515  0.000e+00  0.000e+00 -1.566e-03
  8520  0.000e+00  0.000e+00 -1.483e-03
  8525  0.000e+00  0.000e+00 -1.389e-03
  8530  0.000e+00  0.000e+00 -1.287e-03
  8535  0.000e+00  0.000e+00 -1.177e-03
  8540  0.000e+00  0.000e+00 -1.063e-03
  8545  0.000e+00  0.000e+00 -9.465e-04
  8550  0.000e+00  0.000e+00 -8.302e-04
  8555  0.000e+00  0.000e+00 -7.164e-04
  8560  0.000e+00  0.000e+00 -6.076e-04
  8565  0.000e+00  0.000e+00 -5.059e-04
  8570  0.000e+00  0.000e+00 -4.135e-04
  8575  0.000e+00  0.000e+00 -3.321e-04
  8580  0.000e+00  0.000e+00 -2.634e-04
  8585  0.000e+00  0.000e+00 -2.085e-04
  8590  0.000e+00  0.000e+00 -1.683e-04
  8595  0.000e+00  0.000e+00 -1.434e-04
  8600  0.000e+00  0.000e+00 -1.341e-04
  8605  0.000e+00  0.000e+00 -1.402e-04
  8610  0.000e+00  0.000e+00 -1.612e-04
  8615  0.000e+00  0.000e+00 -1.963e-04
  8620  0.000e+00  0.000e+00 -2.444e-04
  8625  0.000e+00  0.000e+00 -3.043e-04
  8630  0.000e+00  0.000e+00 -3.743e-04
  8635  0.000e+00  0.000e+00 -4.528e-04
  8640  0.000e+00  0.000e+00 -5.379e-04
  8645  0.000e+00  0.000e+00 -6.278e-04
  8650  0.000e+00  0.000e+00 -7.205e-04
  8655  0.000e+00  0.000e+00 -8.141e-04
  8660  0.000e+00  0.000e+00 -9.069e-04
  8665  0.000e+00  0.000e+00 -9.971e-04
  8670  0.000e+00  0.000e+00 -1.083e-03
  8675  0.000e+00  0.000e+00 -1.164e-03
  8680  0.000e+00  0.000e+00 -1.238e-03
  8685  0.000e+00  0.000e+00 -1.305e-03
  8690  0.000e+00  0.000e+00 -1.364e-03
  8695  0.000e+00  0.000e+00 -1.415e-03
  8700  0.000e+00  0.000e+00 -1.456e-03
  8705  0.000e+00  0.000e+00 -1.489e-03
  8710  0.000e+00  0.000e+00 -1.514e-03
  8715  0.000e+00  0.000e+00 -1.531e-03
  8720  0.000e+00  0.000e+00 -1.540e-03
  8725  0.000e+00  0.000e+00 -1.542e-03
  8730  0.000e+00  0.000e+00 -1.539e-03
  8735  0.000e+00  0.000e+00 -1.530e-03
  8740  0.000e+00  0.000e+00 -1.517e-03
  8745  0.000e+00  0.000e+00 -1.501e-03
  8750  0.000e+00  0.000e+00 -1.482e-03
  8755  0.000e+00  0.000e+00 -1.461e-03
  8760  0.000e+00  0.000e+00 -1.438e-03
  8765  0.000e+00  0.000e+00 -1.415e-03
  8770  0.000e+00  0.000e+00 -1.391e-03
  8775  0.000e+00  0.000e+00 -1.366e-03
  8780  0.000e+00  0.000e+00 -1.342e-03
  8785  0.000e+00  0.000e+00 -1.317e-03
  8790  0.000e+00  0.000e+00 -1.292e-03
  8795  0.000e+00  0.000e+00 -1.266e-03
  8800  0.000e+00  0.000e+00 -1.239e-03
  8805  0.000e+00  0.000e+00 -1.211e-03
  8810  0.000e+00  0.000e+00 -1.182e-03
  8815  0.000e+00  0.000e+00 -1.151e-03
  8820  0.000e+00  0.000e+00 -1.117e-03
  8825  0.000e+00  0.000e+00 -1.081e-03
  8830  0.000e+00  0.000e+00 -1.042e-03
  8835  0.000e+00  0.000e+00 -1.001e-03
  8840  0.000e+00  0.000e+00 -9.566e-04
  8845  0.000e+00  0.000e+00 -9.101e-04
  8850  0.000e+00  0.000e+00 -8.616e-04
  8855  0.000e+00  0.000e+00 -8.116e-04
  8860  0.000e+00  0.000e+00 -7.607e-04
  8865  0.000e+00  0.000e+00 -7.098e-04
  8870  0.000e+00  0.000e+00 -6.598e-04
  8875  0.000e+00  0.000e+00 -6.116e-04
  8880  0.000e+00  0.000e+00 -5.665e-04
  8885  0.000e+00  0.000e+00 -5.254e-04
  8890  0.000e+00  0.000e+00 -4.897e-04
  8895  0.000e+00  0.000e+00 -4.602e-04
  8900  0.000e+00  0.000e+00 -4.382e-04
  8905  0.000e+00  0.000e+00 -4.245e-04
  8910  0.000e+00  0.000e+00 -4.200e-04
  8915  0.000e+00  0.000e+00 -4.252e-04
  8920  0.000e+00  0.000e+00 -4.405e-04
  8925  0.000e+00  0.000e+00 -4.662e-04
  8930  0.000e+00  0.000e+00 -5.022e-04
  8935  0.000e+00  0.000e+00 -5.481e-04
  8940  0.000e+00  0.000e+00 -6.034e-04
  8945  0.000e+00  0.000e+00 -6.672e-04
  8950  0.000e+00  0.000e+00 -7.384e-04
  8955  0.000e+00  0.000e+00 -8.158e-04
  8960  0.000e+00  0.000e+00 -8.978e-04
  8965  0.000e+00  0.000e+00 -9.826e-04
  8970  0.000e+00  0.000e+00 -1.068e-03
  8975  0.000e+00  0.000e+00 -1.153e-03
  8980  0.000e+00  0.000e+00 -1.236e-03
  8985  0.000e+00  0.000e+00 -1.313e-03
  8990  0.000e+00  0.000e+00 -1.384e-03
  8995  0.000e+00  0.000e+00 -1.446e-03
  9000  0.000e+00  0.000e+00 -1.498e-03
  9005  0.000e+00  0.000e+00 -1.538e-03
  9010  0.000e+00  0.000e+00 -1.566e-03
  9015  0.000e+00  0.000e+00 -1.580e-03
  9020  0.000e+00  0.000e+00 -1.579e-03
  9025  0.000e+00  0.000e+00 -1.564e-03
  9030  0.000e+00  0.000e+00 -1.535e-03
  9035  0.000e+00  0.000e+00 -1.492e-03
  9040  0.000e+00  0.000e+00 -1.435e-03
  9045  0.000e+00  0.000e+00 -1.366e-03
  9050  0.000e+00  0.000e+00 -1.286e-03
  9055  0.000e+00  0.000e+00 -1.196e-03
  9060  0.000e+00  0.000e+00 -1.100e-03
  9065  0.000e+00  0.000e+00 -9.979e-04
  9070  0.000e+00  0.000e+00 -8.929e-04
  9075  0.000e+00  0.000e+00 -7.870e-04
  9080  0.000e+00  0.000e+00 -6.825e-04
  9085  0.000e+00  0.000e+00 -5.818e-04
  9090  0.000e+00  0.000e+00 -4.869e-04
  9095  0.000e+00  0.000e+00 -3.999e-04
  9100  0.000e+00  0.000e+00 -3.226e-04
  9105  0.000e+00  0.000e+00 -2.565e-04
  9110  0.000e+00  0.000e+00 -2.030e-04
  9115  0.000e+00  0.000e+00 -1.631e-04
  9120  0.000e+00  0.000e+00 -1.373e-04
  9125  0.000e+00  0.000e+00 -1.259e-04
  9130  0.000e+00  0.000e+00 -1.290e-04
  9135  0.000e+00  0.000e+00 -1.461e-04
  9140  0.000e+00  0.000e+00 -1.763e-04
  9145  0.000e+00  0.000e+00 -2.187e-04
  9150  0.000e+00  0.000e+00 -2.720e-04
  9155  0.000e+00  0.000e+00 -3.344e-04
  9160  0.000e+00  0.000e+00 -4.042e-04
  9165  0.000e+00  0.000e+00 -4.796e-04
  9170  0.000e+00  0.000e+00 -5.584e-04
  9175  0.000e+00  0.000e+00 -6.385e-04
  9180  0.000e+00  0.000e+00 -7.180e-04
  9185  0.000e+00  0.000e+00 -7.947e-04
  9190  0.000e+00  0.000e+00 -8.669e-04
  9195  0.000e+00  0.000e+00 -9.329e-04
  9200  0.000e+00  0.000e+00 -9.911e-04
  9205  0.000e+00  0.000e+00 -1.040e-03
  9210  0.000e+00  0.000e+00 -1.080e-03
  9215  0.000e+00  0.000e+00 -1.108e-03
  9220  0.000e+00  0.000e+00 -1.126e-03
  9225  0.000e+00  0.000e+00 -1.132e-03
  9230  0.000e+00  0.000e+00 -1.127e-03
  9235  0.000e+00  0.000e+00 -1.113e-03
  9240  0.000e+00  0.000e+00 -1.088e-03
  9245  0.000e+00  0.000e+00 -1.055e-03
  9250  0.000e+00  0.000e+00 -1.015e-03
  9255  0.000e+00  0.000e+00 -9.683e-04
  9260  0.000e+00  0.000e+00 -9.173e-04
  9265  0.000e+00  0.000e+00 -8.633e-04
  9270  0.000e+00  0.000e+00 -8.079e-04
  9275  0.000e+00  0.000e+00 -7.525e-04
  9280  0.000e+00  0.000e+00 -6.988e-04
  9285  0.000e+00  0.000e+00 -6.479e-04
  9290  0.000e+00  0.000e+00 -6.011e-04
  9295  0.000e+00  0.000e+00 -5.595e-04
  9300  0.000e+00  0.000e+00 -5.238e-04
  9305  0.000e+00  0.000e+00 -4.946e-04
  9310  0.000e+00  0.000e+00 -4.724e-04
  9315  0.000e+00  0.000e+00 -4.571e-04
  9320  0.000e+00  0.000e+00 -4.488e-04
  9325  0.000e+00  0.000e+00 -4.471e-04
  9330  0.000e+00  0.000e+00 -4.515e-04
  9335  0.000e+00  0.000e+00 -4.614e-04
  9340  0.000e+00  0.000e+00 -4.758e-04
  9345  0.000e+00  0.000e+00 -4.941e-04
  9350  0.000e+00  0.000e+00 -5.150e-04
  9355  0.000e+00  0.000e+00 -5.377e-04
  9360  0.000e+00  0.000e+00 -5.612e-04
  9365  0.000e+00  0.000e+00 -5.844e-04
  9370  0.000e+00  0.000e+00 -6.067e-04
  9375  0.000e+00  0.000e+00 -6.271e-04
  9380  0.000e+00  0.000e+00 -6.453e-04
  9385  0.000e+00  0.000e+00 -6.606e-04
  9390  0.000e+00  0.000e+00 -6.730e-04
  9395  0.000e+00  0.000e+00 -6.822e-04
  9400  0.000e+00  0.000e+00 -6.886e-04
  9405  0.000e+00  0.000e+00 -6.923e-04
  9410  0.000e+00  0.000e+00 -6.939e-04
  9415  0.000e+00  0.000e+00 -6.940e-04
  9420  0.000e+00  0.000e+00 -6.934e-04
  9425  0.000e+00  0.000e+00 -6.929e-04
  9430  0.000e+00  0.000e+00 -6.934e-04
  9435  0.000e+00  0.000e+00 -6.959e-04
  9440  0.000e+00  0.000e+00 -7.012e-04
  9445  0.000e+00  0.000e+00 -7.103e-04
  9450  0.000e+00  0.000e+00 -7.238e-04
  9455  0.000e+00  0.000e+00 -7.423e-04
  9460  0.000e+00  0.000e+00 -7.665e-04
  9465  0.000e+00  0.000e+00 -7.963e-04
  9470  0.000e+00  0.000e+00 -8.321e-04
  9475  0.000e+00  0.000e+00 -8.735e-04
  9480  0.000e+00  0.000e+00 -9.201e-04
  9485  0.000e+00  0.000e+00 -9.713e-04
  9490  0.000e+00  0.000e+00 -1.026e-03
  9495  0.000e+00  0.000e+00 -1.084e-03
  9500  0.000e+00  0.000e+00 -1.143e-03
  9505  0.000e+00  0.000e+00 -1.202e-03
  9510  0.000e+00  0.000e+00 -1.260e-03
  9515  0.000e+00  0.000e+00 -1.314e-03
  9520  0.000e+00  0.000e+00 -1.364e-03
  9525  0.000e+00  0.000e+00 -1.408e-03
  9530  0.000e+00  0.000e+00 -1.443e-03
  9535  0.000e+00  0.000e+00 -1.470e-03
  9540  0.000e+00  0.000e+00 -1.486e-03
  9545  0.000e+00  0.000e+00 -1.490e-03
  9550  0.000e+00  0.000e+00 -1.483e-03
  9555  0.000e+00  0.000e+00 -1.462e-03
  9560  0.000e+00  0.000e+00 -1.429e-03
  9565  0.000e+00  0.000e+00 -1.383e-03
  9570  0.000e+00  0.000e+00 -1.325e-03
  9575  0.000e+00  0.000e+00 -1.255e-03
  9580  0.000e+00  0.000e+00 -1.174e-03
  9585  0.000e+00  0.000e+00 -1.085e-03
  9590  0.000e+00  0.000e+00 -9.882e-04
  9595  0.000e+00  0.000e+00 -8.859e-04
  9600  0.000e+00  0.000e+00 -7.801e-04
  9605  0.000e+00  0.000e+00 -6.731e-04
  9610  0.000e+00  0.000e+00 -5.671e-04
  9615  0.000e+00  0.000e+00 -4.645e-04
  9620  0.000e+00  0.000e+00 -3.674e-04
  9625  0.000e+00  0.000e+00 -2.781e-04
  9630  0.000e+00  0.000e+00 -1.985e-04
  9635  0.000e+00  0.000e+00 -1.305e-04
  9640  0.000e+00  0.000e+00 -7.562e-05
  9645  0.000e+00  0.000e+00 -3.502e-05
  9650  0.000e+00  0.000e+00 -9.636e-06
  9655  0.000e+00  0.000e+00 -1.158e-17
  9660  0.000e+00  0.000e+00 -6.268e-06
  9665  0.000e+00  0.000e+00 -2.821e-05
  9670  0.000e+00  0.000e+00 -6.523e-05
  9675  0.000e+00  0.000e+00 -1.163e-04
  9680  0.000e+00  0.000e+00 -1.802e-04
  9685  0.000e+00  0.000e+00 -2.553e-04
  9690  0.000e+00  0.000e+00 -3.397e-04
  9695  0.000e+00  0.000e+00 -4.312e-04
  9700  0.000e+00  0.000e+00 -5.277e-04
  9705  0.000e+00  0.000e+00 -6.269e-04
  9710  0.000e+00  0.000e+00 -7.262e-04
  9715  0.000e+00  0.000e+00 -8.235e-04
  9720  0.000e+00  0.000e+00 -9.164e-04
  9725  0.000e+00  0.000e+00 -1.003e-03
  9730  0.000e+00  0.000e+00 -1.081e-03
  9735  0.000e+00  0.000e+00 -1.149e-03
  9740  0.000e+00  0.000e+00 -1.206e-03
  9745  0.000e+00  0.000e+00 -1.251e-03
  9750  0.000e+00  0.000e+00 -1.283e-03
  9755  0.000e+00  0.000e+00 -1.302e-03
  9760  0.000e+00  0.000e+00 -1.308e-03
  9765  0.000e+00  0.000e+00 -1.301e-03
  9770  0.000e+00  0.000e+00 -1.283e-03
  9775  0.000e+00  0.000e+00 -1.255e-03
  9780  0.000e+00  0.000e+00 -1.218e-03
  9785  0.000e+00  0.000e+00 -1.174e-03
  9790  0.000e+00  0.000e+00 -1.125e-03
  9795  0.000e+00  0.000e+00 -1.073e-03
  9800  0.000e+00  0.000e+00 -1.020e-03
  9805  0.000e+00  0.000e+00 -9.684e-04
  9810  0.000e+00  0.000e+00 -9.203e-04
  9815  0.000e+00  0.000e+00 -8.776e-04
  9820  0.000e+00  0.000e+00 -8.421e-04
  9825  0.000e+00  0.000e+00 -8.154e-04
  9830  0.000e+00  0.000e+00 -7.988e-04
  9835  0.000e+00  0.000e+00 -7.933e-04
  9840  0.000e+00  0.000e+00 -7.995e-04
  9845  0.000e+00  0.000e+00 -8.177e-04
  9850  0.000e+00  0.000e+00 -8.478e-04
  9855  0.000e+00  0.000e+00 -8.893e-04
  9860  0.000e+00  0.000e+00 -9.414e-04
  9865  0.000e+00  0.000e+00 -1.003e-03
  9870  0.000e+00  0.000e+00 -1.072e-03
  9875  0.000e+00  0.000e+00 -1.147e-03
  9880  0.000e+00  0.000e+00 -1.227e-03
  9885  0.000e+00  0.000e+00 -1.308e-03
  9890  0.000e+00  0.000e+00 -1.389e-03
  9895  0.000e+00  0.000e+00 -1.468e-03
  9900  0.000e+00  0.000e+00 -1.541e-03
  9905  0.000e+00  0.000e+00 -1.608e-03
  9910  0.000e+00  0.000e+00 -1.665e-03
  9915  0.000e+00  0.000e+00 -1.711e-03
  9920  0.000e+00  0.000e+00 -1.745e-03
  9925  0.000e+00  0.000e+00 -1.765e-03
  9930  0.000e+00  0.000e+00 -1.770e-03
  9935  0.000e+00  0.000e+00 -1.759e-03
  9940  0.000e+00  0.000e+00 -1.733e-03
  9945  0.000e+00  0.000e+00 -1.692e-03
  9950  0.000e+00  0.000e+00 -1.636e-03
  9955  0.000e+00  0.000e+00 -1.566e-03
  9960  0.000e+00  0.000e+00 -1.483e-03
  9965  0.000e+00  0.000e+00 -1.389e-03
  9970  0.000e+00  0.000e+00 -1.287e-03
  9975  0.000e+00  0.000e+00 -1.177e-03
  9980  0.000e+00  0.000e+00 -1.063e-03
  9985  0.000e+00  0.000e+00 -9.465e-04
  9990  0.000e+00  0.000e+00 -8.302e-04
  9995  0.000e+00  0.000e+00 -7.164e-04
 10000  0.000e+00  0.000e+00 -6.076e-04
 10005  0.000e+00  0.000e+00 -5.059e-04
 10010  0.000e+00  0.000e+00 -4.135e-04
 10015  0.000e+00  0.000e+00 -3.321e-04
 10020  0.000e+00  0.000e+00 -2.634e-04
 10025  0.000e+00  0.000e+00 -2.085e-04
 10030  0.000e+00  0.000e+00 -1.683e-04
 10035  0.000e+00  0.000e+00 -1.434e-04
 10040  0.000e+00  0.000e+00 -1.341e-04
 10045  0.000e+00  0.000e+00 -1.402e-04
 10050  0.000e+00  0.000e+00 -1.612e-04
 10055  0.000e+00  0.000e+00 -1.963e-04
 10060  0.000e+00  0.000e+00 -2.444e-04
 10065  0.000e+00  0.000e+00 -3.043e-04
 10070  0.000e+00  0.000e+00 -3.743e-04
 10075  0.000e+00  0.000e+00 -4.528e-04
 10080  0.000e+00  0.000e+00 -5.379e-04
