0 0 0 -0.000103
5 0 0 -0.000173
10 0 0 -0.000204
15 0 0 -0.000208
20 0 0 -0.000191
25 0 0 -0.000165
30 0 0 -0.000138
35 0 0 -0.000118
40 0 0 -0.000107
45 0 0 -0.000104
50 0 0 -0.000111
55 0 0 -0.000123
60 0 0 -0.000138
65 0 0 -0.000151
70 0 0 -0.000163
75 0 0 -0.000173
80 0 0 -0.000180
85 0 0 -0.000181
90 0 0 -0.000173
95 0 0 -0.000153
100 0 0 -0.000127
105 0 0 -0.000103
110 0 0 -0.000087
115 0 0 -0.000085
120 0 0 -0.000103
125 0 0 -0.000142
130 0 0 -0.000184
135 0 0 -0.000208
140 0 0 -0.000198
145 0 0 -0.000169
150 0 0 -0.000138
155 0 0 -0.000121
160 0 0 -0.000112
165 0 0 -0.000103
170 0 0 -0.000089
175 0 0 -0.000083
180 0 0 -0.000103
185 0 0 -0.000157
190 0 0 -0.000216
195 0 0 -0.000242
200 0 0 -0.000211
205 0 0 -0.000151
210 0 0 -0.000103
215 0 0 -0.000098
220 0 0 -0.000119
225 0 0 -0.000138
230 0 0 -0.000134
235 0 0 -0.000117
240 0 0 -0.000103
245 0 0 -0.000105
250 0 0 -0.000119
255 0 0 -0.000138
260 0 0 -0.000156
265 0 0 -0.000169
270 0 0 -0.000173
275 0 0 -0.000165
280 0 0 -0.000151
285 0 0 -0.000138
290 0 0 -0.000133
295 0 0 -0.000133
300 0 0 -0.000138
305 0 0 -0.000143
310 0 0 -0.000145
315 0 0 -0.000138
320 0 0 -0.000121
325 0 0 -0.000105
330 0 0 -0.000103
335 0 0 -0.000124
340 0 0 -0.000153
345 0 0 -0.000173
350 0 0 -0.000169
355 0 0 -0.000153
360 0 0 -0.000139
365 0 0 -0.000139
370 0 0 -0.000144
375 0 0 -0.000138
380 0 0 -0.000114
385 0 0 -0.000093
390 0 0 -0.000103
395 0 0 -0.000160
400 0 0 -0.000232
405 0 0 -0.000277
410 0 0 -0.000267
415 0 0 -0.000229
420 0 0 -0.000208
425 0 0 -0.000234
430 0 0 -0.000298
435 0 0 -0.000380
440 0 0 -0.000461
445 0 0 -0.000524
450 0 0 -0.000553
455 0 0 -0.000539
460 0 0 -0.000488
465 0 0 -0.000414
470 0 0 -0.000330
475 0 0 -0.000254
480 0 0 -0.000209
485 0 0 -0.000204
490 0 0 -0.000215
495 0 0 -0.000206
500 0 0 -0.000157
505 0 0 -0.000096
510 0 0 -0.000070
515 0 0 -0.000105
520 0 0 -0.000167
525 0 0 -0.000206
530 0 0 -0.000189
535 0 0 -0.000140
540 0 0 -0.000103
545 0 0 -0.000109
550 0 0 -0.000141
555 0 0 -0.000173
560 0 0 -0.000183
565 0 0 -0.000170
570 0 0 -0.000138
575 0 0 -0.000094
580 0 0 -0.000054
585 0 0 -0.000035
590 0 0 -0.000049
595 0 0 -0.000089
600 0 0 -0.000139
605 0 0 -0.000186
610 0 0 -0.000215
615 0 0 -0.000208
620 0 0 -0.000159
625 0 0 -0.000099
630 0 0 -0.000068
635 0 0 -0.000094
640 0 0 -0.000144
645 0 0 -0.000173
650 0 0 -0.000150
655 0 0 -0.000102
660 0 0 -0.000068
665 0 0 -0.000078
670 0 0 -0.000112
675 0 0 -0.000138
680 0 0 -0.000134
685 0 0 -0.000115
690 0 0 -0.000103
695 0 0 -0.000117
700 0 0 -0.000145
705 0 0 -0.000173
710 0 0 -0.000187
715 0 0 -0.000195
720 0 0 -0.000208
725 0 0 -0.000230
730 0 0 -0.000249
735 0 0 -0.000242
740 0 0 -0.000201
745 0 0 -0.000154
750 0 0 -0.000139
755 0 0 -0.000182
760 0 0 -0.000245
765 0 0 -0.000276
770 0 0 -0.000242
775 0 0 -0.000178
780 0 0 -0.000138
785 0 0 -0.000159
790 0 0 -0.000209
795 0 0 -0.000241
800 0 0 -0.000220
805 0 0 -0.000164
810 0 0 -0.000104
815 0 0 -0.000067
820 0 0 -0.000056
825 0 0 -0.000068
830 0 0 -0.000100
835 0 0 -0.000139
840 0 0 -0.000173
845 0 0 -0.000189
850 0 0 -0.000188
855 0 0 -0.000173
860 0 0 -0.000146
865 0 0 -0.000120
870 0 0 -0.000104
875 0 0 -0.000109
880 0 0 -0.000124
885 0 0 -0.000139
890 0 0 -0.000145
895 0 0 -0.000143
900 0 0 -0.000138
905 0 0 -0.000135
910 0 0 -0.000135
915 0 0 -0.000138
920 0 0 -0.000143
925 0 0 -0.000145
930 0 0 -0.000138
935 0 0 -0.000119
940 0 0 -0.000102
945 0 0 -0.000103
950 0 0 -0.000132
955 0 0 -0.000175
960 0 0 -0.000208
965 0 0 -0.000215
970 0 0 -0.000200
975 0 0 -0.000173
980 0 0 -0.000142
985 0 0 -0.000116
990 0 0 -0.000104
995 0 0 -0.000112
1000 0 0 -0.000137
1005 0 0 -0.000173
1010 0 0 -0.000216
1015 0 0 -0.000263
1020 0 0 -0.000311
1025 0 0 -0.000355
1030 0 0 -0.000392
1035 0 0 -0.000414
1040 0 0 -0.000420
1045 0 0 -0.000426
1050 0 0 -0.000450
1055 0 0 -0.000506
1060 0 0 -0.000581
1065 0 0 -0.000656
1070 0 0 -0.000715
1075 0 0 -0.000742
1080 0 0 -0.000725
1085 0 0 -0.000662
1090 0 0 -0.000597
1095 0 0 -0.000587
1100 0 0 -0.000670
1105 0 0 -0.000814
1110 0 0 -0.000968
1115 0 0 -0.001091
1120 0 0 -0.001172
1125 0 0 -0.001210
1130 0 0 -0.001200
1135 0 0 -0.001134
1140 0 0 -0.001002
1145 0 0 -0.000804
1150 0 0 -0.000588
1155 0 0 -0.000414
1160 0 0 -0.000324
1165 0 0 -0.000292
1170 0 0 -0.000277
1175 0 0 -0.000250
1180 0 0 -0.000237
1185 0 0 -0.000277
1190 0 0 -0.000392
1195 0 0 -0.000539
1200 0 0 -0.000656
1205 0 0 -0.000700
1210 0 0 -0.000689
1215 0 0 -0.000658
1220 0 0 -0.000633
1225 0 0 -0.000612
1230 0 0 -0.000587
1235 0 0 -0.000551
1240 0 0 -0.000512
1245 0 0 -0.000484
1250 0 0 -0.000473
1255 0 0 -0.000476
1260 0 0 -0.000485
1265 0 0 -0.000491
1270 0 0 -0.000492
1275 0 0 -0.000485
1280 0 0 -0.000469
1285 0 0 -0.000454
1290 0 0 -0.000449
1295 0 0 -0.000462
1300 0 0 -0.000487
1305 0 0 -0.000518
1310 0 0 -0.000545
1315 0 0 -0.000551
1320 0 0 -0.000518
1325 0 0 -0.000440
1330 0 0 -0.000346
1335 0 0 -0.000276
1340 0 0 -0.000257
1345 0 0 -0.000260
1350 0 0 -0.000242
1355 0 0 -0.000177
1360 0 0 -0.000101
1365 0 0 -0.000070
1370 0 0 -0.000116
1375 0 0 -0.000195
1380 0 0 -0.000241
1385 0 0 -0.000211
1390 0 0 -0.000145
1395 0 0 -0.000104
1400 0 0 -0.000134
1405 0 0 -0.000206
1410 0 0 -0.000277
1415 0 0 -0.000313
1420 0 0 -0.000320
1425 0 0 -0.000311
1430 0 0 -0.000300
1435 0 0 -0.000288
1440 0 0 -0.000276
1445 0 0 -0.000261
1450 0 0 -0.000240
1455 0 0 -0.000208
1460 0 0 -0.000162
1465 0 0 -0.000121
1470 0 0 -0.000104
1475 0 0 -0.000125
1480 0 0 -0.000168
1485 0 0 -0.000208
1490 0 0 -0.000226
1495 0 0 -0.000224
1500 0 0 -0.000206
1505 0 0 -0.000179
1510 0 0 -0.000153
1515 0 0 -0.000139
1520 0 0 -0.000145
1525 0 0 -0.000161
1530 0 0 -0.000173
1535 0 0 -0.000172
1540 0 0 -0.000167
1545 0 0 -0.000173
1550 0 0 -0.000197
1555 0 0 -0.000226
1560 0 0 -0.000242
1565 0 0 -0.000233
1570 0 0 -0.000205
1575 0 0 -0.000173
1580 0 0 -0.000147
1585 0 0 -0.000134
1590 0 0 -0.000138
1595 0 0 -0.000160
1600 0 0 -0.000189
1605 0 0 -0.000208
1610 0 0 -0.000206
1615 0 0 -0.000190
1620 0 0 -0.000173
1625 0 0 -0.000163
1630 0 0 -0.000163
1635 0 0 -0.000173
1640 0 0 -0.000191
1645 0 0 -0.000206
1650 0 0 -0.000206
1655 0 0 -0.000183
1660 0 0 -0.000153
1665 0 0 -0.000138
1670 0 0 -0.000152
1675 0 0 -0.000181
1680 0 0 -0.000208
1685 0 0 -0.000214
1690 0 0 -0.000201
1695 0 0 -0.000173
1700 0 0 -0.000135
1705 0 0 -0.000106
1710 0 0 -0.000104
1715 0 0 -0.000142
1720 0 0 -0.000198
1725 0 0 -0.000242
1730 0 0 -0.000253
1735 0 0 -0.000237
1740 0 0 -0.000206
1745 0 0 -0.000174
1750 0 0 -0.000149
1755 0 0 -0.000138
1760 0 0 -0.000145
1765 0 0 -0.000160
1770 0 0 -0.000173
1775 0 0 -0.000174
1780 0 0 -0.000170
1785 0 0 -0.000173
1790 0 0 -0.000188
1795 0 0 -0.000205
1800 0 0 -0.000208
1805 0 0 -0.000187
1810 0 0 -0.000158
1815 0 0 -0.000138
1820 0 0 -0.000142
1825 0 0 -0.000159
1830 0 0 -0.000173
1835 0 0 -0.000172
1840 0 0 -0.000176
1845 0 0 -0.000208
1850 0 0 -0.000281
1855 0 0 -0.000365
1860 0 0 -0.000414
1865 0 0 -0.000402
1870 0 0 -0.000372
1875 0 0 -0.000380
1880 0 0 -0.000465
1885 0 0 -0.000571
1890 0 0 -0.000623
1895 0 0 -0.000568
1900 0 0 -0.000452
1905 0 0 -0.000346
1910 0 0 -0.000301
1915 0 0 -0.000292
1920 0 0 -0.000276
1925 0 0 -0.000222
1930 0 0 -0.000153
1935 0 0 -0.000103
1940 0 0 -0.000099
1945 0 0 -0.000120
1950 0 0 -0.000138
1955 0 0 -0.000131
1960 0 0 -0.000112
1965 0 0 -0.000103
1970 0 0 -0.000120
1975 0 0 -0.000149
1980 0 0 -0.000173
1985 0 0 -0.000176
1990 0 0 -0.000161
1995 0 0 -0.000139
2000 0 0 -0.000117
2005 0 0 -0.000103
2010 0 0 -0.000103
2015 0 0 -0.000123
2020 0 0 -0.000151
2025 0 0 -0.000173
2030 0 0 -0.000178
2035 0 0 -0.000166
2040 0 0 -0.000139
2045 0 0 -0.000104
2050 0 0 -0.000075
2055 0 0 -0.000070
2060 0 0 -0.000098
2065 0 0 -0.000141
2070 0 0 -0.000173
2075 0 0 -0.000174
2080 0 0 -0.000156
2085 0 0 -0.000139
2090 0 0 -0.000138
2095 0 0 -0.000151
2100 0 0 -0.000173
2105 0 0 -0.000198
2110 0 0 -0.000223
2115 0 0 -0.000242
2120 0 0 -0.000254
2125 0 0 -0.000262
2130 0 0 -0.000276
2135 0 0 -0.000298
2140 0 0 -0.000315
2145 0 0 -0.000311
2150 0 0 -0.000274
2155 0 0 -0.000221
2160 0 0 -0.000173
2165 0 0 -0.000147
2170 0 0 -0.000139
2175 0 0 -0.000138
2180 0 0 -0.000135
2185 0 0 -0.000134
2190 0 0 -0.000138
2195 0 0 -0.000151
2200 0 0 -0.000166
2205 0 0 -0.000173
2210 0 0 -0.000165
2215 0 0 -0.000150
2220 0 0 -0.000138
2225 0 0 -0.000135
2230 0 0 -0.000138
2235 0 0 -0.000138
2240 0 0 -0.000130
2245 0 0 -0.000118
2250 0 0 -0.000104
2255 0 0 -0.000095
2260 0 0 -0.000094
2265 0 0 -0.000104
2270 0 0 -0.000128
2275 0 0 -0.000155
2280 0 0 -0.000173
2285 0 0 -0.000173
2290 0 0 -0.000160
2295 0 0 -0.000138
2300 0 0 -0.000115
2305 0 0 -0.000101
2310 0 0 -0.000104
2315 0 0 -0.000130
2320 0 0 -0.000160
2325 0 0 -0.000173
2330 0 0 -0.000154
2335 0 0 -0.000122
2340 0 0 -0.000104
2345 0 0 -0.000118
2350 0 0 -0.000140
2355 0 0 -0.000138
2360 0 0 -0.000097
2365 0 0 -0.000072
2370 0 0 -0.000139
2375 0 0 -0.000338
2380 0 0 -0.000575
2385 0 0 -0.000725
2390 0 0 -0.000700
2395 0 0 -0.000572
2400 0 0 -0.000450
2405 0 0 -0.000416
2410 0 0 -0.000436
2415 0 0 -0.000450
2420 0 0 -0.000415
2425 0 0 -0.000363
2430 0 0 -0.000346
2435 0 0 -0.000401
2440 0 0 -0.000514
2445 0 0 -0.000656
2450 0 0 -0.000799
2455 0 0 -0.000905
2460 0 0 -0.000934
2465 0 0 -0.000865
2470 0 0 -0.000759
2475 0 0 -0.000691
2480 0 0 -0.000716
2485 0 0 -0.000786
2490 0 0 -0.000829
2495 0 0 -0.000799
2500 0 0 -0.000758
2505 0 0 -0.000794
2510 0 0 -0.000960
2515 0 0 -0.001164
2520 0 0 -0.001279
2525 0 0 -0.001217
2530 0 0 -0.001044
2535 0 0 -0.000864
2540 0 0 -0.000759
2545 0 0 -0.000723
2550 0 0 -0.000726
2555 0 0 -0.000742
2560 0 0 -0.000757
2565 0 0 -0.000761
2570 0 0 -0.000748
2575 0 0 -0.000732
2580 0 0 -0.000727
2585 0 0 -0.000752
2590 0 0 -0.000826
2595 0 0 -0.000967
2600 0 0 -0.001174
2605 0 0 -0.001360
2610 0 0 -0.001417
2615 0 0 -0.001279
2620 0 0 -0.001039
2625 0 0 -0.000829
2630 0 0 -0.000750
2635 0 0 -0.000762
2640 0 0 -0.000794
2645 0 0 -0.000790
2650 0 0 -0.000759
2655 0 0 -0.000726
2660 0 0 -0.000710
2665 0 0 -0.000703
2670 0 0 -0.000691
2675 0 0 -0.000666
2680 0 0 -0.000637
2685 0 0 -0.000623
2690 0 0 -0.000632
2695 0 0 -0.000650
2700 0 0 -0.000656
2705 0 0 -0.000636
2710 0 0 -0.000606
2715 0 0 -0.000588
2720 0 0 -0.000599
2725 0 0 -0.000628
2730 0 0 -0.000656
2735 0 0 -0.000669
2740 0 0 -0.000667
2745 0 0 -0.000656
2750 0 0 -0.000640
2755 0 0 -0.000617
2760 0 0 -0.000587
2765 0 0 -0.000547
2770 0 0 -0.000500
2775 0 0 -0.000450
2780 0 0 -0.000401
2785 0 0 -0.000362
2790 0 0 -0.000346
2795 0 0 -0.000357
2800 0 0 -0.000377
2805 0 0 -0.000380
2810 0 0 -0.000352
2815 0 0 -0.000309
2820 0 0 -0.000277
2825 0 0 -0.000276
2830 0 0 -0.000294
2835 0 0 -0.000311
2840 0 0 -0.000313
2845 0 0 -0.000308
2850 0 0 -0.000311
2855 0 0 -0.000329
2860 0 0 -0.000347
2865 0 0 -0.000346
2870 0 0 -0.000311
2875 0 0 -0.000266
2880 0 0 -0.000241
2885 0 0 -0.000256
2890 0 0 -0.000281
2895 0 0 -0.000277
2900 0 0 -0.000219
2905 0 0 -0.000145
2910 0 0 -0.000104
2915 0 0 -0.000134
2920 0 0 -0.000197
2925 0 0 -0.000241
2930 0 0 -0.000229
2935 0 0 -0.000182
2940 0 0 -0.000138
2945 0 0 -0.000124
2950 0 0 -0.000131
2955 0 0 -0.000138
2960 0 0 -0.000132
2965 0 0 -0.000126
2970 0 0 -0.000138
2975 0 0 -0.000178
2980 0 0 -0.000224
2985 0 0 -0.000242
2990 0 0 -0.000213
2995 0 0 -0.000156
3000 0 0 -0.000104
3005 0 0 -0.000083
3010 0 0 -0.000087
3015 0 0 -0.000104
3020 0 0 -0.000126
3025 0 0 -0.000149
3030 0 0 -0.000173
3035 0 0 -0.000194
3040 0 0 -0.000208
3045 0 0 -0.000206
3050 0 0 -0.000186
3055 0 0 -0.000159
3060 0 0 -0.000138
3065 0 0 -0.000134
3070 0 0 -0.000138
3075 0 0 -0.000138
3080 0 0 -0.000126
3085 0 0 -0.000110
3090 0 0 -0.000103
3095 0 0 -0.000115
3100 0 0 -0.000141
3105 0 0 -0.000173
3110 0 0 -0.000201
3115 0 0 -0.000216
3120 0 0 -0.000208
3125 0 0 -0.000171
3130 0 0 -0.000128
3135 0 0 -0.000103
3140 0 0 -0.000115
3145 0 0 -0.000147
3150 0 0 -0.000173
3155 0 0 -0.000174
3160 0 0 -0.000158
3165 0 0 -0.000138
3170 0 0 -0.000127
3175 0 0 -0.000127
3180 0 0 -0.000138
3185 0 0 -0.000158
3190 0 0 -0.000174
3195 0 0 -0.000173
3200 0 0 -0.000146
3205 0 0 -0.000114
3210 0 0 -0.000103
3215 0 0 -0.000131
3220 0 0 -0.000176
3225 0 0 -0.000208
3230 0 0 -0.000204
3235 0 0 -0.000174
3240 0 0 -0.000138
3245 0 0 -0.000111
3250 0 0 -0.000098
3255 0 0 -0.000103
3260 0 0 -0.000127
3265 0 0 -0.000155
3270 0 0 -0.000173
3275 0 0 -0.000171
3280 0 0 -0.000172
3285 0 0 -0.000208
3290 0 0 -0.000294
3295 0 0 -0.000392
3300 0 0 -0.000449
3305 0 0 -0.000428
3310 0 0 -0.000364
3315 0 0 -0.000311
3320 0 0 -0.000305
3325 0 0 -0.000328
3330 0 0 -0.000346
3335 0 0 -0.000333
3340 0 0 -0.000303
3345 0 0 -0.000276
3350 0 0 -0.000269
3355 0 0 -0.000274
3360 0 0 -0.000277
3365 0 0 -0.000269
3370 0 0 -0.000254
3375 0 0 -0.000242
3380 0 0 -0.000240
3385 0 0 -0.000241
3390 0 0 -0.000241
3395 0 0 -0.000235
3400 0 0 -0.000231
3405 0 0 -0.000241
3410 0 0 -0.000271
3415 0 0 -0.000302
3420 0 0 -0.000311
3425 0 0 -0.000283
3430 0 0 -0.000239
3435 0 0 -0.000208
3440 0 0 -0.000210
3445 0 0 -0.000229
3450 0 0 -0.000242
3455 0 0 -0.000231
3460 0 0 -0.000202
3465 0 0 -0.000173
3470 0 0 -0.000153
3475 0 0 -0.000144
3480 0 0 -0.000139
3485 0 0 -0.000137
3490 0 0 -0.000136
3495 0 0 -0.000138
3500 0 0 -0.000141
3505 0 0 -0.000143
3510 0 0 -0.000139
3515 0 0 -0.000129
3520 0 0 -0.000124
3525 0 0 -0.000138
3530 0 0 -0.000177
3535 0 0 -0.000221
3540 0 0 -0.000242
3545 0 0 -0.000222
3550 0 0 -0.000178
3555 0 0 -0.000138
3560 0 0 -0.000122
3565 0 0 -0.000126
3570 0 0 -0.000138
3575 0 0 -0.000150
3580 0 0 -0.000161
3585 0 0 -0.000173
3590 0 0 -0.000186
3595 0 0 -0.000198
3600 0 0 -0.000208
3605 0 0 -0.000212
3610 0 0 -0.000211
3615 0 0 -0.000208
3620 0 0 -0.000202
3625 0 0 -0.000200
3630 0 0 -0.000208
3635 0 0 -0.000227
3640 0 0 -0.000253
3645 0 0 -0.000276
3650 0 0 -0.000290
3655 0 0 -0.000291
3660 0 0 -0.000277
3665 0 0 -0.000250
3670 0 0 -0.000230
3675 0 0 -0.000241
3680 0 0 -0.000297
3685 0 0 -0.000360
3690 0 0 -0.000380
3695 0 0 -0.000326
3700 0 0 -0.000237
3705 0 0 -0.000173
3710 0 0 -0.000174
3715 0 0 -0.000212
3720 0 0 -0.000242
3725 0 0 -0.000231
3730 0 0 -0.000189
3735 0 0 -0.000139
3740 0 0 -0.000100
3745 0 0 -0.000076
3750 0 0 -0.000068
3755 0 0 -0.000079
3760 0 0 -0.000103
3765 0 0 -0.000138
3770 0 0 -0.000177
3775 0 0 -0.000206
3780 0 0 -0.000208
3785 0 0 -0.000171
3790 0 0 -0.000117
3795 0 0 -0.000070
3800 0 0 -0.000052
3805 0 0 -0.000064
3810 0 0 -0.000104
3815 0 0 -0.000166
3820 0 0 -0.000230
3825 0 0 -0.000276
3830 0 0 -0.000288
3835 0 0 -0.000272
3840 0 0 -0.000242
3845 0 0 -0.000211
3850 0 0 -0.000195
3855 0 0 -0.000208
3860 0 0 -0.000265
3865 0 0 -0.000377
3870 0 0 -0.000553
3875 0 0 -0.000787
3880 0 0 -0.001010
3885 0 0 -0.001141
3890 0 0 -0.001123
3895 0 0 -0.001006
3900 0 0 -0.000864
3905 0 0 -0.000758
3910 0 0 -0.000683
3915 0 0 -0.000623
3920 0 0 -0.000562
3925 0 0 -0.000511
3930 0 0 -0.000484
3935 0 0 -0.000488
3940 0 0 -0.000507
3945 0 0 -0.000518
3950 0 0 -0.000507
3955 0 0 -0.000488
3960 0 0 -0.000482
3965 0 0 -0.000503
3970 0 0 -0.000526
3975 0 0 -0.000518
3980 0 0 -0.000460
3985 0 0 -0.000386
3990 0 0 -0.000346
3995 0 0 -0.000371
4000 0 0 -0.000432
4005 0 0 -0.000484
4010 0 0 -0.000494
4015 0 0 -0.000483
4020 0 0 -0.000484
4025 0 0 -0.000520
4030 0 0 -0.000575
4035 0 0 -0.000623
4040 0 0 -0.000643
4045 0 0 -0.000648
4050 0 0 -0.000656
4055 0 0 -0.000682
4060 0 0 -0.000720
4065 0 0 -0.000760
4070 0 0 -0.000795
4075 0 0 -0.000845
4080 0 0 -0.000934
4085 0 0 -0.001073
4090 0 0 -0.001228
4095 0 0 -0.001348
4100 0 0 -0.001397
4105 0 0 -0.001389
4110 0 0 -0.001348
4115 0 0 -0.001293
4120 0 0 -0.001217
4125 0 0 -0.001106
4130 0 0 -0.000957
4135 0 0 -0.000804
4140 0 0 -0.000691
4145 0 0 -0.000651
4150 0 0 -0.000662
4155 0 0 -0.000691
4160 0 0 -0.000711
4165 0 0 -0.000721
4170 0 0 -0.000726
4175 0 0 -0.000730
4180 0 0 -0.000732
4185 0 0 -0.000726
4190 0 0 -0.000710
4195 0 0 -0.000686
4200 0 0 -0.000656
4205 0 0 -0.000623
4210 0 0 -0.000579
4215 0 0 -0.000518
4220 0 0 -0.000438
4225 0 0 -0.000351
4230 0 0 -0.000277
4235 0 0 -0.000228
4240 0 0 -0.000198
4245 0 0 -0.000173
4250 0 0 -0.000144
4255 0 0 -0.000118
4260 0 0 -0.000103
4265 0 0 -0.000106
4270 0 0 -0.000120
4275 0 0 -0.000138
4280 0 0 -0.000152
4285 0 0 -0.000164
4290 0 0 -0.000173
4295 0 0 -0.000181
4300 0 0 -0.000183
4305 0 0 -0.000173
4310 0 0 -0.000149
4315 0 0 -0.000121
4320 0 0 -0.000103
4325 0 0 -0.000105
4330 0 0 -0.000119
4335 0 0 -0.000138
4340 0 0 -0.000153
4345 0 0 -0.000163
4350 0 0 -0.000173
4355 0 0 -0.000181
4360 0 0 -0.000184
4365 0 0 -0.000173
4370 0 0 -0.000146
4375 0 0 -0.000117
4380 0 0 -0.000104
4385 0 0 -0.000120
4390 0 0 -0.000150
4395 0 0 -0.000173
4400 0 0 -0.000172
4405 0 0 -0.000156
4410 0 0 -0.000138
4415 0 0 -0.000128
4420 0 0 -0.000128
4425 0 0 -0.000138
4430 0 0 -0.000156
4435 0 0 -0.000171
4440 0 0 -0.000173
4445 0 0 -0.000153
4450 0 0 -0.000124
4455 0 0 -0.000103
4460 0 0 -0.000104
4465 0 0 -0.000119
4470 0 0 -0.000138
4475 0 0 -0.000152
4480 0 0 -0.000162
4485 0 0 -0.000173
4490 0 0 -0.000184
4495 0 0 -0.000188
4500 0 0 -0.000173
4505 0 0 -0.000133
4510 0 0 -0.000089
4515 0 0 -0.000068
4520 0 0 -0.000089
4525 0 0 -0.000133
4530 0 0 -0.000173
4535 0 0 -0.000188
4540 0 0 -0.000183
4545 0 0 -0.000173
4550 0 0 -0.000165
4555 0 0 -0.000157
4560 0 0 -0.000139
4565 0 0 -0.000109
4570 0 0 -0.000080
4575 0 0 -0.000070
4580 0 0 -0.000089
4585 0 0 -0.000129
4590 0 0 -0.000173
4595 0 0 -0.000206
4600 0 0 -0.000220
4605 0 0 -0.000208
4610 0 0 -0.000166
4615 0 0 -0.000112
4620 0 0 -0.000070
4625 0 0 -0.000056
4630 0 0 -0.000070
4635 0 0 -0.000104
4640 0 0 -0.000150
4645 0 0 -0.000191
4650 0 0 -0.000206
4655 0 0 -0.000185
4660 0 0 -0.000142
4665 0 0 -0.000103
4670 0 0 -0.000086
4675 0 0 -0.000089
4680 0 0 -0.000104
4685 0 0 -0.000126
4690 0 0 -0.000150
4695 0 0 -0.000173
4700 0 0 -0.000190
4705 0 0 -0.000193
4710 0 0 -0.000173
4715 0 0 -0.000128
4720 0 0 -0.000092
4725 0 0 -0.000104
4730 0 0 -0.000191
4735 0 0 -0.000312
4740 0 0 -0.000415
4745 0 0 -0.000460
4750 0 0 -0.000461
4755 0 0 -0.000449
4760 0 0 -0.000446
4765 0 0 -0.000450
4770 0 0 -0.000449
4775 0 0 -0.000434
4780 0 0 -0.000401
4785 0 0 -0.000346
4790 0 0 -0.000271
4795 0 0 -0.000203
4800 0 0 -0.000173
4805 0 0 -0.000199
4810 0 0 -0.000250
4815 0 0 -0.000277
4820 0 0 -0.000250
4825 0 0 -0.000191
4830 0 0 -0.000138
4835 0 0 -0.000120
4840 0 0 -0.000126
4845 0 0 -0.000139
4850 0 0 -0.000144
4855 0 0 -0.000142
4860 0 0 -0.000138
4865 0 0 -0.000136
4870 0 0 -0.000137
4875 0 0 -0.000138
4880 0 0 -0.000139
4885 0 0 -0.000139
4890 0 0 -0.000138
4895 0 0 -0.000137
4900 0 0 -0.000136
4905 0 0 -0.000138
4910 0 0 -0.000142
4915 0 0 -0.000144
4920 0 0 -0.000138
4925 0 0 -0.000121
4930 0 0 -0.000105
4935 0 0 -0.000103
4940 0 0 -0.000126
4945 0 0 -0.000156
4950 0 0 -0.000173
4955 0 0 -0.000161
4960 0 0 -0.000132
4965 0 0 -0.000103
4970 0 0 -0.000089
4975 0 0 -0.000090
4980 0 0 -0.000103
4985 0 0 -0.000125
4990 0 0 -0.000151
4995 0 0 -0.000173
5000 0 0 -0.000186
5005 0 0 -0.000187
5010 0 0 -0.000173
5015 0 0 -0.000144
5020 0 0 -0.000115
5025 0 0 -0.000103
5030 0 0 -0.000120
5035 0 0 -0.000151
5040 0 0 -0.000173
5045 0 0 -0.000173
5050 0 0 -0.000165
5055 0 0 -0.000173
5060 0 0 -0.000210
5065 0 0 -0.000255
5070 0 0 -0.000277
5075 0 0 -0.000257
5080 0 0 -0.000213
5085 0 0 -0.000173
5090 0 0 -0.000159
5095 0 0 -0.000164
5100 0 0 -0.000174
5105 0 0 -0.000177
5110 0 0 -0.000176
5115 0 0 -0.000173
5120 0 0 -0.000172
5125 0 0 -0.000173
5130 0 0 -0.000173
5135 0 0 -0.000169
5140 0 0 -0.000159
5145 0 0 -0.000138
5150 0 0 -0.000108
5155 0 0 -0.000089
5160 0 0 -0.000103
5165 0 0 -0.000165
5170 0 0 -0.000246
5175 0 0 -0.000312
5180 0 0 -0.000333
5185 0 0 -0.000316
5190 0 0 -0.000276
5195 0 0 -0.000228
5200 0 0 -0.000189
5205 0 0 -0.000173
5210 0 0 -0.000190
5215 0 0 -0.000222
5220 0 0 -0.000242
5225 0 0 -0.000233
5230 0 0 -0.000205
5235 0 0 -0.000173
5240 0 0 -0.000151
5245 0 0 -0.000141
5250 0 0 -0.000138
5255 0 0 -0.000141
5260 0 0 -0.000151
5265 0 0 -0.000173
5270 0 0 -0.000204
5275 0 0 -0.000223
5280 0 0 -0.000208
5285 0 0 -0.000146
5290 0 0 -0.000090
5295 0 0 -0.000104
5300 0 0 -0.000233
5305 0 0 -0.000428
5310 0 0 -0.000622
5315 0 0 -0.000760
5320 0 0 -0.000864
5325 0 0 -0.000968
5330 0 0 -0.001092
5335 0 0 -0.001175
5340 0 0 -0.001141
5345 0 0 -0.000945
5350 0 0 -0.000674
5355 0 0 -0.000449
5360 0 0 -0.000358
5365 0 0 -0.000369
5370 0 0 -0.000415
5375 0 0 -0.000447
5380 0 0 -0.000474
5385 0 0 -0.000518
5390 0 0 -0.000601
5395 0 0 -0.000726
5400 0 0 -0.000899
5405 0 0 -0.001108
5410 0 0 -0.001293
5415 0 0 -0.001382
5420 0 0 -0.001326
5425 0 0 -0.001167
5430 0 0 -0.000967
5435 0 0 -0.000784
5440 0 0 -0.000641
5445 0 0 -0.000552
5450 0 0 -0.000525
5455 0 0 -0.000535
5460 0 0 -0.000552
5465 0 0 -0.000550
5470 0 0 -0.000535
5475 0 0 -0.000518
5480 0 0 -0.000510
5485 0 0 -0.000511
5490 0 0 -0.000518
5495 0 0 -0.000529
5500 0 0 -0.000542
5505 0 0 -0.000553
5510 0 0 -0.000561
5515 0 0 -0.000562
5520 0 0 -0.000553
5525 0 0 -0.000534
5530 0 0 -0.000509
5535 0 0 -0.000484
5540 0 0 -0.000465
5545 0 0 -0.000471
5550 0 0 -0.000518
5555 0 0 -0.000614
5560 0 0 -0.000713
5565 0 0 -0.000760
5570 0 0 -0.000717
5575 0 0 -0.000627
5580 0 0 -0.000553
5585 0 0 -0.000540
5590 0 0 -0.000556
5595 0 0 -0.000553
5600 0 0 -0.000498
5605 0 0 -0.000423
5610 0 0 -0.000380
5615 0 0 -0.000403
5620 0 0 -0.000464
5625 0 0 -0.000518
5630 0 0 -0.000532
5635 0 0 -0.000506
5640 0 0 -0.000449
5645 0 0 -0.000372
5650 0 0 -0.000295
5655 0 0 -0.000241
5660 0 0 -0.000226
5665 0 0 -0.000233
5670 0 0 -0.000241
5675 0 0 -0.000232
5680 0 0 -0.000207
5685 0 0 -0.000173
5690 0 0 -0.000137
5695 0 0 -0.000111
5700 0 0 -0.000104
5705 0 0 -0.000125
5710 0 0 -0.000155
5715 0 0 -0.000173
5720 0 0 -0.000164
5725 0 0 -0.000145
5730 0 0 -0.000138
5735 0 0 -0.000159
5740 0 0 -0.000191
5745 0 0 -0.000208
5750 0 0 -0.000190
5755 0 0 -0.000150
5760 0 0 -0.000104
5765 0 0 -0.000070
5770 0 0 -0.000056
5775 0 0 -0.000070
5780 0 0 -0.000112
5785 0 0 -0.000166
5790 0 0 -0.000206
5795 0 0 -0.000216
5800 0 0 -0.000201
5805 0 0 -0.000173
5810 0 0 -0.000142
5815 0 0 -0.000117
5820 0 0 -0.000104
5825 0 0 -0.000107
5830 0 0 -0.000121
5835 0 0 -0.000138
5840 0 0 -0.000151
5845 0 0 -0.000162
5850 0 0 -0.000173
5855 0 0 -0.000183
5860 0 0 -0.000187
5865 0 0 -0.000173
5870 0 0 -0.000137
5875 0 0 -0.000096
5880 0 0 -0.000070
5885 0 0 -0.000073
5890 0 0 -0.000100
5895 0 0 -0.000139
5900 0 0 -0.000178
5905 0 0 -0.000205
5910 0 0 -0.000208
5915 0 0 -0.000179
5920 0 0 -0.000136
5925 0 0 -0.000103
5930 0 0 -0.000098
5935 0 0 -0.000114
5940 0 0 -0.000138
5945 0 0 -0.000159
5950 0 0 -0.000172
5955 0 0 -0.000173
5960 0 0 -0.000160
5965 0 0 -0.000145
5970 0 0 -0.000139
5975 0 0 -0.000151
5980 0 0 -0.000168
5985 0 0 -0.000173
5990 0 0 -0.000155
5995 0 0 -0.000126
6000 0 0 -0.000104
6005 0 0 -0.000104
6010 0 0 -0.000119
6015 0 0 -0.000139
6020 0 0 -0.000156
6025 0 0 -0.000168
6030 0 0 -0.000173
6035 0 0 -0.000171
6040 0 0 -0.000160
6045 0 0 -0.000138
6050 0 0 -0.000106
6055 0 0 -0.000078
6060 0 0 -0.000070
6065 0 0 -0.000091
6070 0 0 -0.000131
6075 0 0 -0.000173
6080 0 0 -0.000202
6085 0 0 -0.000213
6090 0 0 -0.000206
6095 0 0 -0.000180
6100 0 0 -0.000143
6105 0 0 -0.000103
6110 0 0 -0.000070
6115 0 0 -0.000055
6120 0 0 -0.000070
6125 0 0 -0.000117
6130 0 0 -0.000173
6135 0 0 -0.000206
6140 0 0 -0.000196
6145 0 0 -0.000163
6150 0 0 -0.000139
6155 0 0 -0.000146
6160 0 0 -0.000166
6165 0 0 -0.000173
6170 0 0 -0.000151
6175 0 0 -0.000127
6180 0 0 -0.000138
6185 0 0 -0.000207
6190 0 0 -0.000303
6195 0 0 -0.000380
6200 0 0 -0.000409
6205 0 0 -0.000409
6210 0 0 -0.000415
6215 0 0 -0.000451
6220 0 0 -0.000487
6225 0 0 -0.000484
6230 0 0 -0.000416
6235 0 0 -0.000328
6240 0 0 -0.000277
6245 0 0 -0.000304
6250 0 0 -0.000369
6255 0 0 -0.000414
6260 0 0 -0.000397
6265 0 0 -0.000339
6270 0 0 -0.000276
6275 0 0 -0.000239
6280 0 0 -0.000237
6285 0 0 -0.000276
6290 0 0 -0.000355
6295 0 0 -0.000455
6300 0 0 -0.000553
6305 0 0 -0.000632
6310 0 0 -0.000698
6315 0 0 -0.000761
6320 0 0 -0.000828
6325 0 0 -0.000881
6330 0 0 -0.000899
6335 0 0 -0.000864
6340 0 0 -0.000789
6345 0 0 -0.000691
6350 0 0 -0.000597
6355 0 0 -0.000555
6360 0 0 -0.000623
6365 0 0 -0.000826
6370 0 0 -0.001074
6375 0 0 -0.001244
6380 0 0 -0.001249
6385 0 0 -0.001131
6390 0 0 -0.000968
6395 0 0 -0.000826
6400 0 0 -0.000721
6405 0 0 -0.000658
6410 0 0 -0.000633
6415 0 0 -0.000620
6420 0 0 -0.000587
6425 0 0 -0.000510
6430 0 0 -0.000417
6435 0 0 -0.000346
6440 0 0 -0.000322
6445 0 0 -0.000331
6450 0 0 -0.000346
6455 0 0 -0.000346
6460 0 0 -0.000341
6465 0 0 -0.000346
6470 0 0 -0.000367
6475 0 0 -0.000388
6480 0 0 -0.000380
6485 0 0 -0.000330
6490 0 0 -0.000261
6495 0 0 -0.000206
6500 0 0 -0.000191
6505 0 0 -0.000200
6510 0 0 -0.000208
6515 0 0 -0.000197
6520 0 0 -0.000179
6525 0 0 -0.000173
6530 0 0 -0.000191
6535 0 0 -0.000221
6540 0 0 -0.000242
6545 0 0 -0.000241
6550 0 0 -0.000224
6555 0 0 -0.000208
6560 0 0 -0.000201
6565 0 0 -0.000203
6570 0 0 -0.000208
6575 0 0 -0.000211
6580 0 0 -0.000211
6585 0 0 -0.000208
6590 0 0 -0.000202
6595 0 0 -0.000208
6600 0 0 -0.000241
6605 0 0 -0.000311
6610 0 0 -0.000399
6615 0 0 -0.000484
6620 0 0 -0.000540
6625 0 0 -0.000547
6630 0 0 -0.000484
6635 0 0 -0.000347
6640 0 0 -0.000211
6645 0 0 -0.000173
6650 0 0 -0.000287
6655 0 0 -0.000458
6660 0 0 -0.000552
6665 0 0 -0.000477
6670 0 0 -0.000311
6675 0 0 -0.000173
6680 0 0 -0.000152
6685 0 0 -0.000219
6690 0 0 -0.000311
6695 0 0 -0.000379
6700 0 0 -0.000413
6705 0 0 -0.000414
6710 0 0 -0.000386
6715 0 0 -0.000336
6720 0 0 -0.000276
6725 0 0 -0.000220
6730 0 0 -0.000207
6735 0 0 -0.000277
6740 0 0 -0.000450
6745 0 0 -0.000646
6750 0 0 -0.000761
6755 0 0 -0.000723
6760 0 0 -0.000589
6765 0 0 -0.000449
6770 0 0 -0.000371
6775 0 0 -0.000346
6780 0 0 -0.000346
6785 0 0 -0.000348
6790 0 0 -0.000356
6795 0 0 -0.000380
6800 0 0 -0.000428
6805 0 0 -0.000490
6810 0 0 -0.000553
6815 0 0 -0.000606
6820 0 0 -0.000642
6825 0 0 -0.000655
6830 0 0 -0.000641
6835 0 0 -0.000605
6840 0 0 -0.000552
6845 0 0 -0.000493
6850 0 0 -0.000450
6855 0 0 -0.000449
6860 0 0 -0.000506
6865 0 0 -0.000597
6870 0 0 -0.000691
6875 0 0 -0.000758
6880 0 0 -0.000785
6885 0 0 -0.000761
6890 0 0 -0.000684
6895 0 0 -0.000580
6900 0 0 -0.000484
6905 0 0 -0.000423
6910 0 0 -0.000401
6915 0 0 -0.000415
6920 0 0 -0.000458
6925 0 0 -0.000503
6930 0 0 -0.000518
6935 0 0 -0.000486
6940 0 0 -0.000437
6945 0 0 -0.000414
6950 0 0 -0.000448
6955 0 0 -0.000518
6960 0 0 -0.000587
6965 0 0 -0.000627
6970 0 0 -0.000637
6975 0 0 -0.000622
6980 0 0 -0.000588
6985 0 0 -0.000558
6990 0 0 -0.000553
6995 0 0 -0.000588
7000 0 0 -0.000635
7005 0 0 -0.000656
7010 0 0 -0.000628
7015 0 0 -0.000588
7020 0 0 -0.000587
7025 0 0 -0.000662
7030 0 0 -0.000799
7035 0 0 -0.000967
7040 0 0 -0.001131
7045 0 0 -0.001224
7050 0 0 -0.001175
7055 0 0 -0.000949
7060 0 0 -0.000667
7065 0 0 -0.000484
7070 0 0 -0.000508
7075 0 0 -0.000647
7080 0 0 -0.000761
7085 0 0 -0.000744
7090 0 0 -0.000646
7095 0 0 -0.000552
7100 0 0 -0.000529
7105 0 0 -0.000564
7110 0 0 -0.000623
7115 0 0 -0.000677
7120 0 0 -0.000714
7125 0 0 -0.000726
7130 0 0 -0.000709
7135 0 0 -0.000679
7140 0 0 -0.000656
7145 0 0 -0.000656
7150 0 0 -0.000672
7155 0 0 -0.000691
7160 0 0 -0.000704
7165 0 0 -0.000705
7170 0 0 -0.000691
7175 0 0 -0.000661
7180 0 0 -0.000622
7185 0 0 -0.000588
7190 0 0 -0.000566
7195 0 0 -0.000556
7200 0 0 -0.000553
7205 0 0 -0.000554
7210 0 0 -0.000554
7215 0 0 -0.000552
7220 0 0 -0.000545
7225 0 0 -0.000533
7230 0 0 -0.000518
7235 0 0 -0.000501
7240 0 0 -0.000479
7245 0 0 -0.000449
7250 0 0 -0.000410
7255 0 0 -0.000363
7260 0 0 -0.000312
7265 0 0 -0.000260
7270 0 0 -0.000212
7275 0 0 -0.000173
7280 0 0 -0.000147
7285 0 0 -0.000135
7290 0 0 -0.000138
7295 0 0 -0.000153
7300 0 0 -0.000170
7305 0 0 -0.000173
7310 0 0 -0.000154
7315 0 0 -0.000125
7320 0 0 -0.000103
7325 0 0 -0.000102
7330 0 0 -0.000116
7335 0 0 -0.000139
7340 0 0 -0.000162
7345 0 0 -0.000176
7350 0 0 -0.000173
7355 0 0 -0.000148
7360 0 0 -0.000117
7365 0 0 -0.000103
7370 0 0 -0.000119
7375 0 0 -0.000150
7380 0 0 -0.000173
7385 0 0 -0.000171
7390 0 0 -0.000154
7395 0 0 -0.000138
7400 0 0 -0.000135
7405 0 0 -0.000139
7410 0 0 -0.000138
7415 0 0 -0.000125
7420 0 0 -0.000109
7425 0 0 -0.000104
7430 0 0 -0.000121
7435 0 0 -0.000148
7440 0 0 -0.000173
7445 0 0 -0.000184
7450 0 0 -0.000183
7455 0 0 -0.000173
7460 0 0 -0.000159
7465 0 0 -0.000146
7470 0 0 -0.000138
7475 0 0 -0.000139
7480 0 0 -0.000142
7485 0 0 -0.000138
7490 0 0 -0.000123
7495 0 0 -0.000106
7500 0 0 -0.000103
7505 0 0 -0.000123
7510 0 0 -0.000152
7515 0 0 -0.000173
7520 0 0 -0.000171
7525 0 0 -0.000155
7530 0 0 -0.000138
7535 0 0 -0.000130
7540 0 0 -0.000131
7545 0 0 -0.000139
7550 0 0 -0.000152
7555 0 0 -0.000165
7560 0 0 -0.000173
7565 0 0 -0.000172
7570 0 0 -0.000161
7575 0 0 -0.000138
7580 0 0 -0.000105
7585 0 0 -0.000076
7590 0 0 -0.000070
7595 0 0 -0.000096
7600 0 0 -0.000138
7605 0 0 -0.000173
7610 0 0 -0.000184
7615 0 0 -0.000179
7620 0 0 -0.000173
7625 0 0 -0.000176
7630 0 0 -0.000181
7635 0 0 -0.000173
7640 0 0 -0.000146
7645 0 0 -0.000125
7650 0 0 -0.000138
7655 0 0 -0.000212
7660 0 0 -0.000350
7665 0 0 -0.000552
7670 0 0 -0.000805
7675 0 0 -0.001048
7680 0 0 -0.001210
7685 0 0 -0.001240
7690 0 0 -0.001183
7695 0 0 -0.001106
7700 0 0 -0.001055
7705 0 0 -0.000994
7710 0 0 -0.000864
7715 0 0 -0.000638
7720 0 0 -0.000403
7725 0 0 -0.000277
7730 0 0 -0.000340
7735 0 0 -0.000515
7740 0 0 -0.000691
7745 0 0 -0.000778
7750 0 0 -0.000780
7755 0 0 -0.000726
7760 0 0 -0.000642
7765 0 0 -0.000544
7770 0 0 -0.000449
7775 0 0 -0.000371
7780 0 0 -0.000330
7785 0 0 -0.000346
7790 0 0 -0.000424
7795 0 0 -0.000523
7800 0 0 -0.000587
7805 0 0 -0.000576
7810 0 0 -0.000516
7815 0 0 -0.000449
7820 0 0 -0.000409
7825 0 0 -0.000399
7830 0 0 -0.000415
7835 0 0 -0.000449
7840 0 0 -0.000480
7845 0 0 -0.000484
7850 0 0 -0.000451
7855 0 0 -0.000431
7860 0 0 -0.000484
7865 0 0 -0.000642
7870 0 0 -0.000819
7875 0 0 -0.000899
7880 0 0 -0.000805
7885 0 0 -0.000624
7890 0 0 -0.000484
7895 0 0 -0.000476
7900 0 0 -0.000551
7905 0 0 -0.000622
7910 0 0 -0.000623
7915 0 0 -0.000575
7920 0 0 -0.000518
7925 0 0 -0.000488
7930 0 0 -0.000488
7935 0 0 -0.000518
7940 0 0 -0.000572
7945 0 0 -0.000627
7950 0 0 -0.000656
7955 0 0 -0.000645
7960 0 0 -0.000621
7965 0 0 -0.000622
7970 0 0 -0.000669
7975 0 0 -0.000723
7980 0 0 -0.000726
7985 0 0 -0.000646
7990 0 0 -0.000538
7995 0 0 -0.000484
8000 0 0 -0.000538
8005 0 0 -0.000662
8010 0 0 -0.000794
8015 0 0 -0.000882
8020 0 0 -0.000917
8025 0 0 -0.000899
8030 0 0 -0.000833
8035 0 0 -0.000744
8040 0 0 -0.000656
8045 0 0 -0.000593
8050 0 0 -0.000550
8055 0 0 -0.000520
8060 0 0 -0.000495
8065 0 0 -0.000481
8070 0 0 -0.000484
8075 0 0 -0.000508
8080 0 0 -0.000546
8085 0 0 -0.000587
8090 0 0 -0.000622
8095 0 0 -0.000646
8100 0 0 -0.000656
8105 0 0 -0.000651
8110 0 0 -0.000636
8115 0 0 -0.000622
8120 0 0 -0.000613
8125 0 0 -0.000605
8130 0 0 -0.000588
8135 0 0 -0.000561
8140 0 0 -0.000549
8145 0 0 -0.000588
8150 0 0 -0.000692
8155 0 0 -0.000808
8160 0 0 -0.000864
8165 0 0 -0.000810
8170 0 0 -0.000686
8175 0 0 -0.000554
8180 0 0 -0.000470
8185 0 0 -0.000454
8190 0 0 -0.000517
8195 0 0 -0.000657
8200 0 0 -0.000802
8205 0 0 -0.000864
8210 0 0 -0.000789
8215 0 0 -0.000649
8220 0 0 -0.000553
8225 0 0 -0.000574
8230 0 0 -0.000660
8235 0 0 -0.000726
8240 0 0 -0.000710
8245 0 0 -0.000645
8250 0 0 -0.000587
8255 0 0 -0.000576
8260 0 0 -0.000597
8265 0 0 -0.000622
8270 0 0 -0.000629
8275 0 0 -0.000633
8280 0 0 -0.000658
8285 0 0 -0.000718
8290 0 0 -0.000804
8295 0 0 -0.000899
8300 0 0 -0.000985
8305 0 0 -0.001047
8310 0 0 -0.001072
8315 0 0 -0.001053
8320 0 0 -0.001017
8325 0 0 -0.001002
8330 0 0 -0.001029
8335 0 0 -0.001067
8340 0 0 -0.001072
8345 0 0 -0.001013
8350 0 0 -0.000927
8355 0 0 -0.000864
8360 0 0 -0.000857
8365 0 0 -0.000874
8370 0 0 -0.000864
8375 0 0 -0.000798
8380 0 0 -0.000728
8385 0 0 -0.000727
8390 0 0 -0.000844
8395 0 0 -0.001020
8400 0 0 -0.001175
8405 0 0 -0.001242
8410 0 0 -0.001233
8415 0 0 -0.001175
8420 0 0 -0.001095
8425 0 0 -0.001018
8430 0 0 -0.000968
8435 0 0 -0.000961
8440 0 0 -0.000972
8445 0 0 -0.000968
8450 0 0 -0.000929
8455 0 0 -0.000872
8460 0 0 -0.000829
8465 0 0 -0.000820
8470 0 0 -0.000828
8475 0 0 -0.000829
8480 0 0 -0.000805
8485 0 0 -0.000774
8490 0 0 -0.000761
8495 0 0 -0.000782
8500 0 0 -0.000816
8505 0 0 -0.000830
8510 0 0 -0.000805
8515 0 0 -0.000760
8520 0 0 -0.000725
8525 0 0 -0.000722
8530 0 0 -0.000741
8535 0 0 -0.000761
8540 0 0 -0.000768
8545 0 0 -0.000773
8550 0 0 -0.000796
8555 0 0 -0.000843
8560 0 0 -0.000889
8565 0 0 -0.000898
8570 0 0 -0.000850
8575 0 0 -0.000794
8580 0 0 -0.000794
8585 0 0 -0.000889
8590 0 0 -0.001013
8595 0 0 -0.001072
8600 0 0 -0.001004
8605 0 0 -0.000870
8610 0 0 -0.000761
8615 0 0 -0.000744
8620 0 0 -0.000795
8625 0 0 -0.000864
8630 0 0 -0.000912
8635 0 0 -0.000934
8640 0 0 -0.000932
8645 0 0 -0.000914
8650 0 0 -0.000896
8655 0 0 -0.000899
8660 0 0 -0.000934
8665 0 0 -0.000980
8670 0 0 -0.001003
8675 0 0 -0.000984
8680 0 0 -0.000939
8685 0 0 -0.000899
8690 0 0 -0.000883
8695 0 0 -0.000887
8700 0 0 -0.000899
8705 0 0 -0.000905
8710 0 0 -0.000897
8715 0 0 -0.000864
8720 0 0 -0.000800
8725 0 0 -0.000715
8730 0 0 -0.000622
8735 0 0 -0.000530
8740 0 0 -0.000440
8745 0 0 -0.000346
8750 0 0 -0.000247
8755 0 0 -0.000160
8760 0 0 -0.000104
8765 0 0 -0.000092
8770 0 0 -0.000110
8775 0 0 -0.000139
8780 0 0 -0.000162
8785 0 0 -0.000174
8790 0 0 -0.000173
8795 0 0 -0.000159
8800 0 0 -0.000143
8805 0 0 -0.000138
8810 0 0 -0.000153
8815 0 0 -0.000171
8820 0 0 -0.000173
8825 0 0 -0.000145
8830 0 0 -0.000111
8835 0 0 -0.000104
8840 0 0 -0.000145
8845 0 0 -0.000204
8850 0 0 -0.000241
8855 0 0 -0.000227
8860 0 0 -0.000182
8865 0 0 -0.000138
8870 0 0 -0.000119
8875 0 0 -0.000123
8880 0 0 -0.000138
8885 0 0 -0.000156
8890 0 0 -0.000169
8895 0 0 -0.000173
8900 0 0 -0.000163
8905 0 0 -0.000147
8910 0 0 -0.000138
8915 0 0 -0.000142
8920 0 0 -0.000157
8925 0 0 -0.000173
8930 0 0 -0.000184
8935 0 0 -0.000186
8940 0 0 -0.000173
8945 0 0 -0.000144
8950 0 0 -0.000114
8955 0 0 -0.000103
8960 0 0 -0.000122
8965 0 0 -0.000154
8970 0 0 -0.000173
8975 0 0 -0.000161
8980 0 0 -0.000131
8985 0 0 -0.000104
8990 0 0 -0.000096
8995 0 0 -0.000099
9000 0 0 -0.000103
9005 0 0 -0.000099
9010 0 0 -0.000096
9015 0 0 -0.000103
9020 0 0 -0.000129
9025 0 0 -0.000158
9030 0 0 -0.000173
9035 0 0 -0.000159
9040 0 0 -0.000130
9045 0 0 -0.000104
9050 0 0 -0.000097
9055 0 0 -0.000109
9060 0 0 -0.000138
9065 0 0 -0.000181
9070 0 0 -0.000221
9075 0 0 -0.000242
9080 0 0 -0.000233
9085 0 0 -0.000204
9090 0 0 -0.000173
9095 0 0 -0.000154
9100 0 0 -0.000144
9105 0 0 -0.000138
9110 0 0 -0.000132
9115 0 0 -0.000139
9120 0 0 -0.000173
9125 0 0 -0.000240
9130 0 0 -0.000310
9135 0 0 -0.000346
9140 0 0 -0.000319
9145 0 0 -0.000251
9150 0 0 -0.000173
9155 0 0 -0.000116
9160 0 0 -0.000115
9165 0 0 -0.000206
9170 0 0 -0.000405
9175 0 0 -0.000651
9180 0 0 -0.000864
9185 0 0 -0.000979
9190 0 0 -0.000989
9195 0 0 -0.000898
9200 0 0 -0.000722
9205 0 0 -0.000517
9210 0 0 -0.000346
9215 0 0 -0.000255
9220 0 0 -0.000222
9225 0 0 -0.000208
9230 0 0 -0.000184
9235 0 0 -0.000181
9240 0 0 -0.000241
9245 0 0 -0.000386
9250 0 0 -0.000553
9255 0 0 -0.000658
9260 0 0 -0.000645
9265 0 0 -0.000570
9270 0 0 -0.000518
9275 0 0 -0.000547
9280 0 0 -0.000615
9285 0 0 -0.000655
9290 0 0 -0.000620
9295 0 0 -0.000544
9300 0 0 -0.000484
9305 0 0 -0.000476
9310 0 0 -0.000491
9315 0 0 -0.000484
9320 0 0 -0.000421
9325 0 0 -0.000327
9330 0 0 -0.000241
9335 0 0 -0.000194
9340 0 0 -0.000194
9345 0 0 -0.000242
9350 0 0 -0.000332
9355 0 0 -0.000428
9360 0 0 -0.000484
9365 0 0 -0.000469
9370 0 0 -0.000400
9375 0 0 -0.000310
9380 0 0 -0.000227
9385 0 0 -0.000182
9390 0 0 -0.000208
9395 0 0 -0.000314
9400 0 0 -0.000435
9405 0 0 -0.000484
9410 0 0 -0.000403
9415 0 0 -0.000257
9420 0 0 -0.000139
9425 0 0 -0.000117
9430 0 0 -0.000150
9435 0 0 -0.000173
9440 0 0 -0.000145
9445 0 0 -0.000136
9450 0 0 -0.000241
9455 0 0 -0.000512
9460 0 0 -0.000831
9465 0 0 -0.001037
9470 0 0 -0.001014
9475 0 0 -0.000836
9480 0 0 -0.000623
9485 0 0 -0.000469
9490 0 0 -0.000375
9495 0 0 -0.000312
9500 0 0 -0.000264
9505 0 0 -0.000244
9510 0 0 -0.000276
9515 0 0 -0.000369
9520 0 0 -0.000489
9525 0 0 -0.000587
9530 0 0 -0.000632
9535 0 0 -0.000652
9540 0 0 -0.000691
9545 0 0 -0.000772
9550 0 0 -0.000833
9555 0 0 -0.000794
9560 0 0 -0.000607
9565 0 0 -0.000351
9570 0 0 -0.000138
9575 0 0 -0.000052
9580 0 0 -0.000061
9585 0 0 -0.000104
9590 0 0 -0.000133
9595 0 0 -0.000142
9600 0 0 -0.000139
9605 0 0 -0.000134
9610 0 0 -0.000140
9615 0 0 -0.000173
9620 0 0 -0.000245
9625 0 0 -0.000351
9630 0 0 -0.000484
9635 0 0 -0.000626
9640 0 0 -0.000726
9645 0 0 -0.000725
9650 0 0 -0.000590
9655 0 0 -0.000395
9660 0 0 -0.000242
9665 0 0 -0.000205
9670 0 0 -0.000240
9675 0 0 -0.000277
9680 0 0 -0.000266
9685 0 0 -0.000237
9690 0 0 -0.000241
9695 0 0 -0.000313
9700 0 0 -0.000412
9705 0 0 -0.000484
9710 0 0 -0.000487
9715 0 0 -0.000449
9720 0 0 -0.000414
9725 0 0 -0.000415
9730 0 0 -0.000444
9735 0 0 -0.000484
9740 0 0 -0.000519
9745 0 0 -0.000543
9750 0 0 -0.000552
9755 0 0 -0.000543
9760 0 0 -0.000528
9765 0 0 -0.000520
9770 0 0 -0.000527
9775 0 0 -0.000542
9780 0 0 -0.000552
9785 0 0 -0.000550
9790 0 0 -0.000554
9795 0 0 -0.000587
9800 0 0 -0.000662
9805 0 0 -0.000745
9810 0 0 -0.000794
9815 0 0 -0.000778
9820 0 0 -0.000720
9825 0 0 -0.000658
9830 0 0 -0.000619
9835 0 0 -0.000601
9840 0 0 -0.000588
9845 0 0 -0.000572
9850 0 0 -0.000557
9855 0 0 -0.000552
9860 0 0 -0.000559
9865 0 0 -0.000566
9870 0 0 -0.000553
9875 0 0 -0.000510
9880 0 0 -0.000456
9885 0 0 -0.000415
9890 0 0 -0.000410
9895 0 0 -0.000445
9900 0 0 -0.000518
9905 0 0 -0.000622
9910 0 0 -0.000709
9915 0 0 -0.000726
9920 0 0 -0.000640
9925 0 0 -0.000509
9930 0 0 -0.000414
9935 0 0 -0.000413
9940 0 0 -0.000468
9945 0 0 -0.000518
9950 0 0 -0.000518
9955 0 0 -0.000475
9960 0 0 -0.000415
9965 0 0 -0.000358
9970 0 0 -0.000310
9975 0 0 -0.000276
9980 0 0 -0.000257
9985 0 0 -0.000248
9990 0 0 -0.000242
9995 0 0 -0.000235
10000 0 0 -0.000232
10005 0 0 -0.000242
10010 0 0 -0.000270
10015 0 0 -0.000300
10020 0 0 -0.000311
10025 0 0 -0.000288
10030 0 0 -0.000247
10035 0 0 -0.000208
10040 0 0 -0.000186
10045 0 0 -0.000178
10050 0 0 -0.000173
10055 0 0 -0.000163
10060 0 0 -0.000150
10065 0 0 -0.000138
10070 0 0 -0.000130
10075 0 0 -0.000129
