0 0 0 0.808000
5 0 0 0.744889
10 0 0 0.706756
15 0 0 0.688000
20 0 0 0.683022
25 0 0 0.686222
30 0 0 0.692000
35 0 0 0.695616
40 0 0 0.695765
45 0 0 0.692000
50 0 0 0.685329
55 0 0 0.682572
60 0 0 0.692000
65 0 0 0.719364
70 0 0 0.760319
75 0 0 0.808000
80 0 0 0.851290
85 0 0 0.862077
90 0 0 0.808000
95 0 0 0.676218
100 0 0 0.531966
105 0 0 0.460000
110 0 0 0.518507
115 0 0 0.659394
120 0 0 0.808000
125 0 0 0.903385
130 0 0 0.939496
135 0 0 0.924000
140 0 0 0.866324
145 0 0 0.782920
150 0 0 0.692000
155 0 0 0.612506
160 0 0 0.566306
165 0 0 0.576000
170 0 0 0.650765
175 0 0 0.746080
180 0 0 0.804000
185 0 0 0.785767
190 0 0 0.729374
195 0 0 0.692000
200 0 0 0.713869
205 0 0 0.767386
210 0 0 0.808000
215 0 0 0.801719
220 0 0 0.756785
225 0 0 0.692000
230 0 0 0.626514
235 0 0 0.580880
240 0 0 0.576000
245 0 0 0.620818
250 0 0 0.676437
255 0 0 0.692000
260 0 0 0.634066
265 0 0 0.538854
270 0 0 0.460000
275 0 0 0.436400
280 0 0 0.447998
285 0 0 0.460000
290 0 0 0.449076
295 0 0 0.437747
300 0 0 0.460000
305 0 0 0.535890
310 0 0 0.629754
315 0 0 0.692000
320 0 0 0.687217
325 0 0 0.636719
330 0 0 0.576000
335 0 0 0.532131
340 0 0 0.498483
345 0 0 0.460000
350 0 0 0.408405
355 0 0 0.362534
360 0 0 0.348000
365 0 0 0.379876
370 0 0 0.431083
375 0 0 0.464000
380 0 0 0.451052
385 0 0 0.404839
390 0 0 0.348000
395 0 0 0.303469
400 0 0 0.295341
405 0 0 0.348000
410 0 0 0.470033
415 0 0 0.606835
420 0 0 0.688000
425 0 0 0.664250
430 0 0 0.570802
435 0 0 0.464000
440 0 0 0.389856
445 0 0 0.353067
450 0 0 0.348000
455 0 0 0.368919
460 0 0 0.409671
465 0 0 0.464000
470 0 0 0.523062
475 0 0 0.567658
480 0 0 0.576000
485 0 0 0.533056
490 0 0 0.450810
495 0 0 0.348000
500 0 0 0.248121
505 0 0 0.193694
510 0 0 0.232000
515 0 0 0.389276
520 0 0 0.607598
525 0 0 0.808000
530 0 0 0.930923
535 0 0 0.994432
540 0 0 1.036000
545 0 0 1.079477
550 0 0 1.094229
555 0 0 1.036000
560 0 0 0.878279
565 0 0 0.665540
570 0 0 0.460000
575 0 0 0.313627
580 0 0 0.237388
585 0 0 0.232000
590 0 0 0.291212
595 0 0 0.380907
600 0 0 0.460000
605 0 0 0.496192
610 0 0 0.492318
615 0 0 0.460000
620 0 0 0.412317
625 0 0 0.368190
630 0 0 0.348000
635 0 0 0.365651
640 0 0 0.409143
645 0 0 0.460000
650 0 0 0.499301
655 0 0 0.506348
660 0 0 0.460000
665 0 0 0.355517
670 0 0 0.253762
675 0 0 0.232000
680 0 0 0.336262
685 0 0 0.487642
690 0 0 0.576000
695 0 0 0.527730
700 0 0 0.415372
705 0 0 0.348000
710 0 0 0.400224
715 0 0 0.508795
720 0 0 0.576000
725 0 0 0.533597
730 0 0 0.431227
735 0 0 0.348000
740 0 0 0.342869
745 0 0 0.394149
750 0 0 0.460000
755 0 0 0.507817
760 0 0 0.541953
765 0 0 0.576000
770 0 0 0.614752
775 0 0 0.627815
780 0 0 0.576000
785 0 0 0.446212
790 0 0 0.329748
795 0 0 0.344000
800 0 0 0.566472
805 0 0 0.915117
810 0 0 1.268000
815 0 0 1.520936
820 0 0 1.640745
825 0 0 1.612000
830 0 0 1.435563
835 0 0 1.177458
840 0 0 0.920000
845 0 0 0.730738
850 0 0 0.618163
855 0 0 0.576000
860 0 0 0.593633
865 0 0 0.643076
870 0 0 0.692000
875 0 0 0.719026
880 0 0 0.746570
885 0 0 0.808000
890 0 0 0.918413
895 0 0 1.019829
900 0 0 1.036000
905 0 0 0.919028
910 0 0 0.734411
915 0 0 0.576000
920 0 0 0.514662
925 0 0 0.529342
930 0 0 0.576000
935 0 0 0.618916
940 0 0 0.655630
945 0 0 0.692000
950 0 0 0.727749
955 0 0 0.738065
960 0 0 0.692000
965 0 0 0.574976
970 0 0 0.437888
975 0 0 0.348000
980 0 0 0.351311
985 0 0 0.408755
990 0 0 0.460000
995 0 0 0.462744
1000 0 0 0.446798
1005 0 0 0.460000
1010 0 0 0.528824
1015 0 0 0.594277
1020 0 0 0.576000
1025 0 0 0.426998
1030 0 0 0.233725
1035 0 0 0.116000
1040 0 0 0.158297
1045 0 0 0.303712
1050 0 0 0.460000
1055 0 0 0.553594
1060 0 0 0.585649
1065 0 0 0.576000
1070 0 0 0.543179
1075 0 0 0.500507
1080 0 0 0.460000
1085 0 0 0.428948
1090 0 0 0.395730
1095 0 0 0.344000
1100 0 0 0.269029
1105 0 0 0.212571
1110 0 0 0.228000
1115 0 0 0.344121
1120 0 0 0.491467
1125 0 0 0.576000
1130 0 0 0.534486
1135 0 0 0.426896
1140 0 0 0.344000
1145 0 0 0.350971
1150 0 0 0.410580
1155 0 0 0.460000
1160 0 0 0.452150
1165 0 0 0.402933
1170 0 0 0.344000
1175 0 0 0.304134
1180 0 0 0.300652
1185 0 0 0.348000
1190 0 0 0.447165
1195 0 0 0.545276
1200 0 0 0.576000
1205 0 0 0.504837
1210 0 0 0.424616
1215 0 0 0.460000
1220 0 0 0.689636
1225 0 0 1.008111
1230 0 0 1.264000
1235 0 0 1.343139
1240 0 0 1.280420
1245 0 0 1.148000
1250 0 0 1.013216
1255 0 0 0.924133
1260 0 0 0.924000
1265 0 0 1.033035
1270 0 0 1.179342
1275 0 0 1.268000
1280 0 0 1.233757
1285 0 0 1.130053
1290 0 0 1.040000
1295 0 0 1.022752
1300 0 0 1.041631
1305 0 0 1.036000
1310 0 0 0.965161
1315 0 0 0.868165
1320 0 0 0.804000
1325 0 0 0.818233
1330 0 0 0.902746
1335 0 0 1.036000
1340 0 0 1.191537
1345 0 0 1.323221
1350 0 0 1.380000
1355 0 0 1.331620
1360 0 0 1.231035
1365 0 0 1.152000
1370 0 0 1.144946
1375 0 0 1.167008
1380 0 0 1.152000
1385 0 0 1.059561
1390 0 0 0.952636
1395 0 0 0.920000
1400 0 0 1.021701
1405 0 0 1.202892
1410 0 0 1.380000
1415 0 0 1.486080
1420 0 0 1.520686
1425 0 0 1.500000
1430 0 0 1.440203
1435 0 0 1.357476
