0 0 0 -0.000820
5 0 0 -0.000946
10 0 0 -0.000897
15 0 0 -0.000760
20 0 0 -0.000618
25 0 0 -0.000557
30 0 0 -0.000660
35 0 0 -0.000964
40 0 0 -0.001308
45 0 0 -0.001480
50 0 0 -0.001341
55 0 0 -0.001031
60 0 0 -0.000760
65 0 0 -0.000685
70 0 0 -0.000748
75 0 0 -0.000840
80 0 0 -0.000874
85 0 0 -0.000857
90 0 0 -0.000820
95 0 0 -0.000789
100 0 0 -0.000768
105 0 0 -0.000760
110 0 0 -0.000761
115 0 0 -0.000754
120 0 0 -0.000720
125 0 0 -0.000647
130 0 0 -0.000557
135 0 0 -0.000480
140 0 0 -0.000439
145 0 0 -0.000425
150 0 0 -0.000420
155 0 0 -0.000412
160 0 0 -0.000403
165 0 0 -0.000400
170 0 0 -0.000406
175 0 0 -0.000416
180 0 0 -0.000420
185 0 0 -0.000414
190 0 0 -0.000404
195 0 0 -0.000400
200 0 0 -0.000410
205 0 0 -0.000436
210 0 0 -0.000480
215 0 0 -0.000540
220 0 0 -0.000599
225 0 0 -0.000640
230 0 0 -0.000648
235 0 0 -0.000636
240 0 0 -0.000620
245 0 0 -0.000615
250 0 0 -0.000617
255 0 0 -0.000620
260 0 0 -0.000617
265 0 0 -0.000600
270 0 0 -0.000560
275 0 0 -0.000497
280 0 0 -0.000438
285 0 0 -0.000420
290 0 0 -0.000464
295 0 0 -0.000539
300 0 0 -0.000600
305 0 0 -0.000615
310 0 0 -0.000600
315 0 0 -0.000580
320 0 0 -0.000577
325 0 0 -0.000587
330 0 0 -0.000600
335 0 0 -0.000605
340 0 0 -0.000595
345 0 0 -0.000560
350 0 0 -0.000500
355 0 0 -0.000442
360 0 0 -0.000420
365 0 0 -0.000455
370 0 0 -0.000521
375 0 0 -0.000580
380 0 0 -0.000603
385 0 0 -0.000602
390 0 0 -0.000600
395 0 0 -0.000611
400 0 0 -0.000619
405 0 0 -0.000600
410 0 0 -0.000541
415 0 0 -0.000468
420 0 0 -0.000420
425 0 0 -0.000424
430 0 0 -0.000465
435 0 0 -0.000520
440 0 0 -0.000566
445 0 0 -0.000590
450 0 0 -0.000580
455 0 0 -0.000532
460 0 0 -0.000463
465 0 0 -0.000400
470 0 0 -0.000360
475 0 0 -0.000338
480 0 0 -0.000320
485 0 0 -0.000298
490 0 0 -0.000281
495 0 0 -0.000280
500 0 0 -0.000304
505 0 0 -0.000347
510 0 0 -0.000400
515 0 0 -0.000450
520 0 0 -0.000468
525 0 0 -0.000420
530 0 0 -0.000305
535 0 0 -0.000241
540 0 0 -0.000380
545 0 0 -0.000803
550 0 0 -0.001322
555 0 0 -0.001680
560 0 0 -0.001698
565 0 0 -0.001498
570 0 0 -0.001280
575 0 0 -0.001198
580 0 0 -0.001232
585 0 0 -0.001320
590 0 0 -0.001406
595 0 0 -0.001465
600 0 0 -0.001480
605 0 0 -0.001439
610 0 0 -0.001349
615 0 0 -0.001220
620 0 0 -0.001072
625 0 0 -0.000953
630 0 0 -0.000920
635 0 0 -0.001006
640 0 0 -0.001153
645 0 0 -0.001280
650 0 0 -0.001321
655 0 0 -0.001276
660 0 0 -0.001160
665 0 0 -0.000997
670 0 0 -0.000837
675 0 0 -0.000740
680 0 0 -0.000745
685 0 0 -0.000811
690 0 0 -0.000880
695 0 0 -0.000906
700 0 0 -0.000898
705 0 0 -0.000880
710 0 0 -0.000870
715 0 0 -0.000866
720 0 0 -0.000860
725 0 0 -0.000847
730 0 0 -0.000836
735 0 0 -0.000840
740 0 0 -0.000863
745 0 0 -0.000881
750 0 0 -0.000860
755 0 0 -0.000783
760 0 0 -0.000691
765 0 0 -0.000640
770 0 0 -0.000668
775 0 0 -0.000744
780 0 0 -0.000820
785 0 0 -0.000859
790 0 0 -0.000867
795 0 0 -0.000860
800 0 0 -0.000853
805 0 0 -0.000847
810 0 0 -0.000840
815 0 0 -0.000830
820 0 0 -0.000812
825 0 0 -0.000780
830 0 0 -0.000733
835 0 0 -0.000691
840 0 0 -0.000680
845 0 0 -0.000716
850 0 0 -0.000779
855 0 0 -0.000840
860 0 0 -0.000876
865 0 0 -0.000888
870 0 0 -0.000880
875 0 0 -0.000858
880 0 0 -0.000824
885 0 0 -0.000780
890 0 0 -0.000729
895 0 0 -0.000689
900 0 0 -0.000680
905 0 0 -0.000714
910 0 0 -0.000770
915 0 0 -0.000820
920 0 0 -0.000843
925 0 0 -0.000845
930 0 0 -0.000840
935 0 0 -0.000836
940 0 0 -0.000817
945 0 0 -0.000760
950 0 0 -0.000656
955 0 0 -0.000546
960 0 0 -0.000480
965 0 0 -0.000495
970 0 0 -0.000558
975 0 0 -0.000620
980 0 0 -0.000644
985 0 0 -0.000642
990 0 0 -0.000640
995 0 0 -0.000655
1000 0 0 -0.000675
1005 0 0 -0.000680
1010 0 0 -0.000657
1015 0 0 -0.000622
1020 0 0 -0.000600
1025 0 0 -0.000607
1030 0 0 -0.000632
1035 0 0 -0.000660
1040 0 0 -0.000677
1045 0 0 -0.000682
1050 0 0 -0.000680
1055 0 0 -0.000673
1060 0 0 -0.000666
1065 0 0 -0.000660
1070 0 0 -0.000659
1075 0 0 -0.000660
1080 0 0 -0.000660
1085 0 0 -0.000658
1090 0 0 -0.000657
1095 0 0 -0.000660
1100 0 0 -0.000669
1105 0 0 -0.000668
1110 0 0 -0.000640
1115 0 0 -0.000578
1120 0 0 -0.000520
1125 0 0 -0.000520
1130 0 0 -0.000609
1135 0 0 -0.000743
1140 0 0 -0.000860
1145 0 0 -0.000913
1150 0 0 -0.000917
1155 0 0 -0.000900
1160 0 0 -0.000888
1165 0 0 -0.000888
1170 0 0 -0.000900
1175 0 0 -0.000926
1180 0 0 -0.000961
1185 0 0 -0.001000
1190 0 0 -0.001035
1195 0 0 -0.001053
1200 0 0 -0.001040
1205 0 0 -0.000988
1210 0 0 -0.000918
1215 0 0 -0.000860
1220 0 0 -0.000836
1225 0 0 -0.000840
1230 0 0 -0.000860
1235 0 0 -0.000884
1240 0 0 -0.000901
1245 0 0 -0.000900
1250 0 0 -0.000874
1255 0 0 -0.000831
1260 0 0 -0.000780
1265 0 0 -0.000732
1270 0 0 -0.000701
1275 0 0 -0.000700
1280 0 0 -0.000737
1285 0 0 -0.000798
1290 0 0 -0.000860
1295 0 0 -0.000905
1300 0 0 -0.000921
1305 0 0 -0.000900
1310 0 0 -0.000840
1315 0 0 -0.000768
1320 0 0 -0.000720
1325 0 0 -0.000721
1330 0 0 -0.000761
1335 0 0 -0.000820
1340 0 0 -0.000883
1345 0 0 -0.000944
1350 0 0 -0.001000
1355 0 0 -0.001049
1360 0 0 -0.001090
1365 0 0 -0.001120
1370 0 0 -0.001137
1375 0 0 -0.001133
1380 0 0 -0.001100
1385 0 0 -0.001038
1390 0 0 -0.000973
1395 0 0 -0.000940
1400 0 0 -0.000962
1405 0 0 -0.001018
1410 0 0 -0.001080
1415 0 0 -0.001120
1420 0 0 -0.001129
1425 0 0 -0.001100
1430 0 0 -0.001036
1435 0 0 -0.000969
1440 0 0 -0.000940
1445 0 0 -0.000973
1450 0 0 -0.001030
1455 0 0 -0.001060
1460 0 0 -0.001027
1465 0 0 -0.000963
1470 0 0 -0.000920
1475 0 0 -0.000932
1480 0 0 -0.000973
1485 0 0 -0.001000
1490 0 0 -0.000986
1495 0 0 -0.000959
1500 0 0 -0.000960
1505 0 0 -0.001011
1510 0 0 -0.001061
1515 0 0 -0.001040
1520 0 0 -0.000903
1525 0 0 -0.000708
1530 0 0 -0.000540
1535 0 0 -0.000461
1540 0 0 -0.000449
1545 0 0 -0.000460
1550 0 0 -0.000460
1555 0 0 -0.000450
1560 0 0 -0.000440
1565 0 0 -0.000439
1570 0 0 -0.000441
1575 0 0 -0.000440
1580 0 0 -0.000431
1585 0 0 -0.000422
1590 0 0 -0.000420
1595 0 0 -0.000432
1600 0 0 -0.000450
1605 0 0 -0.000460
1610 0 0 -0.000453
1615 0 0 -0.000426
1620 0 0 -0.000380
1625 0 0 -0.000320
1630 0 0 -0.000270
1635 0 0 -0.000260
1640 0 0 -0.000306
1645 0 0 -0.000380
1650 0 0 -0.000440
1655 0 0 -0.000457
1660 0 0 -0.000447
1665 0 0 -0.000440
1670 0 0 -0.000456
1675 0 0 -0.000482
1680 0 0 -0.000500
1685 0 0 -0.000496
1690 0 0 -0.000482
1695 0 0 -0.000480
1700 0 0 -0.000503
1705 0 0 -0.000541
1710 0 0 -0.000580
1715 0 0 -0.000608
1720 0 0 -0.000626
1725 0 0 -0.000640
1730 0 0 -0.000651
1735 0 0 -0.000649
1740 0 0 -0.000620
1745 0 0 -0.000560
1750 0 0 -0.000495
1755 0 0 -0.000460
1760 0 0 -0.000479
1765 0 0 -0.000530
1770 0 0 -0.000580
1775 0 0 -0.000604
1780 0 0 -0.000607
1785 0 0 -0.000600
1790 0 0 -0.000593
1795 0 0 -0.000582
1800 0 0 -0.000560
1805 0 0 -0.000524
1810 0 0 -0.000491
1815 0 0 -0.000480
1820 0 0 -0.000505
1825 0 0 -0.000552
1830 0 0 -0.000600
1835 0 0 -0.000631
1840 0 0 -0.000639
1845 0 0 -0.000620
1850 0 0 -0.000575
1855 0 0 -0.000521
1860 0 0 -0.000480
1865 0 0 -0.000468
1870 0 0 -0.000484
1875 0 0 -0.000520
1880 0 0 -0.000572
1885 0 0 -0.000638
1890 0 0 -0.000720
1895 0 0 -0.000812
1900 0 0 -0.000889
1905 0 0 -0.000920
1910 0 0 -0.000887
1915 0 0 -0.000819
1920 0 0 -0.000760
1925 0 0 -0.000738
1930 0 0 -0.000736
1935 0 0 -0.000720
1940 0 0 -0.000670
1945 0 0 -0.000607
1950 0 0 -0.000560
1955 0 0 -0.000551
1960 0 0 -0.000565
1965 0 0 -0.000580
1970 0 0 -0.000578
1975 0 0 -0.000561
1980 0 0 -0.000540
1985 0 0 -0.000520
1990 0 0 -0.000501
1995 0 0 -0.000480
2000 0 0 -0.000455
2005 0 0 -0.000433
2010 0 0 -0.000420
2015 0 0 -0.000422
2020 0 0 -0.000432
2025 0 0 -0.000440
2030 0 0 -0.000438
2035 0 0 -0.000430
2040 0 0 -0.000420
2045 0 0 -0.000413
2050 0 0 -0.000412
2055 0 0 -0.000420
2060 0 0 -0.000437
2065 0 0 -0.000449
2070 0 0 -0.000440
2075 0 0 -0.000405
2080 0 0 -0.000382
2085 0 0 -0.000420
2090 0 0 -0.000547
2095 0 0 -0.000702
2100 0 0 -0.000800
2105 0 0 -0.000783
2110 0 0 -0.000689
2115 0 0 -0.000580
2120 0 0 -0.000510
2125 0 0 -0.000505
2130 0 0 -0.000580
2135 0 0 -0.000733
2140 0 0 -0.000881
2145 0 0 -0.000920
2150 0 0 -0.000787
2155 0 0 -0.000586
2160 0 0 -0.000460
2165 0 0 -0.000511
2170 0 0 -0.000664
2175 0 0 -0.000800
2180 0 0 -0.000834
2185 0 0 -0.000809
2190 0 0 -0.000800
2195 0 0 -0.000860
2200 0 0 -0.000949
2205 0 0 -0.001000
2210 0 0 -0.000970
2215 0 0 -0.000892
2220 0 0 -0.000820
2225 0 0 -0.000794
2230 0 0 -0.000797
2235 0 0 -0.000800
2240 0 0 -0.000778
2245 0 0 -0.000735
2250 0 0 -0.000680
2255 0 0 -0.000624
2260 0 0 -0.000579
2265 0 0 -0.000560
2270 0 0 -0.000575
2275 0 0 -0.000614
2280 0 0 -0.000660
2285 0 0 -0.000700
2290 0 0 -0.000728
2295 0 0 -0.000740
2300 0 0 -0.000733
2305 0 0 -0.000706
2310 0 0 -0.000660
2315 0 0 -0.000599
2320 0 0 -0.000548
2325 0 0 -0.000540
2330 0 0 -0.000591
2335 0 0 -0.000667
2340 0 0 -0.000720
2345 0 0 -0.000715
2350 0 0 -0.000677
2355 0 0 -0.000640
2360 0 0 -0.000635
2365 0 0 -0.000658
2370 0 0 -0.000700
2375 0 0 -0.000750
2380 0 0 -0.000804
2385 0 0 -0.000860
2390 0 0 -0.000927
2395 0 0 -0.001069
2400 0 0 -0.001360
2405 0 0 -0.001819
2410 0 0 -0.002230
2415 0 0 -0.002320
2420 0 0 -0.001946
2425 0 0 -0.001484
2430 0 0 -0.001440
2435 0 0 -0.002138
2440 0 0 -0.003179
2445 0 0 -0.003980
2450 0 0 -0.004123
2455 0 0 -0.003834
2460 0 0 -0.003500
2465 0 0 -0.003416
2470 0 0 -0.003501
2475 0 0 -0.003580
2480 0 0 -0.003529
2485 0 0 -0.003431
2490 0 0 -0.003420
2495 0 0 -0.003568
2500 0 0 -0.003696
2505 0 0 -0.003560
2510 0 0 -0.003031
2515 0 0 -0.002422
2520 0 0 -0.002160
2525 0 0 -0.002525
2530 0 0 -0.003215
2535 0 0 -0.003780
2540 0 0 -0.003891
2545 0 0 -0.003691
2550 0 0 -0.003440
2555 0 0 -0.003333
2560 0 0 -0.003299
2565 0 0 -0.003200
2570 0 0 -0.002942
2575 0 0 -0.002611
2580 0 0 -0.002340
2585 0 0 -0.002214
2590 0 0 -0.002141
2595 0 0 -0.001980
2600 0 0 -0.001643
2605 0 0 -0.001238
2610 0 0 -0.000920
2615 0 0 -0.000803
2620 0 0 -0.000825
2625 0 0 -0.000880
2630 0 0 -0.000886
2635 0 0 -0.000859
2640 0 0 -0.000840
2645 0 0 -0.000860
2650 0 0 -0.000911
2655 0 0 -0.000980
2660 0 0 -0.001048
2665 0 0 -0.001096
2670 0 0 -0.001100
2675 0 0 -0.001050
2680 0 0 -0.000976
2685 0 0 -0.000920
2690 0 0 -0.000913
2695 0 0 -0.000941
2700 0 0 -0.000980
2705 0 0 -0.001011
2710 0 0 -0.001041
2715 0 0 -0.001080
2720 0 0 -0.001129
2725 0 0 -0.001136
2730 0 0 -0.001040
2735 0 0 -0.000837
2740 0 0 -0.000765
2745 0 0 -0.001120
2750 0 0 -0.002063
2755 0 0 -0.003215
2760 0 0 -0.004060
2765 0 0 -0.004235
2770 0 0 -0.003983
2775 0 0 -0.003700
2780 0 0 -0.003666
2785 0 0 -0.003698
2790 0 0 -0.003500
2795 0 0 -0.002887
2800 0 0 -0.002127
2805 0 0 -0.001600
2810 0 0 -0.001585
2815 0 0 -0.001960
2820 0 0 -0.002500
2825 0 0 -0.002994
2830 0 0 -0.003278
2835 0 0 -0.003200
2840 0 0 -0.002687
2845 0 0 -0.001980
2850 0 0 -0.001400
2855 0 0 -0.001183
2860 0 0 -0.001236
2865 0 0 -0.001380
2870 0 0 -0.001468
2875 0 0 -0.001468
2880 0 0 -0.001380
2885 0 0 -0.001211
2890 0 0 -0.001011
2895 0 0 -0.000840
2900 0 0 -0.000741
2905 0 0 -0.000699
2910 0 0 -0.000680
2915 0 0 -0.000659
2920 0 0 -0.000626
2925 0 0 -0.000580
2930 0 0 -0.000521
2935 0 0 -0.000467
2940 0 0 -0.000440
2945 0 0 -0.000454
2950 0 0 -0.000490
2955 0 0 -0.000520
2960 0 0 -0.000524
2965 0 0 -0.000512
2970 0 0 -0.000500
2975 0 0 -0.000502
2980 0 0 -0.000512
2985 0 0 -0.000520
2990 0 0 -0.000519
2995 0 0 -0.000511
3000 0 0 -0.000500
3005 0 0 -0.000490
3010 0 0 -0.000483
3015 0 0 -0.000480
3020 0 0 -0.000482
3025 0 0 -0.000490
3030 0 0 -0.000500
3035 0 0 -0.000512
3040 0 0 -0.000520
3045 0 0 -0.000520
3050 0 0 -0.000508
3055 0 0 -0.000491
3060 0 0 -0.000480
3065 0 0 -0.000482
3070 0 0 -0.000491
3075 0 0 -0.000500
3080 0 0 -0.000502
3085 0 0 -0.000500
3090 0 0 -0.000500
3095 0 0 -0.000505
3100 0 0 -0.000503
3105 0 0 -0.000480
3110 0 0 -0.000428
3115 0 0 -0.000370
3120 0 0 -0.000340
3125 0 0 -0.000357
3130 0 0 -0.000401
3135 0 0 -0.000440
3140 0 0 -0.000452
3145 0 0 -0.000461
3150 0 0 -0.000500
3155 0 0 -0.000589
3160 0 0 -0.000688
3165 0 0 -0.000740
3170 0 0 -0.000708
3175 0 0 -0.000630
3180 0 0 -0.000560
3185 0 0 -0.000541
3190 0 0 -0.000562
3195 0 0 -0.000600
3200 0 0 -0.000636
3205 0 0 -0.000664
3210 0 0 -0.000680
3215 0 0 -0.000685
3220 0 0 -0.000693
3225 0 0 -0.000720
3230 0 0 -0.000775
3235 0 0 -0.000832
3240 0 0 -0.000860
3245 0 0 -0.000838
3250 0 0 -0.000796
3255 0 0 -0.000780
3260 0 0 -0.000820
3265 0 0 -0.000898
3270 0 0 -0.000980
3275 0 0 -0.001041
3280 0 0 -0.001079
3285 0 0 -0.001100
3290 0 0 -0.001106
3295 0 0 -0.001095
3300 0 0 -0.001060
3305 0 0 -0.001001
3310 0 0 -0.000939
3315 0 0 -0.000900
3320 0 0 -0.000902
3325 0 0 -0.000934
3330 0 0 -0.000980
3335 0 0 -0.001020
3340 0 0 -0.001030
3345 0 0 -0.000980
3350 0 0 -0.000859
3355 0 0 -0.000712
3360 0 0 -0.000600
3365 0 0 -0.000567
3370 0 0 -0.000587
3375 0 0 -0.000620
3380 0 0 -0.000632
3385 0 0 -0.000628
3390 0 0 -0.000620
3395 0 0 -0.000618
3400 0 0 -0.000616
3405 0 0 -0.000600
3410 0 0 -0.000565
3415 0 0 -0.000526
3420 0 0 -0.000500
3425 0 0 -0.000501
3430 0 0 -0.000515
3435 0 0 -0.000520
3440 0 0 -0.000508
3445 0 0 -0.000517
3450 0 0 -0.000600
3455 0 0 -0.000781
3460 0 0 -0.000977
3465 0 0 -0.001080
3470 0 0 -0.001016
3475 0 0 -0.000855
3480 0 0 -0.000700
3485 0 0 -0.000632
3490 0 0 -0.000627
3495 0 0 -0.000640
3500 0 0 -0.000632
3505 0 0 -0.000608
3510 0 0 -0.000580
3515 0 0 -0.000561
3520 0 0 -0.000553
3525 0 0 -0.000560
3530 0 0 -0.000579
3535 0 0 -0.000592
3540 0 0 -0.000580
3545 0 0 -0.000530
3550 0 0 -0.000466
3555 0 0 -0.000420
3560 0 0 -0.000416
3565 0 0 -0.000443
3570 0 0 -0.000480
3575 0 0 -0.000511
3580 0 0 -0.000536
3585 0 0 -0.000560
3590 0 0 -0.000584
3595 0 0 -0.000595
3600 0 0 -0.000580
3605 0 0 -0.000530
3610 0 0 -0.000467
3615 0 0 -0.000420
3620 0 0 -0.000410
3625 0 0 -0.000429
3630 0 0 -0.000460
3635 0 0 -0.000491
3640 0 0 -0.000528
3645 0 0 -0.000580
3650 0 0 -0.000650
3655 0 0 -0.000714
3660 0 0 -0.000740
3665 0 0 -0.000710
3670 0 0 -0.000655
3675 0 0 -0.000620
3680 0 0 -0.000638
3685 0 0 -0.000688
3690 0 0 -0.000740
3695 0 0 -0.000768
3700 0 0 -0.000778
3705 0 0 -0.000780
3710 0 0 -0.000782
3715 0 0 -0.000774
3720 0 0 -0.000740
3725 0 0 -0.000675
3730 0 0 -0.000609
3735 0 0 -0.000580
3740 0 0 -0.000614
3745 0 0 -0.000681
3750 0 0 -0.000740
3755 0 0 -0.000759
3760 0 0 -0.000751
3765 0 0 -0.000740
3770 0 0 -0.000741
3775 0 0 -0.000741
3780 0 0 -0.000720
3785 0 0 -0.000666
3790 0 0 -0.000608
3795 0 0 -0.000580
3800 0 0 -0.000609
3805 0 0 -0.000673
3810 0 0 -0.000740
3815 0 0 -0.000782
3820 0 0 -0.000790
3825 0 0 -0.000760
3830 0 0 -0.000695
3835 0 0 -0.000633
3840 0 0 -0.000620
3845 0 0 -0.000684
3850 0 0 -0.000779
3855 0 0 -0.000840
3860 0 0 -0.000834
3865 0 0 -0.000863
3870 0 0 -0.001060
3875 0 0 -0.001499
3880 0 0 -0.002010
3885 0 0 -0.002360
3890 0 0 -0.002381
3895 0 0 -0.002153
3900 0 0 -0.001820
3905 0 0 -0.001506
3910 0 0 -0.001252
3915 0 0 -0.001080
3920 0 0 -0.001001
3925 0 0 -0.000986
3930 0 0 -0.001000
3935 0 0 -0.001011
3940 0 0 -0.001016
3945 0 0 -0.001020
3950 0 0 -0.001025
3955 0 0 -0.001032
3960 0 0 -0.001040
3965 0 0 -0.001048
3970 0 0 -0.001055
3975 0 0 -0.001060
3980 0 0 -0.001063
3985 0 0 -0.001064
3990 0 0 -0.001060
3995 0 0 -0.001052
4000 0 0 -0.001044
4005 0 0 -0.001040
4010 0 0 -0.001044
4015 0 0 -0.001052
4020 0 0 -0.001060
4025 0 0 -0.001064
4030 0 0 -0.001064
4035 0 0 -0.001060
4040 0 0 -0.001052
4045 0 0 -0.001044
4050 0 0 -0.001040
4055 0 0 -0.001044
4060 0 0 -0.001052
4065 0 0 -0.001060
4070 0 0 -0.001065
4075 0 0 -0.001065
4080 0 0 -0.001060
4085 0 0 -0.001051
4090 0 0 -0.001042
4095 0 0 -0.001040
4100 0 0 -0.001047
4105 0 0 -0.001057
4110 0 0 -0.001060
4115 0 0 -0.001050
4120 0 0 -0.001034
4125 0 0 -0.001020
4130 0 0 -0.001017
4135 0 0 -0.001034
4140 0 0 -0.001080
4145 0 0 -0.001157
4150 0 0 -0.001241
4155 0 0 -0.001300
4160 0 0 -0.001311
4165 0 0 -0.001290
4170 0 0 -0.001260
4175 0 0 -0.001241
4180 0 0 -0.001230
4185 0 0 -0.001220
4190 0 0 -0.001206
4195 0 0 -0.001190
4200 0 0 -0.001180
4205 0 0 -0.001178
4210 0 0 -0.001180
4215 0 0 -0.001180
4220 0 0 -0.001173
4225 0 0 -0.001164
4230 0 0 -0.001160
4235 0 0 -0.001166
4240 0 0 -0.001176
4245 0 0 -0.001180
4250 0 0 -0.001176
4255 0 0 -0.001181
4260 0 0 -0.001220
4265 0 0 -0.001302
4270 0 0 -0.001387
4275 0 0 -0.001420
4280 0 0 -0.001366
4285 0 0 -0.001266
4290 0 0 -0.001180
4295 0 0 -0.001153
4300 0 0 -0.001165
4305 0 0 -0.001180
4310 0 0 -0.001172
4315 0 0 -0.001152
4320 0 0 -0.001140
4325 0 0 -0.001150
4330 0 0 -0.001170
4335 0 0 -0.001180
4340 0 0 -0.001170
4345 0 0 -0.001155
4350 0 0 -0.001160
4355 0 0 -0.001198
4360 0 0 -0.001243
4365 0 0 -0.001260
4370 0 0 -0.001225
4375 0 0 -0.001165
4380 0 0 -0.001120
4385 0 0 -0.001117
4390 0 0 -0.001130
4395 0 0 -0.001120
4400 0 0 -0.001060
4405 0 0 -0.000969
4410 0 0 -0.000880
4415 0 0 -0.000815
4420 0 0 -0.000762
4425 0 0 -0.000700
4430 0 0 -0.000616
4435 0 0 -0.000528
4440 0 0 -0.000460
4445 0 0 -0.000431
4450 0 0 -0.000430
4455 0 0 -0.000440
4460 0 0 -0.000445
4465 0 0 -0.000445
4470 0 0 -0.000440
4475 0 0 -0.000433
4480 0 0 -0.000426
4485 0 0 -0.000420
4490 0 0 -0.000418
4495 0 0 -0.000418
4500 0 0 -0.000420
4505 0 0 -0.000422
4510 0 0 -0.000417
4515 0 0 -0.000400
4520 0 0 -0.000367
4525 0 0 -0.000329
4530 0 0 -0.000300
4535 0 0 -0.000290
4540 0 0 -0.000298
4545 0 0 -0.000320
4550 0 0 -0.000352
4555 0 0 -0.000388
4560 0 0 -0.000420
4565 0 0 -0.000442
4570 0 0 -0.000450
4575 0 0 -0.000440
4580 0 0 -0.000410
4585 0 0 -0.000367
4590 0 0 -0.000320
4595 0 0 -0.000279
4600 0 0 -0.000255
4605 0 0 -0.000260
4610 0 0 -0.000301
4615 0 0 -0.000362
4620 0 0 -0.000420
4625 0 0 -0.000459
4630 0 0 -0.000487
4635 0 0 -0.000520
4640 0 0 -0.000566
4645 0 0 -0.000602
4650 0 0 -0.000600
4655 0 0 -0.000544
4660 0 0 -0.000473
4665 0 0 -0.000440
4670 0 0 -0.000482
4675 0 0 -0.000565
4680 0 0 -0.000640
4685 0 0 -0.000668
4690 0 0 -0.000655
4695 0 0 -0.000620
4700 0 0 -0.000579
4705 0 0 -0.000538
4710 0 0 -0.000500
4715 0 0 -0.000470
4720 0 0 -0.000459
4725 0 0 -0.000480
4730 0 0 -0.000537
4735 0 0 -0.000597
4740 0 0 -0.000620
4745 0 0 -0.000588
4750 0 0 -0.000580
4755 0 0 -0.000700
4760 0 0 -0.001002
4765 0 0 -0.001345
4770 0 0 -0.001540
4775 0 0 -0.001456
4780 0 0 -0.001195
4785 0 0 -0.000920
4790 0 0 -0.000758
4795 0 0 -0.000699
4800 0 0 -0.000700
4805 0 0 -0.000722
4810 0 0 -0.000746
4815 0 0 -0.000760
4820 0 0 -0.000755
4825 0 0 -0.000744
4830 0 0 -0.000740
4835 0 0 -0.000755
4840 0 0 -0.000775
4845 0 0 -0.000780
4850 0 0 -0.000759
4855 0 0 -0.000730
4860 0 0 -0.000720
4865 0 0 -0.000744
4870 0 0 -0.000777
4875 0 0 -0.000780
4880 0 0 -0.000729
4885 0 0 -0.000650
4890 0 0 -0.000580
4895 0 0 -0.000547
4900 0 0 -0.000546
4905 0 0 -0.000560
4910 0 0 -0.000577
4915 0 0 -0.000591
4920 0 0 -0.000600
4925 0 0 -0.000602
4930 0 0 -0.000595
4935 0 0 -0.000580
4940 0 0 -0.000560
4945 0 0 -0.000558
4950 0 0 -0.000600
4955 0 0 -0.000697
4960 0 0 -0.000795
4965 0 0 -0.000820
4970 0 0 -0.000728
4975 0 0 -0.000579
4980 0 0 -0.000460
4985 0 0 -0.000434
4990 0 0 -0.000477
4995 0 0 -0.000540
5000 0 0 -0.000585
5005 0 0 -0.000604
5010 0 0 -0.000600
5015 0 0 -0.000578
5020 0 0 -0.000561
5025 0 0 -0.000580
5030 0 0 -0.000653
5035 0 0 -0.000762
5040 0 0 -0.000880
5045 0 0 -0.000983
5050 0 0 -0.001059
5055 0 0 -0.001100
5060 0 0 -0.001103
5065 0 0 -0.001083
5070 0 0 -0.001060
5075 0 0 -0.001050
5080 0 0 -0.001056
5085 0 0 -0.001080
5090 0 0 -0.001120
5095 0 0 -0.001165
5100 0 0 -0.001200
5105 0 0 -0.001216
5110 0 0 -0.001224
5115 0 0 -0.001240
5120 0 0 -0.001271
5125 0 0 -0.001294
5130 0 0 -0.001280
5135 0 0 -0.001207
5140 0 0 -0.001092
5145 0 0 -0.000960
5150 0 0 -0.000834
5155 0 0 -0.000730
5160 0 0 -0.000660
5165 0 0 -0.000633
5170 0 0 -0.000633
5175 0 0 -0.000640
5180 0 0 -0.000638
5185 0 0 -0.000629
5190 0 0 -0.000620
5195 0 0 -0.000617
5200 0 0 -0.000617
5205 0 0 -0.000620
5210 0 0 -0.000622
5215 0 0 -0.000622
5220 0 0 -0.000620
5225 0 0 -0.000617
5230 0 0 -0.000626
5235 0 0 -0.000660
5240 0 0 -0.000724
5245 0 0 -0.000785
5250 0 0 -0.000800
5255 0 0 -0.000753
5260 0 0 -0.000739
5265 0 0 -0.000880
5270 0 0 -0.001255
5275 0 0 -0.001768
5280 0 0 -0.002280
5285 0 0 -0.002661
5290 0 0 -0.002826
5295 0 0 -0.002700
5300 0 0 -0.002259
5305 0 0 -0.001687
5310 0 0 -0.001220
5315 0 0 -0.001030
5320 0 0 -0.001033
5325 0 0 -0.001080
5330 0 0 -0.001059
5335 0 0 -0.000998
5340 0 0 -0.000960
5345 0 0 -0.000990
5350 0 0 -0.001064
5355 0 0 -0.001140
5360 0 0 -0.001184
5365 0 0 -0.001200
5370 0 0 -0.001200
5375 0 0 -0.001194
5380 0 0 -0.001187
5385 0 0 -0.001180
5390 0 0 -0.001176
5395 0 0 -0.001175
5400 0 0 -0.001180
5405 0 0 -0.001189
5410 0 0 -0.001198
5415 0 0 -0.001200
5420 0 0 -0.001191
5425 0 0 -0.001180
5430 0 0 -0.001180
5435 0 0 -0.001198
5440 0 0 -0.001223
5445 0 0 -0.001240
5450 0 0 -0.001241
5455 0 0 -0.001241
5460 0 0 -0.001260
5465 0 0 -0.001311
5470 0 0 -0.001369
5475 0 0 -0.001400
5480 0 0 -0.001383
5485 0 0 -0.001338
5490 0 0 -0.001300
5495 0 0 -0.001290
5500 0 0 -0.001288
5505 0 0 -0.001260
5510 0 0 -0.001187
5515 0 0 -0.001094
5520 0 0 -0.001020
5525 0 0 -0.000992
5530 0 0 -0.000994
5535 0 0 -0.001000
5540 0 0 -0.000989
5545 0 0 -0.000960
5550 0 0 -0.000920
5555 0 0 -0.000877
5560 0 0 -0.000860
5565 0 0 -0.000900
5570 0 0 -0.001015
5575 0 0 -0.001156
5580 0 0 -0.001260
5585 0 0 -0.001285
5590 0 0 -0.001270
5595 0 0 -0.001280
5600 0 0 -0.001353
5605 0 0 -0.001437
5610 0 0 -0.001460
5615 0 0 -0.001373
5620 0 0 -0.001227
5625 0 0 -0.001100
5630 0 0 -0.001051
5635 0 0 -0.001067
5640 0 0 -0.001120
5645 0 0 -0.001183
5650 0 0 -0.001246
5655 0 0 -0.001300
5660 0 0 -0.001340
5665 0 0 -0.001366
5670 0 0 -0.001380
5675 0 0 -0.001384
5680 0 0 -0.001383
5685 0 0 -0.001380
5690 0 0 -0.001379
5695 0 0 -0.001385
5700 0 0 -0.001400
5705 0 0 -0.001423
5710 0 0 -0.001432
5715 0 0 -0.001400
5720 0 0 -0.001312
5725 0 0 -0.001203
5730 0 0 -0.001120
5735 0 0 -0.001097
5740 0 0 -0.001115
5745 0 0 -0.001140
5750 0 0 -0.001146
5755 0 0 -0.001136
5760 0 0 -0.001120
5765 0 0 -0.001106
5770 0 0 -0.001099
5775 0 0 -0.001100
5780 0 0 -0.001111
5785 0 0 -0.001126
5790 0 0 -0.001140
5795 0 0 -0.001146
5800 0 0 -0.001140
5805 0 0 -0.001120
5810 0 0 -0.001083
5815 0 0 -0.001030
5820 0 0 -0.000960
5825 0 0 -0.000877
5830 0 0 -0.000797
5835 0 0 -0.000740
5840 0 0 -0.000718
5845 0 0 -0.000717
5850 0 0 -0.000720
5855 0 0 -0.000710
5860 0 0 -0.000683
5865 0 0 -0.000640
5870 0 0 -0.000584
5875 0 0 -0.000526
5880 0 0 -0.000480
5885 0 0 -0.000457
5890 0 0 -0.000453
5895 0 0 -0.000460
5900 0 0 -0.000470
5905 0 0 -0.000478
5910 0 0 -0.000480
5915 0 0 -0.000474
5920 0 0 -0.000464
5925 0 0 -0.000460
5930 0 0 -0.000465
5935 0 0 -0.000475
5940 0 0 -0.000480
5945 0 0 -0.000475
5950 0 0 -0.000465
5955 0 0 -0.000460
5960 0 0 -0.000465
5965 0 0 -0.000474
5970 0 0 -0.000480
5975 0 0 -0.000477
5980 0 0 -0.000469
5985 0 0 -0.000460
5990 0 0 -0.000455
5995 0 0 -0.000455
6000 0 0 -0.000460
6005 0 0 -0.000468
6010 0 0 -0.000477
6015 0 0 -0.000480
6020 0 0 -0.000475
6025 0 0 -0.000467
6030 0 0 -0.000460
6035 0 0 -0.000459
6040 0 0 -0.000461
6045 0 0 -0.000460
6050 0 0 -0.000453
6055 0 0 -0.000444
6060 0 0 -0.000440
6065 0 0 -0.000445
6070 0 0 -0.000454
6075 0 0 -0.000460
6080 0 0 -0.000459
6085 0 0 -0.000461
6090 0 0 -0.000480
6095 0 0 -0.000526
6100 0 0 -0.000585
6105 0 0 -0.000640
6110 0 0 -0.000676
6115 0 0 -0.000694
6120 0 0 -0.000700
6125 0 0 -0.000697
6130 0 0 -0.000690
6135 0 0 -0.000680
6140 0 0 -0.000671
6145 0 0 -0.000663
6150 0 0 -0.000660
6155 0 0 -0.000661
6160 0 0 -0.000663
6165 0 0 -0.000660
6170 0 0 -0.000651
6175 0 0 -0.000646
6180 0 0 -0.000660
6185 0 0 -0.000702
6190 0 0 -0.000755
6195 0 0 -0.000800
6200 0 0 -0.000820
6205 0 0 -0.000817
6210 0 0 -0.000800
6215 0 0 -0.000776
6220 0 0 -0.000748
6225 0 0 -0.000720
6230 0 0 -0.000694
6235 0 0 -0.000678
6240 0 0 -0.000680
6245 0 0 -0.000703
6250 0 0 -0.000735
6255 0 0 -0.000760
6260 0 0 -0.000766
6265 0 0 -0.000761
6270 0 0 -0.000760
6275 0 0 -0.000771
6280 0 0 -0.000783
6285 0 0 -0.000780
6290 0 0 -0.000752
6295 0 0 -0.000717
6300 0 0 -0.000700
6305 0 0 -0.000717
6310 0 0 -0.000752
6315 0 0 -0.000780
6320 0 0 -0.000782
6325 0 0 -0.000770
6330 0 0 -0.000760
6335 0 0 -0.000765
6340 0 0 -0.000777
6345 0 0 -0.000780
6350 0 0 -0.000768
6355 0 0 -0.000759
6360 0 0 -0.000780
6365 0 0 -0.000842
6370 0 0 -0.000901
6375 0 0 -0.000900
6380 0 0 -0.000807
6385 0 0 -0.000695
6390 0 0 -0.000660
6395 0 0 -0.000767
6400 0 0 -0.000947
6405 0 0 -0.001100
6410 0 0 -0.001150
6415 0 0 -0.001131
6420 0 0 -0.001100
6425 0 0 -0.001103
6430 0 0 -0.001126
6435 0 0 -0.001140
6440 0 0 -0.001126
6445 0 0 -0.001099
6450 0 0 -0.001080
6455 0 0 -0.001075
6460 0 0 -0.001022
6465 0 0 -0.000840
6470 0 0 -0.000524
6475 0 0 -0.000363
6480 0 0 -0.000720
6485 0 0 -0.001795
6490 0 0 -0.003139
6495 0 0 -0.004140
6500 0 0 -0.004365
6505 0 0 -0.004093
6510 0 0 -0.003780
6515 0 0 -0.003762
6520 0 0 -0.003891
6525 0 0 -0.003900
6530 0 0 -0.003615
6535 0 0 -0.003242
6540 0 0 -0.003080
6545 0 0 -0.003311
6550 0 0 -0.003642
6555 0 0 -0.003660
6560 0 0 -0.003111
6565 0 0 -0.002373
6570 0 0 -0.001980
6575 0 0 -0.002303
6580 0 0 -0.003049
6585 0 0 -0.003760
6590 0 0 -0.004084
6595 0 0 -0.004092
6600 0 0 -0.003960
6605 0 0 -0.003831
6610 0 0 -0.003717
6615 0 0 -0.003600
6620 0 0 -0.003468
6625 0 0 -0.003349
6630 0 0 -0.003280
6635 0 0 -0.003265
6640 0 0 -0.003179
6645 0 0 -0.002860
6650 0 0 -0.002235
6655 0 0 -0.001571
6660 0 0 -0.001220
6665 0 0 -0.001419
6670 0 0 -0.001950
6675 0 0 -0.002480
6680 0 0 -0.002757
6685 0 0 -0.002853
6690 0 0 -0.002920
6695 0 0 -0.003068
6700 0 0 -0.003236
6705 0 0 -0.003320
6710 0 0 -0.003247
6715 0 0 -0.003063
6720 0 0 -0.002840
6725 0 0 -0.002631
6730 0 0 -0.002398
6735 0 0 -0.002080
6740 0 0 -0.001656
6745 0 0 -0.001268
6750 0 0 -0.001100
6755 0 0 -0.001286
6760 0 0 -0.001763
6765 0 0 -0.002420
6770 0 0 -0.003134
6775 0 0 -0.003744
6780 0 0 -0.004080
6785 0 0 -0.004035
6790 0 0 -0.003762
6795 0 0 -0.003480
6800 0 0 -0.003360
6805 0 0 -0.003383
6810 0 0 -0.003480
6815 0 0 -0.003575
6820 0 0 -0.003550
6825 0 0 -0.003280
6830 0 0 -0.002699
6835 0 0 -0.001986
6840 0 0 -0.001380
6845 0 0 -0.001062
6850 0 0 -0.000969
6855 0 0 -0.000980
6860 0 0 -0.000993
6865 0 0 -0.000992
6870 0 0 -0.000980
6875 0 0 -0.000961
6880 0 0 -0.000939
6885 0 0 -0.000920
6890 0 0 -0.000906
6895 0 0 -0.000895
6900 0 0 -0.000880
6905 0 0 -0.000859
6910 0 0 -0.000836
6915 0 0 -0.000820
6920 0 0 -0.000816
6925 0 0 -0.000818
6930 0 0 -0.000820
6935 0 0 -0.000817
6940 0 0 -0.000814
6945 0 0 -0.000820
6950 0 0 -0.000840
6955 0 0 -0.000874
6960 0 0 -0.000920
6965 0 0 -0.000973
6970 0 0 -0.001014
6975 0 0 -0.001020
6980 0 0 -0.000978
6985 0 0 -0.000914
6990 0 0 -0.000860
6995 0 0 -0.000840
7000 0 0 -0.000832
7005 0 0 -0.000800
7010 0 0 -0.000725
7015 0 0 -0.000641
7020 0 0 -0.000600
7025 0 0 -0.000633
7030 0 0 -0.000705
7035 0 0 -0.000760
7040 0 0 -0.000765
7045 0 0 -0.000764
7050 0 0 -0.000820
7055 0 0 -0.000972
7060 0 0 -0.001156
7065 0 0 -0.001280
7070 0 0 -0.001281
7075 0 0 -0.001204
7080 0 0 -0.001120
7085 0 0 -0.001083
7090 0 0 -0.001070
7095 0 0 -0.001040
7100 0 0 -0.000973
7105 0 0 -0.000936
7110 0 0 -0.001020
7115 0 0 -0.001288
7120 0 0 -0.001697
7125 0 0 -0.002180
7130 0 0 -0.002668
7135 0 0 -0.003091
7140 0 0 -0.003380
7145 0 0 -0.003493
7150 0 0 -0.003495
7155 0 0 -0.003480
7160 0 0 -0.003512
7165 0 0 -0.003539
7170 0 0 -0.003480
7175 0 0 -0.003277
7180 0 0 -0.002960
7185 0 0 -0.002580
7190 0 0 -0.002189
7195 0 0 -0.001828
7200 0 0 -0.001540
7205 0 0 -0.001351
7210 0 0 -0.001237
7215 0 0 -0.001160
7220 0 0 -0.001089
7225 0 0 -0.001026
7230 0 0 -0.000980
7235 0 0 -0.000956
7240 0 0 -0.000941
7245 0 0 -0.000920
7250 0 0 -0.000881
7255 0 0 -0.000831
7260 0 0 -0.000780
7265 0 0 -0.000738
7270 0 0 -0.000706
7275 0 0 -0.000680
7280 0 0 -0.000659
7285 0 0 -0.000645
7290 0 0 -0.000640
7295 0 0 -0.000644
7300 0 0 -0.000652
7305 0 0 -0.000660
7310 0 0 -0.000663
7315 0 0 -0.000662
7320 0 0 -0.000660
7325 0 0 -0.000659
7330 0 0 -0.000659
7335 0 0 -0.000660
7340 0 0 -0.000661
7345 0 0 -0.000662
7350 0 0 -0.000660
7355 0 0 -0.000654
7360 0 0 -0.000647
7365 0 0 -0.000640
7370 0 0 -0.000634
7375 0 0 -0.000623
7380 0 0 -0.000600
7385 0 0 -0.000561
7390 0 0 -0.000516
7395 0 0 -0.000480
7400 0 0 -0.000463
7405 0 0 -0.000460
7410 0 0 -0.000460
7415 0 0 -0.000455
7420 0 0 -0.000438
7425 0 0 -0.000400
7430 0 0 -0.000342
7435 0 0 -0.000290
7440 0 0 -0.000280
7445 0 0 -0.000333
7450 0 0 -0.000415
7455 0 0 -0.000480
7460 0 0 -0.000494
7465 0 0 -0.000472
7470 0 0 -0.000440
7475 0 0 -0.000420
7480 0 0 -0.000404
7485 0 0 -0.000380
7490 0 0 -0.000341
7495 0 0 -0.000306
7500 0 0 -0.000300
7505 0 0 -0.000339
7510 0 0 -0.000402
7515 0 0 -0.000460
7520 0 0 -0.000488
7525 0 0 -0.000482
7530 0 0 -0.000440
7535 0 0 -0.000368
7540 0 0 -0.000297
7545 0 0 -0.000260
7550 0 0 -0.000283
7555 0 0 -0.000347
7560 0 0 -0.000420
7565 0 0 -0.000476
7570 0 0 -0.000500
7575 0 0 -0.000480
7580 0 0 -0.000414
7585 0 0 -0.000334
7590 0 0 -0.000280
7595 0 0 -0.000281
7600 0 0 -0.000322
7605 0 0 -0.000380
7610 0 0 -0.000436
7615 0 0 -0.000503
7620 0 0 -0.000600
7625 0 0 -0.000737
7630 0 0 -0.000884
7635 0 0 -0.001000
7640 0 0 -0.001054
7645 0 0 -0.001049
7650 0 0 -0.001000
7655 0 0 -0.000921
7660 0 0 -0.000834
7665 0 0 -0.000760
7670 0 0 -0.000715
7675 0 0 -0.000688
7680 0 0 -0.000660
7685 0 0 -0.000617
7690 0 0 -0.000566
7695 0 0 -0.000520
7700 0 0 -0.000489
7705 0 0 -0.000480
7710 0 0 -0.000500
7715 0 0 -0.000548
7720 0 0 -0.000604
7725 0 0 -0.000640
7730 0 0 -0.000640
7735 0 0 -0.000623
7740 0 0 -0.000620
7745 0 0 -0.000649
7750 0 0 -0.000687
7755 0 0 -0.000700
7760 0 0 -0.000672
7765 0 0 -0.000656
7770 0 0 -0.000720
7775 0 0 -0.000901
7780 0 0 -0.001099
7785 0 0 -0.001180
7790 0 0 -0.001057
7795 0 0 -0.000829
7800 0 0 -0.000640
7805 0 0 -0.000597
7810 0 0 -0.000657
7815 0 0 -0.000740
7820 0 0 -0.000781
7825 0 0 -0.000781
7830 0 0 -0.000760
7835 0 0 -0.000735
7840 0 0 -0.000728
7845 0 0 -0.000760
7850 0 0 -0.000838
7855 0 0 -0.000912
7860 0 0 -0.000920
7865 0 0 -0.000823
7870 0 0 -0.000681
7875 0 0 -0.000580
7880 0 0 -0.000583
7885 0 0 -0.000670
7890 0 0 -0.000800
7895 0 0 -0.000935
7900 0 0 -0.001044
7905 0 0 -0.001100
7910 0 0 -0.001084
7915 0 0 -0.001020
7920 0 0 -0.000940
7925 0 0 -0.000891
7930 0 0 -0.000973
7935 0 0 -0.001300
7940 0 0 -0.001918
7945 0 0 -0.002603
7950 0 0 -0.003060
7955 0 0 -0.003091
7960 0 0 -0.002869
7965 0 0 -0.002660
7970 0 0 -0.002656
7975 0 0 -0.002750
7980 0 0 -0.002760
7985 0 0 -0.002561
7990 0 0 -0.002255
7995 0 0 -0.002000
8000 0 0 -0.001901
8005 0 0 -0.001853
8010 0 0 -0.001700
8015 0 0 -0.001339
8020 0 0 -0.000888
8025 0 0 -0.000520
8030 0 0 -0.000360
8035 0 0 -0.000343
8040 0 0 -0.000360
8045 0 0 -0.000327
8050 0 0 -0.000274
8055 0 0 -0.000260
8060 0 0 -0.000321
8065 0 0 -0.000406
8070 0 0 -0.000440
8075 0 0 -0.000380
8080 0 0 -0.000304
8085 0 0 -0.000320
8090 0 0 -0.000494
8095 0 0 -0.000712
8100 0 0 -0.000820
8105 0 0 -0.000716
8110 0 0 -0.000523
8115 0 0 -0.000420
8120 0 0 -0.000526
8125 0 0 -0.000730
8130 0 0 -0.000860
8135 0 0 -0.000796
8140 0 0 -0.000619
8145 0 0 -0.000460
8150 0 0 -0.000420
8155 0 0 -0.000477
8160 0 0 -0.000580
8165 0 0 -0.000685
8170 0 0 -0.000780
8175 0 0 -0.000860
8180 0 0 -0.000922
8185 0 0 -0.000973
8190 0 0 -0.001020
8195 0 0 -0.001069
8200 0 0 -0.001117
8205 0 0 -0.001160
8210 0 0 -0.001196
8215 0 0 -0.001232
8220 0 0 -0.001280
8225 0 0 -0.001342
8230 0 0 -0.001389
8235 0 0 -0.001380
8240 0 0 -0.001301
8245 0 0 -0.001228
8250 0 0 -0.001260
8255 0 0 -0.001479
8260 0 0 -0.001894
8265 0 0 -0.002500
8270 0 0 -0.003238
8275 0 0 -0.003854
8280 0 0 -0.004040
8285 0 0 -0.003605
8290 0 0 -0.002808
8295 0 0 -0.002020
8300 0 0 -0.001532
8305 0 0 -0.001311
8310 0 0 -0.001240
8315 0 0 -0.001222
8320 0 0 -0.001231
8325 0 0 -0.001260
8330 0 0 -0.001298
8335 0 0 -0.001331
8340 0 0 -0.001340
8345 0 0 -0.001315
8350 0 0 -0.001269
8355 0 0 -0.001220
8360 0 0 -0.001184
8365 0 0 -0.001168
8370 0 0 -0.001180
8375 0 0 -0.001220
8380 0 0 -0.001268
8385 0 0 -0.001300
8390 0 0 -0.001299
8395 0 0 -0.001284
8400 0 0 -0.001280
8405 0 0 -0.001303
8410 0 0 -0.001323
8415 0 0 -0.001300
8420 0 0 -0.001213
8425 0 0 -0.001121
8430 0 0 -0.001100
8435 0 0 -0.001202
8440 0 0 -0.001369
8445 0 0 -0.001520
8450 0 0 -0.001587
8455 0 0 -0.001574
8460 0 0 -0.001500
8465 0 0 -0.001390
8470 0 0 -0.001287
8475 0 0 -0.001240
8480 0 0 -0.001278
8485 0 0 -0.001358
8490 0 0 -0.001420
8495 0 0 -0.001418
8500 0 0 -0.001367
8505 0 0 -0.001300
8510 0 0 -0.001242
8515 0 0 -0.001201
8520 0 0 -0.001180
8525 0 0 -0.001179
8530 0 0 -0.001189
8535 0 0 -0.001200
8540 0 0 -0.001204
8545 0 0 -0.001203
8550 0 0 -0.001200
8555 0 0 -0.001199
8560 0 0 -0.001200
8565 0 0 -0.001200
8570 0 0 -0.001201
8575 0 0 -0.001221
8580 0 0 -0.001280
8585 0 0 -0.001388
8590 0 0 -0.001510
8595 0 0 -0.001600
8600 0 0 -0.001625
8605 0 0 -0.001596
8610 0 0 -0.001540
8615 0 0 -0.001477
8620 0 0 -0.001415
8625 0 0 -0.001360
8630 0 0 -0.001318
8635 0 0 -0.001295
8640 0 0 -0.001300
8645 0 0 -0.001332
8650 0 0 -0.001359
8655 0 0 -0.001340
8660 0 0 -0.001247
8665 0 0 -0.001103
8670 0 0 -0.000940
8675 0 0 -0.000791
8680 0 0 -0.000678
8685 0 0 -0.000620
8690 0 0 -0.000625
8695 0 0 -0.000660
8700 0 0 -0.000680
8705 0 0 -0.000656
8710 0 0 -0.000610
8715 0 0 -0.000580
8720 0 0 -0.000591
8725 0 0 -0.000627
8730 0 0 -0.000660
8735 0 0 -0.000668
8740 0 0 -0.000657
8745 0 0 -0.000640
8750 0 0 -0.000627
8755 0 0 -0.000620
8760 0 0 -0.000620
8765 0 0 -0.000626
8770 0 0 -0.000634
8775 0 0 -0.000640
8780 0 0 -0.000641
8785 0 0 -0.000639
8790 0 0 -0.000640
8795 0 0 -0.000644
8800 0 0 -0.000636
8805 0 0 -0.000600
8810 0 0 -0.000525
8815 0 0 -0.000435
8820 0 0 -0.000360
8825 0 0 -0.000325
8830 0 0 -0.000328
8835 0 0 -0.000360
8840 0 0 -0.000410
8845 0 0 -0.000453
8850 0 0 -0.000460
8855 0 0 -0.000413
8860 0 0 -0.000339
8865 0 0 -0.000280
8870 0 0 -0.000265
8875 0 0 -0.000290
8880 0 0 -0.000340
8885 0 0 -0.000401
8890 0 0 -0.000449
8895 0 0 -0.000460
8900 0 0 -0.000420
8905 0 0 -0.000355
8910 0 0 -0.000300
8915 0 0 -0.000283
8920 0 0 -0.000301
8925 0 0 -0.000340
8930 0 0 -0.000388
8935 0 0 -0.000427
8940 0 0 -0.000440
8945 0 0 -0.000416
8950 0 0 -0.000369
8955 0 0 -0.000320
8960 0 0 -0.000287
8965 0 0 -0.000278
8970 0 0 -0.000300
8975 0 0 -0.000353
8980 0 0 -0.000411
8985 0 0 -0.000440
8990 0 0 -0.000419
8995 0 0 -0.000368
9000 0 0 -0.000320
9005 0 0 -0.000299
9010 0 0 -0.000308
9015 0 0 -0.000340
9020 0 0 -0.000388
9025 0 0 -0.000430
9030 0 0 -0.000440
9035 0 0 -0.000404
9040 0 0 -0.000346
9045 0 0 -0.000300
9050 0 0 -0.000293
9055 0 0 -0.000319
9060 0 0 -0.000360
9065 0 0 -0.000402
9070 0 0 -0.000428
9075 0 0 -0.000420
9080 0 0 -0.000372
9085 0 0 -0.000317
9090 0 0 -0.000300
9095 0 0 -0.000352
9100 0 0 -0.000456
9105 0 0 -0.000580
9110 0 0 -0.000696
9115 0 0 -0.000782
9120 0 0 -0.000820
9125 0 0 -0.000797
9130 0 0 -0.000730
9135 0 0 -0.000640
9140 0 0 -0.000552
9145 0 0 -0.000490
9150 0 0 -0.000480
9155 0 0 -0.000535
9160 0 0 -0.000614
9165 0 0 -0.000660
9170 0 0 -0.000643
9175 0 0 -0.000627
9180 0 0 -0.000700
9185 0 0 -0.000916
9190 0 0 -0.001200
9195 0 0 -0.001440
9200 0 0 -0.001551
9205 0 0 -0.001541
9210 0 0 -0.001440
9215 0 0 -0.001284
9220 0 0 -0.001126
9225 0 0 -0.001020
9230 0 0 -0.001004
9235 0 0 -0.001038
9240 0 0 -0.001060
9245 0 0 -0.001027
9250 0 0 -0.000966
9255 0 0 -0.000920
9260 0 0 -0.000919
9265 0 0 -0.000943
9270 0 0 -0.000960
9275 0 0 -0.000946
9280 0 0 -0.000918
9285 0 0 -0.000900
9290 0 0 -0.000915
9295 0 0 -0.000973
9300 0 0 -0.001080
9305 0 0 -0.001231
9310 0 0 -0.001372
9315 0 0 -0.001440
9320 0 0 -0.001390
9325 0 0 -0.001263
9330 0 0 -0.001120
9335 0 0 -0.001011
9340 0 0 -0.000935
9345 0 0 -0.000880
9350 0 0 -0.000838
9355 0 0 -0.000819
9360 0 0 -0.000840
9365 0 0 -0.000905
9370 0 0 -0.000975
9375 0 0 -0.001000
9380 0 0 -0.000945
9385 0 0 -0.000832
9390 0 0 -0.000700
9395 0 0 -0.000584
9400 0 0 -0.000504
9405 0 0 -0.000480
9410 0 0 -0.000518
9415 0 0 -0.000581
9420 0 0 -0.000620
9425 0 0 -0.000600
9430 0 0 -0.000547
9435 0 0 -0.000500
9440 0 0 -0.000489
9445 0 0 -0.000503
9450 0 0 -0.000520
9455 0 0 -0.000524
9460 0 0 -0.000521
9465 0 0 -0.000520
9470 0 0 -0.000529
9475 0 0 -0.000539
9480 0 0 -0.000540
9485 0 0 -0.000524
9490 0 0 -0.000500
9495 0 0 -0.000480
9500 0 0 -0.000475
9505 0 0 -0.000483
9510 0 0 -0.000500
9515 0 0 -0.000520
9520 0 0 -0.000535
9525 0 0 -0.000540
9530 0 0 -0.000530
9535 0 0 -0.000518
9540 0 0 -0.000520
9545 0 0 -0.000547
9550 0 0 -0.000586
9555 0 0 -0.000620
9560 0 0 -0.000635
9565 0 0 -0.000637
9570 0 0 -0.000640
9575 0 0 -0.000650
9580 0 0 -0.000656
9585 0 0 -0.000640
9590 0 0 -0.000592
9595 0 0 -0.000530
9600 0 0 -0.000480
9605 0 0 -0.000461
9610 0 0 -0.000465
9615 0 0 -0.000480
9620 0 0 -0.000501
9625 0 0 -0.000560
9630 0 0 -0.000700
9635 0 0 -0.000949
9640 0 0 -0.001287
9645 0 0 -0.001680
9650 0 0 -0.002077
9655 0 0 -0.002357
9660 0 0 -0.002380
9665 0 0 -0.002071
9670 0 0 -0.001614
9675 0 0 -0.001260
9680 0 0 -0.001189
9685 0 0 -0.001309
9690 0 0 -0.001460
9695 0 0 -0.001516
9700 0 0 -0.001492
9705 0 0 -0.001440
9710 0 0 -0.001400
9715 0 0 -0.001371
9720 0 0 -0.001340
9725 0 0 -0.001298
9730 0 0 -0.001254
9735 0 0 -0.001220
9740 0 0 -0.001205
9745 0 0 -0.001202
9750 0 0 -0.001200
9755 0 0 -0.001193
9760 0 0 -0.001199
9765 0 0 -0.001240
9770 0 0 -0.001326
9775 0 0 -0.001411
9780 0 0 -0.001440
9785 0 0 -0.001378
9790 0 0 -0.001288
9795 0 0 -0.001260
9800 0 0 -0.001348
9805 0 0 -0.001477
9810 0 0 -0.001540
9815 0 0 -0.001458
9820 0 0 -0.001274
9825 0 0 -0.001060
9830 0 0 -0.000885
9835 0 0 -0.000807
9840 0 0 -0.000880
9845 0 0 -0.001123
9850 0 0 -0.001406
9855 0 0 -0.001560
9860 0 0 -0.001472
9865 0 0 -0.001241
9870 0 0 -0.001020
9875 0 0 -0.000924
9880 0 0 -0.000920
9885 0 0 -0.000940
9890 0 0 -0.000930
9895 0 0 -0.000906
9900 0 0 -0.000900
9905 0 0 -0.000933
9910 0 0 -0.000984
9915 0 0 -0.001020
9920 0 0 -0.001016
9925 0 0 -0.000984
9930 0 0 -0.000940
9935 0 0 -0.000902
9940 0 0 -0.000880
9945 0 0 -0.000880
9950 0 0 -0.000908
9955 0 0 -0.000957
9960 0 0 -0.001020
9965 0 0 -0.001085
9970 0 0 -0.001133
9975 0 0 -0.001140
9980 0 0 -0.001094
9985 0 0 -0.001027
9990 0 0 -0.000980
9995 0 0 -0.000984
10000 0 0 -0.001020
10005 0 0 -0.001060
10010 0 0 -0.001082
10015 0 0 -0.001096
10020 0 0 -0.001120
10025 0 0 -0.001165
10030 0 0 -0.001213
10035 0 0 -0.001240
10040 0 0 -0.001229
10045 0 0 -0.001190
10050 0 0 -0.001140
10055 0 0 -0.001091
10060 0 0 -0.001046
10065 0 0 -0.001000
10070 0 0 -0.000952
10075 0 0 -0.000900
