0 0 0 0.260000
5 0 0 0.350765
10 0 0 0.361057
15 0 0 0.320000
20 0 0 0.256721
25 0 0 0.200346
30 0 0 0.180000
35 0 0 0.213461
40 0 0 0.273115
45 0 0 0.320000
50 0 0 0.324249
55 0 0 0.292378
60 0 0 0.240000
65 0 0 0.185099
70 0 0 0.155150
75 0 0 0.180000
80 0 0 0.273133
85 0 0 0.382579
90 0 0 0.440000
95 0 0 0.400145
100 0 0 0.310092
105 0 0 0.240000
110 0 0 0.241101
115 0 0 0.288907
120 0 0 0.340000
125 0 0 0.360636
130 0 0 0.355762
135 0 0 0.340000
140 0 0 0.324504
145 0 0 0.306562
150 0 0 0.280000
155 0 0 0.242091
160 0 0 0.203914
165 0 0 0.180000
170 0 0 0.180467
175 0 0 0.197782
180 0 0 0.220000
185 0 0 0.236043
190 0 0 0.238293
195 0 0 0.220000
200 0 0 0.181288
205 0 0 0.149787
210 0 0 0.160000
215 0 0 0.231397
220 0 0 0.323302
225 0 0 0.380000
230 0 0 0.363493
235 0 0 0.306637
240 0 0 0.260000
245 0 0 0.260555
250 0 0 0.290892
255 0 0 0.320000
260 0 0 0.323914
265 0 0 0.306834
270 0 0 0.280000
275 0 0 0.254157
280 0 0 0.238069
285 0 0 0.240000
290 0 0 0.263900
295 0 0 0.296447
300 0 0 0.320000
305 0 0 0.321353
310 0 0 0.305032
315 0 0 0.280000
320 0 0 0.255134
325 0 0 0.238980
330 0 0 0.240000
335 0 0 0.261815
340 0 0 0.288678
345 0 0 0.300000
350 0 0 0.282792
355 0 0 0.254457
360 0 0 0.240000
365 0 0 0.257389
370 0 0 0.296457
375 0 0 0.340000
380 0 0 0.371355
385 0 0 0.376013
390 0 0 0.340000
395 0 0 0.263115
400 0 0 0.200233
405 0 0 0.220000
410 0 0 0.360630
415 0 0 0.538611
420 0 0 0.640000
425 0 0 0.586959
430 0 0 0.446065
435 0 0 0.320000
440 0 0 0.287090
445 0 0 0.328240
450 0 0 0.400000
455 0 0 0.463939
460 0 0 0.501714
465 0 0 0.500000
470 0 0 0.454930
475 0 0 0.400460
480 0 0 0.380000
485 0 0 0.420785
490 0 0 0.485337
495 0 0 0.520000
500 0 0 0.486374
505 0 0 0.407082
510 0 0 0.320000
515 0 0 0.255940
520 0 0 0.217447
525 0 0 0.200000
530 0 0 0.201718
535 0 0 0.231279
540 0 0 0.300000
545 0 0 0.410521
550 0 0 0.530771
555 0 0 0.620000
560 0 0 0.645827
565 0 0 0.609342
570 0 0 0.520000
575 0 0 0.394317
580 0 0 0.277046
585 0 0 0.220000
590 0 0 0.256163
595 0 0 0.343213
600 0 0 0.420000
605 0 0 0.440290
610 0 0 0.417509
615 0 0 0.380000
620 0 0 0.350826
625 0 0 0.331936
630 0 0 0.320000
635 0 0 0.311962
640 0 0 0.305859
645 0 0 0.300000
650 0 0 0.292437
655 0 0 0.280185
660 0 0 0.260000
665 0 0 0.230883
670 0 0 0.200810
675 0 0 0.180000
680 0 0 0.175882
685 0 0 0.184723
690 0 0 0.200000
695 0 0 0.215219
700 0 0 0.224001
705 0 0 0.220000
710 0 0 0.201021
715 0 0 0.181494
720 0 0 0.180000
725 0 0 0.206622
730 0 0 0.237432
735 0 0 0.240000
740 0 0 0.196195
745 0 0 0.145076
750 0 0 0.140000
755 0 0 0.213042
760 0 0 0.311153
765 0 0 0.360000
770 0 0 0.310154
775 0 0 0.211794
780 0 0 0.140000
785 0 0 0.148563
790 0 0 0.206116
795 0 0 0.260000
800 0 0 0.271148
805 0 0 0.254853
810 0 0 0.240000
815 0 0 0.248328
820 0 0 0.272992
825 0 0 0.300000
830 0 0 0.317022
835 0 0 0.318366
840 0 0 0.300000
845 0 0 0.262843
850 0 0 0.227618
855 0 0 0.220000
860 0 0 0.255311
865 0 0 0.307459
870 0 0 0.340000
875 0 0 0.327024
880 0 0 0.284767
885 0 0 0.240000
890 0 0 0.215852
895 0 0 0.220881
900 0 0 0.260000
905 0 0 0.329568
910 0 0 0.391711
915 0 0 0.400000
920 0 0 0.328840
925 0 0 0.235979
930 0 0 0.200000
935 0 0 0.272850
940 0 0 0.399928
945 0 0 0.500000
950 0 0 0.514576
955 0 0 0.476160
960 0 0 0.440000
965 0 0 0.444401
970 0 0 0.459877
975 0 0 0.440000
980 0 0 0.360414
985 0 0 0.285071
990 0 0 0.300000
995 0 0 0.453202
1000 0 0 0.640578
1005 0 0 0.720000
1010 0 0 0.608258
1015 0 0 0.457803
1020 0 0 0.480000
1025 0 0 0.818210
1030 0 0 1.343767
1035 0 0 1.860000
1040 0 0 2.201124
1045 0 0 2.324905
1050 0 0 2.220000
1055 0 0 1.902480
1060 0 0 1.498092
1065 0 0 1.160000
1070 0 0 0.999325
1075 0 0 0.959021
1080 0 0 0.940000
1085 0 0 0.868368
1090 0 0 0.771008
1095 0 0 0.700000
1100 0 0 0.693871
1105 0 0 0.736946
1110 0 0 0.800000
1115 0 0 0.858371
1120 0 0 0.905652
1125 0 0 0.940000
1130 0 0 0.959312
1135 0 0 0.960445
1140 0 0 0.940000
1145 0 0 0.898457
1150 0 0 0.851826
1155 0 0 0.820000
1160 0 0 0.817232
1165 0 0 0.835214
1170 0 0 0.860000
1175 0 0 0.878541
1180 0 0 0.881390
1185 0 0 0.860000
1190 0 0 0.816751
1195 0 0 0.797743
1200 0 0 0.860000
1205 0 0 1.030008
1210 0 0 1.212084
1215 0 0 1.280000
1220 0 0 1.150622
1225 0 0 0.913181
1230 0 0 0.700000
1235 0 0 0.608984
1240 0 0 0.600376
1245 0 0 0.600000
1250 0 0 0.554921
1255 0 0 0.497166
1260 0 0 0.480000
1265 0 0 0.536515
1270 0 0 0.619107
1275 0 0 0.660000
1280 0 0 0.613834
1285 0 0 0.524923
1290 0 0 0.460000
1295 0 0 0.469633
1300 0 0 0.539721
1305 0 0 0.640000
1310 0 0 0.743192
1315 0 0 0.833971
1320 0 0 0.900000
1325 0 0 0.930192
1330 0 0 0.918468
1335 0 0 0.860000
1340 0 0 0.756781
1345 0 0 0.638083
1350 0 0 0.540000
1355 0 0 0.490092
1360 0 0 0.481792
1365 0 0 0.500000
1370 0 0 0.528777
1375 0 0 0.548823
1380 0 0 0.540000
1385 0 0 0.491097
1390 0 0 0.426620
1395 0 0 0.380000
1400 0 0 0.374982
1405 0 0 0.396550
1410 0 0 0.420000
1415 0 0 0.426013
1420 0 0 0.416810
1425 0 0 0.400000
1430 0 0 0.383190
1435 0 0 0.373987
