0 0 0 -0.000378
5 0 0 -0.000371
10 0 0 -0.000363
15 0 0 -0.000354
20 0 0 -0.000343
25 0 0 -0.000329
30 0 0 -0.000312
35 0 0 -0.000293
40 0 0 -0.000282
45 0 0 -0.000288
50 0 0 -0.000318
55 0 0 -0.000357
60 0 0 -0.000384
65 0 0 -0.000385
70 0 0 -0.000369
75 0 0 -0.000354
80 0 0 -0.000350
85 0 0 -0.000353
90 0 0 -0.000354
95 0 0 -0.000347
100 0 0 -0.000337
105 0 0 -0.000336
110 0 0 -0.000348
115 0 0 -0.000363
120 0 0 -0.000366
125 0 0 -0.000347
130 0 0 -0.000314
135 0 0 -0.000282
140 0 0 -0.000260
145 0 0 -0.000246
150 0 0 -0.000234
155 0 0 -0.000220
160 0 0 -0.000211
165 0 0 -0.000216
170 0 0 -0.000239
175 0 0 -0.000268
180 0 0 -0.000288
185 0 0 -0.000289
190 0 0 -0.000278
195 0 0 -0.000270
200 0 0 -0.000273
205 0 0 -0.000280
210 0 0 -0.000282
215 0 0 -0.000271
220 0 0 -0.000252
225 0 0 -0.000234
230 0 0 -0.000224
235 0 0 -0.000219
240 0 0 -0.000216
245 0 0 -0.000212
250 0 0 -0.000207
255 0 0 -0.000204
260 0 0 -0.000204
265 0 0 -0.000202
270 0 0 -0.000192
275 0 0 -0.000172
280 0 0 -0.000152
285 0 0 -0.000144
290 0 0 -0.000157
295 0 0 -0.000182
300 0 0 -0.000204
305 0 0 -0.000214
310 0 0 -0.000212
315 0 0 -0.000204
320 0 0 -0.000193
325 0 0 -0.000180
330 0 0 -0.000168
335 0 0 -0.000157
340 0 0 -0.000152
345 0 0 -0.000156
350 0 0 -0.000172
355 0 0 -0.000191
360 0 0 -0.000204
365 0 0 -0.000202
370 0 0 -0.000186
375 0 0 -0.000162
380 0 0 -0.000135
385 0 0 -0.000112
390 0 0 -0.000102
395 0 0 -0.000111
400 0 0 -0.000129
405 0 0 -0.000144
410 0 0 -0.000147
415 0 0 -0.000140
420 0 0 -0.000126
425 0 0 -0.000110
430 0 0 -0.000098
435 0 0 -0.000096
440 0 0 -0.000109
445 0 0 -0.000128
450 0 0 -0.000144
455 0 0 -0.000148
460 0 0 -0.000141
465 0 0 -0.000126
470 0 0 -0.000107
475 0 0 -0.000092
480 0 0 -0.000090
485 0 0 -0.000107
490 0 0 -0.000132
495 0 0 -0.000150
500 0 0 -0.000149
505 0 0 -0.000134
510 0 0 -0.000114
515 0 0 -0.000098
520 0 0 -0.000093
525 0 0 -0.000102
530 0 0 -0.000128
535 0 0 -0.000156
540 0 0 -0.000168
545 0 0 -0.000153
550 0 0 -0.000126
555 0 0 -0.000108
560 0 0 -0.000115
565 0 0 -0.000136
570 0 0 -0.000156
575 0 0 -0.000163
580 0 0 -0.000159
585 0 0 -0.000150
590 0 0 -0.000143
595 0 0 -0.000140
600 0 0 -0.000144
605 0 0 -0.000158
610 0 0 -0.000188
615 0 0 -0.000240
620 0 0 -0.000312
625 0 0 -0.000376
630 0 0 -0.000396
635 0 0 -0.000352
640 0 0 -0.000282
645 0 0 -0.000240
650 0 0 -0.000264
655 0 0 -0.000323
660 0 0 -0.000372
665 0 0 -0.000376
670 0 0 -0.000350
675 0 0 -0.000318
680 0 0 -0.000301
685 0 0 -0.000299
690 0 0 -0.000306
695 0 0 -0.000317
700 0 0 -0.000328
705 0 0 -0.000336
710 0 0 -0.000340
715 0 0 -0.000342
720 0 0 -0.000348
725 0 0 -0.000359
730 0 0 -0.000366
735 0 0 -0.000354
740 0 0 -0.000318
745 0 0 -0.000277
750 0 0 -0.000258
755 0 0 -0.000279
760 0 0 -0.000321
765 0 0 -0.000354
770 0 0 -0.000358
775 0 0 -0.000339
780 0 0 -0.000312
785 0 0 -0.000288
790 0 0 -0.000267
795 0 0 -0.000246
800 0 0 -0.000223
805 0 0 -0.000205
810 0 0 -0.000198
815 0 0 -0.000208
820 0 0 -0.000227
825 0 0 -0.000246
830 0 0 -0.000257
835 0 0 -0.000258
840 0 0 -0.000252
845 0 0 -0.000240
850 0 0 -0.000225
855 0 0 -0.000210
860 0 0 -0.000199
865 0 0 -0.000193
870 0 0 -0.000192
875 0 0 -0.000196
880 0 0 -0.000201
885 0 0 -0.000204
890 0 0 -0.000201
895 0 0 -0.000193
900 0 0 -0.000180
905 0 0 -0.000163
910 0 0 -0.000149
915 0 0 -0.000144
920 0 0 -0.000153
925 0 0 -0.000170
930 0 0 -0.000186
935 0 0 -0.000195
940 0 0 -0.000195
945 0 0 -0.000186
950 0 0 -0.000169
955 0 0 -0.000152
960 0 0 -0.000144
965 0 0 -0.000151
970 0 0 -0.000168
975 0 0 -0.000186
980 0 0 -0.000196
985 0 0 -0.000197
990 0 0 -0.000186
995 0 0 -0.000164
1000 0 0 -0.000144
1005 0 0 -0.000138
1010 0 0 -0.000156
1015 0 0 -0.000184
1020 0 0 -0.000204
1025 0 0 -0.000202
1030 0 0 -0.000186
1035 0 0 -0.000168
1040 0 0 -0.000164
1045 0 0 -0.000200
1050 0 0 -0.000306
1055 0 0 -0.000492
1060 0 0 -0.000685
1065 0 0 -0.000792
1070 0 0 -0.000748
1075 0 0 -0.000605
1080 0 0 -0.000444
1085 0 0 -0.000329
1090 0 0 -0.000255
1095 0 0 -0.000204
1100 0 0 -0.000162
1105 0 0 -0.000149
1110 0 0 -0.000192
1115 0 0 -0.000307
1120 0 0 -0.000465
1125 0 0 -0.000624
1130 0 0 -0.000745
1135 0 0 -0.000805
1140 0 0 -0.000780
1145 0 0 -0.000665
1150 0 0 -0.000512
1155 0 0 -0.000390
1160 0 0 -0.000349
1165 0 0 -0.000368
1170 0 0 -0.000408
1175 0 0 -0.000436
1180 0 0 -0.000452
1185 0 0 -0.000462
1190 0 0 -0.000470
1195 0 0 -0.000474
1200 0 0 -0.000468
1205 0 0 -0.000451
1210 0 0 -0.000432
1215 0 0 -0.000420
1220 0 0 -0.000424
1225 0 0 -0.000438
1230 0 0 -0.000456
1235 0 0 -0.000471
1240 0 0 -0.000478
1245 0 0 -0.000474
1250 0 0 -0.000459
1255 0 0 -0.000444
1260 0 0 -0.000444
1265 0 0 -0.000468
1270 0 0 -0.000496
1275 0 0 -0.000504
1280 0 0 -0.000474
1285 0 0 -0.000425
1290 0 0 -0.000384
1295 0 0 -0.000372
1300 0 0 -0.000384
1305 0 0 -0.000408
1310 0 0 -0.000433
1315 0 0 -0.000454
1320 0 0 -0.000468
1325 0 0 -0.000471
1330 0 0 -0.000463
1335 0 0 -0.000444
1340 0 0 -0.000416
1345 0 0 -0.000388
1350 0 0 -0.000372
1355 0 0 -0.000374
1360 0 0 -0.000383
1365 0 0 -0.000384
1370 0 0 -0.000365
1375 0 0 -0.000333
1380 0 0 -0.000300
1385 0 0 -0.000277
1390 0 0 -0.000265
1395 0 0 -0.000264
1400 0 0 -0.000274
1405 0 0 -0.000296
1410 0 0 -0.000330
1415 0 0 -0.000373
1420 0 0 -0.000411
1425 0 0 -0.000426
1430 0 0 -0.000406
1435 0 0 -0.000367
1440 0 0 -0.000330
1445 0 0 -0.000312
1450 0 0 -0.000311
1455 0 0 -0.000318
1460 0 0 -0.000326
1465 0 0 -0.000328
1470 0 0 -0.000318
1475 0 0 -0.000294
1480 0 0 -0.000264
1485 0 0 -0.000240
1490 0 0 -0.000229
1495 0 0 -0.000225
1500 0 0 -0.000216
1505 0 0 -0.000195
1510 0 0 -0.000171
1515 0 0 -0.000156
1520 0 0 -0.000157
1525 0 0 -0.000169
1530 0 0 -0.000180
1535 0 0 -0.000183
1540 0 0 -0.000179
1545 0 0 -0.000174
1550 0 0 -0.000170
1555 0 0 -0.000169
1560 0 0 -0.000168
1565 0 0 -0.000168
1570 0 0 -0.000168
1575 0 0 -0.000168
1580 0 0 -0.000167
1585 0 0 -0.000162
1590 0 0 -0.000150
1595 0 0 -0.000130
1600 0 0 -0.000110
1605 0 0 -0.000102
1610 0 0 -0.000114
1615 0 0 -0.000134
1620 0 0 -0.000150
1625 0 0 -0.000150
1630 0 0 -0.000142
1635 0 0 -0.000138
1640 0 0 -0.000146
1645 0 0 -0.000162
1650 0 0 -0.000180
1655 0 0 -0.000195
1660 0 0 -0.000205
1665 0 0 -0.000210
1670 0 0 -0.000209
1675 0 0 -0.000203
1680 0 0 -0.000192
1685 0 0 -0.000178
1690 0 0 -0.000168
1695 0 0 -0.000168
1700 0 0 -0.000183
1705 0 0 -0.000202
1710 0 0 -0.000210
1715 0 0 -0.000198
1720 0 0 -0.000177
1725 0 0 -0.000162
1730 0 0 -0.000164
1735 0 0 -0.000180
1740 0 0 -0.000198
1745 0 0 -0.000212
1750 0 0 -0.000219
1755 0 0 -0.000216
1760 0 0 -0.000204
1765 0 0 -0.000188
1770 0 0 -0.000174
1775 0 0 -0.000168
1780 0 0 -0.000171
1785 0 0 -0.000180
1790 0 0 -0.000194
1795 0 0 -0.000204
1800 0 0 -0.000204
1805 0 0 -0.000188
1810 0 0 -0.000167
1815 0 0 -0.000156
1820 0 0 -0.000164
1825 0 0 -0.000182
1830 0 0 -0.000192
1835 0 0 -0.000183
1840 0 0 -0.000161
1845 0 0 -0.000132
1850 0 0 -0.000106
1855 0 0 -0.000093
1860 0 0 -0.000102
1865 0 0 -0.000138
1870 0 0 -0.000182
1875 0 0 -0.000210
1880 0 0 -0.000206
1885 0 0 -0.000185
1890 0 0 -0.000168
1895 0 0 -0.000172
1900 0 0 -0.000193
1905 0 0 -0.000222
1910 0 0 -0.000251
1915 0 0 -0.000278
1920 0 0 -0.000300
1925 0 0 -0.000315
1930 0 0 -0.000317
1935 0 0 -0.000300
1940 0 0 -0.000262
1945 0 0 -0.000218
1950 0 0 -0.000186
1955 0 0 -0.000179
1960 0 0 -0.000189
1965 0 0 -0.000204
1970 0 0 -0.000214
1975 0 0 -0.000214
1980 0 0 -0.000204
1985 0 0 -0.000184
1990 0 0 -0.000164
1995 0 0 -0.000156
2000 0 0 -0.000168
2005 0 0 -0.000190
2010 0 0 -0.000210
2015 0 0 -0.000216
2020 0 0 -0.000212
2025 0 0 -0.000204
2030 0 0 -0.000197
2035 0 0 -0.000193
2040 0 0 -0.000192
2045 0 0 -0.000194
2050 0 0 -0.000194
2055 0 0 -0.000186
2060 0 0 -0.000166
2065 0 0 -0.000146
2070 0 0 -0.000138
2075 0 0 -0.000151
2080 0 0 -0.000175
2085 0 0 -0.000192
2090 0 0 -0.000192
2095 0 0 -0.000185
2100 0 0 -0.000186
2105 0 0 -0.000206
2110 0 0 -0.000238
2115 0 0 -0.000270
2120 0 0 -0.000293
2125 0 0 -0.000303
2130 0 0 -0.000300
2135 0 0 -0.000285
2140 0 0 -0.000264
2145 0 0 -0.000246
2150 0 0 -0.000238
2155 0 0 -0.000235
2160 0 0 -0.000234
2165 0 0 -0.000229
2170 0 0 -0.000226
2175 0 0 -0.000228
2180 0 0 -0.000240
2185 0 0 -0.000255
2190 0 0 -0.000264
2195 0 0 -0.000261
2200 0 0 -0.000248
2205 0 0 -0.000228
2210 0 0 -0.000206
2215 0 0 -0.000188
2220 0 0 -0.000180
2225 0 0 -0.000186
2230 0 0 -0.000203
2235 0 0 -0.000222
2240 0 0 -0.000240
2245 0 0 -0.000260
2250 0 0 -0.000288
2255 0 0 -0.000326
2260 0 0 -0.000360
2265 0 0 -0.000372
2270 0 0 -0.000353
2275 0 0 -0.000325
2280 0 0 -0.000318
2285 0 0 -0.000349
2290 0 0 -0.000385
2295 0 0 -0.000378
2300 0 0 -0.000305
2305 0 0 -0.000235
2310 0 0 -0.000264
2315 0 0 -0.000449
2320 0 0 -0.000709
2325 0 0 -0.000924
2330 0 0 -0.001008
2335 0 0 -0.000998
2340 0 0 -0.000960
2345 0 0 -0.000946
2350 0 0 -0.000945
2355 0 0 -0.000930
2360 0 0 -0.000885
2365 0 0 -0.000839
2370 0 0 -0.000834
2375 0 0 -0.000890
2380 0 0 -0.000939
2385 0 0 -0.000894
2390 0 0 -0.000705
2395 0 0 -0.000486
2400 0 0 -0.000390
2405 0 0 -0.000516
2410 0 0 -0.000751
2415 0 0 -0.000930
2420 0 0 -0.000931
2425 0 0 -0.000815
2430 0 0 -0.000690
2435 0 0 -0.000646
2440 0 0 -0.000715
2445 0 0 -0.000912
2450 0 0 -0.001227
2455 0 0 -0.001550
2460 0 0 -0.001746
2465 0 0 -0.001723
2470 0 0 -0.001562
2475 0 0 -0.001386
2480 0 0 -0.001291
2485 0 0 -0.001256
2490 0 0 -0.001230
2495 0 0 -0.001176
2500 0 0 -0.001104
2505 0 0 -0.001038
2510 0 0 -0.000997
2515 0 0 -0.000985
2520 0 0 -0.001002
2525 0 0 -0.001043
2530 0 0 -0.001085
2535 0 0 -0.001104
2540 0 0 -0.001082
2545 0 0 -0.001045
2550 0 0 -0.001026
2555 0 0 -0.001048
2560 0 0 -0.001079
2565 0 0 -0.001074
2570 0 0 -0.001000
2575 0 0 -0.000870
2580 0 0 -0.000708
2585 0 0 -0.000539
2590 0 0 -0.000395
2595 0 0 -0.000306
2600 0 0 -0.000292
2605 0 0 -0.000324
2610 0 0 -0.000360
2615 0 0 -0.000367
2620 0 0 -0.000352
2625 0 0 -0.000330
2630 0 0 -0.000316
2635 0 0 -0.000316
2640 0 0 -0.000336
2645 0 0 -0.000377
2650 0 0 -0.000423
2655 0 0 -0.000456
2660 0 0 -0.000463
2665 0 0 -0.000452
2670 0 0 -0.000438
2675 0 0 -0.000432
2680 0 0 -0.000430
2685 0 0 -0.000426
2690 0 0 -0.000415
2695 0 0 -0.000404
2700 0 0 -0.000402
2705 0 0 -0.000415
2710 0 0 -0.000433
2715 0 0 -0.000438
2720 0 0 -0.000421
2725 0 0 -0.000392
2730 0 0 -0.000366
2735 0 0 -0.000354
2740 0 0 -0.000357
2745 0 0 -0.000372
2750 0 0 -0.000395
2755 0 0 -0.000412
2760 0 0 -0.000408
2765 0 0 -0.000381
2770 0 0 -0.000377
2775 0 0 -0.000456
2780 0 0 -0.000651
2785 0 0 -0.000889
2790 0 0 -0.001068
2795 0 0 -0.001118
2800 0 0 -0.001085
2805 0 0 -0.001044
2810 0 0 -0.001053
2815 0 0 -0.001095
2820 0 0 -0.001134
2825 0 0 -0.001143
2830 0 0 -0.001127
2835 0 0 -0.001098
2840 0 0 -0.001068
2845 0 0 -0.001047
2850 0 0 -0.001044
2855 0 0 -0.001059
2860 0 0 -0.001055
2865 0 0 -0.000984
2870 0 0 -0.000821
2875 0 0 -0.000626
2880 0 0 -0.000480
2885 0 0 -0.000439
2890 0 0 -0.000461
2895 0 0 -0.000480
2900 0 0 -0.000448
2905 0 0 -0.000382
2910 0 0 -0.000318
2915 0 0 -0.000284
2920 0 0 -0.000274
2925 0 0 -0.000276
2930 0 0 -0.000279
2935 0 0 -0.000278
2940 0 0 -0.000270
2945 0 0 -0.000253
2950 0 0 -0.000231
2955 0 0 -0.000210
2960 0 0 -0.000194
2965 0 0 -0.000183
2970 0 0 -0.000174
2975 0 0 -0.000165
2980 0 0 -0.000157
2985 0 0 -0.000150
2990 0 0 -0.000146
2995 0 0 -0.000144
3000 0 0 -0.000144
3005 0 0 -0.000145
3010 0 0 -0.000146
3015 0 0 -0.000144
3020 0 0 -0.000139
3025 0 0 -0.000134
3030 0 0 -0.000132
3035 0 0 -0.000135
3040 0 0 -0.000141
3045 0 0 -0.000144
3050 0 0 -0.000142
3055 0 0 -0.000137
3060 0 0 -0.000132
3065 0 0 -0.000128
3070 0 0 -0.000125
3075 0 0 -0.000120
3080 0 0 -0.000112
3085 0 0 -0.000108
3090 0 0 -0.000114
3095 0 0 -0.000135
3100 0 0 -0.000165
3105 0 0 -0.000192
3110 0 0 -0.000208
3115 0 0 -0.000212
3120 0 0 -0.000204
3125 0 0 -0.000185
3130 0 0 -0.000165
3135 0 0 -0.000156
3140 0 0 -0.000165
3145 0 0 -0.000184
3150 0 0 -0.000204
3155 0 0 -0.000215
3160 0 0 -0.000218
3165 0 0 -0.000216
3170 0 0 -0.000211
3175 0 0 -0.000205
3180 0 0 -0.000198
3185 0 0 -0.000191
3190 0 0 -0.000188
3195 0 0 -0.000192
3200 0 0 -0.000206
3205 0 0 -0.000223
3210 0 0 -0.000234
3215 0 0 -0.000234
3220 0 0 -0.000224
3225 0 0 -0.000210
3230 0 0 -0.000196
3235 0 0 -0.000186
3240 0 0 -0.000186
3245 0 0 -0.000200
3250 0 0 -0.000231
3255 0 0 -0.000282
3260 0 0 -0.000349
3265 0 0 -0.000405
3270 0 0 -0.000420
3275 0 0 -0.000374
3280 0 0 -0.000299
3285 0 0 -0.000240
3290 0 0 -0.000230
3295 0 0 -0.000255
3300 0 0 -0.000288
3305 0 0 -0.000308
3310 0 0 -0.000313
3315 0 0 -0.000306
3320 0 0 -0.000290
3325 0 0 -0.000271
3330 0 0 -0.000258
3335 0 0 -0.000255
3340 0 0 -0.000252
3345 0 0 -0.000240
3350 0 0 -0.000210
3355 0 0 -0.000173
3360 0 0 -0.000144
3365 0 0 -0.000134
3370 0 0 -0.000134
3375 0 0 -0.000132
3380 0 0 -0.000119
3385 0 0 -0.000102
3390 0 0 -0.000090
3395 0 0 -0.000092
3400 0 0 -0.000106
3405 0 0 -0.000126
3410 0 0 -0.000147
3415 0 0 -0.000162
3420 0 0 -0.000162
3425 0 0 -0.000143
3430 0 0 -0.000117
3435 0 0 -0.000102
3440 0 0 -0.000110
3445 0 0 -0.000131
3450 0 0 -0.000150
3455 0 0 -0.000156
3460 0 0 -0.000151
3465 0 0 -0.000144
3470 0 0 -0.000139
3475 0 0 -0.000138
3480 0 0 -0.000138
3485 0 0 -0.000139
3490 0 0 -0.000139
3495 0 0 -0.000138
3500 0 0 -0.000134
3505 0 0 -0.000125
3510 0 0 -0.000108
3515 0 0 -0.000087
3520 0 0 -0.000082
3525 0 0 -0.000120
3530 0 0 -0.000214
3535 0 0 -0.000320
3540 0 0 -0.000384
3545 0 0 -0.000366
3550 0 0 -0.000304
3555 0 0 -0.000252
3560 0 0 -0.000250
3565 0 0 -0.000277
3570 0 0 -0.000300
3575 0 0 -0.000293
3580 0 0 -0.000273
3585 0 0 -0.000264
3590 0 0 -0.000285
3595 0 0 -0.000321
3600 0 0 -0.000348
3605 0 0 -0.000350
3610 0 0 -0.000335
3615 0 0 -0.000318
3620 0 0 -0.000311
3625 0 0 -0.000314
3630 0 0 -0.000324
3635 0 0 -0.000337
3640 0 0 -0.000345
3645 0 0 -0.000336
3650 0 0 -0.000306
3655 0 0 -0.000268
3660 0 0 -0.000240
3665 0 0 -0.000236
3670 0 0 -0.000250
3675 0 0 -0.000270
3680 0 0 -0.000287
3685 0 0 -0.000294
3690 0 0 -0.000288
3695 0 0 -0.000266
3700 0 0 -0.000241
3705 0 0 -0.000228
3710 0 0 -0.000237
3715 0 0 -0.000257
3720 0 0 -0.000276
3725 0 0 -0.000281
3730 0 0 -0.000275
3735 0 0 -0.000264
3740 0 0 -0.000253
3745 0 0 -0.000245
3750 0 0 -0.000246
3755 0 0 -0.000257
3760 0 0 -0.000273
3765 0 0 -0.000288
3770 0 0 -0.000299
3775 0 0 -0.000307
3780 0 0 -0.000318
3785 0 0 -0.000334
3790 0 0 -0.000352
3795 0 0 -0.000366
3800 0 0 -0.000373
3805 0 0 -0.000373
3810 0 0 -0.000372
3815 0 0 -0.000369
3820 0 0 -0.000357
3825 0 0 -0.000324
3830 0 0 -0.000267
3835 0 0 -0.000206
3840 0 0 -0.000168
3845 0 0 -0.000171
3850 0 0 -0.000199
3855 0 0 -0.000228
3860 0 0 -0.000239
3865 0 0 -0.000235
3870 0 0 -0.000228
3875 0 0 -0.000223
3880 0 0 -0.000216
3885 0 0 -0.000198
3890 0 0 -0.000168
3895 0 0 -0.000151
3900 0 0 -0.000180
3905 0 0 -0.000276
3910 0 0 -0.000418
3915 0 0 -0.000570
3920 0 0 -0.000704
3925 0 0 -0.000807
3930 0 0 -0.000870
3935 0 0 -0.000885
3940 0 0 -0.000848
3945 0 0 -0.000756
3950 0 0 -0.000614
3955 0 0 -0.000459
3960 0 0 -0.000336
3965 0 0 -0.000279
3970 0 0 -0.000272
3975 0 0 -0.000288
3980 0 0 -0.000304
3985 0 0 -0.000317
3990 0 0 -0.000330
3995 0 0 -0.000343
4000 0 0 -0.000356
4005 0 0 -0.000366
4010 0 0 -0.000371
4015 0 0 -0.000366
4020 0 0 -0.000348
4025 0 0 -0.000317
4030 0 0 -0.000292
4035 0 0 -0.000300
4040 0 0 -0.000354
4045 0 0 -0.000426
4050 0 0 -0.000480
4055 0 0 -0.000488
4060 0 0 -0.000465
4065 0 0 -0.000438
4070 0 0 -0.000427
4075 0 0 -0.000427
4080 0 0 -0.000426
4085 0 0 -0.000415
4090 0 0 -0.000398
4095 0 0 -0.000384
4100 0 0 -0.000378
4105 0 0 -0.000373
4110 0 0 -0.000360
4115 0 0 -0.000334
4120 0 0 -0.000312
4125 0 0 -0.000318
4130 0 0 -0.000365
4135 0 0 -0.000424
4140 0 0 -0.000456
4145 0 0 -0.000434
4150 0 0 -0.000377
4155 0 0 -0.000318
4160 0 0 -0.000283
4165 0 0 -0.000275
4170 0 0 -0.000294
4175 0 0 -0.000334
4180 0 0 -0.000379
4185 0 0 -0.000408
4190 0 0 -0.000407
4195 0 0 -0.000386
4200 0 0 -0.000360
4205 0 0 -0.000342
4210 0 0 -0.000329
4215 0 0 -0.000318
4220 0 0 -0.000306
4225 0 0 -0.000300
4230 0 0 -0.000312
4235 0 0 -0.000347
4240 0 0 -0.000388
4245 0 0 -0.000414
4250 0 0 -0.000409
4255 0 0 -0.000385
4260 0 0 -0.000360
4265 0 0 -0.000347
4270 0 0 -0.000345
4275 0 0 -0.000348
4280 0 0 -0.000350
4285 0 0 -0.000348
4290 0 0 -0.000336
4295 0 0 -0.000314
4300 0 0 -0.000293
4305 0 0 -0.000288
4310 0 0 -0.000307
4315 0 0 -0.000329
4320 0 0 -0.000330
4325 0 0 -0.000292
4330 0 0 -0.000234
4335 0 0 -0.000186
4340 0 0 -0.000170
4345 0 0 -0.000186
4350 0 0 -0.000228
4355 0 0 -0.000285
4360 0 0 -0.000336
4365 0 0 -0.000354
4370 0 0 -0.000323
4375 0 0 -0.000262
4380 0 0 -0.000198
4385 0 0 -0.000153
4390 0 0 -0.000129
4395 0 0 -0.000120
4400 0 0 -0.000123
4405 0 0 -0.000131
4410 0 0 -0.000138
4415 0 0 -0.000140
4420 0 0 -0.000139
4425 0 0 -0.000138
4430 0 0 -0.000140
4435 0 0 -0.000143
4440 0 0 -0.000144
4445 0 0 -0.000141
4450 0 0 -0.000136
4455 0 0 -0.000132
4460 0 0 -0.000130
4465 0 0 -0.000128
4470 0 0 -0.000120
4475 0 0 -0.000104
4480 0 0 -0.000089
4485 0 0 -0.000084
4490 0 0 -0.000097
4495 0 0 -0.000119
4500 0 0 -0.000138
4505 0 0 -0.000144
4510 0 0 -0.000137
4515 0 0 -0.000120
4520 0 0 -0.000098
4525 0 0 -0.000083
4530 0 0 -0.000090
4535 0 0 -0.000127
4540 0 0 -0.000176
4545 0 0 -0.000210
4550 0 0 -0.000212
4555 0 0 -0.000192
4560 0 0 -0.000168
4565 0 0 -0.000154
4570 0 0 -0.000153
4575 0 0 -0.000162
4580 0 0 -0.000179
4585 0 0 -0.000195
4590 0 0 -0.000198
4595 0 0 -0.000183
4600 0 0 -0.000159
4605 0 0 -0.000144
4610 0 0 -0.000147
4615 0 0 -0.000163
4620 0 0 -0.000180
4625 0 0 -0.000190
4630 0 0 -0.000190
4635 0 0 -0.000180
4640 0 0 -0.000160
4645 0 0 -0.000142
4650 0 0 -0.000138
4655 0 0 -0.000156
4660 0 0 -0.000182
4665 0 0 -0.000198
4670 0 0 -0.000190
4675 0 0 -0.000168
4680 0 0 -0.000150
4685 0 0 -0.000147
4690 0 0 -0.000155
4695 0 0 -0.000168
4700 0 0 -0.000178
4705 0 0 -0.000181
4710 0 0 -0.000174
4715 0 0 -0.000155
4720 0 0 -0.000131
4725 0 0 -0.000108
4730 0 0 -0.000095
4735 0 0 -0.000105
4740 0 0 -0.000150
4745 0 0 -0.000233
4750 0 0 -0.000319
4755 0 0 -0.000360
4760 0 0 -0.000328
4765 0 0 -0.000258
4770 0 0 -0.000204
4775 0 0 -0.000203
4780 0 0 -0.000233
4785 0 0 -0.000258
4790 0 0 -0.000249
4795 0 0 -0.000218
4800 0 0 -0.000186
4805 0 0 -0.000169
4810 0 0 -0.000168
4815 0 0 -0.000180
4820 0 0 -0.000201
4825 0 0 -0.000219
4830 0 0 -0.000222
4835 0 0 -0.000202
4840 0 0 -0.000173
4845 0 0 -0.000156
4850 0 0 -0.000164
4855 0 0 -0.000183
4860 0 0 -0.000192
4865 0 0 -0.000177
4870 0 0 -0.000161
4875 0 0 -0.000174
4880 0 0 -0.000230
4885 0 0 -0.000283
4890 0 0 -0.000270
4895 0 0 -0.000165
4900 0 0 -0.000085
4905 0 0 -0.000186
4910 0 0 -0.000553
4915 0 0 -0.001005
4920 0 0 -0.001290
4925 0 0 -0.001235
4930 0 0 -0.000974
4935 0 0 -0.000714
4940 0 0 -0.000613
4945 0 0 -0.000617
4950 0 0 -0.000618
4955 0 0 -0.000538
4960 0 0 -0.000414
4965 0 0 -0.000312
4970 0 0 -0.000278
4975 0 0 -0.000285
4980 0 0 -0.000288
4985 0 0 -0.000255
4990 0 0 -0.000213
4995 0 0 -0.000204
5000 0 0 -0.000254
5005 0 0 -0.000333
5010 0 0 -0.000396
5015 0 0 -0.000410
5020 0 0 -0.000392
5025 0 0 -0.000372
5030 0 0 -0.000372
5035 0 0 -0.000383
5040 0 0 -0.000390
5045 0 0 -0.000381
5050 0 0 -0.000365
5055 0 0 -0.000354
5060 0 0 -0.000356
5065 0 0 -0.000361
5070 0 0 -0.000354
5075 0 0 -0.000327
5080 0 0 -0.000294
5085 0 0 -0.000276
5090 0 0 -0.000288
5095 0 0 -0.000322
5100 0 0 -0.000366
5105 0 0 -0.000409
5110 0 0 -0.000447
5115 0 0 -0.000480
5120 0 0 -0.000504
5125 0 0 -0.000514
5130 0 0 -0.000504
5135 0 0 -0.000469
5140 0 0 -0.000420
5145 0 0 -0.000366
5150 0 0 -0.000319
5155 0 0 -0.000282
5160 0 0 -0.000258
5165 0 0 -0.000247
5170 0 0 -0.000242
5175 0 0 -0.000234
5180 0 0 -0.000218
5185 0 0 -0.000201
5190 0 0 -0.000192
5195 0 0 -0.000196
5200 0 0 -0.000206
5205 0 0 -0.000210
5210 0 0 -0.000200
5215 0 0 -0.000183
5220 0 0 -0.000168
5225 0 0 -0.000164
5230 0 0 -0.000169
5235 0 0 -0.000180
5240 0 0 -0.000193
5245 0 0 -0.000212
5250 0 0 -0.000240
5255 0 0 -0.000277
5260 0 0 -0.000306
5265 0 0 -0.000306
5270 0 0 -0.000264
5275 0 0 -0.000206
5280 0 0 -0.000168
5285 0 0 -0.000175
5290 0 0 -0.000213
5295 0 0 -0.000258
5300 0 0 -0.000289
5305 0 0 -0.000299
5310 0 0 -0.000282
5315 0 0 -0.000242
5320 0 0 -0.000217
5325 0 0 -0.000252
5330 0 0 -0.000374
5335 0 0 -0.000527
5340 0 0 -0.000636
5345 0 0 -0.000647
5350 0 0 -0.000587
5355 0 0 -0.000504
5360 0 0 -0.000440
5365 0 0 -0.000412
5370 0 0 -0.000432
5375 0 0 -0.000504
5380 0 0 -0.000603
5385 0 0 -0.000696
5390 0 0 -0.000755
5395 0 0 -0.000767
5400 0 0 -0.000720
5405 0 0 -0.000615
5410 0 0 -0.000487
5415 0 0 -0.000384
5420 0 0 -0.000338
5425 0 0 -0.000337
5430 0 0 -0.000354
5435 0 0 -0.000370
5440 0 0 -0.000387
5445 0 0 -0.000414
5450 0 0 -0.000455
5455 0 0 -0.000494
5460 0 0 -0.000510
5465 0 0 -0.000489
5470 0 0 -0.000448
5475 0 0 -0.000414
5480 0 0 -0.000404
5485 0 0 -0.000411
5490 0 0 -0.000420
5495 0 0 -0.000419
5500 0 0 -0.000413
5505 0 0 -0.000408
5510 0 0 -0.000410
5515 0 0 -0.000414
5520 0 0 -0.000414
5525 0 0 -0.000406
5530 0 0 -0.000395
5535 0 0 -0.000390
5540 0 0 -0.000398
5545 0 0 -0.000419
5550 0 0 -0.000450
5555 0 0 -0.000487
5560 0 0 -0.000518
5565 0 0 -0.000528
5570 0 0 -0.000507
5575 0 0 -0.000472
5580 0 0 -0.000444
5585 0 0 -0.000439
5590 0 0 -0.000450
5595 0 0 -0.000462
5600 0 0 -0.000465
5605 0 0 -0.000459
5610 0 0 -0.000450
5615 0 0 -0.000442
5620 0 0 -0.000440
5625 0 0 -0.000450
5630 0 0 -0.000474
5635 0 0 -0.000497
5640 0 0 -0.000504
5645 0 0 -0.000481
5650 0 0 -0.000436
5655 0 0 -0.000378
5660 0 0 -0.000323
5665 0 0 -0.000302
5670 0 0 -0.000348
5675 0 0 -0.000476
5680 0 0 -0.000618
5685 0 0 -0.000690
5690 0 0 -0.000636
5695 0 0 -0.000531
5700 0 0 -0.000480
5705 0 0 -0.000552
5710 0 0 -0.000669
5715 0 0 -0.000714
5720 0 0 -0.000609
5725 0 0 -0.000425
5730 0 0 -0.000270
5735 0 0 -0.000223
5740 0 0 -0.000255
5745 0 0 -0.000306
5750 0 0 -0.000330
5755 0 0 -0.000326
5760 0 0 -0.000300
5765 0 0 -0.000263
5770 0 0 -0.000224
5775 0 0 -0.000192
5780 0 0 -0.000175
5785 0 0 -0.000171
5790 0 0 -0.000174
5795 0 0 -0.000180
5800 0 0 -0.000186
5805 0 0 -0.000192
5810 0 0 -0.000196
5815 0 0 -0.000195
5820 0 0 -0.000186
5825 0 0 -0.000169
5830 0 0 -0.000152
5835 0 0 -0.000144
5840 0 0 -0.000152
5845 0 0 -0.000168
5850 0 0 -0.000180
5855 0 0 -0.000181
5860 0 0 -0.000174
5865 0 0 -0.000168
5870 0 0 -0.000168
5875 0 0 -0.000174
5880 0 0 -0.000180
5885 0 0 -0.000185
5890 0 0 -0.000187
5895 0 0 -0.000186
5900 0 0 -0.000183
5905 0 0 -0.000177
5910 0 0 -0.000168
5915 0 0 -0.000158
5920 0 0 -0.000151
5925 0 0 -0.000156
5930 0 0 -0.000175
5935 0 0 -0.000201
5940 0 0 -0.000222
5945 0 0 -0.000229
5950 0 0 -0.000223
5955 0 0 -0.000210
5960 0 0 -0.000193
5965 0 0 -0.000179
5970 0 0 -0.000174
5975 0 0 -0.000183
5980 0 0 -0.000200
5985 0 0 -0.000216
5990 0 0 -0.000225
5995 0 0 -0.000227
6000 0 0 -0.000222
6005 0 0 -0.000212
6010 0 0 -0.000201
6015 0 0 -0.000192
6020 0 0 -0.000188
6025 0 0 -0.000190
6030 0 0 -0.000198
6035 0 0 -0.000210
6040 0 0 -0.000221
6045 0 0 -0.000222
6050 0 0 -0.000210
6055 0 0 -0.000193
6060 0 0 -0.000180
6065 0 0 -0.000180
6070 0 0 -0.000190
6075 0 0 -0.000204
6080 0 0 -0.000216
6085 0 0 -0.000223
6090 0 0 -0.000222
6095 0 0 -0.000210
6100 0 0 -0.000192
6105 0 0 -0.000174
6110 0 0 -0.000161
6115 0 0 -0.000156
6120 0 0 -0.000162
6125 0 0 -0.000180
6130 0 0 -0.000198
6135 0 0 -0.000204
6140 0 0 -0.000188
6145 0 0 -0.000160
6150 0 0 -0.000132
6155 0 0 -0.000115
6160 0 0 -0.000108
6165 0 0 -0.000108
6170 0 0 -0.000112
6175 0 0 -0.000122
6180 0 0 -0.000144
6185 0 0 -0.000178
6190 0 0 -0.000212
6195 0 0 -0.000228
6200 0 0 -0.000218
6205 0 0 -0.000200
6210 0 0 -0.000198
6215 0 0 -0.000228
6220 0 0 -0.000266
6225 0 0 -0.000276
6230 0 0 -0.000237
6235 0 0 -0.000182
6240 0 0 -0.000156
6245 0 0 -0.000191
6250 0 0 -0.000256
6255 0 0 -0.000306
6260 0 0 -0.000308
6265 0 0 -0.000278
6270 0 0 -0.000240
6275 0 0 -0.000217
6280 0 0 -0.000212
6285 0 0 -0.000222
6290 0 0 -0.000243
6295 0 0 -0.000262
6300 0 0 -0.000264
6305 0 0 -0.000243
6310 0 0 -0.000221
6315 0 0 -0.000228
6320 0 0 -0.000284
6325 0 0 -0.000366
6330 0 0 -0.000438
6335 0 0 -0.000472
6340 0 0 -0.000462
6345 0 0 -0.000408
6350 0 0 -0.000321
6355 0 0 -0.000262
6360 0 0 -0.000300
6365 0 0 -0.000480
6370 0 0 -0.000732
6375 0 0 -0.000960
6380 0 0 -0.001088
6385 0 0 -0.001127
6390 0 0 -0.001110
6395 0 0 -0.001066
6400 0 0 -0.001016
6405 0 0 -0.000978
6410 0 0 -0.000968
6415 0 0 -0.000988
6420 0 0 -0.001038
6425 0 0 -0.001112
6430 0 0 -0.001182
6435 0 0 -0.001212
6440 0 0 -0.001179
6445 0 0 -0.001109
6450 0 0 -0.001038
6455 0 0 -0.000996
6460 0 0 -0.000985
6465 0 0 -0.001002
6470 0 0 -0.001042
6475 0 0 -0.001097
6480 0 0 -0.001158
6485 0 0 -0.001213
6490 0 0 -0.001230
6495 0 0 -0.001176
6500 0 0 -0.001033
6505 0 0 -0.000858
6510 0 0 -0.000726
6515 0 0 -0.000693
6520 0 0 -0.000743
6525 0 0 -0.000840
6530 0 0 -0.000952
6535 0 0 -0.001053
6540 0 0 -0.001122
6545 0 0 -0.001142
6550 0 0 -0.001124
6555 0 0 -0.001086
6560 0 0 -0.001042
6565 0 0 -0.000996
6570 0 0 -0.000948
6575 0 0 -0.000894
6580 0 0 -0.000817
6585 0 0 -0.000696
6590 0 0 -0.000524
6595 0 0 -0.000343
6600 0 0 -0.000210
6605 0 0 -0.000162
6610 0 0 -0.000172
6615 0 0 -0.000192
6620 0 0 -0.000187
6625 0 0 -0.000164
6630 0 0 -0.000138
6635 0 0 -0.000122
6640 0 0 -0.000117
6645 0 0 -0.000120
6650 0 0 -0.000127
6655 0 0 -0.000134
6660 0 0 -0.000132
6665 0 0 -0.000120
6670 0 0 -0.000111
6675 0 0 -0.000120
6680 0 0 -0.000158
6685 0 0 -0.000206
6690 0 0 -0.000240
6695 0 0 -0.000241
6700 0 0 -0.000221
6705 0 0 -0.000198
6710 0 0 -0.000187
6715 0 0 -0.000182
6720 0 0 -0.000174
6725 0 0 -0.000156
6730 0 0 -0.000136
6735 0 0 -0.000126
6740 0 0 -0.000134
6745 0 0 -0.000153
6750 0 0 -0.000168
6755 0 0 -0.000172
6760 0 0 -0.000171
6765 0 0 -0.000174
6770 0 0 -0.000186
6775 0 0 -0.000191
6780 0 0 -0.000168
6785 0 0 -0.000113
6790 0 0 -0.000094
6795 0 0 -0.000198
6800 0 0 -0.000477
6805 0 0 -0.000849
6810 0 0 -0.001200
6815 0 0 -0.001442
6820 0 0 -0.001599
6825 0 0 -0.001722
6830 0 0 -0.001842
6835 0 0 -0.001903
6840 0 0 -0.001830
6845 0 0 -0.001581
6850 0 0 -0.001260
6855 0 0 -0.001002
6860 0 0 -0.000909
6865 0 0 -0.000932
6870 0 0 -0.000984
6875 0 0 -0.000999
6880 0 0 -0.000987
6885 0 0 -0.000978
6890 0 0 -0.000989
6895 0 0 -0.000984
6900 0 0 -0.000912
6905 0 0 -0.000746
6910 0 0 -0.000543
6915 0 0 -0.000384
6920 0 0 -0.000326
6925 0 0 -0.000336
6930 0 0 -0.000360
6935 0 0 -0.000356
6940 0 0 -0.000337
6945 0 0 -0.000330
6950 0 0 -0.000354
6955 0 0 -0.000393
6960 0 0 -0.000420
6965 0 0 -0.000418
6970 0 0 -0.000398
6975 0 0 -0.000378
6980 0 0 -0.000373
6985 0 0 -0.000380
6990 0 0 -0.000390
6995 0 0 -0.000397
7000 0 0 -0.000400
7005 0 0 -0.000402
7010 0 0 -0.000403
7015 0 0 -0.000401
7020 0 0 -0.000396
7025 0 0 -0.000387
7030 0 0 -0.000382
7035 0 0 -0.000390
7040 0 0 -0.000415
7045 0 0 -0.000443
7050 0 0 -0.000456
7055 0 0 -0.000441
7060 0 0 -0.000411
7065 0 0 -0.000384
7070 0 0 -0.000376
7075 0 0 -0.000382
7080 0 0 -0.000396
7085 0 0 -0.000409
7090 0 0 -0.000411
7095 0 0 -0.000390
7100 0 0 -0.000347
7105 0 0 -0.000325
7110 0 0 -0.000378
7115 0 0 -0.000537
7120 0 0 -0.000745
7125 0 0 -0.000924
7130 0 0 -0.001012
7135 0 0 -0.001016
7140 0 0 -0.000960
7145 0 0 -0.000872
7150 0 0 -0.000797
7155 0 0 -0.000780
7160 0 0 -0.000851
7165 0 0 -0.000964
7170 0 0 -0.001056
7175 0 0 -0.001079
7180 0 0 -0.001052
7185 0 0 -0.001014
7190 0 0 -0.000992
7195 0 0 -0.000982
7200 0 0 -0.000972
7205 0 0 -0.000954
7210 0 0 -0.000937
7215 0 0 -0.000936
7220 0 0 -0.000952
7225 0 0 -0.000941
7230 0 0 -0.000846
7235 0 0 -0.000636
7240 0 0 -0.000383
7245 0 0 -0.000186
7250 0 0 -0.000116
7255 0 0 -0.000131
7260 0 0 -0.000162
7265 0 0 -0.000156
7270 0 0 -0.000126
7275 0 0 -0.000102
7280 0 0 -0.000106
7285 0 0 -0.000129
7290 0 0 -0.000150
7295 0 0 -0.000157
7300 0 0 -0.000152
7305 0 0 -0.000144
7310 0 0 -0.000139
7315 0 0 -0.000137
7320 0 0 -0.000138
7325 0 0 -0.000140
7330 0 0 -0.000143
7335 0 0 -0.000144
7340 0 0 -0.000143
7345 0 0 -0.000140
7350 0 0 -0.000138
7355 0 0 -0.000137
7360 0 0 -0.000137
7365 0 0 -0.000138
7370 0 0 -0.000141
7375 0 0 -0.000148
7380 0 0 -0.000162
7385 0 0 -0.000182
7390 0 0 -0.000200
7395 0 0 -0.000204
7400 0 0 -0.000188
7405 0 0 -0.000164
7410 0 0 -0.000150
7415 0 0 -0.000157
7420 0 0 -0.000175
7425 0 0 -0.000192
7430 0 0 -0.000197
7435 0 0 -0.000195
7440 0 0 -0.000198
7445 0 0 -0.000212
7450 0 0 -0.000233
7455 0 0 -0.000252
7460 0 0 -0.000264
7465 0 0 -0.000271
7470 0 0 -0.000276
7475 0 0 -0.000282
7480 0 0 -0.000284
7485 0 0 -0.000276
7490 0 0 -0.000255
7495 0 0 -0.000230
7500 0 0 -0.000210
7505 0 0 -0.000203
7510 0 0 -0.000200
7515 0 0 -0.000192
7520 0 0 -0.000171
7525 0 0 -0.000146
7530 0 0 -0.000132
7535 0 0 -0.000138
7540 0 0 -0.000156
7545 0 0 -0.000174
7550 0 0 -0.000184
7555 0 0 -0.000185
7560 0 0 -0.000180
7565 0 0 -0.000172
7570 0 0 -0.000164
7575 0 0 -0.000156
7580 0 0 -0.000150
7585 0 0 -0.000148
7590 0 0 -0.000150
7595 0 0 -0.000155
7600 0 0 -0.000159
7605 0 0 -0.000156
7610 0 0 -0.000141
7615 0 0 -0.000119
7620 0 0 -0.000096
7625 0 0 -0.000078
7630 0 0 -0.000073
7635 0 0 -0.000090
7640 0 0 -0.000131
7645 0 0 -0.000184
7650 0 0 -0.000228
7655 0 0 -0.000250
7660 0 0 -0.000252
7665 0 0 -0.000240
7670 0 0 -0.000221
7675 0 0 -0.000205
7680 0 0 -0.000204
7685 0 0 -0.000225
7690 0 0 -0.000258
7695 0 0 -0.000288
7700 0 0 -0.000304
7705 0 0 -0.000303
7710 0 0 -0.000288
7715 0 0 -0.000259
7720 0 0 -0.000223
7725 0 0 -0.000186
7730 0 0 -0.000153
7735 0 0 -0.000127
7740 0 0 -0.000108
7745 0 0 -0.000097
7750 0 0 -0.000095
7755 0 0 -0.000102
7760 0 0 -0.000116
7765 0 0 -0.000131
7770 0 0 -0.000138
7775 0 0 -0.000133
7780 0 0 -0.000122
7785 0 0 -0.000114
7790 0 0 -0.000117
7795 0 0 -0.000125
7800 0 0 -0.000132
7805 0 0 -0.000132
7810 0 0 -0.000129
7815 0 0 -0.000132
7820 0 0 -0.000145
7825 0 0 -0.000165
7830 0 0 -0.000186
7835 0 0 -0.000203
7840 0 0 -0.000215
7845 0 0 -0.000222
7850 0 0 -0.000223
7855 0 0 -0.000222
7860 0 0 -0.000222
7865 0 0 -0.000225
7870 0 0 -0.000225
7875 0 0 -0.000216
7880 0 0 -0.000196
7885 0 0 -0.000186
7890 0 0 -0.000216
7895 0 0 -0.000304
7900 0 0 -0.000434
7905 0 0 -0.000582
7910 0 0 -0.000723
7915 0 0 -0.000839
7920 0 0 -0.000912
7925 0 0 -0.000926
7930 0 0 -0.000879
7935 0 0 -0.000768
7940 0 0 -0.000602
7945 0 0 -0.000425
7950 0 0 -0.000288
7955 0 0 -0.000229
7960 0 0 -0.000225
7965 0 0 -0.000240
7970 0 0 -0.000244
7975 0 0 -0.000238
7980 0 0 -0.000228
7985 0 0 -0.000220
7990 0 0 -0.000213
7995 0 0 -0.000204
8000 0 0 -0.000193
8005 0 0 -0.000183
8010 0 0 -0.000180
8015 0 0 -0.000187
8020 0 0 -0.000201
8025 0 0 -0.000216
8030 0 0 -0.000227
8035 0 0 -0.000231
8040 0 0 -0.000228
8045 0 0 -0.000216
8050 0 0 -0.000197
8055 0 0 -0.000174
8060 0 0 -0.000154
8065 0 0 -0.000157
8070 0 0 -0.000204
8075 0 0 -0.000308
8080 0 0 -0.000444
8085 0 0 -0.000576
8090 0 0 -0.000675
8095 0 0 -0.000740
8100 0 0 -0.000774
8105 0 0 -0.000785
8110 0 0 -0.000784
8115 0 0 -0.000786
8120 0 0 -0.000801
8125 0 0 -0.000824
8130 0 0 -0.000846
8135 0 0 -0.000859
8140 0 0 -0.000857
8145 0 0 -0.000834
8150 0 0 -0.000791
8155 0 0 -0.000743
8160 0 0 -0.000714
8165 0 0 -0.000716
8170 0 0 -0.000731
8175 0 0 -0.000732
8180 0 0 -0.000699
8185 0 0 -0.000638
8190 0 0 -0.000564
8195 0 0 -0.000488
8200 0 0 -0.000412
8205 0 0 -0.000336
8210 0 0 -0.000264
8215 0 0 -0.000221
8220 0 0 -0.000240
8225 0 0 -0.000334
8230 0 0 -0.000446
8235 0 0 -0.000504
8240 0 0 -0.000457
8245 0 0 -0.000349
8250 0 0 -0.000252
8255 0 0 -0.000217
8260 0 0 -0.000234
8265 0 0 -0.000276
8270 0 0 -0.000318
8275 0 0 -0.000346
8280 0 0 -0.000348
8285 0 0 -0.000319
8290 0 0 -0.000277
8295 0 0 -0.000246
8300 0 0 -0.000244
8305 0 0 -0.000262
8310 0 0 -0.000288
8315 0 0 -0.000309
8320 0 0 -0.000322
8325 0 0 -0.000324
8330 0 0 -0.000315
8335 0 0 -0.000304
8340 0 0 -0.000300
8345 0 0 -0.000310
8350 0 0 -0.000329
8355 0 0 -0.000348
8360 0 0 -0.000359
8365 0 0 -0.000363
8370 0 0 -0.000360
8375 0 0 -0.000354
8380 0 0 -0.000355
8385 0 0 -0.000378
8390 0 0 -0.000428
8395 0 0 -0.000481
8400 0 0 -0.000504
8405 0 0 -0.000476
8410 0 0 -0.000418
8415 0 0 -0.000366
8420 0 0 -0.000344
8425 0 0 -0.000348
8430 0 0 -0.000366
8435 0 0 -0.000387
8440 0 0 -0.000406
8445 0 0 -0.000420
8450 0 0 -0.000427
8455 0 0 -0.000428
8460 0 0 -0.000426
8465 0 0 -0.000424
8470 0 0 -0.000424
8475 0 0 -0.000426
8480 0 0 -0.000430
8485 0 0 -0.000434
8490 0 0 -0.000432
8495 0 0 -0.000423
8500 0 0 -0.000411
8505 0 0 -0.000402
8510 0 0 -0.000401
8515 0 0 -0.000405
8520 0 0 -0.000408
8525 0 0 -0.000406
8530 0 0 -0.000402
8535 0 0 -0.000402
8540 0 0 -0.000409
8545 0 0 -0.000411
8550 0 0 -0.000396
8555 0 0 -0.000356
8560 0 0 -0.000316
8565 0 0 -0.000306
8570 0 0 -0.000345
8575 0 0 -0.000402
8580 0 0 -0.000432
8585 0 0 -0.000407
8590 0 0 -0.000363
8595 0 0 -0.000354
8600 0 0 -0.000413
8605 0 0 -0.000491
8610 0 0 -0.000522
8615 0 0 -0.000460
8620 0 0 -0.000353
8625 0 0 -0.000270
8630 0 0 -0.000262
8635 0 0 -0.000302
8640 0 0 -0.000342
8645 0 0 -0.000346
8650 0 0 -0.000324
8655 0 0 -0.000294
8660 0 0 -0.000274
8665 0 0 -0.000261
8670 0 0 -0.000252
8675 0 0 -0.000243
8680 0 0 -0.000240
8685 0 0 -0.000252
8690 0 0 -0.000280
8695 0 0 -0.000307
8700 0 0 -0.000306
8705 0 0 -0.000264
8710 0 0 -0.000204
8715 0 0 -0.000162
8720 0 0 -0.000161
8725 0 0 -0.000185
8730 0 0 -0.000204
8735 0 0 -0.000200
8740 0 0 -0.000190
8745 0 0 -0.000198
8750 0 0 -0.000240
8755 0 0 -0.000296
8760 0 0 -0.000336
8765 0 0 -0.000340
8770 0 0 -0.000319
8775 0 0 -0.000294
8780 0 0 -0.000280
8785 0 0 -0.000272
8790 0 0 -0.000264
8795 0 0 -0.000248
8800 0 0 -0.000226
8805 0 0 -0.000204
8810 0 0 -0.000185
8815 0 0 -0.000172
8820 0 0 -0.000168
8825 0 0 -0.000174
8830 0 0 -0.000184
8835 0 0 -0.000192
8840 0 0 -0.000191
8845 0 0 -0.000186
8850 0 0 -0.000180
8855 0 0 -0.000178
8860 0 0 -0.000180
8865 0 0 -0.000186
8870 0 0 -0.000194
8875 0 0 -0.000198
8880 0 0 -0.000192
8885 0 0 -0.000172
8890 0 0 -0.000151
8895 0 0 -0.000144
8900 0 0 -0.000160
8905 0 0 -0.000187
8910 0 0 -0.000204
8915 0 0 -0.000199
8920 0 0 -0.000180
8925 0 0 -0.000162
8930 0 0 -0.000156
8935 0 0 -0.000161
8940 0 0 -0.000174
8945 0 0 -0.000192
8950 0 0 -0.000206
8955 0 0 -0.000210
8960 0 0 -0.000198
8965 0 0 -0.000180
8970 0 0 -0.000168
8975 0 0 -0.000171
8980 0 0 -0.000184
8985 0 0 -0.000198
8990 0 0 -0.000206
8995 0 0 -0.000207
9000 0 0 -0.000198
9005 0 0 -0.000181
9010 0 0 -0.000164
9015 0 0 -0.000156
9020 0 0 -0.000164
9025 0 0 -0.000177
9030 0 0 -0.000180
9035 0 0 -0.000163
9040 0 0 -0.000136
9045 0 0 -0.000114
9050 0 0 -0.000109
9055 0 0 -0.000118
9060 0 0 -0.000132
9065 0 0 -0.000144
9070 0 0 -0.000150
9075 0 0 -0.000144
9080 0 0 -0.000125
9085 0 0 -0.000106
9090 0 0 -0.000102
9095 0 0 -0.000123
9100 0 0 -0.000152
9105 0 0 -0.000168
9110 0 0 -0.000155
9115 0 0 -0.000128
9120 0 0 -0.000108
9125 0 0 -0.000111
9130 0 0 -0.000129
9135 0 0 -0.000150
9140 0 0 -0.000163
9145 0 0 -0.000167
9150 0 0 -0.000162
9155 0 0 -0.000151
9160 0 0 -0.000142
9165 0 0 -0.000144
9170 0 0 -0.000163
9175 0 0 -0.000186
9180 0 0 -0.000198
9185 0 0 -0.000188
9190 0 0 -0.000168
9195 0 0 -0.000156
9200 0 0 -0.000165
9205 0 0 -0.000185
9210 0 0 -0.000204
9215 0 0 -0.000210
9220 0 0 -0.000202
9225 0 0 -0.000186
9230 0 0 -0.000166
9235 0 0 -0.000160
9240 0 0 -0.000186
9245 0 0 -0.000253
9250 0 0 -0.000328
9255 0 0 -0.000366
9260 0 0 -0.000337
9265 0 0 -0.000268
9270 0 0 -0.000204
9275 0 0 -0.000176
9280 0 0 -0.000180
9285 0 0 -0.000198
9290 0 0 -0.000217
9295 0 0 -0.000231
9300 0 0 -0.000234
9305 0 0 -0.000224
9310 0 0 -0.000207
9315 0 0 -0.000192
9320 0 0 -0.000187
9325 0 0 -0.000199
9330 0 0 -0.000234
9335 0 0 -0.000291
9340 0 0 -0.000347
9345 0 0 -0.000372
9350 0 0 -0.000347
9355 0 0 -0.000292
9360 0 0 -0.000240
9365 0 0 -0.000214
9370 0 0 -0.000213
9375 0 0 -0.000228
9380 0 0 -0.000251
9385 0 0 -0.000274
9390 0 0 -0.000288
9395 0 0 -0.000287
9400 0 0 -0.000280
9405 0 0 -0.000276
9410 0 0 -0.000283
9415 0 0 -0.000296
9420 0 0 -0.000306
9425 0 0 -0.000306
9430 0 0 -0.000299
9435 0 0 -0.000288
9440 0 0 -0.000276
9445 0 0 -0.000266
9450 0 0 -0.000258
9455 0 0 -0.000255
9460 0 0 -0.000265
9465 0 0 -0.000294
9470 0 0 -0.000344
9475 0 0 -0.000392
9480 0 0 -0.000408
9485 0 0 -0.000372
9490 0 0 -0.000310
9495 0 0 -0.000258
9500 0 0 -0.000241
9505 0 0 -0.000250
9510 0 0 -0.000264
9515 0 0 -0.000267
9520 0 0 -0.000263
9525 0 0 -0.000258
9530 0 0 -0.000258
9535 0 0 -0.000264
9540 0 0 -0.000276
9545 0 0 -0.000292
9550 0 0 -0.000307
9555 0 0 -0.000312
9560 0 0 -0.000303
9565 0 0 -0.000287
9570 0 0 -0.000270
9575 0 0 -0.000261
9580 0 0 -0.000259
9585 0 0 -0.000264
9590 0 0 -0.000274
9595 0 0 -0.000284
9600 0 0 -0.000288
9605 0 0 -0.000282
9610 0 0 -0.000275
9615 0 0 -0.000276
9620 0 0 -0.000291
9625 0 0 -0.000303
9630 0 0 -0.000294
9635 0 0 -0.000254
9640 0 0 -0.000221
9645 0 0 -0.000246
9650 0 0 -0.000363
9655 0 0 -0.000545
9660 0 0 -0.000750
9665 0 0 -0.000941
9670 0 0 -0.001095
9675 0 0 -0.001194
9680 0 0 -0.001225
9685 0 0 -0.001199
9690 0 0 -0.001134
9695 0 0 -0.001044
9700 0 0 -0.000929
9705 0 0 -0.000786
9710 0 0 -0.000619
9715 0 0 -0.000462
9720 0 0 -0.000354
9725 0 0 -0.000323
9730 0 0 -0.000341
9735 0 0 -0.000366
9740 0 0 -0.000366
9745 0 0 -0.000350
9750 0 0 -0.000336
9755 0 0 -0.000340
9760 0 0 -0.000358
9765 0 0 -0.000384
9770 0 0 -0.000411
9775 0 0 -0.000435
9780 0 0 -0.000450
9785 0 0 -0.000453
9790 0 0 -0.000449
9795 0 0 -0.000444
9800 0 0 -0.000443
9805 0 0 -0.000444
9810 0 0 -0.000444
9815 0 0 -0.000442
9820 0 0 -0.000441
9825 0 0 -0.000444
9830 0 0 -0.000455
9835 0 0 -0.000472
9840 0 0 -0.000492
9845 0 0 -0.000513
9850 0 0 -0.000528
9855 0 0 -0.000534
9860 0 0 -0.000526
9865 0 0 -0.000508
9870 0 0 -0.000486
9875 0 0 -0.000465
9880 0 0 -0.000448
9885 0 0 -0.000438
9890 0 0 -0.000436
9895 0 0 -0.000441
9900 0 0 -0.000450
9905 0 0 -0.000461
9910 0 0 -0.000472
9915 0 0 -0.000480
9920 0 0 -0.000483
9925 0 0 -0.000480
9930 0 0 -0.000468
9935 0 0 -0.000448
9940 0 0 -0.000430
9945 0 0 -0.000426
9950 0 0 -0.000443
9955 0 0 -0.000470
9960 0 0 -0.000492
9965 0 0 -0.000496
9970 0 0 -0.000480
9975 0 0 -0.000444
9980 0 0 -0.000390
9985 0 0 -0.000333
9990 0 0 -0.000288
9995 0 0 -0.000267
10000 0 0 -0.000262
10005 0 0 -0.000258
10010 0 0 -0.000247
10015 0 0 -0.000233
10020 0 0 -0.000228
10025 0 0 -0.000237
10030 0 0 -0.000254
10035 0 0 -0.000270
10040 0 0 -0.000278
10045 0 0 -0.000278
10050 0 0 -0.000276
10055 0 0 -0.000273
10060 0 0 -0.000271
10065 0 0 -0.000270
10070 0 0 -0.000270
10075 0 0 -0.000272
