0 0 0 0.576000
5 0 0 0.650288
10 0 0 0.731608
15 0 0 0.804000
20 0 0 0.851503
25 0 0 0.858156
30 0 0 0.808000
35 0 0 0.696293
40 0 0 0.563174
45 0 0 0.460000
50 0 0 0.424065
55 0 0 0.436407
60 0 0 0.464000
65 0 0 0.483743
70 0 0 0.512234
75 0 0 0.576000
80 0 0 0.685409
85 0 0 0.786211
90 0 0 0.808000
95 0 0 0.708696
100 0 0 0.559516
105 0 0 0.460000
110 0 0 0.477139
115 0 0 0.547725
120 0 0 0.576000
125 0 0 0.499340
130 0 0 0.387658
135 0 0 0.344000
140 0 0 0.435724
145 0 0 0.587422
150 0 0 0.688000
155 0 0 0.659248
160 0 0 0.554505
165 0 0 0.460000
170 0 0 0.442546
175 0 0 0.491298
180 0 0 0.576000
185 0 0 0.664496
190 0 0 0.717043
195 0 0 0.692000
200 0 0 0.570433
205 0 0 0.424233
210 0 0 0.348000
215 0 0 0.402662
220 0 0 0.514469
225 0 0 0.576000
230 0 0 0.515364
235 0 0 0.402781
240 0 0 0.344000
245 0 0 0.413068
250 0 0 0.557223
255 0 0 0.692000
260 0 0 0.751326
265 0 0 0.742696
270 0 0 0.692000
275 0 0 0.622074
280 0 0 0.543548
285 0 0 0.464000
290 0 0 0.392824
295 0 0 0.346669
300 0 0 0.344000
305 0 0 0.395668
310 0 0 0.482072
315 0 0 0.576000
320 0 0 0.652357
325 0 0 0.694524
330 0 0 0.688000
335 0 0 0.626757
340 0 0 0.538648
345 0 0 0.460000
350 0 0 0.420321
355 0 0 0.421847
360 0 0 0.460000
365 0 0 0.523813
370 0 0 0.576777
375 0 0 0.576000
380 0 0 0.497910
385 0 0 0.396229
390 0 0 0.344000
395 0 0 0.390621
400 0 0 0.490900
405 0 0 0.576000
410 0 0 0.596495
415 0 0 0.580614
420 0 0 0.576000
425 0 0 0.614806
430 0 0 0.667234
435 0 0 0.688000
440 0 0 0.644874
445 0 0 0.557855
450 0 0 0.460000
455 0 0 0.381254
460 0 0 0.339122
465 0 0 0.348000
470 0 0 0.413074
475 0 0 0.502694
480 0 0 0.576000
485 0 0 0.607041
490 0 0 0.629508
495 0 0 0.692000
500 0 0 0.822019
505 0 0 0.962680
510 0 0 1.036000
515 0 0 0.986955
520 0 0 0.852363
525 0 0 0.692000
530 0 0 0.558455
535 0 0 0.475570
540 0 0 0.460000
545 0 0 0.517594
550 0 0 0.610985
555 0 0 0.692000
560 0 0 0.719760
565 0 0 0.682562
570 0 0 0.576000
575 0 0 0.415960
580 0 0 0.299507
585 0 0 0.344000
590 0 0 0.620994
595 0 0 1.018819
600 0 0 1.380000
605 0 0 1.581991
610 0 0 1.641960
615 0 0 1.612000
620 0 0 1.535486
625 0 0 1.420899
630 0 0 1.268000
635 0 0 1.084955
640 0 0 0.913556
645 0 0 0.804000
650 0 0 0.786323
655 0 0 0.809914
660 0 0 0.804000
665 0 0 0.722789
670 0 0 0.620417
675 0 0 0.576000
680 0 0 0.640000
685 0 0 0.748268
690 0 0 0.808000
695 0 0 0.756320
700 0 0 0.650065
705 0 0 0.576000
710 0 0 0.602572
715 0 0 0.724953
720 0 0 0.920000
725 0 0 1.152504
730 0 0 1.339010
735 0 0 1.384000
740 0 0 1.228152
745 0 0 0.956931
750 0 0 0.692000
755 0 0 0.529406
760 0 0 0.462746
765 0 0 0.460000
770 0 0 0.504296
775 0 0 0.639345
780 0 0 0.924000
785 0 0 1.364519
790 0 0 1.756764
795 0 0 1.844000
800 0 0 1.462961
805 0 0 0.824265
810 0 0 0.232000
815 0 0 -0.041401
820 0 0 0.149879
825 0 0 0.920000
830 0 0 2.241900
835 0 0 3.523626
840 0 0 4.032000
845 0 0 3.297058
850 0 0 1.901691
855 0 0 0.692000
860 0 0 0.298162
865 0 0 0.486648
870 0 0 0.808000
875 0 0 0.913996
880 0 0 0.861348
885 0 0 0.808000
890 0 0 0.867926
895 0 0 0.979219
900 0 0 1.036000
905 0 0 0.964669
910 0 0 0.820739
915 0 0 0.692000
920 0 0 0.644509
925 0 0 0.657382
930 0 0 0.688000
935 0 0 0.702332
940 0 0 0.700697
945 0 0 0.692000
950 0 0 0.684235
955 0 0 0.681755
960 0 0 0.688000
965 0 0 0.706948
970 0 0 0.744727
975 0 0 0.808000
980 0 0 0.918046
985 0 0 1.154597
990 0 0 1.612000
995 0 0 2.309609
1000 0 0 2.966811
1005 0 0 3.228000
1010 0 0 2.868407
1015 0 0 2.186605
1020 0 0 1.612000
1025 0 0 1.454984
1030 0 0 1.549881
1035 0 0 1.612000
1040 0 0 1.441138
1045 0 0 1.175055
1050 0 0 1.036000
1055 0 0 1.176760
1060 0 0 1.472270
1065 0 0 1.728000
1070 0 0 1.797598
1075 0 0 1.727420
1080 0 0 1.612000
1085 0 0 1.533736
1090 0 0 1.526493
1095 0 0 1.612000
1100 0 0 1.803754
1105 0 0 2.082312
1110 0 0 2.420000
1115 0 0 2.765767
1120 0 0 2.975072
1125 0 0 2.880000
1130 0 0 2.397474
1135 0 0 1.783769
1140 0 0 1.380000
1145 0 0 1.416338
1150 0 0 1.679184
1155 0 0 1.844000
1160 0 0 1.675694
1165 0 0 1.296975
1170 0 0 0.920000
1175 0 0 0.711403
1180 0 0 0.655729
1185 0 0 0.692000
1190 0 0 0.761507
1195 0 0 0.814626
1200 0 0 0.804000
1205 0 0 0.702567
1210 0 0 0.564434
1215 0 0 0.464000
1220 0 0 0.455039
1225 0 0 0.508823
1230 0 0 0.576000
1235 0 0 0.619352
1240 0 0 0.650200
1245 0 0 0.692000
1250 0 0 0.756738
1255 0 0 0.810525
1260 0 0 0.808000
1265 0 0 0.720510
1270 0 0 0.586220
1275 0 0 0.460000
1280 0 0 0.388629
1285 0 0 0.386522
1290 0 0 0.460000
1295 0 0 0.605121
1300 0 0 0.776878
1305 0 0 0.920000
1310 0 0 0.994444
1315 0 0 1.021078
1320 0 0 1.036000
1325 0 0 1.067178
1330 0 0 1.110068
1335 0 0 1.152000
1340 0 0 1.188993
1345 0 0 1.251833
1350 0 0 1.380000
1355 0 0 1.586777
1360 0 0 1.780672
1365 0 0 1.844000
1370 0 0 1.694714
1375 0 0 1.393329
1380 0 0 1.036000
1385 0 0 0.709923
1390 0 0 0.466456
1395 0 0 0.348000
1400 0 0 0.375077
1405 0 0 0.480699
1410 0 0 0.576000
1415 0 0 0.592437
1420 0 0 0.542749
1425 0 0 0.460000
1430 0 0 0.377251
1435 0 0 0.327563
