0 0 0 -0.000252
5 0 0 -0.000257
10 0 0 -0.000266
15 0 0 -0.000276
20 0 0 -0.000286
25 0 0 -0.000295
30 0 0 -0.000300
35 0 0 -0.000300
40 0 0 -0.000296
45 0 0 -0.000288
50 0 0 -0.000278
55 0 0 -0.000265
60 0 0 -0.000246
65 0 0 -0.000223
70 0 0 -0.000203
75 0 0 -0.000198
80 0 0 -0.000214
85 0 0 -0.000239
90 0 0 -0.000258
95 0 0 -0.000260
100 0 0 -0.000249
105 0 0 -0.000234
110 0 0 -0.000222
115 0 0 -0.000212
120 0 0 -0.000204
125 0 0 -0.000197
130 0 0 -0.000192
135 0 0 -0.000192
140 0 0 -0.000199
145 0 0 -0.000205
150 0 0 -0.000204
155 0 0 -0.000190
160 0 0 -0.000171
165 0 0 -0.000156
170 0 0 -0.000153
175 0 0 -0.000161
180 0 0 -0.000174
185 0 0 -0.000188
190 0 0 -0.000198
195 0 0 -0.000198
200 0 0 -0.000186
205 0 0 -0.000169
210 0 0 -0.000156
215 0 0 -0.000153
220 0 0 -0.000157
225 0 0 -0.000162
230 0 0 -0.000162
235 0 0 -0.000156
240 0 0 -0.000144
245 0 0 -0.000126
250 0 0 -0.000108
255 0 0 -0.000096
260 0 0 -0.000094
265 0 0 -0.000101
270 0 0 -0.000114
275 0 0 -0.000130
280 0 0 -0.000143
285 0 0 -0.000144
290 0 0 -0.000130
295 0 0 -0.000110
300 0 0 -0.000096
305 0 0 -0.000097
310 0 0 -0.000108
315 0 0 -0.000120
320 0 0 -0.000127
325 0 0 -0.000126
330 0 0 -0.000120
335 0 0 -0.000109
340 0 0 -0.000099
345 0 0 -0.000096
350 0 0 -0.000105
355 0 0 -0.000120
360 0 0 -0.000132
365 0 0 -0.000133
370 0 0 -0.000126
375 0 0 -0.000114
380 0 0 -0.000102
385 0 0 -0.000094
390 0 0 -0.000096
395 0 0 -0.000111
400 0 0 -0.000130
405 0 0 -0.000144
410 0 0 -0.000145
415 0 0 -0.000133
420 0 0 -0.000114
425 0 0 -0.000091
430 0 0 -0.000073
435 0 0 -0.000066
440 0 0 -0.000075
445 0 0 -0.000090
450 0 0 -0.000096
455 0 0 -0.000084
460 0 0 -0.000064
465 0 0 -0.000048
470 0 0 -0.000047
475 0 0 -0.000058
480 0 0 -0.000072
485 0 0 -0.000083
490 0 0 -0.000088
495 0 0 -0.000084
500 0 0 -0.000072
505 0 0 -0.000063
510 0 0 -0.000072
515 0 0 -0.000107
520 0 0 -0.000156
525 0 0 -0.000198
530 0 0 -0.000219
535 0 0 -0.000221
540 0 0 -0.000210
545 0 0 -0.000193
550 0 0 -0.000177
555 0 0 -0.000168
560 0 0 -0.000171
565 0 0 -0.000180
570 0 0 -0.000186
575 0 0 -0.000183
580 0 0 -0.000174
585 0 0 -0.000168
590 0 0 -0.000168
595 0 0 -0.000170
600 0 0 -0.000168
605 0 0 -0.000158
610 0 0 -0.000153
615 0 0 -0.000168
620 0 0 -0.000213
625 0 0 -0.000266
630 0 0 -0.000300
635 0 0 -0.000296
640 0 0 -0.000268
645 0 0 -0.000240
650 0 0 -0.000230
655 0 0 -0.000236
660 0 0 -0.000252
665 0 0 -0.000271
670 0 0 -0.000287
675 0 0 -0.000294
680 0 0 -0.000287
685 0 0 -0.000269
690 0 0 -0.000246
695 0 0 -0.000224
700 0 0 -0.000205
705 0 0 -0.000192
710 0 0 -0.000186
715 0 0 -0.000181
720 0 0 -0.000168
725 0 0 -0.000144
730 0 0 -0.000116
735 0 0 -0.000096
740 0 0 -0.000093
745 0 0 -0.000100
750 0 0 -0.000108
755 0 0 -0.000109
760 0 0 -0.000105
765 0 0 -0.000096
770 0 0 -0.000087
775 0 0 -0.000090
780 0 0 -0.000114
785 0 0 -0.000165
790 0 0 -0.000218
795 0 0 -0.000240
800 0 0 -0.000209
805 0 0 -0.000150
810 0 0 -0.000102
815 0 0 -0.000091
820 0 0 -0.000104
825 0 0 -0.000120
830 0 0 -0.000122
835 0 0 -0.000113
840 0 0 -0.000102
845 0 0 -0.000097
850 0 0 -0.000098
855 0 0 -0.000102
860 0 0 -0.000108
865 0 0 -0.000113
870 0 0 -0.000114
875 0 0 -0.000109
880 0 0 -0.000099
885 0 0 -0.000084
890 0 0 -0.000067
895 0 0 -0.000054
900 0 0 -0.000054
905 0 0 -0.000072
910 0 0 -0.000100
915 0 0 -0.000126
920 0 0 -0.000141
925 0 0 -0.000149
930 0 0 -0.000156
935 0 0 -0.000168
940 0 0 -0.000181
945 0 0 -0.000192
950 0 0 -0.000197
955 0 0 -0.000197
960 0 0 -0.000198
965 0 0 -0.000205
970 0 0 -0.000238
975 0 0 -0.000318
980 0 0 -0.000464
985 0 0 -0.000677
990 0 0 -0.000954
995 0 0 -0.001270
1000 0 0 -0.001502
1005 0 0 -0.001506
1010 0 0 -0.001198
1015 0 0 -0.000740
1020 0 0 -0.000360
1025 0 0 -0.000223
1030 0 0 -0.000263
1035 0 0 -0.000354
1040 0 0 -0.000397
1045 0 0 -0.000395
1050 0 0 -0.000378
1055 0 0 -0.000370
1060 0 0 -0.000371
1065 0 0 -0.000372
1070 0 0 -0.000369
1075 0 0 -0.000365
1080 0 0 -0.000366
1085 0 0 -0.000376
1090 0 0 -0.000387
1095 0 0 -0.000390
1100 0 0 -0.000377
1105 0 0 -0.000356
1110 0 0 -0.000336
1115 0 0 -0.000325
1120 0 0 -0.000319
1125 0 0 -0.000312
1130 0 0 -0.000299
1135 0 0 -0.000286
1140 0 0 -0.000282
1145 0 0 -0.000293
1150 0 0 -0.000309
1155 0 0 -0.000318
1160 0 0 -0.000312
1165 0 0 -0.000305
1170 0 0 -0.000318
1175 0 0 -0.000362
1180 0 0 -0.000413
1185 0 0 -0.000438
1190 0 0 -0.000415
1195 0 0 -0.000366
1200 0 0 -0.000324
1205 0 0 -0.000313
1210 0 0 -0.000320
1215 0 0 -0.000324
1220 0 0 -0.000309
1225 0 0 -0.000283
1230 0 0 -0.000258
1235 0 0 -0.000246
1240 0 0 -0.000243
1245 0 0 -0.000246
1250 0 0 -0.000250
1255 0 0 -0.000255
1260 0 0 -0.000264
1265 0 0 -0.000277
1270 0 0 -0.000288
1275 0 0 -0.000294
1280 0 0 -0.000290
1285 0 0 -0.000283
1290 0 0 -0.000282
1295 0 0 -0.000293
1300 0 0 -0.000310
1305 0 0 -0.000324
1310 0 0 -0.000328
1315 0 0 -0.000322
1320 0 0 -0.000306
1325 0 0 -0.000284
1330 0 0 -0.000266
1335 0 0 -0.000264
1340 0 0 -0.000285
1345 0 0 -0.000320
1350 0 0 -0.000354
1355 0 0 -0.000378
1360 0 0 -0.000394
1365 0 0 -0.000408
1370 0 0 -0.000425
1375 0 0 -0.000436
1380 0 0 -0.000432
1385 0 0 -0.000407
1390 0 0 -0.000373
1395 0 0 -0.000348
1400 0 0 -0.000343
1405 0 0 -0.000347
1410 0 0 -0.000342
1415 0 0 -0.000318
1420 0 0 -0.000296
1425 0 0 -0.000306
1430 0 0 -0.000365
1435 0 0 -0.000440
1440 0 0 -0.000486
1445 0 0 -0.000471
1450 0 0 -0.000418
1455 0 0 -0.000360
1460 0 0 -0.000326
1465 0 0 -0.000316
1470 0 0 -0.000324
1475 0 0 -0.000342
1480 0 0 -0.000361
1485 0 0 -0.000372
1490 0 0 -0.000371
1495 0 0 -0.000369
1500 0 0 -0.000384
1505 0 0 -0.000425
1510 0 0 -0.000471
1515 0 0 -0.000492
1520 0 0 -0.000469
1525 0 0 -0.000421
1530 0 0 -0.000372
1535 0 0 -0.000344
1540 0 0 -0.000329
1545 0 0 -0.000312
1550 0 0 -0.000284
1555 0 0 -0.000251
1560 0 0 -0.000222
1565 0 0 -0.000205
1570 0 0 -0.000199
1575 0 0 -0.000198
1580 0 0 -0.000198
1585 0 0 -0.000196
1590 0 0 -0.000186
1595 0 0 -0.000168
1600 0 0 -0.000148
1605 0 0 -0.000138
1610 0 0 -0.000144
1615 0 0 -0.000161
1620 0 0 -0.000180
1625 0 0 -0.000194
1630 0 0 -0.000199
1635 0 0 -0.000192
1640 0 0 -0.000173
1645 0 0 -0.000151
1650 0 0 -0.000138
1655 0 0 -0.000142
1660 0 0 -0.000157
1665 0 0 -0.000174
1670 0 0 -0.000185
1675 0 0 -0.000186
1680 0 0 -0.000174
1685 0 0 -0.000149
1690 0 0 -0.000121
1695 0 0 -0.000102
1700 0 0 -0.000101
1705 0 0 -0.000112
1710 0 0 -0.000126
1715 0 0 -0.000136
1720 0 0 -0.000142
1725 0 0 -0.000144
1730 0 0 -0.000143
1735 0 0 -0.000142
1740 0 0 -0.000144
1745 0 0 -0.000150
1750 0 0 -0.000155
1755 0 0 -0.000150
1760 0 0 -0.000130
1765 0 0 -0.000106
1770 0 0 -0.000090
1775 0 0 -0.000092
1780 0 0 -0.000105
1785 0 0 -0.000120
1790 0 0 -0.000130
1795 0 0 -0.000135
1800 0 0 -0.000138
1805 0 0 -0.000142
1810 0 0 -0.000145
1815 0 0 -0.000144
1820 0 0 -0.000138
1825 0 0 -0.000128
1830 0 0 -0.000114
1835 0 0 -0.000099
1840 0 0 -0.000090
1845 0 0 -0.000096
1850 0 0 -0.000122
1855 0 0 -0.000158
1860 0 0 -0.000192
1865 0 0 -0.000212
1870 0 0 -0.000218
1875 0 0 -0.000210
1880 0 0 -0.000193
1885 0 0 -0.000175
1890 0 0 -0.000168
1895 0 0 -0.000179
1900 0 0 -0.000201
1905 0 0 -0.000222
1910 0 0 -0.000234
1915 0 0 -0.000243
1920 0 0 -0.000258
1925 0 0 -0.000285
1930 0 0 -0.000310
1935 0 0 -0.000318
1940 0 0 -0.000298
1945 0 0 -0.000267
1950 0 0 -0.000252
1955 0 0 -0.000268
1960 0 0 -0.000302
1965 0 0 -0.000330
1970 0 0 -0.000336
1975 0 0 -0.000326
1980 0 0 -0.000312
1985 0 0 -0.000304
1990 0 0 -0.000302
1995 0 0 -0.000306
2000 0 0 -0.000313
2005 0 0 -0.000322
2010 0 0 -0.000330
2015 0 0 -0.000335
2020 0 0 -0.000337
2025 0 0 -0.000336
2030 0 0 -0.000331
2035 0 0 -0.000325
2040 0 0 -0.000318
2045 0 0 -0.000313
2050 0 0 -0.000309
2055 0 0 -0.000306
2060 0 0 -0.000304
2065 0 0 -0.000302
2070 0 0 -0.000300
2075 0 0 -0.000299
2080 0 0 -0.000304
2085 0 0 -0.000318
2090 0 0 -0.000343
2095 0 0 -0.000368
2100 0 0 -0.000378
2105 0 0 -0.000363
2110 0 0 -0.000335
2115 0 0 -0.000312
2120 0 0 -0.000307
2125 0 0 -0.000310
2130 0 0 -0.000306
2135 0 0 -0.000287
2140 0 0 -0.000282
2145 0 0 -0.000324
2150 0 0 -0.000433
2155 0 0 -0.000554
2160 0 0 -0.000618
2165 0 0 -0.000575
2170 0 0 -0.000466
2175 0 0 -0.000354
2180 0 0 -0.000288
2185 0 0 -0.000263
2190 0 0 -0.000258
2195 0 0 -0.000258
2200 0 0 -0.000256
2205 0 0 -0.000252
2210 0 0 -0.000243
2215 0 0 -0.000230
2220 0 0 -0.000216
2225 0 0 -0.000202
2230 0 0 -0.000190
2235 0 0 -0.000180
2240 0 0 -0.000173
2245 0 0 -0.000171
2250 0 0 -0.000174
2255 0 0 -0.000183
2260 0 0 -0.000193
2265 0 0 -0.000198
2270 0 0 -0.000193
2275 0 0 -0.000178
2280 0 0 -0.000156
2285 0 0 -0.000131
2290 0 0 -0.000116
2295 0 0 -0.000126
2300 0 0 -0.000169
2305 0 0 -0.000223
2310 0 0 -0.000258
2315 0 0 -0.000252
2320 0 0 -0.000220
2325 0 0 -0.000186
2330 0 0 -0.000167
2335 0 0 -0.000162
2340 0 0 -0.000162
2345 0 0 -0.000162
2350 0 0 -0.000162
2355 0 0 -0.000168
2360 0 0 -0.000181
2365 0 0 -0.000200
2370 0 0 -0.000222
2375 0 0 -0.000246
2380 0 0 -0.000267
2385 0 0 -0.000282
2390 0 0 -0.000288
2395 0 0 -0.000285
2400 0 0 -0.000276
2405 0 0 -0.000262
2410 0 0 -0.000249
2415 0 0 -0.000240
2420 0 0 -0.000245
2425 0 0 -0.000294
2430 0 0 -0.000420
2435 0 0 -0.000636
2440 0 0 -0.000869
2445 0 0 -0.001026
2450 0 0 -0.001042
2455 0 0 -0.000967
2460 0 0 -0.000882
2465 0 0 -0.000845
2470 0 0 -0.000829
2475 0 0 -0.000786
2480 0 0 -0.000685
2485 0 0 -0.000557
2490 0 0 -0.000450
2495 0 0 -0.000399
2500 0 0 -0.000388
2505 0 0 -0.000390
2510 0 0 -0.000383
2515 0 0 -0.000367
2520 0 0 -0.000348
2525 0 0 -0.000333
2530 0 0 -0.000335
2535 0 0 -0.000366
2540 0 0 -0.000432
2545 0 0 -0.000502
2550 0 0 -0.000540
2555 0 0 -0.000520
2560 0 0 -0.000467
2565 0 0 -0.000420
2570 0 0 -0.000407
2575 0 0 -0.000418
2580 0 0 -0.000432
2585 0 0 -0.000433
2590 0 0 -0.000426
2595 0 0 -0.000420
2600 0 0 -0.000423
2605 0 0 -0.000431
2610 0 0 -0.000438
2615 0 0 -0.000439
2620 0 0 -0.000436
2625 0 0 -0.000432
2630 0 0 -0.000430
2635 0 0 -0.000428
2640 0 0 -0.000426
2645 0 0 -0.000421
2650 0 0 -0.000413
2655 0 0 -0.000402
2660 0 0 -0.000388
2665 0 0 -0.000371
2670 0 0 -0.000354
2675 0 0 -0.000338
2680 0 0 -0.000322
2685 0 0 -0.000306
2690 0 0 -0.000292
2695 0 0 -0.000290
2700 0 0 -0.000312
2705 0 0 -0.000363
2710 0 0 -0.000421
2715 0 0 -0.000456
2720 0 0 -0.000449
2725 0 0 -0.000413
2730 0 0 -0.000372
2735 0 0 -0.000344
2740 0 0 -0.000331
2745 0 0 -0.000330
2750 0 0 -0.000337
2755 0 0 -0.000344
2760 0 0 -0.000342
2765 0 0 -0.000326
2770 0 0 -0.000306
2775 0 0 -0.000294
2780 0 0 -0.000300
2785 0 0 -0.000314
2790 0 0 -0.000324
2795 0 0 -0.000320
2800 0 0 -0.000309
2805 0 0 -0.000306
2810 0 0 -0.000317
2815 0 0 -0.000334
2820 0 0 -0.000342
2825 0 0 -0.000331
2830 0 0 -0.000303
2835 0 0 -0.000264
2840 0 0 -0.000221
2845 0 0 -0.000181
2850 0 0 -0.000150
2855 0 0 -0.000135
2860 0 0 -0.000135
2865 0 0 -0.000150
2870 0 0 -0.000175
2875 0 0 -0.000199
2880 0 0 -0.000210
2885 0 0 -0.000198
2890 0 0 -0.000175
2895 0 0 -0.000156
2900 0 0 -0.000152
2905 0 0 -0.000156
2910 0 0 -0.000156
2915 0 0 -0.000144
2920 0 0 -0.000129
2925 0 0 -0.000126
2930 0 0 -0.000143
2935 0 0 -0.000170
2940 0 0 -0.000192
2945 0 0 -0.000197
2950 0 0 -0.000191
2955 0 0 -0.000186
2960 0 0 -0.000189
2965 0 0 -0.000197
2970 0 0 -0.000204
2975 0 0 -0.000205
2980 0 0 -0.000202
2985 0 0 -0.000198
2990 0 0 -0.000196
2995 0 0 -0.000194
3000 0 0 -0.000192
3005 0 0 -0.000189
3010 0 0 -0.000186
3015 0 0 -0.000186
3020 0 0 -0.000190
3025 0 0 -0.000197
3030 0 0 -0.000204
3035 0 0 -0.000208
3040 0 0 -0.000208
3045 0 0 -0.000204
3050 0 0 -0.000196
3055 0 0 -0.000185
3060 0 0 -0.000174
3065 0 0 -0.000165
3070 0 0 -0.000160
3075 0 0 -0.000162
3080 0 0 -0.000171
3085 0 0 -0.000185
3090 0 0 -0.000198
3095 0 0 -0.000206
3100 0 0 -0.000207
3105 0 0 -0.000198
3110 0 0 -0.000179
3115 0 0 -0.000160
3120 0 0 -0.000150
3125 0 0 -0.000158
3130 0 0 -0.000174
3135 0 0 -0.000186
3140 0 0 -0.000184
3145 0 0 -0.000170
3150 0 0 -0.000150
3155 0 0 -0.000129
3160 0 0 -0.000112
3165 0 0 -0.000102
3170 0 0 -0.000103
3175 0 0 -0.000112
3180 0 0 -0.000126
3185 0 0 -0.000139
3190 0 0 -0.000147
3195 0 0 -0.000144
3200 0 0 -0.000126
3205 0 0 -0.000101
3210 0 0 -0.000078
3215 0 0 -0.000065
3220 0 0 -0.000062
3225 0 0 -0.000066
3230 0 0 -0.000074
3235 0 0 -0.000082
3240 0 0 -0.000084
3245 0 0 -0.000076
3250 0 0 -0.000065
3255 0 0 -0.000060
3260 0 0 -0.000066
3265 0 0 -0.000082
3270 0 0 -0.000102
3275 0 0 -0.000121
3280 0 0 -0.000135
3285 0 0 -0.000138
3290 0 0 -0.000128
3295 0 0 -0.000113
3300 0 0 -0.000102
3305 0 0 -0.000104
3310 0 0 -0.000116
3315 0 0 -0.000132
3320 0 0 -0.000150
3325 0 0 -0.000178
3330 0 0 -0.000228
3335 0 0 -0.000304
3340 0 0 -0.000376
3345 0 0 -0.000408
3350 0 0 -0.000376
3355 0 0 -0.000305
3360 0 0 -0.000234
3365 0 0 -0.000194
3370 0 0 -0.000183
3375 0 0 -0.000192
3380 0 0 -0.000213
3385 0 0 -0.000233
3390 0 0 -0.000240
3395 0 0 -0.000229
3400 0 0 -0.000215
3405 0 0 -0.000222
3410 0 0 -0.000263
3415 0 0 -0.000314
3420 0 0 -0.000342
3425 0 0 -0.000327
3430 0 0 -0.000294
3435 0 0 -0.000282
3440 0 0 -0.000316
3445 0 0 -0.000370
3450 0 0 -0.000402
3455 0 0 -0.000387
3460 0 0 -0.000356
3465 0 0 -0.000354
3470 0 0 -0.000415
3475 0 0 -0.000533
3480 0 0 -0.000690
3485 0 0 -0.000868
3490 0 0 -0.001038
3495 0 0 -0.001170
3500 0 0 -0.001240
3505 0 0 -0.001255
3510 0 0 -0.001230
3515 0 0 -0.001179
3520 0 0 -0.001118
3525 0 0 -0.001062
3530 0 0 -0.001019
3535 0 0 -0.000976
3540 0 0 -0.000912
3545 0 0 -0.000812
3550 0 0 -0.000682
3555 0 0 -0.000534
3560 0 0 -0.000391
3565 0 0 -0.000322
3570 0 0 -0.000408
3575 0 0 -0.000689
3580 0 0 -0.001049
3585 0 0 -0.001332
3590 0 0 -0.001423
3595 0 0 -0.001376
3600 0 0 -0.001284
3605 0 0 -0.001224
3610 0 0 -0.001199
3615 0 0 -0.001194
3620 0 0 -0.001190
3625 0 0 -0.001148
3630 0 0 -0.001020
3635 0 0 -0.000790
3640 0 0 -0.000546
3645 0 0 -0.000408
3650 0 0 -0.000452
3655 0 0 -0.000596
3660 0 0 -0.000720
3665 0 0 -0.000737
3670 0 0 -0.000708
3675 0 0 -0.000726
3680 0 0 -0.000856
3685 0 0 -0.001037
3690 0 0 -0.001176
3695 0 0 -0.001207
3700 0 0 -0.001171
3705 0 0 -0.001134
3710 0 0 -0.001144
3715 0 0 -0.001170
3720 0 0 -0.001164
3725 0 0 -0.001092
3730 0 0 -0.000988
3735 0 0 -0.000900
3740 0 0 -0.000860
3745 0 0 -0.000833
3750 0 0 -0.000768
3755 0 0 -0.000630
3760 0 0 -0.000462
3765 0 0 -0.000324
3770 0 0 -0.000266
3775 0 0 -0.000303
3780 0 0 -0.000438
3785 0 0 -0.000661
3790 0 0 -0.000898
3795 0 0 -0.001062
3800 0 0 -0.001090
3805 0 0 -0.001028
3810 0 0 -0.000948
3815 0 0 -0.000907
3820 0 0 -0.000904
3825 0 0 -0.000924
3830 0 0 -0.000947
3835 0 0 -0.000932
3840 0 0 -0.000834
3845 0 0 -0.000631
3850 0 0 -0.000388
3855 0 0 -0.000192
3860 0 0 -0.000110
3865 0 0 -0.000123
3870 0 0 -0.000192
3875 0 0 -0.000279
3880 0 0 -0.000358
3885 0 0 -0.000402
3890 0 0 -0.000400
3895 0 0 -0.000396
3900 0 0 -0.000444
3905 0 0 -0.000579
3910 0 0 -0.000742
3915 0 0 -0.000852
3920 0 0 -0.000849
3925 0 0 -0.000765
3930 0 0 -0.000654
3935 0 0 -0.000559
3940 0 0 -0.000481
3945 0 0 -0.000408
3950 0 0 -0.000340
3955 0 0 -0.000311
3960 0 0 -0.000366
3965 0 0 -0.000529
3970 0 0 -0.000738
3975 0 0 -0.000912
3980 0 0 -0.000990
3985 0 0 -0.000999
3990 0 0 -0.000990
3995 0 0 -0.001002
4000 0 0 -0.001030
4005 0 0 -0.001062
4010 0 0 -0.001085
4015 0 0 -0.001099
4020 0 0 -0.001104
4025 0 0 -0.001103
4030 0 0 -0.001095
4035 0 0 -0.001080
4040 0 0 -0.001059
4045 0 0 -0.001035
4050 0 0 -0.001014
4055 0 0 -0.000998
4060 0 0 -0.000981
4065 0 0 -0.000954
4070 0 0 -0.000915
4075 0 0 -0.000887
4080 0 0 -0.000900
4085 0 0 -0.000970
4090 0 0 -0.001063
4095 0 0 -0.001134
4100 0 0 -0.001150
4105 0 0 -0.001133
4110 0 0 -0.001116
4115 0 0 -0.001126
4120 0 0 -0.001152
4125 0 0 -0.001176
4130 0 0 -0.001178
4135 0 0 -0.001139
4140 0 0 -0.001038
4145 0 0 -0.000867
4150 0 0 -0.000671
4155 0 0 -0.000504
4160 0 0 -0.000410
4165 0 0 -0.000381
4170 0 0 -0.000396
4175 0 0 -0.000433
4180 0 0 -0.000469
4185 0 0 -0.000480
4190 0 0 -0.000452
4195 0 0 -0.000405
4200 0 0 -0.000366
4205 0 0 -0.000357
4210 0 0 -0.000367
4215 0 0 -0.000378
4220 0 0 -0.000378
4225 0 0 -0.000371
4230 0 0 -0.000366
4235 0 0 -0.000370
4240 0 0 -0.000377
4245 0 0 -0.000378
4250 0 0 -0.000367
4255 0 0 -0.000357
4260 0 0 -0.000366
4265 0 0 -0.000403
4270 0 0 -0.000452
4275 0 0 -0.000486
4280 0 0 -0.000488
4285 0 0 -0.000465
4290 0 0 -0.000432
4295 0 0 -0.000400
4300 0 0 -0.000377
4305 0 0 -0.000366
4310 0 0 -0.000370
4315 0 0 -0.000380
4320 0 0 -0.000384
4325 0 0 -0.000373
4330 0 0 -0.000354
4335 0 0 -0.000336
4340 0 0 -0.000325
4345 0 0 -0.000316
4350 0 0 -0.000300
4355 0 0 -0.000271
4360 0 0 -0.000236
4365 0 0 -0.000204
4370 0 0 -0.000182
4375 0 0 -0.000170
4380 0 0 -0.000168
4385 0 0 -0.000173
4390 0 0 -0.000182
4395 0 0 -0.000192
4400 0 0 -0.000200
4405 0 0 -0.000205
4410 0 0 -0.000210
4415 0 0 -0.000214
4420 0 0 -0.000217
4425 0 0 -0.000216
4430 0 0 -0.000210
4435 0 0 -0.000203
4440 0 0 -0.000198
4445 0 0 -0.000199
4450 0 0 -0.000203
4455 0 0 -0.000204
4460 0 0 -0.000200
4465 0 0 -0.000195
4470 0 0 -0.000192
4475 0 0 -0.000195
4480 0 0 -0.000199
4485 0 0 -0.000198
4490 0 0 -0.000189
4495 0 0 -0.000177
4500 0 0 -0.000168
4505 0 0 -0.000168
4510 0 0 -0.000176
4515 0 0 -0.000186
4520 0 0 -0.000196
4525 0 0 -0.000204
4530 0 0 -0.000210
4535 0 0 -0.000213
4540 0 0 -0.000211
4545 0 0 -0.000204
4550 0 0 -0.000190
4555 0 0 -0.000175
4560 0 0 -0.000162
4565 0 0 -0.000156
4570 0 0 -0.000158
4575 0 0 -0.000168
4580 0 0 -0.000183
4585 0 0 -0.000195
4590 0 0 -0.000192
4595 0 0 -0.000168
4600 0 0 -0.000135
4605 0 0 -0.000108
4610 0 0 -0.000099
4615 0 0 -0.000106
4620 0 0 -0.000120
4625 0 0 -0.000135
4630 0 0 -0.000146
4635 0 0 -0.000150
4640 0 0 -0.000143
4645 0 0 -0.000129
4650 0 0 -0.000114
4655 0 0 -0.000102
4660 0 0 -0.000096
4665 0 0 -0.000102
4670 0 0 -0.000120
4675 0 0 -0.000140
4680 0 0 -0.000150
4685 0 0 -0.000142
4690 0 0 -0.000125
4695 0 0 -0.000108
4700 0 0 -0.000102
4705 0 0 -0.000105
4710 0 0 -0.000114
4715 0 0 -0.000126
4720 0 0 -0.000138
4725 0 0 -0.000144
4730 0 0 -0.000142
4735 0 0 -0.000133
4740 0 0 -0.000120
4745 0 0 -0.000107
4750 0 0 -0.000100
4755 0 0 -0.000108
4760 0 0 -0.000135
4765 0 0 -0.000168
4770 0 0 -0.000192
4775 0 0 -0.000194
4780 0 0 -0.000180
4785 0 0 -0.000162
4790 0 0 -0.000148
4795 0 0 -0.000142
4800 0 0 -0.000144
4805 0 0 -0.000155
4810 0 0 -0.000171
4815 0 0 -0.000186
4820 0 0 -0.000194
4825 0 0 -0.000195
4830 0 0 -0.000186
4835 0 0 -0.000170
4840 0 0 -0.000160
4845 0 0 -0.000174
4850 0 0 -0.000220
4855 0 0 -0.000274
4860 0 0 -0.000306
4865 0 0 -0.000294
4870 0 0 -0.000258
4875 0 0 -0.000228
4880 0 0 -0.000227
4885 0 0 -0.000251
4890 0 0 -0.000288
4895 0 0 -0.000332
4900 0 0 -0.000398
4905 0 0 -0.000510
4910 0 0 -0.000670
4915 0 0 -0.000808
4920 0 0 -0.000834
4925 0 0 -0.000693
4930 0 0 -0.000467
4935 0 0 -0.000270
4940 0 0 -0.000189
4945 0 0 -0.000195
4950 0 0 -0.000228
4955 0 0 -0.000242
4960 0 0 -0.000233
4965 0 0 -0.000210
4970 0 0 -0.000182
4975 0 0 -0.000168
4980 0 0 -0.000186
4985 0 0 -0.000247
4990 0 0 -0.000320
4995 0 0 -0.000366
5000 0 0 -0.000358
5005 0 0 -0.000316
5010 0 0 -0.000276
5015 0 0 -0.000261
5020 0 0 -0.000263
5025 0 0 -0.000264
5030 0 0 -0.000250
5035 0 0 -0.000230
5040 0 0 -0.000216
5045 0 0 -0.000217
5050 0 0 -0.000227
5055 0 0 -0.000240
5060 0 0 -0.000249
5065 0 0 -0.000260
5070 0 0 -0.000282
5075 0 0 -0.000319
5080 0 0 -0.000356
5085 0 0 -0.000372
5090 0 0 -0.000352
5095 0 0 -0.000310
5100 0 0 -0.000264
5105 0 0 -0.000230
5110 0 0 -0.000209
5115 0 0 -0.000198
5120 0 0 -0.000194
5125 0 0 -0.000188
5130 0 0 -0.000168
5135 0 0 -0.000132
5140 0 0 -0.000111
5145 0 0 -0.000144
5150 0 0 -0.000251
5155 0 0 -0.000382
5160 0 0 -0.000468
5165 0 0 -0.000459
5170 0 0 -0.000386
5175 0 0 -0.000300
5180 0 0 -0.000242
5185 0 0 -0.000214
5190 0 0 -0.000210
5195 0 0 -0.000221
5200 0 0 -0.000234
5205 0 0 -0.000234
5210 0 0 -0.000212
5215 0 0 -0.000180
5220 0 0 -0.000156
5225 0 0 -0.000152
5230 0 0 -0.000155
5235 0 0 -0.000144
5240 0 0 -0.000113
5245 0 0 -0.000111
5250 0 0 -0.000198
5255 0 0 -0.000409
5260 0 0 -0.000663
5265 0 0 -0.000852
5270 0 0 -0.000895
5275 0 0 -0.000827
5280 0 0 -0.000708
5285 0 0 -0.000593
5290 0 0 -0.000508
5295 0 0 -0.000468
5300 0 0 -0.000483
5305 0 0 -0.000530
5310 0 0 -0.000576
5315 0 0 -0.000595
5320 0 0 -0.000584
5325 0 0 -0.000546
5330 0 0 -0.000486
5335 0 0 -0.000420
5340 0 0 -0.000366
5345 0 0 -0.000336
5350 0 0 -0.000326
5355 0 0 -0.000324
5360 0 0 -0.000323
5365 0 0 -0.000321
5370 0 0 -0.000318
5375 0 0 -0.000314
5380 0 0 -0.000311
5385 0 0 -0.000312
5390 0 0 -0.000319
5395 0 0 -0.000325
5400 0 0 -0.000324
5405 0 0 -0.000313
5410 0 0 -0.000305
5415 0 0 -0.000318
5420 0 0 -0.000362
5425 0 0 -0.000416
5430 0 0 -0.000450
5435 0 0 -0.000443
5440 0 0 -0.000409
5445 0 0 -0.000372
5450 0 0 -0.000350
5455 0 0 -0.000345
5460 0 0 -0.000354
5465 0 0 -0.000372
5470 0 0 -0.000388
5475 0 0 -0.000390
5480 0 0 -0.000371
5485 0 0 -0.000342
5490 0 0 -0.000318
5495 0 0 -0.000311
5500 0 0 -0.000316
5505 0 0 -0.000324
5510 0 0 -0.000329
5515 0 0 -0.000330
5520 0 0 -0.000330
5525 0 0 -0.000329
5530 0 0 -0.000326
5535 0 0 -0.000318
5540 0 0 -0.000304
5545 0 0 -0.000289
5550 0 0 -0.000276
5555 0 0 -0.000270
5560 0 0 -0.000269
5565 0 0 -0.000270
5570 0 0 -0.000270
5575 0 0 -0.000269
5580 0 0 -0.000270
5585 0 0 -0.000272
5590 0 0 -0.000272
5595 0 0 -0.000264
5600 0 0 -0.000247
5605 0 0 -0.000227
5610 0 0 -0.000216
5615 0 0 -0.000220
5620 0 0 -0.000234
5625 0 0 -0.000252
5630 0 0 -0.000267
5635 0 0 -0.000275
5640 0 0 -0.000276
5645 0 0 -0.000268
5650 0 0 -0.000255
5655 0 0 -0.000240
5660 0 0 -0.000227
5665 0 0 -0.000220
5670 0 0 -0.000222
5675 0 0 -0.000235
5680 0 0 -0.000253
5685 0 0 -0.000270
5690 0 0 -0.000280
5695 0 0 -0.000280
5700 0 0 -0.000270
5705 0 0 -0.000251
5710 0 0 -0.000230
5715 0 0 -0.000216
5720 0 0 -0.000216
5725 0 0 -0.000228
5730 0 0 -0.000246
5735 0 0 -0.000265
5740 0 0 -0.000276
5745 0 0 -0.000270
5750 0 0 -0.000245
5755 0 0 -0.000227
5760 0 0 -0.000252
5765 0 0 -0.000338
5770 0 0 -0.000445
5775 0 0 -0.000516
5780 0 0 -0.000510
5785 0 0 -0.000453
5790 0 0 -0.000384
5795 0 0 -0.000336
5800 0 0 -0.000307
5805 0 0 -0.000288
5810 0 0 -0.000271
5815 0 0 -0.000254
5820 0 0 -0.000234
5825 0 0 -0.000212
5830 0 0 -0.000193
5835 0 0 -0.000186
5840 0 0 -0.000194
5845 0 0 -0.000210
5850 0 0 -0.000222
5855 0 0 -0.000223
5860 0 0 -0.000217
5865 0 0 -0.000210
5870 0 0 -0.000208
5875 0 0 -0.000209
5880 0 0 -0.000210
5885 0 0 -0.000208
5890 0 0 -0.000204
5895 0 0 -0.000204
5900 0 0 -0.000208
5905 0 0 -0.000214
5910 0 0 -0.000216
5915 0 0 -0.000211
5920 0 0 -0.000200
5925 0 0 -0.000186
5930 0 0 -0.000171
5935 0 0 -0.000161
5940 0 0 -0.000162
5945 0 0 -0.000177
5950 0 0 -0.000196
5955 0 0 -0.000210
5960 0 0 -0.000210
5965 0 0 -0.000202
5970 0 0 -0.000198
5975 0 0 -0.000204
5980 0 0 -0.000212
5985 0 0 -0.000210
5990 0 0 -0.000190
5995 0 0 -0.000162
6000 0 0 -0.000138
6005 0 0 -0.000129
6010 0 0 -0.000131
6015 0 0 -0.000138
6020 0 0 -0.000142
6025 0 0 -0.000141
6030 0 0 -0.000132
6035 0 0 -0.000114
6040 0 0 -0.000097
6045 0 0 -0.000090
6050 0 0 -0.000101
6055 0 0 -0.000121
6060 0 0 -0.000138
6065 0 0 -0.000141
6070 0 0 -0.000133
6075 0 0 -0.000120
6080 0 0 -0.000106
6085 0 0 -0.000097
6090 0 0 -0.000096
6095 0 0 -0.000107
6100 0 0 -0.000123
6105 0 0 -0.000138
6110 0 0 -0.000145
6115 0 0 -0.000142
6120 0 0 -0.000132
6125 0 0 -0.000115
6130 0 0 -0.000100
6135 0 0 -0.000096
6140 0 0 -0.000109
6145 0 0 -0.000129
6150 0 0 -0.000144
6155 0 0 -0.000145
6160 0 0 -0.000134
6165 0 0 -0.000120
6170 0 0 -0.000108
6175 0 0 -0.000102
6180 0 0 -0.000102
6185 0 0 -0.000111
6190 0 0 -0.000126
6195 0 0 -0.000144
6200 0 0 -0.000163
6205 0 0 -0.000179
6210 0 0 -0.000192
6215 0 0 -0.000199
6220 0 0 -0.000204
6225 0 0 -0.000210
6230 0 0 -0.000220
6235 0 0 -0.000231
6240 0 0 -0.000234
6245 0 0 -0.000227
6250 0 0 -0.000213
6255 0 0 -0.000198
6260 0 0 -0.000188
6265 0 0 -0.000189
6270 0 0 -0.000204
6275 0 0 -0.000235
6280 0 0 -0.000270
6285 0 0 -0.000294
6290 0 0 -0.000296
6295 0 0 -0.000278
6300 0 0 -0.000246
6305 0 0 -0.000209
6310 0 0 -0.000185
6315 0 0 -0.000192
6320 0 0 -0.000241
6325 0 0 -0.000305
6330 0 0 -0.000348
6335 0 0 -0.000344
6340 0 0 -0.000310
6345 0 0 -0.000276
6350 0 0 -0.000263
6355 0 0 -0.000265
6360 0 0 -0.000270
6365 0 0 -0.000268
6370 0 0 -0.000263
6375 0 0 -0.000264
6380 0 0 -0.000275
6385 0 0 -0.000287
6390 0 0 -0.000288
6395 0 0 -0.000271
6400 0 0 -0.000245
6405 0 0 -0.000228
6410 0 0 -0.000229
6415 0 0 -0.000243
6420 0 0 -0.000258
6425 0 0 -0.000265
6430 0 0 -0.000262
6435 0 0 -0.000246
6440 0 0 -0.000221
6445 0 0 -0.000200
6450 0 0 -0.000204
6455 0 0 -0.000243
6460 0 0 -0.000304
6465 0 0 -0.000366
6470 0 0 -0.000410
6475 0 0 -0.000425
6480 0 0 -0.000402
6485 0 0 -0.000337
6490 0 0 -0.000254
6495 0 0 -0.000180
6500 0 0 -0.000139
6505 0 0 -0.000129
6510 0 0 -0.000144
6515 0 0 -0.000176
6520 0 0 -0.000209
6525 0 0 -0.000228
6530 0 0 -0.000221
6535 0 0 -0.000195
6540 0 0 -0.000162
6545 0 0 -0.000131
6550 0 0 -0.000110
6555 0 0 -0.000102
6560 0 0 -0.000111
6565 0 0 -0.000129
6570 0 0 -0.000144
6575 0 0 -0.000148
6580 0 0 -0.000141
6585 0 0 -0.000126
6590 0 0 -0.000108
6595 0 0 -0.000097
6600 0 0 -0.000102
6605 0 0 -0.000129
6610 0 0 -0.000164
6615 0 0 -0.000186
6620 0 0 -0.000181
6625 0 0 -0.000161
6630 0 0 -0.000144
6635 0 0 -0.000142
6640 0 0 -0.000150
6645 0 0 -0.000156
6650 0 0 -0.000155
6655 0 0 -0.000166
6660 0 0 -0.000210
6665 0 0 -0.000303
6670 0 0 -0.000421
6675 0 0 -0.000534
6680 0 0 -0.000616
6685 0 0 -0.000669
6690 0 0 -0.000702
6695 0 0 -0.000722
6700 0 0 -0.000736
6705 0 0 -0.000750
6710 0 0 -0.000768
6715 0 0 -0.000785
6720 0 0 -0.000792
6725 0 0 -0.000785
6730 0 0 -0.000774
6735 0 0 -0.000774
6740 0 0 -0.000791
6745 0 0 -0.000796
6750 0 0 -0.000750
6755 0 0 -0.000635
6760 0 0 -0.000509
6765 0 0 -0.000450
6770 0 0 -0.000507
6775 0 0 -0.000620
6780 0 0 -0.000702
6785 0 0 -0.000688
6790 0 0 -0.000607
6795 0 0 -0.000510
6800 0 0 -0.000438
6805 0 0 -0.000394
6810 0 0 -0.000372
6815 0 0 -0.000366
6820 0 0 -0.000369
6825 0 0 -0.000378
6830 0 0 -0.000387
6835 0 0 -0.000392
6840 0 0 -0.000390
6845 0 0 -0.000379
6850 0 0 -0.000364
6855 0 0 -0.000348
6860 0 0 -0.000337
6865 0 0 -0.000332
6870 0 0 -0.000336
6875 0 0 -0.000350
6880 0 0 -0.000369
6885 0 0 -0.000390
6890 0 0 -0.000407
6895 0 0 -0.000416
6900 0 0 -0.000414
6905 0 0 -0.000399
6910 0 0 -0.000380
6915 0 0 -0.000372
6920 0 0 -0.000382
6925 0 0 -0.000399
6930 0 0 -0.000408
6935 0 0 -0.000399
6940 0 0 -0.000378
6945 0 0 -0.000354
6950 0 0 -0.000337
6955 0 0 -0.000329
6960 0 0 -0.000330
6965 0 0 -0.000340
6970 0 0 -0.000352
6975 0 0 -0.000360
6980 0 0 -0.000358
6985 0 0 -0.000348
6990 0 0 -0.000330
6995 0 0 -0.000310
7000 0 0 -0.000296
7005 0 0 -0.000300
7010 0 0 -0.000328
7015 0 0 -0.000367
7020 0 0 -0.000396
7025 0 0 -0.000403
7030 0 0 -0.000396
7035 0 0 -0.000390
7040 0 0 -0.000395
7045 0 0 -0.000403
7050 0 0 -0.000402
7055 0 0 -0.000384
7060 0 0 -0.000357
7065 0 0 -0.000336
7070 0 0 -0.000330
7075 0 0 -0.000333
7080 0 0 -0.000336
7085 0 0 -0.000333
7090 0 0 -0.000327
7095 0 0 -0.000324
7100 0 0 -0.000327
7105 0 0 -0.000333
7110 0 0 -0.000336
7115 0 0 -0.000331
7120 0 0 -0.000318
7125 0 0 -0.000300
7130 0 0 -0.000281
7135 0 0 -0.000275
7140 0 0 -0.000300
7145 0 0 -0.000364
7150 0 0 -0.000435
7155 0 0 -0.000474
7160 0 0 -0.000452
7165 0 0 -0.000396
7170 0 0 -0.000342
7175 0 0 -0.000320
7180 0 0 -0.000320
7185 0 0 -0.000324
7190 0 0 -0.000316
7195 0 0 -0.000298
7200 0 0 -0.000276
7205 0 0 -0.000255
7210 0 0 -0.000241
7215 0 0 -0.000240
7220 0 0 -0.000254
7225 0 0 -0.000269
7230 0 0 -0.000264
7235 0 0 -0.000229
7240 0 0 -0.000182
7245 0 0 -0.000150
7250 0 0 -0.000152
7255 0 0 -0.000173
7260 0 0 -0.000192
7265 0 0 -0.000192
7270 0 0 -0.000181
7275 0 0 -0.000174
7280 0 0 -0.000180
7285 0 0 -0.000194
7290 0 0 -0.000204
7295 0 0 -0.000204
7300 0 0 -0.000198
7305 0 0 -0.000192
7310 0 0 -0.000192
7315 0 0 -0.000195
7320 0 0 -0.000198
7325 0 0 -0.000198
7330 0 0 -0.000196
7335 0 0 -0.000192
7340 0 0 -0.000187
7345 0 0 -0.000179
7350 0 0 -0.000168
7355 0 0 -0.000153
7360 0 0 -0.000142
7365 0 0 -0.000144
7370 0 0 -0.000163
7375 0 0 -0.000188
7380 0 0 -0.000204
7385 0 0 -0.000200
7390 0 0 -0.000183
7395 0 0 -0.000162
7400 0 0 -0.000146
7405 0 0 -0.000139
7410 0 0 -0.000144
7415 0 0 -0.000161
7420 0 0 -0.000179
7425 0 0 -0.000186
7430 0 0 -0.000173
7435 0 0 -0.000147
7440 0 0 -0.000120
7445 0 0 -0.000102
7450 0 0 -0.000094
7455 0 0 -0.000096
7460 0 0 -0.000108
7465 0 0 -0.000124
7470 0 0 -0.000138
7475 0 0 -0.000146
7480 0 0 -0.000146
7485 0 0 -0.000138
7490 0 0 -0.000123
7495 0 0 -0.000109
7500 0 0 -0.000108
7505 0 0 -0.000125
7510 0 0 -0.000149
7515 0 0 -0.000162
7520 0 0 -0.000154
7525 0 0 -0.000133
7530 0 0 -0.000114
7535 0 0 -0.000108
7540 0 0 -0.000114
7545 0 0 -0.000126
7550 0 0 -0.000140
7555 0 0 -0.000150
7560 0 0 -0.000150
7565 0 0 -0.000137
7570 0 0 -0.000119
7575 0 0 -0.000108
7580 0 0 -0.000112
7585 0 0 -0.000126
7590 0 0 -0.000138
7595 0 0 -0.000141
7600 0 0 -0.000137
7605 0 0 -0.000126
7610 0 0 -0.000113
7615 0 0 -0.000105
7620 0 0 -0.000108
7625 0 0 -0.000127
7630 0 0 -0.000150
7635 0 0 -0.000162
7640 0 0 -0.000152
7645 0 0 -0.000129
7650 0 0 -0.000108
7655 0 0 -0.000101
7660 0 0 -0.000106
7665 0 0 -0.000120
7670 0 0 -0.000139
7675 0 0 -0.000161
7680 0 0 -0.000186
7685 0 0 -0.000212
7690 0 0 -0.000232
7695 0 0 -0.000234
7700 0 0 -0.000215
7705 0 0 -0.000188
7710 0 0 -0.000174
7715 0 0 -0.000186
7720 0 0 -0.000219
7725 0 0 -0.000264
7730 0 0 -0.000311
7735 0 0 -0.000352
7740 0 0 -0.000378
7745 0 0 -0.000383
7750 0 0 -0.000371
7755 0 0 -0.000348
7760 0 0 -0.000319
7765 0 0 -0.000293
7770 0 0 -0.000276
7775 0 0 -0.000275
7780 0 0 -0.000282
7785 0 0 -0.000288
7790 0 0 -0.000286
7795 0 0 -0.000279
7800 0 0 -0.000270
7805 0 0 -0.000263
7810 0 0 -0.000259
7815 0 0 -0.000258
7820 0 0 -0.000259
7825 0 0 -0.000258
7830 0 0 -0.000252
7835 0 0 -0.000239
7840 0 0 -0.000225
7845 0 0 -0.000216
7850 0 0 -0.000218
7855 0 0 -0.000227
7860 0 0 -0.000234
7865 0 0 -0.000236
7870 0 0 -0.000242
7875 0 0 -0.000264
7880 0 0 -0.000307
7885 0 0 -0.000352
7890 0 0 -0.000372
7895 0 0 -0.000351
7900 0 0 -0.000305
7905 0 0 -0.000258
7910 0 0 -0.000233
7915 0 0 -0.000240
7920 0 0 -0.000288
7925 0 0 -0.000375
7930 0 0 -0.000457
7935 0 0 -0.000480
7940 0 0 -0.000410
7945 0 0 -0.000287
7950 0 0 -0.000174
7955 0 0 -0.000116
7960 0 0 -0.000104
7965 0 0 -0.000114
7970 0 0 -0.000127
7975 0 0 -0.000139
7980 0 0 -0.000150
7985 0 0 -0.000160
7990 0 0 -0.000170
7995 0 0 -0.000180
8000 0 0 -0.000192
8005 0 0 -0.000224
8010 0 0 -0.000294
8015 0 0 -0.000408
8020 0 0 -0.000515
8025 0 0 -0.000552
8030 0 0 -0.000477
8035 0 0 -0.000345
8040 0 0 -0.000234
8045 0 0 -0.000202
8050 0 0 -0.000226
8055 0 0 -0.000264
8060 0 0 -0.000282
8065 0 0 -0.000281
8070 0 0 -0.000270
8075 0 0 -0.000257
8080 0 0 -0.000248
8085 0 0 -0.000246
8090 0 0 -0.000255
8095 0 0 -0.000271
8100 0 0 -0.000288
8105 0 0 -0.000301
8110 0 0 -0.000307
8115 0 0 -0.000300
8120 0 0 -0.000280
8125 0 0 -0.000256
8130 0 0 -0.000240
8135 0 0 -0.000241
8140 0 0 -0.000254
8145 0 0 -0.000270
8150 0 0 -0.000282
8155 0 0 -0.000285
8160 0 0 -0.000276
8165 0 0 -0.000255
8170 0 0 -0.000227
8175 0 0 -0.000204
8180 0 0 -0.000192
8185 0 0 -0.000192
8190 0 0 -0.000204
8195 0 0 -0.000227
8200 0 0 -0.000253
8205 0 0 -0.000276
8210 0 0 -0.000289
8215 0 0 -0.000293
8220 0 0 -0.000288
8225 0 0 -0.000277
8230 0 0 -0.000267
8235 0 0 -0.000264
8240 0 0 -0.000272
8245 0 0 -0.000283
8250 0 0 -0.000282
8255 0 0 -0.000265
8260 0 0 -0.000257
8265 0 0 -0.000288
8270 0 0 -0.000375
8275 0 0 -0.000476
8280 0 0 -0.000534
8285 0 0 -0.000510
8290 0 0 -0.000446
8295 0 0 -0.000402
8300 0 0 -0.000420
8305 0 0 -0.000471
8310 0 0 -0.000504
8315 0 0 -0.000485
8320 0 0 -0.000433
8325 0 0 -0.000378
8330 0 0 -0.000346
8335 0 0 -0.000330
8340 0 0 -0.000318
8345 0 0 -0.000301
8350 0 0 -0.000283
8355 0 0 -0.000276
8360 0 0 -0.000284
8365 0 0 -0.000302
8370 0 0 -0.000318
8375 0 0 -0.000325
8380 0 0 -0.000322
8385 0 0 -0.000312
8390 0 0 -0.000297
8395 0 0 -0.000282
8400 0 0 -0.000276
8405 0 0 -0.000283
8410 0 0 -0.000297
8415 0 0 -0.000312
8420 0 0 -0.000321
8425 0 0 -0.000323
8430 0 0 -0.000318
8435 0 0 -0.000308
8440 0 0 -0.000297
8445 0 0 -0.000294
8450 0 0 -0.000303
8455 0 0 -0.000324
8460 0 0 -0.000354
8465 0 0 -0.000390
8470 0 0 -0.000419
8475 0 0 -0.000426
8480 0 0 -0.000401
8485 0 0 -0.000357
8490 0 0 -0.000312
8495 0 0 -0.000281
8500 0 0 -0.000268
8505 0 0 -0.000270
8510 0 0 -0.000288
8515 0 0 -0.000319
8520 0 0 -0.000360
8525 0 0 -0.000406
8530 0 0 -0.000442
8535 0 0 -0.000450
8540 0 0 -0.000419
8545 0 0 -0.000370
8550 0 0 -0.000330
8555 0 0 -0.000320
8560 0 0 -0.000332
8565 0 0 -0.000354
8570 0 0 -0.000373
8575 0 0 -0.000383
8580 0 0 -0.000384
8585 0 0 -0.000372
8590 0 0 -0.000350
8595 0 0 -0.000318
8600 0 0 -0.000283
8605 0 0 -0.000266
8610 0 0 -0.000294
8615 0 0 -0.000378
8620 0 0 -0.000479
8625 0 0 -0.000540
8630 0 0 -0.000525
8635 0 0 -0.000462
8640 0 0 -0.000396
8645 0 0 -0.000361
8650 0 0 -0.000338
8655 0 0 -0.000300
8660 0 0 -0.000227
8665 0 0 -0.000148
8670 0 0 -0.000102
8675 0 0 -0.000115
8680 0 0 -0.000165
8685 0 0 -0.000216
8690 0 0 -0.000240
8695 0 0 -0.000238
8700 0 0 -0.000222
8705 0 0 -0.000200
8710 0 0 -0.000182
8715 0 0 -0.000174
8720 0 0 -0.000182
8725 0 0 -0.000198
8730 0 0 -0.000210
8735 0 0 -0.000211
8740 0 0 -0.000205
8745 0 0 -0.000198
8750 0 0 -0.000197
8755 0 0 -0.000200
8760 0 0 -0.000204
8765 0 0 -0.000207
8770 0 0 -0.000206
8775 0 0 -0.000198
8780 0 0 -0.000182
8785 0 0 -0.000163
8790 0 0 -0.000150
8795 0 0 -0.000148
8800 0 0 -0.000156
8805 0 0 -0.000168
8810 0 0 -0.000181
8815 0 0 -0.000190
8820 0 0 -0.000192
8825 0 0 -0.000184
8830 0 0 -0.000172
8835 0 0 -0.000162
8840 0 0 -0.000160
8845 0 0 -0.000166
8850 0 0 -0.000180
8855 0 0 -0.000200
8860 0 0 -0.000219
8865 0 0 -0.000228
8870 0 0 -0.000221
8875 0 0 -0.000201
8880 0 0 -0.000174
8885 0 0 -0.000147
8890 0 0 -0.000125
8895 0 0 -0.000114
8900 0 0 -0.000118
8905 0 0 -0.000129
8910 0 0 -0.000138
8915 0 0 -0.000136
8920 0 0 -0.000127
8925 0 0 -0.000114
8930 0 0 -0.000103
8935 0 0 -0.000098
8940 0 0 -0.000102
8945 0 0 -0.000116
8950 0 0 -0.000132
8955 0 0 -0.000138
8960 0 0 -0.000127
8965 0 0 -0.000109
8970 0 0 -0.000096
8975 0 0 -0.000098
8980 0 0 -0.000111
8985 0 0 -0.000126
8990 0 0 -0.000138
8995 0 0 -0.000142
9000 0 0 -0.000138
9005 0 0 -0.000124
9010 0 0 -0.000108
9015 0 0 -0.000096
9020 0 0 -0.000095
9025 0 0 -0.000102
9030 0 0 -0.000114
9035 0 0 -0.000126
9040 0 0 -0.000134
9045 0 0 -0.000132
9050 0 0 -0.000118
9055 0 0 -0.000101
9060 0 0 -0.000090
9065 0 0 -0.000094
9070 0 0 -0.000107
9075 0 0 -0.000120
9080 0 0 -0.000127
9085 0 0 -0.000127
9090 0 0 -0.000120
9095 0 0 -0.000108
9100 0 0 -0.000098
9105 0 0 -0.000096
9110 0 0 -0.000107
9115 0 0 -0.000122
9120 0 0 -0.000132
9125 0 0 -0.000128
9130 0 0 -0.000115
9135 0 0 -0.000102
9140 0 0 -0.000096
9145 0 0 -0.000099
9150 0 0 -0.000114
9155 0 0 -0.000141
9160 0 0 -0.000177
9165 0 0 -0.000216
9170 0 0 -0.000253
9175 0 0 -0.000289
9180 0 0 -0.000324
9185 0 0 -0.000364
9190 0 0 -0.000435
9195 0 0 -0.000570
9200 0 0 -0.000780
9205 0 0 -0.000990
9210 0 0 -0.001104
9215 0 0 -0.001055
9220 0 0 -0.000894
9225 0 0 -0.000702
9230 0 0 -0.000548
9235 0 0 -0.000461
9240 0 0 -0.000462
9245 0 0 -0.000559
9250 0 0 -0.000721
9255 0 0 -0.000906
9260 0 0 -0.001076
9265 0 0 -0.001202
9270 0 0 -0.001260
9275 0 0 -0.001237
9280 0 0 -0.001168
9285 0 0 -0.001104
9290 0 0 -0.001080
9295 0 0 -0.001079
9300 0 0 -0.001074
9305 0 0 -0.001042
9310 0 0 -0.000994
9315 0 0 -0.000948
9320 0 0 -0.000920
9325 0 0 -0.000922
9330 0 0 -0.000966
9335 0 0 -0.001052
9340 0 0 -0.001147
9345 0 0 -0.001206
9350 0 0 -0.001201
9355 0 0 -0.001163
9360 0 0 -0.001140
9365 0 0 -0.001166
9370 0 0 -0.001221
9375 0 0 -0.001272
9380 0 0 -0.001291
9385 0 0 -0.001271
9390 0 0 -0.001212
9395 0 0 -0.001117
9400 0 0 -0.001008
9405 0 0 -0.000912
9410 0 0 -0.000846
9415 0 0 -0.000796
9420 0 0 -0.000738
9425 0 0 -0.000660
9430 0 0 -0.000591
9435 0 0 -0.000570
9440 0 0 -0.000620
9445 0 0 -0.000703
9450 0 0 -0.000768
9455 0 0 -0.000778
9460 0 0 -0.000764
9465 0 0 -0.000774
9470 0 0 -0.000840
9475 0 0 -0.000935
9480 0 0 -0.001014
9485 0 0 -0.001047
9490 0 0 -0.001053
9495 0 0 -0.001062
9500 0 0 -0.001094
9505 0 0 -0.001122
9510 0 0 -0.001104
9515 0 0 -0.001019
9520 0 0 -0.000914
9525 0 0 -0.000852
9530 0 0 -0.000878
9535 0 0 -0.000957
9540 0 0 -0.001032
9545 0 0 -0.001063
9550 0 0 -0.001066
9555 0 0 -0.001074
9560 0 0 -0.001105
9565 0 0 -0.001131
9570 0 0 -0.001110
9575 0 0 -0.001023
9580 0 0 -0.000935
9585 0 0 -0.000936
9590 0 0 -0.001074
9595 0 0 -0.001243
9600 0 0 -0.001296
9605 0 0 -0.001137
9610 0 0 -0.000859
9615 0 0 -0.000606
9620 0 0 -0.000489
9625 0 0 -0.000498
9630 0 0 -0.000588
9635 0 0 -0.000724
9640 0 0 -0.000894
9645 0 0 -0.001092
9650 0 0 -0.001302
9655 0 0 -0.001467
9660 0 0 -0.001518
9665 0 0 -0.001417
9670 0 0 -0.001236
9675 0 0 -0.001080
9680 0 0 -0.001022
9685 0 0 -0.001027
9690 0 0 -0.001032
9695 0 0 -0.000990
9700 0 0 -0.000926
9705 0 0 -0.000882
9710 0 0 -0.000884
9715 0 0 -0.000891
9720 0 0 -0.000846
9725 0 0 -0.000713
9730 0 0 -0.000536
9735 0 0 -0.000378
9740 0 0 -0.000288
9745 0 0 -0.000255
9750 0 0 -0.000252
9755 0 0 -0.000258
9760 0 0 -0.000269
9765 0 0 -0.000282
9770 0 0 -0.000297
9775 0 0 -0.000310
9780 0 0 -0.000318
9785 0 0 -0.000317
9790 0 0 -0.000312
9795 0 0 -0.000306
9800 0 0 -0.000303
9805 0 0 -0.000301
9810 0 0 -0.000294
9815 0 0 -0.000280
9820 0 0 -0.000269
9825 0 0 -0.000270
9830 0 0 -0.000291
9835 0 0 -0.000320
9840 0 0 -0.000342
9845 0 0 -0.000345
9850 0 0 -0.000335
9855 0 0 -0.000318
9860 0 0 -0.000303
9865 0 0 -0.000291
9870 0 0 -0.000282
9875 0 0 -0.000277
9880 0 0 -0.000275
9885 0 0 -0.000276
9890 0 0 -0.000278
9895 0 0 -0.000276
9900 0 0 -0.000264
9905 0 0 -0.000241
9910 0 0 -0.000224
9915 0 0 -0.000234
9920 0 0 -0.000283
9925 0 0 -0.000348
9930 0 0 -0.000396
9935 0 0 -0.000403
9940 0 0 -0.000381
9945 0 0 -0.000348
9950 0 0 -0.000321
9955 0 0 -0.000304
9960 0 0 -0.000294
9965 0 0 -0.000292
9970 0 0 -0.000294
9975 0 0 -0.000300
9980 0 0 -0.000307
9985 0 0 -0.000317
9990 0 0 -0.000330
9995 0 0 -0.000347
10000 0 0 -0.000358
10005 0 0 -0.000354
10010 0 0 -0.000331
10015 0 0 -0.000321
10020 0 0 -0.000360
10025 0 0 -0.000469
10030 0 0 -0.000590
10035 0 0 -0.000648
10040 0 0 -0.000592
10045 0 0 -0.000472
10050 0 0 -0.000366
10055 0 0 -0.000331
10060 0 0 -0.000352
10065 0 0 -0.000396
10070 0 0 -0.000430
10075 0 0 -0.000421
