0 0 0 -0.000600
5 0 0 -0.000724
10 0 0 -0.000737
15 0 0 -0.000680
20 0 0 -0.000591
25 0 0 -0.000512
30 0 0 -0.000480
35 0 0 -0.000521
40 0 0 -0.000593
45 0 0 -0.000640
50 0 0 -0.000622
55 0 0 -0.000562
60 0 0 -0.000500
65 0 0 -0.000466
70 0 0 -0.000452
75 0 0 -0.000440
80 0 0 -0.000419
85 0 0 -0.000404
90 0 0 -0.000420
95 0 0 -0.000477
100 0 0 -0.000540
105 0 0 -0.000560
110 0 0 -0.000508
115 0 0 -0.000428
120 0 0 -0.000380
125 0 0 -0.000406
130 0 0 -0.000471
135 0 0 -0.000520
140 0 0 -0.000512
145 0 0 -0.000463
150 0 0 -0.000400
155 0 0 -0.000350
160 0 0 -0.000321
165 0 0 -0.000320
170 0 0 -0.000346
175 0 0 -0.000376
180 0 0 -0.000380
185 0 0 -0.000340
190 0 0 -0.000281
195 0 0 -0.000240
200 0 0 -0.000241
205 0 0 -0.000260
210 0 0 -0.000260
215 0 0 -0.000217
220 0 0 -0.000158
225 0 0 -0.000120
230 0 0 -0.000132
235 0 0 -0.000175
240 0 0 -0.000220
245 0 0 -0.000243
250 0 0 -0.000242
255 0 0 -0.000220
260 0 0 -0.000183
265 0 0 -0.000149
270 0 0 -0.000140
275 0 0 -0.000169
280 0 0 -0.000217
285 0 0 -0.000260
290 0 0 -0.000276
295 0 0 -0.000267
300 0 0 -0.000240
305 0 0 -0.000202
310 0 0 -0.000170
315 0 0 -0.000160
320 0 0 -0.000182
325 0 0 -0.000217
330 0 0 -0.000240
335 0 0 -0.000231
340 0 0 -0.000199
345 0 0 -0.000160
350 0 0 -0.000129
355 0 0 -0.000119
360 0 0 -0.000140
365 0 0 -0.000198
370 0 0 -0.000268
375 0 0 -0.000320
380 0 0 -0.000331
385 0 0 -0.000311
390 0 0 -0.000280
395 0 0 -0.000254
400 0 0 -0.000239
405 0 0 -0.000240
410 0 0 -0.000257
415 0 0 -0.000281
420 0 0 -0.000300
425 0 0 -0.000305
430 0 0 -0.000296
435 0 0 -0.000280
440 0 0 -0.000262
445 0 0 -0.000256
450 0 0 -0.000280
455 0 0 -0.000341
460 0 0 -0.000413
465 0 0 -0.000460
470 0 0 -0.000456
475 0 0 -0.000414
480 0 0 -0.000360
485 0 0 -0.000314
490 0 0 -0.000285
495 0 0 -0.000280
500 0 0 -0.000300
505 0 0 -0.000333
510 0 0 -0.000360
515 0 0 -0.000368
520 0 0 -0.000360
525 0 0 -0.000340
530 0 0 -0.000316
535 0 0 -0.000293
540 0 0 -0.000280
545 0 0 -0.000283
550 0 0 -0.000307
555 0 0 -0.000360
560 0 0 -0.000442
565 0 0 -0.000536
570 0 0 -0.000620
575 0 0 -0.000675
580 0 0 -0.000686
585 0 0 -0.000640
590 0 0 -0.000536
595 0 0 -0.000418
600 0 0 -0.000340
605 0 0 -0.000340
610 0 0 -0.000394
615 0 0 -0.000460
620 0 0 -0.000505
625 0 0 -0.000534
630 0 0 -0.000560
635 0 0 -0.000592
640 0 0 -0.000627
645 0 0 -0.000660
650 0 0 -0.000686
655 0 0 -0.000711
660 0 0 -0.000740
665 0 0 -0.000778
670 0 0 -0.000810
675 0 0 -0.000820
680 0 0 -0.000795
685 0 0 -0.000739
690 0 0 -0.000660
695 0 0 -0.000571
700 0 0 -0.000495
705 0 0 -0.000460
710 0 0 -0.000481
715 0 0 -0.000518
720 0 0 -0.000520
725 0 0 -0.000453
730 0 0 -0.000359
735 0 0 -0.000300
740 0 0 -0.000319
745 0 0 -0.000383
750 0 0 -0.000440
755 0 0 -0.000450
760 0 0 -0.000423
765 0 0 -0.000380
770 0 0 -0.000340
775 0 0 -0.000316
780 0 0 -0.000320
785 0 0 -0.000355
790 0 0 -0.000399
795 0 0 -0.000420
800 0 0 -0.000398
805 0 0 -0.000355
810 0 0 -0.000320
815 0 0 -0.000317
820 0 0 -0.000336
825 0 0 -0.000360
830 0 0 -0.000373
835 0 0 -0.000368
840 0 0 -0.000340
845 0 0 -0.000290
850 0 0 -0.000241
855 0 0 -0.000220
860 0 0 -0.000246
865 0 0 -0.000296
870 0 0 -0.000340
875 0 0 -0.000352
880 0 0 -0.000335
885 0 0 -0.000300
890 0 0 -0.000259
895 0 0 -0.000227
900 0 0 -0.000220
905 0 0 -0.000249
910 0 0 -0.000297
915 0 0 -0.000340
920 0 0 -0.000359
925 0 0 -0.000352
930 0 0 -0.000320
935 0 0 -0.000269
940 0 0 -0.000221
945 0 0 -0.000200
950 0 0 -0.000224
955 0 0 -0.000279
960 0 0 -0.000340
965 0 0 -0.000388
970 0 0 -0.000417
975 0 0 -0.000420
980 0 0 -0.000399
985 0 0 -0.000371
990 0 0 -0.000360
995 0 0 -0.000380
1000 0 0 -0.000414
1005 0 0 -0.000440
1010 0 0 -0.000439
1015 0 0 -0.000415
1020 0 0 -0.000380
1025 0 0 -0.000344
1030 0 0 -0.000314
1035 0 0 -0.000300
1040 0 0 -0.000307
1045 0 0 -0.000334
1050 0 0 -0.000380
1055 0 0 -0.000438
1060 0 0 -0.000487
1065 0 0 -0.000500
1070 0 0 -0.000462
1075 0 0 -0.000401
1080 0 0 -0.000360
1085 0 0 -0.000368
1090 0 0 -0.000414
1095 0 0 -0.000480
1100 0 0 -0.000544
1105 0 0 -0.000584
1110 0 0 -0.000580
1115 0 0 -0.000520
1120 0 0 -0.000438
1125 0 0 -0.000380
1130 0 0 -0.000376
1135 0 0 -0.000402
1140 0 0 -0.000420
1145 0 0 -0.000407
1150 0 0 -0.000402
1155 0 0 -0.000460
1160 0 0 -0.000612
1165 0 0 -0.000794
1170 0 0 -0.000920
1175 0 0 -0.000929
1180 0 0 -0.000860
1185 0 0 -0.000780
1190 0 0 -0.000736
1195 0 0 -0.000714
1200 0 0 -0.000680
1205 0 0 -0.000613
1210 0 0 -0.000530
1215 0 0 -0.000460
1220 0 0 -0.000423
1225 0 0 -0.000404
1230 0 0 -0.000380
1235 0 0 -0.000338
1240 0 0 -0.000306
1245 0 0 -0.000320
1250 0 0 -0.000401
1255 0 0 -0.000502
1260 0 0 -0.000560
1265 0 0 -0.000536
1270 0 0 -0.000484
1275 0 0 -0.000480
1280 0 0 -0.000576
1285 0 0 -0.000727
1290 0 0 -0.000860
1295 0 0 -0.000924
1300 0 0 -0.000938
1305 0 0 -0.000940
1310 0 0 -0.000956
1315 0 0 -0.000967
1320 0 0 -0.000940
1325 0 0 -0.000851
1330 0 0 -0.000696
1335 0 0 -0.000480
1340 0 0 -0.000246
1345 0 0 -0.000203
1350 0 0 -0.000600
1355 0 0 -0.001571
1360 0 0 -0.002791
1365 0 0 -0.003820
1370 0 0 -0.004332
1375 0 0 -0.004457
1380 0 0 -0.004440
1385 0 0 -0.004456
1390 0 0 -0.004396
1395 0 0 -0.004080
1400 0 0 -0.003395
1405 0 0 -0.002495
1410 0 0 -0.001600
1415 0 0 -0.000894
1420 0 0 -0.000409
1425 0 0 -0.000140
1430 0 0 -0.000069
1435 0 0 -0.000119
1440 0 0 -0.000200
1445 0 0 -0.000241
1450 0 0 -0.000241
1455 0 0 -0.000220
1460 0 0 -0.000194
1465 0 0 -0.000172
1470 0 0 -0.000160
1475 0 0 -0.000161
1480 0 0 -0.000170
1485 0 0 -0.000180
1490 0 0 -0.000185
1495 0 0 -0.000190
1500 0 0 -0.000200
1505 0 0 -0.000217
1510 0 0 -0.000224
1515 0 0 -0.000200
1520 0 0 -0.000137
1525 0 0 -0.000088
1530 0 0 -0.000120
1535 0 0 -0.000271
1540 0 0 -0.000455
1545 0 0 -0.000560
1550 0 0 -0.000508
1555 0 0 -0.000377
1560 0 0 -0.000280
1565 0 0 -0.000301
1570 0 0 -0.000394
1575 0 0 -0.000480
1580 0 0 -0.000501
1585 0 0 -0.000475
1590 0 0 -0.000440
1595 0 0 -0.000422
1600 0 0 -0.000410
1605 0 0 -0.000380
1610 0 0 -0.000320
1615 0 0 -0.000256
1620 0 0 -0.000220
1625 0 0 -0.000236
1630 0 0 -0.000281
1635 0 0 -0.000320
1640 0 0 -0.000327
1645 0 0 -0.000309
1650 0 0 -0.000280
1655 0 0 -0.000253
1660 0 0 -0.000237
1665 0 0 -0.000240
1670 0 0 -0.000266
1675 0 0 -0.000299
1680 0 0 -0.000320
1685 0 0 -0.000314
1690 0 0 -0.000295
1695 0 0 -0.000280
1700 0 0 -0.000284
1705 0 0 -0.000300
1710 0 0 -0.000320
1715 0 0 -0.000333
1720 0 0 -0.000335
1725 0 0 -0.000320
1730 0 0 -0.000287
1735 0 0 -0.000249
1740 0 0 -0.000220
1745 0 0 -0.000214
1750 0 0 -0.000228
1755 0 0 -0.000260
1760 0 0 -0.000302
1765 0 0 -0.000335
1770 0 0 -0.000340
1775 0 0 -0.000304
1780 0 0 -0.000247
1785 0 0 -0.000200
1790 0 0 -0.000187
1795 0 0 -0.000213
1800 0 0 -0.000280
1805 0 0 -0.000383
1810 0 0 -0.000504
1815 0 0 -0.000620
1820 0 0 -0.000710
1825 0 0 -0.000760
1830 0 0 -0.000760
1835 0 0 -0.000703
1840 0 0 -0.000603
1845 0 0 -0.000480
1850 0 0 -0.000354
1855 0 0 -0.000257
1860 0 0 -0.000220
1865 0 0 -0.000264
1870 0 0 -0.000353
1875 0 0 -0.000440
1880 0 0 -0.000486
1885 0 0 -0.000490
1890 0 0 -0.000460
1895 0 0 -0.000408
1900 0 0 -0.000358
1905 0 0 -0.000340
1910 0 0 -0.000370
1915 0 0 -0.000417
1920 0 0 -0.000440
1925 0 0 -0.000410
1930 0 0 -0.000356
1935 0 0 -0.000320
1940 0 0 -0.000338
1945 0 0 -0.000428
1950 0 0 -0.000600
1955 0 0 -0.000843
1960 0 0 -0.001047
1965 0 0 -0.001080
1970 0 0 -0.000860
1975 0 0 -0.000514
1980 0 0 -0.000220
1985 0 0 -0.000111
1990 0 0 -0.000137
1995 0 0 -0.000200
2000 0 0 -0.000227
2005 0 0 -0.000234
2010 0 0 -0.000260
2015 0 0 -0.000328
2020 0 0 -0.000400
2025 0 0 -0.000420
2030 0 0 -0.000354
2035 0 0 -0.000252
2040 0 0 -0.000180
2045 0 0 -0.000189
2050 0 0 -0.000252
2055 0 0 -0.000320
2060 0 0 -0.000356
2065 0 0 -0.000360
2070 0 0 -0.000340
2075 0 0 -0.000305
2080 0 0 -0.000263
2085 0 0 -0.000220
2090 0 0 -0.000184
2095 0 0 -0.000166
2100 0 0 -0.000180
2105 0 0 -0.000231
2110 0 0 -0.000295
2115 0 0 -0.000340
2120 0 0 -0.000343
2125 0 0 -0.000316
2130 0 0 -0.000280
2135 0 0 -0.000253
2140 0 0 -0.000244
2145 0 0 -0.000260
2150 0 0 -0.000302
2155 0 0 -0.000345
2160 0 0 -0.000360
2165 0 0 -0.000328
2170 0 0 -0.000281
2175 0 0 -0.000260
2180 0 0 -0.000294
2185 0 0 -0.000350
2190 0 0 -0.000380
2195 0 0 -0.000352
2200 0 0 -0.000291
2205 0 0 -0.000240
2210 0 0 -0.000229
2215 0 0 -0.000249
2220 0 0 -0.000280
2225 0 0 -0.000305
2230 0 0 -0.000314
2235 0 0 -0.000300
2240 0 0 -0.000261
2245 0 0 -0.000218
2250 0 0 -0.000200
2255 0 0 -0.000224
2260 0 0 -0.000268
2265 0 0 -0.000300
2270 0 0 -0.000298
2275 0 0 -0.000277
2280 0 0 -0.000260
2285 0 0 -0.000265
2290 0 0 -0.000288
2295 0 0 -0.000320
2300 0 0 -0.000350
2305 0 0 -0.000367
2310 0 0 -0.000360
2315 0 0 -0.000323
2320 0 0 -0.000275
2325 0 0 -0.000240
2330 0 0 -0.000236
2335 0 0 -0.000255
2340 0 0 -0.000280
2345 0 0 -0.000298
2350 0 0 -0.000300
2355 0 0 -0.000280
2360 0 0 -0.000238
2365 0 0 -0.000201
2370 0 0 -0.000200
2375 0 0 -0.000255
2380 0 0 -0.000332
2385 0 0 -0.000380
2390 0 0 -0.000368
2395 0 0 -0.000331
2400 0 0 -0.000320
2405 0 0 -0.000371
2410 0 0 -0.000453
2415 0 0 -0.000520
2420 0 0 -0.000534
2425 0 0 -0.000497
2430 0 0 -0.000420
2435 0 0 -0.000320
2440 0 0 -0.000233
2445 0 0 -0.000200
2450 0 0 -0.000246
2455 0 0 -0.000331
2460 0 0 -0.000400
2465 0 0 -0.000419
2470 0 0 -0.000446
2475 0 0 -0.000560
2480 0 0 -0.000828
2485 0 0 -0.001267
2490 0 0 -0.001880
2495 0 0 -0.002621
2500 0 0 -0.003246
2505 0 0 -0.003460
2510 0 0 -0.003076
2515 0 0 -0.002344
2520 0 0 -0.001620
2525 0 0 -0.001190
2530 0 0 -0.001049
2535 0 0 -0.001120
2540 0 0 -0.001321
2545 0 0 -0.001551
2550 0 0 -0.001700
2555 0 0 -0.001697
2560 0 0 -0.001609
2565 0 0 -0.001540
2570 0 0 -0.001561
2575 0 0 -0.001616
2580 0 0 -0.001620
2585 0 0 -0.001513
2590 0 0 -0.001352
2595 0 0 -0.001220
2600 0 0 -0.001175
2605 0 0 -0.001167
2610 0 0 -0.001120
2615 0 0 -0.000984
2620 0 0 -0.000811
2625 0 0 -0.000680
2630 0 0 -0.000647
2635 0 0 -0.000679
2640 0 0 -0.000720
2645 0 0 -0.000727
2650 0 0 -0.000702
2655 0 0 -0.000660
2660 0 0 -0.000614
2665 0 0 -0.000567
2670 0 0 -0.000520
2675 0 0 -0.000474
2680 0 0 -0.000438
2685 0 0 -0.000420
2690 0 0 -0.000427
2695 0 0 -0.000455
2700 0 0 -0.000500
2705 0 0 -0.000555
2710 0 0 -0.000607
2715 0 0 -0.000640
2720 0 0 -0.000645
2725 0 0 -0.000627
2730 0 0 -0.000600
2735 0 0 -0.000572
2740 0 0 -0.000545
2745 0 0 -0.000520
2750 0 0 -0.000496
2755 0 0 -0.000471
2760 0 0 -0.000440
2765 0 0 -0.000403
2770 0 0 -0.000372
2775 0 0 -0.000360
2780 0 0 -0.000377
2785 0 0 -0.000404
2790 0 0 -0.000420
2795 0 0 -0.000408
2800 0 0 -0.000381
2805 0 0 -0.000360
2810 0 0 -0.000360
2815 0 0 -0.000377
2820 0 0 -0.000400
2825 0 0 -0.000420
2830 0 0 -0.000429
2835 0 0 -0.000420
2840 0 0 -0.000391
2845 0 0 -0.000358
2850 0 0 -0.000340
2855 0 0 -0.000352
2860 0 0 -0.000389
2865 0 0 -0.000440
2870 0 0 -0.000493
2875 0 0 -0.000527
2880 0 0 -0.000520
2885 0 0 -0.000459
2890 0 0 -0.000378
2895 0 0 -0.000320
2900 0 0 -0.000318
2905 0 0 -0.000354
2910 0 0 -0.000400
2915 0 0 -0.000430
2920 0 0 -0.000437
2925 0 0 -0.000420
2930 0 0 -0.000380
2935 0 0 -0.000339
2940 0 0 -0.000320
2945 0 0 -0.000339
2950 0 0 -0.000376
2955 0 0 -0.000400
2960 0 0 -0.000391
2965 0 0 -0.000368
2970 0 0 -0.000360
2975 0 0 -0.000386
2980 0 0 -0.000423
2985 0 0 -0.000440
2990 0 0 -0.000415
2995 0 0 -0.000371
3000 0 0 -0.000340
3005 0 0 -0.000347
3010 0 0 -0.000380
3015 0 0 -0.000420
3020 0 0 -0.000448
3025 0 0 -0.000451
3030 0 0 -0.000420
3035 0 0 -0.000351
3040 0 0 -0.000278
3045 0 0 -0.000240
3050 0 0 -0.000264
3055 0 0 -0.000314
3060 0 0 -0.000340
3065 0 0 -0.000307
3070 0 0 -0.000250
3075 0 0 -0.000220
3080 0 0 -0.000250
3085 0 0 -0.000307
3090 0 0 -0.000340
3095 0 0 -0.000315
3100 0 0 -0.000260
3105 0 0 -0.000220
3110 0 0 -0.000228
3115 0 0 -0.000265
3120 0 0 -0.000300
3125 0 0 -0.000309
3130 0 0 -0.000293
3135 0 0 -0.000260
3140 0 0 -0.000220
3145 0 0 -0.000189
3150 0 0 -0.000180
3155 0 0 -0.000204
3160 0 0 -0.000245
3165 0 0 -0.000280
3170 0 0 -0.000291
3175 0 0 -0.000276
3180 0 0 -0.000240
3185 0 0 -0.000188
3190 0 0 -0.000140
3195 0 0 -0.000120
3200 0 0 -0.000142
3205 0 0 -0.000190
3210 0 0 -0.000240
3215 0 0 -0.000269
3220 0 0 -0.000265
3225 0 0 -0.000220
3230 0 0 -0.000138
3235 0 0 -0.000080
3240 0 0 -0.000120
3245 0 0 -0.000314
3250 0 0 -0.000646
3255 0 0 -0.001080
3260 0 0 -0.001555
3265 0 0 -0.001906
3270 0 0 -0.001940
3275 0 0 -0.001548
3280 0 0 -0.000947
3285 0 0 -0.000440
3290 0 0 -0.000249
3295 0 0 -0.000290
3300 0 0 -0.000400
3305 0 0 -0.000450
3310 0 0 -0.000439
3315 0 0 -0.000400
3320 0 0 -0.000361
3325 0 0 -0.000337
3330 0 0 -0.000340
3335 0 0 -0.000374
3340 0 0 -0.000417
3345 0 0 -0.000440
3350 0 0 -0.000422
3355 0 0 -0.000381
3360 0 0 -0.000340
3365 0 0 -0.000321
3370 0 0 -0.000328
3375 0 0 -0.000360
3380 0 0 -0.000411
3385 0 0 -0.000449
3390 0 0 -0.000440
3395 0 0 -0.000368
3400 0 0 -0.000303
3405 0 0 -0.000340
3410 0 0 -0.000532
3415 0 0 -0.000783
3420 0 0 -0.000960
3425 0 0 -0.000963
3430 0 0 -0.000831
3435 0 0 -0.000640
3440 0 0 -0.000458
3445 0 0 -0.000326
3450 0 0 -0.000280
3455 0 0 -0.000336
3460 0 0 -0.000430
3465 0 0 -0.000480
3470 0 0 -0.000430
3475 0 0 -0.000332
3480 0 0 -0.000260
3485 0 0 -0.000271
3490 0 0 -0.000335
3495 0 0 -0.000400
3500 0 0 -0.000426
3505 0 0 -0.000419
3510 0 0 -0.000400
3515 0 0 -0.000384
3520 0 0 -0.000371
3525 0 0 -0.000360
3530 0 0 -0.000349
3535 0 0 -0.000341
3540 0 0 -0.000340
3545 0 0 -0.000346
3550 0 0 -0.000350
3555 0 0 -0.000340
3560 0 0 -0.000308
3565 0 0 -0.000268
3570 0 0 -0.000240
3575 0 0 -0.000238
3580 0 0 -0.000260
3585 0 0 -0.000300
3590 0 0 -0.000349
3595 0 0 -0.000388
3600 0 0 -0.000400
3605 0 0 -0.000373
3610 0 0 -0.000334
3615 0 0 -0.000320
3620 0 0 -0.000353
3625 0 0 -0.000401
3630 0 0 -0.000420
3635 0 0 -0.000380
3640 0 0 -0.000311
3645 0 0 -0.000260
3650 0 0 -0.000262
3655 0 0 -0.000303
3660 0 0 -0.000360
3665 0 0 -0.000410
3670 0 0 -0.000441
3675 0 0 -0.000440
3680 0 0 -0.000404
3685 0 0 -0.000354
3690 0 0 -0.000320
3695 0 0 -0.000322
3700 0 0 -0.000343
3705 0 0 -0.000360
3710 0 0 -0.000352
3715 0 0 -0.000323
3720 0 0 -0.000280
3725 0 0 -0.000234
3730 0 0 -0.000202
3735 0 0 -0.000200
3740 0 0 -0.000238
3745 0 0 -0.000290
3750 0 0 -0.000320
3755 0 0 -0.000304
3760 0 0 -0.000260
3765 0 0 -0.000220
3770 0 0 -0.000207
3775 0 0 -0.000222
3780 0 0 -0.000260
3785 0 0 -0.000309
3790 0 0 -0.000335
3795 0 0 -0.000300
3800 0 0 -0.000193
3805 0 0 -0.000121
3810 0 0 -0.000220
3815 0 0 -0.000562
3820 0 0 -0.000964
3825 0 0 -0.001180
3830 0 0 -0.001052
3835 0 0 -0.000777
3840 0 0 -0.000640
3845 0 0 -0.000829
3850 0 0 -0.001142
3855 0 0 -0.001280
3860 0 0 -0.001041
3865 0 0 -0.000618
3870 0 0 -0.000300
3875 0 0 -0.000300
3880 0 0 -0.000518
3885 0 0 -0.000780
3890 0 0 -0.000944
3895 0 0 -0.001017
3900 0 0 -0.001040
3905 0 0 -0.001048
3910 0 0 -0.001048
3915 0 0 -0.001040
3920 0 0 -0.001024
3925 0 0 -0.000999
3930 0 0 -0.000960
3935 0 0 -0.000903
3940 0 0 -0.000815
3945 0 0 -0.000680
3950 0 0 -0.000507
3955 0 0 -0.000408
3960 0 0 -0.000520
3965 0 0 -0.000950
3970 0 0 -0.001685
3975 0 0 -0.002680
3980 0 0 -0.003863
3985 0 0 -0.005047
3990 0 0 -0.006020
3995 0 0 -0.006573
4000 0 0 -0.006524
4005 0 0 -0.005700
4010 0 0 -0.004114
4015 0 0 -0.002534
4020 0 0 -0.001920
4025 0 0 -0.002881
4030 0 0 -0.004637
4035 0 0 -0.006060
4040 0 0 -0.006317
4045 0 0 -0.005761
4050 0 0 -0.005040
4055 0 0 -0.004630
4060 0 0 -0.004314
4065 0 0 -0.003700
4070 0 0 -0.002587
4075 0 0 -0.001532
4080 0 0 -0.001280
4085 0 0 -0.002298
4090 0 0 -0.003940
4095 0 0 -0.005280
4100 0 0 -0.005637
4105 0 0 -0.005304
4110 0 0 -0.004820
4115 0 0 -0.004574
4120 0 0 -0.004365
4125 0 0 -0.003840
4130 0 0 -0.002787
4135 0 0 -0.001542
4140 0 0 -0.000580
4145 0 0 -0.000243
4150 0 0 -0.000353
4155 0 0 -0.000600
4160 0 0 -0.000732
4165 0 0 -0.000732
4170 0 0 -0.000640
4175 0 0 -0.000498
4180 0 0 -0.000355
4185 0 0 -0.000260
4190 0 0 -0.000246
4195 0 0 -0.000282
4200 0 0 -0.000320
4205 0 0 -0.000326
4210 0 0 -0.000311
4215 0 0 -0.000300
4220 0 0 -0.000310
4225 0 0 -0.000330
4230 0 0 -0.000340
4235 0 0 -0.000328
4240 0 0 -0.000298
4245 0 0 -0.000260
4250 0 0 -0.000224
4255 0 0 -0.000195
4260 0 0 -0.000180
4265 0 0 -0.000181
4270 0 0 -0.000191
4275 0 0 -0.000200
4280 0 0 -0.000200
4285 0 0 -0.000197
4290 0 0 -0.000200
4295 0 0 -0.000213
4300 0 0 -0.000225
4305 0 0 -0.000220
4310 0 0 -0.000188
4315 0 0 -0.000152
4320 0 0 -0.000140
4325 0 0 -0.000171
4330 0 0 -0.000222
4335 0 0 -0.000260
4340 0 0 -0.000262
4345 0 0 -0.000236
4350 0 0 -0.000200
4355 0 0 -0.000170
4360 0 0 -0.000155
4365 0 0 -0.000160
4370 0 0 -0.000189
4375 0 0 -0.000233
4380 0 0 -0.000280
4385 0 0 -0.000319
4390 0 0 -0.000336
4395 0 0 -0.000320
4400 0 0 -0.000268
4405 0 0 -0.000224
4410 0 0 -0.000240
4415 0 0 -0.000346
4420 0 0 -0.000476
4425 0 0 -0.000540
4430 0 0 -0.000477
4435 0 0 -0.000352
4440 0 0 -0.000260
4445 0 0 -0.000269
4450 0 0 -0.000343
4455 0 0 -0.000420
4460 0 0 -0.000452
4465 0 0 -0.000445
4470 0 0 -0.000420
4475 0 0 -0.000394
4480 0 0 -0.000368
4485 0 0 -0.000340
4490 0 0 -0.000310
4495 0 0 -0.000287
4500 0 0 -0.000280
4505 0 0 -0.000297
4510 0 0 -0.000328
4515 0 0 -0.000360
4520 0 0 -0.000381
4525 0 0 -0.000383
4530 0 0 -0.000360
4535 0 0 -0.000310
4540 0 0 -0.000254
4545 0 0 -0.000220
4550 0 0 -0.000227
4555 0 0 -0.000260
4560 0 0 -0.000300
4565 0 0 -0.000327
4570 0 0 -0.000335
4575 0 0 -0.000320
4580 0 0 -0.000283
4585 0 0 -0.000242
4590 0 0 -0.000220
4595 0 0 -0.000232
4600 0 0 -0.000266
4605 0 0 -0.000300
4610 0 0 -0.000318
4615 0 0 -0.000318
4620 0 0 -0.000300
4625 0 0 -0.000268
4630 0 0 -0.000236
4635 0 0 -0.000220
4640 0 0 -0.000231
4645 0 0 -0.000258
4650 0 0 -0.000280
4655 0 0 -0.000286
4660 0 0 -0.000281
4665 0 0 -0.000280
4670 0 0 -0.000290
4675 0 0 -0.000307
4680 0 0 -0.000320
4685 0 0 -0.000326
4690 0 0 -0.000334
4695 0 0 -0.000360
4700 0 0 -0.000413
4705 0 0 -0.000479
4710 0 0 -0.000540
4715 0 0 -0.000578
4720 0 0 -0.000581
4725 0 0 -0.000540
4730 0 0 -0.000459
4735 0 0 -0.000400
4740 0 0 -0.000440
4745 0 0 -0.000620
4750 0 0 -0.000834
4755 0 0 -0.000940
4760 0 0 -0.000844
4765 0 0 -0.000637
4770 0 0 -0.000460
4775 0 0 -0.000415
4780 0 0 -0.000466
4785 0 0 -0.000540
4790 0 0 -0.000578
4795 0 0 -0.000575
4800 0 0 -0.000540
4805 0 0 -0.000484
4810 0 0 -0.000424
4815 0 0 -0.000380
4820 0 0 -0.000365
4825 0 0 -0.000365
4830 0 0 -0.000360
4835 0 0 -0.000336
4840 0 0 -0.000298
4845 0 0 -0.000260
4850 0 0 -0.000231
4855 0 0 -0.000211
4860 0 0 -0.000200
4865 0 0 -0.000195
4870 0 0 -0.000196
4875 0 0 -0.000200
4880 0 0 -0.000208
4885 0 0 -0.000226
4890 0 0 -0.000260
4895 0 0 -0.000311
4900 0 0 -0.000355
4905 0 0 -0.000360
4910 0 0 -0.000310
4915 0 0 -0.000240
4920 0 0 -0.000200
4925 0 0 -0.000225
4930 0 0 -0.000291
4935 0 0 -0.000360
4940 0 0 -0.000400
4945 0 0 -0.000401
4950 0 0 -0.000360
4955 0 0 -0.000283
4960 0 0 -0.000207
4965 0 0 -0.000180
4970 0 0 -0.000230
4975 0 0 -0.000316
4980 0 0 -0.000380
4985 0 0 -0.000381
4990 0 0 -0.000346
4995 0 0 -0.000320
5000 0 0 -0.000334
5005 0 0 -0.000366
5010 0 0 -0.000380
5015 0 0 -0.000352
5020 0 0 -0.000302
5025 0 0 -0.000260
5030 0 0 -0.000249
5035 0 0 -0.000266
5040 0 0 -0.000300
5045 0 0 -0.000340
5050 0 0 -0.000366
5055 0 0 -0.000360
5060 0 0 -0.000311
5065 0 0 -0.000251
5070 0 0 -0.000220
5075 0 0 -0.000248
5080 0 0 -0.000312
5085 0 0 -0.000380
5090 0 0 -0.000422
5095 0 0 -0.000430
5100 0 0 -0.000400
5105 0 0 -0.000334
5110 0 0 -0.000262
5115 0 0 -0.000220
5120 0 0 -0.000232
5125 0 0 -0.000277
5130 0 0 -0.000320
5135 0 0 -0.000335
5140 0 0 -0.000324
5145 0 0 -0.000300
5150 0 0 -0.000272
5155 0 0 -0.000249
5160 0 0 -0.000240
5165 0 0 -0.000251
5170 0 0 -0.000275
5175 0 0 -0.000300
5180 0 0 -0.000318
5185 0 0 -0.000325
5190 0 0 -0.000320
5195 0 0 -0.000303
5200 0 0 -0.000280
5205 0 0 -0.000260
5210 0 0 -0.000249
5215 0 0 -0.000249
5220 0 0 -0.000260
5225 0 0 -0.000283
5230 0 0 -0.000311
5235 0 0 -0.000340
5240 0 0 -0.000362
5245 0 0 -0.000371
5250 0 0 -0.000360
5255 0 0 -0.000326
5260 0 0 -0.000285
5265 0 0 -0.000260
5270 0 0 -0.000265
5275 0 0 -0.000290
5280 0 0 -0.000320
5285 0 0 -0.000339
5290 0 0 -0.000336
5295 0 0 -0.000300
5300 0 0 -0.000232
5305 0 0 -0.000184
5310 0 0 -0.000220
5315 0 0 -0.000374
5320 0 0 -0.000570
5325 0 0 -0.000700
5330 0 0 -0.000689
5335 0 0 -0.000578
5340 0 0 -0.000440
5345 0 0 -0.000349
5350 0 0 -0.000387
5355 0 0 -0.000640
5360 0 0 -0.001144
5365 0 0 -0.001735
5370 0 0 -0.002200
5375 0 0 -0.002372
5380 0 0 -0.002271
5385 0 0 -0.001960
5390 0 0 -0.001519
5395 0 0 -0.001077
5400 0 0 -0.000780
5405 0 0 -0.000724
5410 0 0 -0.000817
5415 0 0 -0.000920
5420 0 0 -0.000927
5425 0 0 -0.000857
5430 0 0 -0.000760
5435 0 0 -0.000683
5440 0 0 -0.000649
5445 0 0 -0.000680
5450 0 0 -0.000777
5455 0 0 -0.000872
5460 0 0 -0.000880
5465 0 0 -0.000750
5470 0 0 -0.000564
5475 0 0 -0.000440
5480 0 0 -0.000458
5485 0 0 -0.000553
5490 0 0 -0.000620
5495 0 0 -0.000589
5500 0 0 -0.000514
5505 0 0 -0.000480
5510 0 0 -0.000544
5515 0 0 -0.000647
5520 0 0 -0.000700
5525 0 0 -0.000644
5530 0 0 -0.000535
5535 0 0 -0.000460
5540 0 0 -0.000476
5545 0 0 -0.000535
5550 0 0 -0.000560
5555 0 0 -0.000501
5560 0 0 -0.000419
5565 0 0 -0.000400
5570 0 0 -0.000498
5575 0 0 -0.000635
5580 0 0 -0.000700
5585 0 0 -0.000618
5590 0 0 -0.000461
5595 0 0 -0.000340
5600 0 0 -0.000334
5605 0 0 -0.000404
5610 0 0 -0.000480
5615 0 0 -0.000506
5620 0 0 -0.000486
5625 0 0 -0.000440
5630 0 0 -0.000387
5635 0 0 -0.000352
5640 0 0 -0.000360
5645 0 0 -0.000424
5650 0 0 -0.000503
5655 0 0 -0.000540
5660 0 0 -0.000500
5665 0 0 -0.000421
5670 0 0 -0.000360
5675 0 0 -0.000359
5680 0 0 -0.000398
5685 0 0 -0.000440
5690 0 0 -0.000457
5695 0 0 -0.000448
5700 0 0 -0.000420
5705 0 0 -0.000383
5710 0 0 -0.000356
5715 0 0 -0.000360
5720 0 0 -0.000405
5725 0 0 -0.000459
5730 0 0 -0.000480
5735 0 0 -0.000440
5740 0 0 -0.000367
5745 0 0 -0.000300
5750 0 0 -0.000271
5755 0 0 -0.000271
5760 0 0 -0.000280
5765 0 0 -0.000282
5770 0 0 -0.000275
5775 0 0 -0.000260
5780 0 0 -0.000240
5785 0 0 -0.000224
5790 0 0 -0.000220
5795 0 0 -0.000235
5800 0 0 -0.000260
5805 0 0 -0.000280
5810 0 0 -0.000286
5815 0 0 -0.000283
5820 0 0 -0.000280
5825 0 0 -0.000283
5830 0 0 -0.000292
5835 0 0 -0.000300
5840 0 0 -0.000307
5845 0 0 -0.000317
5850 0 0 -0.000340
5855 0 0 -0.000377
5860 0 0 -0.000406
5865 0 0 -0.000400
5870 0 0 -0.000345
5875 0 0 -0.000275
5880 0 0 -0.000240
5885 0 0 -0.000271
5890 0 0 -0.000340
5895 0 0 -0.000400
5900 0 0 -0.000419
5905 0 0 -0.000405
5910 0 0 -0.000380
5915 0 0 -0.000360
5920 0 0 -0.000348
5925 0 0 -0.000340
5930 0 0 -0.000335
5935 0 0 -0.000330
5940 0 0 -0.000320
5945 0 0 -0.000304
5950 0 0 -0.000288
5955 0 0 -0.000280
5960 0 0 -0.000285
5965 0 0 -0.000290
5970 0 0 -0.000280
5975 0 0 -0.000245
5980 0 0 -0.000209
5985 0 0 -0.000200
5990 0 0 -0.000237
5995 0 0 -0.000291
6000 0 0 -0.000320
6005 0 0 -0.000295
6010 0 0 -0.000242
6015 0 0 -0.000200
6020 0 0 -0.000197
6025 0 0 -0.000223
6030 0 0 -0.000260
6035 0 0 -0.000289
6040 0 0 -0.000300
6045 0 0 -0.000280
6050 0 0 -0.000227
6055 0 0 -0.000163
6060 0 0 -0.000120
6065 0 0 -0.000118
6070 0 0 -0.000145
6075 0 0 -0.000180
6080 0 0 -0.000205
6085 0 0 -0.000213
6090 0 0 -0.000200
6095 0 0 -0.000166
6100 0 0 -0.000131
6105 0 0 -0.000120
6110 0 0 -0.000149
6115 0 0 -0.000203
6120 0 0 -0.000260
6125 0 0 -0.000304
6130 0 0 -0.000345
6135 0 0 -0.000400
6140 0 0 -0.000477
6145 0 0 -0.000554
6150 0 0 -0.000600
6155 0 0 -0.000593
6160 0 0 -0.000541
6165 0 0 -0.000460
6170 0 0 -0.000370
6175 0 0 -0.000299
6180 0 0 -0.000280
6185 0 0 -0.000329
6190 0 0 -0.000402
6195 0 0 -0.000440
6200 0 0 -0.000406
6205 0 0 -0.000344
6210 0 0 -0.000320
6215 0 0 -0.000378
6220 0 0 -0.000478
6225 0 0 -0.000560
6230 0 0 -0.000576
6235 0 0 -0.000541
6240 0 0 -0.000480
6245 0 0 -0.000420
6250 0 0 -0.000375
6255 0 0 -0.000360
6260 0 0 -0.000381
6265 0 0 -0.000421
6270 0 0 -0.000460
6275 0 0 -0.000479
6280 0 0 -0.000472
6285 0 0 -0.000440
6290 0 0 -0.000387
6295 0 0 -0.000342
6300 0 0 -0.000340
6305 0 0 -0.000401
6310 0 0 -0.000475
6315 0 0 -0.000500
6320 0 0 -0.000436
6325 0 0 -0.000346
6330 0 0 -0.000320
6335 0 0 -0.000414
6340 0 0 -0.000551
6345 0 0 -0.000620
6350 0 0 -0.000549
6355 0 0 -0.000417
6360 0 0 -0.000340
6365 0 0 -0.000397
6370 0 0 -0.000524
6375 0 0 -0.000620
6380 0 0 -0.000615
6385 0 0 -0.000566
6390 0 0 -0.000560
6395 0 0 -0.000652
6400 0 0 -0.000767
6405 0 0 -0.000800
6410 0 0 -0.000680
6415 0 0 -0.000482
6420 0 0 -0.000320
6425 0 0 -0.000276
6430 0 0 -0.000312
6435 0 0 -0.000360
6440 0 0 -0.000368
6445 0 0 -0.000351
6450 0 0 -0.000340
6455 0 0 -0.000355
6460 0 0 -0.000378
6465 0 0 -0.000380
6470 0 0 -0.000344
6475 0 0 -0.000303
6480 0 0 -0.000300
6485 0 0 -0.000362
6490 0 0 -0.000444
6495 0 0 -0.000480
6500 0 0 -0.000430
6505 0 0 -0.000340
6510 0 0 -0.000280
6515 0 0 -0.000298
6520 0 0 -0.000357
6525 0 0 -0.000400
6530 0 0 -0.000385
6535 0 0 -0.000338
6540 0 0 -0.000300
6545 0 0 -0.000301
6550 0 0 -0.000329
6555 0 0 -0.000360
6560 0 0 -0.000373
6565 0 0 -0.000366
6570 0 0 -0.000340
6575 0 0 -0.000299
6580 0 0 -0.000264
6585 0 0 -0.000260
6590 0 0 -0.000300
6595 0 0 -0.000353
6600 0 0 -0.000380
6605 0 0 -0.000352
6610 0 0 -0.000293
6615 0 0 -0.000240
6620 0 0 -0.000221
6625 0 0 -0.000232
6630 0 0 -0.000260
6635 0 0 -0.000292
6640 0 0 -0.000316
6645 0 0 -0.000320
6650 0 0 -0.000299
6655 0 0 -0.000272
6660 0 0 -0.000260
6665 0 0 -0.000280
6670 0 0 -0.000315
6675 0 0 -0.000340
6680 0 0 -0.000336
6685 0 0 -0.000311
6690 0 0 -0.000280
6695 0 0 -0.000257
6700 0 0 -0.000253
6705 0 0 -0.000280
6710 0 0 -0.000341
6715 0 0 -0.000411
6720 0 0 -0.000460
6725 0 0 -0.000467
6730 0 0 -0.000455
6735 0 0 -0.000460
6740 0 0 -0.000501
6745 0 0 -0.000544
6750 0 0 -0.000540
6755 0 0 -0.000461
6760 0 0 -0.000362
6765 0 0 -0.000320
6770 0 0 -0.000383
6775 0 0 -0.000487
6780 0 0 -0.000540
6785 0 0 -0.000486
6790 0 0 -0.000416
6795 0 0 -0.000460
6800 0 0 -0.000717
6805 0 0 -0.001171
6810 0 0 -0.001780
6815 0 0 -0.002461
6820 0 0 -0.002979
6825 0 0 -0.003060
6830 0 0 -0.002563
6835 0 0 -0.001876
6840 0 0 -0.001520
6845 0 0 -0.001867
6850 0 0 -0.002697
6855 0 0 -0.003640
6860 0 0 -0.004391
6865 0 0 -0.004905
6870 0 0 -0.005200
6875 0 0 -0.005277
6880 0 0 -0.005061
6885 0 0 -0.004460
6890 0 0 -0.003457
6895 0 0 -0.002337
6900 0 0 -0.001460
6905 0 0 -0.001081
6910 0 0 -0.001042
6915 0 0 -0.001080
6920 0 0 -0.000993
6925 0 0 -0.000830
6930 0 0 -0.000700
6935 0 0 -0.000679
6940 0 0 -0.000715
6945 0 0 -0.000720
6950 0 0 -0.000637
6955 0 0 -0.000522
6960 0 0 -0.000460
6965 0 0 -0.000507
6970 0 0 -0.000604
6975 0 0 -0.000660
6980 0 0 -0.000615
6985 0 0 -0.000527
6990 0 0 -0.000480
6995 0 0 -0.000531
7000 0 0 -0.000621
7005 0 0 -0.000660
7010 0 0 -0.000593
7015 0 0 -0.000496
7020 0 0 -0.000480
7025 0 0 -0.000614
7030 0 0 -0.000800
7035 0 0 -0.000900
7040 0 0 -0.000820
7045 0 0 -0.000644
7050 0 0 -0.000500
7055 0 0 -0.000480
7060 0 0 -0.000535
7065 0 0 -0.000580
7070 0 0 -0.000554
7075 0 0 -0.000484
7080 0 0 -0.000420
7085 0 0 -0.000400
7090 0 0 -0.000409
7095 0 0 -0.000420
7100 0 0 -0.000413
7105 0 0 -0.000394
7110 0 0 -0.000380
7115 0 0 -0.000381
7120 0 0 -0.000396
7125 0 0 -0.000420
7130 0 0 -0.000448
7135 0 0 -0.000466
7140 0 0 -0.000460
7145 0 0 -0.000423
7150 0 0 -0.000379
7155 0 0 -0.000360
7160 0 0 -0.000386
7165 0 0 -0.000427
7170 0 0 -0.000440
7175 0 0 -0.000399
7180 0 0 -0.000336
7185 0 0 -0.000300
7190 0 0 -0.000323
7195 0 0 -0.000378
7200 0 0 -0.000420
7205 0 0 -0.000417
7210 0 0 -0.000378
7215 0 0 -0.000320
7220 0 0 -0.000262
7225 0 0 -0.000222
7230 0 0 -0.000220
7235 0 0 -0.000264
7240 0 0 -0.000325
7245 0 0 -0.000360
7250 0 0 -0.000343
7255 0 0 -0.000297
7260 0 0 -0.000260
7265 0 0 -0.000258
7270 0 0 -0.000278
7275 0 0 -0.000300
7280 0 0 -0.000308
7285 0 0 -0.000315
7290 0 0 -0.000340
7295 0 0 -0.000395
7300 0 0 -0.000453
7305 0 0 -0.000480
7310 0 0 -0.000453
7315 0 0 -0.000399
7320 0 0 -0.000360
7325 0 0 -0.000366
7330 0 0 -0.000406
7335 0 0 -0.000460
7340 0 0 -0.000509
7345 0 0 -0.000535
7350 0 0 -0.000520
7355 0 0 -0.000456
7360 0 0 -0.000371
7365 0 0 -0.000300
7370 0 0 -0.000270
7375 0 0 -0.000271
7380 0 0 -0.000280
7385 0 0 -0.000283
7390 0 0 -0.000280
7395 0 0 -0.000280
7400 0 0 -0.000286
7405 0 0 -0.000289
7410 0 0 -0.000280
7415 0 0 -0.000253
7420 0 0 -0.000225
7425 0 0 -0.000220
7430 0 0 -0.000251
7435 0 0 -0.000295
7440 0 0 -0.000320
7445 0 0 -0.000304
7450 0 0 -0.000262
7455 0 0 -0.000220
7460 0 0 -0.000199
7465 0 0 -0.000206
7470 0 0 -0.000240
7475 0 0 -0.000298
7480 0 0 -0.000355
7485 0 0 -0.000380
7490 0 0 -0.000352
7495 0 0 -0.000295
7500 0 0 -0.000240
7505 0 0 -0.000215
7510 0 0 -0.000217
7515 0 0 -0.000240
7520 0 0 -0.000272
7525 0 0 -0.000293
7530 0 0 -0.000280
7535 0 0 -0.000223
7540 0 0 -0.000170
7545 0 0 -0.000180
7550 0 0 -0.000281
7555 0 0 -0.000362
7560 0 0 -0.000280
7565 0 0 0.000010
7570 0 0 0.000149
7575 0 0 -0.000320
7580 0 0 -0.001642
7585 0 0 -0.003205
7590 0 0 -0.004180
7595 0 0 -0.003990
7600 0 0 -0.003053
7605 0 0 -0.002040
7610 0 0 -0.001465
7615 0 0 -0.001229
7620 0 0 -0.001080
7625 0 0 -0.000827
7630 0 0 -0.000532
7635 0 0 -0.000320
7640 0 0 -0.000279
7645 0 0 -0.000351
7650 0 0 -0.000440
7655 0 0 -0.000471
7660 0 0 -0.000454
7665 0 0 -0.000420
7670 0 0 -0.000395
7675 0 0 -0.000387
7680 0 0 -0.000400
7685 0 0 -0.000431
7690 0 0 -0.000455
7695 0 0 -0.000440
7700 0 0 -0.000368
7705 0 0 -0.000272
7710 0 0 -0.000200
7715 0 0 -0.000185
7720 0 0 -0.000205
7725 0 0 -0.000220
7730 0 0 -0.000204
7735 0 0 -0.000170
7740 0 0 -0.000140
7745 0 0 -0.000132
7750 0 0 -0.000141
7755 0 0 -0.000160
7760 0 0 -0.000182
7765 0 0 -0.000213
7770 0 0 -0.000260
7775 0 0 -0.000324
7780 0 0 -0.000377
7785 0 0 -0.000380
7790 0 0 -0.000313
7795 0 0 -0.000220
7800 0 0 -0.000160
7805 0 0 -0.000174
7810 0 0 -0.000236
7815 0 0 -0.000300
7820 0 0 -0.000332
7825 0 0 -0.000340
7830 0 0 -0.000340
7835 0 0 -0.000344
7840 0 0 -0.000342
7845 0 0 -0.000320
7850 0 0 -0.000270
7855 0 0 -0.000218
7860 0 0 -0.000200
7865 0 0 -0.000241
7870 0 0 -0.000333
7875 0 0 -0.000460
7880 0 0 -0.000607
7885 0 0 -0.000759
7890 0 0 -0.000900
7895 0 0 -0.001011
7900 0 0 -0.001052
7905 0 0 -0.000980
7910 0 0 -0.000775
7915 0 0 -0.000520
7920 0 0 -0.000320
7925 0 0 -0.000252
7930 0 0 -0.000270
7935 0 0 -0.000300
7940 0 0 -0.000285
7945 0 0 -0.000250
7950 0 0 -0.000240
7955 0 0 -0.000282
7960 0 0 -0.000340
7965 0 0 -0.000360
7970 0 0 -0.000308
7975 0 0 -0.000227
7980 0 0 -0.000180
7985 0 0 -0.000211
7990 0 0 -0.000283
7995 0 0 -0.000340
8000 0 0 -0.000340
8005 0 0 -0.000301
8010 0 0 -0.000260
8015 0 0 -0.000243
8020 0 0 -0.000252
8025 0 0 -0.000280
8030 0 0 -0.000320
8035 0 0 -0.000354
8040 0 0 -0.000360
8045 0 0 -0.000327
8050 0 0 -0.000282
8055 0 0 -0.000260
8060 0 0 -0.000285
8065 0 0 -0.000330
8070 0 0 -0.000360
8075 0 0 -0.000346
8080 0 0 -0.000305
8085 0 0 -0.000260
8090 0 0 -0.000234
8095 0 0 -0.000233
8100 0 0 -0.000260
8105 0 0 -0.000311
8110 0 0 -0.000356
8115 0 0 -0.000360
8120 0 0 -0.000301
8125 0 0 -0.000222
8130 0 0 -0.000180
8135 0 0 -0.000213
8140 0 0 -0.000285
8145 0 0 -0.000340
8150 0 0 -0.000337
8155 0 0 -0.000298
8160 0 0 -0.000260
8165 0 0 -0.000251
8170 0 0 -0.000268
8175 0 0 -0.000300
8180 0 0 -0.000334
8185 0 0 -0.000353
8190 0 0 -0.000340
8195 0 0 -0.000286
8200 0 0 -0.000226
8205 0 0 -0.000200
8210 0 0 -0.000237
8215 0 0 -0.000301
8220 0 0 -0.000340
8225 0 0 -0.000319
8230 0 0 -0.000270
8235 0 0 -0.000240
8240 0 0 -0.000268
8245 0 0 -0.000346
8250 0 0 -0.000460
8255 0 0 -0.000586
8260 0 0 -0.000677
8265 0 0 -0.000680
8270 0 0 -0.000567
8275 0 0 -0.000409
8280 0 0 -0.000300
8285 0 0 -0.000307
8290 0 0 -0.000385
8295 0 0 -0.000460
8300 0 0 -0.000476
8305 0 0 -0.000456
8310 0 0 -0.000440
8315 0 0 -0.000456
8320 0 0 -0.000486
8325 0 0 -0.000500
8330 0 0 -0.000475
8335 0 0 -0.000427
8340 0 0 -0.000380
8345 0 0 -0.000353
8350 0 0 -0.000347
8355 0 0 -0.000360
8360 0 0 -0.000389
8365 0 0 -0.000436
8370 0 0 -0.000500
8375 0 0 -0.000578
8380 0 0 -0.000642
8385 0 0 -0.000660
8390 0 0 -0.000617
8395 0 0 -0.000567
8400 0 0 -0.000580
8405 0 0 -0.000697
8410 0 0 -0.000840
8415 0 0 -0.000900
8420 0 0 -0.000804
8425 0 0 -0.000627
8430 0 0 -0.000480
8435 0 0 -0.000444
8440 0 0 -0.000485
8445 0 0 -0.000540
8450 0 0 -0.000561
8455 0 0 -0.000554
8460 0 0 -0.000540
8465 0 0 -0.000533
8470 0 0 -0.000525
8475 0 0 -0.000500
8480 0 0 -0.000451
8485 0 0 -0.000406
8490 0 0 -0.000400
8495 0 0 -0.000452
8500 0 0 -0.000514
8505 0 0 -0.000520
8510 0 0 -0.000429
8515 0 0 -0.000295
8520 0 0 -0.000200
8525 0 0 -0.000200
8530 0 0 -0.000259
8535 0 0 -0.000320
8540 0 0 -0.000338
8545 0 0 -0.000318
8550 0 0 -0.000280
8555 0 0 -0.000242
8560 0 0 -0.000218
8565 0 0 -0.000220
8570 0 0 -0.000256
8575 0 0 -0.000304
8580 0 0 -0.000340
8585 0 0 -0.000343
8590 0 0 -0.000324
8595 0 0 -0.000300
8600 0 0 -0.000284
8605 0 0 -0.000278
8610 0 0 -0.000280
8615 0 0 -0.000287
8620 0 0 -0.000291
8625 0 0 -0.000280
8630 0 0 -0.000250
8635 0 0 -0.000217
8640 0 0 -0.000200
8645 0 0 -0.000214
8650 0 0 -0.000246
8655 0 0 -0.000280
8660 0 0 -0.000299
8665 0 0 -0.000300
8670 0 0 -0.000280
8675 0 0 -0.000242
8680 0 0 -0.000207
8685 0 0 -0.000200
8690 0 0 -0.000235
8695 0 0 -0.000287
8700 0 0 -0.000320
8705 0 0 -0.000308
8710 0 0 -0.000271
8715 0 0 -0.000240
8720 0 0 -0.000239
8725 0 0 -0.000268
8730 0 0 -0.000320
8735 0 0 -0.000386
8740 0 0 -0.000436
8745 0 0 -0.000440
8750 0 0 -0.000378
8755 0 0 -0.000293
8760 0 0 -0.000240
8765 0 0 -0.000258
8770 0 0 -0.000320
8775 0 0 -0.000380
8780 0 0 -0.000405
8785 0 0 -0.000405
8790 0 0 -0.000400
8795 0 0 -0.000403
8800 0 0 -0.000397
8805 0 0 -0.000360
8810 0 0 -0.000279
8815 0 0 -0.000189
8820 0 0 -0.000140
8825 0 0 -0.000161
8830 0 0 -0.000219
8835 0 0 -0.000260
8840 0 0 -0.000248
8845 0 0 -0.000203
8850 0 0 -0.000160
8855 0 0 -0.000146
8860 0 0 -0.000162
8865 0 0 -0.000200
8870 0 0 -0.000251
8875 0 0 -0.000293
8880 0 0 -0.000300
8885 0 0 -0.000259
8890 0 0 -0.000199
8895 0 0 -0.000160
8900 0 0 -0.000170
8905 0 0 -0.000208
8910 0 0 -0.000240
8915 0 0 -0.000239
8920 0 0 -0.000214
8925 0 0 -0.000180
8930 0 0 -0.000151
8935 0 0 -0.000135
8940 0 0 -0.000140
8945 0 0 -0.000167
8950 0 0 -0.000201
8955 0 0 -0.000220
8960 0 0 -0.000212
8965 0 0 -0.000191
8970 0 0 -0.000180
8975 0 0 -0.000194
8980 0 0 -0.000225
8985 0 0 -0.000260
8990 0 0 -0.000288
8995 0 0 -0.000313
9000 0 0 -0.000340
9005 0 0 -0.000378
9010 0 0 -0.000434
9015 0 0 -0.000520
9020 0 0 -0.000634
9025 0 0 -0.000737
9030 0 0 -0.000780
9035 0 0 -0.000729
9040 0 0 -0.000615
9045 0 0 -0.000480
9050 0 0 -0.000364
9055 0 0 -0.000282
9060 0 0 -0.000240
9065 0 0 -0.000242
9070 0 0 -0.000269
9075 0 0 -0.000300
9080 0 0 -0.000315
9085 0 0 -0.000314
9090 0 0 -0.000300
9095 0 0 -0.000277
9100 0 0 -0.000253
9105 0 0 -0.000240
9110 0 0 -0.000244
9115 0 0 -0.000260
9120 0 0 -0.000280
9125 0 0 -0.000297
9130 0 0 -0.000305
9135 0 0 -0.000300
9140 0 0 -0.000281
9145 0 0 -0.000257
9150 0 0 -0.000240
9155 0 0 -0.000241
9160 0 0 -0.000262
9165 0 0 -0.000300
9170 0 0 -0.000351
9175 0 0 -0.000393
9180 0 0 -0.000400
9185 0 0 -0.000356
9190 0 0 -0.000285
9195 0 0 -0.000220
9200 0 0 -0.000190
9205 0 0 -0.000202
9210 0 0 -0.000260
9215 0 0 -0.000358
9220 0 0 -0.000449
9225 0 0 -0.000480
9230 0 0 -0.000416
9235 0 0 -0.000312
9240 0 0 -0.000240
9245 0 0 -0.000255
9250 0 0 -0.000326
9255 0 0 -0.000400
9260 0 0 -0.000437
9265 0 0 -0.000444
9270 0 0 -0.000440
9275 0 0 -0.000439
9280 0 0 -0.000431
9285 0 0 -0.000400
9290 0 0 -0.000338
9295 0 0 -0.000273
9300 0 0 -0.000240
9305 0 0 -0.000263
9310 0 0 -0.000316
9315 0 0 -0.000360
9320 0 0 -0.000367
9325 0 0 -0.000351
9330 0 0 -0.000340
9335 0 0 -0.000349
9340 0 0 -0.000359
9345 0 0 -0.000340
9350 0 0 -0.000275
9355 0 0 -0.000199
9360 0 0 -0.000160
9365 0 0 -0.000188
9370 0 0 -0.000245
9375 0 0 -0.000280
9380 0 0 -0.000255
9385 0 0 -0.000199
9390 0 0 -0.000160
9395 0 0 -0.000170
9400 0 0 -0.000208
9405 0 0 -0.000240
9410 0 0 -0.000241
9415 0 0 -0.000226
9420 0 0 -0.000220
9425 0 0 -0.000240
9430 0 0 -0.000274
9435 0 0 -0.000300
9440 0 0 -0.000304
9445 0 0 -0.000288
9450 0 0 -0.000260
9455 0 0 -0.000230
9460 0 0 -0.000216
9465 0 0 -0.000240
9470 0 0 -0.000310
9475 0 0 -0.000383
9480 0 0 -0.000400
9485 0 0 -0.000328
9490 0 0 -0.000222
9495 0 0 -0.000160
9500 0 0 -0.000196
9505 0 0 -0.000286
9510 0 0 -0.000360
9515 0 0 -0.000367
9520 0 0 -0.000327
9525 0 0 -0.000280
9530 0 0 -0.000256
9535 0 0 -0.000258
9540 0 0 -0.000280
9545 0 0 -0.000314
9550 0 0 -0.000342
9555 0 0 -0.000340
9560 0 0 -0.000298
9565 0 0 -0.000245
9570 0 0 -0.000220
9575 0 0 -0.000250
9580 0 0 -0.000305
9585 0 0 -0.000340
9590 0 0 -0.000326
9595 0 0 -0.000287
9600 0 0 -0.000260
9605 0 0 -0.000273
9610 0 0 -0.000314
9615 0 0 -0.000360
9620 0 0 -0.000393
9625 0 0 -0.000407
9630 0 0 -0.000400
9635 0 0 -0.000373
9640 0 0 -0.000346
9645 0 0 -0.000340
9650 0 0 -0.000370
9655 0 0 -0.000413
9660 0 0 -0.000440
9665 0 0 -0.000427
9670 0 0 -0.000387
9675 0 0 -0.000340
9680 0 0 -0.000304
9685 0 0 -0.000293
9690 0 0 -0.000320
9695 0 0 -0.000387
9700 0 0 -0.000456
9705 0 0 -0.000480
9710 0 0 -0.000430
9715 0 0 -0.000350
9720 0 0 -0.000300
9725 0 0 -0.000325
9730 0 0 -0.000394
9735 0 0 -0.000460
9740 0 0 -0.000486
9745 0 0 -0.000474
9750 0 0 -0.000440
9755 0 0 -0.000398
9760 0 0 -0.000370
9765 0 0 -0.000380
9770 0 0 -0.000441
9775 0 0 -0.000526
9780 0 0 -0.000600
9785 0 0 -0.000634
9790 0 0 -0.000630
9795 0 0 -0.000600
9800 0 0 -0.000555
9805 0 0 -0.000509
9810 0 0 -0.000480
9815 0 0 -0.000478
9820 0 0 -0.000496
9825 0 0 -0.000520
9830 0 0 -0.000539
9835 0 0 -0.000547
9840 0 0 -0.000540
9845 0 0 -0.000517
9850 0 0 -0.000491
9855 0 0 -0.000480
9860 0 0 -0.000497
9865 0 0 -0.000539
9870 0 0 -0.000600
9875 0 0 -0.000670
9880 0 0 -0.000726
9885 0 0 -0.000740
9890 0 0 -0.000696
9895 0 0 -0.000618
9900 0 0 -0.000540
9905 0 0 -0.000489
9910 0 0 -0.000460
9915 0 0 -0.000440
9920 0 0 -0.000421
9925 0 0 -0.000405
9930 0 0 -0.000400
9935 0 0 -0.000412
9940 0 0 -0.000449
9945 0 0 -0.000520
9950 0 0 -0.000624
9955 0 0 -0.000716
9960 0 0 -0.000740
9965 0 0 -0.000663
9970 0 0 -0.000538
9975 0 0 -0.000440
9980 0 0 -0.000422
9985 0 0 -0.000454
9990 0 0 -0.000480
9995 0 0 -0.000463
10000 0 0 -0.000425
10005 0 0 -0.000400
10010 0 0 -0.000414
10015 0 0 -0.000450
10020 0 0 -0.000480
10025 0 0 -0.000482
10030 0 0 -0.000464
10035 0 0 -0.000440
10040 0 0 -0.000421
10045 0 0 -0.000408
10050 0 0 -0.000400
10055 0 0 -0.000395
10060 0 0 -0.000389
10065 0 0 -0.000380
10070 0 0 -0.000364
10075 0 0 -0.000339
