0 0 0 -0.000440
5 0 0 -0.000534
10 0 0 -0.000584
15 0 0 -0.000600
20 0 0 -0.000591
25 0 0 -0.000568
30 0 0 -0.000540
35 0 0 -0.000515
40 0 0 -0.000495
45 0 0 -0.000480
50 0 0 -0.000467
55 0 0 -0.000444
60 0 0 -0.000400
65 0 0 -0.000328
70 0 0 -0.000251
75 0 0 -0.000200
80 0 0 -0.000198
85 0 0 -0.000237
90 0 0 -0.000300
95 0 0 -0.000369
100 0 0 -0.000418
105 0 0 -0.000420
110 0 0 -0.000362
115 0 0 -0.000283
120 0 0 -0.000240
125 0 0 -0.000269
130 0 0 -0.000338
135 0 0 -0.000400
140 0 0 -0.000418
145 0 0 -0.000403
150 0 0 -0.000380
155 0 0 -0.000367
160 0 0 -0.000357
165 0 0 -0.000340
170 0 0 -0.000309
175 0 0 -0.000281
180 0 0 -0.000280
185 0 0 -0.000318
190 0 0 -0.000364
195 0 0 -0.000380
200 0 0 -0.000338
205 0 0 -0.000270
210 0 0 -0.000220
215 0 0 -0.000220
220 0 0 -0.000251
225 0 0 -0.000280
230 0 0 -0.000285
235 0 0 -0.000278
240 0 0 -0.000280
245 0 0 -0.000306
250 0 0 -0.000345
255 0 0 -0.000380
260 0 0 -0.000395
265 0 0 -0.000389
270 0 0 -0.000360
275 0 0 -0.000314
280 0 0 -0.000278
285 0 0 -0.000280
290 0 0 -0.000339
295 0 0 -0.000416
300 0 0 -0.000460
305 0 0 -0.000436
310 0 0 -0.000373
315 0 0 -0.000320
320 0 0 -0.000311
325 0 0 -0.000332
330 0 0 -0.000360
335 0 0 -0.000373
340 0 0 -0.000366
345 0 0 -0.000340
350 0 0 -0.000298
355 0 0 -0.000263
360 0 0 -0.000260
365 0 0 -0.000305
370 0 0 -0.000365
375 0 0 -0.000400
380 0 0 -0.000379
385 0 0 -0.000327
390 0 0 -0.000280
395 0 0 -0.000267
400 0 0 -0.000285
405 0 0 -0.000320
410 0 0 -0.000359
415 0 0 -0.000386
420 0 0 -0.000380
425 0 0 -0.000333
430 0 0 -0.000274
435 0 0 -0.000240
440 0 0 -0.000258
445 0 0 -0.000308
450 0 0 -0.000360
455 0 0 -0.000389
460 0 0 -0.000394
465 0 0 -0.000380
470 0 0 -0.000354
475 0 0 -0.000339
480 0 0 -0.000360
485 0 0 -0.000428
490 0 0 -0.000500
495 0 0 -0.000520
500 0 0 -0.000454
505 0 0 -0.000360
510 0 0 -0.000320
515 0 0 -0.000389
520 0 0 -0.000521
525 0 0 -0.000640
530 0 0 -0.000690
535 0 0 -0.000676
540 0 0 -0.000620
545 0 0 -0.000563
550 0 0 -0.000618
555 0 0 -0.000920
560 0 0 -0.001558
565 0 0 -0.002458
570 0 0 -0.003500
575 0 0 -0.004546
580 0 0 -0.005369
585 0 0 -0.005720
590 0 0 -0.005467
595 0 0 -0.004939
600 0 0 -0.004580
605 0 0 -0.004680
610 0 0 -0.004918
615 0 0 -0.004820
620 0 0 -0.004091
625 0 0 -0.003161
630 0 0 -0.002640
635 0 0 -0.002938
640 0 0 -0.003673
645 0 0 -0.004260
650 0 0 -0.004257
655 0 0 -0.003774
660 0 0 -0.003060
665 0 0 -0.002370
670 0 0 -0.001977
675 0 0 -0.002160
680 0 0 -0.003050
685 0 0 -0.004187
690 0 0 -0.004960
695 0 0 -0.004925
700 0 0 -0.004294
705 0 0 -0.003440
710 0 0 -0.002669
715 0 0 -0.002005
720 0 0 -0.001400
725 0 0 -0.000832
730 0 0 -0.000368
735 0 0 -0.000100
740 0 0 -0.000085
745 0 0 -0.000244
750 0 0 -0.000460
755 0 0 -0.000642
760 0 0 -0.000788
765 0 0 -0.000920
770 0 0 -0.001045
775 0 0 -0.001117
780 0 0 -0.001080
785 0 0 -0.000901
790 0 0 -0.000654
795 0 0 -0.000440
800 0 0 -0.000335
805 0 0 -0.000317
810 0 0 -0.000340
815 0 0 -0.000363
820 0 0 -0.000372
825 0 0 -0.000360
830 0 0 -0.000323
835 0 0 -0.000282
840 0 0 -0.000260
845 0 0 -0.000278
850 0 0 -0.000338
855 0 0 -0.000440
860 0 0 -0.000574
865 0 0 -0.000697
870 0 0 -0.000760
875 0 0 -0.000729
880 0 0 -0.000633
885 0 0 -0.000520
890 0 0 -0.000429
895 0 0 -0.000374
900 0 0 -0.000360
905 0 0 -0.000387
910 0 0 -0.000421
915 0 0 -0.000420
920 0 0 -0.000359
925 0 0 -0.000275
930 0 0 -0.000220
935 0 0 -0.000231
940 0 0 -0.000279
945 0 0 -0.000320
950 0 0 -0.000323
955 0 0 -0.000310
960 0 0 -0.000320
965 0 0 -0.000376
970 0 0 -0.000450
975 0 0 -0.000500
980 0 0 -0.000498
985 0 0 -0.000467
990 0 0 -0.000440
995 0 0 -0.000442
1000 0 0 -0.000453
1005 0 0 -0.000440
1010 0 0 -0.000386
1015 0 0 -0.000334
1020 0 0 -0.000340
1025 0 0 -0.000438
1030 0 0 -0.000567
1035 0 0 -0.000640
1040 0 0 -0.000604
1045 0 0 -0.000524
1050 0 0 -0.000500
1055 0 0 -0.000594
1060 0 0 -0.000736
1065 0 0 -0.000820
1070 0 0 -0.000775
1075 0 0 -0.000658
1080 0 0 -0.000560
1085 0 0 -0.000548
1090 0 0 -0.000597
1095 0 0 -0.000660
1100 0 0 -0.000697
1105 0 0 -0.000697
1110 0 0 -0.000660
1115 0 0 -0.000589
1120 0 0 -0.000516
1125 0 0 -0.000480
1130 0 0 -0.000504
1135 0 0 -0.000554
1140 0 0 -0.000580
1145 0 0 -0.000548
1150 0 0 -0.000486
1155 0 0 -0.000440
1160 0 0 -0.000443
1165 0 0 -0.000484
1170 0 0 -0.000540
1175 0 0 -0.000591
1180 0 0 -0.000623
1185 0 0 -0.000620
1190 0 0 -0.000578
1195 0 0 -0.000520
1200 0 0 -0.000480
1205 0 0 -0.000481
1210 0 0 -0.000513
1215 0 0 -0.000560
1220 0 0 -0.000604
1225 0 0 -0.000629
1230 0 0 -0.000620
1235 0 0 -0.000569
1240 0 0 -0.000503
1245 0 0 -0.000460
1250 0 0 -0.000465
1255 0 0 -0.000506
1260 0 0 -0.000560
1265 0 0 -0.000605
1270 0 0 -0.000619
1275 0 0 -0.000580
1280 0 0 -0.000477
1285 0 0 -0.000348
1290 0 0 -0.000240
1295 0 0 -0.000190
1300 0 0 -0.000184
1305 0 0 -0.000200
1310 0 0 -0.000215
1315 0 0 -0.000223
1320 0 0 -0.000220
1325 0 0 -0.000204
1330 0 0 -0.000181
1335 0 0 -0.000160
1340 0 0 -0.000149
1345 0 0 -0.000153
1350 0 0 -0.000180
1355 0 0 -0.000230
1360 0 0 -0.000284
1365 0 0 -0.000320
1370 0 0 -0.000320
1375 0 0 -0.000290
1380 0 0 -0.000240
1385 0 0 -0.000182
1390 0 0 -0.000135
1395 0 0 -0.000120
1400 0 0 -0.000149
1405 0 0 -0.000199
1410 0 0 -0.000240
1415 0 0 -0.000248
1420 0 0 -0.000231
1425 0 0 -0.000200
1430 0 0 -0.000170
1435 0 0 -0.000147
1440 0 0 -0.000140
1445 0 0 -0.000153
1450 0 0 -0.000182
1455 0 0 -0.000220
1460 0 0 -0.000261
1465 0 0 -0.000298
1470 0 0 -0.000320
1475 0 0 -0.000323
1480 0 0 -0.000313
1485 0 0 -0.000300
1490 0 0 -0.000292
1495 0 0 -0.000292
1500 0 0 -0.000300
1505 0 0 -0.000314
1510 0 0 -0.000320
1515 0 0 -0.000300
1520 0 0 -0.000249
1525 0 0 -0.000206
1530 0 0 -0.000220
1535 0 0 -0.000319
1540 0 0 -0.000441
1545 0 0 -0.000500
1550 0 0 -0.000440
1555 0 0 -0.000324
1560 0 0 -0.000240
1565 0 0 -0.000255
1570 0 0 -0.000335
1575 0 0 -0.000420
1580 0 0 -0.000462
1585 0 0 -0.000454
1590 0 0 -0.000400
1595 0 0 -0.000311
1600 0 0 -0.000228
1605 0 0 -0.000200
1610 0 0 -0.000256
1615 0 0 -0.000351
1620 0 0 -0.000420
1625 0 0 -0.000417
1630 0 0 -0.000364
1635 0 0 -0.000300
1640 0 0 -0.000257
1645 0 0 -0.000238
1650 0 0 -0.000240
1655 0 0 -0.000259
1660 0 0 -0.000283
1665 0 0 -0.000300
1670 0 0 -0.000301
1675 0 0 -0.000287
1680 0 0 -0.000260
1685 0 0 -0.000226
1690 0 0 -0.000201
1695 0 0 -0.000200
1700 0 0 -0.000234
1705 0 0 -0.000284
1710 0 0 -0.000320
1715 0 0 -0.000323
1720 0 0 -0.000299
1725 0 0 -0.000260
1730 0 0 -0.000220
1735 0 0 -0.000195
1740 0 0 -0.000200
1745 0 0 -0.000244
1750 0 0 -0.000307
1755 0 0 -0.000360
1760 0 0 -0.000382
1765 0 0 -0.000373
1770 0 0 -0.000340
1775 0 0 -0.000292
1780 0 0 -0.000246
1785 0 0 -0.000220
1790 0 0 -0.000226
1795 0 0 -0.000247
1800 0 0 -0.000260
1805 0 0 -0.000252
1810 0 0 -0.000253
1815 0 0 -0.000300
1820 0 0 -0.000415
1825 0 0 -0.000545
1830 0 0 -0.000620
1835 0 0 -0.000591
1840 0 0 -0.000497
1845 0 0 -0.000400
1850 0 0 -0.000348
1855 0 0 -0.000335
1860 0 0 -0.000340
1865 0 0 -0.000348
1870 0 0 -0.000355
1875 0 0 -0.000360
1880 0 0 -0.000365
1885 0 0 -0.000376
1890 0 0 -0.000400
1895 0 0 -0.000440
1900 0 0 -0.000486
1905 0 0 -0.000520
1910 0 0 -0.000531
1915 0 0 -0.000523
1920 0 0 -0.000500
1925 0 0 -0.000469
1930 0 0 -0.000429
1935 0 0 -0.000380
1940 0 0 -0.000326
1945 0 0 -0.000285
1950 0 0 -0.000280
1955 0 0 -0.000330
1960 0 0 -0.000432
1965 0 0 -0.000580
1970 0 0 -0.000759
1975 0 0 -0.000924
1980 0 0 -0.001020
1985 0 0 -0.001007
1990 0 0 -0.000893
1995 0 0 -0.000700
2000 0 0 -0.000459
2005 0 0 -0.000244
2010 0 0 -0.000140
2015 0 0 -0.000198
2020 0 0 -0.000332
2025 0 0 -0.000420
2030 0 0 -0.000378
2035 0 0 -0.000266
2040 0 0 -0.000180
2045 0 0 -0.000191
2050 0 0 -0.000269
2055 0 0 -0.000360
2060 0 0 -0.000419
2065 0 0 -0.000433
2070 0 0 -0.000400
2075 0 0 -0.000324
2080 0 0 -0.000237
2085 0 0 -0.000180
2090 0 0 -0.000180
2095 0 0 -0.000218
2100 0 0 -0.000260
2105 0 0 -0.000282
2110 0 0 -0.000290
2115 0 0 -0.000300
2120 0 0 -0.000319
2125 0 0 -0.000333
2130 0 0 -0.000320
2135 0 0 -0.000270
2140 0 0 -0.000216
2145 0 0 -0.000200
2150 0 0 -0.000250
2155 0 0 -0.000323
2160 0 0 -0.000360
2165 0 0 -0.000323
2170 0 0 -0.000250
2175 0 0 -0.000200
2180 0 0 -0.000216
2185 0 0 -0.000275
2190 0 0 -0.000340
2195 0 0 -0.000378
2200 0 0 -0.000384
2205 0 0 -0.000360
2210 0 0 -0.000311
2215 0 0 -0.000262
2220 0 0 -0.000240
2225 0 0 -0.000263
2230 0 0 -0.000302
2235 0 0 -0.000320
2240 0 0 -0.000290
2245 0 0 -0.000238
2250 0 0 -0.000200
2255 0 0 -0.000205
2260 0 0 -0.000239
2265 0 0 -0.000280
2270 0 0 -0.000307
2275 0 0 -0.000315
2280 0 0 -0.000300
2285 0 0 -0.000263
2290 0 0 -0.000222
2295 0 0 -0.000200
2300 0 0 -0.000211
2305 0 0 -0.000244
2310 0 0 -0.000280
2315 0 0 -0.000303
2320 0 0 -0.000304
2325 0 0 -0.000280
2330 0 0 -0.000231
2335 0 0 -0.000186
2340 0 0 -0.000180
2345 0 0 -0.000234
2350 0 0 -0.000316
2355 0 0 -0.000380
2360 0 0 -0.000390
2365 0 0 -0.000357
2370 0 0 -0.000300
2375 0 0 -0.000240
2380 0 0 -0.000194
2385 0 0 -0.000180
2390 0 0 -0.000207
2395 0 0 -0.000256
2400 0 0 -0.000300
2405 0 0 -0.000318
2410 0 0 -0.000310
2415 0 0 -0.000280
2420 0 0 -0.000235
2425 0 0 -0.000194
2430 0 0 -0.000180
2435 0 0 -0.000205
2440 0 0 -0.000249
2445 0 0 -0.000280
2450 0 0 -0.000287
2455 0 0 -0.000328
2460 0 0 -0.000480
2465 0 0 -0.000793
2470 0 0 -0.001203
2475 0 0 -0.001620
2480 0 0 -0.001974
2485 0 0 -0.002286
2490 0 0 -0.002600
2495 0 0 -0.002918
2500 0 0 -0.003084
2505 0 0 -0.002900
2510 0 0 -0.002264
2515 0 0 -0.001449
2520 0 0 -0.000820
2525 0 0 -0.000643
2530 0 0 -0.000772
2535 0 0 -0.000960
2540 0 0 -0.001014
2545 0 0 -0.000961
2550 0 0 -0.000880
2555 0 0 -0.000835
2560 0 0 -0.000817
2565 0 0 -0.000800
2570 0 0 -0.000766
2575 0 0 -0.000727
2580 0 0 -0.000700
2585 0 0 -0.000700
2590 0 0 -0.000718
2595 0 0 -0.000740
2600 0 0 -0.000753
2605 0 0 -0.000745
2610 0 0 -0.000700
2615 0 0 -0.000621
2620 0 0 -0.000564
2625 0 0 -0.000600
2630 0 0 -0.000766
2635 0 0 -0.000953
2640 0 0 -0.001020
2645 0 0 -0.000873
2650 0 0 -0.000615
2655 0 0 -0.000400
2660 0 0 -0.000341
2665 0 0 -0.000396
2670 0 0 -0.000480
2675 0 0 -0.000527
2680 0 0 -0.000531
2685 0 0 -0.000500
2690 0 0 -0.000447
2695 0 0 -0.000398
2700 0 0 -0.000380
2705 0 0 -0.000411
2710 0 0 -0.000463
2715 0 0 -0.000500
2720 0 0 -0.000497
2725 0 0 -0.000483
2730 0 0 -0.000500
2735 0 0 -0.000574
2740 0 0 -0.000666
2745 0 0 -0.000720
2750 0 0 -0.000697
2755 0 0 -0.000628
2760 0 0 -0.000560
2765 0 0 -0.000529
2770 0 0 -0.000523
2775 0 0 -0.000520
2780 0 0 -0.000503
2785 0 0 -0.000479
2790 0 0 -0.000460
2795 0 0 -0.000454
2800 0 0 -0.000452
2805 0 0 -0.000440
2810 0 0 -0.000408
2815 0 0 -0.000369
2820 0 0 -0.000340
2825 0 0 -0.000335
2830 0 0 -0.000350
2835 0 0 -0.000380
2840 0 0 -0.000416
2845 0 0 -0.000441
2850 0 0 -0.000440
2855 0 0 -0.000402
2860 0 0 -0.000352
2865 0 0 -0.000320
2870 0 0 -0.000329
2875 0 0 -0.000364
2880 0 0 -0.000400
2885 0 0 -0.000416
2890 0 0 -0.000414
2895 0 0 -0.000400
2900 0 0 -0.000380
2905 0 0 -0.000358
2910 0 0 -0.000340
2915 0 0 -0.000329
2920 0 0 -0.000328
2925 0 0 -0.000340
2930 0 0 -0.000365
2935 0 0 -0.000385
2940 0 0 -0.000380
2945 0 0 -0.000337
2950 0 0 -0.000274
2955 0 0 -0.000220
2960 0 0 -0.000197
2965 0 0 -0.000210
2970 0 0 -0.000260
2975 0 0 -0.000341
2980 0 0 -0.000416
2985 0 0 -0.000440
2990 0 0 -0.000386
2995 0 0 -0.000299
3000 0 0 -0.000240
3005 0 0 -0.000255
3010 0 0 -0.000322
3015 0 0 -0.000400
3020 0 0 -0.000456
3025 0 0 -0.000483
3030 0 0 -0.000480
3035 0 0 -0.000450
3040 0 0 -0.000405
3045 0 0 -0.000360
3050 0 0 -0.000326
3055 0 0 -0.000300
3060 0 0 -0.000280
3065 0 0 -0.000262
3070 0 0 -0.000252
3075 0 0 -0.000260
3080 0 0 -0.000289
3085 0 0 -0.000318
3090 0 0 -0.000320
3095 0 0 -0.000280
3100 0 0 -0.000227
3105 0 0 -0.000200
3110 0 0 -0.000225
3115 0 0 -0.000278
3120 0 0 -0.000320
3125 0 0 -0.000324
3130 0 0 -0.000297
3135 0 0 -0.000260
3140 0 0 -0.000229
3145 0 0 -0.000218
3150 0 0 -0.000240
3155 0 0 -0.000299
3160 0 0 -0.000365
3165 0 0 -0.000400
3170 0 0 -0.000377
3175 0 0 -0.000319
3180 0 0 -0.000260
3185 0 0 -0.000227
3190 0 0 -0.000223
3195 0 0 -0.000240
3200 0 0 -0.000272
3205 0 0 -0.000299
3210 0 0 -0.000300
3215 0 0 -0.000262
3220 0 0 -0.000206
3225 0 0 -0.000160
3230 0 0 -0.000146
3235 0 0 -0.000157
3240 0 0 -0.000180
3245 0 0 -0.000204
3250 0 0 -0.000219
3255 0 0 -0.000220
3260 0 0 -0.000202
3265 0 0 -0.000178
3270 0 0 -0.000160
3275 0 0 -0.000163
3280 0 0 -0.000194
3285 0 0 -0.000260
3290 0 0 -0.000359
3295 0 0 -0.000459
3300 0 0 -0.000520
3305 0 0 -0.000515
3310 0 0 -0.000464
3315 0 0 -0.000400
3320 0 0 -0.000349
3325 0 0 -0.000316
3330 0 0 -0.000300
3335 0 0 -0.000297
3340 0 0 -0.000296
3345 0 0 -0.000280
3350 0 0 -0.000242
3355 0 0 -0.000201
3360 0 0 -0.000180
3365 0 0 -0.000200
3370 0 0 -0.000261
3375 0 0 -0.000360
3380 0 0 -0.000486
3385 0 0 -0.000596
3390 0 0 -0.000640
3395 0 0 -0.000587
3400 0 0 -0.000480
3405 0 0 -0.000380
3410 0 0 -0.000333
3415 0 0 -0.000328
3420 0 0 -0.000340
3425 0 0 -0.000350
3430 0 0 -0.000361
3435 0 0 -0.000380
3440 0 0 -0.000413
3445 0 0 -0.000450
3450 0 0 -0.000480
3455 0 0 -0.000492
3460 0 0 -0.000480
3465 0 0 -0.000440
3470 0 0 -0.000374
3475 0 0 -0.000309
3480 0 0 -0.000280
3485 0 0 -0.000308
3490 0 0 -0.000367
3495 0 0 -0.000420
3500 0 0 -0.000439
3505 0 0 -0.000433
3510 0 0 -0.000420
3515 0 0 -0.000413
3520 0 0 -0.000404
3525 0 0 -0.000380
3530 0 0 -0.000335
3535 0 0 -0.000296
3540 0 0 -0.000300
3545 0 0 -0.000365
3550 0 0 -0.000441
3555 0 0 -0.000460
3560 0 0 -0.000381
3565 0 0 -0.000266
3570 0 0 -0.000200
3575 0 0 -0.000243
3580 0 0 -0.000338
3585 0 0 -0.000400
3590 0 0 -0.000370
3595 0 0 -0.000293
3600 0 0 -0.000240
3605 0 0 -0.000260
3610 0 0 -0.000319
3615 0 0 -0.000360
3620 0 0 -0.000344
3625 0 0 -0.000297
3630 0 0 -0.000260
3635 0 0 -0.000263
3640 0 0 -0.000292
3645 0 0 -0.000320
3650 0 0 -0.000327
3655 0 0 -0.000322
3660 0 0 -0.000320
3665 0 0 -0.000333
3670 0 0 -0.000356
3675 0 0 -0.000380
3680 0 0 -0.000395
3685 0 0 -0.000392
3690 0 0 -0.000360
3695 0 0 -0.000298
3700 0 0 -0.000238
3705 0 0 -0.000220
3710 0 0 -0.000268
3715 0 0 -0.000341
3720 0 0 -0.000380
3725 0 0 -0.000345
3730 0 0 -0.000273
3735 0 0 -0.000220
3740 0 0 -0.000226
3745 0 0 -0.000271
3750 0 0 -0.000320
3755 0 0 -0.000346
3760 0 0 -0.000345
3765 0 0 -0.000320
3770 0 0 -0.000279
3775 0 0 -0.000244
3780 0 0 -0.000240
3785 0 0 -0.000283
3790 0 0 -0.000343
3795 0 0 -0.000380
3800 0 0 -0.000365
3805 0 0 -0.000315
3810 0 0 -0.000260
3815 0 0 -0.000225
3820 0 0 -0.000212
3825 0 0 -0.000220
3830 0 0 -0.000243
3835 0 0 -0.000263
3840 0 0 -0.000260
3845 0 0 -0.000222
3850 0 0 -0.000171
3855 0 0 -0.000140
3860 0 0 -0.000150
3865 0 0 -0.000191
3870 0 0 -0.000240
3875 0 0 -0.000283
3880 0 0 -0.000326
3885 0 0 -0.000380
3890 0 0 -0.000451
3895 0 0 -0.000530
3900 0 0 -0.000600
3905 0 0 -0.000661
3910 0 0 -0.000766
3915 0 0 -0.000980
3920 0 0 -0.001345
3925 0 0 -0.001800
3930 0 0 -0.002260
3935 0 0 -0.002646
3940 0 0 -0.002908
3945 0 0 -0.003000
3950 0 0 -0.002892
3955 0 0 -0.002606
3960 0 0 -0.002180
3965 0 0 -0.001706
3970 0 0 -0.001497
3975 0 0 -0.001920
3980 0 0 -0.003167
3985 0 0 -0.004719
3990 0 0 -0.005880
3995 0 0 -0.006145
4000 0 0 -0.005775
4005 0 0 -0.005220
4010 0 0 -0.004834
4015 0 0 -0.004574
4020 0 0 -0.004300
4025 0 0 -0.003912
4030 0 0 -0.003481
4035 0 0 -0.003120
4040 0 0 -0.002905
4045 0 0 -0.002761
4050 0 0 -0.002580
4055 0 0 -0.002284
4060 0 0 -0.001932
4065 0 0 -0.001620
4070 0 0 -0.001415
4075 0 0 -0.001282
4080 0 0 -0.001160
4085 0 0 -0.001005
4090 0 0 -0.000839
4095 0 0 -0.000700
4100 0 0 -0.000618
4105 0 0 -0.000584
4110 0 0 -0.000580
4115 0 0 -0.000589
4120 0 0 -0.000589
4125 0 0 -0.000560
4130 0 0 -0.000491
4135 0 0 -0.000422
4140 0 0 -0.000400
4145 0 0 -0.000456
4150 0 0 -0.000540
4155 0 0 -0.000580
4160 0 0 -0.000529
4165 0 0 -0.000438
4170 0 0 -0.000380
4175 0 0 -0.000407
4180 0 0 -0.000481
4185 0 0 -0.000540
4190 0 0 -0.000541
4195 0 0 -0.000508
4200 0 0 -0.000480
4205 0 0 -0.000484
4210 0 0 -0.000491
4215 0 0 -0.000460
4220 0 0 -0.000366
4225 0 0 -0.000263
4230 0 0 -0.000220
4235 0 0 -0.000283
4240 0 0 -0.000392
4245 0 0 -0.000460
4250 0 0 -0.000426
4255 0 0 -0.000335
4260 0 0 -0.000260
4265 0 0 -0.000252
4270 0 0 -0.000287
4275 0 0 -0.000320
4280 0 0 -0.000318
4285 0 0 -0.000291
4290 0 0 -0.000260
4295 0 0 -0.000243
4300 0 0 -0.000243
4305 0 0 -0.000260
4310 0 0 -0.000290
4315 0 0 -0.000316
4320 0 0 -0.000320
4325 0 0 -0.000290
4330 0 0 -0.000252
4335 0 0 -0.000240
4340 0 0 -0.000274
4345 0 0 -0.000328
4350 0 0 -0.000360
4355 0 0 -0.000344
4360 0 0 -0.000304
4365 0 0 -0.000280
4370 0 0 -0.000297
4375 0 0 -0.000335
4380 0 0 -0.000360
4385 0 0 -0.000348
4390 0 0 -0.000308
4395 0 0 -0.000260
4400 0 0 -0.000221
4405 0 0 -0.000204
4410 0 0 -0.000220
4415 0 0 -0.000271
4420 0 0 -0.000325
4425 0 0 -0.000340
4430 0 0 -0.000292
4435 0 0 -0.000220
4440 0 0 -0.000180
4445 0 0 -0.000210
4450 0 0 -0.000279
4455 0 0 -0.000340
4460 0 0 -0.000359
4465 0 0 -0.000350
4470 0 0 -0.000340
4475 0 0 -0.000348
4480 0 0 -0.000351
4485 0 0 -0.000320
4490 0 0 -0.000239
4495 0 0 -0.000157
4500 0 0 -0.000140
4505 0 0 -0.000225
4510 0 0 -0.000344
4515 0 0 -0.000400
4520 0 0 -0.000330
4525 0 0 -0.000203
4530 0 0 -0.000120
4535 0 0 -0.000151
4540 0 0 -0.000241
4545 0 0 -0.000300
4550 0 0 -0.000268
4555 0 0 -0.000190
4560 0 0 -0.000140
4565 0 0 -0.000170
4570 0 0 -0.000247
4575 0 0 -0.000320
4580 0 0 -0.000347
4585 0 0 -0.000334
4590 0 0 -0.000300
4595 0 0 -0.000263
4600 0 0 -0.000243
4605 0 0 -0.000260
4610 0 0 -0.000322
4615 0 0 -0.000392
4620 0 0 -0.000420
4625 0 0 -0.000376
4630 0 0 -0.000297
4635 0 0 -0.000240
4640 0 0 -0.000244
4645 0 0 -0.000285
4650 0 0 -0.000320
4655 0 0 -0.000319
4660 0 0 -0.000292
4665 0 0 -0.000260
4670 0 0 -0.000240
4675 0 0 -0.000233
4680 0 0 -0.000240
4685 0 0 -0.000258
4690 0 0 -0.000280
4695 0 0 -0.000300
4700 0 0 -0.000315
4705 0 0 -0.000341
4710 0 0 -0.000400
4715 0 0 -0.000500
4720 0 0 -0.000598
4725 0 0 -0.000640
4730 0 0 -0.000589
4735 0 0 -0.000488
4740 0 0 -0.000400
4745 0 0 -0.000372
4750 0 0 -0.000389
4755 0 0 -0.000420
4760 0 0 -0.000441
4765 0 0 -0.000447
4770 0 0 -0.000440
4775 0 0 -0.000423
4780 0 0 -0.000410
4785 0 0 -0.000420
4790 0 0 -0.000460
4795 0 0 -0.000500
4800 0 0 -0.000500
4805 0 0 -0.000436
4810 0 0 -0.000345
4815 0 0 -0.000280
4820 0 0 -0.000280
4825 0 0 -0.000330
4830 0 0 -0.000400
4835 0 0 -0.000461
4840 0 0 -0.000489
4845 0 0 -0.000460
4850 0 0 -0.000366
4855 0 0 -0.000257
4860 0 0 -0.000200
4865 0 0 -0.000237
4870 0 0 -0.000316
4875 0 0 -0.000360
4880 0 0 -0.000321
4885 0 0 -0.000259
4890 0 0 -0.000260
4895 0 0 -0.000376
4900 0 0 -0.000528
4905 0 0 -0.000600
4910 0 0 -0.000517
4915 0 0 -0.000358
4920 0 0 -0.000240
4925 0 0 -0.000247
4930 0 0 -0.000333
4935 0 0 -0.000420
4940 0 0 -0.000448
4945 0 0 -0.000435
4950 0 0 -0.000420
4955 0 0 -0.000427
4960 0 0 -0.000433
4965 0 0 -0.000400
4970 0 0 -0.000309
4975 0 0 -0.000212
4980 0 0 -0.000180
4985 0 0 -0.000255
4990 0 0 -0.000367
4995 0 0 -0.000420
5000 0 0 -0.000350
5005 0 0 -0.000228
5010 0 0 -0.000160
5015 0 0 -0.000216
5020 0 0 -0.000330
5025 0 0 -0.000400
5030 0 0 -0.000358
5035 0 0 -0.000266
5040 0 0 -0.000220
5045 0 0 -0.000284
5050 0 0 -0.000396
5055 0 0 -0.000460
5060 0 0 -0.000412
5065 0 0 -0.000305
5070 0 0 -0.000220
5075 0 0 -0.000217
5080 0 0 -0.000268
5085 0 0 -0.000320
5090 0 0 -0.000333
5095 0 0 -0.000314
5100 0 0 -0.000280
5105 0 0 -0.000247
5110 0 0 -0.000230
5115 0 0 -0.000240
5120 0 0 -0.000282
5125 0 0 -0.000328
5130 0 0 -0.000340
5135 0 0 -0.000296
5140 0 0 -0.000238
5145 0 0 -0.000220
5150 0 0 -0.000279
5155 0 0 -0.000368
5160 0 0 -0.000420
5165 0 0 -0.000388
5170 0 0 -0.000310
5175 0 0 -0.000240
5180 0 0 -0.000223
5185 0 0 -0.000245
5190 0 0 -0.000280
5195 0 0 -0.000305
5200 0 0 -0.000313
5205 0 0 -0.000300
5210 0 0 -0.000266
5215 0 0 -0.000231
5220 0 0 -0.000220
5225 0 0 -0.000248
5230 0 0 -0.000292
5235 0 0 -0.000320
5240 0 0 -0.000310
5245 0 0 -0.000276
5250 0 0 -0.000240
5255 0 0 -0.000221
5260 0 0 -0.000221
5265 0 0 -0.000240
5270 0 0 -0.000274
5275 0 0 -0.000307
5280 0 0 -0.000320
5285 0 0 -0.000302
5290 0 0 -0.000268
5295 0 0 -0.000240
5300 0 0 -0.000237
5305 0 0 -0.000258
5310 0 0 -0.000300
5315 0 0 -0.000355
5320 0 0 -0.000398
5325 0 0 -0.000400
5330 0 0 -0.000350
5335 0 0 -0.000300
5340 0 0 -0.000320
5345 0 0 -0.000459
5350 0 0 -0.000684
5355 0 0 -0.000940
5360 0 0 -0.001174
5365 0 0 -0.001332
5370 0 0 -0.001360
5375 0 0 -0.001228
5380 0 0 -0.001004
5385 0 0 -0.000780
5390 0 0 -0.000630
5395 0 0 -0.000556
5400 0 0 -0.000540
5405 0 0 -0.000564
5410 0 0 -0.000606
5415 0 0 -0.000640
5420 0 0 -0.000650
5425 0 0 -0.000645
5430 0 0 -0.000640
5435 0 0 -0.000647
5440 0 0 -0.000659
5445 0 0 -0.000660
5450 0 0 -0.000642
5455 0 0 -0.000612
5460 0 0 -0.000580
5465 0 0 -0.000555
5470 0 0 -0.000546
5475 0 0 -0.000560
5480 0 0 -0.000597
5485 0 0 -0.000634
5490 0 0 -0.000640
5495 0 0 -0.000600
5500 0 0 -0.000554
5505 0 0 -0.000560
5510 0 0 -0.000651
5515 0 0 -0.000781
5520 0 0 -0.000880
5525 0 0 -0.000900
5530 0 0 -0.000870
5535 0 0 -0.000840
5540 0 0 -0.000850
5545 0 0 -0.000905
5550 0 0 -0.001000
5555 0 0 -0.001112
5560 0 0 -0.001139
5565 0 0 -0.000960
5570 0 0 -0.000546
5575 0 0 -0.000246
5580 0 0 -0.000500
5585 0 0 -0.001579
5590 0 0 -0.003068
5595 0 0 -0.004380
5600 0 0 -0.005066
5605 0 0 -0.005221
5610 0 0 -0.005080
5615 0 0 -0.004837
5620 0 0 -0.004535
5625 0 0 -0.004180
5630 0 0 -0.003771
5635 0 0 -0.003277
5640 0 0 -0.002660
5645 0 0 -0.001916
5650 0 0 -0.001185
5655 0 0 -0.000640
5660 0 0 -0.000401
5665 0 0 -0.000377
5670 0 0 -0.000420
5675 0 0 -0.000416
5680 0 0 -0.000376
5685 0 0 -0.000340
5690 0 0 -0.000341
5695 0 0 -0.000373
5700 0 0 -0.000420
5705 0 0 -0.000466
5710 0 0 -0.000493
5715 0 0 -0.000480
5720 0 0 -0.000419
5725 0 0 -0.000339
5730 0 0 -0.000280
5735 0 0 -0.000270
5740 0 0 -0.000292
5745 0 0 -0.000320
5750 0 0 -0.000330
5755 0 0 -0.000322
5760 0 0 -0.000300
5765 0 0 -0.000269
5770 0 0 -0.000244
5775 0 0 -0.000240
5780 0 0 -0.000266
5785 0 0 -0.000302
5790 0 0 -0.000320
5795 0 0 -0.000301
5800 0 0 -0.000264
5805 0 0 -0.000240
5810 0 0 -0.000250
5815 0 0 -0.000288
5820 0 0 -0.000340
5825 0 0 -0.000389
5830 0 0 -0.000411
5835 0 0 -0.000380
5840 0 0 -0.000287
5845 0 0 -0.000194
5850 0 0 -0.000180
5855 0 0 -0.000293
5860 0 0 -0.000452
5865 0 0 -0.000540
5870 0 0 -0.000481
5875 0 0 -0.000345
5880 0 0 -0.000240
5885 0 0 -0.000244
5890 0 0 -0.000320
5895 0 0 -0.000400
5900 0 0 -0.000432
5905 0 0 -0.000424
5910 0 0 -0.000400
5915 0 0 -0.000378
5920 0 0 -0.000360
5925 0 0 -0.000340
5930 0 0 -0.000316
5935 0 0 -0.000288
5940 0 0 -0.000260
5945 0 0 -0.000235
5950 0 0 -0.000225
5955 0 0 -0.000240
5960 0 0 -0.000286
5965 0 0 -0.000332
5970 0 0 -0.000340
5975 0 0 -0.000288
5980 0 0 -0.000211
5985 0 0 -0.000160
5990 0 0 -0.000172
5995 0 0 -0.000219
6000 0 0 -0.000260
6005 0 0 -0.000263
6010 0 0 -0.000237
6015 0 0 -0.000200
6020 0 0 -0.000170
6025 0 0 -0.000154
6030 0 0 -0.000160
6035 0 0 -0.000189
6040 0 0 -0.000223
6045 0 0 -0.000240
6050 0 0 -0.000224
6055 0 0 -0.000190
6060 0 0 -0.000160
6065 0 0 -0.000153
6070 0 0 -0.000168
6075 0 0 -0.000200
6080 0 0 -0.000243
6085 0 0 -0.000281
6090 0 0 -0.000300
6095 0 0 -0.000287
6100 0 0 -0.000250
6105 0 0 -0.000200
6110 0 0 -0.000154
6115 0 0 -0.000147
6120 0 0 -0.000220
6125 0 0 -0.000390
6130 0 0 -0.000583
6135 0 0 -0.000700
6140 0 0 -0.000685
6145 0 0 -0.000653
6150 0 0 -0.000760
6155 0 0 -0.001129
6160 0 0 -0.001750
6165 0 0 -0.002580
6170 0 0 -0.003543
6175 0 0 -0.004425
6180 0 0 -0.004980
6185 0 0 -0.005030
6190 0 0 -0.004674
6195 0 0 -0.004080
6200 0 0 -0.003395
6205 0 0 -0.002681
6210 0 0 -0.001980
6215 0 0 -0.001339
6220 0 0 -0.000822
6225 0 0 -0.000500
6230 0 0 -0.000407
6235 0 0 -0.000440
6240 0 0 -0.000460
6245 0 0 -0.000373
6250 0 0 -0.000264
6255 0 0 -0.000260
6260 0 0 -0.000445
6265 0 0 -0.000714
6270 0 0 -0.000920
6275 0 0 -0.000949
6280 0 0 -0.000838
6285 0 0 -0.000660
6290 0 0 -0.000481
6295 0 0 -0.000339
6300 0 0 -0.000260
6305 0 0 -0.000261
6310 0 0 -0.000299
6315 0 0 -0.000320
6320 0 0 -0.000287
6325 0 0 -0.000241
6330 0 0 -0.000240
6335 0 0 -0.000321
6340 0 0 -0.000428
6345 0 0 -0.000480
6350 0 0 -0.000424
6355 0 0 -0.000317
6360 0 0 -0.000240
6365 0 0 -0.000254
6370 0 0 -0.000331
6375 0 0 -0.000420
6380 0 0 -0.000479
6385 0 0 -0.000499
6390 0 0 -0.000480
6395 0 0 -0.000427
6400 0 0 -0.000359
6405 0 0 -0.000300
6410 0 0 -0.000268
6415 0 0 -0.000259
6420 0 0 -0.000260
6425 0 0 -0.000263
6430 0 0 -0.000269
6435 0 0 -0.000280
6440 0 0 -0.000297
6445 0 0 -0.000308
6450 0 0 -0.000300
6455 0 0 -0.000265
6460 0 0 -0.000228
6465 0 0 -0.000220
6470 0 0 -0.000261
6475 0 0 -0.000316
6480 0 0 -0.000340
6485 0 0 -0.000302
6490 0 0 -0.000239
6495 0 0 -0.000200
6500 0 0 -0.000222
6505 0 0 -0.000277
6510 0 0 -0.000320
6515 0 0 -0.000319
6520 0 0 -0.000290
6525 0 0 -0.000260
6530 0 0 -0.000251
6535 0 0 -0.000265
6540 0 0 -0.000300
6545 0 0 -0.000347
6550 0 0 -0.000378
6555 0 0 -0.000360
6560 0 0 -0.000275
6565 0 0 -0.000167
6570 0 0 -0.000100
6575 0 0 -0.000115
6580 0 0 -0.000178
6585 0 0 -0.000240
6590 0 0 -0.000259
6595 0 0 -0.000240
6600 0 0 -0.000200
6605 0 0 -0.000155
6610 0 0 -0.000122
6615 0 0 -0.000120
6620 0 0 -0.000158
6625 0 0 -0.000214
6630 0 0 -0.000260
6635 0 0 -0.000273
6640 0 0 -0.000261
6645 0 0 -0.000240
6650 0 0 -0.000224
6655 0 0 -0.000216
6660 0 0 -0.000220
6665 0 0 -0.000234
6670 0 0 -0.000245
6675 0 0 -0.000240
6680 0 0 -0.000209
6685 0 0 -0.000168
6690 0 0 -0.000140
6695 0 0 -0.000142
6700 0 0 -0.000167
6705 0 0 -0.000200
6710 0 0 -0.000230
6715 0 0 -0.000252
6720 0 0 -0.000260
6725 0 0 -0.000254
6730 0 0 -0.000243
6735 0 0 -0.000240
6740 0 0 -0.000256
6745 0 0 -0.000285
6750 0 0 -0.000320
6755 0 0 -0.000353
6760 0 0 -0.000370
6765 0 0 -0.000360
6770 0 0 -0.000317
6775 0 0 -0.000271
6780 0 0 -0.000260
6785 0 0 -0.000306
6790 0 0 -0.000376
6795 0 0 -0.000420
6800 0 0 -0.000407
6805 0 0 -0.000374
6810 0 0 -0.000380
6815 0 0 -0.000458
6820 0 0 -0.000556
6825 0 0 -0.000600
6830 0 0 -0.000543
6835 0 0 -0.000436
6840 0 0 -0.000360
6845 0 0 -0.000370
6850 0 0 -0.000434
6855 0 0 -0.000500
6860 0 0 -0.000531
6865 0 0 -0.000561
6870 0 0 -0.000640
6875 0 0 -0.000799
6880 0 0 -0.000983
6885 0 0 -0.001120
6890 0 0 -0.001156
6895 0 0 -0.001125
6900 0 0 -0.001080
6905 0 0 -0.001061
6910 0 0 -0.001052
6915 0 0 -0.001020
6920 0 0 -0.000945
6925 0 0 -0.000853
6930 0 0 -0.000780
6935 0 0 -0.000751
6940 0 0 -0.000748
6945 0 0 -0.000740
6950 0 0 -0.000706
6955 0 0 -0.000658
6960 0 0 -0.000620
6965 0 0 -0.000605
6970 0 0 -0.000599
6975 0 0 -0.000580
6980 0 0 -0.000535
6985 0 0 -0.000489
6990 0 0 -0.000480
6995 0 0 -0.000528
7000 0 0 -0.000592
7005 0 0 -0.000620
7010 0 0 -0.000575
7015 0 0 -0.000501
7020 0 0 -0.000460
7025 0 0 -0.000496
7030 0 0 -0.000578
7035 0 0 -0.000660
7040 0 0 -0.000702
7045 0 0 -0.000700
7050 0 0 -0.000660
7055 0 0 -0.000592
7060 0 0 -0.000527
7065 0 0 -0.000500
7070 0 0 -0.000531
7075 0 0 -0.000578
7080 0 0 -0.000580
7085 0 0 -0.000502
7090 0 0 -0.000397
7095 0 0 -0.000340
7100 0 0 -0.000383
7105 0 0 -0.000475
7110 0 0 -0.000540
7115 0 0 -0.000524
7120 0 0 -0.000455
7125 0 0 -0.000380
7130 0 0 -0.000338
7135 0 0 -0.000334
7140 0 0 -0.000360
7145 0 0 -0.000408
7150 0 0 -0.000451
7155 0 0 -0.000460
7160 0 0 -0.000416
7165 0 0 -0.000344
7170 0 0 -0.000280
7175 0 0 -0.000251
7180 0 0 -0.000255
7185 0 0 -0.000280
7190 0 0 -0.000314
7195 0 0 -0.000335
7200 0 0 -0.000320
7205 0 0 -0.000258
7210 0 0 -0.000183
7215 0 0 -0.000140
7220 0 0 -0.000159
7225 0 0 -0.000213
7230 0 0 -0.000260
7235 0 0 -0.000267
7240 0 0 -0.000241
7245 0 0 -0.000200
7250 0 0 -0.000161
7255 0 0 -0.000136
7260 0 0 -0.000140
7265 0 0 -0.000177
7270 0 0 -0.000221
7275 0 0 -0.000240
7280 0 0 -0.000213
7285 0 0 -0.000177
7290 0 0 -0.000180
7295 0 0 -0.000253
7300 0 0 -0.000348
7305 0 0 -0.000400
7310 0 0 -0.000363
7315 0 0 -0.000281
7320 0 0 -0.000220
7325 0 0 -0.000228
7330 0 0 -0.000281
7335 0 0 -0.000340
7340 0 0 -0.000371
7345 0 0 -0.000370
7350 0 0 -0.000340
7355 0 0 -0.000289
7360 0 0 -0.000249
7365 0 0 -0.000260
7370 0 0 -0.000341
7375 0 0 -0.000438
7380 0 0 -0.000480
7385 0 0 -0.000419
7390 0 0 -0.000306
7395 0 0 -0.000220
7400 0 0 -0.000216
7405 0 0 -0.000265
7410 0 0 -0.000320
7415 0 0 -0.000341
7420 0 0 -0.000331
7425 0 0 -0.000300
7430 0 0 -0.000262
7435 0 0 -0.000230
7440 0 0 -0.000220
7445 0 0 -0.000241
7450 0 0 -0.000275
7455 0 0 -0.000300
7460 0 0 -0.000299
7465 0 0 -0.000281
7470 0 0 -0.000260
7475 0 0 -0.000249
7480 0 0 -0.000254
7485 0 0 -0.000280
7490 0 0 -0.000325
7495 0 0 -0.000367
7500 0 0 -0.000380
7505 0 0 -0.000346
7510 0 0 -0.000288
7515 0 0 -0.000240
7520 0 0 -0.000226
7525 0 0 -0.000237
7530 0 0 -0.000260
7535 0 0 -0.000280
7540 0 0 -0.000294
7545 0 0 -0.000300
7550 0 0 -0.000297
7555 0 0 -0.000279
7560 0 0 -0.000240
7565 0 0 -0.000184
7570 0 0 -0.000164
7575 0 0 -0.000240
7580 0 0 -0.000444
7585 0 0 -0.000680
7590 0 0 -0.000820
7595 0 0 -0.000775
7600 0 0 -0.000618
7605 0 0 -0.000460
7610 0 0 -0.000390
7615 0 0 -0.000400
7620 0 0 -0.000460
7625 0 0 -0.000537
7630 0 0 -0.000601
7635 0 0 -0.000620
7640 0 0 -0.000575
7645 0 0 -0.000500
7650 0 0 -0.000440
7655 0 0 -0.000429
7660 0 0 -0.000447
7665 0 0 -0.000460
7670 0 0 -0.000445
7675 0 0 -0.000412
7680 0 0 -0.000380
7685 0 0 -0.000365
7690 0 0 -0.000367
7695 0 0 -0.000380
7700 0 0 -0.000399
7705 0 0 -0.000415
7710 0 0 -0.000420
7715 0 0 -0.000407
7720 0 0 -0.000384
7725 0 0 -0.000360
7730 0 0 -0.000345
7735 0 0 -0.000344
7740 0 0 -0.000360
7745 0 0 -0.000392
7750 0 0 -0.000420
7755 0 0 -0.000420
7760 0 0 -0.000380
7765 0 0 -0.000342
7770 0 0 -0.000360
7775 0 0 -0.000464
7780 0 0 -0.000588
7785 0 0 -0.000640
7790 0 0 -0.000563
7795 0 0 -0.000428
7800 0 0 -0.000340
7805 0 0 -0.000371
7810 0 0 -0.000472
7815 0 0 -0.000560
7820 0 0 -0.000575
7825 0 0 -0.000535
7830 0 0 -0.000480
7835 0 0 -0.000439
7840 0 0 -0.000410
7845 0 0 -0.000380
7850 0 0 -0.000342
7855 0 0 -0.000310
7860 0 0 -0.000300
7865 0 0 -0.000324
7870 0 0 -0.000360
7875 0 0 -0.000380
7880 0 0 -0.000364
7885 0 0 -0.000329
7890 0 0 -0.000300
7895 0 0 -0.000297
7900 0 0 -0.000314
7905 0 0 -0.000340
7910 0 0 -0.000363
7915 0 0 -0.000373
7920 0 0 -0.000360
7925 0 0 -0.000321
7930 0 0 -0.000279
7935 0 0 -0.000260
7940 0 0 -0.000284
7945 0 0 -0.000333
7950 0 0 -0.000380
7955 0 0 -0.000404
7960 0 0 -0.000413
7965 0 0 -0.000420
7970 0 0 -0.000436
7975 0 0 -0.000458
7980 0 0 -0.000480
7985 0 0 -0.000496
7990 0 0 -0.000499
7995 0 0 -0.000480
8000 0 0 -0.000438
8005 0 0 -0.000390
8010 0 0 -0.000360
8015 0 0 -0.000364
8020 0 0 -0.000391
8025 0 0 -0.000420
8030 0 0 -0.000436
8035 0 0 -0.000436
8040 0 0 -0.000420
8045 0 0 -0.000392
8050 0 0 -0.000366
8055 0 0 -0.000360
8060 0 0 -0.000384
8065 0 0 -0.000424
8070 0 0 -0.000460
8075 0 0 -0.000476
8080 0 0 -0.000473
8085 0 0 -0.000460
8090 0 0 -0.000443
8095 0 0 -0.000427
8100 0 0 -0.000420
8105 0 0 -0.000424
8110 0 0 -0.000428
8115 0 0 -0.000420
8120 0 0 -0.000392
8125 0 0 -0.000358
8130 0 0 -0.000340
8135 0 0 -0.000351
8140 0 0 -0.000383
8145 0 0 -0.000420
8150 0 0 -0.000448
8155 0 0 -0.000457
8160 0 0 -0.000440
8165 0 0 -0.000395
8170 0 0 -0.000345
8175 0 0 -0.000320
8180 0 0 -0.000341
8185 0 0 -0.000389
8190 0 0 -0.000440
8195 0 0 -0.000470
8200 0 0 -0.000477
8205 0 0 -0.000460
8210 0 0 -0.000426
8215 0 0 -0.000402
8220 0 0 -0.000420
8225 0 0 -0.000498
8230 0 0 -0.000586
8235 0 0 -0.000620
8240 0 0 -0.000562
8245 0 0 -0.000478
8250 0 0 -0.000460
8255 0 0 -0.000567
8260 0 0 -0.000718
8265 0 0 -0.000800
8270 0 0 -0.000735
8275 0 0 -0.000593
8280 0 0 -0.000480
8285 0 0 -0.000475
8290 0 0 -0.000543
8295 0 0 -0.000620
8300 0 0 -0.000658
8305 0 0 -0.000664
8310 0 0 -0.000660
8315 0 0 -0.000661
8320 0 0 -0.000654
8325 0 0 -0.000620
8330 0 0 -0.000549
8335 0 0 -0.000480
8340 0 0 -0.000460
8345 0 0 -0.000519
8350 0 0 -0.000603
8355 0 0 -0.000640
8360 0 0 -0.000584
8365 0 0 -0.000495
8370 0 0 -0.000460
8375 0 0 -0.000536
8380 0 0 -0.000650
8385 0 0 -0.000700
8390 0 0 -0.000621
8395 0 0 -0.000499
8400 0 0 -0.000460
8405 0 0 -0.000585
8410 0 0 -0.000782
8415 0 0 -0.000920
8420 0 0 -0.000908
8425 0 0 -0.000831
8430 0 0 -0.000820
8435 0 0 -0.000948
8440 0 0 -0.001063
8445 0 0 -0.000960
8450 0 0 -0.000547
8455 0 0 -0.000198
8460 0 0 -0.000400
8465 0 0 -0.001449
8470 0 0 -0.002861
8475 0 0 -0.003960
8480 0 0 -0.004247
8485 0 0 -0.003936
8490 0 0 -0.003420
8495 0 0 -0.003012
8500 0 0 -0.002697
8505 0 0 -0.002380
8510 0 0 -0.001992
8515 0 0 -0.001566
8520 0 0 -0.001160
8525 0 0 -0.000827
8530 0 0 -0.000598
8535 0 0 -0.000500
8540 0 0 -0.000540
8545 0 0 -0.000650
8550 0 0 -0.000740
8555 0 0 -0.000743
8560 0 0 -0.000672
8565 0 0 -0.000560
8570 0 0 -0.000440
8575 0 0 -0.000338
8580 0 0 -0.000280
8585 0 0 -0.000281
8590 0 0 -0.000319
8595 0 0 -0.000360
8600 0 0 -0.000379
8605 0 0 -0.000376
8610 0 0 -0.000360
8615 0 0 -0.000340
8620 0 0 -0.000329
8625 0 0 -0.000340
8630 0 0 -0.000381
8635 0 0 -0.000430
8640 0 0 -0.000460
8645 0 0 -0.000453
8650 0 0 -0.000424
8655 0 0 -0.000400
8660 0 0 -0.000399
8665 0 0 -0.000417
8670 0 0 -0.000440
8675 0 0 -0.000458
8680 0 0 -0.000461
8685 0 0 -0.000440
8690 0 0 -0.000393
8695 0 0 -0.000343
8700 0 0 -0.000320
8705 0 0 -0.000344
8710 0 0 -0.000390
8715 0 0 -0.000420
8720 0 0 -0.000412
8725 0 0 -0.000392
8730 0 0 -0.000400
8735 0 0 -0.000460
8740 0 0 -0.000533
8745 0 0 -0.000560
8750 0 0 -0.000506
8755 0 0 -0.000418
8760 0 0 -0.000360
8765 0 0 -0.000380
8770 0 0 -0.000450
8775 0 0 -0.000520
8780 0 0 -0.000553
8785 0 0 -0.000549
8790 0 0 -0.000520
8795 0 0 -0.000478
8800 0 0 -0.000434
8805 0 0 -0.000400
8810 0 0 -0.000386
8815 0 0 -0.000388
8820 0 0 -0.000400
8825 0 0 -0.000417
8830 0 0 -0.000438
8835 0 0 -0.000460
8840 0 0 -0.000481
8845 0 0 -0.000486
8850 0 0 -0.000460
8855 0 0 -0.000396
8860 0 0 -0.000328
8865 0 0 -0.000300
8870 0 0 -0.000340
8875 0 0 -0.000411
8880 0 0 -0.000460
8885 0 0 -0.000448
8890 0 0 -0.000396
8895 0 0 -0.000340
8900 0 0 -0.000306
8905 0 0 -0.000291
8910 0 0 -0.000280
8915 0 0 -0.000267
8920 0 0 -0.000267
8925 0 0 -0.000300
8930 0 0 -0.000364
8935 0 0 -0.000369
8940 0 0 -0.000200
8945 0 0 0.000150
8950 0 0 0.000270
8955 0 0 -0.000360
8960 0 0 -0.002009
8965 0 0 -0.003959
8970 0 0 -0.005240
8975 0 0 -0.005174
8980 0 0 -0.004234
8985 0 0 -0.003180
8990 0 0 -0.002591
8995 0 0 -0.002321
9000 0 0 -0.002040
9005 0 0 -0.001514
9010 0 0 -0.000878
9015 0 0 -0.000360
9020 0 0 -0.000130
9025 0 0 -0.000119
9030 0 0 -0.000200
9035 0 0 -0.000268
9040 0 0 -0.000301
9045 0 0 -0.000300
9050 0 0 -0.000269
9055 0 0 -0.000223
9060 0 0 -0.000180
9065 0 0 -0.000156
9070 0 0 -0.000150
9075 0 0 -0.000160
9080 0 0 -0.000181
9085 0 0 -0.000205
9090 0 0 -0.000220
9095 0 0 -0.000220
9100 0 0 -0.000210
9105 0 0 -0.000200
9110 0 0 -0.000198
9115 0 0 -0.000205
9120 0 0 -0.000220
9125 0 0 -0.000240
9130 0 0 -0.000257
9135 0 0 -0.000260
9140 0 0 -0.000242
9145 0 0 -0.000211
9150 0 0 -0.000180
9155 0 0 -0.000159
9160 0 0 -0.000152
9165 0 0 -0.000160
9170 0 0 -0.000182
9175 0 0 -0.000206
9180 0 0 -0.000220
9185 0 0 -0.000213
9190 0 0 -0.000190
9195 0 0 -0.000160
9200 0 0 -0.000135
9205 0 0 -0.000134
9210 0 0 -0.000180
9215 0 0 -0.000281
9220 0 0 -0.000394
9225 0 0 -0.000460
9230 0 0 -0.000442
9235 0 0 -0.000382
9240 0 0 -0.000340
9245 0 0 -0.000360
9250 0 0 -0.000415
9255 0 0 -0.000460
9260 0 0 -0.000463
9265 0 0 -0.000435
9270 0 0 -0.000400
9275 0 0 -0.000377
9280 0 0 -0.000360
9285 0 0 -0.000340
9290 0 0 -0.000310
9295 0 0 -0.000279
9300 0 0 -0.000260
9305 0 0 -0.000263
9310 0 0 -0.000280
9315 0 0 -0.000300
9320 0 0 -0.000314
9325 0 0 -0.000315
9330 0 0 -0.000300
9335 0 0 -0.000268
9340 0 0 -0.000240
9345 0 0 -0.000240
9350 0 0 -0.000281
9355 0 0 -0.000335
9360 0 0 -0.000360
9365 0 0 -0.000331
9370 0 0 -0.000276
9375 0 0 -0.000240
9380 0 0 -0.000252
9385 0 0 -0.000296
9390 0 0 -0.000340
9395 0 0 -0.000361
9400 0 0 -0.000359
9405 0 0 -0.000340
9410 0 0 -0.000313
9415 0 0 -0.000294
9420 0 0 -0.000300
9425 0 0 -0.000337
9430 0 0 -0.000367
9435 0 0 -0.000340
9440 0 0 -0.000236
9445 0 0 -0.000148
9450 0 0 -0.000200
9455 0 0 -0.000460
9460 0 0 -0.000775
9465 0 0 -0.000940
9470 0 0 -0.000813
9475 0 0 -0.000517
9480 0 0 -0.000240
9485 0 0 -0.000125
9490 0 0 -0.000137
9495 0 0 -0.000200
9500 0 0 -0.000248
9505 0 0 -0.000273
9510 0 0 -0.000280
9515 0 0 -0.000275
9520 0 0 -0.000265
9525 0 0 -0.000260
9530 0 0 -0.000265
9535 0 0 -0.000280
9540 0 0 -0.000300
9545 0 0 -0.000320
9550 0 0 -0.000331
9555 0 0 -0.000320
9560 0 0 -0.000282
9565 0 0 -0.000240
9570 0 0 -0.000220
9575 0 0 -0.000243
9580 0 0 -0.000291
9585 0 0 -0.000340
9590 0 0 -0.000366
9595 0 0 -0.000361
9600 0 0 -0.000320
9605 0 0 -0.000248
9610 0 0 -0.000194
9615 0 0 -0.000220
9620 0 0 -0.000358
9625 0 0 -0.000528
9630 0 0 -0.000620
9635 0 0 -0.000561
9640 0 0 -0.000415
9645 0 0 -0.000280
9650 0 0 -0.000232
9655 0 0 -0.000252
9660 0 0 -0.000300
9665 0 0 -0.000338
9670 0 0 -0.000349
9675 0 0 -0.000320
9680 0 0 -0.000250
9685 0 0 -0.000185
9690 0 0 -0.000180
9695 0 0 -0.000273
9700 0 0 -0.000420
9705 0 0 -0.000560
9710 0 0 -0.000644
9715 0 0 -0.000677
9720 0 0 -0.000680
9725 0 0 -0.000670
9730 0 0 -0.000660
9735 0 0 -0.000660
9740 0 0 -0.000675
9745 0 0 -0.000689
9750 0 0 -0.000680
9755 0 0 -0.000636
9760 0 0 -0.000574
9765 0 0 -0.000520
9770 0 0 -0.000493
9775 0 0 -0.000480
9780 0 0 -0.000460
9785 0 0 -0.000427
9790 0 0 -0.000436
9795 0 0 -0.000560
9800 0 0 -0.000831
9805 0 0 -0.001130
9810 0 0 -0.001300
9815 0 0 -0.001236
9820 0 0 -0.001043
9825 0 0 -0.000880
9830 0 0 -0.000860
9835 0 0 -0.000917
9840 0 0 -0.000940
9845 0 0 -0.000851
9850 0 0 -0.000703
9855 0 0 -0.000580
9860 0 0 -0.000544
9865 0 0 -0.000568
9870 0 0 -0.000600
9875 0 0 -0.000600
9880 0 0 -0.000575
9885 0 0 -0.000540
9890 0 0 -0.000511
9895 0 0 -0.000495
9900 0 0 -0.000500
9905 0 0 -0.000527
9910 0 0 -0.000560
9915 0 0 -0.000580
9920 0 0 -0.000572
9925 0 0 -0.000547
9930 0 0 -0.000520
9935 0 0 -0.000505
9940 0 0 -0.000505
9945 0 0 -0.000520
9950 0 0 -0.000548
9955 0 0 -0.000574
9960 0 0 -0.000580
9965 0 0 -0.000555
9970 0 0 -0.000519
9975 0 0 -0.000500
9980 0 0 -0.000517
9985 0 0 -0.000558
9990 0 0 -0.000600
9995 0 0 -0.000625
10000 0 0 -0.000626
10005 0 0 -0.000600
10010 0 0 -0.000547
10015 0 0 -0.000491
10020 0 0 -0.000460
10025 0 0 -0.000473
10030 0 0 -0.000515
10035 0 0 -0.000560
10040 0 0 -0.000588
10045 0 0 -0.000594
10050 0 0 -0.000580
10055 0 0 -0.000547
10060 0 0 -0.000509
10065 0 0 -0.000480
10070 0 0 -0.000475
10075 0 0 -0.000510
