0 0 0 0.320000
5 0 0 0.242723
10 0 0 0.213734
15 0 0 0.220000
20 0 0 0.248488
25 0 0 0.286166
30 0 0 0.320000
35 0 0 0.338139
40 0 0 0.333455
45 0 0 0.300000
50 0 0 0.240436
55 0 0 0.191865
60 0 0 0.200000
65 0 0 0.292710
70 0 0 0.426492
75 0 0 0.540000
80 0 0 0.587242
85 0 0 0.583647
90 0 0 0.560000
95 0 0 0.542768
100 0 0 0.541143
105 0 0 0.560000
110 0 0 0.600207
115 0 0 0.646598
120 0 0 0.680000
125 0 0 0.685294
130 0 0 0.663578
135 0 0 0.620000
140 0 0 0.563060
145 0 0 0.514648
150 0 0 0.500000
155 0 0 0.532095
160 0 0 0.574869
165 0 0 0.580000
170 0 0 0.517451
175 0 0 0.430322
180 0 0 0.380000
185 0 0 0.407733
190 0 0 0.474214
195 0 0 0.520000
200 0 0 0.501988
205 0 0 0.442450
210 0 0 0.380000
215 0 0 0.345796
220 0 0 0.341170
225 0 0 0.360000
230 0 0 0.394088
235 0 0 0.426943
240 0 0 0.440000
245 0 0 0.421555
250 0 0 0.387353
255 0 0 0.360000
260 0 0 0.355988
265 0 0 0.367349
270 0 0 0.380000
275 0 0 0.382642
280 0 0 0.375104
285 0 0 0.360000
290 0 0 0.340111
295 0 0 0.318900
300 0 0 0.300000
305 0 0 0.287284
310 0 0 0.285590
315 0 0 0.300000
320 0 0 0.333717
325 0 0 0.382442
330 0 0 0.440000
335 0 0 0.490441
340 0 0 0.478716
345 0 0 0.340000
350 0 0 0.074147
355 0 0 -0.060271
360 0 0 0.260000
365 0 0 1.199638
370 0 0 2.289033
375 0 0 2.900000
380 0 0 2.600635
385 0 0 1.744141
390 0 0 0.880000
395 0 0 0.431898
400 0 0 0.320331
405 0 0 0.340000
410 0 0 0.325848
415 0 0 0.273794
420 0 0 0.220000
425 0 0 0.192859
430 0 0 0.189679
435 0 0 0.200000
440 0 0 0.215309
445 0 0 0.234896
450 0 0 0.260000
455 0 0 0.291090
460 0 0 0.325551
465 0 0 0.360000
470 0 0 0.389221
475 0 0 0.400677
480 0 0 0.380000
485 0 0 0.321656
490 0 0 0.255445
495 0 0 0.220000
500 0 0 0.241192
505 0 0 0.293840
510 0 0 0.340000
515 0 0 0.350613
520 0 0 0.332159
525 0 0 0.300000
530 0 0 0.267467
535 0 0 0.239748
540 0 0 0.220000
545 0 0 0.212854
550 0 0 0.228849
555 0 0 0.280000
560 0 0 0.367784
565 0 0 0.451523
570 0 0 0.480000
575 0 0 0.421935
580 0 0 0.325799
585 0 0 0.260000
590 0 0 0.274104
595 0 0 0.342317
600 0 0 0.420000
605 0 0 0.470536
610 0 0 0.489379
615 0 0 0.480000
620 0 0 0.447455
625 0 0 0.403131
630 0 0 0.360000
635 0 0 0.328534
640 0 0 0.309209
645 0 0 0.300000
650 0 0 0.299150
655 0 0 0.305961
660 0 0 0.320000
665 0 0 0.338570
670 0 0 0.349912
675 0 0 0.340000
680 0 0 0.302125
685 0 0 0.258837
690 0 0 0.240000
695 0 0 0.264781
700 0 0 0.309555
705 0 0 0.340000
710 0 0 0.331345
715 0 0 0.297019
720 0 0 0.260000
725 0 0 0.240209
730 0 0 0.245333
735 0 0 0.280000
740 0 0 0.341892
745 0 0 0.400908
750 0 0 0.420000
755 0 0 0.376665
760 0 0 0.306589
765 0 0 0.260000
770 0 0 0.271446
775 0 0 0.312737
780 0 0 0.340000
785 0 0 0.325700
790 0 0 0.307649
795 0 0 0.340000
800 0 0 0.456126
805 0 0 0.606295
810 0 0 0.720000
815 0 0 0.743130
820 0 0 0.687170
825 0 0 0.580000
830 0 0 0.450612
835 0 0 0.332433
840 0 0 0.260000
845 0 0 0.255904
850 0 0 0.294951
855 0 0 0.340000
860 0 0 0.361327
865 0 0 0.358874
870 0 0 0.340000
875 0 0 0.312862
880 0 0 0.288812
885 0 0 0.280000
890 0 0 0.293152
895 0 0 0.313287
900 0 0 0.320000
905 0 0 0.298976
910 0 0 0.260263
915 0 0 0.220000
920 0 0 0.192426
925 0 0 0.184180
930 0 0 0.200000
935 0 0 0.239468
940 0 0 0.281536
945 0 0 0.300000
950 0 0 0.277852
955 0 0 0.234862
960 0 0 0.200000
965 0 0 0.195052
970 0 0 0.213089
975 0 0 0.240000
980 0 0 0.262681
985 0 0 0.272042
990 0 0 0.260000
995 0 0 0.223854
1000 0 0 0.182445
1005 0 0 0.160000
1010 0 0 0.173755
1015 0 0 0.212992
1020 0 0 0.260000
1025 0 0 0.301124
1030 0 0 0.338921
1035 0 0 0.380000
1040 0 0 0.426191
1045 0 0 0.460212
1050 0 0 0.460000
1055 0 0 0.414110
1060 0 0 0.353563
1065 0 0 0.320000
1070 0 0 0.342555
1075 0 0 0.400349
1080 0 0 0.460000
1085 0 0 0.493449
1090 0 0 0.493929
1095 0 0 0.460000
1100 0 0 0.396243
1105 0 0 0.331341
1110 0 0 0.300000
1115 0 0 0.323061
1120 0 0 0.365893
1125 0 0 0.380000
1130 0 0 0.333736
1135 0 0 0.262864
1140 0 0 0.220000
1145 0 0 0.241996
1150 0 0 0.302650
1155 0 0 0.360000
1160 0 0 0.381985
1165 0 0 0.376164
1170 0 0 0.360000
1175 0 0 0.347841
1180 0 0 0.341581
1185 0 0 0.340000
1190 0 0 0.341466
1195 0 0 0.342697
1200 0 0 0.340000
1205 0 0 0.330740
1210 0 0 0.316519
1215 0 0 0.300000
1220 0 0 0.284463
1225 0 0 0.275670
1230 0 0 0.280000
1235 0 0 0.300296
1240 0 0 0.325246
1245 0 0 0.340000
1250 0 0 0.333612
1255 0 0 0.310754
1260 0 0 0.280000
1265 0 0 0.251922
1270 0 0 0.245073
1275 0 0 0.280000
1280 0 0 0.369068
1285 0 0 0.491916
1290 0 0 0.620000
1295 0 0 0.734026
1300 0 0 0.851706
1305 0 0 1.000000
1310 0 0 1.174086
1315 0 0 1.242001
1320 0 0 1.040000
1325 0 0 0.535557
1330 0 0 0.221031
1335 0 0 0.720000
1340 0 0 2.389611
1345 0 0 4.521283
1350 0 0 6.140000
1355 0 0 6.535627
1360 0 0 6.057542
1365 0 0 5.320000
1370 0 0 4.789360
1375 0 0 4.340400
1380 0 0 3.700000
1385 0 0 2.723968
1390 0 0 1.783820
1395 0 0 1.380000
1400 0 0 1.842176
1405 0 0 2.816912
1410 0 0 3.780000
1415 0 0 4.319181
1420 0 0 4.470012
1425 0 0 4.380000
1430 0 0 4.196655
1435 0 0 4.067485
