0 0 0 -0.000120
5 0 0 -0.000151
10 0 0 -0.000166
15 0 0 -0.000168
20 0 0 -0.000161
25 0 0 -0.000148
30 0 0 -0.000132
35 0 0 -0.000117
40 0 0 -0.000103
45 0 0 -0.000090
50 0 0 -0.000079
55 0 0 -0.000072
60 0 0 -0.000072
65 0 0 -0.000081
70 0 0 -0.000090
75 0 0 -0.000090
80 0 0 -0.000075
85 0 0 -0.000056
90 0 0 -0.000048
95 0 0 -0.000062
100 0 0 -0.000084
105 0 0 -0.000096
110 0 0 -0.000085
115 0 0 -0.000063
120 0 0 -0.000048
125 0 0 -0.000052
130 0 0 -0.000068
135 0 0 -0.000084
140 0 0 -0.000091
145 0 0 -0.000092
150 0 0 -0.000090
155 0 0 -0.000091
160 0 0 -0.000093
165 0 0 -0.000096
170 0 0 -0.000098
175 0 0 -0.000099
180 0 0 -0.000096
185 0 0 -0.000090
190 0 0 -0.000082
195 0 0 -0.000078
200 0 0 -0.000079
205 0 0 -0.000081
210 0 0 -0.000078
215 0 0 -0.000067
220 0 0 -0.000056
225 0 0 -0.000054
230 0 0 -0.000066
235 0 0 -0.000083
240 0 0 -0.000090
245 0 0 -0.000078
250 0 0 -0.000058
255 0 0 -0.000048
260 0 0 -0.000058
265 0 0 -0.000078
270 0 0 -0.000090
275 0 0 -0.000084
280 0 0 -0.000070
285 0 0 -0.000066
290 0 0 -0.000083
295 0 0 -0.000107
300 0 0 -0.000120
305 0 0 -0.000110
310 0 0 -0.000089
315 0 0 -0.000078
320 0 0 -0.000088
325 0 0 -0.000107
330 0 0 -0.000114
335 0 0 -0.000096
340 0 0 -0.000067
345 0 0 -0.000048
350 0 0 -0.000053
355 0 0 -0.000071
360 0 0 -0.000084
365 0 0 -0.000079
370 0 0 -0.000064
375 0 0 -0.000054
380 0 0 -0.000057
385 0 0 -0.000069
390 0 0 -0.000078
395 0 0 -0.000078
400 0 0 -0.000073
405 0 0 -0.000066
410 0 0 -0.000063
415 0 0 -0.000065
420 0 0 -0.000072
425 0 0 -0.000084
430 0 0 -0.000096
435 0 0 -0.000102
440 0 0 -0.000099
445 0 0 -0.000092
450 0 0 -0.000090
455 0 0 -0.000099
460 0 0 -0.000118
465 0 0 -0.000144
470 0 0 -0.000172
475 0 0 -0.000191
480 0 0 -0.000192
485 0 0 -0.000167
490 0 0 -0.000133
495 0 0 -0.000108
500 0 0 -0.000107
505 0 0 -0.000118
510 0 0 -0.000120
515 0 0 -0.000100
520 0 0 -0.000072
525 0 0 -0.000054
530 0 0 -0.000060
535 0 0 -0.000079
540 0 0 -0.000096
545 0 0 -0.000098
550 0 0 -0.000093
555 0 0 -0.000090
560 0 0 -0.000097
565 0 0 -0.000110
570 0 0 -0.000120
575 0 0 -0.000121
580 0 0 -0.000118
585 0 0 -0.000114
590 0 0 -0.000114
595 0 0 -0.000116
600 0 0 -0.000114
605 0 0 -0.000107
610 0 0 -0.000104
615 0 0 -0.000120
620 0 0 -0.000160
625 0 0 -0.000205
630 0 0 -0.000228
635 0 0 -0.000213
640 0 0 -0.000175
645 0 0 -0.000138
650 0 0 -0.000121
655 0 0 -0.000119
660 0 0 -0.000120
665 0 0 -0.000115
670 0 0 -0.000107
675 0 0 -0.000102
680 0 0 -0.000104
685 0 0 -0.000108
690 0 0 -0.000108
695 0 0 -0.000100
700 0 0 -0.000094
705 0 0 -0.000102
710 0 0 -0.000133
715 0 0 -0.000185
720 0 0 -0.000252
725 0 0 -0.000325
730 0 0 -0.000382
735 0 0 -0.000402
740 0 0 -0.000369
745 0 0 -0.000306
750 0 0 -0.000246
755 0 0 -0.000211
760 0 0 -0.000192
765 0 0 -0.000168
770 0 0 -0.000131
775 0 0 -0.000110
780 0 0 -0.000144
785 0 0 -0.000253
790 0 0 -0.000379
795 0 0 -0.000444
800 0 0 -0.000395
805 0 0 -0.000279
810 0 0 -0.000168
815 0 0 -0.000118
820 0 0 -0.000114
825 0 0 -0.000126
830 0 0 -0.000130
835 0 0 -0.000125
840 0 0 -0.000120
845 0 0 -0.000120
850 0 0 -0.000124
855 0 0 -0.000132
860 0 0 -0.000142
865 0 0 -0.000151
870 0 0 -0.000156
875 0 0 -0.000155
880 0 0 -0.000151
885 0 0 -0.000150
890 0 0 -0.000153
895 0 0 -0.000156
900 0 0 -0.000150
905 0 0 -0.000132
910 0 0 -0.000114
915 0 0 -0.000114
920 0 0 -0.000141
925 0 0 -0.000178
930 0 0 -0.000204
935 0 0 -0.000201
940 0 0 -0.000182
945 0 0 -0.000162
950 0 0 -0.000156
955 0 0 -0.000160
960 0 0 -0.000168
965 0 0 -0.000173
970 0 0 -0.000173
975 0 0 -0.000168
980 0 0 -0.000158
985 0 0 -0.000148
990 0 0 -0.000144
995 0 0 -0.000149
1000 0 0 -0.000161
1005 0 0 -0.000174
1010 0 0 -0.000183
1015 0 0 -0.000182
1020 0 0 -0.000162
1025 0 0 -0.000126
1030 0 0 -0.000114
1035 0 0 -0.000174
1040 0 0 -0.000335
1045 0 0 -0.000539
1050 0 0 -0.000708
1055 0 0 -0.000779
1060 0 0 -0.000755
1065 0 0 -0.000654
1070 0 0 -0.000500
1075 0 0 -0.000347
1080 0 0 -0.000252
1085 0 0 -0.000255
1090 0 0 -0.000314
1095 0 0 -0.000366
1100 0 0 -0.000365
1105 0 0 -0.000323
1110 0 0 -0.000270
1115 0 0 -0.000229
1120 0 0 -0.000206
1125 0 0 -0.000204
1130 0 0 -0.000222
1135 0 0 -0.000245
1140 0 0 -0.000252
1145 0 0 -0.000233
1150 0 0 -0.000211
1155 0 0 -0.000216
1160 0 0 -0.000266
1165 0 0 -0.000329
1170 0 0 -0.000360
1175 0 0 -0.000328
1180 0 0 -0.000261
1185 0 0 -0.000198
1190 0 0 -0.000171
1195 0 0 -0.000169
1200 0 0 -0.000174
1205 0 0 -0.000171
1210 0 0 -0.000162
1215 0 0 -0.000156
1220 0 0 -0.000158
1225 0 0 -0.000167
1230 0 0 -0.000180
1235 0 0 -0.000193
1240 0 0 -0.000202
1245 0 0 -0.000204
1250 0 0 -0.000197
1255 0 0 -0.000184
1260 0 0 -0.000168
1265 0 0 -0.000153
1270 0 0 -0.000143
1275 0 0 -0.000144
1280 0 0 -0.000159
1285 0 0 -0.000180
1290 0 0 -0.000198
1295 0 0 -0.000206
1300 0 0 -0.000205
1305 0 0 -0.000198
1310 0 0 -0.000186
1315 0 0 -0.000172
1320 0 0 -0.000156
1325 0 0 -0.000140
1330 0 0 -0.000126
1335 0 0 -0.000120
1340 0 0 -0.000123
1345 0 0 -0.000131
1350 0 0 -0.000138
1355 0 0 -0.000139
1360 0 0 -0.000133
1365 0 0 -0.000120
1370 0 0 -0.000103
1375 0 0 -0.000088
1380 0 0 -0.000084
1385 0 0 -0.000097
1390 0 0 -0.000119
1395 0 0 -0.000138
1400 0 0 -0.000147
1405 0 0 -0.000149
1410 0 0 -0.000150
1415 0 0 -0.000155
1420 0 0 -0.000158
1425 0 0 -0.000150
1430 0 0 -0.000127
1435 0 0 -0.000100
1440 0 0 -0.000084
1445 0 0 -0.000089
1450 0 0 -0.000106
1455 0 0 -0.000120
1460 0 0 -0.000120
1465 0 0 -0.000112
1470 0 0 -0.000102
1475 0 0 -0.000098
1480 0 0 -0.000099
1485 0 0 -0.000102
1490 0 0 -0.000105
1495 0 0 -0.000108
1500 0 0 -0.000108
1505 0 0 -0.000106
1510 0 0 -0.000104
1515 0 0 -0.000102
1520 0 0 -0.000103
1525 0 0 -0.000104
1530 0 0 -0.000102
1535 0 0 -0.000096
1540 0 0 -0.000089
1545 0 0 -0.000084
1550 0 0 -0.000084
1555 0 0 -0.000090
1560 0 0 -0.000102
1565 0 0 -0.000119
1570 0 0 -0.000132
1575 0 0 -0.000132
1580 0 0 -0.000112
1585 0 0 -0.000085
1590 0 0 -0.000066
1595 0 0 -0.000067
1600 0 0 -0.000081
1605 0 0 -0.000096
1610 0 0 -0.000103
1615 0 0 -0.000101
1620 0 0 -0.000090
1625 0 0 -0.000073
1630 0 0 -0.000058
1635 0 0 -0.000054
1640 0 0 -0.000068
1645 0 0 -0.000088
1650 0 0 -0.000102
1655 0 0 -0.000099
1660 0 0 -0.000085
1665 0 0 -0.000072
1670 0 0 -0.000067
1675 0 0 -0.000072
1680 0 0 -0.000084
1685 0 0 -0.000102
1690 0 0 -0.000117
1695 0 0 -0.000120
1700 0 0 -0.000107
1705 0 0 -0.000088
1710 0 0 -0.000078
1715 0 0 -0.000088
1720 0 0 -0.000107
1725 0 0 -0.000120
1730 0 0 -0.000117
1735 0 0 -0.000102
1740 0 0 -0.000084
1745 0 0 -0.000070
1750 0 0 -0.000063
1755 0 0 -0.000066
1760 0 0 -0.000079
1765 0 0 -0.000093
1770 0 0 -0.000096
1775 0 0 -0.000082
1780 0 0 -0.000061
1785 0 0 -0.000048
1790 0 0 -0.000054
1795 0 0 -0.000072
1800 0 0 -0.000090
1805 0 0 -0.000099
1810 0 0 -0.000098
1815 0 0 -0.000090
1820 0 0 -0.000078
1825 0 0 -0.000069
1830 0 0 -0.000072
1835 0 0 -0.000091
1840 0 0 -0.000116
1845 0 0 -0.000132
1850 0 0 -0.000129
1855 0 0 -0.000114
1860 0 0 -0.000096
1865 0 0 -0.000085
1870 0 0 -0.000081
1875 0 0 -0.000084
1880 0 0 -0.000091
1885 0 0 -0.000101
1890 0 0 -0.000108
1895 0 0 -0.000110
1900 0 0 -0.000107
1905 0 0 -0.000096
1910 0 0 -0.000079
1915 0 0 -0.000061
1920 0 0 -0.000048
1925 0 0 -0.000047
1930 0 0 -0.000065
1935 0 0 -0.000108
1940 0 0 -0.000177
1945 0 0 -0.000255
1950 0 0 -0.000318
1955 0 0 -0.000348
1960 0 0 -0.000348
1965 0 0 -0.000324
1970 0 0 -0.000286
1975 0 0 -0.000245
1980 0 0 -0.000216
1985 0 0 -0.000213
1990 0 0 -0.000251
1995 0 0 -0.000348
2000 0 0 -0.000505
2005 0 0 -0.000667
2010 0 0 -0.000762
2015 0 0 -0.000745
2020 0 0 -0.000668
2025 0 0 -0.000612
2030 0 0 -0.000627
2035 0 0 -0.000655
2040 0 0 -0.000612
2045 0 0 -0.000450
2050 0 0 -0.000270
2055 0 0 -0.000210
2060 0 0 -0.000358
2065 0 0 -0.000605
2070 0 0 -0.000792
2075 0 0 -0.000804
2080 0 0 -0.000690
2085 0 0 -0.000546
2090 0 0 -0.000449
2095 0 0 -0.000424
2100 0 0 -0.000480
2105 0 0 -0.000611
2110 0 0 -0.000753
2115 0 0 -0.000822
2120 0 0 -0.000765
2125 0 0 -0.000635
2130 0 0 -0.000510
2135 0 0 -0.000449
2140 0 0 -0.000426
2145 0 0 -0.000396
2150 0 0 -0.000326
2155 0 0 -0.000237
2160 0 0 -0.000162
2165 0 0 -0.000127
2170 0 0 -0.000124
2175 0 0 -0.000132
2180 0 0 -0.000138
2185 0 0 -0.000140
2190 0 0 -0.000138
2195 0 0 -0.000134
2200 0 0 -0.000130
2205 0 0 -0.000126
2210 0 0 -0.000123
2215 0 0 -0.000121
2220 0 0 -0.000120
2225 0 0 -0.000119
2230 0 0 -0.000119
2235 0 0 -0.000120
2240 0 0 -0.000121
2245 0 0 -0.000123
2250 0 0 -0.000126
2255 0 0 -0.000129
2260 0 0 -0.000136
2265 0 0 -0.000150
2270 0 0 -0.000171
2275 0 0 -0.000191
2280 0 0 -0.000198
2285 0 0 -0.000186
2290 0 0 -0.000164
2295 0 0 -0.000144
2300 0 0 -0.000135
2305 0 0 -0.000133
2310 0 0 -0.000132
2315 0 0 -0.000127
2320 0 0 -0.000127
2325 0 0 -0.000144
2330 0 0 -0.000183
2335 0 0 -0.000224
2340 0 0 -0.000240
2345 0 0 -0.000213
2350 0 0 -0.000165
2355 0 0 -0.000126
2360 0 0 -0.000121
2365 0 0 -0.000151
2370 0 0 -0.000210
2375 0 0 -0.000289
2380 0 0 -0.000353
2385 0 0 -0.000366
2390 0 0 -0.000304
2395 0 0 -0.000207
2400 0 0 -0.000132
2405 0 0 -0.000120
2410 0 0 -0.000150
2415 0 0 -0.000186
2420 0 0 -0.000200
2425 0 0 -0.000195
2430 0 0 -0.000186
2435 0 0 -0.000182
2440 0 0 -0.000184
2445 0 0 -0.000192
2450 0 0 -0.000204
2455 0 0 -0.000213
2460 0 0 -0.000210
2465 0 0 -0.000192
2470 0 0 -0.000187
2475 0 0 -0.000228
2480 0 0 -0.000333
2485 0 0 -0.000456
2490 0 0 -0.000534
2495 0 0 -0.000527
2500 0 0 -0.000478
2505 0 0 -0.000450
2510 0 0 -0.000490
2515 0 0 -0.000577
2520 0 0 -0.000672
2525 0 0 -0.000743
2530 0 0 -0.000784
2535 0 0 -0.000792
2540 0 0 -0.000770
2545 0 0 -0.000724
2550 0 0 -0.000666
2555 0 0 -0.000604
2560 0 0 -0.000542
2565 0 0 -0.000486
2570 0 0 -0.000439
2575 0 0 -0.000404
2580 0 0 -0.000384
2585 0 0 -0.000381
2590 0 0 -0.000393
2595 0 0 -0.000414
2600 0 0 -0.000440
2605 0 0 -0.000460
2610 0 0 -0.000462
2615 0 0 -0.000440
2620 0 0 -0.000410
2625 0 0 -0.000396
2630 0 0 -0.000414
2635 0 0 -0.000459
2640 0 0 -0.000516
2645 0 0 -0.000574
2650 0 0 -0.000617
2655 0 0 -0.000630
2660 0 0 -0.000603
2665 0 0 -0.000547
2670 0 0 -0.000480
2675 0 0 -0.000418
2680 0 0 -0.000373
2685 0 0 -0.000360
2690 0 0 -0.000383
2695 0 0 -0.000423
2700 0 0 -0.000450
2705 0 0 -0.000446
2710 0 0 -0.000427
2715 0 0 -0.000414
2720 0 0 -0.000425
2725 0 0 -0.000447
2730 0 0 -0.000462
2735 0 0 -0.000456
2740 0 0 -0.000438
2745 0 0 -0.000420
2750 0 0 -0.000412
2755 0 0 -0.000412
2760 0 0 -0.000414
2765 0 0 -0.000412
2770 0 0 -0.000396
2775 0 0 -0.000354
2780 0 0 -0.000282
2785 0 0 -0.000198
2790 0 0 -0.000126
2795 0 0 -0.000086
2800 0 0 -0.000075
2805 0 0 -0.000084
2810 0 0 -0.000104
2815 0 0 -0.000126
2820 0 0 -0.000138
2825 0 0 -0.000134
2830 0 0 -0.000121
2835 0 0 -0.000108
2840 0 0 -0.000103
2845 0 0 -0.000107
2850 0 0 -0.000120
2855 0 0 -0.000140
2860 0 0 -0.000156
2865 0 0 -0.000156
2870 0 0 -0.000132
2875 0 0 -0.000100
2880 0 0 -0.000078
2885 0 0 -0.000081
2890 0 0 -0.000098
2895 0 0 -0.000114
2900 0 0 -0.000116
2905 0 0 -0.000109
2910 0 0 -0.000102
2915 0 0 -0.000101
2920 0 0 -0.000103
2925 0 0 -0.000102
2930 0 0 -0.000094
2935 0 0 -0.000081
2940 0 0 -0.000066
2945 0 0 -0.000053
2950 0 0 -0.000047
2955 0 0 -0.000054
2960 0 0 -0.000075
2965 0 0 -0.000099
2970 0 0 -0.000114
2975 0 0 -0.000109
2980 0 0 -0.000093
2985 0 0 -0.000078
2990 0 0 -0.000074
2995 0 0 -0.000081
3000 0 0 -0.000096
3005 0 0 -0.000115
3010 0 0 -0.000131
3015 0 0 -0.000132
3020 0 0 -0.000114
3025 0 0 -0.000087
3030 0 0 -0.000066
3035 0 0 -0.000061
3040 0 0 -0.000068
3045 0 0 -0.000078
3050 0 0 -0.000085
3055 0 0 -0.000085
3060 0 0 -0.000078
3065 0 0 -0.000063
3070 0 0 -0.000049
3075 0 0 -0.000048
3080 0 0 -0.000065
3085 0 0 -0.000089
3090 0 0 -0.000102
3095 0 0 -0.000093
3100 0 0 -0.000071
3105 0 0 -0.000054
3110 0 0 -0.000052
3115 0 0 -0.000064
3120 0 0 -0.000084
3125 0 0 -0.000105
3130 0 0 -0.000119
3135 0 0 -0.000120
3140 0 0 -0.000103
3145 0 0 -0.000082
3150 0 0 -0.000072
3155 0 0 -0.000085
3160 0 0 -0.000107
3165 0 0 -0.000120
3170 0 0 -0.000110
3175 0 0 -0.000087
3180 0 0 -0.000066
3185 0 0 -0.000058
3190 0 0 -0.000061
3195 0 0 -0.000072
3200 0 0 -0.000085
3205 0 0 -0.000094
3210 0 0 -0.000090
3215 0 0 -0.000069
3220 0 0 -0.000046
3225 0 0 -0.000036
3230 0 0 -0.000052
3235 0 0 -0.000079
3240 0 0 -0.000096
3245 0 0 -0.000090
3250 0 0 -0.000072
3255 0 0 -0.000060
3260 0 0 -0.000067
3265 0 0 -0.000087
3270 0 0 -0.000108
3275 0 0 -0.000120
3280 0 0 -0.000122
3285 0 0 -0.000114
3290 0 0 -0.000098
3295 0 0 -0.000079
3300 0 0 -0.000066
3305 0 0 -0.000065
3310 0 0 -0.000080
3315 0 0 -0.000114
3320 0 0 -0.000165
3325 0 0 -0.000214
3330 0 0 -0.000240
3335 0 0 -0.000227
3340 0 0 -0.000191
3345 0 0 -0.000156
3350 0 0 -0.000139
3355 0 0 -0.000139
3360 0 0 -0.000150
3365 0 0 -0.000165
3370 0 0 -0.000180
3375 0 0 -0.000192
3380 0 0 -0.000198
3385 0 0 -0.000199
3390 0 0 -0.000192
3395 0 0 -0.000179
3400 0 0 -0.000162
3405 0 0 -0.000144
3410 0 0 -0.000127
3415 0 0 -0.000115
3420 0 0 -0.000108
3425 0 0 -0.000109
3430 0 0 -0.000119
3435 0 0 -0.000138
3440 0 0 -0.000164
3445 0 0 -0.000182
3450 0 0 -0.000174
3455 0 0 -0.000131
3460 0 0 -0.000083
3465 0 0 -0.000066
3470 0 0 -0.000106
3475 0 0 -0.000171
3480 0 0 -0.000216
3485 0 0 -0.000209
3490 0 0 -0.000169
3495 0 0 -0.000126
3500 0 0 -0.000105
3505 0 0 -0.000100
3510 0 0 -0.000096
3515 0 0 -0.000085
3520 0 0 -0.000073
3525 0 0 -0.000072
3530 0 0 -0.000090
3535 0 0 -0.000116
3540 0 0 -0.000138
3545 0 0 -0.000144
3550 0 0 -0.000138
3555 0 0 -0.000126
3560 0 0 -0.000114
3565 0 0 -0.000103
3570 0 0 -0.000096
3575 0 0 -0.000095
3580 0 0 -0.000109
3585 0 0 -0.000150
3590 0 0 -0.000221
3595 0 0 -0.000289
3600 0 0 -0.000312
3605 0 0 -0.000263
3610 0 0 -0.000174
3615 0 0 -0.000090
3620 0 0 -0.000048
3625 0 0 -0.000046
3630 0 0 -0.000072
3635 0 0 -0.000113
3640 0 0 -0.000151
3645 0 0 -0.000168
3650 0 0 -0.000151
3655 0 0 -0.000115
3660 0 0 -0.000084
3665 0 0 -0.000074
3670 0 0 -0.000082
3675 0 0 -0.000102
3680 0 0 -0.000126
3685 0 0 -0.000149
3690 0 0 -0.000168
3695 0 0 -0.000180
3700 0 0 -0.000188
3705 0 0 -0.000198
3710 0 0 -0.000214
3715 0 0 -0.000232
3720 0 0 -0.000246
3725 0 0 -0.000252
3730 0 0 -0.000247
3735 0 0 -0.000228
3740 0 0 -0.000195
3745 0 0 -0.000162
3750 0 0 -0.000144
3755 0 0 -0.000154
3760 0 0 -0.000183
3765 0 0 -0.000222
3770 0 0 -0.000259
3775 0 0 -0.000285
3780 0 0 -0.000294
3785 0 0 -0.000282
3790 0 0 -0.000261
3795 0 0 -0.000246
3800 0 0 -0.000248
3805 0 0 -0.000263
3810 0 0 -0.000282
3815 0 0 -0.000297
3820 0 0 -0.000303
3825 0 0 -0.000300
3830 0 0 -0.000286
3835 0 0 -0.000270
3840 0 0 -0.000264
3845 0 0 -0.000274
3850 0 0 -0.000289
3855 0 0 -0.000294
3860 0 0 -0.000280
3865 0 0 -0.000255
3870 0 0 -0.000234
3875 0 0 -0.000227
3880 0 0 -0.000229
3885 0 0 -0.000228
3890 0 0 -0.000217
3895 0 0 -0.000199
3900 0 0 -0.000180
3905 0 0 -0.000166
3910 0 0 -0.000165
3915 0 0 -0.000186
3920 0 0 -0.000231
3925 0 0 -0.000278
3930 0 0 -0.000300
3935 0 0 -0.000281
3940 0 0 -0.000256
3945 0 0 -0.000276
3950 0 0 -0.000367
3955 0 0 -0.000475
3960 0 0 -0.000522
3965 0 0 -0.000459
3970 0 0 -0.000339
3975 0 0 -0.000246
3980 0 0 -0.000237
3985 0 0 -0.000277
3990 0 0 -0.000312
3995 0 0 -0.000298
4000 0 0 -0.000254
4005 0 0 -0.000210
4010 0 0 -0.000192
4015 0 0 -0.000191
4020 0 0 -0.000192
4025 0 0 -0.000183
4030 0 0 -0.000168
4035 0 0 -0.000156
4040 0 0 -0.000152
4045 0 0 -0.000156
4050 0 0 -0.000162
4055 0 0 -0.000167
4060 0 0 -0.000168
4065 0 0 -0.000162
4070 0 0 -0.000148
4075 0 0 -0.000135
4080 0 0 -0.000138
4085 0 0 -0.000162
4090 0 0 -0.000192
4095 0 0 -0.000204
4100 0 0 -0.000185
4105 0 0 -0.000158
4110 0 0 -0.000156
4115 0 0 -0.000198
4120 0 0 -0.000254
4125 0 0 -0.000282
4130 0 0 -0.000252
4135 0 0 -0.000191
4140 0 0 -0.000138
4145 0 0 -0.000124
4150 0 0 -0.000135
4155 0 0 -0.000150
4160 0 0 -0.000150
4165 0 0 -0.000141
4170 0 0 -0.000132
4175 0 0 -0.000132
4180 0 0 -0.000138
4185 0 0 -0.000144
4190 0 0 -0.000147
4195 0 0 -0.000145
4200 0 0 -0.000138
4205 0 0 -0.000128
4210 0 0 -0.000120
4215 0 0 -0.000120
4220 0 0 -0.000131
4225 0 0 -0.000144
4230 0 0 -0.000144
4235 0 0 -0.000124
4240 0 0 -0.000098
4245 0 0 -0.000084
4250 0 0 -0.000095
4255 0 0 -0.000117
4260 0 0 -0.000132
4265 0 0 -0.000125
4270 0 0 -0.000105
4275 0 0 -0.000084
4280 0 0 -0.000073
4285 0 0 -0.000073
4290 0 0 -0.000084
4295 0 0 -0.000102
4300 0 0 -0.000119
4305 0 0 -0.000120
4310 0 0 -0.000100
4315 0 0 -0.000072
4320 0 0 -0.000054
4325 0 0 -0.000059
4330 0 0 -0.000080
4335 0 0 -0.000102
4340 0 0 -0.000114
4345 0 0 -0.000116
4350 0 0 -0.000108
4355 0 0 -0.000093
4360 0 0 -0.000077
4365 0 0 -0.000066
4370 0 0 -0.000065
4375 0 0 -0.000074
4380 0 0 -0.000090
4385 0 0 -0.000110
4390 0 0 -0.000125
4395 0 0 -0.000126
4400 0 0 -0.000108
4405 0 0 -0.000085
4410 0 0 -0.000072
4415 0 0 -0.000082
4420 0 0 -0.000100
4425 0 0 -0.000108
4430 0 0 -0.000092
4435 0 0 -0.000066
4440 0 0 -0.000048
4445 0 0 -0.000053
4450 0 0 -0.000070
4455 0 0 -0.000084
4460 0 0 -0.000082
4465 0 0 -0.000071
4470 0 0 -0.000060
4475 0 0 -0.000057
4480 0 0 -0.000060
4485 0 0 -0.000066
4490 0 0 -0.000070
4495 0 0 -0.000072
4500 0 0 -0.000072
4505 0 0 -0.000070
4510 0 0 -0.000071
4515 0 0 -0.000078
4520 0 0 -0.000094
4525 0 0 -0.000110
4530 0 0 -0.000114
4535 0 0 -0.000100
4540 0 0 -0.000081
4545 0 0 -0.000072
4550 0 0 -0.000085
4555 0 0 -0.000106
4560 0 0 -0.000114
4565 0 0 -0.000095
4570 0 0 -0.000065
4575 0 0 -0.000048
4580 0 0 -0.000058
4585 0 0 -0.000082
4590 0 0 -0.000096
4595 0 0 -0.000085
4600 0 0 -0.000063
4605 0 0 -0.000048
4610 0 0 -0.000055
4615 0 0 -0.000072
4620 0 0 -0.000084
4625 0 0 -0.000078
4630 0 0 -0.000064
4635 0 0 -0.000054
4640 0 0 -0.000059
4645 0 0 -0.000072
4650 0 0 -0.000084
4655 0 0 -0.000087
4660 0 0 -0.000085
4665 0 0 -0.000084
4670 0 0 -0.000089
4675 0 0 -0.000097
4680 0 0 -0.000102
4685 0 0 -0.000101
4690 0 0 -0.000096
4695 0 0 -0.000090
4700 0 0 -0.000086
4705 0 0 -0.000084
4710 0 0 -0.000084
4715 0 0 -0.000084
4720 0 0 -0.000080
4725 0 0 -0.000066
4730 0 0 -0.000043
4735 0 0 -0.000032
4740 0 0 -0.000060
4745 0 0 -0.000140
4750 0 0 -0.000230
4755 0 0 -0.000276
4760 0 0 -0.000242
4765 0 0 -0.000168
4770 0 0 -0.000114
4775 0 0 -0.000122
4780 0 0 -0.000167
4785 0 0 -0.000204
4790 0 0 -0.000202
4795 0 0 -0.000179
4800 0 0 -0.000162
4805 0 0 -0.000173
4810 0 0 -0.000200
4815 0 0 -0.000222
4820 0 0 -0.000224
4825 0 0 -0.000210
4830 0 0 -0.000186
4835 0 0 -0.000160
4840 0 0 -0.000134
4845 0 0 -0.000108
4850 0 0 -0.000085
4855 0 0 -0.000074
4860 0 0 -0.000084
4865 0 0 -0.000118
4870 0 0 -0.000155
4875 0 0 -0.000168
4880 0 0 -0.000139
4885 0 0 -0.000091
4890 0 0 -0.000060
4895 0 0 -0.000068
4900 0 0 -0.000098
4905 0 0 -0.000120
4910 0 0 -0.000115
4915 0 0 -0.000095
4920 0 0 -0.000078
4925 0 0 -0.000082
4930 0 0 -0.000108
4935 0 0 -0.000156
4940 0 0 -0.000220
4945 0 0 -0.000278
4950 0 0 -0.000306
4955 0 0 -0.000286
4960 0 0 -0.000238
4965 0 0 -0.000192
4970 0 0 -0.000169
4975 0 0 -0.000162
4980 0 0 -0.000156
4985 0 0 -0.000142
4990 0 0 -0.000128
4995 0 0 -0.000126
5000 0 0 -0.000145
5005 0 0 -0.000177
5010 0 0 -0.000210
5015 0 0 -0.000233
5020 0 0 -0.000244
5025 0 0 -0.000240
5030 0 0 -0.000221
5035 0 0 -0.000189
5040 0 0 -0.000150
5045 0 0 -0.000109
5050 0 0 -0.000077
5055 0 0 -0.000066
5060 0 0 -0.000083
5065 0 0 -0.000114
5070 0 0 -0.000138
5075 0 0 -0.000140
5080 0 0 -0.000128
5085 0 0 -0.000114
5090 0 0 -0.000109
5095 0 0 -0.000114
5100 0 0 -0.000126
5105 0 0 -0.000142
5110 0 0 -0.000155
5115 0 0 -0.000156
5120 0 0 -0.000142
5125 0 0 -0.000123
5130 0 0 -0.000114
5135 0 0 -0.000126
5140 0 0 -0.000151
5145 0 0 -0.000180
5150 0 0 -0.000203
5155 0 0 -0.000214
5160 0 0 -0.000210
5165 0 0 -0.000192
5170 0 0 -0.000178
5175 0 0 -0.000192
5180 0 0 -0.000247
5185 0 0 -0.000308
5190 0 0 -0.000330
5195 0 0 -0.000283
5200 0 0 -0.000196
5205 0 0 -0.000114
5210 0 0 -0.000072
5215 0 0 -0.000071
5220 0 0 -0.000102
5225 0 0 -0.000154
5230 0 0 -0.000209
5235 0 0 -0.000246
5240 0 0 -0.000251
5245 0 0 -0.000239
5250 0 0 -0.000228
5255 0 0 -0.000233
5260 0 0 -0.000240
5265 0 0 -0.000228
5270 0 0 -0.000184
5275 0 0 -0.000128
5280 0 0 -0.000090
5285 0 0 -0.000090
5290 0 0 -0.000115
5295 0 0 -0.000144
5300 0 0 -0.000159
5305 0 0 -0.000162
5310 0 0 -0.000156
5315 0 0 -0.000146
5320 0 0 -0.000137
5325 0 0 -0.000132
5330 0 0 -0.000134
5335 0 0 -0.000141
5340 0 0 -0.000150
5345 0 0 -0.000160
5350 0 0 -0.000178
5355 0 0 -0.000216
5360 0 0 -0.000281
5365 0 0 -0.000368
5370 0 0 -0.000468
5375 0 0 -0.000568
5380 0 0 -0.000632
5385 0 0 -0.000618
5390 0 0 -0.000503
5395 0 0 -0.000344
5400 0 0 -0.000216
5405 0 0 -0.000176
5410 0 0 -0.000205
5415 0 0 -0.000264
5420 0 0 -0.000318
5425 0 0 -0.000351
5430 0 0 -0.000348
5435 0 0 -0.000304
5440 0 0 -0.000242
5445 0 0 -0.000192
5450 0 0 -0.000176
5455 0 0 -0.000184
5460 0 0 -0.000198
5465 0 0 -0.000204
5470 0 0 -0.000204
5475 0 0 -0.000204
5480 0 0 -0.000209
5485 0 0 -0.000215
5490 0 0 -0.000216
5495 0 0 -0.000209
5500 0 0 -0.000202
5505 0 0 -0.000204
5510 0 0 -0.000222
5515 0 0 -0.000243
5520 0 0 -0.000252
5525 0 0 -0.000238
5530 0 0 -0.000218
5535 0 0 -0.000216
5540 0 0 -0.000248
5545 0 0 -0.000293
5550 0 0 -0.000324
5555 0 0 -0.000320
5560 0 0 -0.000287
5565 0 0 -0.000240
5570 0 0 -0.000192
5575 0 0 -0.000154
5580 0 0 -0.000132
5585 0 0 -0.000132
5590 0 0 -0.000145
5595 0 0 -0.000156
5600 0 0 -0.000155
5605 0 0 -0.000145
5610 0 0 -0.000132
5615 0 0 -0.000121
5620 0 0 -0.000116
5625 0 0 -0.000120
5630 0 0 -0.000134
5635 0 0 -0.000151
5640 0 0 -0.000162
5645 0 0 -0.000161
5650 0 0 -0.000155
5655 0 0 -0.000156
5660 0 0 -0.000171
5665 0 0 -0.000190
5670 0 0 -0.000198
5675 0 0 -0.000185
5680 0 0 -0.000159
5685 0 0 -0.000132
5690 0 0 -0.000113
5695 0 0 -0.000100
5700 0 0 -0.000090
5705 0 0 -0.000079
5710 0 0 -0.000068
5715 0 0 -0.000060
5720 0 0 -0.000057
5725 0 0 -0.000062
5730 0 0 -0.000078
5735 0 0 -0.000104
5740 0 0 -0.000127
5745 0 0 -0.000132
5750 0 0 -0.000110
5755 0 0 -0.000076
5760 0 0 -0.000054
5765 0 0 -0.000060
5770 0 0 -0.000084
5775 0 0 -0.000108
5780 0 0 -0.000120
5785 0 0 -0.000124
5790 0 0 -0.000126
5795 0 0 -0.000131
5800 0 0 -0.000134
5805 0 0 -0.000126
5810 0 0 -0.000103
5815 0 0 -0.000077
5820 0 0 -0.000066
5825 0 0 -0.000080
5830 0 0 -0.000105
5835 0 0 -0.000120
5840 0 0 -0.000111
5845 0 0 -0.000088
5850 0 0 -0.000066
5855 0 0 -0.000058
5860 0 0 -0.000062
5865 0 0 -0.000072
5870 0 0 -0.000082
5875 0 0 -0.000087
5880 0 0 -0.000084
5885 0 0 -0.000072
5890 0 0 -0.000058
5895 0 0 -0.000054
5900 0 0 -0.000066
5905 0 0 -0.000085
5910 0 0 -0.000096
5915 0 0 -0.000090
5920 0 0 -0.000075
5925 0 0 -0.000066
5930 0 0 -0.000073
5935 0 0 -0.000088
5940 0 0 -0.000102
5945 0 0 -0.000106
5950 0 0 -0.000103
5955 0 0 -0.000096
5960 0 0 -0.000090
5965 0 0 -0.000087
5970 0 0 -0.000090
5975 0 0 -0.000099
5980 0 0 -0.000106
5985 0 0 -0.000102
5990 0 0 -0.000081
5995 0 0 -0.000057
6000 0 0 -0.000048
6005 0 0 -0.000064
6010 0 0 -0.000090
6015 0 0 -0.000102
6020 0 0 -0.000086
6025 0 0 -0.000059
6030 0 0 -0.000042
6035 0 0 -0.000053
6040 0 0 -0.000078
6045 0 0 -0.000096
6050 0 0 -0.000093
6055 0 0 -0.000076
6060 0 0 -0.000060
6065 0 0 -0.000056
6070 0 0 -0.000064
6075 0 0 -0.000078
6080 0 0 -0.000095
6085 0 0 -0.000107
6090 0 0 -0.000108
6095 0 0 -0.000094
6100 0 0 -0.000077
6105 0 0 -0.000072
6110 0 0 -0.000089
6115 0 0 -0.000112
6120 0 0 -0.000120
6125 0 0 -0.000099
6130 0 0 -0.000067
6135 0 0 -0.000048
6140 0 0 -0.000059
6145 0 0 -0.000083
6150 0 0 -0.000096
6155 0 0 -0.000082
6160 0 0 -0.000056
6165 0 0 -0.000042
6170 0 0 -0.000055
6175 0 0 -0.000079
6180 0 0 -0.000090
6185 0 0 -0.000073
6190 0 0 -0.000051
6195 0 0 -0.000054
6200 0 0 -0.000102
6205 0 0 -0.000174
6210 0 0 -0.000234
6215 0 0 -0.000258
6220 0 0 -0.000252
6225 0 0 -0.000228
6230 0 0 -0.000200
6235 0 0 -0.000177
6240 0 0 -0.000168
6245 0 0 -0.000178
6250 0 0 -0.000198
6255 0 0 -0.000216
6260 0 0 -0.000222
6265 0 0 -0.000215
6270 0 0 -0.000198
6275 0 0 -0.000173
6280 0 0 -0.000147
6285 0 0 -0.000132
6290 0 0 -0.000132
6295 0 0 -0.000142
6300 0 0 -0.000150
6305 0 0 -0.000149
6310 0 0 -0.000138
6315 0 0 -0.000120
6320 0 0 -0.000097
6325 0 0 -0.000078
6330 0 0 -0.000072
6335 0 0 -0.000084
6340 0 0 -0.000103
6345 0 0 -0.000114
6350 0 0 -0.000106
6355 0 0 -0.000092
6360 0 0 -0.000090
6365 0 0 -0.000110
6370 0 0 -0.000139
6375 0 0 -0.000156
6380 0 0 -0.000147
6385 0 0 -0.000123
6390 0 0 -0.000102
6395 0 0 -0.000099
6400 0 0 -0.000122
6405 0 0 -0.000174
6410 0 0 -0.000253
6415 0 0 -0.000325
6420 0 0 -0.000348
6425 0 0 -0.000295
6430 0 0 -0.000203
6435 0 0 -0.000126
6440 0 0 -0.000102
6445 0 0 -0.000112
6450 0 0 -0.000126
6455 0 0 -0.000119
6460 0 0 -0.000098
6465 0 0 -0.000078
6470 0 0 -0.000071
6475 0 0 -0.000075
6480 0 0 -0.000084
6485 0 0 -0.000094
6490 0 0 -0.000102
6495 0 0 -0.000108
6500 0 0 -0.000110
6505 0 0 -0.000109
6510 0 0 -0.000108
6515 0 0 -0.000108
6520 0 0 -0.000115
6525 0 0 -0.000132
6530 0 0 -0.000162
6535 0 0 -0.000194
6540 0 0 -0.000216
6545 0 0 -0.000219
6550 0 0 -0.000208
6555 0 0 -0.000192
6560 0 0 -0.000178
6565 0 0 -0.000163
6570 0 0 -0.000144
6575 0 0 -0.000118
6580 0 0 -0.000094
6585 0 0 -0.000084
6590 0 0 -0.000093
6595 0 0 -0.000107
6600 0 0 -0.000108
6605 0 0 -0.000085
6610 0 0 -0.000065
6615 0 0 -0.000084
6620 0 0 -0.000161
6625 0 0 -0.000253
6630 0 0 -0.000300
6635 0 0 -0.000261
6640 0 0 -0.000174
6645 0 0 -0.000096
6650 0 0 -0.000070
6655 0 0 -0.000084
6660 0 0 -0.000114
6665 0 0 -0.000137
6670 0 0 -0.000150
6675 0 0 -0.000150
6680 0 0 -0.000139
6685 0 0 -0.000125
6690 0 0 -0.000114
6695 0 0 -0.000114
6700 0 0 -0.000120
6705 0 0 -0.000126
6710 0 0 -0.000129
6715 0 0 -0.000136
6720 0 0 -0.000156
6725 0 0 -0.000199
6730 0 0 -0.000266
6735 0 0 -0.000360
6740 0 0 -0.000472
6745 0 0 -0.000553
6750 0 0 -0.000546
6755 0 0 -0.000419
6760 0 0 -0.000252
6765 0 0 -0.000150
6770 0 0 -0.000185
6775 0 0 -0.000291
6780 0 0 -0.000366
6785 0 0 -0.000339
6790 0 0 -0.000251
6795 0 0 -0.000174
6800 0 0 -0.000161
6805 0 0 -0.000191
6810 0 0 -0.000228
6815 0 0 -0.000243
6820 0 0 -0.000249
6825 0 0 -0.000270
6830 0 0 -0.000318
6835 0 0 -0.000366
6840 0 0 -0.000378
6845 0 0 -0.000332
6850 0 0 -0.000262
6855 0 0 -0.000216
6860 0 0 -0.000228
6865 0 0 -0.000269
6870 0 0 -0.000294
6875 0 0 -0.000271
6880 0 0 -0.000225
6885 0 0 -0.000192
6890 0 0 -0.000198
6895 0 0 -0.000228
6900 0 0 -0.000252
6905 0 0 -0.000251
6910 0 0 -0.000234
6915 0 0 -0.000216
6920 0 0 -0.000209
6925 0 0 -0.000210
6930 0 0 -0.000210
6935 0 0 -0.000205
6940 0 0 -0.000201
6945 0 0 -0.000204
6950 0 0 -0.000221
6955 0 0 -0.000245
6960 0 0 -0.000270
6965 0 0 -0.000288
6970 0 0 -0.000295
6975 0 0 -0.000288
6980 0 0 -0.000267
6985 0 0 -0.000243
6990 0 0 -0.000228
6995 0 0 -0.000231
7000 0 0 -0.000244
7005 0 0 -0.000252
7010 0 0 -0.000246
7015 0 0 -0.000232
7020 0 0 -0.000222
7025 0 0 -0.000222
7030 0 0 -0.000227
7035 0 0 -0.000228
7040 0 0 -0.000220
7045 0 0 -0.000214
7050 0 0 -0.000228
7055 0 0 -0.000270
7060 0 0 -0.000314
7065 0 0 -0.000330
7070 0 0 -0.000296
7075 0 0 -0.000237
7080 0 0 -0.000192
7085 0 0 -0.000187
7090 0 0 -0.000208
7095 0 0 -0.000228
7100 0 0 -0.000228
7105 0 0 -0.000210
7110 0 0 -0.000180
7115 0 0 -0.000147
7120 0 0 -0.000122
7125 0 0 -0.000114
7130 0 0 -0.000129
7135 0 0 -0.000152
7140 0 0 -0.000162
7145 0 0 -0.000144
7150 0 0 -0.000110
7155 0 0 -0.000078
7160 0 0 -0.000063
7165 0 0 -0.000064
7170 0 0 -0.000078
7175 0 0 -0.000099
7180 0 0 -0.000118
7185 0 0 -0.000120
7190 0 0 -0.000100
7195 0 0 -0.000073
7200 0 0 -0.000060
7205 0 0 -0.000075
7210 0 0 -0.000105
7215 0 0 -0.000132
7220 0 0 -0.000142
7225 0 0 -0.000139
7230 0 0 -0.000132
7235 0 0 -0.000129
7240 0 0 -0.000125
7245 0 0 -0.000114
7250 0 0 -0.000092
7255 0 0 -0.000070
7260 0 0 -0.000060
7265 0 0 -0.000070
7270 0 0 -0.000090
7275 0 0 -0.000102
7280 0 0 -0.000095
7285 0 0 -0.000077
7290 0 0 -0.000060
7295 0 0 -0.000053
7300 0 0 -0.000056
7305 0 0 -0.000066
7310 0 0 -0.000080
7315 0 0 -0.000091
7320 0 0 -0.000090
7325 0 0 -0.000073
7330 0 0 -0.000053
7335 0 0 -0.000048
7340 0 0 -0.000068
7345 0 0 -0.000099
7350 0 0 -0.000120
7355 0 0 -0.000116
7360 0 0 -0.000098
7365 0 0 -0.000084
7370 0 0 -0.000086
7375 0 0 -0.000097
7380 0 0 -0.000108
7385 0 0 -0.000109
7390 0 0 -0.000102
7395 0 0 -0.000090
7400 0 0 -0.000077
7405 0 0 -0.000068
7410 0 0 -0.000066
7415 0 0 -0.000074
7420 0 0 -0.000083
7425 0 0 -0.000084
7430 0 0 -0.000071
7435 0 0 -0.000054
7440 0 0 -0.000048
7445 0 0 -0.000062
7450 0 0 -0.000084
7455 0 0 -0.000096
7460 0 0 -0.000086
7465 0 0 -0.000066
7470 0 0 -0.000054
7475 0 0 -0.000063
7480 0 0 -0.000084
7485 0 0 -0.000102
7490 0 0 -0.000106
7495 0 0 -0.000099
7500 0 0 -0.000090
7505 0 0 -0.000085
7510 0 0 -0.000085
7515 0 0 -0.000090
7520 0 0 -0.000098
7525 0 0 -0.000104
7530 0 0 -0.000102
7535 0 0 -0.000089
7540 0 0 -0.000073
7545 0 0 -0.000066
7550 0 0 -0.000074
7555 0 0 -0.000087
7560 0 0 -0.000090
7565 0 0 -0.000074
7570 0 0 -0.000052
7575 0 0 -0.000042
7580 0 0 -0.000057
7585 0 0 -0.000082
7590 0 0 -0.000096
7595 0 0 -0.000085
7600 0 0 -0.000063
7605 0 0 -0.000048
7610 0 0 -0.000055
7615 0 0 -0.000073
7620 0 0 -0.000084
7625 0 0 -0.000077
7630 0 0 -0.000067
7635 0 0 -0.000078
7640 0 0 -0.000124
7645 0 0 -0.000185
7650 0 0 -0.000234
7655 0 0 -0.000251
7660 0 0 -0.000242
7665 0 0 -0.000222
7670 0 0 -0.000203
7675 0 0 -0.000188
7680 0 0 -0.000180
7685 0 0 -0.000180
7690 0 0 -0.000186
7695 0 0 -0.000192
7700 0 0 -0.000195
7705 0 0 -0.000194
7710 0 0 -0.000186
7715 0 0 -0.000170
7720 0 0 -0.000149
7725 0 0 -0.000126
7730 0 0 -0.000104
7735 0 0 -0.000088
7740 0 0 -0.000084
7745 0 0 -0.000095
7750 0 0 -0.000110
7755 0 0 -0.000114
7760 0 0 -0.000099
7765 0 0 -0.000082
7770 0 0 -0.000084
7775 0 0 -0.000119
7780 0 0 -0.000167
7785 0 0 -0.000198
7790 0 0 -0.000192
7795 0 0 -0.000164
7800 0 0 -0.000138
7805 0 0 -0.000131
7810 0 0 -0.000136
7815 0 0 -0.000144
7820 0 0 -0.000144
7825 0 0 -0.000135
7830 0 0 -0.000120
7835 0 0 -0.000101
7840 0 0 -0.000088
7845 0 0 -0.000090
7850 0 0 -0.000113
7855 0 0 -0.000142
7860 0 0 -0.000156
7865 0 0 -0.000144
7870 0 0 -0.000133
7875 0 0 -0.000162
7880 0 0 -0.000250
7885 0 0 -0.000355
7890 0 0 -0.000414
7895 0 0 -0.000387
7900 0 0 -0.000306
7905 0 0 -0.000222
7910 0 0 -0.000175
7915 0 0 -0.000156
7920 0 0 -0.000144
7925 0 0 -0.000124
7930 0 0 -0.000102
7935 0 0 -0.000090
7940 0 0 -0.000096
7945 0 0 -0.000113
7950 0 0 -0.000132
7955 0 0 -0.000143
7960 0 0 -0.000145
7965 0 0 -0.000138
7970 0 0 -0.000123
7975 0 0 -0.000108
7980 0 0 -0.000102
7985 0 0 -0.000112
7990 0 0 -0.000130
7995 0 0 -0.000144
8000 0 0 -0.000146
8005 0 0 -0.000140
8010 0 0 -0.000132
8015 0 0 -0.000127
8020 0 0 -0.000129
8025 0 0 -0.000138
8030 0 0 -0.000155
8035 0 0 -0.000169
8040 0 0 -0.000168
8045 0 0 -0.000146
8050 0 0 -0.000124
8055 0 0 -0.000132
8060 0 0 -0.000187
8065 0 0 -0.000258
8070 0 0 -0.000306
8075 0 0 -0.000301
8080 0 0 -0.000267
8085 0 0 -0.000240
8090 0 0 -0.000247
8095 0 0 -0.000275
8100 0 0 -0.000300
8105 0 0 -0.000303
8110 0 0 -0.000287
8115 0 0 -0.000258
8120 0 0 -0.000225
8125 0 0 -0.000200
8130 0 0 -0.000192
8135 0 0 -0.000208
8140 0 0 -0.000229
8145 0 0 -0.000228
8150 0 0 -0.000194
8155 0 0 -0.000166
8160 0 0 -0.000198
8165 0 0 -0.000322
8170 0 0 -0.000481
8175 0 0 -0.000600
8180 0 0 -0.000621
8185 0 0 -0.000565
8190 0 0 -0.000474
8195 0 0 -0.000384
8200 0 0 -0.000308
8205 0 0 -0.000252
8210 0 0 -0.000221
8215 0 0 -0.000216
8220 0 0 -0.000234
8225 0 0 -0.000274
8230 0 0 -0.000330
8235 0 0 -0.000396
8240 0 0 -0.000464
8245 0 0 -0.000514
8250 0 0 -0.000522
8255 0 0 -0.000475
8260 0 0 -0.000397
8265 0 0 -0.000324
8270 0 0 -0.000282
8275 0 0 -0.000265
8280 0 0 -0.000258
8285 0 0 -0.000249
8290 0 0 -0.000238
8295 0 0 -0.000228
8300 0 0 -0.000221
8305 0 0 -0.000214
8310 0 0 -0.000204
8315 0 0 -0.000190
8320 0 0 -0.000179
8325 0 0 -0.000180
8330 0 0 -0.000198
8335 0 0 -0.000222
8340 0 0 -0.000240
8345 0 0 -0.000241
8350 0 0 -0.000232
8355 0 0 -0.000222
8360 0 0 -0.000220
8365 0 0 -0.000225
8370 0 0 -0.000234
8375 0 0 -0.000244
8380 0 0 -0.000247
8385 0 0 -0.000234
8390 0 0 -0.000200
8395 0 0 -0.000158
8400 0 0 -0.000126
8405 0 0 -0.000118
8410 0 0 -0.000128
8415 0 0 -0.000144
8420 0 0 -0.000157
8425 0 0 -0.000160
8430 0 0 -0.000150
8435 0 0 -0.000127
8440 0 0 -0.000107
8445 0 0 -0.000114
8450 0 0 -0.000160
8455 0 0 -0.000225
8460 0 0 -0.000282
8465 0 0 -0.000307
8470 0 0 -0.000301
8475 0 0 -0.000270
8480 0 0 -0.000222
8485 0 0 -0.000176
8490 0 0 -0.000156
8495 0 0 -0.000175
8500 0 0 -0.000210
8505 0 0 -0.000228
8510 0 0 -0.000209
8515 0 0 -0.000175
8520 0 0 -0.000162
8525 0 0 -0.000191
8530 0 0 -0.000236
8535 0 0 -0.000258
8540 0 0 -0.000230
8545 0 0 -0.000171
8550 0 0 -0.000108
8555 0 0 -0.000066
8560 0 0 -0.000047
8565 0 0 -0.000048
8570 0 0 -0.000064
8575 0 0 -0.000086
8580 0 0 -0.000102
8585 0 0 -0.000105
8590 0 0 -0.000099
8595 0 0 -0.000090
8600 0 0 -0.000083
8605 0 0 -0.000084
8610 0 0 -0.000096
8615 0 0 -0.000120
8620 0 0 -0.000144
8625 0 0 -0.000150
8630 0 0 -0.000128
8635 0 0 -0.000095
8640 0 0 -0.000072
8645 0 0 -0.000076
8650 0 0 -0.000096
8655 0 0 -0.000114
8660 0 0 -0.000118
8665 0 0 -0.000111
8670 0 0 -0.000102
8675 0 0 -0.000097
8680 0 0 -0.000093
8685 0 0 -0.000084
8690 0 0 -0.000068
8695 0 0 -0.000052
8700 0 0 -0.000048
8705 0 0 -0.000062
8710 0 0 -0.000085
8715 0 0 -0.000102
8720 0 0 -0.000104
8725 0 0 -0.000095
8730 0 0 -0.000084
8735 0 0 -0.000079
8740 0 0 -0.000081
8745 0 0 -0.000090
8750 0 0 -0.000103
8755 0 0 -0.000114
8760 0 0 -0.000114
8765 0 0 -0.000099
8770 0 0 -0.000081
8775 0 0 -0.000072
8780 0 0 -0.000083
8785 0 0 -0.000101
8790 0 0 -0.000108
8795 0 0 -0.000092
8800 0 0 -0.000066
8805 0 0 -0.000048
8810 0 0 -0.000050
8815 0 0 -0.000064
8820 0 0 -0.000078
8825 0 0 -0.000081
8830 0 0 -0.000075
8835 0 0 -0.000066
8840 0 0 -0.000060
8845 0 0 -0.000059
8850 0 0 -0.000066
8855 0 0 -0.000082
8860 0 0 -0.000097
8865 0 0 -0.000102
8870 0 0 -0.000090
8875 0 0 -0.000075
8880 0 0 -0.000072
8885 0 0 -0.000092
8890 0 0 -0.000120
8895 0 0 -0.000132
8900 0 0 -0.000114
8905 0 0 -0.000081
8910 0 0 -0.000060
8915 0 0 -0.000066
8920 0 0 -0.000087
8925 0 0 -0.000102
8930 0 0 -0.000096
8935 0 0 -0.000078
8940 0 0 -0.000060
8945 0 0 -0.000054
8950 0 0 -0.000057
8955 0 0 -0.000066
8960 0 0 -0.000075
8965 0 0 -0.000080
8970 0 0 -0.000078
8975 0 0 -0.000067
8980 0 0 -0.000055
8985 0 0 -0.000054
8990 0 0 -0.000070
8995 0 0 -0.000092
9000 0 0 -0.000102
9005 0 0 -0.000090
9010 0 0 -0.000072
9015 0 0 -0.000066
9020 0 0 -0.000087
9025 0 0 -0.000117
9030 0 0 -0.000132
9035 0 0 -0.000115
9040 0 0 -0.000083
9045 0 0 -0.000060
9050 0 0 -0.000064
9055 0 0 -0.000082
9060 0 0 -0.000096
9065 0 0 -0.000092
9070 0 0 -0.000076
9075 0 0 -0.000060
9080 0 0 -0.000054
9085 0 0 -0.000059
9090 0 0 -0.000072
9095 0 0 -0.000091
9100 0 0 -0.000106
9105 0 0 -0.000108
9110 0 0 -0.000091
9115 0 0 -0.000067
9120 0 0 -0.000054
9125 0 0 -0.000062
9130 0 0 -0.000083
9135 0 0 -0.000102
9140 0 0 -0.000109
9145 0 0 -0.000115
9150 0 0 -0.000132
9155 0 0 -0.000170
9160 0 0 -0.000217
9165 0 0 -0.000252
9170 0 0 -0.000263
9175 0 0 -0.000252
9180 0 0 -0.000228
9185 0 0 -0.000199
9190 0 0 -0.000169
9195 0 0 -0.000144
9200 0 0 -0.000127
9205 0 0 -0.000115
9210 0 0 -0.000102
9215 0 0 -0.000087
9220 0 0 -0.000077
9225 0 0 -0.000084
9230 0 0 -0.000113
9235 0 0 -0.000147
9240 0 0 -0.000162
9245 0 0 -0.000143
9250 0 0 -0.000108
9255 0 0 -0.000084
9260 0 0 -0.000091
9265 0 0 -0.000114
9270 0 0 -0.000132
9275 0 0 -0.000129
9280 0 0 -0.000116
9285 0 0 -0.000108
9290 0 0 -0.000117
9295 0 0 -0.000135
9300 0 0 -0.000150
9305 0 0 -0.000152
9310 0 0 -0.000143
9315 0 0 -0.000126
9320 0 0 -0.000105
9325 0 0 -0.000088
9330 0 0 -0.000084
9335 0 0 -0.000097
9340 0 0 -0.000115
9345 0 0 -0.000120
9350 0 0 -0.000103
9355 0 0 -0.000077
9360 0 0 -0.000066
9365 0 0 -0.000084
9370 0 0 -0.000124
9375 0 0 -0.000174
9380 0 0 -0.000221
9385 0 0 -0.000255
9390 0 0 -0.000264
9395 0 0 -0.000242
9400 0 0 -0.000203
9405 0 0 -0.000162
9410 0 0 -0.000134
9415 0 0 -0.000121
9420 0 0 -0.000120
9425 0 0 -0.000128
9430 0 0 -0.000137
9435 0 0 -0.000138
9440 0 0 -0.000125
9445 0 0 -0.000108
9450 0 0 -0.000102
9455 0 0 -0.000115
9460 0 0 -0.000134
9465 0 0 -0.000144
9470 0 0 -0.000131
9475 0 0 -0.000105
9480 0 0 -0.000078
9485 0 0 -0.000063
9490 0 0 -0.000064
9495 0 0 -0.000084
9500 0 0 -0.000122
9505 0 0 -0.000159
9510 0 0 -0.000174
9515 0 0 -0.000153
9520 0 0 -0.000112
9525 0 0 -0.000078
9530 0 0 -0.000070
9535 0 0 -0.000086
9540 0 0 -0.000120
9545 0 0 -0.000164
9550 0 0 -0.000204
9555 0 0 -0.000222
9560 0 0 -0.000209
9565 0 0 -0.000185
9570 0 0 -0.000174
9575 0 0 -0.000194
9580 0 0 -0.000226
9585 0 0 -0.000240
9590 0 0 -0.000217
9595 0 0 -0.000176
9600 0 0 -0.000144
9605 0 0 -0.000144
9610 0 0 -0.000173
9615 0 0 -0.000222
9620 0 0 -0.000280
9625 0 0 -0.000328
9630 0 0 -0.000348
9635 0 0 -0.000327
9640 0 0 -0.000286
9645 0 0 -0.000252
9650 0 0 -0.000245
9655 0 0 -0.000250
9660 0 0 -0.000246
9665 0 0 -0.000221
9670 0 0 -0.000202
9675 0 0 -0.000228
9680 0 0 -0.000320
9685 0 0 -0.000432
9690 0 0 -0.000498
9695 0 0 -0.000476
9700 0 0 -0.000412
9705 0 0 -0.000372
9710 0 0 -0.000401
9715 0 0 -0.000457
9720 0 0 -0.000474
9725 0 0 -0.000407
9730 0 0 -0.000296
9735 0 0 -0.000198
9740 0 0 -0.000158
9745 0 0 -0.000161
9750 0 0 -0.000174
9755 0 0 -0.000174
9760 0 0 -0.000165
9765 0 0 -0.000156
9770 0 0 -0.000156
9775 0 0 -0.000160
9780 0 0 -0.000162
9785 0 0 -0.000158
9790 0 0 -0.000153
9795 0 0 -0.000156
9800 0 0 -0.000172
9805 0 0 -0.000192
9810 0 0 -0.000204
9815 0 0 -0.000200
9820 0 0 -0.000194
9825 0 0 -0.000204
9830 0 0 -0.000242
9835 0 0 -0.000285
9840 0 0 -0.000306
9845 0 0 -0.000284
9850 0 0 -0.000235
9855 0 0 -0.000186
9860 0 0 -0.000156
9865 0 0 -0.000141
9870 0 0 -0.000132
9875 0 0 -0.000121
9880 0 0 -0.000114
9885 0 0 -0.000120
9890 0 0 -0.000143
9895 0 0 -0.000170
9900 0 0 -0.000180
9905 0 0 -0.000161
9910 0 0 -0.000127
9915 0 0 -0.000096
9920 0 0 -0.000084
9925 0 0 -0.000089
9930 0 0 -0.000108
9935 0 0 -0.000133
9940 0 0 -0.000153
9945 0 0 -0.000156
9950 0 0 -0.000134
9955 0 0 -0.000105
9960 0 0 -0.000090
9965 0 0 -0.000105
9970 0 0 -0.000135
9975 0 0 -0.000156
9980 0 0 -0.000152
9985 0 0 -0.000135
9990 0 0 -0.000126
9995 0 0 -0.000138
10000 0 0 -0.000159
10005 0 0 -0.000174
10010 0 0 -0.000170
10015 0 0 -0.000150
10020 0 0 -0.000126
10025 0 0 -0.000104
10030 0 0 -0.000089
10035 0 0 -0.000084
10040 0 0 -0.000090
10045 0 0 -0.000104
10050 0 0 -0.000120
10055 0 0 -0.000133
10060 0 0 -0.000142
10065 0 0 -0.000144
10070 0 0 -0.000138
10075 0 0 -0.000123
