0 0 0 -0.000102
5 0 0 -0.000102
10 0 0 -0.000107
15 0 0 -0.000114
20 0 0 -0.000122
25 0 0 -0.000128
30 0 0 -0.000132
35 0 0 -0.000132
40 0 0 -0.000129
45 0 0 -0.000126
50 0 0 -0.000125
55 0 0 -0.000125
60 0 0 -0.000126
65 0 0 -0.000128
70 0 0 -0.000129
75 0 0 -0.000126
80 0 0 -0.000119
85 0 0 -0.000109
90 0 0 -0.000102
95 0 0 -0.000099
100 0 0 -0.000100
105 0 0 -0.000102
110 0 0 -0.000103
115 0 0 -0.000103
120 0 0 -0.000102
125 0 0 -0.000099
130 0 0 -0.000096
135 0 0 -0.000096
140 0 0 -0.000099
145 0 0 -0.000104
150 0 0 -0.000108
155 0 0 -0.000109
160 0 0 -0.000107
165 0 0 -0.000102
170 0 0 -0.000094
175 0 0 -0.000089
180 0 0 -0.000090
185 0 0 -0.000102
190 0 0 -0.000118
195 0 0 -0.000132
200 0 0 -0.000137
205 0 0 -0.000134
210 0 0 -0.000126
215 0 0 -0.000115
220 0 0 -0.000103
225 0 0 -0.000090
230 0 0 -0.000077
235 0 0 -0.000068
240 0 0 -0.000066
245 0 0 -0.000075
250 0 0 -0.000089
255 0 0 -0.000102
260 0 0 -0.000109
265 0 0 -0.000110
270 0 0 -0.000108
275 0 0 -0.000105
280 0 0 -0.000102
285 0 0 -0.000102
290 0 0 -0.000106
295 0 0 -0.000112
300 0 0 -0.000120
305 0 0 -0.000128
310 0 0 -0.000134
315 0 0 -0.000138
320 0 0 -0.000138
325 0 0 -0.000132
330 0 0 -0.000120
335 0 0 -0.000101
340 0 0 -0.000082
345 0 0 -0.000072
350 0 0 -0.000078
355 0 0 -0.000093
360 0 0 -0.000108
365 0 0 -0.000116
370 0 0 -0.000114
375 0 0 -0.000102
380 0 0 -0.000081
385 0 0 -0.000059
390 0 0 -0.000048
395 0 0 -0.000054
400 0 0 -0.000071
405 0 0 -0.000090
410 0 0 -0.000103
415 0 0 -0.000107
420 0 0 -0.000102
425 0 0 -0.000088
430 0 0 -0.000073
435 0 0 -0.000066
440 0 0 -0.000072
445 0 0 -0.000088
450 0 0 -0.000108
455 0 0 -0.000125
460 0 0 -0.000133
465 0 0 -0.000126
470 0 0 -0.000103
475 0 0 -0.000080
480 0 0 -0.000078
485 0 0 -0.000110
490 0 0 -0.000158
495 0 0 -0.000198
500 0 0 -0.000210
505 0 0 -0.000198
510 0 0 -0.000174
515 0 0 -0.000147
520 0 0 -0.000124
525 0 0 -0.000108
530 0 0 -0.000104
535 0 0 -0.000111
540 0 0 -0.000126
545 0 0 -0.000145
550 0 0 -0.000157
555 0 0 -0.000150
560 0 0 -0.000118
565 0 0 -0.000084
570 0 0 -0.000078
575 0 0 -0.000121
580 0 0 -0.000204
585 0 0 -0.000306
590 0 0 -0.000408
595 0 0 -0.000482
600 0 0 -0.000498
605 0 0 -0.000443
610 0 0 -0.000364
615 0 0 -0.000324
620 0 0 -0.000365
625 0 0 -0.000440
630 0 0 -0.000480
635 0 0 -0.000436
640 0 0 -0.000342
645 0 0 -0.000252
650 0 0 -0.000208
655 0 0 -0.000204
660 0 0 -0.000222
665 0 0 -0.000246
670 0 0 -0.000275
675 0 0 -0.000312
680 0 0 -0.000356
685 0 0 -0.000397
690 0 0 -0.000420
695 0 0 -0.000414
700 0 0 -0.000381
705 0 0 -0.000324
710 0 0 -0.000250
715 0 0 -0.000177
720 0 0 -0.000126
725 0 0 -0.000113
730 0 0 -0.000125
735 0 0 -0.000144
740 0 0 -0.000156
745 0 0 -0.000159
750 0 0 -0.000156
755 0 0 -0.000149
760 0 0 -0.000142
765 0 0 -0.000138
770 0 0 -0.000139
775 0 0 -0.000141
780 0 0 -0.000138
785 0 0 -0.000129
790 0 0 -0.000121
795 0 0 -0.000126
800 0 0 -0.000151
805 0 0 -0.000184
810 0 0 -0.000210
815 0 0 -0.000217
820 0 0 -0.000213
825 0 0 -0.000210
830 0 0 -0.000217
835 0 0 -0.000222
840 0 0 -0.000210
845 0 0 -0.000173
850 0 0 -0.000135
855 0 0 -0.000126
860 0 0 -0.000170
865 0 0 -0.000253
870 0 0 -0.000354
875 0 0 -0.000451
880 0 0 -0.000527
885 0 0 -0.000564
890 0 0 -0.000553
895 0 0 -0.000515
900 0 0 -0.000480
905 0 0 -0.000468
910 0 0 -0.000467
915 0 0 -0.000456
920 0 0 -0.000421
925 0 0 -0.000373
930 0 0 -0.000330
935 0 0 -0.000305
940 0 0 -0.000294
945 0 0 -0.000288
950 0 0 -0.000280
955 0 0 -0.000276
960 0 0 -0.000282
965 0 0 -0.000304
970 0 0 -0.000339
975 0 0 -0.000384
980 0 0 -0.000435
985 0 0 -0.000487
990 0 0 -0.000534
995 0 0 -0.000571
1000 0 0 -0.000590
1005 0 0 -0.000582
1010 0 0 -0.000543
1015 0 0 -0.000490
1020 0 0 -0.000444
1025 0 0 -0.000423
1030 0 0 -0.000422
1035 0 0 -0.000432
1040 0 0 -0.000447
1045 0 0 -0.000477
1050 0 0 -0.000534
1055 0 0 -0.000620
1060 0 0 -0.000690
1065 0 0 -0.000684
1070 0 0 -0.000571
1075 0 0 -0.000423
1080 0 0 -0.000336
1085 0 0 -0.000378
1090 0 0 -0.000489
1095 0 0 -0.000582
1100 0 0 -0.000590
1105 0 0 -0.000539
1110 0 0 -0.000480
1115 0 0 -0.000451
1120 0 0 -0.000445
1125 0 0 -0.000444
1130 0 0 -0.000432
1135 0 0 -0.000406
1140 0 0 -0.000366
1145 0 0 -0.000316
1150 0 0 -0.000276
1155 0 0 -0.000270
1160 0 0 -0.000313
1165 0 0 -0.000384
1170 0 0 -0.000450
1175 0 0 -0.000488
1180 0 0 -0.000503
1185 0 0 -0.000504
1190 0 0 -0.000501
1195 0 0 -0.000494
1200 0 0 -0.000480
1205 0 0 -0.000459
1210 0 0 -0.000432
1215 0 0 -0.000402
1220 0 0 -0.000371
1225 0 0 -0.000340
1230 0 0 -0.000306
1235 0 0 -0.000270
1240 0 0 -0.000231
1245 0 0 -0.000192
1250 0 0 -0.000156
1255 0 0 -0.000141
1260 0 0 -0.000168
1265 0 0 -0.000246
1270 0 0 -0.000339
1275 0 0 -0.000402
1280 0 0 -0.000402
1285 0 0 -0.000365
1290 0 0 -0.000330
1295 0 0 -0.000327
1300 0 0 -0.000346
1305 0 0 -0.000366
1310 0 0 -0.000373
1315 0 0 -0.000372
1320 0 0 -0.000372
1325 0 0 -0.000381
1330 0 0 -0.000395
1335 0 0 -0.000408
1340 0 0 -0.000414
1345 0 0 -0.000410
1350 0 0 -0.000396
1355 0 0 -0.000372
1360 0 0 -0.000347
1365 0 0 -0.000330
1370 0 0 -0.000328
1375 0 0 -0.000335
1380 0 0 -0.000342
1385 0 0 -0.000341
1390 0 0 -0.000333
1395 0 0 -0.000324
1400 0 0 -0.000318
1405 0 0 -0.000327
1410 0 0 -0.000360
1415 0 0 -0.000423
1420 0 0 -0.000496
1425 0 0 -0.000552
1430 0 0 -0.000570
1435 0 0 -0.000561
1440 0 0 -0.000540
1445 0 0 -0.000521
1450 0 0 -0.000499
1455 0 0 -0.000468
1460 0 0 -0.000424
1465 0 0 -0.000379
1470 0 0 -0.000348
1475 0 0 -0.000343
1480 0 0 -0.000357
1485 0 0 -0.000378
1490 0 0 -0.000395
1495 0 0 -0.000392
1500 0 0 -0.000354
1505 0 0 -0.000274
1510 0 0 -0.000180
1515 0 0 -0.000108
1520 0 0 -0.000084
1525 0 0 -0.000091
1530 0 0 -0.000102
1535 0 0 -0.000096
1540 0 0 -0.000078
1545 0 0 -0.000060
1550 0 0 -0.000053
1555 0 0 -0.000057
1560 0 0 -0.000072
1565 0 0 -0.000096
1570 0 0 -0.000118
1575 0 0 -0.000126
1580 0 0 -0.000113
1585 0 0 -0.000092
1590 0 0 -0.000078
1595 0 0 -0.000083
1600 0 0 -0.000100
1605 0 0 -0.000114
1610 0 0 -0.000116
1615 0 0 -0.000106
1620 0 0 -0.000090
1625 0 0 -0.000072
1630 0 0 -0.000057
1635 0 0 -0.000054
1640 0 0 -0.000065
1645 0 0 -0.000083
1650 0 0 -0.000096
1655 0 0 -0.000097
1660 0 0 -0.000089
1665 0 0 -0.000078
1670 0 0 -0.000070
1675 0 0 -0.000066
1680 0 0 -0.000066
1685 0 0 -0.000070
1690 0 0 -0.000078
1695 0 0 -0.000090
1700 0 0 -0.000104
1705 0 0 -0.000119
1710 0 0 -0.000132
1715 0 0 -0.000140
1720 0 0 -0.000142
1725 0 0 -0.000138
1730 0 0 -0.000127
1735 0 0 -0.000112
1740 0 0 -0.000096
1745 0 0 -0.000083
1750 0 0 -0.000076
1755 0 0 -0.000078
1760 0 0 -0.000088
1765 0 0 -0.000100
1770 0 0 -0.000102
1775 0 0 -0.000089
1780 0 0 -0.000068
1785 0 0 -0.000054
1790 0 0 -0.000054
1795 0 0 -0.000065
1800 0 0 -0.000078
1805 0 0 -0.000086
1810 0 0 -0.000086
1815 0 0 -0.000078
1820 0 0 -0.000062
1825 0 0 -0.000047
1830 0 0 -0.000048
1835 0 0 -0.000071
1840 0 0 -0.000101
1845 0 0 -0.000120
1850 0 0 -0.000114
1855 0 0 -0.000094
1860 0 0 -0.000078
1865 0 0 -0.000079
1870 0 0 -0.000091
1875 0 0 -0.000102
1880 0 0 -0.000104
1885 0 0 -0.000103
1890 0 0 -0.000108
1895 0 0 -0.000128
1900 0 0 -0.000172
1905 0 0 -0.000252
1910 0 0 -0.000369
1915 0 0 -0.000492
1920 0 0 -0.000582
1925 0 0 -0.000612
1930 0 0 -0.000603
1935 0 0 -0.000588
1940 0 0 -0.000591
1945 0 0 -0.000600
1950 0 0 -0.000594
1955 0 0 -0.000560
1960 0 0 -0.000517
1965 0 0 -0.000492
1970 0 0 -0.000504
1975 0 0 -0.000549
1980 0 0 -0.000612
1985 0 0 -0.000681
1990 0 0 -0.000735
1995 0 0 -0.000756
2000 0 0 -0.000730
2005 0 0 -0.000675
2010 0 0 -0.000618
2015 0 0 -0.000579
2020 0 0 -0.000557
2025 0 0 -0.000546
2030 0 0 -0.000536
2035 0 0 -0.000499
2040 0 0 -0.000402
2045 0 0 -0.000238
2050 0 0 -0.000109
2055 0 0 -0.000144
2060 0 0 -0.000416
2065 0 0 -0.000774
2070 0 0 -0.001014
2075 0 0 -0.000989
2080 0 0 -0.000795
2085 0 0 -0.000588
2090 0 0 -0.000485
2095 0 0 -0.000451
2100 0 0 -0.000414
2105 0 0 -0.000322
2110 0 0 -0.000204
2115 0 0 -0.000108
2120 0 0 -0.000070
2125 0 0 -0.000078
2130 0 0 -0.000108
2135 0 0 -0.000140
2140 0 0 -0.000165
2145 0 0 -0.000180
2150 0 0 -0.000181
2155 0 0 -0.000171
2160 0 0 -0.000156
2165 0 0 -0.000142
2170 0 0 -0.000143
2175 0 0 -0.000174
2180 0 0 -0.000242
2185 0 0 -0.000314
2190 0 0 -0.000348
2195 0 0 -0.000316
2200 0 0 -0.000247
2205 0 0 -0.000186
2210 0 0 -0.000165
2215 0 0 -0.000169
2220 0 0 -0.000174
2225 0 0 -0.000161
2230 0 0 -0.000136
2235 0 0 -0.000114
2240 0 0 -0.000104
2245 0 0 -0.000103
2250 0 0 -0.000102
2255 0 0 -0.000097
2260 0 0 -0.000092
2265 0 0 -0.000096
2270 0 0 -0.000112
2275 0 0 -0.000134
2280 0 0 -0.000150
2285 0 0 -0.000153
2290 0 0 -0.000143
2295 0 0 -0.000126
2300 0 0 -0.000105
2305 0 0 -0.000089
2310 0 0 -0.000084
2315 0 0 -0.000096
2320 0 0 -0.000114
2325 0 0 -0.000126
2330 0 0 -0.000124
2335 0 0 -0.000118
2340 0 0 -0.000126
2345 0 0 -0.000157
2350 0 0 -0.000193
2355 0 0 -0.000210
2360 0 0 -0.000191
2365 0 0 -0.000152
2370 0 0 -0.000120
2375 0 0 -0.000112
2380 0 0 -0.000121
2385 0 0 -0.000132
2390 0 0 -0.000135
2395 0 0 -0.000133
2400 0 0 -0.000132
2405 0 0 -0.000138
2410 0 0 -0.000152
2415 0 0 -0.000174
2420 0 0 -0.000202
2425 0 0 -0.000224
2430 0 0 -0.000228
2435 0 0 -0.000207
2440 0 0 -0.000191
2445 0 0 -0.000216
2450 0 0 -0.000304
2455 0 0 -0.000417
2460 0 0 -0.000504
2465 0 0 -0.000528
2470 0 0 -0.000514
2475 0 0 -0.000504
2480 0 0 -0.000527
2485 0 0 -0.000571
2490 0 0 -0.000612
2495 0 0 -0.000628
2500 0 0 -0.000606
2505 0 0 -0.000534
2510 0 0 -0.000413
2515 0 0 -0.000288
2520 0 0 -0.000216
2525 0 0 -0.000233
2530 0 0 -0.000297
2535 0 0 -0.000348
2540 0 0 -0.000339
2545 0 0 -0.000291
2550 0 0 -0.000240
2555 0 0 -0.000213
2560 0 0 -0.000202
2565 0 0 -0.000192
2570 0 0 -0.000170
2575 0 0 -0.000144
2580 0 0 -0.000126
2585 0 0 -0.000125
2590 0 0 -0.000135
2595 0 0 -0.000144
2600 0 0 -0.000146
2605 0 0 -0.000144
2610 0 0 -0.000144
2615 0 0 -0.000152
2620 0 0 -0.000165
2625 0 0 -0.000180
2630 0 0 -0.000194
2635 0 0 -0.000202
2640 0 0 -0.000198
2645 0 0 -0.000183
2650 0 0 -0.000179
2655 0 0 -0.000216
2660 0 0 -0.000308
2665 0 0 -0.000411
2670 0 0 -0.000468
2675 0 0 -0.000439
2680 0 0 -0.000357
2685 0 0 -0.000276
2690 0 0 -0.000235
2695 0 0 -0.000227
2700 0 0 -0.000234
2705 0 0 -0.000240
2710 0 0 -0.000241
2715 0 0 -0.000234
2720 0 0 -0.000219
2725 0 0 -0.000199
2730 0 0 -0.000180
2735 0 0 -0.000166
2740 0 0 -0.000155
2745 0 0 -0.000144
2750 0 0 -0.000132
2755 0 0 -0.000122
2760 0 0 -0.000120
2765 0 0 -0.000129
2770 0 0 -0.000144
2775 0 0 -0.000156
2780 0 0 -0.000160
2785 0 0 -0.000156
2790 0 0 -0.000144
2795 0 0 -0.000126
2800 0 0 -0.000108
2805 0 0 -0.000096
2810 0 0 -0.000095
2815 0 0 -0.000106
2820 0 0 -0.000132
2825 0 0 -0.000170
2830 0 0 -0.000205
2835 0 0 -0.000216
2840 0 0 -0.000192
2845 0 0 -0.000148
2850 0 0 -0.000108
2855 0 0 -0.000089
2860 0 0 -0.000088
2865 0 0 -0.000096
2870 0 0 -0.000105
2875 0 0 -0.000110
2880 0 0 -0.000108
2885 0 0 -0.000097
2890 0 0 -0.000081
2895 0 0 -0.000066
2900 0 0 -0.000056
2905 0 0 -0.000053
2910 0 0 -0.000060
2915 0 0 -0.000076
2920 0 0 -0.000094
2925 0 0 -0.000102
2930 0 0 -0.000095
2935 0 0 -0.000079
2940 0 0 -0.000066
2945 0 0 -0.000064
2950 0 0 -0.000073
2955 0 0 -0.000090
2960 0 0 -0.000111
2965 0 0 -0.000128
2970 0 0 -0.000132
2975 0 0 -0.000119
2980 0 0 -0.000096
2985 0 0 -0.000078
2990 0 0 -0.000073
2995 0 0 -0.000079
3000 0 0 -0.000090
3005 0 0 -0.000101
3010 0 0 -0.000107
3015 0 0 -0.000102
3020 0 0 -0.000084
3025 0 0 -0.000062
3030 0 0 -0.000048
3035 0 0 -0.000052
3040 0 0 -0.000067
3045 0 0 -0.000084
3050 0 0 -0.000095
3055 0 0 -0.000098
3060 0 0 -0.000090
3065 0 0 -0.000072
3070 0 0 -0.000054
3075 0 0 -0.000048
3080 0 0 -0.000062
3085 0 0 -0.000088
3090 0 0 -0.000114
3095 0 0 -0.000131
3100 0 0 -0.000138
3105 0 0 -0.000132
3110 0 0 -0.000116
3115 0 0 -0.000099
3120 0 0 -0.000090
3125 0 0 -0.000096
3130 0 0 -0.000110
3135 0 0 -0.000120
3140 0 0 -0.000118
3145 0 0 -0.000110
3150 0 0 -0.000102
3155 0 0 -0.000101
3160 0 0 -0.000103
3165 0 0 -0.000102
3170 0 0 -0.000093
3175 0 0 -0.000079
3180 0 0 -0.000066
3185 0 0 -0.000059
3190 0 0 -0.000059
3195 0 0 -0.000066
3200 0 0 -0.000078
3205 0 0 -0.000091
3210 0 0 -0.000096
3215 0 0 -0.000090
3220 0 0 -0.000079
3225 0 0 -0.000072
3230 0 0 -0.000076
3235 0 0 -0.000088
3240 0 0 -0.000102
3245 0 0 -0.000113
3250 0 0 -0.000118
3255 0 0 -0.000114
3260 0 0 -0.000102
3265 0 0 -0.000087
3270 0 0 -0.000078
3275 0 0 -0.000080
3280 0 0 -0.000089
3285 0 0 -0.000096
3290 0 0 -0.000095
3295 0 0 -0.000085
3300 0 0 -0.000066
3305 0 0 -0.000043
3310 0 0 -0.000037
3315 0 0 -0.000072
3320 0 0 -0.000161
3325 0 0 -0.000261
3330 0 0 -0.000318
3335 0 0 -0.000294
3340 0 0 -0.000223
3345 0 0 -0.000156
3350 0 0 -0.000133
3355 0 0 -0.000144
3360 0 0 -0.000168
3365 0 0 -0.000185
3370 0 0 -0.000190
3375 0 0 -0.000180
3380 0 0 -0.000155
3385 0 0 -0.000130
3390 0 0 -0.000120
3395 0 0 -0.000137
3400 0 0 -0.000164
3405 0 0 -0.000180
3410 0 0 -0.000169
3415 0 0 -0.000144
3420 0 0 -0.000126
3425 0 0 -0.000128
3430 0 0 -0.000143
3435 0 0 -0.000156
3440 0 0 -0.000156
3445 0 0 -0.000145
3450 0 0 -0.000126
3455 0 0 -0.000105
3460 0 0 -0.000087
3465 0 0 -0.000078
3470 0 0 -0.000081
3475 0 0 -0.000093
3480 0 0 -0.000108
3485 0 0 -0.000121
3490 0 0 -0.000130
3495 0 0 -0.000132
3500 0 0 -0.000127
3505 0 0 -0.000119
3510 0 0 -0.000114
3515 0 0 -0.000117
3520 0 0 -0.000131
3525 0 0 -0.000156
3530 0 0 -0.000191
3535 0 0 -0.000220
3540 0 0 -0.000222
3545 0 0 -0.000185
3550 0 0 -0.000129
3555 0 0 -0.000078
3560 0 0 -0.000056
3565 0 0 -0.000068
3570 0 0 -0.000114
3575 0 0 -0.000190
3580 0 0 -0.000262
3585 0 0 -0.000294
3590 0 0 -0.000260
3595 0 0 -0.000190
3600 0 0 -0.000132
3605 0 0 -0.000118
3610 0 0 -0.000134
3615 0 0 -0.000156
3620 0 0 -0.000163
3625 0 0 -0.000159
3630 0 0 -0.000150
3635 0 0 -0.000144
3640 0 0 -0.000142
3645 0 0 -0.000144
3650 0 0 -0.000149
3655 0 0 -0.000151
3660 0 0 -0.000144
3665 0 0 -0.000126
3670 0 0 -0.000104
3675 0 0 -0.000090
3680 0 0 -0.000092
3685 0 0 -0.000103
3690 0 0 -0.000114
3695 0 0 -0.000116
3700 0 0 -0.000110
3705 0 0 -0.000096
3710 0 0 -0.000078
3715 0 0 -0.000065
3720 0 0 -0.000066
3725 0 0 -0.000088
3730 0 0 -0.000114
3735 0 0 -0.000126
3740 0 0 -0.000110
3745 0 0 -0.000084
3750 0 0 -0.000072
3755 0 0 -0.000092
3760 0 0 -0.000129
3765 0 0 -0.000162
3770 0 0 -0.000173
3775 0 0 -0.000166
3780 0 0 -0.000150
3785 0 0 -0.000134
3790 0 0 -0.000123
3795 0 0 -0.000120
3800 0 0 -0.000126
3805 0 0 -0.000137
3810 0 0 -0.000144
3815 0 0 -0.000143
3820 0 0 -0.000132
3825 0 0 -0.000114
3830 0 0 -0.000091
3835 0 0 -0.000081
3840 0 0 -0.000102
3845 0 0 -0.000164
3850 0 0 -0.000237
3855 0 0 -0.000282
3860 0 0 -0.000271
3865 0 0 -0.000226
3870 0 0 -0.000180
3875 0 0 -0.000158
3880 0 0 -0.000156
3885 0 0 -0.000162
3890 0 0 -0.000165
3895 0 0 -0.000160
3900 0 0 -0.000144
3905 0 0 -0.000123
3910 0 0 -0.000149
3915 0 0 -0.000282
3920 0 0 -0.000550
3925 0 0 -0.000841
3930 0 0 -0.001008
3935 0 0 -0.000949
3940 0 0 -0.000741
3945 0 0 -0.000510
3950 0 0 -0.000353
3955 0 0 -0.000270
3960 0 0 -0.000234
3965 0 0 -0.000222
3970 0 0 -0.000217
3975 0 0 -0.000204
3980 0 0 -0.000175
3985 0 0 -0.000148
3990 0 0 -0.000144
3995 0 0 -0.000178
4000 0 0 -0.000227
4005 0 0 -0.000258
4010 0 0 -0.000250
4015 0 0 -0.000222
4020 0 0 -0.000204
4025 0 0 -0.000218
4030 0 0 -0.000251
4035 0 0 -0.000282
4040 0 0 -0.000295
4045 0 0 -0.000294
4050 0 0 -0.000288
4055 0 0 -0.000285
4060 0 0 -0.000282
4065 0 0 -0.000276
4070 0 0 -0.000263
4075 0 0 -0.000248
4080 0 0 -0.000234
4085 0 0 -0.000226
4090 0 0 -0.000222
4095 0 0 -0.000222
4100 0 0 -0.000224
4105 0 0 -0.000226
4110 0 0 -0.000228
4115 0 0 -0.000227
4120 0 0 -0.000222
4125 0 0 -0.000210
4130 0 0 -0.000190
4135 0 0 -0.000170
4140 0 0 -0.000156
4145 0 0 -0.000155
4150 0 0 -0.000163
4155 0 0 -0.000174
4160 0 0 -0.000183
4165 0 0 -0.000188
4170 0 0 -0.000192
4175 0 0 -0.000194
4180 0 0 -0.000195
4185 0 0 -0.000198
4190 0 0 -0.000202
4195 0 0 -0.000202
4200 0 0 -0.000192
4205 0 0 -0.000169
4210 0 0 -0.000142
4215 0 0 -0.000126
4220 0 0 -0.000129
4225 0 0 -0.000141
4230 0 0 -0.000150
4235 0 0 -0.000145
4240 0 0 -0.000127
4245 0 0 -0.000102
4250 0 0 -0.000075
4255 0 0 -0.000054
4260 0 0 -0.000048
4265 0 0 -0.000061
4270 0 0 -0.000082
4275 0 0 -0.000096
4280 0 0 -0.000092
4285 0 0 -0.000076
4290 0 0 -0.000060
4295 0 0 -0.000052
4300 0 0 -0.000054
4305 0 0 -0.000066
4310 0 0 -0.000087
4315 0 0 -0.000107
4320 0 0 -0.000114
4325 0 0 -0.000100
4330 0 0 -0.000080
4335 0 0 -0.000072
4340 0 0 -0.000089
4345 0 0 -0.000117
4350 0 0 -0.000132
4355 0 0 -0.000121
4360 0 0 -0.000094
4365 0 0 -0.000072
4370 0 0 -0.000067
4375 0 0 -0.000075
4380 0 0 -0.000084
4385 0 0 -0.000086
4390 0 0 -0.000082
4395 0 0 -0.000072
4400 0 0 -0.000059
4405 0 0 -0.000051
4410 0 0 -0.000054
4415 0 0 -0.000073
4420 0 0 -0.000094
4425 0 0 -0.000102
4430 0 0 -0.000086
4435 0 0 -0.000061
4440 0 0 -0.000048
4445 0 0 -0.000060
4450 0 0 -0.000087
4455 0 0 -0.000108
4460 0 0 -0.000111
4465 0 0 -0.000101
4470 0 0 -0.000090
4475 0 0 -0.000086
4480 0 0 -0.000089
4485 0 0 -0.000096
4490 0 0 -0.000103
4495 0 0 -0.000107
4500 0 0 -0.000102
4505 0 0 -0.000087
4510 0 0 -0.000070
4515 0 0 -0.000060
4520 0 0 -0.000065
4525 0 0 -0.000079
4530 0 0 -0.000090
4535 0 0 -0.000092
4540 0 0 -0.000086
4545 0 0 -0.000078
4550 0 0 -0.000071
4555 0 0 -0.000066
4560 0 0 -0.000066
4565 0 0 -0.000070
4570 0 0 -0.000079
4575 0 0 -0.000090
4580 0 0 -0.000102
4585 0 0 -0.000115
4590 0 0 -0.000126
4595 0 0 -0.000134
4600 0 0 -0.000135
4605 0 0 -0.000126
4610 0 0 -0.000105
4615 0 0 -0.000082
4620 0 0 -0.000072
4625 0 0 -0.000082
4630 0 0 -0.000101
4635 0 0 -0.000114
4640 0 0 -0.000108
4645 0 0 -0.000090
4650 0 0 -0.000072
4655 0 0 -0.000062
4660 0 0 -0.000060
4665 0 0 -0.000066
4670 0 0 -0.000077
4675 0 0 -0.000085
4680 0 0 -0.000084
4685 0 0 -0.000069
4690 0 0 -0.000052
4695 0 0 -0.000048
4700 0 0 -0.000068
4705 0 0 -0.000095
4710 0 0 -0.000108
4715 0 0 -0.000093
4720 0 0 -0.000067
4725 0 0 -0.000054
4730 0 0 -0.000070
4735 0 0 -0.000098
4740 0 0 -0.000114
4745 0 0 -0.000102
4750 0 0 -0.000085
4755 0 0 -0.000096
4760 0 0 -0.000155
4765 0 0 -0.000231
4770 0 0 -0.000282
4775 0 0 -0.000276
4780 0 0 -0.000232
4785 0 0 -0.000180
4790 0 0 -0.000145
4795 0 0 -0.000128
4800 0 0 -0.000126
4805 0 0 -0.000134
4810 0 0 -0.000143
4815 0 0 -0.000144
4820 0 0 -0.000130
4825 0 0 -0.000110
4830 0 0 -0.000096
4835 0 0 -0.000096
4840 0 0 -0.000110
4845 0 0 -0.000132
4850 0 0 -0.000158
4855 0 0 -0.000177
4860 0 0 -0.000180
4865 0 0 -0.000160
4870 0 0 -0.000134
4875 0 0 -0.000120
4880 0 0 -0.000132
4885 0 0 -0.000152
4890 0 0 -0.000156
4895 0 0 -0.000128
4900 0 0 -0.000095
4905 0 0 -0.000090
4910 0 0 -0.000136
4915 0 0 -0.000198
4920 0 0 -0.000228
4925 0 0 -0.000194
4930 0 0 -0.000126
4935 0 0 -0.000072
4940 0 0 -0.000066
4945 0 0 -0.000092
4950 0 0 -0.000120
4955 0 0 -0.000127
4960 0 0 -0.000115
4965 0 0 -0.000096
4970 0 0 -0.000078
4975 0 0 -0.000073
4980 0 0 -0.000090
4985 0 0 -0.000133
4990 0 0 -0.000177
4995 0 0 -0.000192
5000 0 0 -0.000158
5005 0 0 -0.000111
5010 0 0 -0.000096
5015 0 0 -0.000144
5020 0 0 -0.000217
5025 0 0 -0.000258
5030 0 0 -0.000229
5035 0 0 -0.000161
5040 0 0 -0.000102
5045 0 0 -0.000087
5050 0 0 -0.000103
5055 0 0 -0.000126
5060 0 0 -0.000135
5065 0 0 -0.000133
5070 0 0 -0.000126
5075 0 0 -0.000121
5080 0 0 -0.000120
5085 0 0 -0.000120
5090 0 0 -0.000121
5095 0 0 -0.000119
5100 0 0 -0.000108
5105 0 0 -0.000087
5110 0 0 -0.000066
5115 0 0 -0.000060
5120 0 0 -0.000076
5125 0 0 -0.000104
5130 0 0 -0.000126
5135 0 0 -0.000131
5140 0 0 -0.000122
5145 0 0 -0.000108
5150 0 0 -0.000097
5155 0 0 -0.000093
5160 0 0 -0.000102
5165 0 0 -0.000123
5170 0 0 -0.000142
5175 0 0 -0.000138
5180 0 0 -0.000102
5185 0 0 -0.000068
5190 0 0 -0.000078
5195 0 0 -0.000158
5200 0 0 -0.000258
5205 0 0 -0.000312
5210 0 0 -0.000273
5215 0 0 -0.000179
5220 0 0 -0.000090
5225 0 0 -0.000052
5230 0 0 -0.000055
5235 0 0 -0.000078
5240 0 0 -0.000102
5245 0 0 -0.000121
5250 0 0 -0.000132
5255 0 0 -0.000135
5260 0 0 -0.000135
5265 0 0 -0.000138
5270 0 0 -0.000148
5275 0 0 -0.000162
5280 0 0 -0.000174
5285 0 0 -0.000180
5290 0 0 -0.000178
5295 0 0 -0.000168
5300 0 0 -0.000151
5305 0 0 -0.000138
5310 0 0 -0.000144
5315 0 0 -0.000173
5320 0 0 -0.000199
5325 0 0 -0.000186
5330 0 0 -0.000118
5335 0 0 -0.000063
5340 0 0 -0.000108
5345 0 0 -0.000304
5350 0 0 -0.000556
5355 0 0 -0.000732
5360 0 0 -0.000740
5365 0 0 -0.000646
5370 0 0 -0.000558
5375 0 0 -0.000553
5380 0 0 -0.000596
5385 0 0 -0.000624
5390 0 0 -0.000590
5395 0 0 -0.000510
5400 0 0 -0.000414
5405 0 0 -0.000328
5410 0 0 -0.000261
5415 0 0 -0.000216
5420 0 0 -0.000196
5425 0 0 -0.000204
5430 0 0 -0.000240
5435 0 0 -0.000300
5440 0 0 -0.000355
5445 0 0 -0.000372
5450 0 0 -0.000329
5455 0 0 -0.000252
5460 0 0 -0.000180
5465 0 0 -0.000144
5470 0 0 -0.000138
5475 0 0 -0.000150
5480 0 0 -0.000166
5485 0 0 -0.000179
5490 0 0 -0.000180
5495 0 0 -0.000166
5500 0 0 -0.000150
5505 0 0 -0.000150
5510 0 0 -0.000176
5515 0 0 -0.000211
5520 0 0 -0.000234
5525 0 0 -0.000228
5530 0 0 -0.000204
5535 0 0 -0.000180
5540 0 0 -0.000170
5545 0 0 -0.000171
5550 0 0 -0.000180
5555 0 0 -0.000190
5560 0 0 -0.000196
5565 0 0 -0.000192
5570 0 0 -0.000176
5575 0 0 -0.000155
5580 0 0 -0.000138
5585 0 0 -0.000133
5590 0 0 -0.000138
5595 0 0 -0.000150
5600 0 0 -0.000163
5605 0 0 -0.000172
5610 0 0 -0.000168
5615 0 0 -0.000149
5620 0 0 -0.000124
5625 0 0 -0.000108
5630 0 0 -0.000110
5635 0 0 -0.000123
5640 0 0 -0.000138
5645 0 0 -0.000146
5650 0 0 -0.000146
5655 0 0 -0.000138
5660 0 0 -0.000123
5665 0 0 -0.000110
5670 0 0 -0.000108
5675 0 0 -0.000122
5680 0 0 -0.000142
5685 0 0 -0.000156
5690 0 0 -0.000154
5695 0 0 -0.000140
5700 0 0 -0.000126
5705 0 0 -0.000118
5710 0 0 -0.000115
5715 0 0 -0.000114
5720 0 0 -0.000113
5725 0 0 -0.000108
5730 0 0 -0.000096
5735 0 0 -0.000076
5740 0 0 -0.000058
5745 0 0 -0.000054
5750 0 0 -0.000071
5755 0 0 -0.000096
5760 0 0 -0.000108
5765 0 0 -0.000094
5770 0 0 -0.000068
5775 0 0 -0.000048
5780 0 0 -0.000049
5785 0 0 -0.000063
5790 0 0 -0.000078
5795 0 0 -0.000085
5800 0 0 -0.000082
5805 0 0 -0.000072
5810 0 0 -0.000057
5815 0 0 -0.000048
5820 0 0 -0.000054
5825 0 0 -0.000082
5830 0 0 -0.000115
5835 0 0 -0.000132
5840 0 0 -0.000118
5845 0 0 -0.000090
5850 0 0 -0.000072
5855 0 0 -0.000080
5860 0 0 -0.000101
5865 0 0 -0.000114
5870 0 0 -0.000104
5875 0 0 -0.000081
5880 0 0 -0.000060
5885 0 0 -0.000053
5890 0 0 -0.000059
5895 0 0 -0.000072
5900 0 0 -0.000086
5905 0 0 -0.000094
5910 0 0 -0.000090
5915 0 0 -0.000071
5920 0 0 -0.000049
5925 0 0 -0.000042
5930 0 0 -0.000060
5935 0 0 -0.000087
5940 0 0 -0.000102
5945 0 0 -0.000089
5950 0 0 -0.000063
5955 0 0 -0.000048
5960 0 0 -0.000059
5965 0 0 -0.000087
5970 0 0 -0.000114
5975 0 0 -0.000127
5980 0 0 -0.000128
5985 0 0 -0.000120
5990 0 0 -0.000108
5995 0 0 -0.000097
6000 0 0 -0.000090
6005 0 0 -0.000091
6010 0 0 -0.000097
6015 0 0 -0.000102
6020 0 0 -0.000103
6025 0 0 -0.000101
6030 0 0 -0.000102
6035 0 0 -0.000107
6040 0 0 -0.000110
6045 0 0 -0.000102
6050 0 0 -0.000079
6055 0 0 -0.000054
6060 0 0 -0.000042
6065 0 0 -0.000055
6070 0 0 -0.000079
6075 0 0 -0.000096
6080 0 0 -0.000093
6085 0 0 -0.000078
6090 0 0 -0.000066
6095 0 0 -0.000068
6100 0 0 -0.000080
6105 0 0 -0.000096
6110 0 0 -0.000110
6115 0 0 -0.000118
6120 0 0 -0.000114
6125 0 0 -0.000098
6130 0 0 -0.000079
6135 0 0 -0.000072
6140 0 0 -0.000084
6145 0 0 -0.000102
6150 0 0 -0.000108
6155 0 0 -0.000090
6160 0 0 -0.000061
6165 0 0 -0.000042
6170 0 0 -0.000047
6175 0 0 -0.000066
6180 0 0 -0.000084
6185 0 0 -0.000090
6190 0 0 -0.000083
6195 0 0 -0.000066
6200 0 0 -0.000045
6205 0 0 -0.000040
6210 0 0 -0.000072
6215 0 0 -0.000152
6220 0 0 -0.000243
6225 0 0 -0.000294
6230 0 0 -0.000272
6235 0 0 -0.000211
6240 0 0 -0.000162
6245 0 0 -0.000162
6250 0 0 -0.000190
6255 0 0 -0.000210
6260 0 0 -0.000197
6265 0 0 -0.000163
6270 0 0 -0.000132
6275 0 0 -0.000121
6280 0 0 -0.000127
6285 0 0 -0.000144
6290 0 0 -0.000164
6295 0 0 -0.000181
6300 0 0 -0.000186
6305 0 0 -0.000175
6310 0 0 -0.000157
6315 0 0 -0.000144
6320 0 0 -0.000143
6325 0 0 -0.000148
6330 0 0 -0.000144
6335 0 0 -0.000125
6340 0 0 -0.000102
6345 0 0 -0.000090
6350 0 0 -0.000099
6355 0 0 -0.000119
6360 0 0 -0.000138
6365 0 0 -0.000143
6370 0 0 -0.000138
6375 0 0 -0.000126
6380 0 0 -0.000113
6385 0 0 -0.000105
6390 0 0 -0.000108
6395 0 0 -0.000124
6400 0 0 -0.000142
6405 0 0 -0.000150
6410 0 0 -0.000138
6415 0 0 -0.000114
6420 0 0 -0.000090
6425 0 0 -0.000076
6430 0 0 -0.000078
6435 0 0 -0.000102
6440 0 0 -0.000147
6445 0 0 -0.000195
6450 0 0 -0.000222
6455 0 0 -0.000211
6460 0 0 -0.000175
6465 0 0 -0.000132
6470 0 0 -0.000098
6475 0 0 -0.000081
6480 0 0 -0.000084
6485 0 0 -0.000108
6490 0 0 -0.000141
6495 0 0 -0.000168
6500 0 0 -0.000177
6505 0 0 -0.000172
6510 0 0 -0.000162
6515 0 0 -0.000154
6520 0 0 -0.000149
6525 0 0 -0.000150
6530 0 0 -0.000156
6535 0 0 -0.000158
6540 0 0 -0.000150
6545 0 0 -0.000125
6550 0 0 -0.000098
6555 0 0 -0.000084
6560 0 0 -0.000096
6565 0 0 -0.000121
6570 0 0 -0.000144
6575 0 0 -0.000150
6580 0 0 -0.000140
6585 0 0 -0.000120
6590 0 0 -0.000095
6595 0 0 -0.000074
6600 0 0 -0.000066
6605 0 0 -0.000077
6610 0 0 -0.000096
6615 0 0 -0.000108
6620 0 0 -0.000104
6625 0 0 -0.000096
6630 0 0 -0.000102
6635 0 0 -0.000134
6640 0 0 -0.000175
6645 0 0 -0.000204
6650 0 0 -0.000204
6655 0 0 -0.000183
6660 0 0 -0.000156
6665 0 0 -0.000135
6670 0 0 -0.000121
6675 0 0 -0.000114
6680 0 0 -0.000112
6685 0 0 -0.000113
6690 0 0 -0.000114
6695 0 0 -0.000114
6700 0 0 -0.000123
6705 0 0 -0.000150
6710 0 0 -0.000202
6715 0 0 -0.000260
6720 0 0 -0.000300
6725 0 0 -0.000305
6730 0 0 -0.000280
6735 0 0 -0.000240
6740 0 0 -0.000196
6745 0 0 -0.000162
6750 0 0 -0.000150
6755 0 0 -0.000166
6760 0 0 -0.000186
6765 0 0 -0.000180
6770 0 0 -0.000134
6775 0 0 -0.000101
6780 0 0 -0.000150
6785 0 0 -0.000326
6790 0 0 -0.000578
6795 0 0 -0.000834
6800 0 0 -0.001026
6805 0 0 -0.001117
6810 0 0 -0.001074
6815 0 0 -0.000888
6820 0 0 -0.000634
6825 0 0 -0.000408
6830 0 0 -0.000283
6835 0 0 -0.000239
6840 0 0 -0.000234
6845 0 0 -0.000233
6850 0 0 -0.000225
6855 0 0 -0.000210
6860 0 0 -0.000187
6865 0 0 -0.000169
6870 0 0 -0.000174
6875 0 0 -0.000210
6880 0 0 -0.000259
6885 0 0 -0.000294
6890 0 0 -0.000297
6895 0 0 -0.000278
6900 0 0 -0.000252
6905 0 0 -0.000233
6910 0 0 -0.000219
6915 0 0 -0.000204
6920 0 0 -0.000185
6925 0 0 -0.000171
6930 0 0 -0.000174
6935 0 0 -0.000199
6940 0 0 -0.000232
6945 0 0 -0.000252
6950 0 0 -0.000245
6955 0 0 -0.000221
6960 0 0 -0.000198
6965 0 0 -0.000188
6970 0 0 -0.000187
6975 0 0 -0.000186
6980 0 0 -0.000180
6985 0 0 -0.000172
6990 0 0 -0.000168
6995 0 0 -0.000172
7000 0 0 -0.000178
7005 0 0 -0.000180
7010 0 0 -0.000171
7015 0 0 -0.000157
7020 0 0 -0.000144
7025 0 0 -0.000138
7030 0 0 -0.000140
7035 0 0 -0.000150
7040 0 0 -0.000168
7045 0 0 -0.000188
7050 0 0 -0.000204
7055 0 0 -0.000210
7060 0 0 -0.000205
7065 0 0 -0.000192
7070 0 0 -0.000172
7075 0 0 -0.000153
7080 0 0 -0.000144
7085 0 0 -0.000151
7090 0 0 -0.000162
7095 0 0 -0.000162
7100 0 0 -0.000141
7105 0 0 -0.000110
7110 0 0 -0.000090
7115 0 0 -0.000092
7120 0 0 -0.000107
7125 0 0 -0.000120
7130 0 0 -0.000120
7135 0 0 -0.000108
7140 0 0 -0.000090
7145 0 0 -0.000071
7150 0 0 -0.000058
7155 0 0 -0.000060
7160 0 0 -0.000079
7165 0 0 -0.000103
7170 0 0 -0.000114
7175 0 0 -0.000101
7180 0 0 -0.000076
7185 0 0 -0.000060
7190 0 0 -0.000066
7195 0 0 -0.000087
7200 0 0 -0.000108
7205 0 0 -0.000119
7210 0 0 -0.000119
7215 0 0 -0.000108
7220 0 0 -0.000090
7225 0 0 -0.000074
7230 0 0 -0.000072
7235 0 0 -0.000090
7240 0 0 -0.000113
7245 0 0 -0.000120
7250 0 0 -0.000098
7255 0 0 -0.000065
7260 0 0 -0.000042
7265 0 0 -0.000048
7270 0 0 -0.000070
7275 0 0 -0.000090
7280 0 0 -0.000094
7285 0 0 -0.000086
7290 0 0 -0.000072
7295 0 0 -0.000060
7300 0 0 -0.000055
7305 0 0 -0.000060
7310 0 0 -0.000078
7315 0 0 -0.000098
7320 0 0 -0.000108
7325 0 0 -0.000100
7330 0 0 -0.000083
7335 0 0 -0.000072
7340 0 0 -0.000078
7345 0 0 -0.000093
7350 0 0 -0.000108
7355 0 0 -0.000114
7360 0 0 -0.000111
7365 0 0 -0.000102
7370 0 0 -0.000089
7375 0 0 -0.000079
7380 0 0 -0.000078
7385 0 0 -0.000088
7390 0 0 -0.000101
7395 0 0 -0.000102
7400 0 0 -0.000084
7405 0 0 -0.000060
7410 0 0 -0.000048
7415 0 0 -0.000061
7420 0 0 -0.000085
7425 0 0 -0.000102
7430 0 0 -0.000097
7435 0 0 -0.000080
7440 0 0 -0.000066
7445 0 0 -0.000067
7450 0 0 -0.000080
7455 0 0 -0.000096
7460 0 0 -0.000109
7465 0 0 -0.000118
7470 0 0 -0.000126
7475 0 0 -0.000132
7480 0 0 -0.000133
7485 0 0 -0.000126
7490 0 0 -0.000109
7495 0 0 -0.000090
7500 0 0 -0.000078
7505 0 0 -0.000081
7510 0 0 -0.000092
7515 0 0 -0.000102
7520 0 0 -0.000105
7525 0 0 -0.000098
7530 0 0 -0.000084
7535 0 0 -0.000064
7540 0 0 -0.000049
7545 0 0 -0.000048
7550 0 0 -0.000068
7555 0 0 -0.000095
7560 0 0 -0.000108
7565 0 0 -0.000094
7570 0 0 -0.000067
7575 0 0 -0.000048
7580 0 0 -0.000052
7585 0 0 -0.000071
7590 0 0 -0.000090
7595 0 0 -0.000097
7600 0 0 -0.000095
7605 0 0 -0.000090
7610 0 0 -0.000087
7615 0 0 -0.000087
7620 0 0 -0.000090
7625 0 0 -0.000097
7630 0 0 -0.000105
7635 0 0 -0.000114
7640 0 0 -0.000122
7645 0 0 -0.000131
7650 0 0 -0.000144
7655 0 0 -0.000162
7660 0 0 -0.000179
7665 0 0 -0.000186
7670 0 0 -0.000178
7675 0 0 -0.000161
7680 0 0 -0.000144
7685 0 0 -0.000135
7690 0 0 -0.000135
7695 0 0 -0.000144
7700 0 0 -0.000158
7705 0 0 -0.000168
7710 0 0 -0.000162
7715 0 0 -0.000134
7720 0 0 -0.000105
7725 0 0 -0.000102
7730 0 0 -0.000143
7735 0 0 -0.000203
7740 0 0 -0.000246
7745 0 0 -0.000247
7750 0 0 -0.000218
7755 0 0 -0.000180
7760 0 0 -0.000152
7765 0 0 -0.000140
7770 0 0 -0.000144
7775 0 0 -0.000163
7780 0 0 -0.000185
7785 0 0 -0.000192
7790 0 0 -0.000176
7795 0 0 -0.000150
7800 0 0 -0.000138
7805 0 0 -0.000152
7810 0 0 -0.000178
7815 0 0 -0.000192
7820 0 0 -0.000180
7825 0 0 -0.000153
7830 0 0 -0.000132
7835 0 0 -0.000131
7840 0 0 -0.000146
7845 0 0 -0.000168
7850 0 0 -0.000188
7855 0 0 -0.000197
7860 0 0 -0.000186
7865 0 0 -0.000155
7870 0 0 -0.000145
7875 0 0 -0.000204
7880 0 0 -0.000361
7885 0 0 -0.000561
7890 0 0 -0.000726
7895 0 0 -0.000799
7900 0 0 -0.000795
7905 0 0 -0.000750
7910 0 0 -0.000690
7915 0 0 -0.000612
7920 0 0 -0.000504
7925 0 0 -0.000363
7930 0 0 -0.000221
7935 0 0 -0.000120
7940 0 0 -0.000088
7945 0 0 -0.000102
7950 0 0 -0.000126
7955 0 0 -0.000134
7960 0 0 -0.000128
7965 0 0 -0.000120
7970 0 0 -0.000119
7975 0 0 -0.000119
7980 0 0 -0.000114
7985 0 0 -0.000098
7990 0 0 -0.000079
7995 0 0 -0.000066
8000 0 0 -0.000068
8005 0 0 -0.000082
8010 0 0 -0.000102
8015 0 0 -0.000123
8020 0 0 -0.000137
8025 0 0 -0.000138
8030 0 0 -0.000122
8035 0 0 -0.000101
8040 0 0 -0.000090
8045 0 0 -0.000099
8050 0 0 -0.000118
8055 0 0 -0.000132
8060 0 0 -0.000130
8065 0 0 -0.000117
8070 0 0 -0.000102
8075 0 0 -0.000092
8080 0 0 -0.000086
8085 0 0 -0.000084
8090 0 0 -0.000084
8095 0 0 -0.000091
8100 0 0 -0.000108
8105 0 0 -0.000137
8110 0 0 -0.000167
8115 0 0 -0.000180
8120 0 0 -0.000167
8125 0 0 -0.000138
8130 0 0 -0.000108
8135 0 0 -0.000090
8140 0 0 -0.000084
8145 0 0 -0.000090
8150 0 0 -0.000105
8155 0 0 -0.000123
8160 0 0 -0.000138
8165 0 0 -0.000144
8170 0 0 -0.000143
8175 0 0 -0.000138
8180 0 0 -0.000133
8185 0 0 -0.000132
8190 0 0 -0.000138
8195 0 0 -0.000154
8200 0 0 -0.000171
8205 0 0 -0.000180
8210 0 0 -0.000175
8215 0 0 -0.000173
8220 0 0 -0.000192
8225 0 0 -0.000245
8230 0 0 -0.000304
8235 0 0 -0.000336
8240 0 0 -0.000316
8245 0 0 -0.000266
8250 0 0 -0.000222
8255 0 0 -0.000209
8260 0 0 -0.000217
8265 0 0 -0.000228
8270 0 0 -0.000229
8275 0 0 -0.000224
8280 0 0 -0.000222
8285 0 0 -0.000228
8290 0 0 -0.000237
8295 0 0 -0.000240
8300 0 0 -0.000233
8305 0 0 -0.000220
8310 0 0 -0.000210
8315 0 0 -0.000208
8320 0 0 -0.000213
8325 0 0 -0.000222
8330 0 0 -0.000231
8335 0 0 -0.000241
8340 0 0 -0.000252
8345 0 0 -0.000264
8350 0 0 -0.000275
8355 0 0 -0.000282
8360 0 0 -0.000284
8365 0 0 -0.000278
8370 0 0 -0.000264
8375 0 0 -0.000241
8380 0 0 -0.000213
8385 0 0 -0.000186
8390 0 0 -0.000165
8395 0 0 -0.000155
8400 0 0 -0.000162
8405 0 0 -0.000187
8410 0 0 -0.000218
8415 0 0 -0.000240
8420 0 0 -0.000241
8425 0 0 -0.000229
8430 0 0 -0.000216
8435 0 0 -0.000212
8440 0 0 -0.000212
8445 0 0 -0.000210
8450 0 0 -0.000200
8455 0 0 -0.000186
8460 0 0 -0.000174
8465 0 0 -0.000168
8470 0 0 -0.000168
8475 0 0 -0.000174
8480 0 0 -0.000184
8485 0 0 -0.000190
8490 0 0 -0.000186
8495 0 0 -0.000166
8500 0 0 -0.000142
8505 0 0 -0.000126
8510 0 0 -0.000129
8515 0 0 -0.000145
8520 0 0 -0.000162
8525 0 0 -0.000171
8530 0 0 -0.000167
8535 0 0 -0.000150
8540 0 0 -0.000120
8545 0 0 -0.000090
8550 0 0 -0.000078
8555 0 0 -0.000094
8560 0 0 -0.000122
8565 0 0 -0.000138
8570 0 0 -0.000126
8575 0 0 -0.000099
8580 0 0 -0.000078
8585 0 0 -0.000078
8590 0 0 -0.000092
8595 0 0 -0.000108
8600 0 0 -0.000115
8605 0 0 -0.000112
8610 0 0 -0.000102
8615 0 0 -0.000087
8620 0 0 -0.000075
8625 0 0 -0.000072
8630 0 0 -0.000084
8635 0 0 -0.000098
8640 0 0 -0.000102
8645 0 0 -0.000085
8650 0 0 -0.000059
8655 0 0 -0.000042
8660 0 0 -0.000046
8665 0 0 -0.000062
8670 0 0 -0.000078
8675 0 0 -0.000083
8680 0 0 -0.000079
8685 0 0 -0.000072
8690 0 0 -0.000066
8695 0 0 -0.000064
8700 0 0 -0.000072
8705 0 0 -0.000090
8710 0 0 -0.000108
8715 0 0 -0.000114
8720 0 0 -0.000101
8725 0 0 -0.000081
8730 0 0 -0.000072
8735 0 0 -0.000086
8740 0 0 -0.000110
8745 0 0 -0.000126
8750 0 0 -0.000121
8755 0 0 -0.000102
8760 0 0 -0.000084
8765 0 0 -0.000076
8770 0 0 -0.000075
8775 0 0 -0.000078
8780 0 0 -0.000079
8785 0 0 -0.000077
8790 0 0 -0.000072
8795 0 0 -0.000064
8800 0 0 -0.000057
8805 0 0 -0.000060
8810 0 0 -0.000075
8815 0 0 -0.000091
8820 0 0 -0.000096
8825 0 0 -0.000081
8830 0 0 -0.000060
8835 0 0 -0.000048
8840 0 0 -0.000059
8845 0 0 -0.000084
8850 0 0 -0.000108
8855 0 0 -0.000120
8860 0 0 -0.000121
8865 0 0 -0.000114
8870 0 0 -0.000103
8875 0 0 -0.000093
8880 0 0 -0.000090
8885 0 0 -0.000098
8890 0 0 -0.000110
8895 0 0 -0.000120
8900 0 0 -0.000121
8905 0 0 -0.000118
8910 0 0 -0.000114
8915 0 0 -0.000114
8920 0 0 -0.000112
8925 0 0 -0.000102
8930 0 0 -0.000079
8935 0 0 -0.000054
8940 0 0 -0.000042
8945 0 0 -0.000051
8950 0 0 -0.000072
8955 0 0 -0.000090
8960 0 0 -0.000094
8965 0 0 -0.000088
8970 0 0 -0.000078
8975 0 0 -0.000071
8980 0 0 -0.000071
8985 0 0 -0.000078
8990 0 0 -0.000094
8995 0 0 -0.000109
9000 0 0 -0.000114
9005 0 0 -0.000102
9010 0 0 -0.000085
9015 0 0 -0.000078
9020 0 0 -0.000092
9025 0 0 -0.000115
9030 0 0 -0.000126
9035 0 0 -0.000113
9040 0 0 -0.000087
9045 0 0 -0.000066
9050 0 0 -0.000062
9055 0 0 -0.000069
9060 0 0 -0.000078
9065 0 0 -0.000081
9070 0 0 -0.000078
9075 0 0 -0.000072
9080 0 0 -0.000065
9085 0 0 -0.000061
9090 0 0 -0.000066
9095 0 0 -0.000081
9100 0 0 -0.000102
9105 0 0 -0.000120
9110 0 0 -0.000130
9115 0 0 -0.000134
9120 0 0 -0.000138
9125 0 0 -0.000144
9130 0 0 -0.000150
9135 0 0 -0.000150
9140 0 0 -0.000143
9145 0 0 -0.000132
9150 0 0 -0.000126
9155 0 0 -0.000128
9160 0 0 -0.000136
9165 0 0 -0.000144
9170 0 0 -0.000147
9175 0 0 -0.000145
9180 0 0 -0.000138
9185 0 0 -0.000126
9190 0 0 -0.000112
9195 0 0 -0.000102
9200 0 0 -0.000098
9205 0 0 -0.000097
9210 0 0 -0.000096
9215 0 0 -0.000092
9220 0 0 -0.000090
9225 0 0 -0.000096
9230 0 0 -0.000115
9235 0 0 -0.000143
9240 0 0 -0.000174
9245 0 0 -0.000202
9250 0 0 -0.000222
9255 0 0 -0.000228
9260 0 0 -0.000218
9265 0 0 -0.000198
9270 0 0 -0.000180
9275 0 0 -0.000170
9280 0 0 -0.000166
9285 0 0 -0.000162
9290 0 0 -0.000156
9295 0 0 -0.000148
9300 0 0 -0.000144
9305 0 0 -0.000144
9310 0 0 -0.000146
9315 0 0 -0.000144
9320 0 0 -0.000135
9325 0 0 -0.000123
9330 0 0 -0.000114
9335 0 0 -0.000113
9340 0 0 -0.000125
9345 0 0 -0.000156
9350 0 0 -0.000206
9355 0 0 -0.000255
9360 0 0 -0.000282
9365 0 0 -0.000269
9370 0 0 -0.000230
9375 0 0 -0.000186
9380 0 0 -0.000154
9385 0 0 -0.000136
9390 0 0 -0.000132
9395 0 0 -0.000140
9400 0 0 -0.000154
9405 0 0 -0.000168
9410 0 0 -0.000180
9415 0 0 -0.000204
9420 0 0 -0.000258
9425 0 0 -0.000348
9430 0 0 -0.000435
9435 0 0 -0.000468
9440 0 0 -0.000414
9445 0 0 -0.000313
9450 0 0 -0.000222
9455 0 0 -0.000185
9460 0 0 -0.000187
9465 0 0 -0.000198
9470 0 0 -0.000196
9475 0 0 -0.000184
9480 0 0 -0.000174
9485 0 0 -0.000172
9490 0 0 -0.000175
9495 0 0 -0.000174
9500 0 0 -0.000164
9505 0 0 -0.000150
9510 0 0 -0.000138
9515 0 0 -0.000133
9520 0 0 -0.000132
9525 0 0 -0.000132
9530 0 0 -0.000131
9535 0 0 -0.000130
9540 0 0 -0.000132
9545 0 0 -0.000139
9550 0 0 -0.000149
9555 0 0 -0.000156
9560 0 0 -0.000157
9565 0 0 -0.000155
9570 0 0 -0.000150
9575 0 0 -0.000146
9580 0 0 -0.000147
9585 0 0 -0.000156
9590 0 0 -0.000175
9595 0 0 -0.000193
9600 0 0 -0.000198
9605 0 0 -0.000182
9610 0 0 -0.000157
9615 0 0 -0.000138
9620 0 0 -0.000137
9625 0 0 -0.000148
9630 0 0 -0.000162
9635 0 0 -0.000172
9640 0 0 -0.000179
9645 0 0 -0.000186
9650 0 0 -0.000196
9655 0 0 -0.000202
9660 0 0 -0.000198
9665 0 0 -0.000181
9670 0 0 -0.000172
9675 0 0 -0.000198
9680 0 0 -0.000274
9685 0 0 -0.000366
9690 0 0 -0.000426
9695 0 0 -0.000420
9700 0 0 -0.000369
9705 0 0 -0.000306
9710 0 0 -0.000259
9715 0 0 -0.000230
9720 0 0 -0.000216
9725 0 0 -0.000211
9730 0 0 -0.000209
9735 0 0 -0.000204
9740 0 0 -0.000191
9745 0 0 -0.000177
9750 0 0 -0.000174
9755 0 0 -0.000188
9760 0 0 -0.000208
9765 0 0 -0.000222
9770 0 0 -0.000220
9775 0 0 -0.000208
9780 0 0 -0.000198
9785 0 0 -0.000198
9790 0 0 -0.000203
9795 0 0 -0.000204
9800 0 0 -0.000196
9805 0 0 -0.000187
9810 0 0 -0.000186
9815 0 0 -0.000199
9820 0 0 -0.000216
9825 0 0 -0.000222
9830 0 0 -0.000207
9835 0 0 -0.000183
9840 0 0 -0.000168
9845 0 0 -0.000175
9850 0 0 -0.000194
9855 0 0 -0.000210
9860 0 0 -0.000211
9865 0 0 -0.000200
9870 0 0 -0.000186
9875 0 0 -0.000174
9880 0 0 -0.000166
9885 0 0 -0.000162
9890 0 0 -0.000161
9895 0 0 -0.000162
9900 0 0 -0.000162
9905 0 0 -0.000161
9910 0 0 -0.000159
9915 0 0 -0.000156
9920 0 0 -0.000154
9925 0 0 -0.000152
9930 0 0 -0.000150
9935 0 0 -0.000149
9940 0 0 -0.000148
9945 0 0 -0.000150
9950 0 0 -0.000154
9955 0 0 -0.000158
9960 0 0 -0.000162
9965 0 0 -0.000164
9970 0 0 -0.000166
9975 0 0 -0.000174
9980 0 0 -0.000189
9985 0 0 -0.000203
9990 0 0 -0.000210
9995 0 0 -0.000203
10000 0 0 -0.000188
10005 0 0 -0.000174
10010 0 0 -0.000168
10015 0 0 -0.000167
10020 0 0 -0.000162
10025 0 0 -0.000150
10030 0 0 -0.000134
10035 0 0 -0.000120
10040 0 0 -0.000113
10045 0 0 -0.000112
10050 0 0 -0.000114
10055 0 0 -0.000118
10060 0 0 -0.000123
10065 0 0 -0.000126
10070 0 0 -0.000127
10075 0 0 -0.000123
