0 0 0 1.440000
5 0 0 1.238278
10 0 0 1.169733
15 0 0 1.180000
20 0 0 1.214711
25 0 0 1.219500
30 0 0 1.140000
35 0 0 0.948062
40 0 0 0.720414
45 0 0 0.560000
50 0 0 0.538965
55 0 0 0.606251
60 0 0 0.680000
65 0 0 0.697560
70 0 0 0.673101
75 0 0 0.640000
80 0 0 0.624869
85 0 0 0.627270
90 0 0 0.640000
95 0 0 0.653334
100 0 0 0.647450
105 0 0 0.600000
110 0 0 0.500313
115 0 0 0.384413
120 0 0 0.300000
125 0 0 0.282451
130 0 0 0.317860
135 0 0 0.380000
140 0 0 0.443216
145 0 0 0.484146
150 0 0 0.480000
155 0 0 0.419499
160 0 0 0.337407
165 0 0 0.280000
170 0 0 0.281010
175 0 0 0.324002
180 0 0 0.380000
185 0 0 0.423128
190 0 0 0.439918
195 0 0 0.420000
200 0 0 0.362032
205 0 0 0.300772
210 0 0 0.280000
215 0 0 0.327261
220 0 0 0.405144
225 0 0 0.460000
230 0 0 0.451886
235 0 0 0.395689
240 0 0 0.320000
245 0 0 0.257786
250 0 0 0.259508
255 0 0 0.380000
260 0 0 0.639931
265 0 0 0.923315
270 0 0 1.080000
275 0 0 1.011377
280 0 0 0.825009
285 0 0 0.680000
290 0 0 0.689375
295 0 0 0.781835
300 0 0 0.840000
305 0 0 0.777789
310 0 0 0.634317
315 0 0 0.480000
320 0 0 0.373544
325 0 0 0.326823
330 0 0 0.340000
335 0 0 0.405071
340 0 0 0.481354
345 0 0 0.520000
350 0 0 0.487654
355 0 0 0.412946
360 0 0 0.340000
365 0 0 0.305053
370 0 0 0.312788
375 0 0 0.360000
380 0 0 0.438061
385 0 0 0.516644
390 0 0 0.560000
395 0 0 0.546408
400 0 0 0.510266
405 0 0 0.500000
410 0 0 0.547418
415 0 0 0.617849
420 0 0 0.660000
425 0 0 0.637993
430 0 0 0.577598
435 0 0 0.520000
440 0 0 0.497648
445 0 0 0.508056
450 0 0 0.540000
455 0 0 0.580303
460 0 0 0.607958
465 0 0 0.600000
470 0 0 0.545584
475 0 0 0.482336
480 0 0 0.460000
485 0 0 0.512917
490 0 0 0.613810
495 0 0 0.720000
500 0 0 0.796083
505 0 0 0.835758
510 0 0 0.840000
515 0 0 0.813122
520 0 0 0.772788
525 0 0 0.740000
530 0 0 0.728465
535 0 0 0.722718
540 0 0 0.700000
545 0 0 0.644869
550 0 0 0.571154
555 0 0 0.500000
560 0 0 0.449095
565 0 0 0.422296
570 0 0 0.420000
575 0 0 0.440972
580 0 0 0.477440
585 0 0 0.520000
590 0 0 0.559610
595 0 0 0.588683
600 0 0 0.600000
605 0 0 0.590220
610 0 0 0.571530
615 0 0 0.560000
620 0 0 0.565438
625 0 0 0.572605
630 0 0 0.560000
635 0 0 0.512472
640 0 0 0.440272
645 0 0 0.360000
650 0 0 0.292821
655 0 0 0.278158
660 0 0 0.360000
665 0 0 0.548836
670 0 0 0.721168
675 0 0 0.720000
680 0 0 0.477760
685 0 0 0.284576
690 0 0 0.520000
695 0 0 1.400864
700 0 0 2.493120
705 0 0 3.200000
710 0 0 3.103969
715 0 0 2.504425
720 0 0 1.880000
725 0 0 1.602520
730 0 0 1.616588
735 0 0 1.760000
740 0 0 1.883727
745 0 0 1.891444
750 0 0 1.700000
755 0 0 1.275163
760 0 0 0.778376
765 0 0 0.420000
770 0 0 0.347473
775 0 0 0.456535
780 0 0 0.580000
785 0 0 0.590500
790 0 0 0.519930
795 0 0 0.440000
800 0 0 0.407563
805 0 0 0.420042
810 0 0 0.460000
815 0 0 0.510358
820 0 0 0.555459
825 0 0 0.580000
830 0 0 0.574707
835 0 0 0.554419
840 0 0 0.540000
845 0 0 0.549330
850 0 0 0.588347
855 0 0 0.660000
860 0 0 0.759082
865 0 0 0.847749
870 0 0 0.880000
875 0 0 0.828416
880 0 0 0.739915
885 0 0 0.680000
890 0 0 0.695403
895 0 0 0.757776
900 0 0 0.820000
905 0 0 0.847008
910 0 0 0.851943
915 0 0 0.860000
920 0 0 0.887675
925 0 0 0.916673
930 0 0 0.920000
935 0 0 0.882292
940 0 0 0.834698
945 0 0 0.820000
950 0 0 0.866863
955 0 0 0.947497
960 0 0 1.020000
965 0 0 1.053221
970 0 0 1.059018
975 0 0 1.060000
980 0 0 1.070624
985 0 0 1.072729
990 0 0 1.040000
995 0 0 0.967247
1000 0 0 0.933772
1005 0 0 1.040000
1010 0 0 1.361129
1015 0 0 1.871443
1020 0 0 2.520000
1025 0 0 3.216386
1030 0 0 3.712307
1035 0 0 3.720000
1040 0 0 3.075549
1045 0 0 2.110438
1050 0 0 1.280000
1055 0 0 0.923640
1060 0 0 0.917051
1065 0 0 1.020000
1070 0 0 1.043225
1075 0 0 1.001357
1080 0 0 0.960000
1085 0 0 0.965682
1090 0 0 0.988632
1095 0 0 0.980000
1100 0 0 0.907379
1105 0 0 0.804117
1110 0 0 0.720000
1115 0 0 0.694431
1120 0 0 0.725272
1125 0 0 0.800000
1130 0 0 0.904526
1135 0 0 1.018498
1140 0 0 1.120000
1145 0 0 1.192651
1150 0 0 1.242217
1155 0 0 1.280000
1160 0 0 1.312277
1165 0 0 1.325226
1170 0 0 1.300000
1175 0 0 1.230093
1180 0 0 1.158361
1185 0 0 1.140000
1190 0 0 1.208092
1195 0 0 1.307257
1200 0 0 1.360000
1205 0 0 1.312354
1210 0 0 1.204463
1215 0 0 1.100000
1220 0 0 1.050642
1225 0 0 1.060078
1230 0 0 1.120000
1235 0 0 1.212487
1240 0 0 1.281153
1245 0 0 1.260000
1250 0 0 1.129783
1255 0 0 1.058273
1260 0 0 1.260000
1265 0 0 1.852828
1270 0 0 2.567976
1275 0 0 3.040000
1280 0 0 3.015943
1285 0 0 2.692787
1290 0 0 2.380000
1295 0 0 2.314511
1300 0 0 2.443097
1305 0 0 2.640000
1310 0 0 2.789718
1315 0 0 2.817787
1320 0 0 2.660000
1325 0 0 2.288839
1330 0 0 1.823534
1335 0 0 1.420000
1340 0 0 1.197888
1345 0 0 1.131782
1350 0 0 1.160000
1355 0 0 1.224795
1360 0 0 1.284154
1365 0 0 1.300000
1370 0 0 1.251823
1375 0 0 1.189381
1380 0 0 1.180000
1385 0 0 1.265691
1390 0 0 1.387211
1395 0 0 1.460000
1400 0 0 1.423931
1405 0 0 1.316591
1410 0 0 1.200000
1415 0 0 1.123772
1420 0 0 1.087906
1425 0 0 1.080000
1430 0 0 1.087649
1435 0 0 1.098451
