0 0 0 1.380000
5 0 0 2.199826
10 0 0 2.802972
15 0 0 3.200000
20 0 0 3.401473
25 0 0 3.417952
30 0 0 3.260000
35 0 0 2.952801
40 0 0 2.580034
45 0 0 2.240000
50 0 0 2.006581
55 0 0 1.855984
60 0 0 1.740000
65 0 0 1.623098
70 0 0 1.520473
75 0 0 1.460000
80 0 0 1.458803
85 0 0 1.491011
90 0 0 1.520000
95 0 0 1.517984
100 0 0 1.492520
105 0 0 1.460000
110 0 0 1.433704
115 0 0 1.414464
120 0 0 1.400000
125 0 0 1.384978
130 0 0 1.351846
135 0 0 1.280000
140 0 0 1.157496
145 0 0 1.007040
150 0 0 0.860000
155 0 0 0.742075
160 0 0 0.656290
165 0 0 0.600000
170 0 0 0.566797
175 0 0 0.535209
180 0 0 0.480000
185 0 0 0.387775
190 0 0 0.292505
195 0 0 0.240000
200 0 0 0.261361
205 0 0 0.328846
210 0 0 0.400000
215 0 0 0.440113
220 0 0 0.445446
225 0 0 0.420000
230 0 0 0.370778
235 0 0 0.316778
240 0 0 0.280000
245 0 0 0.276776
250 0 0 0.300775
255 0 0 0.340000
260 0 0 0.382118
265 0 0 0.413455
270 0 0 0.420000
275 0 0 0.392528
280 0 0 0.340959
285 0 0 0.280000
290 0 0 0.228510
295 0 0 0.221967
300 0 0 0.300000
305 0 0 0.481579
310 0 0 0.703026
315 0 0 0.880000
320 0 0 0.950357
325 0 0 0.940743
330 0 0 0.900000
335 0 0 0.865880
340 0 0 0.831779
345 0 0 0.780000
350 0 0 0.699454
355 0 0 0.605475
360 0 0 0.520000
365 0 0 0.459265
370 0 0 0.416692
375 0 0 0.380000
380 0 0 0.342003
385 0 0 0.315904
390 0 0 0.320000
395 0 0 0.363833
400 0 0 0.421915
405 0 0 0.460000
410 0 0 0.453036
415 0 0 0.412734
420 0 0 0.360000
425 0 0 0.315877
430 0 0 0.301964
435 0 0 0.340000
440 0 0 0.439013
445 0 0 0.557188
450 0 0 0.640000
455 0 0 0.648811
460 0 0 0.608542
465 0 0 0.560000
470 0 0 0.536112
475 0 0 0.538273
480 0 0 0.560000
485 0 0 0.594150
490 0 0 0.630957
495 0 0 0.660000
500 0 0 0.672474
505 0 0 0.666046
510 0 0 0.640000
515 0 0 0.597434
520 0 0 0.556709
525 0 0 0.540000
530 0 0 0.561492
535 0 0 0.603412
540 0 0 0.640000
545 0 0 0.652154
550 0 0 0.647419
555 0 0 0.640000
560 0 0 0.640262
565 0 0 0.643209
570 0 0 0.640000
575 0 0 0.626796
580 0 0 0.619747
585 0 0 0.640000
590 0 0 0.698479
595 0 0 0.765212
600 0 0 0.800000
605 0 0 0.776324
610 0 0 0.722369
615 0 0 0.680000
620 0 0 0.679189
625 0 0 0.702348
630 0 0 0.720000
635 0 0 0.709883
640 0 0 0.678608
645 0 0 0.640000
650 0 0 0.605722
655 0 0 0.578776
660 0 0 0.560000
665 0 0 0.549452
670 0 0 0.544066
675 0 0 0.540000
680 0 0 0.532028
685 0 0 0.509403
690 0 0 0.460000
695 0 0 0.383920
700 0 0 0.330173
705 0 0 0.360000
710 0 0 0.506368
715 0 0 0.689163
720 0 0 0.800000
725 0 0 0.765423
730 0 0 0.651692
735 0 0 0.560000
740 0 0 0.560830
745 0 0 0.601845
750 0 0 0.600000
755 0 0 0.500145
760 0 0 0.358706
765 0 0 0.260000
770 0 0 0.265996
775 0 0 0.349258
780 0 0 0.460000
785 0 0 0.553649
790 0 0 0.606484
795 0 0 0.600000
800 0 0 0.527558
805 0 0 0.429991
810 0 0 0.360000
815 0 0 0.356120
820 0 0 0.400219
825 0 0 0.460000
830 0 0 0.505740
835 0 0 0.518020
840 0 0 0.480000
845 0 0 0.392773
850 0 0 0.329181
855 0 0 0.380000
860 0 0 0.595020
865 0 0 0.860072
870 0 0 1.020000
875 0 0 0.968629
880 0 0 0.795716
885 0 0 0.640000
890 0 0 0.604537
895 0 0 0.649655
900 0 0 0.700000
905 0 0 0.700630
910 0 0 0.678256
915 0 0 0.680000
920 0 0 0.736646
925 0 0 0.813618
930 0 0 0.860000
935 0 0 0.840934
940 0 0 0.785792
945 0 0 0.740000
950 0 0 0.736654
955 0 0 0.759512
960 0 0 0.780000
965 0 0 0.773933
970 0 0 0.734680
975 0 0 0.660000
980 0 0 0.566134
985 0 0 0.543250
990 0 0 0.700000
995 0 0 1.087459
1000 0 0 1.526395
1005 0 0 1.780000
1010 0 0 1.695883
1015 0 0 1.459319
1020 0 0 1.340000
1025 0 0 1.517898
1030 0 0 1.814107
1035 0 0 1.960000
1040 0 0 1.770302
1045 0 0 1.393142
1050 0 0 1.060000
1055 0 0 0.943116
1060 0 0 0.977770
1065 0 0 1.040000
1070 0 0 1.036492
1075 0 0 0.996518
1080 0 0 0.980000
1085 0 0 1.027213
1090 0 0 1.099860
1095 0 0 1.140000
1100 0 0 1.108730
1105 0 0 1.043300
1110 0 0 1.000000
1115 0 0 1.019350
1120 0 0 1.078793
1125 0 0 1.140000
1130 0 0 1.172388
1135 0 0 1.176345
1140 0 0 1.160000
1145 0 0 1.131096
1150 0 0 1.095828
1155 0 0 1.060000
1160 0 0 1.029152
1165 0 0 1.007752
1170 0 0 1.000000
1175 0 0 1.007110
1180 0 0 1.018350
1185 0 0 1.020000
1190 0 0 1.003890
1195 0 0 0.984035
1200 0 0 0.980000
1205 0 0 1.003998
1210 0 0 1.038844
1215 0 0 1.060000
1220 0 0 1.050488
1225 0 0 1.023553
1230 0 0 1.000000
1235 0 0 0.995533
1240 0 0 1.005462
1245 0 0 1.020000
1250 0 0 1.031086
1255 0 0 1.037562
1260 0 0 1.040000
1265 0 0 1.038643
1270 0 0 1.032437
1275 0 0 1.020000
1280 0 0 1.003971
1285 0 0 1.003061
1290 0 0 1.040000
1295 0 0 1.123992
1300 0 0 1.210135
1305 0 0 1.240000
1310 0 0 1.176358
1315 0 0 1.066771
1320 0 0 0.980000
1325 0 0 0.965391
1330 0 0 0.994632
1335 0 0 1.020000
1340 0 0 1.005042
1345 0 0 0.958403
1350 0 0 0.900000
1355 0 0 0.851477
1360 0 0 0.841385
1365 0 0 0.900000
1370 0 0 1.037939
1375 0 0 1.187170
1380 0 0 1.260000
1385 0 0 1.197509
1390 0 0 1.055863
1395 0 0 0.920000
1400 0 0 0.854988
1405 0 0 0.846415
1410 0 0 0.860000
1415 0 0 0.869205
1420 0 0 0.878475
1425 0 0 0.900000
1430 0 0 0.945969
1435 0 0 1.028573
