0 0 0 -0.000840
5 0 0 -0.000856
10 0 0 -0.000885
15 0 0 -0.000920
20 0 0 -0.000955
25 0 0 -0.000984
30 0 0 -0.001000
35 0 0 -0.001000
40 0 0 -0.000985
45 0 0 -0.000960
50 0 0 -0.000927
55 0 0 -0.000882
60 0 0 -0.000820
65 0 0 -0.000742
70 0 0 -0.000677
75 0 0 -0.000660
80 0 0 -0.000712
85 0 0 -0.000796
90 0 0 -0.000860
95 0 0 -0.000866
100 0 0 -0.000830
105 0 0 -0.000780
110 0 0 -0.000739
115 0 0 -0.000707
120 0 0 -0.000680
125 0 0 -0.000655
130 0 0 -0.000639
135 0 0 -0.000640
140 0 0 -0.000662
145 0 0 -0.000684
150 0 0 -0.000680
155 0 0 -0.000634
160 0 0 -0.000569
165 0 0 -0.000520
170 0 0 -0.000511
175 0 0 -0.000536
180 0 0 -0.000580
185 0 0 -0.000626
190 0 0 -0.000659
195 0 0 -0.000660
200 0 0 -0.000621
205 0 0 -0.000564
210 0 0 -0.000520
215 0 0 -0.000511
220 0 0 -0.000524
225 0 0 -0.000540
230 0 0 -0.000540
235 0 0 -0.000520
240 0 0 -0.000480
245 0 0 -0.000421
250 0 0 -0.000361
255 0 0 -0.000320
260 0 0 -0.000313
265 0 0 -0.000336
270 0 0 -0.000380
275 0 0 -0.000434
280 0 0 -0.000475
285 0 0 -0.000480
290 0 0 -0.000434
295 0 0 -0.000367
300 0 0 -0.000320
305 0 0 -0.000323
310 0 0 -0.000359
315 0 0 -0.000400
320 0 0 -0.000422
325 0 0 -0.000421
330 0 0 -0.000400
335 0 0 -0.000363
340 0 0 -0.000328
345 0 0 -0.000320
350 0 0 -0.000351
355 0 0 -0.000402
360 0 0 -0.000440
365 0 0 -0.000444
370 0 0 -0.000420
375 0 0 -0.000380
380 0 0 -0.000339
385 0 0 -0.000313
390 0 0 -0.000320
395 0 0 -0.000369
400 0 0 -0.000434
405 0 0 -0.000480
410 0 0 -0.000482
415 0 0 -0.000444
420 0 0 -0.000380
425 0 0 -0.000305
430 0 0 -0.000243
435 0 0 -0.000220
440 0 0 -0.000250
445 0 0 -0.000299
450 0 0 -0.000320
455 0 0 -0.000281
460 0 0 -0.000212
465 0 0 -0.000160
470 0 0 -0.000158
475 0 0 -0.000193
480 0 0 -0.000240
485 0 0 -0.000277
490 0 0 -0.000293
495 0 0 -0.000280
500 0 0 -0.000240
505 0 0 -0.000210
510 0 0 -0.000240
515 0 0 -0.000358
520 0 0 -0.000520
525 0 0 -0.000660
530 0 0 -0.000730
535 0 0 -0.000736
540 0 0 -0.000700
545 0 0 -0.000643
550 0 0 -0.000589
555 0 0 -0.000560
560 0 0 -0.000571
565 0 0 -0.000600
570 0 0 -0.000620
575 0 0 -0.000609
580 0 0 -0.000581
585 0 0 -0.000560
590 0 0 -0.000561
595 0 0 -0.000568
600 0 0 -0.000560
605 0 0 -0.000527
610 0 0 -0.000509
615 0 0 -0.000560
620 0 0 -0.000708
625 0 0 -0.000886
630 0 0 -0.001000
635 0 0 -0.000986
640 0 0 -0.000894
645 0 0 -0.000800
650 0 0 -0.000766
655 0 0 -0.000787
660 0 0 -0.000840
665 0 0 -0.000904
670 0 0 -0.000958
675 0 0 -0.000980
680 0 0 -0.000955
685 0 0 -0.000895
690 0 0 -0.000820
695 0 0 -0.000746
700 0 0 -0.000683
705 0 0 -0.000640
710 0 0 -0.000620
715 0 0 -0.000602
720 0 0 -0.000560
725 0 0 -0.000478
730 0 0 -0.000385
735 0 0 -0.000320
740 0 0 -0.000309
745 0 0 -0.000333
750 0 0 -0.000360
755 0 0 -0.000365
760 0 0 -0.000349
765 0 0 -0.000320
770 0 0 -0.000292
775 0 0 -0.000298
780 0 0 -0.000380
785 0 0 -0.000552
790 0 0 -0.000728
795 0 0 -0.000800
800 0 0 -0.000696
805 0 0 -0.000502
810 0 0 -0.000340
815 0 0 -0.000302
820 0 0 -0.000347
825 0 0 -0.000400
830 0 0 -0.000405
835 0 0 -0.000375
840 0 0 -0.000340
845 0 0 -0.000324
850 0 0 -0.000326
855 0 0 -0.000340
860 0 0 -0.000360
865 0 0 -0.000376
870 0 0 -0.000380
875 0 0 -0.000364
880 0 0 -0.000330
885 0 0 -0.000280
890 0 0 -0.000222
895 0 0 -0.000179
900 0 0 -0.000180
905 0 0 -0.000241
910 0 0 -0.000334
915 0 0 -0.000420
920 0 0 -0.000470
925 0 0 -0.000496
930 0 0 -0.000520
935 0 0 -0.000559
940 0 0 -0.000604
945 0 0 -0.000640
950 0 0 -0.000655
955 0 0 -0.000658
960 0 0 -0.000660
965 0 0 -0.000684
970 0 0 -0.000793
975 0 0 -0.001060
980 0 0 -0.001546
985 0 0 -0.002255
990 0 0 -0.003180
995 0 0 -0.004232
1000 0 0 -0.005007
1005 0 0 -0.005020
1010 0 0 -0.003992
1015 0 0 -0.002468
1020 0 0 -0.001200
1025 0 0 -0.000744
1030 0 0 -0.000877
1035 0 0 -0.001180
1040 0 0 -0.001322
1045 0 0 -0.001315
1050 0 0 -0.001260
1055 0 0 -0.001235
1060 0 0 -0.001236
1065 0 0 -0.001240
1070 0 0 -0.001229
1075 0 0 -0.001215
1080 0 0 -0.001220
1085 0 0 -0.001253
1090 0 0 -0.001291
1095 0 0 -0.001300
1100 0 0 -0.001257
1105 0 0 -0.001186
1110 0 0 -0.001120
1115 0 0 -0.001084
1120 0 0 -0.001065
1125 0 0 -0.001040
1130 0 0 -0.000995
1135 0 0 -0.000952
1140 0 0 -0.000940
1145 0 0 -0.000977
1150 0 0 -0.001031
1155 0 0 -0.001060
1160 0 0 -0.001039
1165 0 0 -0.001017
1170 0 0 -0.001060
1175 0 0 -0.001207
1180 0 0 -0.001377
1185 0 0 -0.001460
1190 0 0 -0.001383
1195 0 0 -0.001220
1200 0 0 -0.001080
1205 0 0 -0.001043
1210 0 0 -0.001067
1215 0 0 -0.001080
1220 0 0 -0.001030
1225 0 0 -0.000942
1230 0 0 -0.000860
1235 0 0 -0.000819
1240 0 0 -0.000811
1245 0 0 -0.000820
1250 0 0 -0.000833
1255 0 0 -0.000851
1260 0 0 -0.000880
1265 0 0 -0.000922
1270 0 0 -0.000961
1275 0 0 -0.000980
1280 0 0 -0.000967
1285 0 0 -0.000943
1290 0 0 -0.000940
1295 0 0 -0.000976
1300 0 0 -0.001033
1305 0 0 -0.001080
1310 0 0 -0.001094
1315 0 0 -0.001072
1320 0 0 -0.001020
1325 0 0 -0.000947
1330 0 0 -0.000887
1335 0 0 -0.000880
1340 0 0 -0.000950
1345 0 0 -0.001065
1350 0 0 -0.001180
1355 0 0 -0.001259
1360 0 0 -0.001312
1365 0 0 -0.001360
1370 0 0 -0.001416
1375 0 0 -0.001454
1380 0 0 -0.001440
1385 0 0 -0.001356
1390 0 0 -0.001243
1395 0 0 -0.001160
1400 0 0 -0.001145
1405 0 0 -0.001158
1410 0 0 -0.001140
1415 0 0 -0.001059
1420 0 0 -0.000986
1425 0 0 -0.001020
1430 0 0 -0.001216
1435 0 0 -0.001466
1440 0 0 -0.001620
1445 0 0 -0.001571
1450 0 0 -0.001392
1455 0 0 -0.001200
1460 0 0 -0.001087
1465 0 0 -0.001055
1470 0 0 -0.001080
1475 0 0 -0.001139
1480 0 0 -0.001203
1485 0 0 -0.001240
1490 0 0 -0.001235
1495 0 0 -0.001230
1500 0 0 -0.001280
1505 0 0 -0.001417
1510 0 0 -0.001569
1515 0 0 -0.001640
1520 0 0 -0.001565
1525 0 0 -0.001402
1530 0 0 -0.001240
1535 0 0 -0.001146
1540 0 0 -0.001095
1545 0 0 -0.001040
1550 0 0 -0.000947
1555 0 0 -0.000836
1560 0 0 -0.000740
1565 0 0 -0.000685
1570 0 0 -0.000663
1575 0 0 -0.000660
1580 0 0 -0.000661
1585 0 0 -0.000652
1590 0 0 -0.000620
1595 0 0 -0.000559
1600 0 0 -0.000494
1605 0 0 -0.000460
1610 0 0 -0.000480
1615 0 0 -0.000536
1620 0 0 -0.000600
1625 0 0 -0.000646
1630 0 0 -0.000663
1635 0 0 -0.000640
1640 0 0 -0.000577
1645 0 0 -0.000504
1650 0 0 -0.000460
1655 0 0 -0.000473
1660 0 0 -0.000523
1665 0 0 -0.000580
1670 0 0 -0.000616
1675 0 0 -0.000619
1680 0 0 -0.000580
1685 0 0 -0.000497
1690 0 0 -0.000404
1695 0 0 -0.000340
1700 0 0 -0.000335
1705 0 0 -0.000372
1710 0 0 -0.000420
1715 0 0 -0.000455
1720 0 0 -0.000474
1725 0 0 -0.000480
1730 0 0 -0.000477
1735 0 0 -0.000473
1740 0 0 -0.000480
1745 0 0 -0.000502
1750 0 0 -0.000517
1755 0 0 -0.000500
1760 0 0 -0.000435
1765 0 0 -0.000354
1770 0 0 -0.000300
1775 0 0 -0.000305
1780 0 0 -0.000349
1785 0 0 -0.000400
1790 0 0 -0.000432
1795 0 0 -0.000449
1800 0 0 -0.000460
1805 0 0 -0.000473
1810 0 0 -0.000482
1815 0 0 -0.000480
1820 0 0 -0.000461
1825 0 0 -0.000426
1830 0 0 -0.000380
1835 0 0 -0.000330
1840 0 0 -0.000300
1845 0 0 -0.000320
1850 0 0 -0.000407
1855 0 0 -0.000528
1860 0 0 -0.000640
1865 0 0 -0.000707
1870 0 0 -0.000725
1875 0 0 -0.000700
1880 0 0 -0.000642
1885 0 0 -0.000583
1890 0 0 -0.000560
1895 0 0 -0.000598
1900 0 0 -0.000670
1905 0 0 -0.000740
1910 0 0 -0.000780
1915 0 0 -0.000809
1920 0 0 -0.000860
1925 0 0 -0.000949
1930 0 0 -0.001034
1935 0 0 -0.001060
1940 0 0 -0.000992
1945 0 0 -0.000891
1950 0 0 -0.000840
1955 0 0 -0.000895
1960 0 0 -0.001006
1965 0 0 -0.001100
1970 0 0 -0.001120
1975 0 0 -0.001086
1980 0 0 -0.001040
1985 0 0 -0.001013
1990 0 0 -0.001008
1995 0 0 -0.001020
2000 0 0 -0.001044
2005 0 0 -0.001073
2010 0 0 -0.001100
2015 0 0 -0.001118
2020 0 0 -0.001125
2025 0 0 -0.001120
2030 0 0 -0.001104
2035 0 0 -0.001082
2040 0 0 -0.001060
2045 0 0 -0.001043
2050 0 0 -0.001030
2055 0 0 -0.001020
2060 0 0 -0.001012
2065 0 0 -0.001005
2070 0 0 -0.001000
2075 0 0 -0.000998
2080 0 0 -0.001013
2085 0 0 -0.001060
2090 0 0 -0.001145
2095 0 0 -0.001228
2100 0 0 -0.001260
2105 0 0 -0.001209
2110 0 0 -0.001115
2115 0 0 -0.001040
2120 0 0 -0.001024
2125 0 0 -0.001034
2130 0 0 -0.001020
2135 0 0 -0.000958
2140 0 0 -0.000938
2145 0 0 -0.001080
2150 0 0 -0.001442
2155 0 0 -0.001848
2160 0 0 -0.002060
2165 0 0 -0.001917
2170 0 0 -0.001553
2175 0 0 -0.001180
2180 0 0 -0.000960
2185 0 0 -0.000875
2190 0 0 -0.000860
2195 0 0 -0.000859
2200 0 0 -0.000855
2205 0 0 -0.000840
2210 0 0 -0.000809
2215 0 0 -0.000767
2220 0 0 -0.000720
2225 0 0 -0.000674
2230 0 0 -0.000633
2235 0 0 -0.000600
2240 0 0 -0.000577
2245 0 0 -0.000569
2250 0 0 -0.000580
2255 0 0 -0.000610
2260 0 0 -0.000644
2265 0 0 -0.000660
2270 0 0 -0.000642
2275 0 0 -0.000593
2280 0 0 -0.000520
2285 0 0 -0.000436
2290 0 0 -0.000386
2295 0 0 -0.000420
2300 0 0 -0.000565
2305 0 0 -0.000745
2310 0 0 -0.000860
2315 0 0 -0.000840
2320 0 0 -0.000734
2325 0 0 -0.000620
2330 0 0 -0.000558
2335 0 0 -0.000540
2340 0 0 -0.000540
2345 0 0 -0.000539
2350 0 0 -0.000542
2355 0 0 -0.000560
2360 0 0 -0.000603
2365 0 0 -0.000665
2370 0 0 -0.000740
2375 0 0 -0.000819
2380 0 0 -0.000890
2385 0 0 -0.000940
2390 0 0 -0.000959
2395 0 0 -0.000951
2400 0 0 -0.000920
2405 0 0 -0.000875
2410 0 0 -0.000830
2415 0 0 -0.000800
2420 0 0 -0.000818
2425 0 0 -0.000980
2430 0 0 -0.001400
2435 0 0 -0.002119
2440 0 0 -0.002897
2445 0 0 -0.003420
2450 0 0 -0.003473
2455 0 0 -0.003224
2460 0 0 -0.002940
2465 0 0 -0.002816
2470 0 0 -0.002762
2475 0 0 -0.002620
2480 0 0 -0.002283
2485 0 0 -0.001857
2490 0 0 -0.001500
2495 0 0 -0.001329
2500 0 0 -0.001293
2505 0 0 -0.001300
2510 0 0 -0.001276
2515 0 0 -0.001223
2520 0 0 -0.001160
2525 0 0 -0.001111
2530 0 0 -0.001116
2535 0 0 -0.001220
2540 0 0 -0.001439
2545 0 0 -0.001674
2550 0 0 -0.001800
2555 0 0 -0.001732
2560 0 0 -0.001556
2565 0 0 -0.001400
2570 0 0 -0.001358
2575 0 0 -0.001394
2580 0 0 -0.001440
2585 0 0 -0.001443
2590 0 0 -0.001419
2595 0 0 -0.001400
2600 0 0 -0.001410
2605 0 0 -0.001437
2610 0 0 -0.001460
2615 0 0 -0.001463
2620 0 0 -0.001453
2625 0 0 -0.001440
2630 0 0 -0.001433
2635 0 0 -0.001428
2640 0 0 -0.001420
2645 0 0 -0.001404
2650 0 0 -0.001377
2655 0 0 -0.001340
2660 0 0 -0.001292
2665 0 0 -0.001237
2670 0 0 -0.001180
2675 0 0 -0.001125
2680 0 0 -0.001072
2685 0 0 -0.001020
2690 0 0 -0.000974
2695 0 0 -0.000967
2700 0 0 -0.001040
2705 0 0 -0.001210
2710 0 0 -0.001402
2715 0 0 -0.001520
2720 0 0 -0.001496
2725 0 0 -0.001377
2730 0 0 -0.001240
2735 0 0 -0.001147
2740 0 0 -0.001104
2745 0 0 -0.001100
2750 0 0 -0.001123
2755 0 0 -0.001146
2760 0 0 -0.001140
2765 0 0 -0.001087
2770 0 0 -0.001019
2775 0 0 -0.000980
2780 0 0 -0.001000
2785 0 0 -0.001048
2790 0 0 -0.001080
2795 0 0 -0.001065
2800 0 0 -0.001031
2805 0 0 -0.001020
2810 0 0 -0.001058
2815 0 0 -0.001113
2820 0 0 -0.001140
2825 0 0 -0.001102
2830 0 0 -0.001009
2835 0 0 -0.000880
2840 0 0 -0.000737
2845 0 0 -0.000602
2850 0 0 -0.000500
2855 0 0 -0.000450
2860 0 0 -0.000452
2865 0 0 -0.000500
2870 0 0 -0.000584
2875 0 0 -0.000665
2880 0 0 -0.000700
2885 0 0 -0.000661
2890 0 0 -0.000583
2895 0 0 -0.000520
2900 0 0 -0.000507
2905 0 0 -0.000521
2910 0 0 -0.000520
2915 0 0 -0.000479
2920 0 0 -0.000431
2925 0 0 -0.000420
2930 0 0 -0.000478
2935 0 0 -0.000568
2940 0 0 -0.000640
2945 0 0 -0.000656
2950 0 0 -0.000637
2955 0 0 -0.000620
2960 0 0 -0.000630
2965 0 0 -0.000657
2970 0 0 -0.000680
2975 0 0 -0.000684
2980 0 0 -0.000673
2985 0 0 -0.000660
2990 0 0 -0.000652
2995 0 0 -0.000647
3000 0 0 -0.000640
3005 0 0 -0.000629
3010 0 0 -0.000620
3015 0 0 -0.000620
3020 0 0 -0.000635
3025 0 0 -0.000658
3030 0 0 -0.000680
3035 0 0 -0.000693
3040 0 0 -0.000693
3045 0 0 -0.000680
3050 0 0 -0.000652
3055 0 0 -0.000617
3060 0 0 -0.000580
3065 0 0 -0.000550
3070 0 0 -0.000534
3075 0 0 -0.000540
3080 0 0 -0.000571
3085 0 0 -0.000617
3090 0 0 -0.000660
3095 0 0 -0.000687
3100 0 0 -0.000690
3105 0 0 -0.000660
3110 0 0 -0.000597
3115 0 0 -0.000532
3120 0 0 -0.000500
3125 0 0 -0.000526
3130 0 0 -0.000580
3135 0 0 -0.000620
3140 0 0 -0.000613
3145 0 0 -0.000567
3150 0 0 -0.000500
3155 0 0 -0.000430
3160 0 0 -0.000372
3165 0 0 -0.000340
3170 0 0 -0.000344
3175 0 0 -0.000375
3180 0 0 -0.000420
3185 0 0 -0.000465
3190 0 0 -0.000491
3195 0 0 -0.000480
3200 0 0 -0.000420
3205 0 0 -0.000336
3210 0 0 -0.000260
3215 0 0 -0.000217
3220 0 0 -0.000206
3225 0 0 -0.000220
3230 0 0 -0.000248
3235 0 0 -0.000274
3240 0 0 -0.000280
3245 0 0 -0.000254
3250 0 0 -0.000218
3255 0 0 -0.000200
3260 0 0 -0.000221
3265 0 0 -0.000274
3270 0 0 -0.000340
3275 0 0 -0.000404
3280 0 0 -0.000450
3285 0 0 -0.000460
3290 0 0 -0.000426
3295 0 0 -0.000375
3300 0 0 -0.000340
3305 0 0 -0.000347
3310 0 0 -0.000386
3315 0 0 -0.000440
3320 0 0 -0.000499
3325 0 0 -0.000593
3330 0 0 -0.000760
3335 0 0 -0.001012
3340 0 0 -0.001253
3345 0 0 -0.001360
3350 0 0 -0.001252
3355 0 0 -0.001016
3360 0 0 -0.000780
3365 0 0 -0.000645
3370 0 0 -0.000608
3375 0 0 -0.000640
3380 0 0 -0.000708
3385 0 0 -0.000775
3390 0 0 -0.000800
3395 0 0 -0.000762
3400 0 0 -0.000717
3405 0 0 -0.000740
3410 0 0 -0.000876
3415 0 0 -0.001046
3420 0 0 -0.001140
3425 0 0 -0.001089
3430 0 0 -0.000979
3435 0 0 -0.000940
3440 0 0 -0.001054
3445 0 0 -0.001232
3450 0 0 -0.001340
3455 0 0 -0.001291
3460 0 0 -0.001188
3465 0 0 -0.001180
3470 0 0 -0.001383
3475 0 0 -0.001775
3480 0 0 -0.002300
3485 0 0 -0.002894
3490 0 0 -0.003461
3495 0 0 -0.003900
3500 0 0 -0.004133
3505 0 0 -0.004183
3510 0 0 -0.004100
3515 0 0 -0.003932
3520 0 0 -0.003728
3525 0 0 -0.003540
3530 0 0 -0.003398
3535 0 0 -0.003254
3540 0 0 -0.003040
3545 0 0 -0.002706
3550 0 0 -0.002273
3555 0 0 -0.001780
3560 0 0 -0.001304
3565 0 0 -0.001074
3570 0 0 -0.001360
3575 0 0 -0.002297
3580 0 0 -0.003497
3585 0 0 -0.004440
3590 0 0 -0.004745
3595 0 0 -0.004587
3600 0 0 -0.004280
3605 0 0 -0.004079
3610 0 0 -0.003995
3615 0 0 -0.003980
3620 0 0 -0.003968
3625 0 0 -0.003825
3630 0 0 -0.003400
3635 0 0 -0.002632
3640 0 0 -0.001821
3645 0 0 -0.001360
3650 0 0 -0.001506
3655 0 0 -0.001988
3660 0 0 -0.002400
3665 0 0 -0.002458
3670 0 0 -0.002359
3675 0 0 -0.002420
3680 0 0 -0.002854
3685 0 0 -0.003457
3690 0 0 -0.003920
3695 0 0 -0.004024
3700 0 0 -0.003903
3705 0 0 -0.003780
3710 0 0 -0.003812
3715 0 0 -0.003900
3720 0 0 -0.003880
3725 0 0 -0.003642
3730 0 0 -0.003294
3735 0 0 -0.003000
3740 0 0 -0.002867
3745 0 0 -0.002778
3750 0 0 -0.002560
3755 0 0 -0.002102
3760 0 0 -0.001541
3765 0 0 -0.001080
3770 0 0 -0.000887
3775 0 0 -0.001009
3780 0 0 -0.001460
3785 0 0 -0.002203
3790 0 0 -0.002994
3795 0 0 -0.003540
3800 0 0 -0.003634
3805 0 0 -0.003428
3810 0 0 -0.003160
3815 0 0 -0.003023
3820 0 0 -0.003013
3825 0 0 -0.003080
3830 0 0 -0.003155
3835 0 0 -0.003105
3840 0 0 -0.002780
3845 0 0 -0.002103
3850 0 0 -0.001293
3855 0 0 -0.000640
3860 0 0 -0.000366
3865 0 0 -0.000410
3870 0 0 -0.000640
3875 0 0 -0.000932
3880 0 0 -0.001193
3885 0 0 -0.001340
3890 0 0 -0.001334
3895 0 0 -0.001318
3900 0 0 -0.001480
3905 0 0 -0.001931
3910 0 0 -0.002475
3915 0 0 -0.002840
3920 0 0 -0.002830
3925 0 0 -0.002550
3930 0 0 -0.002180
3935 0 0 -0.001864
3940 0 0 -0.001602
3945 0 0 -0.001360
3950 0 0 -0.001132
3955 0 0 -0.001036
3960 0 0 -0.001220
3965 0 0 -0.001763
3970 0 0 -0.002461
3975 0 0 -0.003040
3980 0 0 -0.003299
3985 0 0 -0.003330
3990 0 0 -0.003300
3995 0 0 -0.003339
4000 0 0 -0.003434
4005 0 0 -0.003540
4010 0 0 -0.003617
4015 0 0 -0.003662
4020 0 0 -0.003680
4025 0 0 -0.003676
4030 0 0 -0.003650
4035 0 0 -0.003600
4040 0 0 -0.003529
4045 0 0 -0.003450
4050 0 0 -0.003380
4055 0 0 -0.003327
4060 0 0 -0.003270
4065 0 0 -0.003180
4070 0 0 -0.003051
4075 0 0 -0.002958
4080 0 0 -0.003000
4085 0 0 -0.003232
4090 0 0 -0.003543
4095 0 0 -0.003780
4100 0 0 -0.003834
4105 0 0 -0.003776
4110 0 0 -0.003720
4115 0 0 -0.003753
4120 0 0 -0.003840
4125 0 0 -0.003920
4130 0 0 -0.003928
4135 0 0 -0.003797
4140 0 0 -0.003460
4145 0 0 -0.002892
4150 0 0 -0.002236
4155 0 0 -0.001680
4160 0 0 -0.001368
4165 0 0 -0.001271
4170 0 0 -0.001320
4175 0 0 -0.001443
4180 0 0 -0.001562
4185 0 0 -0.001600
4190 0 0 -0.001507
4195 0 0 -0.001349
4200 0 0 -0.001220
4205 0 0 -0.001189
4210 0 0 -0.001222
4215 0 0 -0.001260
4220 0 0 -0.001259
4225 0 0 -0.001235
4230 0 0 -0.001220
4235 0 0 -0.001235
4240 0 0 -0.001258
4245 0 0 -0.001260
4250 0 0 -0.001223
4255 0 0 -0.001191
4260 0 0 -0.001220
4265 0 0 -0.001345
4270 0 0 -0.001506
4275 0 0 -0.001620
4280 0 0 -0.001627
4285 0 0 -0.001551
4290 0 0 -0.001440
4295 0 0 -0.001334
4300 0 0 -0.001256
4305 0 0 -0.001220
4310 0 0 -0.001234
4315 0 0 -0.001267
4320 0 0 -0.001280
4325 0 0 -0.001245
4330 0 0 -0.001181
4335 0 0 -0.001120
4340 0 0 -0.001084
4345 0 0 -0.001053
4350 0 0 -0.001000
4355 0 0 -0.000904
4360 0 0 -0.000788
4365 0 0 -0.000680
4370 0 0 -0.000606
4375 0 0 -0.000568
4380 0 0 -0.000560
4385 0 0 -0.000577
4390 0 0 -0.000607
4395 0 0 -0.000640
4400 0 0 -0.000665
4405 0 0 -0.000684
4410 0 0 -0.000700
4415 0 0 -0.000715
4420 0 0 -0.000724
4425 0 0 -0.000720
4430 0 0 -0.000700
4435 0 0 -0.000675
4440 0 0 -0.000660
4445 0 0 -0.000663
4450 0 0 -0.000675
4455 0 0 -0.000680
4460 0 0 -0.000668
4465 0 0 -0.000650
4470 0 0 -0.000640
4475 0 0 -0.000649
4480 0 0 -0.000662
4485 0 0 -0.000660
4490 0 0 -0.000630
4495 0 0 -0.000589
4500 0 0 -0.000560
4505 0 0 -0.000561
4510 0 0 -0.000586
4515 0 0 -0.000620
4520 0 0 -0.000653
4525 0 0 -0.000680
4530 0 0 -0.000700
4535 0 0 -0.000710
4540 0 0 -0.000704
4545 0 0 -0.000680
4550 0 0 -0.000635
4555 0 0 -0.000583
4560 0 0 -0.000540
4565 0 0 -0.000521
4570 0 0 -0.000528
4575 0 0 -0.000560
4580 0 0 -0.000611
4585 0 0 -0.000649
4590 0 0 -0.000640
4595 0 0 -0.000561
4600 0 0 -0.000450
4605 0 0 -0.000360
4610 0 0 -0.000332
4615 0 0 -0.000353
4620 0 0 -0.000400
4625 0 0 -0.000450
4630 0 0 -0.000488
4635 0 0 -0.000500
4640 0 0 -0.000477
4645 0 0 -0.000432
4650 0 0 -0.000380
4655 0 0 -0.000339
4660 0 0 -0.000321
4665 0 0 -0.000340
4670 0 0 -0.000399
4675 0 0 -0.000465
4680 0 0 -0.000500
4685 0 0 -0.000475
4690 0 0 -0.000416
4695 0 0 -0.000360
4700 0 0 -0.000338
4705 0 0 -0.000349
4710 0 0 -0.000380
4715 0 0 -0.000421
4720 0 0 -0.000459
4725 0 0 -0.000480
4730 0 0 -0.000473
4735 0 0 -0.000443
4740 0 0 -0.000400
4745 0 0 -0.000355
4750 0 0 -0.000333
4755 0 0 -0.000360
4760 0 0 -0.000450
4765 0 0 -0.000561
4770 0 0 -0.000640
4775 0 0 -0.000646
4780 0 0 -0.000601
4785 0 0 -0.000540
4790 0 0 -0.000494
4795 0 0 -0.000472
4800 0 0 -0.000480
4805 0 0 -0.000518
4810 0 0 -0.000571
4815 0 0 -0.000620
4820 0 0 -0.000648
4825 0 0 -0.000649
4830 0 0 -0.000620
4835 0 0 -0.000566
4840 0 0 -0.000534
4845 0 0 -0.000580
4850 0 0 -0.000733
4855 0 0 -0.000914
4860 0 0 -0.001020
4865 0 0 -0.000980
4870 0 0 -0.000860
4875 0 0 -0.000760
4880 0 0 -0.000758
4885 0 0 -0.000837
4890 0 0 -0.000960
4895 0 0 -0.001105
4900 0 0 -0.001328
4905 0 0 -0.001700
4910 0 0 -0.002234
4915 0 0 -0.002693
4920 0 0 -0.002780
4925 0 0 -0.002311
4930 0 0 -0.001556
4935 0 0 -0.000900
4940 0 0 -0.000630
4945 0 0 -0.000649
4950 0 0 -0.000760
4955 0 0 -0.000806
4960 0 0 -0.000777
4965 0 0 -0.000700
4970 0 0 -0.000608
4975 0 0 -0.000559
4980 0 0 -0.000620
4985 0 0 -0.000822
4990 0 0 -0.001066
4995 0 0 -0.001220
5000 0 0 -0.001192
5005 0 0 -0.001055
5010 0 0 -0.000920
5015 0 0 -0.000871
5020 0 0 -0.000878
5025 0 0 -0.000880
5030 0 0 -0.000835
5035 0 0 -0.000768
5040 0 0 -0.000720
5045 0 0 -0.000722
5050 0 0 -0.000758
5055 0 0 -0.000800
5060 0 0 -0.000829
5065 0 0 -0.000866
5070 0 0 -0.000940
5075 0 0 -0.001065
5080 0 0 -0.001188
5085 0 0 -0.001240
5090 0 0 -0.001175
5095 0 0 -0.001033
5100 0 0 -0.000880
5105 0 0 -0.000766
5110 0 0 -0.000695
5115 0 0 -0.000660
5120 0 0 -0.000647
5125 0 0 -0.000626
5130 0 0 -0.000560
5135 0 0 -0.000441
5140 0 0 -0.000371
5145 0 0 -0.000480
5150 0 0 -0.000838
5155 0 0 -0.001275
5160 0 0 -0.001560
5165 0 0 -0.001530
5170 0 0 -0.001287
5175 0 0 -0.001000
5180 0 0 -0.000806
5185 0 0 -0.000714
5190 0 0 -0.000700
5195 0 0 -0.000737
5200 0 0 -0.000780
5205 0 0 -0.000780
5210 0 0 -0.000706
5215 0 0 -0.000599
5220 0 0 -0.000520
5225 0 0 -0.000508
5230 0 0 -0.000516
5235 0 0 -0.000480
5240 0 0 -0.000377
5245 0 0 -0.000368
5250 0 0 -0.000660
5255 0 0 -0.001363
5260 0 0 -0.002210
5265 0 0 -0.002840
5270 0 0 -0.002985
5275 0 0 -0.002756
5280 0 0 -0.002360
5285 0 0 -0.001978
5290 0 0 -0.001692
5295 0 0 -0.001560
5300 0 0 -0.001611
5305 0 0 -0.001767
5310 0 0 -0.001920
5315 0 0 -0.001983
5320 0 0 -0.001947
5325 0 0 -0.001820
5330 0 0 -0.001621
5335 0 0 -0.001402
5340 0 0 -0.001220
5345 0 0 -0.001121
5350 0 0 -0.001085
5355 0 0 -0.001080
5360 0 0 -0.001077
5365 0 0 -0.001071
5370 0 0 -0.001060
5375 0 0 -0.001046
5380 0 0 -0.001036
5385 0 0 -0.001040
5390 0 0 -0.001062
5395 0 0 -0.001083
5400 0 0 -0.001080
5405 0 0 -0.001042
5410 0 0 -0.001016
5415 0 0 -0.001060
5420 0 0 -0.001208
5425 0 0 -0.001388
5430 0 0 -0.001500
5435 0 0 -0.001476
5440 0 0 -0.001364
5445 0 0 -0.001240
5450 0 0 -0.001168
5455 0 0 -0.001151
5460 0 0 -0.001180
5465 0 0 -0.001239
5470 0 0 -0.001292
5475 0 0 -0.001300
5480 0 0 -0.001237
5485 0 0 -0.001140
5490 0 0 -0.001060
5495 0 0 -0.001036
5500 0 0 -0.001052
5505 0 0 -0.001080
5510 0 0 -0.001096
5515 0 0 -0.001101
5520 0 0 -0.001100
5525 0 0 -0.001097
5530 0 0 -0.001086
5535 0 0 -0.001060
5540 0 0 -0.001014
5545 0 0 -0.000962
5550 0 0 -0.000920
5555 0 0 -0.000901
5560 0 0 -0.000898
5565 0 0 -0.000900
5570 0 0 -0.000899
5575 0 0 -0.000898
5580 0 0 -0.000900
5585 0 0 -0.000907
5590 0 0 -0.000906
5595 0 0 -0.000880
5600 0 0 -0.000822
5605 0 0 -0.000758
5610 0 0 -0.000720
5615 0 0 -0.000733
5620 0 0 -0.000781
5625 0 0 -0.000840
5630 0 0 -0.000888
5635 0 0 -0.000917
5640 0 0 -0.000920
5645 0 0 -0.000894
5650 0 0 -0.000850
5655 0 0 -0.000800
5660 0 0 -0.000757
5665 0 0 -0.000733
5670 0 0 -0.000740
5675 0 0 -0.000783
5680 0 0 -0.000844
5685 0 0 -0.000900
5690 0 0 -0.000932
5695 0 0 -0.000933
5700 0 0 -0.000900
5705 0 0 -0.000836
5710 0 0 -0.000766
5715 0 0 -0.000720
5720 0 0 -0.000721
5725 0 0 -0.000760
5730 0 0 -0.000820
5735 0 0 -0.000883
5740 0 0 -0.000920
5745 0 0 -0.000900
5750 0 0 -0.000816
5755 0 0 -0.000757
5760 0 0 -0.000840
5765 0 0 -0.001128
5770 0 0 -0.001484
5775 0 0 -0.001720
5780 0 0 -0.001702
5785 0 0 -0.001510
5790 0 0 -0.001280
5795 0 0 -0.001119
5800 0 0 -0.001022
5805 0 0 -0.000960
5810 0 0 -0.000904
5815 0 0 -0.000846
5820 0 0 -0.000780
5825 0 0 -0.000706
5830 0 0 -0.000645
5835 0 0 -0.000620
5840 0 0 -0.000647
5845 0 0 -0.000699
5850 0 0 -0.000740
5855 0 0 -0.000743
5860 0 0 -0.000722
5865 0 0 -0.000700
5870 0 0 -0.000694
5875 0 0 -0.000698
5880 0 0 -0.000700
5885 0 0 -0.000692
5890 0 0 -0.000682
5895 0 0 -0.000680
5900 0 0 -0.000694
5905 0 0 -0.000713
5910 0 0 -0.000720
5915 0 0 -0.000704
5920 0 0 -0.000668
5925 0 0 -0.000620
5930 0 0 -0.000571
5935 0 0 -0.000537
5940 0 0 -0.000540
5945 0 0 -0.000589
5950 0 0 -0.000655
5955 0 0 -0.000700
5960 0 0 -0.000699
5965 0 0 -0.000674
5970 0 0 -0.000660
5975 0 0 -0.000680
5980 0 0 -0.000707
5985 0 0 -0.000700
5990 0 0 -0.000634
5995 0 0 -0.000539
6000 0 0 -0.000460
6005 0 0 -0.000431
6010 0 0 -0.000438
6015 0 0 -0.000460
6020 0 0 -0.000475
6025 0 0 -0.000471
6030 0 0 -0.000440
6035 0 0 -0.000381
6040 0 0 -0.000322
6045 0 0 -0.000300
6050 0 0 -0.000337
6055 0 0 -0.000405
6060 0 0 -0.000460
6065 0 0 -0.000471
6070 0 0 -0.000445
6075 0 0 -0.000400
6080 0 0 -0.000354
6085 0 0 -0.000322
6090 0 0 -0.000320
6095 0 0 -0.000356
6100 0 0 -0.000411
6105 0 0 -0.000460
6110 0 0 -0.000482
6115 0 0 -0.000475
6120 0 0 -0.000440
6125 0 0 -0.000384
6130 0 0 -0.000334
6135 0 0 -0.000320
6140 0 0 -0.000362
6145 0 0 -0.000430
6150 0 0 -0.000480
6155 0 0 -0.000482
6160 0 0 -0.000447
6165 0 0 -0.000400
6170 0 0 -0.000361
6175 0 0 -0.000338
6180 0 0 -0.000340
6185 0 0 -0.000369
6190 0 0 -0.000419
6195 0 0 -0.000480
6200 0 0 -0.000542
6205 0 0 -0.000598
6210 0 0 -0.000640
6215 0 0 -0.000663
6220 0 0 -0.000679
6225 0 0 -0.000700
6230 0 0 -0.000735
6235 0 0 -0.000768
6240 0 0 -0.000780
6245 0 0 -0.000756
6250 0 0 -0.000709
6255 0 0 -0.000660
6260 0 0 -0.000628
6265 0 0 -0.000630
6270 0 0 -0.000680
6275 0 0 -0.000783
6280 0 0 -0.000900
6285 0 0 -0.000980
6290 0 0 -0.000986
6295 0 0 -0.000925
6300 0 0 -0.000820
6305 0 0 -0.000698
6310 0 0 -0.000616
6315 0 0 -0.000640
6320 0 0 -0.000804
6325 0 0 -0.001018
6330 0 0 -0.001160
6335 0 0 -0.001146
6340 0 0 -0.001034
6345 0 0 -0.000920
6350 0 0 -0.000877
6355 0 0 -0.000884
6360 0 0 -0.000900
6365 0 0 -0.000893
6370 0 0 -0.000877
6375 0 0 -0.000880
6380 0 0 -0.000916
6385 0 0 -0.000956
6390 0 0 -0.000960
6395 0 0 -0.000902
6400 0 0 -0.000818
6405 0 0 -0.000760
6410 0 0 -0.000765
6415 0 0 -0.000810
6420 0 0 -0.000860
6425 0 0 -0.000884
6430 0 0 -0.000872
6435 0 0 -0.000820
6440 0 0 -0.000735
6445 0 0 -0.000668
6450 0 0 -0.000680
6455 0 0 -0.000811
6460 0 0 -0.001014
6465 0 0 -0.001220
6470 0 0 -0.001367
6475 0 0 -0.001417
6480 0 0 -0.001340
6485 0 0 -0.001125
6490 0 0 -0.000846
6495 0 0 -0.000600
6500 0 0 -0.000462
6505 0 0 -0.000430
6510 0 0 -0.000480
6515 0 0 -0.000585
6520 0 0 -0.000696
6525 0 0 -0.000760
6530 0 0 -0.000737
6535 0 0 -0.000652
6540 0 0 -0.000540
6545 0 0 -0.000438
6550 0 0 -0.000365
6555 0 0 -0.000340
6560 0 0 -0.000371
6565 0 0 -0.000430
6570 0 0 -0.000480
6575 0 0 -0.000492
6580 0 0 -0.000469
6585 0 0 -0.000420
6590 0 0 -0.000361
6595 0 0 -0.000323
6600 0 0 -0.000340
6605 0 0 -0.000431
6610 0 0 -0.000547
6615 0 0 -0.000620
6620 0 0 -0.000604
6625 0 0 -0.000538
6630 0 0 -0.000480
6635 0 0 -0.000474
6640 0 0 -0.000500
6645 0 0 -0.000520
6650 0 0 -0.000518
6655 0 0 -0.000552
6660 0 0 -0.000700
6665 0 0 -0.001009
6670 0 0 -0.001404
6675 0 0 -0.001780
6680 0 0 -0.002054
6685 0 0 -0.002231
6690 0 0 -0.002340
6695 0 0 -0.002406
6700 0 0 -0.002453
6705 0 0 -0.002500
6710 0 0 -0.002561
6715 0 0 -0.002617
6720 0 0 -0.002640
6725 0 0 -0.002616
6730 0 0 -0.002579
6735 0 0 -0.002580
6740 0 0 -0.002637
6745 0 0 -0.002652
6750 0 0 -0.002500
6755 0 0 -0.002117
6760 0 0 -0.001698
6765 0 0 -0.001500
6770 0 0 -0.001690
6775 0 0 -0.002067
6780 0 0 -0.002340
6785 0 0 -0.002295
6790 0 0 -0.002025
6795 0 0 -0.001700
6800 0 0 -0.001459
6805 0 0 -0.001313
6810 0 0 -0.001240
6815 0 0 -0.001219
6820 0 0 -0.001231
6825 0 0 -0.001260
6830 0 0 -0.001289
6835 0 0 -0.001306
6840 0 0 -0.001300
6845 0 0 -0.001265
6850 0 0 -0.001213
6855 0 0 -0.001160
6860 0 0 -0.001122
6865 0 0 -0.001106
6870 0 0 -0.001120
6875 0 0 -0.001166
6880 0 0 -0.001231
6885 0 0 -0.001300
6890 0 0 -0.001357
6895 0 0 -0.001388
6900 0 0 -0.001380
6905 0 0 -0.001329
6910 0 0 -0.001268
6915 0 0 -0.001240
6920 0 0 -0.001272
6925 0 0 -0.001329
6930 0 0 -0.001360
6935 0 0 -0.001330
6940 0 0 -0.001258
6945 0 0 -0.001180
6950 0 0 -0.001124
6955 0 0 -0.001096
6960 0 0 -0.001100
6965 0 0 -0.001132
6970 0 0 -0.001173
6975 0 0 -0.001200
6980 0 0 -0.001194
6985 0 0 -0.001158
6990 0 0 -0.001100
6995 0 0 -0.001032
7000 0 0 -0.000986
7005 0 0 -0.001000
7010 0 0 -0.001094
7015 0 0 -0.001222
7020 0 0 -0.001320
7025 0 0 -0.001343
7030 0 0 -0.001320
7035 0 0 -0.001300
7040 0 0 -0.001317
7045 0 0 -0.001344
7050 0 0 -0.001340
7055 0 0 -0.001279
7060 0 0 -0.001191
7065 0 0 -0.001120
7070 0 0 -0.001099
7075 0 0 -0.001109
7080 0 0 -0.001120
7085 0 0 -0.001110
7090 0 0 -0.001091
7095 0 0 -0.001080
7100 0 0 -0.001091
7105 0 0 -0.001111
7110 0 0 -0.001120
7115 0 0 -0.001103
7120 0 0 -0.001061
7125 0 0 -0.001000
7130 0 0 -0.000935
7135 0 0 -0.000916
7140 0 0 -0.001000
7145 0 0 -0.001213
7150 0 0 -0.001451
7155 0 0 -0.001580
7160 0 0 -0.001508
7165 0 0 -0.001319
7170 0 0 -0.001140
7175 0 0 -0.001067
7180 0 0 -0.001068
7185 0 0 -0.001080
7190 0 0 -0.001054
7195 0 0 -0.000994
7200 0 0 -0.000920
7205 0 0 -0.000849
7210 0 0 -0.000803
7215 0 0 -0.000800
7220 0 0 -0.000848
7225 0 0 -0.000896
7230 0 0 -0.000880
7235 0 0 -0.000762
7240 0 0 -0.000606
7245 0 0 -0.000500
7250 0 0 -0.000506
7255 0 0 -0.000577
7260 0 0 -0.000640
7265 0 0 -0.000640
7270 0 0 -0.000604
7275 0 0 -0.000580
7280 0 0 -0.000600
7285 0 0 -0.000645
7290 0 0 -0.000680
7295 0 0 -0.000680
7300 0 0 -0.000660
7305 0 0 -0.000640
7310 0 0 -0.000639
7315 0 0 -0.000649
7320 0 0 -0.000660
7325 0 0 -0.000661
7330 0 0 -0.000654
7335 0 0 -0.000640
7340 0 0 -0.000622
7345 0 0 -0.000597
7350 0 0 -0.000560
7355 0 0 -0.000511
7360 0 0 -0.000475
7365 0 0 -0.000480
7370 0 0 -0.000543
7375 0 0 -0.000626
7380 0 0 -0.000680
7385 0 0 -0.000668
7390 0 0 -0.000610
7395 0 0 -0.000540
7400 0 0 -0.000487
7405 0 0 -0.000464
7410 0 0 -0.000480
7415 0 0 -0.000536
7420 0 0 -0.000597
7425 0 0 -0.000620
7430 0 0 -0.000576
7435 0 0 -0.000490
7440 0 0 -0.000400
7445 0 0 -0.000339
7450 0 0 -0.000312
7455 0 0 -0.000320
7460 0 0 -0.000359
7465 0 0 -0.000412
7470 0 0 -0.000460
7475 0 0 -0.000487
7480 0 0 -0.000487
7485 0 0 -0.000460
7490 0 0 -0.000409
7495 0 0 -0.000364
7500 0 0 -0.000360
7505 0 0 -0.000417
7510 0 0 -0.000496
7515 0 0 -0.000540
7520 0 0 -0.000512
7525 0 0 -0.000443
7530 0 0 -0.000380
7535 0 0 -0.000360
7540 0 0 -0.000379
7545 0 0 -0.000420
7550 0 0 -0.000467
7555 0 0 -0.000500
7560 0 0 -0.000500
7565 0 0 -0.000456
7570 0 0 -0.000396
7575 0 0 -0.000360
7580 0 0 -0.000375
7585 0 0 -0.000419
7590 0 0 -0.000460
7595 0 0 -0.000472
7600 0 0 -0.000455
7605 0 0 -0.000420
7610 0 0 -0.000377
7615 0 0 -0.000348
7620 0 0 -0.000360
7625 0 0 -0.000424
7630 0 0 -0.000501
7635 0 0 -0.000540
7640 0 0 -0.000505
7645 0 0 -0.000429
7650 0 0 -0.000360
7655 0 0 -0.000336
7660 0 0 -0.000354
7665 0 0 -0.000400
7670 0 0 -0.000462
7675 0 0 -0.000536
7680 0 0 -0.000620
7685 0 0 -0.000708
7690 0 0 -0.000772
7695 0 0 -0.000780
7700 0 0 -0.000716
7705 0 0 -0.000628
7710 0 0 -0.000580
7715 0 0 -0.000619
7720 0 0 -0.000730
7725 0 0 -0.000880
7730 0 0 -0.001037
7735 0 0 -0.001173
7740 0 0 -0.001260
7745 0 0 -0.001278
7750 0 0 -0.001238
7755 0 0 -0.001160
7760 0 0 -0.001064
7765 0 0 -0.000975
7770 0 0 -0.000920
7775 0 0 -0.000915
7780 0 0 -0.000939
7785 0 0 -0.000960
7790 0 0 -0.000955
7795 0 0 -0.000930
7800 0 0 -0.000900
7805 0 0 -0.000878
7810 0 0 -0.000864
7815 0 0 -0.000860
7820 0 0 -0.000862
7825 0 0 -0.000860
7830 0 0 -0.000840
7835 0 0 -0.000797
7840 0 0 -0.000749
7845 0 0 -0.000720
7850 0 0 -0.000728
7855 0 0 -0.000756
7860 0 0 -0.000780
7865 0 0 -0.000788
7870 0 0 -0.000808
7875 0 0 -0.000880
7880 0 0 -0.001023
7885 0 0 -0.001172
7890 0 0 -0.001240
7895 0 0 -0.001170
7900 0 0 -0.001016
7905 0 0 -0.000860
7910 0 0 -0.000776
7915 0 0 -0.000800
7920 0 0 -0.000960
7925 0 0 -0.001249
7930 0 0 -0.001523
7935 0 0 -0.001600
7940 0 0 -0.001366
7945 0 0 -0.000958
7950 0 0 -0.000580
7955 0 0 -0.000386
7960 0 0 -0.000346
7965 0 0 -0.000380
7970 0 0 -0.000423
7975 0 0 -0.000463
7980 0 0 -0.000500
7985 0 0 -0.000535
7990 0 0 -0.000568
7995 0 0 -0.000600
8000 0 0 -0.000642
8005 0 0 -0.000747
8010 0 0 -0.000980
8015 0 0 -0.001360
8020 0 0 -0.001718
8025 0 0 -0.001840
8030 0 0 -0.001590
8035 0 0 -0.001150
8040 0 0 -0.000780
8045 0 0 -0.000672
8050 0 0 -0.000753
8055 0 0 -0.000880
8060 0 0 -0.000941
8065 0 0 -0.000937
8070 0 0 -0.000900
8075 0 0 -0.000857
8080 0 0 -0.000825
8085 0 0 -0.000820
8090 0 0 -0.000850
8095 0 0 -0.000903
8100 0 0 -0.000960
8105 0 0 -0.001005
8110 0 0 -0.001022
8115 0 0 -0.001000
8120 0 0 -0.000933
8125 0 0 -0.000853
8130 0 0 -0.000800
8135 0 0 -0.000804
8140 0 0 -0.000846
8145 0 0 -0.000900
8150 0 0 -0.000939
8155 0 0 -0.000949
8160 0 0 -0.000920
8165 0 0 -0.000849
8170 0 0 -0.000758
8175 0 0 -0.000680
8180 0 0 -0.000639
8185 0 0 -0.000640
8190 0 0 -0.000680
8195 0 0 -0.000755
8200 0 0 -0.000844
8205 0 0 -0.000920
8210 0 0 -0.000964
8215 0 0 -0.000976
8220 0 0 -0.000960
8225 0 0 -0.000924
8230 0 0 -0.000890
8235 0 0 -0.000880
8240 0 0 -0.000908
8245 0 0 -0.000942
8250 0 0 -0.000940
8255 0 0 -0.000885
8260 0 0 -0.000856
8265 0 0 -0.000960
8270 0 0 -0.001251
8275 0 0 -0.001588
8280 0 0 -0.001780
8285 0 0 -0.001701
8290 0 0 -0.001487
8295 0 0 -0.001340
8300 0 0 -0.001401
8305 0 0 -0.001569
8310 0 0 -0.001680
8315 0 0 -0.001617
8320 0 0 -0.001442
8325 0 0 -0.001260
8330 0 0 -0.001152
8335 0 0 -0.001100
8340 0 0 -0.001060
8345 0 0 -0.001002
8350 0 0 -0.000945
8355 0 0 -0.000920
8360 0 0 -0.000948
8365 0 0 -0.001006
8370 0 0 -0.001060
8375 0 0 -0.001083
8380 0 0 -0.001074
8385 0 0 -0.001040
8390 0 0 -0.000988
8395 0 0 -0.000941
8400 0 0 -0.000920
8405 0 0 -0.000942
8410 0 0 -0.000991
8415 0 0 -0.001040
8420 0 0 -0.001070
8425 0 0 -0.001076
8430 0 0 -0.001060
8435 0 0 -0.001025
8440 0 0 -0.000991
8445 0 0 -0.000980
8450 0 0 -0.001010
8455 0 0 -0.001078
8460 0 0 -0.001180
8465 0 0 -0.001301
8470 0 0 -0.001397
8475 0 0 -0.001420
8480 0 0 -0.001337
8485 0 0 -0.001190
8490 0 0 -0.001040
8495 0 0 -0.000938
8500 0 0 -0.000892
8505 0 0 -0.000900
8510 0 0 -0.000960
8515 0 0 -0.001063
8520 0 0 -0.001200
8525 0 0 -0.001354
8530 0 0 -0.001474
8535 0 0 -0.001500
8540 0 0 -0.001398
8545 0 0 -0.001234
8550 0 0 -0.001100
8555 0 0 -0.001066
8560 0 0 -0.001108
8565 0 0 -0.001180
8570 0 0 -0.001242
8575 0 0 -0.001278
8580 0 0 -0.001280
8585 0 0 -0.001241
8590 0 0 -0.001166
8595 0 0 -0.001060
8600 0 0 -0.000943
8605 0 0 -0.000888
8610 0 0 -0.000980
8615 0 0 -0.001262
8620 0 0 -0.001595
8625 0 0 -0.001800
8630 0 0 -0.001749
8635 0 0 -0.001539
8640 0 0 -0.001320
8645 0 0 -0.001202
8650 0 0 -0.001128
8655 0 0 -0.001000
8660 0 0 -0.000758
8665 0 0 -0.000494
8670 0 0 -0.000340
8675 0 0 -0.000385
8680 0 0 -0.000551
8685 0 0 -0.000720
8690 0 0 -0.000799
8695 0 0 -0.000794
8700 0 0 -0.000740
8705 0 0 -0.000668
8710 0 0 -0.000606
8715 0 0 -0.000580
8720 0 0 -0.000606
8725 0 0 -0.000659
8730 0 0 -0.000700
8735 0 0 -0.000703
8740 0 0 -0.000682
8745 0 0 -0.000660
8750 0 0 -0.000656
8755 0 0 -0.000665
8760 0 0 -0.000680
8765 0 0 -0.000690
8770 0 0 -0.000687
8775 0 0 -0.000660
8780 0 0 -0.000605
8785 0 0 -0.000543
8790 0 0 -0.000500
8795 0 0 -0.000494
8800 0 0 -0.000519
8805 0 0 -0.000560
8810 0 0 -0.000603
8815 0 0 -0.000634
8820 0 0 -0.000640
8825 0 0 -0.000614
8830 0 0 -0.000574
8835 0 0 -0.000540
8840 0 0 -0.000532
8845 0 0 -0.000553
8850 0 0 -0.000600
8855 0 0 -0.000667
8860 0 0 -0.000730
8865 0 0 -0.000760
8870 0 0 -0.000736
8875 0 0 -0.000669
8880 0 0 -0.000580
8885 0 0 -0.000489
8890 0 0 -0.000415
8895 0 0 -0.000380
8900 0 0 -0.000394
8905 0 0 -0.000431
8910 0 0 -0.000460
8915 0 0 -0.000454
8920 0 0 -0.000422
8925 0 0 -0.000380
8930 0 0 -0.000344
8935 0 0 -0.000327
8940 0 0 -0.000340
8945 0 0 -0.000387
8950 0 0 -0.000440
8955 0 0 -0.000460
8960 0 0 -0.000425
8965 0 0 -0.000363
8970 0 0 -0.000320
8975 0 0 -0.000326
8980 0 0 -0.000368
8985 0 0 -0.000420
8990 0 0 -0.000459
8995 0 0 -0.000474
9000 0 0 -0.000460
9005 0 0 -0.000415
9010 0 0 -0.000360
9015 0 0 -0.000320
9020 0 0 -0.000316
9025 0 0 -0.000340
9030 0 0 -0.000380
9035 0 0 -0.000421
9040 0 0 -0.000446
9045 0 0 -0.000440
9050 0 0 -0.000394
9055 0 0 -0.000336
9060 0 0 -0.000300
9065 0 0 -0.000312
9070 0 0 -0.000355
9075 0 0 -0.000400
9080 0 0 -0.000423
9085 0 0 -0.000423
9090 0 0 -0.000400
9095 0 0 -0.000361
9100 0 0 -0.000326
9105 0 0 -0.000320
9110 0 0 -0.000356
9115 0 0 -0.000408
9120 0 0 -0.000440
9125 0 0 -0.000426
9130 0 0 -0.000384
9135 0 0 -0.000340
9140 0 0 -0.000319
9145 0 0 -0.000330
9150 0 0 -0.000380
9155 0 0 -0.000472
9160 0 0 -0.000591
9165 0 0 -0.000720
9170 0 0 -0.000845
9175 0 0 -0.000964
9180 0 0 -0.001080
9185 0 0 -0.001212
9190 0 0 -0.001449
9195 0 0 -0.001900
9200 0 0 -0.002600
9205 0 0 -0.003300
9210 0 0 -0.003680
9215 0 0 -0.003517
9220 0 0 -0.002982
9225 0 0 -0.002340
9230 0 0 -0.001826
9235 0 0 -0.001538
9240 0 0 -0.001540
9245 0 0 -0.001863
9250 0 0 -0.002403
9255 0 0 -0.003020
9260 0 0 -0.003586
9265 0 0 -0.004007
9270 0 0 -0.004200
9275 0 0 -0.004122
9280 0 0 -0.003894
9285 0 0 -0.003680
9290 0 0 -0.003599
9295 0 0 -0.003598
9300 0 0 -0.003580
9305 0 0 -0.003474
9310 0 0 -0.003314
9315 0 0 -0.003160
9320 0 0 -0.003067
9325 0 0 -0.003075
9330 0 0 -0.003220
9335 0 0 -0.003508
9340 0 0 -0.003824
9345 0 0 -0.004020
9350 0 0 -0.004002
9355 0 0 -0.003876
9360 0 0 -0.003800
9365 0 0 -0.003887
9370 0 0 -0.004071
9375 0 0 -0.004240
9380 0 0 -0.004302
9385 0 0 -0.004237
9390 0 0 -0.004040
9395 0 0 -0.003724
9400 0 0 -0.003361
9405 0 0 -0.003040
9410 0 0 -0.002820
9415 0 0 -0.002652
9420 0 0 -0.002460
9425 0 0 -0.002201
9430 0 0 -0.001971
9435 0 0 -0.001900
9440 0 0 -0.002066
9445 0 0 -0.002344
9450 0 0 -0.002560
9455 0 0 -0.002593
9460 0 0 -0.002547
9465 0 0 -0.002580
9470 0 0 -0.002801
9475 0 0 -0.003116
9480 0 0 -0.003380
9485 0 0 -0.003490
9490 0 0 -0.003509
9495 0 0 -0.003540
9500 0 0 -0.003648
9505 0 0 -0.003739
9510 0 0 -0.003680
9515 0 0 -0.003397
9520 0 0 -0.003046
9525 0 0 -0.002840
9530 0 0 -0.002927
9535 0 0 -0.003189
9540 0 0 -0.003440
9545 0 0 -0.003543
9550 0 0 -0.003554
9555 0 0 -0.003580
9560 0 0 -0.003684
9565 0 0 -0.003770
9570 0 0 -0.003700
9575 0 0 -0.003409
9580 0 0 -0.003117
9585 0 0 -0.003120
9590 0 0 -0.003580
9595 0 0 -0.004142
9600 0 0 -0.004320
9605 0 0 -0.003789
9610 0 0 -0.002863
9615 0 0 -0.002020
9620 0 0 -0.001632
9625 0 0 -0.001659
9630 0 0 -0.001960
9635 0 0 -0.002414
9640 0 0 -0.002980
9645 0 0 -0.003640
9650 0 0 -0.004340
9655 0 0 -0.004889
9660 0 0 -0.005060
9665 0 0 -0.004722
9670 0 0 -0.004121
9675 0 0 -0.003600
9680 0 0 -0.003408
9685 0 0 -0.003425
9690 0 0 -0.003440
9695 0 0 -0.003300
9700 0 0 -0.003087
9705 0 0 -0.002940
9710 0 0 -0.002945
9715 0 0 -0.002968
9720 0 0 -0.002820
9725 0 0 -0.002378
9730 0 0 -0.001787
9735 0 0 -0.001260
9740 0 0 -0.000960
9745 0 0 -0.000848
9750 0 0 -0.000840
9755 0 0 -0.000861
9760 0 0 -0.000895
9765 0 0 -0.000940
9770 0 0 -0.000990
9775 0 0 -0.001035
9780 0 0 -0.001060
9785 0 0 -0.001058
9790 0 0 -0.001039
9795 0 0 -0.001020
9800 0 0 -0.001011
9805 0 0 -0.001003
9810 0 0 -0.000980
9815 0 0 -0.000935
9820 0 0 -0.000896
9825 0 0 -0.000900
9830 0 0 -0.000969
9835 0 0 -0.001066
9840 0 0 -0.001140
9845 0 0 -0.001151
9850 0 0 -0.001115
9855 0 0 -0.001060
9860 0 0 -0.001009
9865 0 0 -0.000969
9870 0 0 -0.000940
9875 0 0 -0.000923
9880 0 0 -0.000917
9885 0 0 -0.000920
9890 0 0 -0.000926
9895 0 0 -0.000919
9900 0 0 -0.000880
9905 0 0 -0.000804
9910 0 0 -0.000747
9915 0 0 -0.000780
9920 0 0 -0.000944
9925 0 0 -0.001160
9930 0 0 -0.001320
9935 0 0 -0.001344
9940 0 0 -0.001269
9945 0 0 -0.001160
9950 0 0 -0.001071
9955 0 0 -0.001012
9960 0 0 -0.000980
9965 0 0 -0.000972
9970 0 0 -0.000981
9975 0 0 -0.001000
9980 0 0 -0.001024
9985 0 0 -0.001055
9990 0 0 -0.001100
9995 0 0 -0.001156
10000 0 0 -0.001194
10005 0 0 -0.001180
10010 0 0 -0.001105
10015 0 0 -0.001069
10020 0 0 -0.001200
10025 0 0 -0.001563
10030 0 0 -0.001967
10035 0 0 -0.002160
10040 0 0 -0.001973
10045 0 0 -0.001574
10050 0 0 -0.001220
10055 0 0 -0.001103
10060 0 0 -0.001173
10065 0 0 -0.001320
10070 0 0 -0.001434
10075 0 0 -0.001404
