0 0 0 0.340000
5 0 0 0.405203
10 0 0 0.443718
15 0 0 0.460000
20 0 0 0.458504
25 0 0 0.443685
30 0 0 0.420000
35 0 0 0.393373
40 0 0 0.375614
45 0 0 0.380000
50 0 0 0.413928
55 0 0 0.461267
60 0 0 0.500000
65 0 0 0.513876
70 0 0 0.509690
75 0 0 0.500000
80 0 0 0.494271
85 0 0 0.489603
90 0 0 0.480000
95 0 0 0.460890
100 0 0 0.433381
105 0 0 0.400000
110 0 0 0.365871
115 0 0 0.346503
120 0 0 0.360000
125 0 0 0.414143
130 0 0 0.475421
135 0 0 0.500000
140 0 0 0.459038
145 0 0 0.383663
150 0 0 0.320000
155 0 0 0.304522
160 0 0 0.335110
165 0 0 0.400000
170 0 0 0.484357
175 0 0 0.561081
180 0 0 0.600000
185 0 0 0.583975
190 0 0 0.547975
195 0 0 0.540000
200 0 0 0.590856
205 0 0 0.662575
210 0 0 0.700000
215 0 0 0.665937
220 0 0 0.595057
225 0 0 0.540000
230 0 0 0.539471
235 0 0 0.576454
240 0 0 0.620000
245 0 0 0.643585
250 0 0 0.638384
255 0 0 0.600000
260 0 0 0.534338
265 0 0 0.488526
270 0 0 0.520000
275 0 0 0.662027
280 0 0 0.851214
285 0 0 1.000000
290 0 0 1.039034
295 0 0 0.971802
300 0 0 0.820000
305 0 0 0.621096
310 0 0 0.475651
315 0 0 0.500000
320 0 0 0.758065
325 0 0 1.104113
330 0 0 1.340000
335 0 0 1.322201
340 0 0 1.125674
345 0 0 0.880000
350 0 0 0.688689
355 0 0 0.550969
360 0 0 0.440000
365 0 0 0.337119
370 0 0 0.256376
375 0 0 0.220000
380 0 0 0.238390
385 0 0 0.274637
390 0 0 0.280000
395 0 0 0.223393
400 0 0 0.144336
405 0 0 0.100000
410 0 0 0.129518
415 0 0 0.199871
420 0 0 0.260000
425 0 0 0.271126
430 0 0 0.243586
435 0 0 0.200000
440 0 0 0.161534
445 0 0 0.143561
450 0 0 0.160000
455 0 0 0.215329
460 0 0 0.276245
465 0 0 0.300000
470 0 0 0.258631
475 0 0 0.183312
480 0 0 0.120000
485 0 0 0.104962
490 0 0 0.135694
495 0 0 0.200000
500 0 0 0.281521
505 0 0 0.347246
510 0 0 0.360000
515 0 0 0.299325
520 0 0 0.211620
525 0 0 0.160000
530 0 0 0.187846
535 0 0 0.259607
540 0 0 0.320000
545 0 0 0.329291
550 0 0 0.309950
555 0 0 0.300000
560 0 0 0.326843
565 0 0 0.375407
570 0 0 0.420000
575 0 0 0.439632
580 0 0 0.432124
585 0 0 0.400000
590 0 0 0.350184
595 0 0 0.307207
600 0 0 0.300000
605 0 0 0.344816
610 0 0 0.407195
615 0 0 0.440000
620 0 0 0.413516
625 0 0 0.367718
630 0 0 0.360000
635 0 0 0.428526
640 0 0 0.534527
645 0 0 0.620000
650 0 0 0.641267
655 0 0 0.611951
660 0 0 0.560000
665 0 0 0.511590
670 0 0 0.485815
675 0 0 0.500000
680 0 0 0.560522
685 0 0 0.629973
690 0 0 0.660000
695 0 0 0.618176
700 0 0 0.535775
705 0 0 0.460000
710 0 0 0.432702
715 0 0 0.474334
720 0 0 0.600000
725 0 0 0.804349
730 0 0 1.000221
735 0 0 1.080000
740 0 0 0.975827
745 0 0 0.778858
750 0 0 0.620000
755 0 0 0.593823
760 0 0 0.649534
765 0 0 0.700000
770 0 0 0.681473
775 0 0 0.623746
780 0 0 0.580000
785 0 0 0.589175
790 0 0 0.633259
795 0 0 0.680000
800 0 0 0.701827
805 0 0 0.689885
810 0 0 0.640000
815 0 0 0.555370
820 0 0 0.468683
825 0 0 0.420000
830 0 0 0.435212
835 0 0 0.483531
840 0 0 0.520000
845 0 0 0.516374
850 0 0 0.511265
855 0 0 0.560000
860 0 0 0.692625
865 0 0 0.838074
870 0 0 0.900000
875 0 0 0.815348
880 0 0 0.654218
885 0 0 0.520000
890 0 0 0.486723
895 0 0 0.510980
900 0 0 0.520000
905 0 0 0.462203
910 0 0 0.370752
915 0 0 0.300000
920 0 0 0.290392
925 0 0 0.326752
930 0 0 0.380000
935 0 0 0.426601
940 0 0 0.465203
945 0 0 0.500000
950 0 0 0.531353
955 0 0 0.544289
960 0 0 0.520000
965 0 0 0.453171
970 0 0 0.392456
975 0 0 0.400000
980 0 0 0.515222
985 0 0 0.686628
990 0 0 0.840000
995 0 0 0.918535
1000 0 0 0.935106
1005 0 0 0.920000
1010 0 0 0.899526
1015 0 0 0.884061
1020 0 0 0.880000
1025 0 0 0.890028
1030 0 0 0.901985
1035 0 0 0.900000
1040 0 0 0.874437
1045 0 0 0.840594
1050 0 0 0.820000
1055 0 0 0.826297
1060 0 0 0.841567
1065 0 0 0.840000
1070 0 0 0.804077
1075 0 0 0.749435
1080 0 0 0.700000
1085 0 0 0.681098
1090 0 0 0.723655
1095 0 0 0.860000
1100 0 0 1.095976
1105 0 0 1.331499
1110 0 0 1.440000
1115 0 0 1.336479
1120 0 0 1.102201
1125 0 0 0.860000
1130 0 0 0.708479
1135 0 0 0.649326
1140 0 0 0.660000
1145 0 0 0.715532
1150 0 0 0.781236
1155 0 0 0.820000
1160 0 0 0.805690
1165 0 0 0.756099
1170 0 0 0.700000
1175 0 0 0.663190
1180 0 0 0.659554
1185 0 0 0.700000
1190 0 0 0.788218
1195 0 0 0.899020
1200 0 0 1.000000
1205 0 0 1.064680
1210 0 0 1.090294
1215 0 0 1.080000
1220 0 0 1.041209
1225 0 0 0.998325
1230 0 0 0.980000
1235 0 0 1.003817
1240 0 0 1.043074
1245 0 0 1.060000
1250 0 0 1.028709
1255 0 0 0.970860
1260 0 0 0.920000
1265 0 0 0.902089
1270 0 0 0.912745
1275 0 0 0.940000
1280 0 0 0.972566
1285 0 0 1.001865
1290 0 0 1.020000
1295 0 0 1.019499
1300 0 0 0.994608
1305 0 0 0.940000
1310 0 0 0.857584
1315 0 0 0.778219
1320 0 0 0.740000
1325 0 0 0.765719
1330 0 0 0.816958
1335 0 0 0.840000
1340 0 0 0.800282
1345 0 0 0.739873
1350 0 0 0.720000
1355 0 0 0.782042
1360 0 0 0.887993
1365 0 0 0.980000
1370 0 0 1.014514
1375 0 0 1.005194
1380 0 0 0.980000
1385 0 0 0.962865
1390 0 0 0.961604
1395 0 0 0.980000
1400 0 0 1.022173
1405 0 0 1.093578
1410 0 0 1.200000
1415 0 0 1.338071
1420 0 0 1.467790
1425 0 0 1.540000
1430 0 0 1.505543
1435 0 0 1.315263
