0 0 0 0.260000
5 0 0 0.383118
10 0 0 0.404272
15 0 0 0.360000
20 0 0 0.286839
25 0 0 0.221326
30 0 0 0.200000
35 0 0 0.244342
40 0 0 0.315608
45 0 0 0.360000
50 0 0 0.339498
55 0 0 0.279205
60 0 0 0.220000
65 0 0 0.194702
70 0 0 0.203870
75 0 0 0.240000
80 0 0 0.292065
85 0 0 0.334946
90 0 0 0.340000
95 0 0 0.292593
100 0 0 0.234124
105 0 0 0.220000
110 0 0 0.284971
115 0 0 0.381152
120 0 0 0.440000
125 0 0 0.414191
130 0 0 0.341269
135 0 0 0.280000
140 0 0 0.273823
145 0 0 0.304882
150 0 0 0.340000
155 0 0 0.352001
160 0 0 0.337721
165 0 0 0.300000
170 0 0 0.246323
175 0 0 0.202754
180 0 0 0.200000
185 0 0 0.253817
190 0 0 0.320152
195 0 0 0.340000
200 0 0 0.276928
205 0 0 0.184787
210 0 0 0.140000
215 0 0 0.193285
220 0 0 0.292550
225 0 0 0.360000
230 0 0 0.341042
235 0 0 0.273899
240 0 0 0.220000
245 0 0 0.225510
250 0 0 0.275555
255 0 0 0.340000
260 0 0 0.393954
265 0 0 0.433509
270 0 0 0.460000
275 0 0 0.473488
280 0 0 0.468928
285 0 0 0.440000
290 0 0 0.385429
295 0 0 0.324114
300 0 0 0.280000
305 0 0 0.270723
310 0 0 0.288690
315 0 0 0.320000
320 0 0 0.350198
325 0 0 0.362608
330 0 0 0.340000
335 0 0 0.275893
340 0 0 0.206805
345 0 0 0.180000
350 0 0 0.224748
355 0 0 0.298322
360 0 0 0.340000
365 0 0 0.308079
370 0 0 0.236944
375 0 0 0.180000
380 0 0 0.177010
385 0 0 0.213162
390 0 0 0.260000
395 0 0 0.292769
400 0 0 0.301519
405 0 0 0.280000
410 0 0 0.229690
415 0 0 0.182983
420 0 0 0.180000
425 0 0 0.244025
430 0 0 0.330993
435 0 0 0.380000
440 0 0 0.351247
445 0 0 0.289343
450 0 0 0.260000
455 0 0 0.306543
460 0 0 0.382747
465 0 0 0.420000
470 0 0 0.372952
475 0 0 0.289299
480 0 0 0.240000
485 0 0 0.272020
490 0 0 0.336354
495 0 0 0.360000
500 0 0 0.298226
505 0 0 0.219360
510 0 0 0.220000
515 0 0 0.360262
520 0 0 0.554353
525 0 0 0.680000
530 0 0 0.648874
535 0 0 0.508413
540 0 0 0.340000
545 0 0 0.213132
550 0 0 0.149772
555 0 0 0.160000
560 0 0 0.240820
565 0 0 0.336941
570 0 0 0.380000
575 0 0 0.326551
580 0 0 0.232832
585 0 0 0.180000
590 0 0 0.222604
595 0 0 0.308766
600 0 0 0.360000
605 0 0 0.327476
610 0 0 0.280992
615 0 0 0.320000
620 0 0 0.504527
625 0 0 0.736895
630 0 0 0.880000
635 0 0 0.837378
640 0 0 0.675130
645 0 0 0.500000
650 0 0 0.397073
655 0 0 0.364807
660 0 0 0.380000
665 0 0 0.419514
670 0 0 0.460457
675 0 0 0.480000
680 0 0 0.467093
685 0 0 0.457809
690 0 0 0.500000
695 0 0 0.620261
700 0 0 0.760159
705 0 0 0.840000
710 0 0 0.808899
715 0 0 0.731186
720 0 0 0.700000
725 0 0 0.775255
730 0 0 0.883985
735 0 0 0.920000
740 0 0 0.813043
745 0 0 0.636578
750 0 0 0.500000
755 0 0 0.477759
760 0 0 0.504519
765 0 0 0.480000
770 0 0 0.352219
775 0 0 0.262383
780 0 0 0.400000
785 0 0 0.866700
790 0 0 1.412614
795 0 0 1.700000
800 0 0 1.500242
805 0 0 1.021235
810 0 0 0.580000
815 0 0 0.413813
820 0 0 0.440965
825 0 0 0.500000
830 0 0 0.471914
835 0 0 0.407499
840 0 0 0.400000
845 0 0 0.508903
850 0 0 0.658668
855 0 0 0.740000
860 0 0 0.677660
865 0 0 0.532642
870 0 0 0.400000
875 0 0 0.351568
880 0 0 0.366317
885 0 0 0.400000
890 0 0 0.416807
895 0 0 0.414681
900 0 0 0.400000
905 0 0 0.381202
910 0 0 0.374959
915 0 0 0.400000
920 0 0 0.465792
925 0 0 0.544743
930 0 0 0.600000
935 0 0 0.605261
940 0 0 0.576439
945 0 0 0.540000
950 0 0 0.516867
955 0 0 0.505796
960 0 0 0.500000
965 0 0 0.494677
970 0 0 0.492968
975 0 0 0.500000
980 0 0 0.518498
985 0 0 0.541590
990 0 0 0.560000
995 0 0 0.567626
1000 0 0 0.571043
1005 0 0 0.580000
1010 0 0 0.601369
1015 0 0 0.630533
1020 0 0 0.660000
1025 0 0 0.686897
1030 0 0 0.726824
1035 0 0 0.800000
1040 0 0 0.915487
1045 0 0 1.037726
1050 0 0 1.120000
1055 0 0 1.130414
1060 0 0 1.096348
1065 0 0 1.060000
1070 0 0 1.048783
1075 0 0 1.030958
1080 0 0 0.960000
1085 0 0 0.822603
1090 0 0 0.738339
1095 0 0 0.860000
1100 0 0 1.268212
1105 0 0 1.754944
1110 0 0 2.040000
1115 0 0 1.928993
1120 0 0 1.570773
1125 0 0 1.200000
1130 0 0 1.001002
1135 0 0 0.956779
1140 0 0 1.000000
1145 0 0 1.067000
1150 0 0 1.108778
1155 0 0 1.080000
1160 0 0 0.956185
1165 0 0 0.796259
1170 0 0 0.680000
1175 0 0 0.662334
1180 0 0 0.698779
1185 0 0 0.720000
1190 0 0 0.676700
1195 0 0 0.599735
1200 0 0 0.540000
1205 0 0 0.535312
1210 0 0 0.571171
1215 0 0 0.620000
1220 0 0 0.659090
1225 0 0 0.685210
1230 0 0 0.700000
1235 0 0 0.705367
1240 0 0 0.704286
1245 0 0 0.700000
1250 0 0 0.695739
1255 0 0 0.694683
1260 0 0 0.700000
1265 0 0 0.713160
1270 0 0 0.728835
1275 0 0 0.740000
1280 0 0 0.741993
1285 0 0 0.739607
1290 0 0 0.740000
1295 0 0 0.746276
1300 0 0 0.745329
1305 0 0 0.720000
1310 0 0 0.661052
1315 0 0 0.590930
1320 0 0 0.540000
1325 0 0 0.530256
1330 0 0 0.550209
1335 0 0 0.580000
1340 0 0 0.602370
1345 0 0 0.610457
1350 0 0 0.600000
1355 0 0 0.569155
1360 0 0 0.525743
1365 0 0 0.480000
1370 0 0 0.443233
1375 0 0 0.431018
1380 0 0 0.460000
1385 0 0 0.534951
1390 0 0 0.613150
1395 0 0 0.640000
1400 0 0 0.579925
1405 0 0 0.473421
1410 0 0 0.380000
1415 0 0 0.345347
1420 0 0 0.359833
1425 0 0 0.400000
1430 0 0 0.442389
1435 0 0 0.463541
