0 0 0 -0.000320
5 0 0 -0.000403
10 0 0 -0.000462
15 0 0 -0.000500
20 0 0 -0.000518
25 0 0 -0.000517
30 0 0 -0.000500
35 0 0 -0.000468
40 0 0 -0.000422
45 0 0 -0.000360
50 0 0 -0.000288
55 0 0 -0.000231
60 0 0 -0.000220
65 0 0 -0.000270
70 0 0 -0.000337
75 0 0 -0.000360
80 0 0 -0.000301
85 0 0 -0.000206
90 0 0 -0.000140
95 0 0 -0.000151
100 0 0 -0.000207
105 0 0 -0.000260
110 0 0 -0.000271
115 0 0 -0.000256
120 0 0 -0.000240
125 0 0 -0.000245
130 0 0 -0.000268
135 0 0 -0.000300
140 0 0 -0.000331
145 0 0 -0.000348
150 0 0 -0.000340
155 0 0 -0.000302
160 0 0 -0.000263
165 0 0 -0.000260
170 0 0 -0.000316
175 0 0 -0.000388
180 0 0 -0.000420
185 0 0 -0.000373
190 0 0 -0.000286
195 0 0 -0.000220
200 0 0 -0.000216
205 0 0 -0.000250
210 0 0 -0.000280
215 0 0 -0.000275
220 0 0 -0.000247
225 0 0 -0.000220
230 0 0 -0.000212
235 0 0 -0.000221
240 0 0 -0.000240
245 0 0 -0.000262
250 0 0 -0.000273
255 0 0 -0.000260
260 0 0 -0.000217
265 0 0 -0.000171
270 0 0 -0.000160
275 0 0 -0.000206
280 0 0 -0.000275
285 0 0 -0.000320
290 0 0 -0.000308
295 0 0 -0.000272
300 0 0 -0.000260
305 0 0 -0.000303
310 0 0 -0.000367
315 0 0 -0.000400
320 0 0 -0.000368
325 0 0 -0.000304
330 0 0 -0.000260
335 0 0 -0.000272
340 0 0 -0.000313
345 0 0 -0.000340
350 0 0 -0.000324
355 0 0 -0.000281
360 0 0 -0.000240
365 0 0 -0.000224
370 0 0 -0.000228
375 0 0 -0.000240
380 0 0 -0.000249
385 0 0 -0.000250
390 0 0 -0.000240
395 0 0 -0.000217
400 0 0 -0.000193
405 0 0 -0.000180
410 0 0 -0.000189
415 0 0 -0.000213
420 0 0 -0.000240
425 0 0 -0.000260
430 0 0 -0.000263
435 0 0 -0.000240
440 0 0 -0.000196
445 0 0 -0.000191
450 0 0 -0.000300
455 0 0 -0.000558
460 0 0 -0.000840
465 0 0 -0.000980
470 0 0 -0.000871
475 0 0 -0.000632
480 0 0 -0.000440
485 0 0 -0.000425
490 0 0 -0.000527
495 0 0 -0.000640
500 0 0 -0.000680
505 0 0 -0.000651
510 0 0 -0.000580
515 0 0 -0.000492
520 0 0 -0.000402
525 0 0 -0.000320
530 0 0 -0.000260
535 0 0 -0.000241
540 0 0 -0.000280
545 0 0 -0.000383
550 0 0 -0.000493
555 0 0 -0.000540
560 0 0 -0.000483
565 0 0 -0.000411
570 0 0 -0.000440
575 0 0 -0.000641
580 0 0 -0.000886
585 0 0 -0.001000
590 0 0 -0.000866
595 0 0 -0.000611
600 0 0 -0.000420
605 0 0 -0.000427
610 0 0 -0.000551
615 0 0 -0.000660
620 0 0 -0.000658
625 0 0 -0.000600
630 0 0 -0.000580
635 0 0 -0.000662
640 0 0 -0.000785
645 0 0 -0.000860
650 0 0 -0.000823
655 0 0 -0.000714
660 0 0 -0.000600
665 0 0 -0.000529
670 0 0 -0.000476
675 0 0 -0.000400
680 0 0 -0.000284
685 0 0 -0.000218
690 0 0 -0.000320
695 0 0 -0.000655
700 0 0 -0.001080
705 0 0 -0.001400
710 0 0 -0.001473
715 0 0 -0.001371
720 0 0 -0.001220
725 0 0 -0.001114
730 0 0 -0.001017
735 0 0 -0.000860
740 0 0 -0.000621
745 0 0 -0.000454
750 0 0 -0.000560
755 0 0 -0.001042
760 0 0 -0.001616
765 0 0 -0.001900
770 0 0 -0.001637
775 0 0 -0.001063
780 0 0 -0.000540
785 0 0 -0.000340
790 0 0 -0.000383
795 0 0 -0.000500
800 0 0 -0.000556
805 0 0 -0.000551
810 0 0 -0.000520
815 0 0 -0.000489
820 0 0 -0.000459
825 0 0 -0.000420
830 0 0 -0.000369
835 0 0 -0.000318
840 0 0 -0.000280
845 0 0 -0.000267
850 0 0 -0.000270
855 0 0 -0.000280
860 0 0 -0.000289
865 0 0 -0.000315
870 0 0 -0.000380
875 0 0 -0.000491
880 0 0 -0.000594
885 0 0 -0.000620
890 0 0 -0.000526
895 0 0 -0.000376
900 0 0 -0.000260
905 0 0 -0.000246
910 0 0 -0.000303
915 0 0 -0.000380
920 0 0 -0.000434
925 0 0 -0.000469
930 0 0 -0.000500
935 0 0 -0.000534
940 0 0 -0.000556
945 0 0 -0.000540
950 0 0 -0.000476
955 0 0 -0.000400
960 0 0 -0.000360
965 0 0 -0.000387
970 0 0 -0.000450
975 0 0 -0.000500
980 0 0 -0.000503
985 0 0 -0.000483
990 0 0 -0.000480
995 0 0 -0.000518
1000 0 0 -0.000567
1005 0 0 -0.000580
1010 0 0 -0.000538
1015 0 0 -0.000517
1020 0 0 -0.000620
1025 0 0 -0.000894
1030 0 0 -0.001173
1035 0 0 -0.001240
1040 0 0 -0.000983
1045 0 0 -0.000726
1050 0 0 -0.000900
1055 0 0 -0.001767
1060 0 0 -0.002909
1065 0 0 -0.003740
1070 0 0 -0.003826
1075 0 0 -0.003353
1080 0 0 -0.002660
1085 0 0 -0.002032
1090 0 0 -0.001535
1095 0 0 -0.001180
1100 0 0 -0.000972
1105 0 0 -0.000893
1110 0 0 -0.000920
1115 0 0 -0.001034
1120 0 0 -0.001238
1125 0 0 -0.001540
1130 0 0 -0.001928
1135 0 0 -0.002312
1140 0 0 -0.002580
1145 0 0 -0.002641
1150 0 0 -0.002475
1155 0 0 -0.002080
1160 0 0 -0.001489
1165 0 0 -0.000868
1170 0 0 -0.000420
1175 0 0 -0.000286
1180 0 0 -0.000366
1185 0 0 -0.000500
1190 0 0 -0.000561
1195 0 0 -0.000544
1200 0 0 -0.000480
1205 0 0 -0.000398
1210 0 0 -0.000337
1215 0 0 -0.000340
1220 0 0 -0.000428
1225 0 0 -0.000546
1230 0 0 -0.000620
1235 0 0 -0.000600
1240 0 0 -0.000525
1245 0 0 -0.000460
1250 0 0 -0.000453
1255 0 0 -0.000489
1260 0 0 -0.000540
1265 0 0 -0.000581
1270 0 0 -0.000612
1275 0 0 -0.000640
1280 0 0 -0.000667
1285 0 0 -0.000684
1290 0 0 -0.000680
1295 0 0 -0.000647
1300 0 0 -0.000591
1305 0 0 -0.000520
1310 0 0 -0.000445
1315 0 0 -0.000379
1320 0 0 -0.000340
1325 0 0 -0.000338
1330 0 0 -0.000363
1335 0 0 -0.000400
1340 0 0 -0.000435
1345 0 0 -0.000453
1350 0 0 -0.000440
1355 0 0 -0.000391
1360 0 0 -0.000342
1365 0 0 -0.000340
1370 0 0 -0.000412
1375 0 0 -0.000514
1380 0 0 -0.000580
1385 0 0 -0.000567
1390 0 0 -0.000509
1395 0 0 -0.000460
1400 0 0 -0.000463
1405 0 0 -0.000509
1410 0 0 -0.000580
1415 0 0 -0.000654
1420 0 0 -0.000704
1425 0 0 -0.000700
1430 0 0 -0.000628
1435 0 0 -0.000530
1440 0 0 -0.000460
1445 0 0 -0.000458
1450 0 0 -0.000499
1455 0 0 -0.000540
1460 0 0 -0.000549
1465 0 0 -0.000531
1470 0 0 -0.000500
1475 0 0 -0.000467
1480 0 0 -0.000434
1485 0 0 -0.000400
1490 0 0 -0.000367
1495 0 0 -0.000343
1500 0 0 -0.000340
1505 0 0 -0.000361
1510 0 0 -0.000385
1515 0 0 -0.000380
1520 0 0 -0.000330
1525 0 0 -0.000269
1530 0 0 -0.000240
1535 0 0 -0.000274
1540 0 0 -0.000343
1545 0 0 -0.000400
1550 0 0 -0.000412
1555 0 0 -0.000387
1560 0 0 -0.000340
1565 0 0 -0.000290
1570 0 0 -0.000257
1575 0 0 -0.000260
1580 0 0 -0.000309
1585 0 0 -0.000365
1590 0 0 -0.000380
1595 0 0 -0.000323
1600 0 0 -0.000236
1605 0 0 -0.000180
1610 0 0 -0.000197
1615 0 0 -0.000255
1620 0 0 -0.000300
1625 0 0 -0.000295
1630 0 0 -0.000258
1635 0 0 -0.000220
1640 0 0 -0.000207
1645 0 0 -0.000217
1650 0 0 -0.000240
1655 0 0 -0.000265
1660 0 0 -0.000277
1665 0 0 -0.000260
1670 0 0 -0.000207
1675 0 0 -0.000157
1680 0 0 -0.000160
1685 0 0 -0.000244
1690 0 0 -0.000355
1695 0 0 -0.000420
1700 0 0 -0.000390
1705 0 0 -0.000312
1710 0 0 -0.000260
1715 0 0 -0.000284
1720 0 0 -0.000344
1725 0 0 -0.000380
1730 0 0 -0.000348
1735 0 0 -0.000284
1740 0 0 -0.000240
1745 0 0 -0.000254
1750 0 0 -0.000296
1755 0 0 -0.000320
1760 0 0 -0.000295
1765 0 0 -0.000242
1770 0 0 -0.000200
1775 0 0 -0.000194
1780 0 0 -0.000215
1785 0 0 -0.000240
1790 0 0 -0.000253
1795 0 0 -0.000253
1800 0 0 -0.000240
1805 0 0 -0.000219
1810 0 0 -0.000201
1815 0 0 -0.000200
1820 0 0 -0.000224
1825 0 0 -0.000253
1830 0 0 -0.000260
1835 0 0 -0.000231
1840 0 0 -0.000196
1845 0 0 -0.000200
1850 0 0 -0.000268
1855 0 0 -0.000355
1860 0 0 -0.000400
1865 0 0 -0.000361
1870 0 0 -0.000286
1875 0 0 -0.000240
1880 0 0 -0.000272
1885 0 0 -0.000350
1890 0 0 -0.000420
1895 0 0 -0.000441
1900 0 0 -0.000416
1905 0 0 -0.000360
1910 0 0 -0.000289
1915 0 0 -0.000222
1920 0 0 -0.000180
1925 0 0 -0.000182
1930 0 0 -0.000239
1935 0 0 -0.000360
1940 0 0 -0.000536
1945 0 0 -0.000693
1950 0 0 -0.000740
1955 0 0 -0.000621
1960 0 0 -0.000420
1965 0 0 -0.000260
1970 0 0 -0.000229
1975 0 0 -0.000292
1980 0 0 -0.000380
1985 0 0 -0.000439
1990 0 0 -0.000463
1995 0 0 -0.000460
2000 0 0 -0.000439
2005 0 0 -0.000423
2010 0 0 -0.000440
2015 0 0 -0.000503
2020 0 0 -0.000573
2025 0 0 -0.000600
2030 0 0 -0.000551
2035 0 0 -0.000465
2040 0 0 -0.000400
2045 0 0 -0.000396
2050 0 0 -0.000430
2055 0 0 -0.000460
2060 0 0 -0.000457
2065 0 0 -0.000431
2070 0 0 -0.000400
2075 0 0 -0.000382
2080 0 0 -0.000382
2085 0 0 -0.000400
2090 0 0 -0.000457
2095 0 0 -0.000647
2100 0 0 -0.001080
2105 0 0 -0.001800
2110 0 0 -0.002573
2115 0 0 -0.003100
2120 0 0 -0.003163
2125 0 0 -0.002882
2130 0 0 -0.002460
2135 0 0 -0.002075
2140 0 0 -0.001805
2145 0 0 -0.001700
2150 0 0 -0.001774
2155 0 0 -0.001887
2160 0 0 -0.001860
2165 0 0 -0.001573
2170 0 0 -0.001137
2175 0 0 -0.000720
2180 0 0 -0.000459
2185 0 0 -0.000371
2190 0 0 -0.000440
2195 0 0 -0.000634
2200 0 0 -0.000854
2205 0 0 -0.000980
2210 0 0 -0.000934
2215 0 0 -0.000784
2220 0 0 -0.000640
2225 0 0 -0.000583
2230 0 0 -0.000597
2235 0 0 -0.000640
2240 0 0 -0.000678
2245 0 0 -0.000710
2250 0 0 -0.000740
2255 0 0 -0.000768
2260 0 0 -0.000767
2265 0 0 -0.000700
2270 0 0 -0.000570
2275 0 0 -0.000522
2280 0 0 -0.000740
2285 0 0 -0.001320
2290 0 0 -0.002022
2295 0 0 -0.002520
2300 0 0 -0.002582
2305 0 0 -0.002350
2310 0 0 -0.002060
2315 0 0 -0.001896
2320 0 0 -0.001835
2325 0 0 -0.001800
2330 0 0 -0.001731
2335 0 0 -0.001621
2340 0 0 -0.001480
2345 0 0 -0.001327
2350 0 0 -0.001228
2355 0 0 -0.001260
2360 0 0 -0.001468
2365 0 0 -0.001762
2370 0 0 -0.002020
2375 0 0 -0.002146
2380 0 0 -0.002152
2385 0 0 -0.002080
2390 0 0 -0.001972
2395 0 0 -0.001880
2400 0 0 -0.001860
2405 0 0 -0.001942
2410 0 0 -0.002054
2415 0 0 -0.002100
2420 0 0 -0.002014
2425 0 0 -0.001856
2430 0 0 -0.001720
2435 0 0 -0.001667
2440 0 0 -0.001642
2445 0 0 -0.001560
2450 0 0 -0.001375
2455 0 0 -0.001203
2460 0 0 -0.001200
2465 0 0 -0.001474
2470 0 0 -0.001948
2475 0 0 -0.002500
2480 0 0 -0.003005
2485 0 0 -0.003340
2490 0 0 -0.003380
2495 0 0 -0.003063
2500 0 0 -0.002573
2505 0 0 -0.002160
2510 0 0 -0.002003
2515 0 0 -0.002014
2520 0 0 -0.002040
2525 0 0 -0.001963
2530 0 0 -0.001814
2535 0 0 -0.001660
2540 0 0 -0.001557
2545 0 0 -0.001507
2550 0 0 -0.001500
2555 0 0 -0.001526
2560 0 0 -0.001575
2565 0 0 -0.001640
2570 0 0 -0.001714
2575 0 0 -0.001799
2580 0 0 -0.001900
2585 0 0 -0.002012
2590 0 0 -0.002100
2595 0 0 -0.002120
2600 0 0 -0.002047
2605 0 0 -0.001936
2610 0 0 -0.001860
2615 0 0 -0.001871
2620 0 0 -0.001926
2625 0 0 -0.001960
2630 0 0 -0.001923
2635 0 0 -0.001828
2640 0 0 -0.001700
2645 0 0 -0.001567
2650 0 0 -0.001458
2655 0 0 -0.001400
2660 0 0 -0.001410
2665 0 0 -0.001457
2670 0 0 -0.001500
2675 0 0 -0.001499
2680 0 0 -0.001426
2685 0 0 -0.001260
2690 0 0 -0.000998
2695 0 0 -0.000728
2700 0 0 -0.000560
2705 0 0 -0.000566
2710 0 0 -0.000665
2715 0 0 -0.000740
2720 0 0 -0.000706
2725 0 0 -0.000607
2730 0 0 -0.000520
2735 0 0 -0.000503
2740 0 0 -0.000536
2745 0 0 -0.000580
2750 0 0 -0.000602
2755 0 0 -0.000601
2760 0 0 -0.000580
2765 0 0 -0.000548
2770 0 0 -0.000527
2775 0 0 -0.000540
2780 0 0 -0.000599
2785 0 0 -0.000658
2790 0 0 -0.000660
2795 0 0 -0.000567
2800 0 0 -0.000430
2805 0 0 -0.000320
2810 0 0 -0.000291
2815 0 0 -0.000324
2820 0 0 -0.000380
2825 0 0 -0.000426
2830 0 0 -0.000444
2835 0 0 -0.000420
2840 0 0 -0.000351
2845 0 0 -0.000280
2850 0 0 -0.000260
2855 0 0 -0.000323
2860 0 0 -0.000414
2865 0 0 -0.000460
2870 0 0 -0.000409
2875 0 0 -0.000311
2880 0 0 -0.000240
2885 0 0 -0.000248
2890 0 0 -0.000305
2895 0 0 -0.000360
2900 0 0 -0.000373
2905 0 0 -0.000358
2910 0 0 -0.000340
2915 0 0 -0.000336
2920 0 0 -0.000331
2925 0 0 -0.000300
2930 0 0 -0.000231
2935 0 0 -0.000161
2940 0 0 -0.000140
2945 0 0 -0.000197
2950 0 0 -0.000286
2955 0 0 -0.000340
2960 0 0 -0.000315
2965 0 0 -0.000248
2970 0 0 -0.000200
2975 0 0 -0.000214
2980 0 0 -0.000272
2985 0 0 -0.000340
2990 0 0 -0.000387
2995 0 0 -0.000403
3000 0 0 -0.000380
3005 0 0 -0.000320
3010 0 0 -0.000259
3015 0 0 -0.000240
3020 0 0 -0.000291
3025 0 0 -0.000365
3030 0 0 -0.000400
3035 0 0 -0.000353
3040 0 0 -0.000265
3045 0 0 -0.000200
3050 0 0 -0.000202
3055 0 0 -0.000243
3060 0 0 -0.000280
3065 0 0 -0.000279
3070 0 0 -0.000251
3075 0 0 -0.000220
3080 0 0 -0.000204
3085 0 0 -0.000205
3090 0 0 -0.000220
3095 0 0 -0.000244
3100 0 0 -0.000262
3105 0 0 -0.000260
3110 0 0 -0.000229
3115 0 0 -0.000192
3120 0 0 -0.000180
3125 0 0 -0.000213
3130 0 0 -0.000266
3135 0 0 -0.000300
3140 0 0 -0.000291
3145 0 0 -0.000265
3150 0 0 -0.000260
3155 0 0 -0.000300
3160 0 0 -0.000355
3165 0 0 -0.000380
3170 0 0 -0.000347
3175 0 0 -0.000290
3180 0 0 -0.000260
3185 0 0 -0.000289
3190 0 0 -0.000341
3195 0 0 -0.000360
3200 0 0 -0.000311
3205 0 0 -0.000232
3210 0 0 -0.000180
3215 0 0 -0.000193
3220 0 0 -0.000242
3225 0 0 -0.000280
3230 0 0 -0.000272
3235 0 0 -0.000235
3240 0 0 -0.000200
3245 0 0 -0.000191
3250 0 0 -0.000201
3255 0 0 -0.000220
3260 0 0 -0.000236
3265 0 0 -0.000244
3270 0 0 -0.000240
3275 0 0 -0.000224
3280 0 0 -0.000212
3285 0 0 -0.000220
3290 0 0 -0.000258
3295 0 0 -0.000297
3300 0 0 -0.000300
3305 0 0 -0.000249
3310 0 0 -0.000207
3315 0 0 -0.000260
3320 0 0 -0.000455
3325 0 0 -0.000699
3330 0 0 -0.000860
3335 0 0 -0.000848
3340 0 0 -0.000726
3345 0 0 -0.000600
3350 0 0 -0.000548
3355 0 0 -0.000555
3360 0 0 -0.000580
3365 0 0 -0.000593
3370 0 0 -0.000596
3375 0 0 -0.000600
3380 0 0 -0.000610
3385 0 0 -0.000611
3390 0 0 -0.000580
3395 0 0 -0.000507
3400 0 0 -0.000420
3405 0 0 -0.000360
3410 0 0 -0.000353
3415 0 0 -0.000378
3420 0 0 -0.000400
3425 0 0 -0.000391
3430 0 0 -0.000355
3435 0 0 -0.000300
3440 0 0 -0.000240
3445 0 0 -0.000198
3450 0 0 -0.000200
3455 0 0 -0.000262
3460 0 0 -0.000360
3465 0 0 -0.000460
3470 0 0 -0.000534
3475 0 0 -0.000574
3480 0 0 -0.000580
3485 0 0 -0.000555
3490 0 0 -0.000525
3495 0 0 -0.000520
3500 0 0 -0.000557
3505 0 0 -0.000605
3510 0 0 -0.000620
3515 0 0 -0.000570
3520 0 0 -0.000473
3525 0 0 -0.000360
3530 0 0 -0.000269
3535 0 0 -0.000275
3540 0 0 -0.000460
3545 0 0 -0.000853
3550 0 0 -0.001267
3555 0 0 -0.001460
3560 0 0 -0.001272
3565 0 0 -0.000869
3570 0 0 -0.000500
3575 0 0 -0.000350
3580 0 0 -0.000353
3585 0 0 -0.000380
3590 0 0 -0.000334
3595 0 0 -0.000250
3600 0 0 -0.000200
3605 0 0 -0.000231
3610 0 0 -0.000309
3615 0 0 -0.000380
3620 0 0 -0.000403
3625 0 0 -0.000393
3630 0 0 -0.000380
3635 0 0 -0.000387
3640 0 0 -0.000411
3645 0 0 -0.000440
3650 0 0 -0.000465
3655 0 0 -0.000475
3660 0 0 -0.000460
3665 0 0 -0.000416
3670 0 0 -0.000366
3675 0 0 -0.000340
3680 0 0 -0.000356
3685 0 0 -0.000383
3690 0 0 -0.000380
3695 0 0 -0.000321
3700 0 0 -0.000243
3705 0 0 -0.000200
3710 0 0 -0.000231
3715 0 0 -0.000321
3720 0 0 -0.000440
3725 0 0 -0.000557
3730 0 0 -0.000635
3735 0 0 -0.000640
3740 0 0 -0.000551
3745 0 0 -0.000421
3750 0 0 -0.000320
3755 0 0 -0.000297
3760 0 0 -0.000320
3765 0 0 -0.000340
3770 0 0 -0.000321
3775 0 0 -0.000298
3780 0 0 -0.000320
3785 0 0 -0.000418
3790 0 0 -0.000536
3795 0 0 -0.000600
3800 0 0 -0.000560
3805 0 0 -0.000472
3810 0 0 -0.000420
3815 0 0 -0.000461
3820 0 0 -0.000546
3825 0 0 -0.000600
3830 0 0 -0.000570
3835 0 0 -0.000495
3840 0 0 -0.000440
3845 0 0 -0.000448
3850 0 0 -0.000491
3855 0 0 -0.000520
3860 0 0 -0.000505
3865 0 0 -0.000476
3870 0 0 -0.000480
3875 0 0 -0.000546
3880 0 0 -0.000633
3885 0 0 -0.000680
3890 0 0 -0.000664
3895 0 0 -0.000700
3900 0 0 -0.000940
3905 0 0 -0.001454
3910 0 0 -0.001986
3915 0 0 -0.002200
3920 0 0 -0.001877
3925 0 0 -0.001273
3930 0 0 -0.000760
3935 0 0 -0.000618
3940 0 0 -0.000754
3945 0 0 -0.000980
3950 0 0 -0.001139
3955 0 0 -0.001190
3960 0 0 -0.001120
3965 0 0 -0.000942
3970 0 0 -0.000769
3975 0 0 -0.000740
3980 0 0 -0.000935
3985 0 0 -0.001209
3990 0 0 -0.001360
3995 0 0 -0.001250
4000 0 0 -0.001001
4005 0 0 -0.000800
4010 0 0 -0.000782
4015 0 0 -0.000877
4020 0 0 -0.000960
4025 0 0 -0.000939
4030 0 0 -0.000840
4035 0 0 -0.000720
4040 0 0 -0.000627
4045 0 0 -0.000573
4050 0 0 -0.000560
4055 0 0 -0.000587
4060 0 0 -0.000629
4065 0 0 -0.000660
4070 0 0 -0.000659
4075 0 0 -0.000638
4080 0 0 -0.000620
4085 0 0 -0.000620
4090 0 0 -0.000636
4095 0 0 -0.000660
4100 0 0 -0.000687
4105 0 0 -0.000719
4110 0 0 -0.000760
4115 0 0 -0.000813
4120 0 0 -0.000869
4125 0 0 -0.000920
4130 0 0 -0.000954
4135 0 0 -0.000959
4140 0 0 -0.000920
4145 0 0 -0.000835
4150 0 0 -0.000739
4155 0 0 -0.000680
4160 0 0 -0.000689
4165 0 0 -0.000737
4170 0 0 -0.000780
4175 0 0 -0.000783
4180 0 0 -0.000747
4185 0 0 -0.000680
4190 0 0 -0.000596
4195 0 0 -0.000525
4200 0 0 -0.000500
4205 0 0 -0.000539
4210 0 0 -0.000598
4215 0 0 -0.000620
4220 0 0 -0.000565
4225 0 0 -0.000477
4230 0 0 -0.000420
4235 0 0 -0.000437
4240 0 0 -0.000495
4245 0 0 -0.000540
4250 0 0 -0.000533
4255 0 0 -0.000490
4260 0 0 -0.000440
4265 0 0 -0.000407
4270 0 0 -0.000390
4275 0 0 -0.000380
4280 0 0 -0.000372
4285 0 0 -0.000370
4290 0 0 -0.000380
4295 0 0 -0.000404
4300 0 0 -0.000425
4305 0 0 -0.000420
4310 0 0 -0.000377
4315 0 0 -0.000320
4320 0 0 -0.000280
4325 0 0 -0.000282
4330 0 0 -0.000310
4335 0 0 -0.000340
4340 0 0 -0.000354
4345 0 0 -0.000352
4350 0 0 -0.000340
4355 0 0 -0.000323
4360 0 0 -0.000298
4365 0 0 -0.000260
4370 0 0 -0.000211
4375 0 0 -0.000175
4380 0 0 -0.000180
4385 0 0 -0.000241
4390 0 0 -0.000314
4395 0 0 -0.000340
4400 0 0 -0.000284
4405 0 0 -0.000199
4410 0 0 -0.000160
4415 0 0 -0.000217
4420 0 0 -0.000322
4425 0 0 -0.000400
4430 0 0 -0.000398
4435 0 0 -0.000347
4440 0 0 -0.000300
4445 0 0 -0.000294
4450 0 0 -0.000317
4455 0 0 -0.000340
4460 0 0 -0.000343
4465 0 0 -0.000327
4470 0 0 -0.000300
4475 0 0 -0.000271
4480 0 0 -0.000248
4485 0 0 -0.000240
4490 0 0 -0.000251
4495 0 0 -0.000265
4500 0 0 -0.000260
4505 0 0 -0.000224
4510 0 0 -0.000185
4515 0 0 -0.000180
4520 0 0 -0.000231
4525 0 0 -0.000296
4530 0 0 -0.000320
4535 0 0 -0.000266
4540 0 0 -0.000183
4545 0 0 -0.000140
4550 0 0 -0.000183
4555 0 0 -0.000266
4560 0 0 -0.000320
4565 0 0 -0.000298
4570 0 0 -0.000243
4575 0 0 -0.000220
4580 0 0 -0.000273
4585 0 0 -0.000355
4590 0 0 -0.000400
4595 0 0 -0.000362
4600 0 0 -0.000286
4605 0 0 -0.000240
4610 0 0 -0.000268
4615 0 0 -0.000329
4620 0 0 -0.000360
4625 0 0 -0.000318
4630 0 0 -0.000243
4635 0 0 -0.000200
4640 0 0 -0.000229
4645 0 0 -0.000290
4650 0 0 -0.000320
4655 0 0 -0.000278
4660 0 0 -0.000205
4665 0 0 -0.000160
4670 0 0 -0.000184
4675 0 0 -0.000243
4680 0 0 -0.000280
4685 0 0 -0.000259
4690 0 0 -0.000209
4695 0 0 -0.000180
4700 0 0 -0.000203
4705 0 0 -0.000251
4710 0 0 -0.000280
4715 0 0 -0.000261
4720 0 0 -0.000221
4725 0 0 -0.000200
4730 0 0 -0.000225
4735 0 0 -0.000271
4740 0 0 -0.000300
4745 0 0 -0.000289
4750 0 0 -0.000278
4755 0 0 -0.000320
4760 0 0 -0.000450
4765 0 0 -0.000620
4770 0 0 -0.000760
4775 0 0 -0.000817
4780 0 0 -0.000797
4785 0 0 -0.000720
4790 0 0 -0.000611
4795 0 0 -0.000509
4800 0 0 -0.000460
4805 0 0 -0.000491
4810 0 0 -0.000568
4815 0 0 -0.000640
4820 0 0 -0.000665
4825 0 0 -0.000643
4830 0 0 -0.000580
4835 0 0 -0.000489
4840 0 0 -0.000398
4845 0 0 -0.000340
4850 0 0 -0.000335
4855 0 0 -0.000360
4860 0 0 -0.000380
4865 0 0 -0.000371
4870 0 0 -0.000344
4875 0 0 -0.000320
4880 0 0 -0.000317
4885 0 0 -0.000332
4890 0 0 -0.000360
4895 0 0 -0.000394
4900 0 0 -0.000424
4905 0 0 -0.000440
4910 0 0 -0.000436
4915 0 0 -0.000419
4920 0 0 -0.000400
4925 0 0 -0.000389
4930 0 0 -0.000389
4935 0 0 -0.000400
4940 0 0 -0.000426
4945 0 0 -0.000480
4950 0 0 -0.000580
4955 0 0 -0.000726
4960 0 0 -0.000863
4965 0 0 -0.000920
4970 0 0 -0.000849
4975 0 0 -0.000699
4980 0 0 -0.000540
4985 0 0 -0.000429
4990 0 0 -0.000363
4995 0 0 -0.000320
5000 0 0 -0.000292
5005 0 0 -0.000306
5010 0 0 -0.000400
5015 0 0 -0.000598
5020 0 0 -0.000867
5025 0 0 -0.001160
5030 0 0 -0.001421
5035 0 0 -0.001561
5040 0 0 -0.001480
5045 0 0 -0.001133
5050 0 0 -0.000687
5055 0 0 -0.000360
5060 0 0 -0.000308
5065 0 0 -0.000435
5070 0 0 -0.000580
5075 0 0 -0.000620
5080 0 0 -0.000575
5085 0 0 -0.000500
5090 0 0 -0.000442
5095 0 0 -0.000413
5100 0 0 -0.000420
5105 0 0 -0.000459
5110 0 0 -0.000498
5115 0 0 -0.000500
5120 0 0 -0.000441
5125 0 0 -0.000361
5130 0 0 -0.000320
5135 0 0 -0.000354
5140 0 0 -0.000427
5145 0 0 -0.000480
5150 0 0 -0.000473
5155 0 0 -0.000427
5160 0 0 -0.000380
5165 0 0 -0.000361
5170 0 0 -0.000365
5175 0 0 -0.000380
5180 0 0 -0.000399
5185 0 0 -0.000433
5190 0 0 -0.000500
5195 0 0 -0.000605
5200 0 0 -0.000709
5205 0 0 -0.000760
5210 0 0 -0.000724
5215 0 0 -0.000634
5220 0 0 -0.000540
5225 0 0 -0.000481
5230 0 0 -0.000452
5235 0 0 -0.000440
5240 0 0 -0.000434
5245 0 0 -0.000438
5250 0 0 -0.000460
5255 0 0 -0.000502
5260 0 0 -0.000540
5265 0 0 -0.000540
5270 0 0 -0.000485
5275 0 0 -0.000414
5280 0 0 -0.000380
5285 0 0 -0.000416
5290 0 0 -0.000482
5295 0 0 -0.000520
5300 0 0 -0.000500
5305 0 0 -0.000513
5310 0 0 -0.000680
5315 0 0 -0.001061
5320 0 0 -0.001470
5325 0 0 -0.001660
5330 0 0 -0.001469
5335 0 0 -0.001065
5340 0 0 -0.000700
5345 0 0 -0.000574
5350 0 0 -0.000676
5355 0 0 -0.000940
5360 0 0 -0.001294
5365 0 0 -0.001632
5370 0 0 -0.001840
5375 0 0 -0.001840
5380 0 0 -0.001700
5385 0 0 -0.001520
5390 0 0 -0.001381
5395 0 0 -0.001272
5400 0 0 -0.001160
5405 0 0 -0.001024
5410 0 0 -0.000895
5415 0 0 -0.000820
5420 0 0 -0.000826
5425 0 0 -0.000871
5430 0 0 -0.000900
5435 0 0 -0.000871
5440 0 0 -0.000815
5445 0 0 -0.000780
5450 0 0 -0.000798
5455 0 0 -0.000839
5460 0 0 -0.000860
5465 0 0 -0.000829
5470 0 0 -0.000764
5475 0 0 -0.000700
5480 0 0 -0.000661
5485 0 0 -0.000650
5490 0 0 -0.000660
5495 0 0 -0.000684
5500 0 0 -0.000699
5505 0 0 -0.000680
5510 0 0 -0.000615
5515 0 0 -0.000554
5520 0 0 -0.000560
5525 0 0 -0.000669
5530 0 0 -0.000804
5535 0 0 -0.000860
5540 0 0 -0.000768
5545 0 0 -0.000609
5550 0 0 -0.000500
5555 0 0 -0.000524
5560 0 0 -0.000623
5565 0 0 -0.000700
5570 0 0 -0.000688
5575 0 0 -0.000627
5580 0 0 -0.000580
5585 0 0 -0.000594
5590 0 0 -0.000638
5595 0 0 -0.000660
5600 0 0 -0.000625
5605 0 0 -0.000563
5610 0 0 -0.000520
5615 0 0 -0.000528
5620 0 0 -0.000571
5625 0 0 -0.000620
5630 0 0 -0.000648
5635 0 0 -0.000639
5640 0 0 -0.000580
5645 0 0 -0.000470
5650 0 0 -0.000357
5655 0 0 -0.000300
5660 0 0 -0.000337
5665 0 0 -0.000416
5670 0 0 -0.000460
5675 0 0 -0.000420
5680 0 0 -0.000342
5685 0 0 -0.000300
5690 0 0 -0.000341
5695 0 0 -0.000419
5700 0 0 -0.000460
5705 0 0 -0.000415
5710 0 0 -0.000322
5715 0 0 -0.000240
5720 0 0 -0.000214
5725 0 0 -0.000235
5730 0 0 -0.000280
5735 0 0 -0.000327
5740 0 0 -0.000355
5745 0 0 -0.000340
5750 0 0 -0.000274
5755 0 0 -0.000196
5760 0 0 -0.000160
5765 0 0 -0.000200
5770 0 0 -0.000283
5775 0 0 -0.000360
5780 0 0 -0.000390
5785 0 0 -0.000379
5790 0 0 -0.000340
5795 0 0 -0.000290
5800 0 0 -0.000244
5805 0 0 -0.000220
5810 0 0 -0.000229
5815 0 0 -0.000261
5820 0 0 -0.000300
5825 0 0 -0.000333
5830 0 0 -0.000349
5835 0 0 -0.000340
5840 0 0 -0.000304
5845 0 0 -0.000266
5850 0 0 -0.000260
5855 0 0 -0.000304
5860 0 0 -0.000361
5865 0 0 -0.000380
5870 0 0 -0.000329
5875 0 0 -0.000249
5880 0 0 -0.000200
5885 0 0 -0.000222
5890 0 0 -0.000275
5895 0 0 -0.000300
5900 0 0 -0.000258
5905 0 0 -0.000191
5910 0 0 -0.000160
5915 0 0 -0.000204
5920 0 0 -0.000280
5925 0 0 -0.000320
5930 0 0 -0.000281
5935 0 0 -0.000206
5940 0 0 -0.000160
5945 0 0 -0.000187
5950 0 0 -0.000247
5955 0 0 -0.000280
5960 0 0 -0.000246
5965 0 0 -0.000191
5970 0 0 -0.000180
5975 0 0 -0.000256
5980 0 0 -0.000363
5985 0 0 -0.000420
5990 0 0 -0.000373
5995 0 0 -0.000278
6000 0 0 -0.000220
6005 0 0 -0.000256
6010 0 0 -0.000335
6015 0 0 -0.000380
6020 0 0 -0.000339
6025 0 0 -0.000256
6030 0 0 -0.000200
6035 0 0 -0.000219
6040 0 0 -0.000272
6045 0 0 -0.000300
6050 0 0 -0.000261
6055 0 0 -0.000194
6060 0 0 -0.000160
6065 0 0 -0.000198
6070 0 0 -0.000266
6075 0 0 -0.000300
6080 0 0 -0.000258
6085 0 0 -0.000183
6090 0 0 -0.000140
6095 0 0 -0.000173
6100 0 0 -0.000241
6105 0 0 -0.000280
6110 0 0 -0.000249
6115 0 0 -0.000189
6120 0 0 -0.000160
6125 0 0 -0.000204
6130 0 0 -0.000284
6135 0 0 -0.000340
6140 0 0 -0.000333
6145 0 0 -0.000291
6150 0 0 -0.000260
6155 0 0 -0.000273
6160 0 0 -0.000310
6165 0 0 -0.000340
6170 0 0 -0.000340
6175 0 0 -0.000320
6180 0 0 -0.000300
6185 0 0 -0.000292
6190 0 0 -0.000280
6195 0 0 -0.000240
6200 0 0 -0.000167
6205 0 0 -0.000136
6210 0 0 -0.000240
6215 0 0 -0.000527
6220 0 0 -0.000851
6225 0 0 -0.001020
6230 0 0 -0.000908
6235 0 0 -0.000648
6240 0 0 -0.000440
6245 0 0 -0.000429
6250 0 0 -0.000545
6255 0 0 -0.000660
6260 0 0 -0.000678
6265 0 0 -0.000616
6270 0 0 -0.000520
6275 0 0 -0.000430
6280 0 0 -0.000370
6285 0 0 -0.000360
6290 0 0 -0.000407
6295 0 0 -0.000476
6300 0 0 -0.000520
6305 0 0 -0.000507
6310 0 0 -0.000471
6315 0 0 -0.000460
6320 0 0 -0.000507
6325 0 0 -0.000577
6330 0 0 -0.000620
6335 0 0 -0.000601
6340 0 0 -0.000551
6345 0 0 -0.000520
6350 0 0 -0.000542
6355 0 0 -0.000600
6360 0 0 -0.000660
6365 0 0 -0.000695
6370 0 0 -0.000691
6375 0 0 -0.000640
6380 0 0 -0.000541
6385 0 0 -0.000427
6390 0 0 -0.000340
6395 0 0 -0.000310
6400 0 0 -0.000320
6405 0 0 -0.000340
6410 0 0 -0.000344
6415 0 0 -0.000325
6420 0 0 -0.000280
6425 0 0 -0.000220
6430 0 0 -0.000223
6435 0 0 -0.000380
6440 0 0 -0.000735
6445 0 0 -0.001141
6450 0 0 -0.001400
6455 0 0 -0.001373
6460 0 0 -0.001146
6465 0 0 -0.000860
6470 0 0 -0.000631
6475 0 0 -0.000475
6480 0 0 -0.000380
6485 0 0 -0.000336
6490 0 0 -0.000333
6495 0 0 -0.000360
6500 0 0 -0.000404
6505 0 0 -0.000435
6510 0 0 -0.000420
6515 0 0 -0.000341
6520 0 0 -0.000247
6525 0 0 -0.000200
6530 0 0 -0.000242
6535 0 0 -0.000325
6540 0 0 -0.000380
6545 0 0 -0.000357
6550 0 0 -0.000292
6555 0 0 -0.000240
6560 0 0 -0.000244
6565 0 0 -0.000287
6570 0 0 -0.000340
6575 0 0 -0.000378
6580 0 0 -0.000397
6585 0 0 -0.000400
6590 0 0 -0.000392
6595 0 0 -0.000386
6600 0 0 -0.000400
6605 0 0 -0.000440
6610 0 0 -0.000479
6615 0 0 -0.000480
6620 0 0 -0.000422
6625 0 0 -0.000344
6630 0 0 -0.000300
6635 0 0 -0.000327
6640 0 0 -0.000391
6645 0 0 -0.000440
6650 0 0 -0.000437
6655 0 0 -0.000409
6660 0 0 -0.000400
6665 0 0 -0.000437
6670 0 0 -0.000491
6675 0 0 -0.000520
6680 0 0 -0.000494
6685 0 0 -0.000446
6690 0 0 -0.000420
6695 0 0 -0.000447
6700 0 0 -0.000492
6705 0 0 -0.000500
6710 0 0 -0.000439
6715 0 0 -0.000352
6720 0 0 -0.000300
6725 0 0 -0.000328
6730 0 0 -0.000410
6735 0 0 -0.000500
6740 0 0 -0.000561
6745 0 0 -0.000582
6750 0 0 -0.000560
6755 0 0 -0.000499
6760 0 0 -0.000432
6765 0 0 -0.000400
6770 0 0 -0.000436
6775 0 0 -0.000540
6780 0 0 -0.000700
6785 0 0 -0.000913
6790 0 0 -0.001193
6795 0 0 -0.001560
6800 0 0 -0.001998
6805 0 0 -0.002345
6810 0 0 -0.002400
6815 0 0 -0.002045
6820 0 0 -0.001478
6825 0 0 -0.000980
6830 0 0 -0.000759
6835 0 0 -0.000746
6840 0 0 -0.000800
6845 0 0 -0.000810
6850 0 0 -0.000774
6855 0 0 -0.000720
6860 0 0 -0.000670
6865 0 0 -0.000634
6870 0 0 -0.000620
6875 0 0 -0.000630
6880 0 0 -0.000655
6885 0 0 -0.000680
6890 0 0 -0.000695
6895 0 0 -0.000700
6900 0 0 -0.000700
6905 0 0 -0.000701
6910 0 0 -0.000721
6915 0 0 -0.000780
6920 0 0 -0.000883
6925 0 0 -0.000974
6930 0 0 -0.000980
6935 0 0 -0.000859
6940 0 0 -0.000689
6945 0 0 -0.000580
6950 0 0 -0.000605
6955 0 0 -0.000698
6960 0 0 -0.000760
6965 0 0 -0.000721
6970 0 0 -0.000634
6975 0 0 -0.000580
6980 0 0 -0.000617
6985 0 0 -0.000695
6990 0 0 -0.000740
6995 0 0 -0.000700
7000 0 0 -0.000618
7005 0 0 -0.000560
7010 0 0 -0.000575
7015 0 0 -0.000631
7020 0 0 -0.000680
7025 0 0 -0.000686
7030 0 0 -0.000668
7035 0 0 -0.000660
7040 0 0 -0.000686
7045 0 0 -0.000734
7050 0 0 -0.000780
7055 0 0 -0.000806
7060 0 0 -0.000806
7065 0 0 -0.000780
7070 0 0 -0.000732
7075 0 0 -0.000688
7080 0 0 -0.000680
7085 0 0 -0.000723
7090 0 0 -0.000766
7095 0 0 -0.000740
7100 0 0 -0.000604
7105 0 0 -0.000426
7110 0 0 -0.000300
7115 0 0 -0.000291
7120 0 0 -0.000346
7125 0 0 -0.000380
7130 0 0 -0.000335
7135 0 0 -0.000253
7140 0 0 -0.000200
7145 0 0 -0.000223
7150 0 0 -0.000283
7155 0 0 -0.000320
7160 0 0 -0.000292
7165 0 0 -0.000235
7170 0 0 -0.000200
7175 0 0 -0.000225
7180 0 0 -0.000281
7185 0 0 -0.000320
7190 0 0 -0.000312
7195 0 0 -0.000285
7200 0 0 -0.000280
7205 0 0 -0.000327
7210 0 0 -0.000400
7215 0 0 -0.000460
7220 0 0 -0.000477
7225 0 0 -0.000459
7230 0 0 -0.000420
7235 0 0 -0.000376
7240 0 0 -0.000334
7245 0 0 -0.000300
7250 0 0 -0.000278
7255 0 0 -0.000266
7260 0 0 -0.000260
7265 0 0 -0.000257
7270 0 0 -0.000252
7275 0 0 -0.000240
7280 0 0 -0.000220
7285 0 0 -0.000202
7290 0 0 -0.000200
7295 0 0 -0.000222
7300 0 0 -0.000249
7305 0 0 -0.000260
7310 0 0 -0.000239
7315 0 0 -0.000208
7320 0 0 -0.000200
7325 0 0 -0.000233
7330 0 0 -0.000280
7335 0 0 -0.000300
7340 0 0 -0.000269
7345 0 0 -0.000224
7350 0 0 -0.000220
7355 0 0 -0.000288
7360 0 0 -0.000379
7365 0 0 -0.000420
7370 0 0 -0.000366
7375 0 0 -0.000273
7380 0 0 -0.000220
7385 0 0 -0.000261
7390 0 0 -0.000341
7395 0 0 -0.000380
7400 0 0 -0.000324
7405 0 0 -0.000224
7410 0 0 -0.000160
7415 0 0 -0.000186
7420 0 0 -0.000256
7425 0 0 -0.000300
7430 0 0 -0.000269
7435 0 0 -0.000202
7440 0 0 -0.000160
7445 0 0 -0.000185
7450 0 0 -0.000243
7455 0 0 -0.000280
7460 0 0 -0.000258
7465 0 0 -0.000209
7470 0 0 -0.000180
7475 0 0 -0.000203
7480 0 0 -0.000251
7485 0 0 -0.000280
7490 0 0 -0.000261
7495 0 0 -0.000226
7500 0 0 -0.000220
7505 0 0 -0.000272
7510 0 0 -0.000344
7515 0 0 -0.000380
7520 0 0 -0.000345
7525 0 0 -0.000278
7530 0 0 -0.000240
7535 0 0 -0.000270
7540 0 0 -0.000329
7545 0 0 -0.000360
7550 0 0 -0.000323
7555 0 0 -0.000252
7560 0 0 -0.000200
7565 0 0 -0.000204
7570 0 0 -0.000238
7575 0 0 -0.000260
7580 0 0 -0.000241
7585 0 0 -0.000203
7590 0 0 -0.000180
7595 0 0 -0.000195
7600 0 0 -0.000231
7605 0 0 -0.000260
7610 0 0 -0.000261
7615 0 0 -0.000238
7620 0 0 -0.000200
7625 0 0 -0.000163
7630 0 0 -0.000162
7635 0 0 -0.000240
7640 0 0 -0.000416
7645 0 0 -0.000625
7650 0 0 -0.000780
7655 0 0 -0.000819
7660 0 0 -0.000774
7665 0 0 -0.000700
7670 0 0 -0.000644
7675 0 0 -0.000611
7680 0 0 -0.000600
7685 0 0 -0.000605
7690 0 0 -0.000621
7695 0 0 -0.000640
7700 0 0 -0.000653
7705 0 0 -0.000646
7710 0 0 -0.000600
7715 0 0 -0.000510
7720 0 0 -0.000413
7725 0 0 -0.000360
7730 0 0 -0.000381
7735 0 0 -0.000435
7740 0 0 -0.000460
7745 0 0 -0.000417
7750 0 0 -0.000344
7755 0 0 -0.000300
7760 0 0 -0.000325
7765 0 0 -0.000379
7770 0 0 -0.000400
7775 0 0 -0.000352
7780 0 0 -0.000292
7785 0 0 -0.000300
7790 0 0 -0.000423
7795 0 0 -0.000580
7800 0 0 -0.000660
7805 0 0 -0.000587
7810 0 0 -0.000441
7815 0 0 -0.000340
7820 0 0 -0.000364
7825 0 0 -0.000451
7830 0 0 -0.000500
7835 0 0 -0.000444
7840 0 0 -0.000340
7845 0 0 -0.000280
7850 0 0 -0.000324
7855 0 0 -0.000413
7860 0 0 -0.000460
7865 0 0 -0.000404
7870 0 0 -0.000297
7875 0 0 -0.000220
7880 0 0 -0.000229
7885 0 0 -0.000294
7890 0 0 -0.000360
7895 0 0 -0.000400
7900 0 0 -0.000497
7905 0 0 -0.000760
7910 0 0 -0.001230
7915 0 0 -0.001677
7920 0 0 -0.001800
7925 0 0 -0.001411
7930 0 0 -0.000769
7935 0 0 -0.000240
7940 0 0 -0.000095
7945 0 0 -0.000210
7950 0 0 -0.000360
7955 0 0 -0.000376
7960 0 0 -0.000308
7965 0 0 -0.000260
7970 0 0 -0.000305
7975 0 0 -0.000397
7980 0 0 -0.000460
7985 0 0 -0.000440
7990 0 0 -0.000378
7995 0 0 -0.000340
8000 0 0 -0.000368
8005 0 0 -0.000422
8010 0 0 -0.000440
8015 0 0 -0.000381
8020 0 0 -0.000292
8025 0 0 -0.000240
8030 0 0 -0.000270
8035 0 0 -0.000339
8040 0 0 -0.000380
8045 0 0 -0.000347
8050 0 0 -0.000275
8055 0 0 -0.000220
8060 0 0 -0.000224
8065 0 0 -0.000273
8070 0 0 -0.000340
8075 0 0 -0.000403
8080 0 0 -0.000456
8085 0 0 -0.000500
8090 0 0 -0.000532
8095 0 0 -0.000537
8100 0 0 -0.000500
8105 0 0 -0.000415
8110 0 0 -0.000324
8115 0 0 -0.000280
8120 0 0 -0.000319
8125 0 0 -0.000408
8130 0 0 -0.000500
8135 0 0 -0.000554
8140 0 0 -0.000566
8145 0 0 -0.000540
8150 0 0 -0.000484
8155 0 0 -0.000427
8160 0 0 -0.000400
8165 0 0 -0.000425
8170 0 0 -0.000476
8175 0 0 -0.000520
8180 0 0 -0.000526
8185 0 0 -0.000486
8190 0 0 -0.000400
8195 0 0 -0.000283
8200 0 0 -0.000221
8205 0 0 -0.000320
8210 0 0 -0.000642
8215 0 0 -0.001089
8220 0 0 -0.001520
8225 0 0 -0.001820
8230 0 0 -0.001966
8235 0 0 -0.001960
8240 0 0 -0.001813
8245 0 0 -0.001574
8250 0 0 -0.001300
8255 0 0 -0.001042
8260 0 0 -0.000823
8265 0 0 -0.000660
8270 0 0 -0.000566
8275 0 0 -0.000536
8280 0 0 -0.000560
8285 0 0 -0.000624
8290 0 0 -0.000700
8295 0 0 -0.000760
8300 0 0 -0.000784
8305 0 0 -0.000803
8310 0 0 -0.000860
8315 0 0 -0.000977
8320 0 0 -0.001097
8325 0 0 -0.001140
8330 0 0 -0.001054
8335 0 0 -0.000889
8340 0 0 -0.000720
8345 0 0 -0.000607
8350 0 0 -0.000551
8355 0 0 -0.000540
8360 0 0 -0.000560
8365 0 0 -0.000598
8370 0 0 -0.000640
8375 0 0 -0.000674
8380 0 0 -0.000691
8385 0 0 -0.000680
8390 0 0 -0.000641
8395 0 0 -0.000607
8400 0 0 -0.000620
8405 0 0 -0.000701
8410 0 0 -0.000793
8415 0 0 -0.000820
8420 0 0 -0.000733
8425 0 0 -0.000596
8430 0 0 -0.000500
8435 0 0 -0.000508
8440 0 0 -0.000572
8445 0 0 -0.000620
8450 0 0 -0.000598
8455 0 0 -0.000539
8460 0 0 -0.000500
8465 0 0 -0.000519
8470 0 0 -0.000573
8475 0 0 -0.000620
8480 0 0 -0.000630
8485 0 0 -0.000611
8490 0 0 -0.000580
8495 0 0 -0.000552
8500 0 0 -0.000532
8505 0 0 -0.000520
8510 0 0 -0.000515
8515 0 0 -0.000501
8520 0 0 -0.000460
8525 0 0 -0.000383
8530 0 0 -0.000303
8535 0 0 -0.000260
8540 0 0 -0.000281
8545 0 0 -0.000331
8550 0 0 -0.000360
8555 0 0 -0.000334
8560 0 0 -0.000279
8565 0 0 -0.000240
8570 0 0 -0.000247
8575 0 0 -0.000289
8580 0 0 -0.000340
8585 0 0 -0.000380
8590 0 0 -0.000396
8595 0 0 -0.000380
8600 0 0 -0.000330
8605 0 0 -0.000282
8610 0 0 -0.000280
8615 0 0 -0.000350
8620 0 0 -0.000440
8625 0 0 -0.000480
8630 0 0 -0.000422
8635 0 0 -0.000318
8640 0 0 -0.000240
8645 0 0 -0.000243
8650 0 0 -0.000299
8655 0 0 -0.000360
8660 0 0 -0.000386
8665 0 0 -0.000377
8670 0 0 -0.000340
8675 0 0 -0.000286
8680 0 0 -0.000232
8685 0 0 -0.000200
8690 0 0 -0.000203
8695 0 0 -0.000230
8700 0 0 -0.000260
8705 0 0 -0.000278
8710 0 0 -0.000279
8715 0 0 -0.000260
8720 0 0 -0.000225
8725 0 0 -0.000201
8730 0 0 -0.000220
8735 0 0 -0.000298
8740 0 0 -0.000386
8745 0 0 -0.000420
8750 0 0 -0.000360
8755 0 0 -0.000265
8760 0 0 -0.000220
8765 0 0 -0.000279
8770 0 0 -0.000382
8775 0 0 -0.000440
8780 0 0 -0.000392
8785 0 0 -0.000292
8790 0 0 -0.000220
8795 0 0 -0.000233
8800 0 0 -0.000289
8805 0 0 -0.000320
8810 0 0 -0.000280
8815 0 0 -0.000206
8820 0 0 -0.000160
8825 0 0 -0.000182
8830 0 0 -0.000239
8835 0 0 -0.000280
8840 0 0 -0.000268
8845 0 0 -0.000228
8850 0 0 -0.000200
8855 0 0 -0.000211
8860 0 0 -0.000242
8865 0 0 -0.000260
8870 0 0 -0.000243
8875 0 0 -0.000212
8880 0 0 -0.000200
8885 0 0 -0.000228
8890 0 0 -0.000277
8895 0 0 -0.000320
8900 0 0 -0.000335
8905 0 0 -0.000330
8910 0 0 -0.000320
8915 0 0 -0.000317
8920 0 0 -0.000319
8925 0 0 -0.000320
8930 0 0 -0.000315
8935 0 0 -0.000307
8940 0 0 -0.000300
8945 0 0 -0.000295
8950 0 0 -0.000290
8955 0 0 -0.000280
8960 0 0 -0.000261
8965 0 0 -0.000239
8970 0 0 -0.000220
8975 0 0 -0.000210
8980 0 0 -0.000209
8985 0 0 -0.000220
8990 0 0 -0.000240
8995 0 0 -0.000258
9000 0 0 -0.000260
9005 0 0 -0.000240
9010 0 0 -0.000212
9015 0 0 -0.000200
9020 0 0 -0.000216
9025 0 0 -0.000245
9030 0 0 -0.000260
9035 0 0 -0.000246
9040 0 0 -0.000218
9045 0 0 -0.000200
9050 0 0 -0.000213
9055 0 0 -0.000269
9060 0 0 -0.000380
9065 0 0 -0.000542
9070 0 0 -0.000699
9075 0 0 -0.000780
9080 0 0 -0.000740
9085 0 0 -0.000638
9090 0 0 -0.000560
9095 0 0 -0.000567
9100 0 0 -0.000616
9105 0 0 -0.000640
9110 0 0 -0.000594
9115 0 0 -0.000519
9120 0 0 -0.000480
9125 0 0 -0.000518
9130 0 0 -0.000588
9135 0 0 -0.000620
9140 0 0 -0.000572
9145 0 0 -0.000509
9150 0 0 -0.000520
9155 0 0 -0.000660
9160 0 0 -0.000842
9165 0 0 -0.000940
9170 0 0 -0.000871
9175 0 0 -0.000712
9180 0 0 -0.000580
9185 0 0 -0.000559
9190 0 0 -0.000604
9195 0 0 -0.000640
9200 0 0 -0.000612
9205 0 0 -0.000558
9210 0 0 -0.000540
9215 0 0 -0.000597
9220 0 0 -0.000686
9225 0 0 -0.000740
9230 0 0 -0.000715
9235 0 0 -0.000644
9240 0 0 -0.000580
9245 0 0 -0.000565
9250 0 0 -0.000586
9255 0 0 -0.000620
9260 0 0 -0.000644
9265 0 0 -0.000647
9270 0 0 -0.000620
9275 0 0 -0.000562
9280 0 0 -0.000502
9285 0 0 -0.000480
9290 0 0 -0.000517
9295 0 0 -0.000575
9300 0 0 -0.000600
9305 0 0 -0.000553
9310 0 0 -0.000455
9315 0 0 -0.000340
9320 0 0 -0.000251
9325 0 0 -0.000253
9330 0 0 -0.000420
9335 0 0 -0.000781
9340 0 0 -0.001195
9345 0 0 -0.001480
9350 0 0 -0.001505
9355 0 0 -0.001354
9360 0 0 -0.001160
9365 0 0 -0.001028
9370 0 0 -0.000934
9375 0 0 -0.000820
9380 0 0 -0.000658
9385 0 0 -0.000529
9390 0 0 -0.000540
9395 0 0 -0.000751
9400 0 0 -0.001021
9405 0 0 -0.001160
9410 0 0 -0.001036
9415 0 0 -0.000750
9420 0 0 -0.000460
9425 0 0 -0.000292
9430 0 0 -0.000234
9435 0 0 -0.000240
9440 0 0 -0.000270
9445 0 0 -0.000307
9450 0 0 -0.000340
9455 0 0 -0.000359
9460 0 0 -0.000360
9465 0 0 -0.000340
9470 0 0 -0.000301
9475 0 0 -0.000260
9480 0 0 -0.000240
9485 0 0 -0.000259
9490 0 0 -0.000314
9495 0 0 -0.000400
9500 0 0 -0.000500
9505 0 0 -0.000566
9510 0 0 -0.000540
9515 0 0 -0.000402
9520 0 0 -0.000285
9525 0 0 -0.000360
9530 0 0 -0.000730
9535 0 0 -0.001224
9540 0 0 -0.001600
9545 0 0 -0.001682
9550 0 0 -0.001547
9555 0 0 -0.001340
9560 0 0 -0.001171
9565 0 0 -0.001031
9570 0 0 -0.000880
9575 0 0 -0.000708
9580 0 0 -0.000632
9585 0 0 -0.000800
9590 0 0 -0.001290
9595 0 0 -0.001906
9600 0 0 -0.002380
9605 0 0 -0.002516
9610 0 0 -0.002394
9615 0 0 -0.002160
9620 0 0 -0.001934
9625 0 0 -0.001717
9630 0 0 -0.001480
9635 0 0 -0.001207
9640 0 0 -0.000932
9645 0 0 -0.000700
9650 0 0 -0.000551
9655 0 0 -0.000496
9660 0 0 -0.000540
9665 0 0 -0.000679
9670 0 0 -0.000880
9675 0 0 -0.001100
9680 0 0 -0.001294
9685 0 0 -0.001407
9690 0 0 -0.001380
9695 0 0 -0.001192
9700 0 0 -0.000981
9705 0 0 -0.000920
9710 0 0 -0.001121
9715 0 0 -0.001433
9720 0 0 -0.001640
9725 0 0 -0.001588
9730 0 0 -0.001366
9735 0 0 -0.001120
9740 0 0 -0.000968
9745 0 0 -0.000896
9750 0 0 -0.000860
9755 0 0 -0.000823
9760 0 0 -0.000787
9765 0 0 -0.000760
9770 0 0 -0.000751
9775 0 0 -0.000759
9780 0 0 -0.000780
9785 0 0 -0.000809
9790 0 0 -0.000829
9795 0 0 -0.000820
9800 0 0 -0.000770
9805 0 0 -0.000695
9810 0 0 -0.000620
9815 0 0 -0.000566
9820 0 0 -0.000543
9825 0 0 -0.000560
9830 0 0 -0.000618
9835 0 0 -0.000684
9840 0 0 -0.000720
9845 0 0 -0.000698
9850 0 0 -0.000640
9855 0 0 -0.000580
9860 0 0 -0.000548
9865 0 0 -0.000548
9870 0 0 -0.000580
9875 0 0 -0.000638
9880 0 0 -0.000690
9885 0 0 -0.000700
9890 0 0 -0.000646
9895 0 0 -0.000563
9900 0 0 -0.000500
9905 0 0 -0.000494
9910 0 0 -0.000525
9915 0 0 -0.000560
9920 0 0 -0.000573
9925 0 0 -0.000564
9930 0 0 -0.000540
9935 0 0 -0.000509
9940 0 0 -0.000489
9945 0 0 -0.000500
9950 0 0 -0.000554
9955 0 0 -0.000631
9960 0 0 -0.000700
9965 0 0 -0.000737
9970 0 0 -0.000731
9975 0 0 -0.000680
9980 0 0 -0.000587
9985 0 0 -0.000496
9990 0 0 -0.000460
9995 0 0 -0.000512
10000 0 0 -0.000602
10005 0 0 -0.000660
10010 0 0 -0.000636
10015 0 0 -0.000559
10020 0 0 -0.000480
10025 0 0 -0.000438
10030 0 0 -0.000429
10035 0 0 -0.000440
10040 0 0 -0.000457
10045 0 0 -0.000472
10050 0 0 -0.000480
10055 0 0 -0.000475
10060 0 0 -0.000456
10065 0 0 -0.000420
10070 0 0 -0.000366
10075 0 0 -0.000294
