     0  0.000e+00  0.000e+00 -7.858e-04
     5  0.000e+00  0.000e+00 -7.754e-04
    10  0.000e+00  0.000e+00 -7.751e-04
    15  0.000e+00  0.000e+00 -7.849e-04
    20  0.000e+00  0.000e+00 -8.047e-04
    25  0.000e+00  0.000e+00 -8.339e-04
    30  0.000e+00  0.000e+00 -8.720e-04
    35  0.000e+00  0.000e+00 -9.183e-04
    40  0.000e+00  0.000e+00 -9.718e-04
    45  0.000e+00  0.000e+00 -1.032e-03
    50  0.000e+00  0.000e+00 -1.096e-03
    55  0.000e+00  0.000e+00 -1.165e-03
    60  0.000e+00  0.000e+00 -1.236e-03
    65  0.000e+00  0.000e+00 -1.308e-03
    70  0.000e+00  0.000e+00 -1.379e-03
    75  0.000e+00  0.000e+00 -1.449e-03
    80  0.000e+00  0.000e+00 -1.516e-03
    85  0.000e+00  0.000e+00 -1.579e-03
    90  0.000e+00  0.000e+00 -1.636e-03
    95  0.000e+00  0.000e+00 -1.686e-03
   100  0.000e+00  0.000e+00 -1.729e-03
   105  0.000e+00  0.000e+00 -1.763e-03
   110  0.000e+00  0.000e+00 -1.789e-03
   115  0.000e+00  0.000e+00 -1.805e-03
   120  0.000e+00  0.000e+00 -1.812e-03
   125  0.000e+00  0.000e+00 -1.810e-03
   130  0.000e+00  0.000e+00 -1.798e-03
   135  0.000e+00  0.000e+00 -1.778e-03
   140  0.000e+00  0.000e+00 -1.750e-03
   145  0.000e+00  0.000e+00 -1.714e-03
   150  0.000e+00  0.000e+00 -1.672e-03
   155  0.000e+00  0.000e+00 -1.625e-03
   160  0.000e+00  0.000e+00 -1.573e-03
   165  0.000e+00  0.000e+00 -1.518e-03
   170  0.000e+00  0.000e+00 -1.461e-03
   175  0.000e+00  0.000e+00 -1.404e-03
   180  0.000e+00  0.000e+00 -1.347e-03
   185  0.000e+00  0.000e+00 -1.292e-03
   190  0.000e+00  0.000e+00 -1.240e-03
   195  0.000e+00  0.000e+00 -1.191e-03
   200  0.000e+00  0.000e+00 -1.147e-03
   205  0.000e+00  0.000e+00 -1.107e-03
   210  0.000e+00  0.000e+00 -1.074e-03
   215  0.000e+00  0.000e+00 -1.045e-03
   220  0.000e+00  0.000e+00 -1.023e-03
   225  0.000e+00  0.000e+00 -1.006e-03
   230  0.000e+00  0.000e+00 -9.937e-04
   235  0.000e+00  0.000e+00 -9.864e-04
   240  0.000e+00  0.000e+00 -9.830e-04
   245  0.000e+00  0.000e+00 -9.828e-04
   250  0.000e+00  0.000e+00 -9.847e-04
   255  0.000e+00  0.000e+00 -9.877e-04
   260  0.000e+00  0.000e+00 -9.909e-04
   265  0.000e+00  0.000e+00 -9.930e-04
   270  0.000e+00  0.000e+00 -9.930e-04
   275  0.000e+00  0.000e+00 -9.900e-04
   280  0.000e+00  0.000e+00 -9.828e-04
   285  0.000e+00  0.000e+00 -9.707e-04
   290  0.000e+00  0.000e+00 -9.531e-04
   295  0.000e+00  0.000e+00 -9.294e-04
   300  0.000e+00  0.000e+00 -8.993e-04
   305  0.000e+00  0.000e+00 -8.626e-04
   310  0.000e+00  0.000e+00 -8.195e-04
   315  0.000e+00  0.000e+00 -7.703e-04
   320  0.000e+00  0.000e+00 -7.155e-04
   325  0.000e+00  0.000e+00 -6.558e-04
   330  0.000e+00  0.000e+00 -5.922e-04
   335  0.000e+00  0.000e+00 -5.258e-04
   340  0.000e+00  0.000e+00 -4.577e-04
   345  0.000e+00  0.000e+00 -3.895e-04
   350  0.000e+00  0.000e+00 -3.225e-04
   355  0.000e+00  0.000e+00 -2.581e-04
   360  0.000e+00  0.000e+00 -1.980e-04
   365  0.000e+00  0.000e+00 -1.435e-04
   370  0.000e+00  0.000e+00 -9.609e-05
   375  0.000e+00  0.000e+00 -5.699e-05
   380  0.000e+00  0.000e+00 -2.734e-05
   385  0.000e+00  0.000e+00 -8.098e-06
   390  0.000e+00  0.000e+00 -3.209e-18
   395  0.000e+00  0.000e+00 -3.559e-06
   400  0.000e+00  0.000e+00 -1.904e-05
   405  0.000e+00  0.000e+00 -4.644e-05
   410  0.000e+00  0.000e+00 -8.550e-05
   415  0.000e+00  0.000e+00 -1.357e-04
   420  0.000e+00  0.000e+00 -1.963e-04
   425  0.000e+00  0.000e+00 -2.662e-04
   430  0.000e+00  0.000e+00 -3.442e-04
   435  0.000e+00  0.000e+00 -4.290e-04
   440  0.000e+00  0.000e+00 -5.189e-04
   445  0.000e+00  0.000e+00 -6.122e-04
   450  0.000e+00  0.000e+00 -7.073e-04
   455  0.000e+00  0.000e+00 -8.023e-04
   460  0.000e+00  0.000e+00 -8.955e-04
   465  0.000e+00  0.000e+00 -9.851e-04
   470  0.000e+00  0.000e+00 -1.070e-03
   475  0.000e+00  0.000e+00 -1.147e-03
   480  0.000e+00  0.000e+00 -1.217e-03
   485  0.000e+00  0.000e+00 -1.278e-03
   490  0.000e+00  0.000e+00 -1.329e-03
   495  0.000e+00  0.000e+00 -1.370e-03
   500  0.000e+00  0.000e+00 -1.399e-03
   505  0.000e+00  0.000e+00 -1.418e-03
   510  0.000e+00  0.000e+00 -1.427e-03
   515  0.000e+00  0.000e+00 -1.425e-03
   520  0.000e+00  0.000e+00 -1.414e-03
   525  0.000e+00  0.000e+00 -1.395e-03
   530  0.000e+00  0.000e+00 -1.369e-03
   535  0.000e+00  0.000e+00 -1.337e-03
   540  0.000e+00  0.000e+00 -1.301e-03
   545  0.000e+00  0.000e+00 -1.263e-03
   550  0.000e+00  0.000e+00 -1.224e-03
   555  0.000e+00  0.000e+00 -1.187e-03
   560  0.000e+00  0.000e+00 -1.151e-03
   565  0.000e+00  0.000e+00 -1.120e-03
   570  0.000e+00  0.000e+00 -1.095e-03
   575  0.000e+00  0.000e+00 -1.076e-03
   580  0.000e+00  0.000e+00 -1.066e-03
   585  0.000e+00  0.000e+00 -1.064e-03
   590  0.000e+00  0.000e+00 -1.072e-03
   595  0.000e+00  0.000e+00 -1.089e-03
   600  0.000e+00  0.000e+00 -1.116e-03
   605  0.000e+00  0.000e+00 -1.153e-03
   610  0.000e+00  0.000e+00 -1.198e-03
   615  0.000e+00  0.000e+00 -1.251e-03
   620  0.000e+00  0.000e+00 -1.312e-03
   625  0.000e+00  0.000e+00 -1.377e-03
   630  0.000e+00  0.000e+00 -1.447e-03
   635  0.000e+00  0.000e+00 -1.520e-03
   640  0.000e+00  0.000e+00 -1.593e-03
   645  0.000e+00  0.000e+00 -1.664e-03
   650  0.000e+00  0.000e+00 -1.733e-03
   655  0.000e+00  0.000e+00 -1.797e-03
   660  0.000e+00  0.000e+00 -1.854e-03
   665  0.000e+00  0.000e+00 -1.903e-03
   670  0.000e+00  0.000e+00 -1.941e-03
   675  0.000e+00  0.000e+00 -1.969e-03
   680  0.000e+00  0.000e+00 -1.984e-03
   685  0.000e+00  0.000e+00 -1.986e-03
   690  0.000e+00  0.000e+00 -1.974e-03
   695  0.000e+00  0.000e+00 -1.949e-03
   700  0.000e+00  0.000e+00 -1.909e-03
   705  0.000e+00  0.000e+00 -1.856e-03
   710  0.000e+00  0.000e+00 -1.790e-03
   715  0.000e+00  0.000e+00 -1.712e-03
   720  0.000e+00  0.000e+00 -1.623e-03
   725  0.000e+00  0.000e+00 -1.524e-03
   730  0.000e+00  0.000e+00 -1.418e-03
   735  0.000e+00  0.000e+00 -1.305e-03
   740  0.000e+00  0.000e+00 -1.189e-03
   745  0.000e+00  0.000e+00 -1.070e-03
   750  0.000e+00  0.000e+00 -9.501e-04
   755  0.000e+00  0.000e+00 -8.323e-04
   760  0.000e+00  0.000e+00 -7.181e-04
   765  0.000e+00  0.000e+00 -6.093e-04
   770  0.000e+00  0.000e+00 -5.075e-04
   775  0.000e+00  0.000e+00 -4.143e-04
   780  0.000e+00  0.000e+00 -3.311e-04
   785  0.000e+00  0.000e+00 -2.588e-04
   790  0.000e+00  0.000e+00 -1.984e-04
   795  0.000e+00  0.000e+00 -1.505e-04
   800  0.000e+00  0.000e+00 -1.154e-04
   805  0.000e+00  0.000e+00 -9.309e-05
   810  0.000e+00  0.000e+00 -8.351e-05
   815  0.000e+00  0.000e+00 -8.620e-05
   820  0.000e+00  0.000e+00 -1.005e-04
   825  0.000e+00  0.000e+00 -1.256e-04
   830  0.000e+00  0.000e+00 -1.604e-04
   835  0.000e+00  0.000e+00 -2.038e-04
   840  0.000e+00  0.000e+00 -2.545e-04
   845  0.000e+00  0.000e+00 -3.111e-04
   850  0.000e+00  0.000e+00 -3.723e-04
   855  0.000e+00  0.000e+00 -4.366e-04
   860  0.000e+00  0.000e+00 -5.026e-04
   865  0.000e+00  0.000e+00 -5.691e-04
   870  0.000e+00  0.000e+00 -6.349e-04
   875  0.000e+00  0.000e+00 -6.987e-04
   880  0.000e+00  0.000e+00 -7.597e-04
   885  0.000e+00  0.000e+00 -8.169e-04
   890  0.000e+00  0.000e+00 -8.698e-04
   895  0.000e+00  0.000e+00 -9.179e-04
   900  0.000e+00  0.000e+00 -9.609e-04
   905  0.000e+00  0.000e+00 -9.986e-04
   910  0.000e+00  0.000e+00 -1.031e-03
   915  0.000e+00  0.000e+00 -1.058e-03
   920  0.000e+00  0.000e+00 -1.081e-03
   925  0.000e+00  0.000e+00 -1.099e-03
   930  0.000e+00  0.000e+00 -1.114e-03
   935  0.000e+00  0.000e+00 -1.126e-03
   940  0.000e+00  0.000e+00 -1.135e-03
   945  0.000e+00  0.000e+00 -1.142e-03
   950  0.000e+00  0.000e+00 -1.149e-03
   955  0.000e+00  0.000e+00 -1.155e-03
   960  0.000e+00  0.000e+00 -1.162e-03
   965  0.000e+00  0.000e+00 -1.169e-03
   970  0.000e+00  0.000e+00 -1.179e-03
   975  0.000e+00  0.000e+00 -1.190e-03
   980  0.000e+00  0.000e+00 -1.203e-03
   985  0.000e+00  0.000e+00 -1.218e-03
   990  0.000e+00  0.000e+00 -1.237e-03
   995  0.000e+00  0.000e+00 -1.257e-03
  1000  0.000e+00  0.000e+00 -1.280e-03
  1005  0.000e+00  0.000e+00 -1.305e-03
  1010  0.000e+00  0.000e+00 -1.332e-03
  1015  0.000e+00  0.000e+00 -1.360e-03
  1020  0.000e+00  0.000e+00 -1.389e-03
  1025  0.000e+00  0.000e+00 -1.419e-03
  1030  0.000e+00  0.000e+00 -1.448e-03
  1035  0.000e+00  0.000e+00 -1.476e-03
  1040  0.000e+00  0.000e+00 -1.503e-03
  1045  0.000e+00  0.000e+00 -1.528e-03
  1050  0.000e+00  0.000e+00 -1.550e-03
  1055  0.000e+00  0.000e+00 -1.569e-03
  1060  0.000e+00  0.000e+00 -1.585e-03
  1065  0.000e+00  0.000e+00 -1.597e-03
  1070  0.000e+00  0.000e+00 -1.605e-03
  1075  0.000e+00  0.000e+00 -1.609e-03
  1080  0.000e+00  0.000e+00 -1.609e-03
  1085  0.000e+00  0.000e+00 -1.604e-03
  1090  0.000e+00  0.000e+00 -1.596e-03
  1095  0.000e+00  0.000e+00 -1.584e-03
  1100  0.000e+00  0.000e+00 -1.569e-03
  1105  0.000e+00  0.000e+00 -1.551e-03
  1110  0.000e+00  0.000e+00 -1.530e-03
  1115  0.000e+00  0.000e+00 -1.508e-03
  1120  0.000e+00  0.000e+00 -1.485e-03
  1125  0.000e+00  0.000e+00 -1.461e-03
  1130  0.000e+00  0.000e+00 -1.438e-03
  1135  0.000e+00  0.000e+00 -1.415e-03
  1140  0.000e+00  0.000e+00 -1.394e-03
  1145  0.000e+00  0.000e+00 -1.375e-03
  1150  0.000e+00  0.000e+00 -1.359e-03
  1155  0.000e+00  0.000e+00 -1.346e-03
  1160  0.000e+00  0.000e+00 -1.337e-03
  1165  0.000e+00  0.000e+00 -1.333e-03
  1170  0.000e+00  0.000e+00 -1.333e-03
  1175  0.000e+00  0.000e+00 -1.338e-03
  1180  0.000e+00  0.000e+00 -1.348e-03
  1185  0.000e+00  0.000e+00 -1.363e-03
  1190  0.000e+00  0.000e+00 -1.383e-03
  1195  0.000e+00  0.000e+00 -1.408e-03
  1200  0.000e+00  0.000e+00 -1.439e-03
  1205  0.000e+00  0.000e+00 -1.474e-03
  1210  0.000e+00  0.000e+00 -1.513e-03
  1215  0.000e+00  0.000e+00 -1.556e-03
  1220  0.000e+00  0.000e+00 -1.602e-03
  1225  0.000e+00  0.000e+00 -1.651e-03
  1230  0.000e+00  0.000e+00 -1.703e-03
  1235  0.000e+00  0.000e+00 -1.756e-03
  1240  0.000e+00  0.000e+00 -1.810e-03
  1245  0.000e+00  0.000e+00 -1.864e-03
  1250  0.000e+00  0.000e+00 -1.918e-03
  1255  0.000e+00  0.000e+00 -1.970e-03
  1260  0.000e+00  0.000e+00 -2.021e-03
  1265  0.000e+00  0.000e+00 -2.069e-03
  1270  0.000e+00  0.000e+00 -2.114e-03
  1275  0.000e+00  0.000e+00 -2.155e-03
  1280  0.000e+00  0.000e+00 -2.191e-03
  1285  0.000e+00  0.000e+00 -2.221e-03
  1290  0.000e+00  0.000e+00 -2.246e-03
  1295  0.000e+00  0.000e+00 -2.265e-03
  1300  0.000e+00  0.000e+00 -2.277e-03
  1305  0.000e+00  0.000e+00 -2.281e-03
  1310  0.000e+00  0.000e+00 -2.279e-03
  1315  0.000e+00  0.000e+00 -2.268e-03
  1320  0.000e+00  0.000e+00 -2.250e-03
  1325  0.000e+00  0.000e+00 -2.224e-03
  1330  0.000e+00  0.000e+00 -2.190e-03
  1335  0.000e+00  0.000e+00 -2.149e-03
  1340  0.000e+00  0.000e+00 -2.101e-03
  1345  0.000e+00  0.000e+00 -2.045e-03
  1350  0.000e+00  0.000e+00 -1.983e-03
  1355  0.000e+00  0.000e+00 -1.916e-03
  1360  0.000e+00  0.000e+00 -1.843e-03
  1365  0.000e+00  0.000e+00 -1.766e-03
  1370  0.000e+00  0.000e+00 -1.686e-03
  1375  0.000e+00  0.000e+00 -1.603e-03
  1380  0.000e+00  0.000e+00 -1.519e-03
  1385  0.000e+00  0.000e+00 -1.434e-03
  1390  0.000e+00  0.000e+00 -1.350e-03
  1395  0.000e+00  0.000e+00 -1.268e-03
  1400  0.000e+00  0.000e+00 -1.189e-03
  1405  0.000e+00  0.000e+00 -1.114e-03
  1410  0.000e+00  0.000e+00 -1.044e-03
  1415  0.000e+00  0.000e+00 -9.810e-04
  1420  0.000e+00  0.000e+00 -9.246e-04
  1425  0.000e+00  0.000e+00 -8.763e-04
  1430  0.000e+00  0.000e+00 -8.367e-04
  1435  0.000e+00  0.000e+00 -8.064e-04
  1440  0.000e+00  0.000e+00 -7.858e-04
  1445  0.000e+00  0.000e+00 -7.754e-04
  1450  0.000e+00  0.000e+00 -7.751e-04
  1455  0.000e+00  0.000e+00 -7.849e-04
  1460  0.000e+00  0.000e+00 -8.047e-04
  1465  0.000e+00  0.000e+00 -8.339e-04
  1470  0.000e+00  0.000e+00 -8.720e-04
  1475  0.000e+00  0.000e+00 -9.183e-04
  1480  0.000e+00  0.000e+00 -9.718e-04
  1485  0.000e+00  0.000e+00 -1.032e-03
  1490  0.000e+00  0.000e+00 -1.096e-03
  1495  0.000e+00  0.000e+00 -1.165e-03
  1500  0.000e+00  0.000e+00 -1.236e-03
  1505  0.000e+00  0.000e+00 -1.308e-03
  1510  0.000e+00  0.000e+00 -1.379e-03
  1515  0.000e+00  0.000e+00 -1.449e-03
  1520  0.000e+00  0.000e+00 -1.516e-03
  1525  0.000e+00  0.000e+00 -1.579e-03
  1530  0.000e+00  0.000e+00 -1.636e-03
  1535  0.000e+00  0.000e+00 -1.686e-03
  1540  0.000e+00  0.000e+00 -1.729e-03
  1545  0.000e+00  0.000e+00 -1.763e-03
  1550  0.000e+00  0.000e+00 -1.789e-03
  1555  0.000e+00  0.000e+00 -1.805e-03
  1560  0.000e+00  0.000e+00 -1.812e-03
  1565  0.000e+00  0.000e+00 -1.810e-03
  1570  0.000e+00  0.000e+00 -1.798e-03
  1575  0.000e+00  0.000e+00 -1.778e-03
  1580  0.000e+00  0.000e+00 -1.750e-03
  1585  0.000e+00  0.000e+00 -1.714e-03
  1590  0.000e+00  0.000e+00 -1.672e-03
  1595  0.000e+00  0.000e+00 -1.625e-03
  1600  0.000e+00  0.000e+00 -1.573e-03
  1605  0.000e+00  0.000e+00 -1.518e-03
  1610  0.000e+00  0.000e+00 -1.461e-03
  1615  0.000e+00  0.000e+00 -1.404e-03
  1620  0.000e+00  0.000e+00 -1.347e-03
  1625  0.000e+00  0.000e+00 -1.292e-03
  1630  0.000e+00  0.000e+00 -1.240e-03
  1635  0.000e+00  0.000e+00 -1.191e-03
  1640  0.000e+00  0.000e+00 -1.147e-03
  1645  0.000e+00  0.000e+00 -1.107e-03
  1650  0.000e+00  0.000e+00 -1.074e-03
  1655  0.000e+00  0.000e+00 -1.045e-03
  1660  0.000e+00  0.000e+00 -1.023e-03
  1665  0.000e+00  0.000e+00 -1.006e-03
  1670  0.000e+00  0.000e+00 -9.937e-04
  1675  0.000e+00  0.000e+00 -9.864e-04
  1680  0.000e+00  0.000e+00 -9.830e-04
  1685  0.000e+00  0.000e+00 -9.828e-04
  1690  0.000e+00  0.000e+00 -9.847e-04
  1695  0.000e+00  0.000e+00 -9.877e-04
  1700  0.000e+00  0.000e+00 -9.909e-04
  1705  0.000e+00  0.000e+00 -9.930e-04
  1710  0.000e+00  0.000e+00 -9.930e-04
  1715  0.000e+00  0.000e+00 -9.900e-04
  1720  0.000e+00  0.000e+00 -9.828e-04
  1725  0.000e+00  0.000e+00 -9.707e-04
  1730  0.000e+00  0.000e+00 -9.531e-04
  1735  0.000e+00  0.000e+00 -9.294e-04
  1740  0.000e+00  0.000e+00 -8.993e-04
  1745  0.000e+00  0.000e+00 -8.626e-04
  1750  0.000e+00  0.000e+00 -8.195e-04
  1755  0.000e+00  0.000e+00 -7.703e-04
  1760  0.000e+00  0.000e+00 -7.155e-04
  1765  0.000e+00  0.000e+00 -6.558e-04
  1770  0.000e+00  0.000e+00 -5.922e-04
  1775  0.000e+00  0.000e+00 -5.258e-04
  1780  0.000e+00  0.000e+00 -4.577e-04
  1785  0.000e+00  0.000e+00 -3.895e-04
  1790  0.000e+00  0.000e+00 -3.225e-04
  1795  0.000e+00  0.000e+00 -2.581e-04
  1800  0.000e+00  0.000e+00 -1.980e-04
  1805  0.000e+00  0.000e+00 -1.435e-04
  1810  0.000e+00  0.000e+00 -9.609e-05
  1815  0.000e+00  0.000e+00 -5.699e-05
  1820  0.000e+00  0.000e+00 -2.734e-05
  1825  0.000e+00  0.000e+00 -8.098e-06
  1830  0.000e+00  0.000e+00 -3.715e-18
  1835  0.000e+00  0.000e+00 -3.559e-06
  1840  0.000e+00  0.000e+00 -1.904e-05
  1845  0.000e+00  0.000e+00 -4.644e-05
  1850  0.000e+00  0.000e+00 -8.550e-05
  1855  0.000e+00  0.000e+00 -1.357e-04
  1860  0.000e+00  0.000e+00 -1.963e-04
  1865  0.000e+00  0.000e+00 -2.662e-04
  1870  0.000e+00  0.000e+00 -3.442e-04
  1875  0.000e+00  0.000e+00 -4.290e-04
  1880  0.000e+00  0.000e+00 -5.189e-04
  1885  0.000e+00  0.000e+00 -6.122e-04
  1890  0.000e+00  0.000e+00 -7.073e-04
  1895  0.000e+00  0.000e+00 -8.023e-04
  1900  0.000e+00  0.000e+00 -8.955e-04
  1905  0.000e+00  0.000e+00 -9.851e-04
  1910  0.000e+00  0.000e+00 -1.070e-03
  1915  0.000e+00  0.000e+00 -1.147e-03
  1920  0.000e+00  0.000e+00 -1.217e-03
  1925  0.000e+00  0.000e+00 -1.278e-03
  1930  0.000e+00  0.000e+00 -1.329e-03
  1935  0.000e+00  0.000e+00 -1.370e-03
  1940  0.000e+00  0.000e+00 -1.399e-03
  1945  0.000e+00  0.000e+00 -1.418e-03
  1950  0.000e+00  0.000e+00 -1.427e-03
  1955  0.000e+00  0.000e+00 -1.425e-03
  1960  0.000e+00  0.000e+00 -1.414e-03
  1965  0.000e+00  0.000e+00 -1.395e-03
  1970  0.000e+00  0.000e+00 -1.369e-03
  1975  0.000e+00  0.000e+00 -1.337e-03
  1980  0.000e+00  0.000e+00 -1.301e-03
  1985  0.000e+00  0.000e+00 -1.263e-03
  1990  0.000e+00  0.000e+00 -1.224e-03
  1995  0.000e+00  0.000e+00 -1.187e-03
  2000  0.000e+00  0.000e+00 -1.151e-03
  2005  0.000e+00  0.000e+00 -1.120e-03
  2010  0.000e+00  0.000e+00 -1.095e-03
  2015  0.000e+00  0.000e+00 -1.076e-03
  2020  0.000e+00  0.000e+00 -1.066e-03
  2025  0.000e+00  0.000e+00 -1.064e-03
  2030  0.000e+00  0.000e+00 -1.072e-03
  2035  0.000e+00  0.000e+00 -1.089e-03
  2040  0.000e+00  0.000e+00 -1.116e-03
  2045  0.000e+00  0.000e+00 -1.153e-03
  2050  0.000e+00  0.000e+00 -1.198e-03
  2055  0.000e+00  0.000e+00 -1.251e-03
  2060  0.000e+00  0.000e+00 -1.312e-03
  2065  0.000e+00  0.000e+00 -1.377e-03
  2070  0.000e+00  0.000e+00 -1.447e-03
  2075  0.000e+00  0.000e+00 -1.520e-03
  2080  0.000e+00  0.000e+00 -1.593e-03
  2085  0.000e+00  0.000e+00 -1.664e-03
  2090  0.000e+00  0.000e+00 -1.733e-03
  2095  0.000e+00  0.000e+00 -1.797e-03
  2100  0.000e+00  0.000e+00 -1.854e-03
  2105  0.000e+00  0.000e+00 -1.903e-03
  2110  0.000e+00  0.000e+00 -1.941e-03
  2115  0.000e+00  0.000e+00 -1.969e-03
  2120  0.000e+00  0.000e+00 -1.984e-03
  2125  0.000e+00  0.000e+00 -1.986e-03
  2130  0.000e+00  0.000e+00 -1.974e-03
  2135  0.000e+00  0.000e+00 -1.949e-03
  2140  0.000e+00  0.000e+00 -1.909e-03
  2145  0.000e+00  0.000e+00 -1.856e-03
  2150  0.000e+00  0.000e+00 -1.790e-03
  2155  0.000e+00  0.000e+00 -1.712e-03
  2160  0.000e+00  0.000e+00 -1.623e-03
  2165  0.000e+00  0.000e+00 -1.524e-03
  2170  0.000e+00  0.000e+00 -1.418e-03
  2175  0.000e+00  0.000e+00 -1.305e-03
  2180  0.000e+00  0.000e+00 -1.189e-03
  2185  0.000e+00  0.000e+00 -1.070e-03
  2190  0.000e+00  0.000e+00 -9.501e-04
  2195  0.000e+00  0.000e+00 -8.323e-04
  2200  0.000e+00  0.000e+00 -7.181e-04
  2205  0.000e+00  0.000e+00 -6.093e-04
  2210  0.000e+00  0.000e+00 -5.075e-04
  2215  0.000e+00  0.000e+00 -4.143e-04
  2220  0.000e+00  0.000e+00 -3.311e-04
  2225  0.000e+00  0.000e+00 -2.588e-04
  2230  0.000e+00  0.000e+00 -1.984e-04
  2235  0.000e+00  0.000e+00 -1.505e-04
  2240  0.000e+00  0.000e+00 -1.154e-04
  2245  0.000e+00  0.000e+00 -9.309e-05
  2250  0.000e+00  0.000e+00 -8.351e-05
  2255  0.000e+00  0.000e+00 -8.620e-05
  2260  0.000e+00  0.000e+00 -1.005e-04
  2265  0.000e+00  0.000e+00 -1.256e-04
  2270  0.000e+00  0.000e+00 -1.604e-04
  2275  0.000e+00  0.000e+00 -2.038e-04
  2280  0.000e+00  0.000e+00 -2.545e-04
  2285  0.000e+00  0.000e+00 -3.111e-04
  2290  0.000e+00  0.000e+00 -3.723e-04
  2295  0.000e+00  0.000e+00 -4.366e-04
  2300  0.000e+00  0.000e+00 -5.026e-04
  2305  0.000e+00  0.000e+00 -5.691e-04
  2310  0.000e+00  0.000e+00 -6.349e-04
  2315  0.000e+00  0.000e+00 -6.987e-04
  2320  0.000e+00  0.000e+00 -7.597e-04
  2325  0.000e+00  0.000e+00 -8.169e-04
  2330  0.000e+00  0.000e+00 -8.698e-04
  2335  0.000e+00  0.000e+00 -9.179e-04
  2340  0.000e+00  0.000e+00 -9.609e-04
  2345  0.000e+00  0.000e+00 -9.986e-04
  2350  0.000e+00  0.000e+00 -1.031e-03
  2355  0.000e+00  0.000e+00 -1.058e-03
  2360  0.000e+00  0.000e+00 -1.081e-03
  2365  0.000e+00  0.000e+00 -1.099e-03
  2370  0.000e+00  0.000e+00 -1.114e-03
  2375  0.000e+00  0.000e+00 -1.126e-03
  2380  0.000e+00  0.000e+00 -1.135e-03
  2385  0.000e+00  0.000e+00 -1.142e-03
  2390  0.000e+00  0.000e+00 -1.149e-03
  2395  0.000e+00  0.000e+00 -1.155e-03
  2400  0.000e+00  0.000e+00 -1.162e-03
  2405  0.000e+00  0.000e+00 -1.169e-03
  2410  0.000e+00  0.000e+00 -1.179e-03
  2415  0.000e+00  0.000e+00 -1.190e-03
  2420  0.000e+00  0.000e+00 -1.203e-03
  2425  0.000e+00  0.000e+00 -1.218e-03
  2430  0.000e+00  0.000e+00 -1.237e-03
  2435  0.000e+00  0.000e+00 -1.257e-03
  2440  0.000e+00  0.000e+00 -1.280e-03
  2445  0.000e+00  0.000e+00 -1.305e-03
  2450  0.000e+00  0.000e+00 -1.332e-03
  2455  0.000e+00  0.000e+00 -1.360e-03
  2460  0.000e+00  0.000e+00 -1.389e-03
  2465  0.000e+00  0.000e+00 -1.419e-03
  2470  0.000e+00  0.000e+00 -1.448e-03
  2475  0.000e+00  0.000e+00 -1.476e-03
  2480  0.000e+00  0.000e+00 -1.503e-03
  2485  0.000e+00  0.000e+00 -1.528e-03
  2490  0.000e+00  0.000e+00 -1.550e-03
  2495  0.000e+00  0.000e+00 -1.569e-03
  2500  0.000e+00  0.000e+00 -1.585e-03
  2505  0.000e+00  0.000e+00 -1.597e-03
  2510  0.000e+00  0.000e+00 -1.605e-03
  2515  0.000e+00  0.000e+00 -1.609e-03
  2520  0.000e+00  0.000e+00 -1.609e-03
  2525  0.000e+00  0.000e+00 -1.604e-03
  2530  0.000e+00  0.000e+00 -1.596e-03
  2535  0.000e+00  0.000e+00 -1.584e-03
  2540  0.000e+00  0.000e+00 -1.569e-03
  2545  0.000e+00  0.000e+00 -1.551e-03
  2550  0.000e+00  0.000e+00 -1.530e-03
  2555  0.000e+00  0.000e+00 -1.508e-03
  2560  0.000e+00  0.000e+00 -1.485e-03
  2565  0.000e+00  0.000e+00 -1.461e-03
  2570  0.000e+00  0.000e+00 -1.438e-03
  2575  0.000e+00  0.000e+00 -1.415e-03
  2580  0.000e+00  0.000e+00 -1.394e-03
  2585  0.000e+00  0.000e+00 -1.375e-03
  2590  0.000e+00  0.000e+00 -1.359e-03
  2595  0.000e+00  0.000e+00 -1.346e-03
  2600  0.000e+00  0.000e+00 -1.337e-03
  2605  0.000e+00  0.000e+00 -1.333e-03
  2610  0.000e+00  0.000e+00 -1.333e-03
  2615  0.000e+00  0.000e+00 -1.338e-03
  2620  0.000e+00  0.000e+00 -1.348e-03
  2625  0.000e+00  0.000e+00 -1.363e-03
  2630  0.000e+00  0.000e+00 -1.383e-03
  2635  0.000e+00  0.000e+00 -1.408e-03
  2640  0.000e+00  0.000e+00 -1.439e-03
  2645  0.000e+00  0.000e+00 -1.474e-03
  2650  0.000e+00  0.000e+00 -1.513e-03
  2655  0.000e+00  0.000e+00 -1.556e-03
  2660  0.000e+00  0.000e+00 -1.602e-03
  2665  0.000e+00  0.000e+00 -1.651e-03
  2670  0.000e+00  0.000e+00 -1.703e-03
  2675  0.000e+00  0.000e+00 -1.756e-03
  2680  0.000e+00  0.000e+00 -1.810e-03
  2685  0.000e+00  0.000e+00 -1.864e-03
  2690  0.000e+00  0.000e+00 -1.918e-03
  2695  0.000e+00  0.000e+00 -1.970e-03
  2700  0.000e+00  0.000e+00 -2.021e-03
  2705  0.000e+00  0.000e+00 -2.069e-03
  2710  0.000e+00  0.000e+00 -2.114e-03
  2715  0.000e+00  0.000e+00 -2.155e-03
  2720  0.000e+00  0.000e+00 -2.191e-03
  2725  0.000e+00  0.000e+00 -2.221e-03
  2730  0.000e+00  0.000e+00 -2.246e-03
  2735  0.000e+00  0.000e+00 -2.265e-03
  2740  0.000e+00  0.000e+00 -2.277e-03
  2745  0.000e+00  0.000e+00 -2.281e-03
  2750  0.000e+00  0.000e+00 -2.279e-03
  2755  0.000e+00  0.000e+00 -2.268e-03
  2760  0.000e+00  0.000e+00 -2.250e-03
  2765  0.000e+00  0.000e+00 -2.224e-03
  2770  0.000e+00  0.000e+00 -2.190e-03
  2775  0.000e+00  0.000e+00 -2.149e-03
  2780  0.000e+00  0.000e+00 -2.101e-03
  2785  0.000e+00  0.000e+00 -2.045e-03
  2790  0.000e+00  0.000e+00 -1.983e-03
  2795  0.000e+00  0.000e+00 -1.916e-03
  2800  0.000e+00  0.000e+00 -1.843e-03
  2805  0.000e+00  0.000e+00 -1.766e-03
  2810  0.000e+00  0.000e+00 -1.686e-03
  2815  0.000e+00  0.000e+00 -1.603e-03
  2820  0.000e+00  0.000e+00 -1.519e-03
  2825  0.000e+00  0.000e+00 -1.434e-03
  2830  0.000e+00  0.000e+00 -1.350e-03
  2835  0.000e+00  0.000e+00 -1.268e-03
  2840  0.000e+00  0.000e+00 -1.189e-03
  2845  0.000e+00  0.000e+00 -1.114e-03
  2850  0.000e+00  0.000e+00 -1.044e-03
  2855  0.000e+00  0.000e+00 -9.810e-04
  2860  0.000e+00  0.000e+00 -9.246e-04
  2865  0.000e+00  0.000e+00 -8.763e-04
  2870  0.000e+00  0.000e+00 -8.367e-04
  2875  0.000e+00  0.000e+00 -8.064e-04
  2880  0.000e+00  0.000e+00 -7.858e-04
  2885  0.000e+00  0.000e+00 -7.754e-04
  2890  0.000e+00  0.000e+00 -7.751e-04
  2895  0.000e+00  0.000e+00 -7.849e-04
  2900  0.000e+00  0.000e+00 -8.047e-04
  2905  0.000e+00  0.000e+00 -8.339e-04
  2910  0.000e+00  0.000e+00 -8.720e-04
  2915  0.000e+00  0.000e+00 -9.183e-04
  2920  0.000e+00  0.000e+00 -9.718e-04
  2925  0.000e+00  0.000e+00 -1.032e-03
  2930  0.000e+00  0.000e+00 -1.096e-03
  2935  0.000e+00  0.000e+00 -1.165e-03
  2940  0.000e+00  0.000e+00 -1.236e-03
  2945  0.000e+00  0.000e+00 -1.308e-03
  2950  0.000e+00  0.000e+00 -1.379e-03
  2955  0.000e+00  0.000e+00 -1.449e-03
  2960  0.000e+00  0.000e+00 -1.516e-03
  2965  0.000e+00  0.000e+00 -1.579e-03
  2970  0.000e+00  0.000e+00 -1.636e-03
  2975  0.000e+00  0.000e+00 -1.686e-03
  2980  0.000e+00  0.000e+00 -1.729e-03
  2985  0.000e+00  0.000e+00 -1.763e-03
  2990  0.000e+00  0.000e+00 -1.789e-03
  2995  0.000e+00  0.000e+00 -1.805e-03
  3000  0.000e+00  0.000e+00 -1.812e-03
  3005  0.000e+00  0.000e+00 -1.810e-03
  3010  0.000e+00  0.000e+00 -1.798e-03
  3015  0.000e+00  0.000e+00 -1.778e-03
  3020  0.000e+00  0.000e+00 -1.750e-03
  3025  0.000e+00  0.000e+00 -1.714e-03
  3030  0.000e+00  0.000e+00 -1.672e-03
  3035  0.000e+00  0.000e+00 -1.625e-03
  3040  0.000e+00  0.000e+00 -1.573e-03
  3045  0.000e+00  0.000e+00 -1.518e-03
  3050  0.000e+00  0.000e+00 -1.461e-03
  3055  0.000e+00  0.000e+00 -1.404e-03
  3060  0.000e+00  0.000e+00 -1.347e-03
  3065  0.000e+00  0.000e+00 -1.292e-03
  3070  0.000e+00  0.000e+00 -1.240e-03
  3075  0.000e+00  0.000e+00 -1.191e-03
  3080  0.000e+00  0.000e+00 -1.147e-03
  3085  0.000e+00  0.000e+00 -1.107e-03
  3090  0.000e+00  0.000e+00 -1.074e-03
  3095  0.000e+00  0.000e+00 -1.045e-03
  3100  0.000e+00  0.000e+00 -1.023e-03
  3105  0.000e+00  0.000e+00 -1.006e-03
  3110  0.000e+00  0.000e+00 -9.937e-04
  3115  0.000e+00  0.000e+00 -9.864e-04
  3120  0.000e+00  0.000e+00 -9.830e-04
  3125  0.000e+00  0.000e+00 -9.828e-04
  3130  0.000e+00  0.000e+00 -9.847e-04
  3135  0.000e+00  0.000e+00 -9.877e-04
  3140  0.000e+00  0.000e+00 -9.909e-04
  3145  0.000e+00  0.000e+00 -9.930e-04
  3150  0.000e+00  0.000e+00 -9.930e-04
  3155  0.000e+00  0.000e+00 -9.900e-04
  3160  0.000e+00  0.000e+00 -9.828e-04
  3165  0.000e+00  0.000e+00 -9.707e-04
  3170  0.000e+00  0.000e+00 -9.531e-04
  3175  0.000e+00  0.000e+00 -9.294e-04
  3180  0.000e+00  0.000e+00 -8.993e-04
  3185  0.000e+00  0.000e+00 -8.626e-04
  3190  0.000e+00  0.000e+00 -8.195e-04
  3195  0.000e+00  0.000e+00 -7.703e-04
  3200  0.000e+00  0.000e+00 -7.155e-04
  3205  0.000e+00  0.000e+00 -6.558e-04
  3210  0.000e+00  0.000e+00 -5.922e-04
  3215  0.000e+00  0.000e+00 -5.258e-04
  3220  0.000e+00  0.000e+00 -4.577e-04
  3225  0.000e+00  0.000e+00 -3.895e-04
  3230  0.000e+00  0.000e+00 -3.225e-04
  3235  0.000e+00  0.000e+00 -2.581e-04
  3240  0.000e+00  0.000e+00 -1.980e-04
  3245  0.000e+00  0.000e+00 -1.435e-04
  3250  0.000e+00  0.000e+00 -9.609e-05
  3255  0.000e+00  0.000e+00 -5.699e-05
  3260  0.000e+00  0.000e+00 -2.734e-05
  3265  0.000e+00  0.000e+00 -8.098e-06
  3270  0.000e+00  0.000e+00 -8.443e-19
  3275  0.000e+00  0.000e+00 -3.559e-06
  3280  0.000e+00  0.000e+00 -1.904e-05
  3285  0.000e+00  0.000e+00 -4.644e-05
  3290  0.000e+00  0.000e+00 -8.550e-05
  3295  0.000e+00  0.000e+00 -1.357e-04
  3300  0.000e+00  0.000e+00 -1.963e-04
  3305  0.000e+00  0.000e+00 -2.662e-04
  3310  0.000e+00  0.000e+00 -3.442e-04
  3315  0.000e+00  0.000e+00 -4.290e-04
  3320  0.000e+00  0.000e+00 -5.189e-04
  3325  0.000e+00  0.000e+00 -6.122e-04
  3330  0.000e+00  0.000e+00 -7.073e-04
  3335  0.000e+00  0.000e+00 -8.023e-04
  3340  0.000e+00  0.000e+00 -8.955e-04
  3345  0.000e+00  0.000e+00 -9.851e-04
  3350  0.000e+00  0.000e+00 -1.070e-03
  3355  0.000e+00  0.000e+00 -1.147e-03
  3360  0.000e+00  0.000e+00 -1.217e-03
  3365  0.000e+00  0.000e+00 -1.278e-03
  3370  0.000e+00  0.000e+00 -1.329e-03
  3375  0.000e+00  0.000e+00 -1.370e-03
  3380  0.000e+00  0.000e+00 -1.399e-03
  3385  0.000e+00  0.000e+00 -1.418e-03
  3390  0.000e+00  0.000e+00 -1.427e-03
  3395  0.000e+00  0.000e+00 -1.425e-03
  3400  0.000e+00  0.000e+00 -1.414e-03
  3405  0.000e+00  0.000e+00 -1.395e-03
  3410  0.000e+00  0.000e+00 -1.369e-03
  3415  0.000e+00  0.000e+00 -1.337e-03
  3420  0.000e+00  0.000e+00 -1.301e-03
  3425  0.000e+00  0.000e+00 -1.263e-03
  3430  0.000e+00  0.000e+00 -1.224e-03
  3435  0.000e+00  0.000e+00 -1.187e-03
  3440  0.000e+00  0.000e+00 -1.151e-03
  3445  0.000e+00  0.000e+00 -1.120e-03
  3450  0.000e+00  0.000e+00 -1.095e-03
  3455  0.000e+00  0.000e+00 -1.076e-03
  3460  0.000e+00  0.000e+00 -1.066e-03
  3465  0.000e+00  0.000e+00 -1.064e-03
  3470  0.000e+00  0.000e+00 -1.072e-03
  3475  0.000e+00  0.000e+00 -1.089e-03
  3480  0.000e+00  0.000e+00 -1.116e-03
  3485  0.000e+00  0.000e+00 -1.153e-03
  3490  0.000e+00  0.000e+00 -1.198e-03
  3495  0.000e+00  0.000e+00 -1.251e-03
  3500  0.000e+00  0.000e+00 -1.312e-03
  3505  0.000e+00  0.000e+00 -1.377e-03
  3510  0.000e+00  0.000e+00 -1.447e-03
  3515  0.000e+00  0.000e+00 -1.520e-03
  3520  0.000e+00  0.000e+00 -1.593e-03
  3525  0.000e+00  0.000e+00 -1.664e-03
  3530  0.000e+00  0.000e+00 -1.733e-03
  3535  0.000e+00  0.000e+00 -1.797e-03
  3540  0.000e+00  0.000e+00 -1.854e-03
  3545  0.000e+00  0.000e+00 -1.903e-03
  3550  0.000e+00  0.000e+00 -1.941e-03
  3555  0.000e+00  0.000e+00 -1.969e-03
  3560  0.000e+00  0.000e+00 -1.984e-03
  3565  0.000e+00  0.000e+00 -1.986e-03
  3570  0.000e+00  0.000e+00 -1.974e-03
  3575  0.000e+00  0.000e+00 -1.949e-03
  3580  0.000e+00  0.000e+00 -1.909e-03
  3585  0.000e+00  0.000e+00 -1.856e-03
  3590  0.000e+00  0.000e+00 -1.790e-03
  3595  0.000e+00  0.000e+00 -1.712e-03
  3600  0.000e+00  0.000e+00 -1.623e-03
  3605  0.000e+00  0.000e+00 -1.524e-03
  3610  0.000e+00  0.000e+00 -1.418e-03
  3615  0.000e+00  0.000e+00 -1.305e-03
  3620  0.000e+00  0.000e+00 -1.189e-03
  3625  0.000e+00  0.000e+00 -1.070e-03
  3630  0.000e+00  0.000e+00 -9.501e-04
  3635  0.000e+00  0.000e+00 -8.323e-04
  3640  0.000e+00  0.000e+00 -7.181e-04
  3645  0.000e+00  0.000e+00 -6.093e-04
  3650  0.000e+00  0.000e+00 -5.075e-04
  3655  0.000e+00  0.000e+00 -4.143e-04
  3660  0.000e+00  0.000e+00 -3.311e-04
  3665  0.000e+00  0.000e+00 -2.588e-04
  3670  0.000e+00  0.000e+00 -1.984e-04
  3675  0.000e+00  0.000e+00 -1.505e-04
  3680  0.000e+00  0.000e+00 -1.154e-04
  3685  0.000e+00  0.000e+00 -9.309e-05
  3690  0.000e+00  0.000e+00 -8.351e-05
  3695  0.000e+00  0.000e+00 -8.620e-05
  3700  0.000e+00  0.000e+00 -1.005e-04
  3705  0.000e+00  0.000e+00 -1.256e-04
  3710  0.000e+00  0.000e+00 -1.604e-04
  3715  0.000e+00  0.000e+00 -2.038e-04
  3720  0.000e+00  0.000e+00 -2.545e-04
  3725  0.000e+00  0.000e+00 -3.111e-04
  3730  0.000e+00  0.000e+00 -3.723e-04
  3735  0.000e+00  0.000e+00 -4.366e-04
  3740  0.000e+00  0.000e+00 -5.026e-04
  3745  0.000e+00  0.000e+00 -5.691e-04
  3750  0.000e+00  0.000e+00 -6.349e-04
  3755  0.000e+00  0.000e+00 -6.987e-04
  3760  0.000e+00  0.000e+00 -7.597e-04
  3765  0.000e+00  0.000e+00 -8.169e-04
  3770  0.000e+00  0.000e+00 -8.698e-04
  3775  0.000e+00  0.000e+00 -9.179e-04
  3780  0.000e+00  0.000e+00 -9.609e-04
  3785  0.000e+00  0.000e+00 -9.986e-04
  3790  0.000e+00  0.000e+00 -1.031e-03
  3795  0.000e+00  0.000e+00 -1.058e-03
  3800  0.000e+00  0.000e+00 -1.081e-03
  3805  0.000e+00  0.000e+00 -1.099e-03
  3810  0.000e+00  0.000e+00 -1.114e-03
  3815  0.000e+00  0.000e+00 -1.126e-03
  3820  0.000e+00  0.000e+00 -1.135e-03
  3825  0.000e+00  0.000e+00 -1.142e-03
  3830  0.000e+00  0.000e+00 -1.149e-03
  3835  0.000e+00  0.000e+00 -1.155e-03
  3840  0.000e+00  0.000e+00 -1.162e-03
  3845  0.000e+00  0.000e+00 -1.169e-03
  3850  0.000e+00  0.000e+00 -1.179e-03
  3855  0.000e+00  0.000e+00 -1.190e-03
  3860  0.000e+00  0.000e+00 -1.203e-03
  3865  0.000e+00  0.000e+00 -1.218e-03
  3870  0.000e+00  0.000e+00 -1.237e-03
  3875  0.000e+00  0.000e+00 -1.257e-03
  3880  0.000e+00  0.000e+00 -1.280e-03
  3885  0.000e+00  0.000e+00 -1.305e-03
  3890  0.000e+00  0.000e+00 -1.332e-03
  3895  0.000e+00  0.000e+00 -1.360e-03
  3900  0.000e+00  0.000e+00 -1.389e-03
  3905  0.000e+00  0.000e+00 -1.419e-03
  3910  0.000e+00  0.000e+00 -1.448e-03
  3915  0.000e+00  0.000e+00 -1.476e-03
  3920  0.000e+00  0.000e+00 -1.503e-03
  3925  0.000e+00  0.000e+00 -1.528e-03
  3930  0.000e+00  0.000e+00 -1.550e-03
  3935  0.000e+00  0.000e+00 -1.569e-03
  3940  0.000e+00  0.000e+00 -1.585e-03
  3945  0.000e+00  0.000e+00 -1.597e-03
  3950  0.000e+00  0.000e+00 -1.605e-03
  3955  0.000e+00  0.000e+00 -1.609e-03
  3960  0.000e+00  0.000e+00 -1.609e-03
  3965  0.000e+00  0.000e+00 -1.604e-03
  3970  0.000e+00  0.000e+00 -1.596e-03
  3975  0.000e+00  0.000e+00 -1.584e-03
  3980  0.000e+00  0.000e+00 -1.569e-03
  3985  0.000e+00  0.000e+00 -1.551e-03
  3990  0.000e+00  0.000e+00 -1.530e-03
  3995  0.000e+00  0.000e+00 -1.508e-03
  4000  0.000e+00  0.000e+00 -1.485e-03
  4005  0.000e+00  0.000e+00 -1.461e-03
  4010  0.000e+00  0.000e+00 -1.438e-03
  4015  0.000e+00  0.000e+00 -1.415e-03
  4020  0.000e+00  0.000e+00 -1.394e-03
  4025  0.000e+00  0.000e+00 -1.375e-03
  4030  0.000e+00  0.000e+00 -1.359e-03
  4035  0.000e+00  0.000e+00 -1.346e-03
  4040  0.000e+00  0.000e+00 -1.337e-03
  4045  0.000e+00  0.000e+00 -1.333e-03
  4050  0.000e+00  0.000e+00 -1.333e-03
  4055  0.000e+00  0.000e+00 -1.338e-03
  4060  0.000e+00  0.000e+00 -1.348e-03
  4065  0.000e+00  0.000e+00 -1.363e-03
  4070  0.000e+00  0.000e+00 -1.383e-03
  4075  0.000e+00  0.000e+00 -1.408e-03
  4080  0.000e+00  0.000e+00 -1.439e-03
  4085  0.000e+00  0.000e+00 -1.474e-03
  4090  0.000e+00  0.000e+00 -1.513e-03
  4095  0.000e+00  0.000e+00 -1.556e-03
  4100  0.000e+00  0.000e+00 -1.602e-03
  4105  0.000e+00  0.000e+00 -1.651e-03
  4110  0.000e+00  0.000e+00 -1.703e-03
  4115  0.000e+00  0.000e+00 -1.756e-03
  4120  0.000e+00  0.000e+00 -1.810e-03
  4125  0.000e+00  0.000e+00 -1.864e-03
  4130  0.000e+00  0.000e+00 -1.918e-03
  4135  0.000e+00  0.000e+00 -1.970e-03
  4140  0.000e+00  0.000e+00 -2.021e-03
  4145  0.000e+00  0.000e+00 -2.069e-03
  4150  0.000e+00  0.000e+00 -2.114e-03
  4155  0.000e+00  0.000e+00 -2.155e-03
  4160  0.000e+00  0.000e+00 -2.191e-03
  4165  0.000e+00  0.000e+00 -2.221e-03
  4170  0.000e+00  0.000e+00 -2.246e-03
  4175  0.000e+00  0.000e+00 -2.265e-03
  4180  0.000e+00  0.000e+00 -2.277e-03
  4185  0.000e+00  0.000e+00 -2.281e-03
  4190  0.000e+00  0.000e+00 -2.279e-03
  4195  0.000e+00  0.000e+00 -2.268e-03
  4200  0.000e+00  0.000e+00 -2.250e-03
  4205  0.000e+00  0.000e+00 -2.224e-03
  4210  0.000e+00  0.000e+00 -2.190e-03
  4215  0.000e+00  0.000e+00 -2.149e-03
  4220  0.000e+00  0.000e+00 -2.101e-03
  4225  0.000e+00  0.000e+00 -2.045e-03
  4230  0.000e+00  0.000e+00 -1.983e-03
  4235  0.000e+00  0.000e+00 -1.916e-03
  4240  0.000e+00  0.000e+00 -1.843e-03
  4245  0.000e+00  0.000e+00 -1.766e-03
  4250  0.000e+00  0.000e+00 -1.686e-03
  4255  0.000e+00  0.000e+00 -1.603e-03
  4260  0.000e+00  0.000e+00 -1.519e-03
  4265  0.000e+00  0.000e+00 -1.434e-03
  4270  0.000e+00  0.000e+00 -1.350e-03
  4275  0.000e+00  0.000e+00 -1.268e-03
  4280  0.000e+00  0.000e+00 -1.189e-03
  4285  0.000e+00  0.000e+00 -1.114e-03
  4290  0.000e+00  0.000e+00 -1.044e-03
  4295  0.000e+00  0.000e+00 -9.810e-04
  4300  0.000e+00  0.000e+00 -9.246e-04
  4305  0.000e+00  0.000e+00 -8.763e-04
  4310  0.000e+00  0.000e+00 -8.367e-04
  4315  0.000e+00  0.000e+00 -8.064e-04
  4320  0.000e+00  0.000e+00 -7.858e-04
  4325  0.000e+00  0.000e+00 -7.754e-04
  4330  0.000e+00  0.000e+00 -7.751e-04
  4335  0.000e+00  0.000e+00 -7.849e-04
  4340  0.000e+00  0.000e+00 -8.047e-04
  4345  0.000e+00  0.000e+00 -8.339e-04
  4350  0.000e+00  0.000e+00 -8.720e-04
  4355  0.000e+00  0.000e+00 -9.183e-04
  4360  0.000e+00  0.000e+00 -9.718e-04
  4365  0.000e+00  0.000e+00 -1.032e-03
  4370  0.000e+00  0.000e+00 -1.096e-03
  4375  0.000e+00  0.000e+00 -1.165e-03
  4380  0.000e+00  0.000e+00 -1.236e-03
  4385  0.000e+00  0.000e+00 -1.308e-03
  4390  0.000e+00  0.000e+00 -1.379e-03
  4395  0.000e+00  0.000e+00 -1.449e-03
  4400  0.000e+00  0.000e+00 -1.516e-03
  4405  0.000e+00  0.000e+00 -1.579e-03
  4410  0.000e+00  0.000e+00 -1.636e-03
  4415  0.000e+00  0.000e+00 -1.686e-03
  4420  0.000e+00  0.000e+00 -1.729e-03
  4425  0.000e+00  0.000e+00 -1.763e-03
  4430  0.000e+00  0.000e+00 -1.789e-03
  4435  0.000e+00  0.000e+00 -1.805e-03
  4440  0.000e+00  0.000e+00 -1.812e-03
  4445  0.000e+00  0.000e+00 -1.810e-03
  4450  0.000e+00  0.000e+00 -1.798e-03
  4455  0.000e+00  0.000e+00 -1.778e-03
  4460  0.000e+00  0.000e+00 -1.750e-03
  4465  0.000e+00  0.000e+00 -1.714e-03
  4470  0.000e+00  0.000e+00 -1.672e-03
  4475  0.000e+00  0.000e+00 -1.625e-03
  4480  0.000e+00  0.000e+00 -1.573e-03
  4485  0.000e+00  0.000e+00 -1.518e-03
  4490  0.000e+00  0.000e+00 -1.461e-03
  4495  0.000e+00  0.000e+00 -1.404e-03
  4500  0.000e+00  0.000e+00 -1.347e-03
  4505  0.000e+00  0.000e+00 -1.292e-03
  4510  0.000e+00  0.000e+00 -1.240e-03
  4515  0.000e+00  0.000e+00 -1.191e-03
  4520  0.000e+00  0.000e+00 -1.147e-03
  4525  0.000e+00  0.000e+00 -1.107e-03
  4530  0.000e+00  0.000e+00 -1.074e-03
  4535  0.000e+00  0.000e+00 -1.045e-03
  4540  0.000e+00  0.000e+00 -1.023e-03
  4545  0.000e+00  0.000e+00 -1.006e-03
  4550  0.000e+00  0.000e+00 -9.937e-04
  4555  0.000e+00  0.000e+00 -9.864e-04
  4560  0.000e+00  0.000e+00 -9.830e-04
  4565  0.000e+00  0.000e+00 -9.828e-04
  4570  0.000e+00  0.000e+00 -9.847e-04
  4575  0.000e+00  0.000e+00 -9.877e-04
  4580  0.000e+00  0.000e+00 -9.909e-04
  4585  0.000e+00  0.000e+00 -9.930e-04
  4590  0.000e+00  0.000e+00 -9.930e-04
  4595  0.000e+00  0.000e+00 -9.900e-04
  4600  0.000e+00  0.000e+00 -9.828e-04
  4605  0.000e+00  0.000e+00 -9.707e-04
  4610  0.000e+00  0.000e+00 -9.531e-04
  4615  0.000e+00  0.000e+00 -9.294e-04
  4620  0.000e+00  0.000e+00 -8.993e-04
  4625  0.000e+00  0.000e+00 -8.626e-04
  4630  0.000e+00  0.000e+00 -8.195e-04
  4635  0.000e+00  0.000e+00 -7.703e-04
  4640  0.000e+00  0.000e+00 -7.155e-04
  4645  0.000e+00  0.000e+00 -6.558e-04
  4650  0.000e+00  0.000e+00 -5.922e-04
  4655  0.000e+00  0.000e+00 -5.258e-04
  4660  0.000e+00  0.000e+00 -4.577e-04
  4665  0.000e+00  0.000e+00 -3.895e-04
  4670  0.000e+00  0.000e+00 -3.225e-04
  4675  0.000e+00  0.000e+00 -2.581e-04
  4680  0.000e+00  0.000e+00 -1.980e-04
  4685  0.000e+00  0.000e+00 -1.435e-04
  4690  0.000e+00  0.000e+00 -9.609e-05
  4695  0.000e+00  0.000e+00 -5.699e-05
  4700  0.000e+00  0.000e+00 -2.734e-05
  4705  0.000e+00  0.000e+00 -8.098e-06
  4710  0.000e+00  0.000e+00 -0.000e+00
  4715  0.000e+00  0.000e+00 -3.559e-06
  4720  0.000e+00  0.000e+00 -1.904e-05
  4725  0.000e+00  0.000e+00 -4.644e-05
  4730  0.000e+00  0.000e+00 -8.550e-05
  4735  0.000e+00  0.000e+00 -1.357e-04
  4740  0.000e+00  0.000e+00 -1.963e-04
  4745  0.000e+00  0.000e+00 -2.662e-04
  4750  0.000e+00  0.000e+00 -3.442e-04
  4755  0.000e+00  0.000e+00 -4.290e-04
  4760  0.000e+00  0.000e+00 -5.189e-04
  4765  0.000e+00  0.000e+00 -6.122e-04
  4770  0.000e+00  0.000e+00 -7.073e-04
  4775  0.000e+00  0.000e+00 -8.023e-04
  4780  0.000e+00  0.000e+00 -8.955e-04
  4785  0.000e+00  0.000e+00 -9.851e-04
  4790  0.000e+00  0.000e+00 -1.070e-03
  4795  0.000e+00  0.000e+00 -1.147e-03
  4800  0.000e+00  0.000e+00 -1.217e-03
  4805  0.000e+00  0.000e+00 -1.278e-03
  4810  0.000e+00  0.000e+00 -1.329e-03
  4815  0.000e+00  0.000e+00 -1.370e-03
  4820  0.000e+00  0.000e+00 -1.399e-03
  4825  0.000e+00  0.000e+00 -1.418e-03
  4830  0.000e+00  0.000e+00 -1.427e-03
  4835  0.000e+00  0.000e+00 -1.425e-03
  4840  0.000e+00  0.000e+00 -1.414e-03
  4845  0.000e+00  0.000e+00 -1.395e-03
  4850  0.000e+00  0.000e+00 -1.369e-03
  4855  0.000e+00  0.000e+00 -1.337e-03
  4860  0.000e+00  0.000e+00 -1.301e-03
  4865  0.000e+00  0.000e+00 -1.263e-03
  4870  0.000e+00  0.000e+00 -1.224e-03
  4875  0.000e+00  0.000e+00 -1.187e-03
  4880  0.000e+00  0.000e+00 -1.151e-03
  4885  0.000e+00  0.000e+00 -1.120e-03
  4890  0.000e+00  0.000e+00 -1.095e-03
  4895  0.000e+00  0.000e+00 -1.076e-03
  4900  0.000e+00  0.000e+00 -1.066e-03
  4905  0.000e+00  0.000e+00 -1.064e-03
  4910  0.000e+00  0.000e+00 -1.072e-03
  4915  0.000e+00  0.000e+00 -1.089e-03
  4920  0.000e+00  0.000e+00 -1.116e-03
  4925  0.000e+00  0.000e+00 -1.153e-03
  4930  0.000e+00  0.000e+00 -1.198e-03
  4935  0.000e+00  0.000e+00 -1.251e-03
  4940  0.000e+00  0.000e+00 -1.312e-03
  4945  0.000e+00  0.000e+00 -1.377e-03
  4950  0.000e+00  0.000e+00 -1.447e-03
  4955  0.000e+00  0.000e+00 -1.520e-03
  4960  0.000e+00  0.000e+00 -1.593e-03
  4965  0.000e+00  0.000e+00 -1.664e-03
  4970  0.000e+00  0.000e+00 -1.733e-03
  4975  0.000e+00  0.000e+00 -1.797e-03
  4980  0.000e+00  0.000e+00 -1.854e-03
  4985  0.000e+00  0.000e+00 -1.903e-03
  4990  0.000e+00  0.000e+00 -1.941e-03
  4995  0.000e+00  0.000e+00 -1.969e-03
  5000  0.000e+00  0.000e+00 -1.984e-03
  5005  0.000e+00  0.000e+00 -1.986e-03
  5010  0.000e+00  0.000e+00 -1.974e-03
  5015  0.000e+00  0.000e+00 -1.949e-03
  5020  0.000e+00  0.000e+00 -1.909e-03
  5025  0.000e+00  0.000e+00 -1.856e-03
  5030  0.000e+00  0.000e+00 -1.790e-03
  5035  0.000e+00  0.000e+00 -1.712e-03
  5040  0.000e+00  0.000e+00 -1.623e-03
  5045  0.000e+00  0.000e+00 -1.524e-03
  5050  0.000e+00  0.000e+00 -1.418e-03
  5055  0.000e+00  0.000e+00 -1.305e-03
  5060  0.000e+00  0.000e+00 -1.189e-03
  5065  0.000e+00  0.000e+00 -1.070e-03
  5070  0.000e+00  0.000e+00 -9.501e-04
  5075  0.000e+00  0.000e+00 -8.323e-04
  5080  0.000e+00  0.000e+00 -7.181e-04
  5085  0.000e+00  0.000e+00 -6.093e-04
  5090  0.000e+00  0.000e+00 -5.075e-04
  5095  0.000e+00  0.000e+00 -4.143e-04
  5100  0.000e+00  0.000e+00 -3.311e-04
  5105  0.000e+00  0.000e+00 -2.588e-04
  5110  0.000e+00  0.000e+00 -1.984e-04
  5115  0.000e+00  0.000e+00 -1.505e-04
  5120  0.000e+00  0.000e+00 -1.154e-04
  5125  0.000e+00  0.000e+00 -9.309e-05
  5130  0.000e+00  0.000e+00 -8.351e-05
  5135  0.000e+00  0.000e+00 -8.620e-05
  5140  0.000e+00  0.000e+00 -1.005e-04
  5145  0.000e+00  0.000e+00 -1.256e-04
  5150  0.000e+00  0.000e+00 -1.604e-04
  5155  0.000e+00  0.000e+00 -2.038e-04
  5160  0.000e+00  0.000e+00 -2.545e-04
  5165  0.000e+00  0.000e+00 -3.111e-04
  5170  0.000e+00  0.000e+00 -3.723e-04
  5175  0.000e+00  0.000e+00 -4.366e-04
  5180  0.000e+00  0.000e+00 -5.026e-04
  5185  0.000e+00  0.000e+00 -5.691e-04
  5190  0.000e+00  0.000e+00 -6.349e-04
  5195  0.000e+00  0.000e+00 -6.987e-04
  5200  0.000e+00  0.000e+00 -7.597e-04
  5205  0.000e+00  0.000e+00 -8.169e-04
  5210  0.000e+00  0.000e+00 -8.698e-04
  5215  0.000e+00  0.000e+00 -9.179e-04
  5220  0.000e+00  0.000e+00 -9.609e-04
  5225  0.000e+00  0.000e+00 -9.986e-04
  5230  0.000e+00  0.000e+00 -1.031e-03
  5235  0.000e+00  0.000e+00 -1.058e-03
  5240  0.000e+00  0.000e+00 -1.081e-03
  5245  0.000e+00  0.000e+00 -1.099e-03
  5250  0.000e+00  0.000e+00 -1.114e-03
  5255  0.000e+00  0.000e+00 -1.126e-03
  5260  0.000e+00  0.000e+00 -1.135e-03
  5265  0.000e+00  0.000e+00 -1.142e-03
  5270  0.000e+00  0.000e+00 -1.149e-03
  5275  0.000e+00  0.000e+00 -1.155e-03
  5280  0.000e+00  0.000e+00 -1.162e-03
  5285  0.000e+00  0.000e+00 -1.169e-03
  5290  0.000e+00  0.000e+00 -1.179e-03
  5295  0.000e+00  0.000e+00 -1.190e-03
  5300  0.000e+00  0.000e+00 -1.203e-03
  5305  0.000e+00  0.000e+00 -1.218e-03
  5310  0.000e+00  0.000e+00 -1.237e-03
  5315  0.000e+00  0.000e+00 -1.257e-03
  5320  0.000e+00  0.000e+00 -1.280e-03
  5325  0.000e+00  0.000e+00 -1.305e-03
  5330  0.000e+00  0.000e+00 -1.332e-03
  5335  0.000e+00  0.000e+00 -1.360e-03
  5340  0.000e+00  0.000e+00 -1.389e-03
  5345  0.000e+00  0.000e+00 -1.419e-03
  5350  0.000e+00  0.000e+00 -1.448e-03
  5355  0.000e+00  0.000e+00 -1.476e-03
  5360  0.000e+00  0.000e+00 -1.503e-03
  5365  0.000e+00  0.000e+00 -1.528e-03
  5370  0.000e+00  0.000e+00 -1.550e-03
  5375  0.000e+00  0.000e+00 -1.569e-03
  5380  0.000e+00  0.000e+00 -1.585e-03
  5385  0.000e+00  0.000e+00 -1.597e-03
  5390  0.000e+00  0.000e+00 -1.605e-03
  5395  0.000e+00  0.000e+00 -1.609e-03
  5400  0.000e+00  0.000e+00 -1.609e-03
  5405  0.000e+00  0.000e+00 -1.604e-03
  5410  0.000e+00  0.000e+00 -1.596e-03
  5415  0.000e+00  0.000e+00 -1.584e-03
  5420  0.000e+00  0.000e+00 -1.569e-03
  5425  0.000e+00  0.000e+00 -1.551e-03
  5430  0.000e+00  0.000e+00 -1.530e-03
  5435  0.000e+00  0.000e+00 -1.508e-03
  5440  0.000e+00  0.000e+00 -1.485e-03
  5445  0.000e+00  0.000e+00 -1.461e-03
  5450  0.000e+00  0.000e+00 -1.438e-03
  5455  0.000e+00  0.000e+00 -1.415e-03
  5460  0.000e+00  0.000e+00 -1.394e-03
  5465  0.000e+00  0.000e+00 -1.375e-03
  5470  0.000e+00  0.000e+00 -1.359e-03
  5475  0.000e+00  0.000e+00 -1.346e-03
  5480  0.000e+00  0.000e+00 -1.337e-03
  5485  0.000e+00  0.000e+00 -1.333e-03
  5490  0.000e+00  0.000e+00 -1.333e-03
  5495  0.000e+00  0.000e+00 -1.338e-03
  5500  0.000e+00  0.000e+00 -1.348e-03
  5505  0.000e+00  0.000e+00 -1.363e-03
  5510  0.000e+00  0.000e+00 -1.383e-03
  5515  0.000e+00  0.000e+00 -1.408e-03
  5520  0.000e+00  0.000e+00 -1.439e-03
  5525  0.000e+00  0.000e+00 -1.474e-03
  5530  0.000e+00  0.000e+00 -1.513e-03
  5535  0.000e+00  0.000e+00 -1.556e-03
  5540  0.000e+00  0.000e+00 -1.602e-03
  5545  0.000e+00  0.000e+00 -1.651e-03
  5550  0.000e+00  0.000e+00 -1.703e-03
  5555  0.000e+00  0.000e+00 -1.756e-03
  5560  0.000e+00  0.000e+00 -1.810e-03
  5565  0.000e+00  0.000e+00 -1.864e-03
  5570  0.000e+00  0.000e+00 -1.918e-03
  5575  0.000e+00  0.000e+00 -1.970e-03
  5580  0.000e+00  0.000e+00 -2.021e-03
  5585  0.000e+00  0.000e+00 -2.069e-03
  5590  0.000e+00  0.000e+00 -2.114e-03
  5595  0.000e+00  0.000e+00 -2.155e-03
  5600  0.000e+00  0.000e+00 -2.191e-03
  5605  0.000e+00  0.000e+00 -2.221e-03
  5610  0.000e+00  0.000e+00 -2.246e-03
  5615  0.000e+00  0.000e+00 -2.265e-03
  5620  0.000e+00  0.000e+00 -2.277e-03
  5625  0.000e+00  0.000e+00 -2.281e-03
  5630  0.000e+00  0.000e+00 -2.279e-03
  5635  0.000e+00  0.000e+00 -2.268e-03
  5640  0.000e+00  0.000e+00 -2.250e-03
  5645  0.000e+00  0.000e+00 -2.224e-03
  5650  0.000e+00  0.000e+00 -2.190e-03
  5655  0.000e+00  0.000e+00 -2.149e-03
  5660  0.000e+00  0.000e+00 -2.101e-03
  5665  0.000e+00  0.000e+00 -2.045e-03
  5670  0.000e+00  0.000e+00 -1.983e-03
  5675  0.000e+00  0.000e+00 -1.916e-03
  5680  0.000e+00  0.000e+00 -1.843e-03
  5685  0.000e+00  0.000e+00 -1.766e-03
  5690  0.000e+00  0.000e+00 -1.686e-03
  5695  0.000e+00  0.000e+00 -1.603e-03
  5700  0.000e+00  0.000e+00 -1.519e-03
  5705  0.000e+00  0.000e+00 -1.434e-03
  5710  0.000e+00  0.000e+00 -1.350e-03
  5715  0.000e+00  0.000e+00 -1.268e-03
  5720  0.000e+00  0.000e+00 -1.189e-03
  5725  0.000e+00  0.000e+00 -1.114e-03
  5730  0.000e+00  0.000e+00 -1.044e-03
  5735  0.000e+00  0.000e+00 -9.810e-04
  5740  0.000e+00  0.000e+00 -9.246e-04
  5745  0.000e+00  0.000e+00 -8.763e-04
  5750  0.000e+00  0.000e+00 -8.367e-04
  5755  0.000e+00  0.000e+00 -8.064e-04
  5760  0.000e+00  0.000e+00 -7.858e-04
  5765  0.000e+00  0.000e+00 -7.754e-04
  5770  0.000e+00  0.000e+00 -7.751e-04
  5775  0.000e+00  0.000e+00 -7.849e-04
  5780  0.000e+00  0.000e+00 -8.047e-04
  5785  0.000e+00  0.000e+00 -8.339e-04
  5790  0.000e+00  0.000e+00 -8.720e-04
  5795  0.000e+00  0.000e+00 -9.183e-04
  5800  0.000e+00  0.000e+00 -9.718e-04
  5805  0.000e+00  0.000e+00 -1.032e-03
  5810  0.000e+00  0.000e+00 -1.096e-03
  5815  0.000e+00  0.000e+00 -1.165e-03
  5820  0.000e+00  0.000e+00 -1.236e-03
  5825  0.000e+00  0.000e+00 -1.308e-03
  5830  0.000e+00  0.000e+00 -1.379e-03
  5835  0.000e+00  0.000e+00 -1.449e-03
  5840  0.000e+00  0.000e+00 -1.516e-03
  5845  0.000e+00  0.000e+00 -1.579e-03
  5850  0.000e+00  0.000e+00 -1.636e-03
  5855  0.000e+00  0.000e+00 -1.686e-03
  5860  0.000e+00  0.000e+00 -1.729e-03
  5865  0.000e+00  0.000e+00 -1.763e-03
  5870  0.000e+00  0.000e+00 -1.789e-03
  5875  0.000e+00  0.000e+00 -1.805e-03
  5880  0.000e+00  0.000e+00 -1.812e-03
  5885  0.000e+00  0.000e+00 -1.810e-03
  5890  0.000e+00  0.000e+00 -1.798e-03
  5895  0.000e+00  0.000e+00 -1.778e-03
  5900  0.000e+00  0.000e+00 -1.750e-03
  5905  0.000e+00  0.000e+00 -1.714e-03
  5910  0.000e+00  0.000e+00 -1.672e-03
  5915  0.000e+00  0.000e+00 -1.625e-03
  5920  0.000e+00  0.000e+00 -1.573e-03
  5925  0.000e+00  0.000e+00 -1.518e-03
  5930  0.000e+00  0.000e+00 -1.461e-03
  5935  0.000e+00  0.000e+00 -1.404e-03
  5940  0.000e+00  0.000e+00 -1.347e-03
  5945  0.000e+00  0.000e+00 -1.292e-03
  5950  0.000e+00  0.000e+00 -1.240e-03
  5955  0.000e+00  0.000e+00 -1.191e-03
  5960  0.000e+00  0.000e+00 -1.147e-03
  5965  0.000e+00  0.000e+00 -1.107e-03
  5970  0.000e+00  0.000e+00 -1.074e-03
  5975  0.000e+00  0.000e+00 -1.045e-03
  5980  0.000e+00  0.000e+00 -1.023e-03
  5985  0.000e+00  0.000e+00 -1.006e-03
  5990  0.000e+00  0.000e+00 -9.937e-04
  5995  0.000e+00  0.000e+00 -9.864e-04
  6000  0.000e+00  0.000e+00 -9.830e-04
  6005  0.000e+00  0.000e+00 -9.828e-04
  6010  0.000e+00  0.000e+00 -9.847e-04
  6015  0.000e+00  0.000e+00 -9.877e-04
  6020  0.000e+00  0.000e+00 -9.909e-04
  6025  0.000e+00  0.000e+00 -9.930e-04
  6030  0.000e+00  0.000e+00 -9.930e-04
  6035  0.000e+00  0.000e+00 -9.900e-04
  6040  0.000e+00  0.000e+00 -9.828e-04
  6045  0.000e+00  0.000e+00 -9.707e-04
  6050  0.000e+00  0.000e+00 -9.531e-04
  6055  0.000e+00  0.000e+00 -9.294e-04
  6060  0.000e+00  0.000e+00 -8.993e-04
  6065  0.000e+00  0.000e+00 -8.626e-04
  6070  0.000e+00  0.000e+00 -8.195e-04
  6075  0.000e+00  0.000e+00 -7.703e-04
  6080  0.000e+00  0.000e+00 -7.155e-04
  6085  0.000e+00  0.000e+00 -6.558e-04
  6090  0.000e+00  0.000e+00 -5.922e-04
  6095  0.000e+00  0.000e+00 -5.258e-04
  6100  0.000e+00  0.000e+00 -4.577e-04
  6105  0.000e+00  0.000e+00 -3.895e-04
  6110  0.000e+00  0.000e+00 -3.225e-04
  6115  0.000e+00  0.000e+00 -2.581e-04
  6120  0.000e+00  0.000e+00 -1.980e-04
  6125  0.000e+00  0.000e+00 -1.435e-04
  6130  0.000e+00  0.000e+00 -9.609e-05
  6135  0.000e+00  0.000e+00 -5.699e-05
  6140  0.000e+00  0.000e+00 -2.734e-05
  6145  0.000e+00  0.000e+00 -8.098e-06
  6150  0.000e+00  0.000e+00 -2.871e-18
  6155  0.000e+00  0.000e+00 -3.559e-06
  6160  0.000e+00  0.000e+00 -1.904e-05
  6165  0.000e+00  0.000e+00 -4.644e-05
  6170  0.000e+00  0.000e+00 -8.550e-05
  6175  0.000e+00  0.000e+00 -1.357e-04
  6180  0.000e+00  0.000e+00 -1.963e-04
  6185  0.000e+00  0.000e+00 -2.662e-04
  6190  0.000e+00  0.000e+00 -3.442e-04
  6195  0.000e+00  0.000e+00 -4.290e-04
  6200  0.000e+00  0.000e+00 -5.189e-04
  6205  0.000e+00  0.000e+00 -6.122e-04
  6210  0.000e+00  0.000e+00 -7.073e-04
  6215  0.000e+00  0.000e+00 -8.023e-04
  6220  0.000e+00  0.000e+00 -8.955e-04
  6225  0.000e+00  0.000e+00 -9.851e-04
  6230  0.000e+00  0.000e+00 -1.070e-03
  6235  0.000e+00  0.000e+00 -1.147e-03
  6240  0.000e+00  0.000e+00 -1.217e-03
  6245  0.000e+00  0.000e+00 -1.278e-03
  6250  0.000e+00  0.000e+00 -1.329e-03
  6255  0.000e+00  0.000e+00 -1.370e-03
  6260  0.000e+00  0.000e+00 -1.399e-03
  6265  0.000e+00  0.000e+00 -1.418e-03
  6270  0.000e+00  0.000e+00 -1.427e-03
  6275  0.000e+00  0.000e+00 -1.425e-03
  6280  0.000e+00  0.000e+00 -1.414e-03
  6285  0.000e+00  0.000e+00 -1.395e-03
  6290  0.000e+00  0.000e+00 -1.369e-03
  6295  0.000e+00  0.000e+00 -1.337e-03
  6300  0.000e+00  0.000e+00 -1.301e-03
  6305  0.000e+00  0.000e+00 -1.263e-03
  6310  0.000e+00  0.000e+00 -1.224e-03
  6315  0.000e+00  0.000e+00 -1.187e-03
  6320  0.000e+00  0.000e+00 -1.151e-03
  6325  0.000e+00  0.000e+00 -1.120e-03
  6330  0.000e+00  0.000e+00 -1.095e-03
  6335  0.000e+00  0.000e+00 -1.076e-03
  6340  0.000e+00  0.000e+00 -1.066e-03
  6345  0.000e+00  0.000e+00 -1.064e-03
  6350  0.000e+00  0.000e+00 -1.072e-03
  6355  0.000e+00  0.000e+00 -1.089e-03
  6360  0.000e+00  0.000e+00 -1.116e-03
  6365  0.000e+00  0.000e+00 -1.153e-03
  6370  0.000e+00  0.000e+00 -1.198e-03
  6375  0.000e+00  0.000e+00 -1.251e-03
  6380  0.000e+00  0.000e+00 -1.312e-03
  6385  0.000e+00  0.000e+00 -1.377e-03
  6390  0.000e+00  0.000e+00 -1.447e-03
  6395  0.000e+00  0.000e+00 -1.520e-03
  6400  0.000e+00  0.000e+00 -1.593e-03
  6405  0.000e+00  0.000e+00 -1.664e-03
  6410  0.000e+00  0.000e+00 -1.733e-03
  6415  0.000e+00  0.000e+00 -1.797e-03
  6420  0.000e+00  0.000e+00 -1.854e-03
  6425  0.000e+00  0.000e+00 -1.903e-03
  6430  0.000e+00  0.000e+00 -1.941e-03
  6435  0.000e+00  0.000e+00 -1.969e-03
  6440  0.000e+00  0.000e+00 -1.984e-03
  6445  0.000e+00  0.000e+00 -1.986e-03
  6450  0.000e+00  0.000e+00 -1.974e-03
  6455  0.000e+00  0.000e+00 -1.949e-03
  6460  0.000e+00  0.000e+00 -1.909e-03
  6465  0.000e+00  0.000e+00 -1.856e-03
  6470  0.000e+00  0.000e+00 -1.790e-03
  6475  0.000e+00  0.000e+00 -1.712e-03
  6480  0.000e+00  0.000e+00 -1.623e-03
  6485  0.000e+00  0.000e+00 -1.524e-03
  6490  0.000e+00  0.000e+00 -1.418e-03
  6495  0.000e+00  0.000e+00 -1.305e-03
  6500  0.000e+00  0.000e+00 -1.189e-03
  6505  0.000e+00  0.000e+00 -1.070e-03
  6510  0.000e+00  0.000e+00 -9.501e-04
  6515  0.000e+00  0.000e+00 -8.323e-04
  6520  0.000e+00  0.000e+00 -7.181e-04
  6525  0.000e+00  0.000e+00 -6.093e-04
  6530  0.000e+00  0.000e+00 -5.075e-04
  6535  0.000e+00  0.000e+00 -4.143e-04
  6540  0.000e+00  0.000e+00 -3.311e-04
  6545  0.000e+00  0.000e+00 -2.588e-04
  6550  0.000e+00  0.000e+00 -1.984e-04
  6555  0.000e+00  0.000e+00 -1.505e-04
  6560  0.000e+00  0.000e+00 -1.154e-04
  6565  0.000e+00  0.000e+00 -9.309e-05
  6570  0.000e+00  0.000e+00 -8.351e-05
  6575  0.000e+00  0.000e+00 -8.620e-05
  6580  0.000e+00  0.000e+00 -1.005e-04
  6585  0.000e+00  0.000e+00 -1.256e-04
  6590  0.000e+00  0.000e+00 -1.604e-04
  6595  0.000e+00  0.000e+00 -2.038e-04
  6600  0.000e+00  0.000e+00 -2.545e-04
  6605  0.000e+00  0.000e+00 -3.111e-04
  6610  0.000e+00  0.000e+00 -3.723e-04
  6615  0.000e+00  0.000e+00 -4.366e-04
  6620  0.000e+00  0.000e+00 -5.026e-04
  6625  0.000e+00  0.000e+00 -5.691e-04
  6630  0.000e+00  0.000e+00 -6.349e-04
  6635  0.000e+00  0.000e+00 -6.987e-04
  6640  0.000e+00  0.000e+00 -7.597e-04
  6645  0.000e+00  0.000e+00 -8.169e-04
  6650  0.000e+00  0.000e+00 -8.698e-04
  6655  0.000e+00  0.000e+00 -9.179e-04
  6660  0.000e+00  0.000e+00 -9.609e-04
  6665  0.000e+00  0.000e+00 -9.986e-04
  6670  0.000e+00  0.000e+00 -1.031e-03
  6675  0.000e+00  0.000e+00 -1.058e-03
  6680  0.000e+00  0.000e+00 -1.081e-03
  6685  0.000e+00  0.000e+00 -1.099e-03
  6690  0.000e+00  0.000e+00 -1.114e-03
  6695  0.000e+00  0.000e+00 -1.126e-03
  6700  0.000e+00  0.000e+00 -1.135e-03
  6705  0.000e+00  0.000e+00 -1.142e-03
  6710  0.000e+00  0.000e+00 -1.149e-03
  6715  0.000e+00  0.000e+00 -1.155e-03
  6720  0.000e+00  0.000e+00 -1.162e-03
  6725  0.000e+00  0.000e+00 -1.169e-03
  6730  0.000e+00  0.000e+00 -1.179e-03
  6735  0.000e+00  0.000e+00 -1.190e-03
  6740  0.000e+00  0.000e+00 -1.203e-03
  6745  0.000e+00  0.000e+00 -1.218e-03
  6750  0.000e+00  0.000e+00 -1.237e-03
  6755  0.000e+00  0.000e+00 -1.257e-03
  6760  0.000e+00  0.000e+00 -1.280e-03
  6765  0.000e+00  0.000e+00 -1.305e-03
  6770  0.000e+00  0.000e+00 -1.332e-03
  6775  0.000e+00  0.000e+00 -1.360e-03
  6780  0.000e+00  0.000e+00 -1.389e-03
  6785  0.000e+00  0.000e+00 -1.419e-03
  6790  0.000e+00  0.000e+00 -1.448e-03
  6795  0.000e+00  0.000e+00 -1.476e-03
  6800  0.000e+00  0.000e+00 -1.503e-03
  6805  0.000e+00  0.000e+00 -1.528e-03
  6810  0.000e+00  0.000e+00 -1.550e-03
  6815  0.000e+00  0.000e+00 -1.569e-03
  6820  0.000e+00  0.000e+00 -1.585e-03
  6825  0.000e+00  0.000e+00 -1.597e-03
  6830  0.000e+00  0.000e+00 -1.605e-03
  6835  0.000e+00  0.000e+00 -1.609e-03
  6840  0.000e+00  0.000e+00 -1.609e-03
  6845  0.000e+00  0.000e+00 -1.604e-03
  6850  0.000e+00  0.000e+00 -1.596e-03
  6855  0.000e+00  0.000e+00 -1.584e-03
  6860  0.000e+00  0.000e+00 -1.569e-03
  6865  0.000e+00  0.000e+00 -1.551e-03
  6870  0.000e+00  0.000e+00 -1.530e-03
  6875  0.000e+00  0.000e+00 -1.508e-03
  6880  0.000e+00  0.000e+00 -1.485e-03
  6885  0.000e+00  0.000e+00 -1.461e-03
  6890  0.000e+00  0.000e+00 -1.438e-03
  6895  0.000e+00  0.000e+00 -1.415e-03
  6900  0.000e+00  0.000e+00 -1.394e-03
  6905  0.000e+00  0.000e+00 -1.375e-03
  6910  0.000e+00  0.000e+00 -1.359e-03
  6915  0.000e+00  0.000e+00 -1.346e-03
  6920  0.000e+00  0.000e+00 -1.337e-03
  6925  0.000e+00  0.000e+00 -1.333e-03
  6930  0.000e+00  0.000e+00 -1.333e-03
  6935  0.000e+00  0.000e+00 -1.338e-03
  6940  0.000e+00  0.000e+00 -1.348e-03
  6945  0.000e+00  0.000e+00 -1.363e-03
  6950  0.000e+00  0.000e+00 -1.383e-03
  6955  0.000e+00  0.000e+00 -1.408e-03
  6960  0.000e+00  0.000e+00 -1.439e-03
  6965  0.000e+00  0.000e+00 -1.474e-03
  6970  0.000e+00  0.000e+00 -1.513e-03
  6975  0.000e+00  0.000e+00 -1.556e-03
  6980  0.000e+00  0.000e+00 -1.602e-03
  6985  0.000e+00  0.000e+00 -1.651e-03
  6990  0.000e+00  0.000e+00 -1.703e-03
  6995  0.000e+00  0.000e+00 -1.756e-03
  7000  0.000e+00  0.000e+00 -1.810e-03
  7005  0.000e+00  0.000e+00 -1.864e-03
  7010  0.000e+00  0.000e+00 -1.918e-03
  7015  0.000e+00  0.000e+00 -1.970e-03
  7020  0.000e+00  0.000e+00 -2.021e-03
  7025  0.000e+00  0.000e+00 -2.069e-03
  7030  0.000e+00  0.000e+00 -2.114e-03
  7035  0.000e+00  0.000e+00 -2.155e-03
  7040  0.000e+00  0.000e+00 -2.191e-03
  7045  0.000e+00  0.000e+00 -2.221e-03
  7050  0.000e+00  0.000e+00 -2.246e-03
  7055  0.000e+00  0.000e+00 -2.265e-03
  7060  0.000e+00  0.000e+00 -2.277e-03
  7065  0.000e+00  0.000e+00 -2.281e-03
  7070  0.000e+00  0.000e+00 -2.279e-03
  7075  0.000e+00  0.000e+00 -2.268e-03
  7080  0.000e+00  0.000e+00 -2.250e-03
  7085  0.000e+00  0.000e+00 -2.224e-03
  7090  0.000e+00  0.000e+00 -2.190e-03
  7095  0.000e+00  0.000e+00 -2.149e-03
  7100  0.000e+00  0.000e+00 -2.101e-03
  7105  0.000e+00  0.000e+00 -2.045e-03
  7110  0.000e+00  0.000e+00 -1.983e-03
  7115  0.000e+00  0.000e+00 -1.916e-03
  7120  0.000e+00  0.000e+00 -1.843e-03
  7125  0.000e+00  0.000e+00 -1.766e-03
  7130  0.000e+00  0.000e+00 -1.686e-03
  7135  0.000e+00  0.000e+00 -1.603e-03
  7140  0.000e+00  0.000e+00 -1.519e-03
  7145  0.000e+00  0.000e+00 -1.434e-03
  7150  0.000e+00  0.000e+00 -1.350e-03
  7155  0.000e+00  0.000e+00 -1.268e-03
  7160  0.000e+00  0.000e+00 -1.189e-03
  7165  0.000e+00  0.000e+00 -1.114e-03
  7170  0.000e+00  0.000e+00 -1.044e-03
  7175  0.000e+00  0.000e+00 -9.810e-04
  7180  0.000e+00  0.000e+00 -9.246e-04
  7185  0.000e+00  0.000e+00 -8.763e-04
  7190  0.000e+00  0.000e+00 -8.367e-04
  7195  0.000e+00  0.000e+00 -8.064e-04
  7200  0.000e+00  0.000e+00 -7.858e-04
  7205  0.000e+00  0.000e+00 -7.754e-04
  7210  0.000e+00  0.000e+00 -7.751e-04
  7215  0.000e+00  0.000e+00 -7.849e-04
  7220  0.000e+00  0.000e+00 -8.047e-04
  7225  0.000e+00  0.000e+00 -8.339e-04
  7230  0.000e+00  0.000e+00 -8.720e-04
  7235  0.000e+00  0.000e+00 -9.183e-04
  7240  0.000e+00  0.000e+00 -9.718e-04
  7245  0.000e+00  0.000e+00 -1.032e-03
  7250  0.000e+00  0.000e+00 -1.096e-03
  7255  0.000e+00  0.000e+00 -1.165e-03
  7260  0.000e+00  0.000e+00 -1.236e-03
  7265  0.000e+00  0.000e+00 -1.308e-03
  7270  0.000e+00  0.000e+00 -1.379e-03
  7275  0.000e+00  0.000e+00 -1.449e-03
  7280  0.000e+00  0.000e+00 -1.516e-03
  7285  0.000e+00  0.000e+00 -1.579e-03
  7290  0.000e+00  0.000e+00 -1.636e-03
  7295  0.000e+00  0.000e+00 -1.686e-03
  7300  0.000e+00  0.000e+00 -1.729e-03
  7305  0.000e+00  0.000e+00 -1.763e-03
  7310  0.000e+00  0.000e+00 -1.789e-03
  7315  0.000e+00  0.000e+00 -1.805e-03
  7320  0.000e+00  0.000e+00 -1.812e-03
  7325  0.000e+00  0.000e+00 -1.810e-03
  7330  0.000e+00  0.000e+00 -1.798e-03
  7335  0.000e+00  0.000e+00 -1.778e-03
  7340  0.000e+00  0.000e+00 -1.750e-03
  7345  0.000e+00  0.000e+00 -1.714e-03
  7350  0.000e+00  0.000e+00 -1.672e-03
  7355  0.000e+00  0.000e+00 -1.625e-03
  7360  0.000e+00  0.000e+00 -1.573e-03
  7365  0.000e+00  0.000e+00 -1.518e-03
  7370  0.000e+00  0.000e+00 -1.461e-03
  7375  0.000e+00  0.000e+00 -1.404e-03
  7380  0.000e+00  0.000e+00 -1.347e-03
  7385  0.000e+00  0.000e+00 -1.292e-03
  7390  0.000e+00  0.000e+00 -1.240e-03
  7395  0.000e+00  0.000e+00 -1.191e-03
  7400  0.000e+00  0.000e+00 -1.147e-03
  7405  0.000e+00  0.000e+00 -1.107e-03
  7410  0.000e+00  0.000e+00 -1.074e-03
  7415  0.000e+00  0.000e+00 -1.045e-03
  7420  0.000e+00  0.000e+00 -1.023e-03
  7425  0.000e+00  0.000e+00 -1.006e-03
  7430  0.000e+00  0.000e+00 -9.937e-04
  7435  0.000e+00  0.000e+00 -9.864e-04
  7440  0.000e+00  0.000e+00 -9.830e-04
  7445  0.000e+00  0.000e+00 -9.828e-04
  7450  0.000e+00  0.000e+00 -9.847e-04
  7455  0.000e+00  0.000e+00 -9.877e-04
  7460  0.000e+00  0.000e+00 -9.909e-04
  7465  0.000e+00  0.000e+00 -9.930e-04
  7470  0.000e+00  0.000e+00 -9.930e-04
  7475  0.000e+00  0.000e+00 -9.900e-04
  7480  0.000e+00  0.000e+00 -9.828e-04
  7485  0.000e+00  0.000e+00 -9.707e-04
  7490  0.000e+00  0.000e+00 -9.531e-04
  7495  0.000e+00  0.000e+00 -9.294e-04
  7500  0.000e+00  0.000e+00 -8.993e-04
  7505  0.000e+00  0.000e+00 -8.626e-04
  7510  0.000e+00  0.000e+00 -8.195e-04
  7515  0.000e+00  0.000e+00 -7.703e-04
  7520  0.000e+00  0.000e+00 -7.155e-04
  7525  0.000e+00  0.000e+00 -6.558e-04
  7530  0.000e+00  0.000e+00 -5.922e-04
  7535  0.000e+00  0.000e+00 -5.258e-04
  7540  0.000e+00  0.000e+00 -4.577e-04
  7545  0.000e+00  0.000e+00 -3.895e-04
  7550  0.000e+00  0.000e+00 -3.225e-04
  7555  0.000e+00  0.000e+00 -2.581e-04
  7560  0.000e+00  0.000e+00 -1.980e-04
  7565  0.000e+00  0.000e+00 -1.435e-04
  7570  0.000e+00  0.000e+00 -9.609e-05
  7575  0.000e+00  0.000e+00 -5.699e-05
  7580  0.000e+00  0.000e+00 -2.734e-05
  7585  0.000e+00  0.000e+00 -8.098e-06
  7590  0.000e+00  0.000e+00 -3.209e-18
  7595  0.000e+00  0.000e+00 -3.559e-06
  7600  0.000e+00  0.000e+00 -1.904e-05
  7605  0.000e+00  0.000e+00 -4.644e-05
  7610  0.000e+00  0.000e+00 -8.550e-05
  7615  0.000e+00  0.000e+00 -1.357e-04
  7620  0.000e+00  0.000e+00 -1.963e-04
  7625  0.000e+00  0.000e+00 -2.662e-04
  7630  0.000e+00  0.000e+00 -3.442e-04
  7635  0.000e+00  0.000e+00 -4.290e-04
  7640  0.000e+00  0.000e+00 -5.189e-04
  7645  0.000e+00  0.000e+00 -6.122e-04
  7650  0.000e+00  0.000e+00 -7.073e-04
  7655  0.000e+00  0.000e+00 -8.023e-04
  7660  0.000e+00  0.000e+00 -8.955e-04
  7665  0.000e+00  0.000e+00 -9.851e-04
  7670  0.000e+00  0.000e+00 -1.070e-03
  7675  0.000e+00  0.000e+00 -1.147e-03
  7680  0.000e+00  0.000e+00 -1.217e-03
  7685  0.000e+00  0.000e+00 -1.278e-03
  7690  0.000e+00  0.000e+00 -1.329e-03
  7695  0.000e+00  0.000e+00 -1.370e-03
  7700  0.000e+00  0.000e+00 -1.399e-03
  7705  0.000e+00  0.000e+00 -1.418e-03
  7710  0.000e+00  0.000e+00 -1.427e-03
  7715  0.000e+00  0.000e+00 -1.425e-03
  7720  0.000e+00  0.000e+00 -1.414e-03
  7725  0.000e+00  0.000e+00 -1.395e-03
  7730  0.000e+00  0.000e+00 -1.369e-03
  7735  0.000e+00  0.000e+00 -1.337e-03
  7740  0.000e+00  0.000e+00 -1.301e-03
  7745  0.000e+00  0.000e+00 -1.263e-03
  7750  0.000e+00  0.000e+00 -1.224e-03
  7755  0.000e+00  0.000e+00 -1.187e-03
  7760  0.000e+00  0.000e+00 -1.151e-03
  7765  0.000e+00  0.000e+00 -1.120e-03
  7770  0.000e+00  0.000e+00 -1.095e-03
  7775  0.000e+00  0.000e+00 -1.076e-03
  7780  0.000e+00  0.000e+00 -1.066e-03
  7785  0.000e+00  0.000e+00 -1.064e-03
  7790  0.000e+00  0.000e+00 -1.072e-03
  7795  0.000e+00  0.000e+00 -1.089e-03
  7800  0.000e+00  0.000e+00 -1.116e-03
  7805  0.000e+00  0.000e+00 -1.153e-03
  7810  0.000e+00  0.000e+00 -1.198e-03
  7815  0.000e+00  0.000e+00 -1.251e-03
  7820  0.000e+00  0.000e+00 -1.312e-03
  7825  0.000e+00  0.000e+00 -1.377e-03
  7830  0.000e+00  0.000e+00 -1.447e-03
  7835  0.000e+00  0.000e+00 -1.520e-03
  7840  0.000e+00  0.000e+00 -1.593e-03
  7845  0.000e+00  0.000e+00 -1.664e-03
  7850  0.000e+00  0.000e+00 -1.733e-03
  7855  0.000e+00  0.000e+00 -1.797e-03
  7860  0.000e+00  0.000e+00 -1.854e-03
  7865  0.000e+00  0.000e+00 -1.903e-03
  7870  0.000e+00  0.000e+00 -1.941e-03
  7875  0.000e+00  0.000e+00 -1.969e-03
  7880  0.000e+00  0.000e+00 -1.984e-03
  7885  0.000e+00  0.000e+00 -1.986e-03
  7890  0.000e+00  0.000e+00 -1.974e-03
  7895  0.000e+00  0.000e+00 -1.949e-03
  7900  0.000e+00  0.000e+00 -1.909e-03
  7905  0.000e+00  0.000e+00 -1.856e-03
  7910  0.000e+00  0.000e+00 -1.790e-03
  7915  0.000e+00  0.000e+00 -1.712e-03
  7920  0.000e+00  0.000e+00 -1.623e-03
  7925  0.000e+00  0.000e+00 -1.524e-03
  7930  0.000e+00  0.000e+00 -1.418e-03
  7935  0.000e+00  0.000e+00 -1.305e-03
  7940  0.000e+00  0.000e+00 -1.189e-03
  7945  0.000e+00  0.000e+00 -1.070e-03
  7950  0.000e+00  0.000e+00 -9.501e-04
  7955  0.000e+00  0.000e+00 -8.323e-04
  7960  0.000e+00  0.000e+00 -7.181e-04
  7965  0.000e+00  0.000e+00 -6.093e-04
  7970  0.000e+00  0.000e+00 -5.075e-04
  7975  0.000e+00  0.000e+00 -4.143e-04
  7980  0.000e+00  0.000e+00 -3.311e-04
  7985  0.000e+00  0.000e+00 -2.588e-04
  7990  0.000e+00  0.000e+00 -1.984e-04
  7995  0.000e+00  0.000e+00 -1.505e-04
  8000  0.000e+00  0.000e+00 -1.154e-04
  8005  0.000e+00  0.000e+00 -9.309e-05
  8010  0.000e+00  0.000e+00 -8.351e-05
  8015  0.000e+00  0.000e+00 -8.620e-05
  8020  0.000e+00  0.000e+00 -1.005e-04
  8025  0.000e+00  0.000e+00 -1.256e-04
  8030  0.000e+00  0.000e+00 -1.604e-04
  8035  0.000e+00  0.000e+00 -2.038e-04
  8040  0.000e+00  0.000e+00 -2.545e-04
  8045  0.000e+00  0.000e+00 -3.111e-04
  8050  0.000e+00  0.000e+00 -3.723e-04
  8055  0.000e+00  0.000e+00 -4.366e-04
  8060  0.000e+00  0.000e+00 -5.026e-04
  8065  0.000e+00  0.000e+00 -5.691e-04
  8070  0.000e+00  0.000e+00 -6.349e-04
  8075  0.000e+00  0.000e+00 -6.987e-04
  8080  0.000e+00  0.000e+00 -7.597e-04
  8085  0.000e+00  0.000e+00 -8.169e-04
  8090  0.000e+00  0.000e+00 -8.698e-04
  8095  0.000e+00  0.000e+00 -9.179e-04
  8100  0.000e+00  0.000e+00 -9.609e-04
  8105  0.000e+00  0.000e+00 -9.986e-04
  8110  0.000e+00  0.000e+00 -1.031e-03
  8115  0.000e+00  0.000e+00 -1.058e-03
  8120  0.000e+00  0.000e+00 -1.081e-03
  8125  0.000e+00  0.000e+00 -1.099e-03
  8130  0.000e+00  0.000e+00 -1.114e-03
  8135  0.000e+00  0.000e+00 -1.126e-03
  8140  0.000e+00  0.000e+00 -1.135e-03
  8145  0.000e+00  0.000e+00 -1.142e-03
  8150  0.000e+00  0.000e+00 -1.149e-03
  8155  0.000e+00  0.000e+00 -1.155e-03
  8160  0.000e+00  0.000e+00 -1.162e-03
  8165  0.000e+00  0.000e+00 -1.169e-03
  8170  0.000e+00  0.000e+00 -1.179e-03
  8175  0.000e+00  0.000e+00 -1.190e-03
  8180  0.000e+00  0.000e+00 -1.203e-03
  8185  0.000e+00  0.000e+00 -1.218e-03
  8190  0.000e+00  0.000e+00 -1.237e-03
  8195  0.000e+00  0.000e+00 -1.257e-03
  8200  0.000e+00  0.000e+00 -1.280e-03
  8205  0.000e+00  0.000e+00 -1.305e-03
  8210  0.000e+00  0.000e+00 -1.332e-03
  8215  0.000e+00  0.000e+00 -1.360e-03
  8220  0.000e+00  0.000e+00 -1.389e-03
  8225  0.000e+00  0.000e+00 -1.419e-03
  8230  0.000e+00  0.000e+00 -1.448e-03
  8235  0.000e+00  0.000e+00 -1.476e-03
  8240  0.000e+00  0.000e+00 -1.503e-03
  8245  0.000e+00  0.000e+00 -1.528e-03
  8250  0.000e+00  0.000e+00 -1.550e-03
  8255  0.000e+00  0.000e+00 -1.569e-03
  8260  0.000e+00  0.000e+00 -1.585e-03
  8265  0.000e+00  0.000e+00 -1.597e-03
  8270  0.000e+00  0.000e+00 -1.605e-03
  8275  0.000e+00  0.000e+00 -1.609e-03
  8280  0.000e+00  0.000e+00 -1.609e-03
  8285  0.000e+00  0.000e+00 -1.604e-03
  8290  0.000e+00  0.000e+00 -1.596e-03
  8295  0.000e+00  0.000e+00 -1.584e-03
  8300  0.000e+00  0.000e+00 -1.569e-03
  8305  0.000e+00  0.000e+00 -1.551e-03
  8310  0.000e+00  0.000e+00 -1.530e-03
  8315  0.000e+00  0.000e+00 -1.508e-03
  8320  0.000e+00  0.000e+00 -1.485e-03
  8325  0.000e+00  0.000e+00 -1.461e-03
  8330  0.000e+00  0.000e+00 -1.438e-03
  8335  0.000e+00  0.000e+00 -1.415e-03
  8340  0.000e+00  0.000e+00 -1.394e-03
  8345  0.000e+00  0.000e+00 -1.375e-03
  8350  0.000e+00  0.000e+00 -1.359e-03
  8355  0.000e+00  0.000e+00 -1.346e-03
  8360  0.000e+00  0.000e+00 -1.337e-03
  8365  0.000e+00  0.000e+00 -1.333e-03
  8370  0.000e+00  0.000e+00 -1.333e-03
  8375  0.000e+00  0.000e+00 -1.338e-03
  8380  0.000e+00  0.000e+00 -1.348e-03
  8385  0.000e+00  0.000e+00 -1.363e-03
  8390  0.000e+00  0.000e+00 -1.383e-03
  8395  0.000e+00  0.000e+00 -1.408e-03
  8400  0.000e+00  0.000e+00 -1.439e-03
  8405  0.000e+00  0.000e+00 -1.474e-03
  8410  0.000e+00  0.000e+00 -1.513e-03
  8415  0.000e+00  0.000e+00 -1.556e-03
  8420  0.000e+00  0.000e+00 -1.602e-03
  8425  0.000e+00  0.000e+00 -1.651e-03
  8430  0.000e+00  0.000e+00 -1.703e-03
  8435  0.000e+00  0.000e+00 -1.756e-03
  8440  0.000e+00  0.000e+00 -1.810e-03
  8445  0.000e+00  0.000e+00 -1.864e-03
  8450  0.000e+00  0.000e+00 -1.918e-03
  8455  0.000e+00  0.000e+00 -1.970e-03
  8460  0.000e+00  0.000e+00 -2.021e-03
  8465  0.000e+00  0.000e+00 -2.069e-03
  8470  0.000e+00  0.000e+00 -2.114e-03
  8475  0.000e+00  0.000e+00 -2.155e-03
  8480  0.000e+00  0.000e+00 -2.191e-03
  8485  0.000e+00  0.000e+00 -2.221e-03
  8490  0.000e+00  0.000e+00 -2.246e-03
  8495  0.000e+00  0.000e+00 -2.265e-03
  8500  0.000e+00  0.000e+00 -2.277e-03
  8505  0.000e+00  0.000e+00 -2.281e-03
  8510  0.000e+00  0.000e+00 -2.279e-03
  8515  0.000e+00  0.000e+00 -2.268e-03
  8520  0.000e+00  0.000e+00 -2.250e-03
  8525  0.000e+00  0.000e+00 -2.224e-03
  8530  0.000e+00  0.000e+00 -2.190e-03
  8535  0.000e+00  0.000e+00 -2.149e-03
  8540  0.000e+00  0.000e+00 -2.101e-03
  8545  0.000e+00  0.000e+00 -2.045e-03
  8550  0.000e+00  0.000e+00 -1.983e-03
  8555  0.000e+00  0.000e+00 -1.916e-03
  8560  0.000e+00  0.000e+00 -1.843e-03
  8565  0.000e+00  0.000e+00 -1.766e-03
  8570  0.000e+00  0.000e+00 -1.686e-03
  8575  0.000e+00  0.000e+00 -1.603e-03
  8580  0.000e+00  0.000e+00 -1.519e-03
  8585  0.000e+00  0.000e+00 -1.434e-03
  8590  0.000e+00  0.000e+00 -1.350e-03
  8595  0.000e+00  0.000e+00 -1.268e-03
  8600  0.000e+00  0.000e+00 -1.189e-03
  8605  0.000e+00  0.000e+00 -1.114e-03
  8610  0.000e+00  0.000e+00 -1.044e-03
  8615  0.000e+00  0.000e+00 -9.810e-04
  8620  0.000e+00  0.000e+00 -9.246e-04
  8625  0.000e+00  0.000e+00 -8.763e-04
  8630  0.000e+00  0.000e+00 -8.367e-04
  8635  0.000e+00  0.000e+00 -8.064e-04
  8640  0.000e+00  0.000e+00 -7.858e-04
  8645  0.000e+00  0.000e+00 -7.754e-04
  8650  0.000e+00  0.000e+00 -7.751e-04
  8655  0.000e+00  0.000e+00 -7.849e-04
  8660  0.000e+00  0.000e+00 -8.047e-04
  8665  0.000e+00  0.000e+00 -8.339e-04
  8670  0.000e+00  0.000e+00 -8.720e-04
  8675  0.000e+00  0.000e+00 -9.183e-04
  8680  0.000e+00  0.000e+00 -9.718e-04
  8685  0.000e+00  0.000e+00 -1.032e-03
  8690  0.000e+00  0.000e+00 -1.096e-03
  8695  0.000e+00  0.000e+00 -1.165e-03
  8700  0.000e+00  0.000e+00 -1.236e-03
  8705  0.000e+00  0.000e+00 -1.308e-03
  8710  0.000e+00  0.000e+00 -1.379e-03
  8715  0.000e+00  0.000e+00 -1.449e-03
  8720  0.000e+00  0.000e+00 -1.516e-03
  8725  0.000e+00  0.000e+00 -1.579e-03
  8730  0.000e+00  0.000e+00 -1.636e-03
  8735  0.000e+00  0.000e+00 -1.686e-03
  8740  0.000e+00  0.000e+00 -1.729e-03
  8745  0.000e+00  0.000e+00 -1.763e-03
  8750  0.000e+00  0.000e+00 -1.789e-03
  8755  0.000e+00  0.000e+00 -1.805e-03
  8760  0.000e+00  0.000e+00 -1.812e-03
  8765  0.000e+00  0.000e+00 -1.810e-03
  8770  0.000e+00  0.000e+00 -1.798e-03
  8775  0.000e+00  0.000e+00 -1.778e-03
  8780  0.000e+00  0.000e+00 -1.750e-03
  8785  0.000e+00  0.000e+00 -1.714e-03
  8790  0.000e+00  0.000e+00 -1.672e-03
  8795  0.000e+00  0.000e+00 -1.625e-03
  8800  0.000e+00  0.000e+00 -1.573e-03
  8805  0.000e+00  0.000e+00 -1.518e-03
  8810  0.000e+00  0.000e+00 -1.461e-03
  8815  0.000e+00  0.000e+00 -1.404e-03
  8820  0.000e+00  0.000e+00 -1.347e-03
  8825  0.000e+00  0.000e+00 -1.292e-03
  8830  0.000e+00  0.000e+00 -1.240e-03
  8835  0.000e+00  0.000e+00 -1.191e-03
  8840  0.000e+00  0.000e+00 -1.147e-03
  8845  0.000e+00  0.000e+00 -1.107e-03
  8850  0.000e+00  0.000e+00 -1.074e-03
  8855  0.000e+00  0.000e+00 -1.045e-03
  8860  0.000e+00  0.000e+00 -1.023e-03
  8865  0.000e+00  0.000e+00 -1.006e-03
  8870  0.000e+00  0.000e+00 -9.937e-04
  8875  0.000e+00  0.000e+00 -9.864e-04
  8880  0.000e+00  0.000e+00 -9.830e-04
  8885  0.000e+00  0.000e+00 -9.828e-04
  8890  0.000e+00  0.000e+00 -9.847e-04
  8895  0.000e+00  0.000e+00 -9.877e-04
  8900  0.000e+00  0.000e+00 -9.909e-04
  8905  0.000e+00  0.000e+00 -9.930e-04
  8910  0.000e+00  0.000e+00 -9.930e-04
  8915  0.000e+00  0.000e+00 -9.900e-04
  8920  0.000e+00  0.000e+00 -9.828e-04
  8925  0.000e+00  0.000e+00 -9.707e-04
  8930  0.000e+00  0.000e+00 -9.531e-04
  8935  0.000e+00  0.000e+00 -9.294e-04
  8940  0.000e+00  0.000e+00 -8.993e-04
  8945  0.000e+00  0.000e+00 -8.626e-04
  8950  0.000e+00  0.000e+00 -8.195e-04
  8955  0.000e+00  0.000e+00 -7.703e-04
  8960  0.000e+00  0.000e+00 -7.155e-04
  8965  0.000e+00  0.000e+00 -6.558e-04
  8970  0.000e+00  0.000e+00 -5.922e-04
  8975  0.000e+00  0.000e+00 -5.258e-04
  8980  0.000e+00  0.000e+00 -4.577e-04
  8985  0.000e+00  0.000e+00 -3.895e-04
  8990  0.000e+00  0.000e+00 -3.225e-04
  8995  0.000e+00  0.000e+00 -2.581e-04
  9000  0.000e+00  0.000e+00 -1.980e-04
  9005  0.000e+00  0.000e+00 -1.435e-04
  9010  0.000e+00  0.000e+00 -9.609e-05
  9015  0.000e+00  0.000e+00 -5.699e-05
  9020  0.000e+00  0.000e+00 -2.734e-05
  9025  0.000e+00  0.000e+00 -8.098e-06
  9030  0.000e+00  0.000e+00 -6.079e-18
  9035  0.000e+00  0.000e+00 -3.559e-06
  9040  0.000e+00  0.000e+00 -1.904e-05
  9045  0.000e+00  0.000e+00 -4.644e-05
  9050  0.000e+00  0.000e+00 -8.550e-05
  9055  0.000e+00  0.000e+00 -1.357e-04
  9060  0.000e+00  0.000e+00 -1.963e-04
  9065  0.000e+00  0.000e+00 -2.662e-04
  9070  0.000e+00  0.000e+00 -3.442e-04
  9075  0.000e+00  0.000e+00 -4.290e-04
  9080  0.000e+00  0.000e+00 -5.189e-04
  9085  0.000e+00  0.000e+00 -6.122e-04
  9090  0.000e+00  0.000e+00 -7.073e-04
  9095  0.000e+00  0.000e+00 -8.023e-04
  9100  0.000e+00  0.000e+00 -8.955e-04
  9105  0.000e+00  0.000e+00 -9.851e-04
  9110  0.000e+00  0.000e+00 -1.070e-03
  9115  0.000e+00  0.000e+00 -1.147e-03
  9120  0.000e+00  0.000e+00 -1.217e-03
  9125  0.000e+00  0.000e+00 -1.278e-03
  9130  0.000e+00  0.000e+00 -1.329e-03
  9135  0.000e+00  0.000e+00 -1.370e-03
  9140  0.000e+00  0.000e+00 -1.399e-03
  9145  0.000e+00  0.000e+00 -1.418e-03
  9150  0.000e+00  0.000e+00 -1.427e-03
  9155  0.000e+00  0.000e+00 -1.425e-03
  9160  0.000e+00  0.000e+00 -1.414e-03
  9165  0.000e+00  0.000e+00 -1.395e-03
  9170  0.000e+00  0.000e+00 -1.369e-03
  9175  0.000e+00  0.000e+00 -1.337e-03
  9180  0.000e+00  0.000e+00 -1.301e-03
  9185  0.000e+00  0.000e+00 -1.263e-03
  9190  0.000e+00  0.000e+00 -1.224e-03
  9195  0.000e+00  0.000e+00 -1.187e-03
  9200  0.000e+00  0.000e+00 -1.151e-03
  9205  0.000e+00  0.000e+00 -1.120e-03
  9210  0.000e+00  0.000e+00 -1.095e-03
  9215  0.000e+00  0.000e+00 -1.076e-03
  9220  0.000e+00  0.000e+00 -1.066e-03
  9225  0.000e+00  0.000e+00 -1.064e-03
  9230  0.000e+00  0.000e+00 -1.072e-03
  9235  0.000e+00  0.000e+00 -1.089e-03
  9240  0.000e+00  0.000e+00 -1.116e-03
  9245  0.000e+00  0.000e+00 -1.153e-03
  9250  0.000e+00  0.000e+00 -1.198e-03
  9255  0.000e+00  0.000e+00 -1.251e-03
  9260  0.000e+00  0.000e+00 -1.312e-03
  9265  0.000e+00  0.000e+00 -1.377e-03
  9270  0.000e+00  0.000e+00 -1.447e-03
  9275  0.000e+00  0.000e+00 -1.520e-03
  9280  0.000e+00  0.000e+00 -1.593e-03
  9285  0.000e+00  0.000e+00 -1.664e-03
  9290  0.000e+00  0.000e+00 -1.733e-03
  9295  0.000e+00  0.000e+00 -1.797e-03
  9300  0.000e+00  0.000e+00 -1.854e-03
  9305  0.000e+00  0.000e+00 -1.903e-03
  9310  0.000e+00  0.000e+00 -1.941e-03
  9315  0.000e+00  0.000e+00 -1.969e-03
  9320  0.000e+00  0.000e+00 -1.984e-03
  9325  0.000e+00  0.000e+00 -1.986e-03
  9330  0.000e+00  0.000e+00 -1.974e-03
  9335  0.000e+00  0.000e+00 -1.949e-03
  9340  0.000e+00  0.000e+00 -1.909e-03
  9345  0.000e+00  0.000e+00 -1.856e-03
  9350  0.000e+00  0.000e+00 -1.790e-03
  9355  0.000e+00  0.000e+00 -1.712e-03
  9360  0.000e+00  0.000e+00 -1.623e-03
  9365  0.000e+00  0.000e+00 -1.524e-03
  9370  0.000e+00  0.000e+00 -1.418e-03
  9375  0.000e+00  0.000e+00 -1.305e-03
  9380  0.000e+00  0.000e+00 -1.189e-03
  9385  0.000e+00  0.000e+00 -1.070e-03
  9390  0.000e+00  0.000e+00 -9.501e-04
  9395  0.000e+00  0.000e+00 -8.323e-04
  9400  0.000e+00  0.000e+00 -7.181e-04
  9405  0.000e+00  0.000e+00 -6.093e-04
  9410  0.000e+00  0.000e+00 -5.075e-04
  9415  0.000e+00  0.000e+00 -4.143e-04
  9420  0.000e+00  0.000e+00 -3.311e-04
  9425  0.000e+00  0.000e+00 -2.588e-04
  9430  0.000e+00  0.000e+00 -1.984e-04
  9435  0.000e+00  0.000e+00 -1.505e-04
  9440  0.000e+00  0.000e+00 -1.154e-04
  9445  0.000e+00  0.000e+00 -9.309e-05
  9450  0.000e+00  0.000e+00 -8.351e-05
  9455  0.000e+00  0.000e+00 -8.620e-05
  9460  0.000e+00  0.000e+00 -1.005e-04
  9465  0.000e+00  0.000e+00 -1.256e-04
  9470  0.000e+00  0.000e+00 -1.604e-04
  9475  0.000e+00  0.000e+00 -2.038e-04
  9480  0.000e+00  0.000e+00 -2.545e-04
  9485  0.000e+00  0.000e+00 -3.111e-04
  9490  0.000e+00  0.000e+00 -3.723e-04
  9495  0.000e+00  0.000e+00 -4.366e-04
  9500  0.000e+00  0.000e+00 -5.026e-04
  9505  0.000e+00  0.000e+00 -5.691e-04
  9510  0.000e+00  0.000e+00 -6.349e-04
  9515  0.000e+00  0.000e+00 -6.987e-04
  9520  0.000e+00  0.000e+00 -7.597e-04
  9525  0.000e+00  0.000e+00 -8.169e-04
  9530  0.000e+00  0.000e+00 -8.698e-04
  9535  0.000e+00  0.000e+00 -9.179e-04
  9540  0.000e+00  0.000e+00 -9.609e-04
  9545  0.000e+00  0.000e+00 -9.986e-04
  9550  0.000e+00  0.000e+00 -1.031e-03
  9555  0.000e+00  0.000e+00 -1.058e-03
  9560  0.000e+00  0.000e+00 -1.081e-03
  9565  0.000e+00  0.000e+00 -1.099e-03
  9570  0.000e+00  0.000e+00 -1.114e-03
  9575  0.000e+00  0.000e+00 -1.126e-03
  9580  0.000e+00  0.000e+00 -1.135e-03
  9585  0.000e+00  0.000e+00 -1.142e-03
  9590  0.000e+00  0.000e+00 -1.149e-03
  9595  0.000e+00  0.000e+00 -1.155e-03
  9600  0.000e+00  0.000e+00 -1.162e-03
  9605  0.000e+00  0.000e+00 -1.169e-03
  9610  0.000e+00  0.000e+00 -1.179e-03
  9615  0.000e+00  0.000e+00 -1.190e-03
  9620  0.000e+00  0.000e+00 -1.203e-03
  9625  0.000e+00  0.000e+00 -1.218e-03
  9630  0.000e+00  0.000e+00 -1.237e-03
  9635  0.000e+00  0.000e+00 -1.257e-03
  9640  0.000e+00  0.000e+00 -1.280e-03
  9645  0.000e+00  0.000e+00 -1.305e-03
  9650  0.000e+00  0.000e+00 -1.332e-03
  9655  0.000e+00  0.000e+00 -1.360e-03
  9660  0.000e+00  0.000e+00 -1.389e-03
  9665  0.000e+00  0.000e+00 -1.419e-03
  9670  0.000e+00  0.000e+00 -1.448e-03
  9675  0.000e+00  0.000e+00 -1.476e-03
  9680  0.000e+00  0.000e+00 -1.503e-03
  9685  0.000e+00  0.000e+00 -1.528e-03
  9690  0.000e+00  0.000e+00 -1.550e-03
  9695  0.000e+00  0.000e+00 -1.569e-03
  9700  0.000e+00  0.000e+00 -1.585e-03
  9705  0.000e+00  0.000e+00 -1.597e-03
  9710  0.000e+00  0.000e+00 -1.605e-03
  9715  0.000e+00  0.000e+00 -1.609e-03
  9720  0.000e+00  0.000e+00 -1.609e-03
  9725  0.000e+00  0.000e+00 -1.604e-03
  9730  0.000e+00  0.000e+00 -1.596e-03
  9735  0.000e+00  0.000e+00 -1.584e-03
  9740  0.000e+00  0.000e+00 -1.569e-03
  9745  0.000e+00  0.000e+00 -1.551e-03
  9750  0.000e+00  0.000e+00 -1.530e-03
  9755  0.000e+00  0.000e+00 -1.508e-03
  9760  0.000e+00  0.000e+00 -1.485e-03
  9765  0.000e+00  0.000e+00 -1.461e-03
  9770  0.000e+00  0.000e+00 -1.438e-03
  9775  0.000e+00  0.000e+00 -1.415e-03
  9780  0.000e+00  0.000e+00 -1.394e-03
  9785  0.000e+00  0.000e+00 -1.375e-03
  9790  0.000e+00  0.000e+00 -1.359e-03
  9795  0.000e+00  0.000e+00 -1.346e-03
  9800  0.000e+00  0.000e+00 -1.337e-03
  9805  0.000e+00  0.000e+00 -1.333e-03
  9810  0.000e+00  0.000e+00 -1.333e-03
  9815  0.000e+00  0.000e+00 -1.338e-03
  9820  0.000e+00  0.000e+00 -1.348e-03
  9825  0.000e+00  0.000e+00 -1.363e-03
  9830  0.000e+00  0.000e+00 -1.383e-03
  9835  0.000e+00  0.000e+00 -1.408e-03
  9840  0.000e+00  0.000e+00 -1.439e-03
  9845  0.000e+00  0.000e+00 -1.474e-03
  9850  0.000e+00  0.000e+00 -1.513e-03
  9855  0.000e+00  0.000e+00 -1.556e-03
  9860  0.000e+00  0.000e+00 -1.602e-03
  9865  0.000e+00  0.000e+00 -1.651e-03
  9870  0.000e+00  0.000e+00 -1.703e-03
  9875  0.000e+00  0.000e+00 -1.756e-03
  9880  0.000e+00  0.000e+00 -1.810e-03
  9885  0.000e+00  0.000e+00 -1.864e-03
  9890  0.000e+00  0.000e+00 -1.918e-03
  9895  0.000e+00  0.000e+00 -1.970e-03
  9900  0.000e+00  0.000e+00 -2.021e-03
  9905  0.000e+00  0.000e+00 -2.069e-03
  9910  0.000e+00  0.000e+00 -2.114e-03
  9915  0.000e+00  0.000e+00 -2.155e-03
  9920  0.000e+00  0.000e+00 -2.191e-03
  9925  0.000e+00  0.000e+00 -2.221e-03
  9930  0.000e+00  0.000e+00 -2.246e-03
  9935  0.000e+00  0.000e+00 -2.265e-03
  9940  0.000e+00  0.000e+00 -2.277e-03
  9945  0.000e+00  0.000e+00 -2.281e-03
  9950  0.000e+00  0.000e+00 -2.279e-03
  9955  0.000e+00  0.000e+00 -2.268e-03
  9960  0.000e+00  0.000e+00 -2.250e-03
  9965  0.000e+00  0.000e+00 -2.224e-03
  9970  0.000e+00  0.000e+00 -2.190e-03
  9975  0.000e+00  0.000e+00 -2.149e-03
  9980  0.000e+00  0.000e+00 -2.101e-03
  9985  0.000e+00  0.000e+00 -2.045e-03
  9990  0.000e+00  0.000e+00 -1.983e-03
  9995  0.000e+00  0.000e+00 -1.916e-03
 10000  0.000e+00  0.000e+00 -1.843e-03
 10005  0.000e+00  0.000e+00 -1.766e-03
 10010  0.000e+00  0.000e+00 -1.686e-03
 10015  0.000e+00  0.000e+00 -1.603e-03
 10020  0.000e+00  0.000e+00 -1.519e-03
 10025  0.000e+00  0.000e+00 -1.434e-03
 10030  0.000e+00  0.000e+00 -1.350e-03
 10035  0.000e+00  0.000e+00 -1.268e-03
 10040  0.000e+00  0.000e+00 -1.189e-03
 10045  0.000e+00  0.000e+00 -1.114e-03
 10050  0.000e+00  0.000e+00 -1.044e-03
 10055  0.000e+00  0.000e+00 -9.810e-04
 10060  0.000e+00  0.000e+00 -9.246e-04
 10065  0.000e+00  0.000e+00 -8.763e-04
 10070  0.000e+00  0.000e+00 -8.367e-04
 10075  0.000e+00  0.000e+00 -8.064e-04
 10080  0.000e+00  0.000e+00 -7.858e-04
