     0  0.000e+00  0.000e+00 -4.785e-05
     5  0.000e+00  0.000e+00 -5.060e-05
    10  0.000e+00  0.000e+00 -5.356e-05
    15  0.000e+00  0.000e+00 -5.636e-05
    20  0.000e+00  0.000e+00 -5.873e-05
    25  0.000e+00  0.000e+00 -6.051e-05
    30  0.000e+00  0.000e+00 -6.164e-05
    35  0.000e+00  0.000e+00 -6.215e-05
    40  0.000e+00  0.000e+00 -6.219e-05
    45  0.000e+00  0.000e+00 -6.202e-05
    50  0.000e+00  0.000e+00 -6.198e-05
    55  0.000e+00  0.000e+00 -6.247e-05
    60  0.000e+00  0.000e+00 -6.396e-05
    65  0.000e+00  0.000e+00 -6.698e-05
    70  0.000e+00  0.000e+00 -7.203e-05
    75  0.000e+00  0.000e+00 -7.965e-05
    80  0.000e+00  0.000e+00 -9.033e-05
    85  0.000e+00  0.000e+00 -1.045e-04
    90  0.000e+00  0.000e+00 -1.225e-04
    95  0.000e+00  0.000e+00 -1.447e-04
   100  0.000e+00  0.000e+00 -1.711e-04
   105  0.000e+00  0.000e+00 -2.019e-04
   110  0.000e+00  0.000e+00 -2.369e-04
   115  0.000e+00  0.000e+00 -2.759e-04
   120  0.000e+00  0.000e+00 -3.185e-04
   125  0.000e+00  0.000e+00 -3.642e-04
   130  0.000e+00  0.000e+00 -4.123e-04
   135  0.000e+00  0.000e+00 -4.621e-04
   140  0.000e+00  0.000e+00 -5.127e-04
   145  0.000e+00  0.000e+00 -5.631e-04
   150  0.000e+00  0.000e+00 -6.125e-04
   155  0.000e+00  0.000e+00 -6.597e-04
   160  0.000e+00  0.000e+00 -7.037e-04
   165  0.000e+00  0.000e+00 -7.436e-04
   170  0.000e+00  0.000e+00 -7.784e-04
   175  0.000e+00  0.000e+00 -8.073e-04
   180  0.000e+00  0.000e+00 -8.296e-04
   185  0.000e+00  0.000e+00 -8.448e-04
   190  0.000e+00  0.000e+00 -8.524e-04
   195  0.000e+00  0.000e+00 -8.522e-04
   200  0.000e+00  0.000e+00 -8.443e-04
   205  0.000e+00  0.000e+00 -8.287e-04
   210  0.000e+00  0.000e+00 -8.059e-04
   215  0.000e+00  0.000e+00 -7.764e-04
   220  0.000e+00  0.000e+00 -7.411e-04
   225  0.000e+00  0.000e+00 -7.007e-04
   230  0.000e+00  0.000e+00 -6.564e-04
   235  0.000e+00  0.000e+00 -6.094e-04
   240  0.000e+00  0.000e+00 -5.610e-04
   245  0.000e+00  0.000e+00 -5.125e-04
   250  0.000e+00  0.000e+00 -4.653e-04
   255  0.000e+00  0.000e+00 -4.206e-04
   260  0.000e+00  0.000e+00 -3.798e-04
   265  0.000e+00  0.000e+00 -3.441e-04
   270  0.000e+00  0.000e+00 -3.145e-04
   275  0.000e+00  0.000e+00 -2.920e-04
   280  0.000e+00  0.000e+00 -2.772e-04
   285  0.000e+00  0.000e+00 -2.706e-04
   290  0.000e+00  0.000e+00 -2.726e-04
   295  0.000e+00  0.000e+00 -2.832e-04
   300  0.000e+00  0.000e+00 -3.022e-04
   305  0.000e+00  0.000e+00 -3.292e-04
   310  0.000e+00  0.000e+00 -3.634e-04
   315  0.000e+00  0.000e+00 -4.041e-04
   320  0.000e+00  0.000e+00 -4.501e-04
   325  0.000e+00  0.000e+00 -5.002e-04
   330  0.000e+00  0.000e+00 -5.531e-04
   335  0.000e+00  0.000e+00 -6.073e-04
   340  0.000e+00  0.000e+00 -6.614e-04
   345  0.000e+00  0.000e+00 -7.137e-04
   350  0.000e+00  0.000e+00 -7.628e-04
   355  0.000e+00  0.000e+00 -8.073e-04
   360  0.000e+00  0.000e+00 -8.459e-04
   365  0.000e+00  0.000e+00 -8.775e-04
   370  0.000e+00  0.000e+00 -9.012e-04
   375  0.000e+00  0.000e+00 -9.162e-04
   380  0.000e+00  0.000e+00 -9.221e-04
   385  0.000e+00  0.000e+00 -9.187e-04
   390  0.000e+00  0.000e+00 -9.060e-04
   395  0.000e+00  0.000e+00 -8.844e-04
   400  0.000e+00  0.000e+00 -8.545e-04
   405  0.000e+00  0.000e+00 -8.171e-04
   410  0.000e+00  0.000e+00 -7.733e-04
   415  0.000e+00  0.000e+00 -7.245e-04
   420  0.000e+00  0.000e+00 -6.722e-04
   425  0.000e+00  0.000e+00 -6.179e-04
   430  0.000e+00  0.000e+00 -5.634e-04
   435  0.000e+00  0.000e+00 -5.103e-04
   440  0.000e+00  0.000e+00 -4.605e-04
   445  0.000e+00  0.000e+00 -4.157e-04
   450  0.000e+00  0.000e+00 -3.774e-04
   455  0.000e+00  0.000e+00 -3.471e-04
   460  0.000e+00  0.000e+00 -3.261e-04
   465  0.000e+00  0.000e+00 -3.153e-04
   470  0.000e+00  0.000e+00 -3.156e-04
   475  0.000e+00  0.000e+00 -3.274e-04
   480  0.000e+00  0.000e+00 -3.510e-04
   485  0.000e+00  0.000e+00 -3.861e-04
   490  0.000e+00  0.000e+00 -4.325e-04
   495  0.000e+00  0.000e+00 -4.892e-04
   500  0.000e+00  0.000e+00 -5.553e-04
   505  0.000e+00  0.000e+00 -6.294e-04
   510  0.000e+00  0.000e+00 -7.101e-04
   515  0.000e+00  0.000e+00 -7.956e-04
   520  0.000e+00  0.000e+00 -8.838e-04
   525  0.000e+00  0.000e+00 -9.730e-04
   530  0.000e+00  0.000e+00 -1.061e-03
   535  0.000e+00  0.000e+00 -1.145e-03
   540  0.000e+00  0.000e+00 -1.225e-03
   545  0.000e+00  0.000e+00 -1.297e-03
   550  0.000e+00  0.000e+00 -1.359e-03
   555  0.000e+00  0.000e+00 -1.411e-03
   560  0.000e+00  0.000e+00 -1.451e-03
   565  0.000e+00  0.000e+00 -1.478e-03
   570  0.000e+00  0.000e+00 -1.491e-03
   575  0.000e+00  0.000e+00 -1.489e-03
   580  0.000e+00  0.000e+00 -1.473e-03
   585  0.000e+00  0.000e+00 -1.443e-03
   590  0.000e+00  0.000e+00 -1.398e-03
   595  0.000e+00  0.000e+00 -1.341e-03
   600  0.000e+00  0.000e+00 -1.271e-03
   605  0.000e+00  0.000e+00 -1.191e-03
   610  0.000e+00  0.000e+00 -1.102e-03
   615  0.000e+00  0.000e+00 -1.007e-03
   620  0.000e+00  0.000e+00 -9.061e-04
   625  0.000e+00  0.000e+00 -8.025e-04
   630  0.000e+00  0.000e+00 -6.982e-04
   635  0.000e+00  0.000e+00 -5.952e-04
   640  0.000e+00  0.000e+00 -4.957e-04
   645  0.000e+00  0.000e+00 -4.016e-04
   650  0.000e+00  0.000e+00 -3.147e-04
   655  0.000e+00  0.000e+00 -2.367e-04
   660  0.000e+00  0.000e+00 -1.689e-04
   665  0.000e+00  0.000e+00 -1.126e-04
   670  0.000e+00  0.000e+00 -6.841e-05
   675  0.000e+00  0.000e+00 -3.705e-05
   680  0.000e+00  0.000e+00 -1.872e-05
   685  0.000e+00  0.000e+00 -1.336e-05
   690  0.000e+00  0.000e+00 -2.061e-05
   695  0.000e+00  0.000e+00 -3.983e-05
   700  0.000e+00  0.000e+00 -7.013e-05
   705  0.000e+00  0.000e+00 -1.104e-04
   710  0.000e+00  0.000e+00 -1.593e-04
   715  0.000e+00  0.000e+00 -2.154e-04
   720  0.000e+00  0.000e+00 -2.771e-04
   725  0.000e+00  0.000e+00 -3.427e-04
   730  0.000e+00  0.000e+00 -4.106e-04
   735  0.000e+00  0.000e+00 -4.791e-04
   740  0.000e+00  0.000e+00 -5.466e-04
   745  0.000e+00  0.000e+00 -6.117e-04
   750  0.000e+00  0.000e+00 -6.729e-04
   755  0.000e+00  0.000e+00 -7.291e-04
   760  0.000e+00  0.000e+00 -7.794e-04
   765  0.000e+00  0.000e+00 -8.228e-04
   770  0.000e+00  0.000e+00 -8.590e-04
   775  0.000e+00  0.000e+00 -8.874e-04
   780  0.000e+00  0.000e+00 -9.081e-04
   785  0.000e+00  0.000e+00 -9.212e-04
   790  0.000e+00  0.000e+00 -9.270e-04
   795  0.000e+00  0.000e+00 -9.260e-04
   800  0.000e+00  0.000e+00 -9.190e-04
   805  0.000e+00  0.000e+00 -9.067e-04
   810  0.000e+00  0.000e+00 -8.900e-04
   815  0.000e+00  0.000e+00 -8.701e-04
   820  0.000e+00  0.000e+00 -8.479e-04
   825  0.000e+00  0.000e+00 -8.244e-04
   830  0.000e+00  0.000e+00 -8.007e-04
   835  0.000e+00  0.000e+00 -7.778e-04
   840  0.000e+00  0.000e+00 -7.564e-04
   845  0.000e+00  0.000e+00 -7.374e-04
   850  0.000e+00  0.000e+00 -7.214e-04
   855  0.000e+00  0.000e+00 -7.087e-04
   860  0.000e+00  0.000e+00 -6.998e-04
   865  0.000e+00  0.000e+00 -6.947e-04
   870  0.000e+00  0.000e+00 -6.934e-04
   875  0.000e+00  0.000e+00 -6.957e-04
   880  0.000e+00  0.000e+00 -7.013e-04
   885  0.000e+00  0.000e+00 -7.097e-04
   890  0.000e+00  0.000e+00 -7.202e-04
   895  0.000e+00  0.000e+00 -7.322e-04
   900  0.000e+00  0.000e+00 -7.450e-04
   905  0.000e+00  0.000e+00 -7.576e-04
   910  0.000e+00  0.000e+00 -7.694e-04
   915  0.000e+00  0.000e+00 -7.795e-04
   920  0.000e+00  0.000e+00 -7.871e-04
   925  0.000e+00  0.000e+00 -7.916e-04
   930  0.000e+00  0.000e+00 -7.923e-04
   935  0.000e+00  0.000e+00 -7.887e-04
   940  0.000e+00  0.000e+00 -7.805e-04
   945  0.000e+00  0.000e+00 -7.675e-04
   950  0.000e+00  0.000e+00 -7.494e-04
   955  0.000e+00  0.000e+00 -7.264e-04
   960  0.000e+00  0.000e+00 -6.986e-04
   965  0.000e+00  0.000e+00 -6.664e-04
   970  0.000e+00  0.000e+00 -6.301e-04
   975  0.000e+00  0.000e+00 -5.904e-04
   980  0.000e+00  0.000e+00 -5.477e-04
   985  0.000e+00  0.000e+00 -5.029e-04
   990  0.000e+00  0.000e+00 -4.567e-04
   995  0.000e+00  0.000e+00 -4.099e-04
  1000  0.000e+00  0.000e+00 -3.632e-04
  1005  0.000e+00  0.000e+00 -3.173e-04
  1010  0.000e+00  0.000e+00 -2.730e-04
  1015  0.000e+00  0.000e+00 -2.310e-04
  1020  0.000e+00  0.000e+00 -1.917e-04
  1025  0.000e+00  0.000e+00 -1.557e-04
  1030  0.000e+00  0.000e+00 -1.233e-04
  1035  0.000e+00  0.000e+00 -9.478e-05
  1040  0.000e+00  0.000e+00 -7.025e-05
  1045  0.000e+00  0.000e+00 -4.975e-05
  1050  0.000e+00  0.000e+00 -3.319e-05
  1055  0.000e+00  0.000e+00 -2.037e-05
  1060  0.000e+00  0.000e+00 -1.102e-05
  1065  0.000e+00  0.000e+00 -4.791e-06
  1070  0.000e+00  0.000e+00 -1.266e-06
  1075  0.000e+00  0.000e+00 -2.756e-18
  1080  0.000e+00  0.000e+00 -5.252e-07
  1085  0.000e+00  0.000e+00 -2.375e-06
  1090  0.000e+00  0.000e+00 -5.105e-06
  1095  0.000e+00  0.000e+00 -8.307e-06
  1100  0.000e+00  0.000e+00 -1.163e-05
  1105  0.000e+00  0.000e+00 -1.480e-05
  1110  0.000e+00  0.000e+00 -1.761e-05
  1115  0.000e+00  0.000e+00 -1.995e-05
  1120  0.000e+00  0.000e+00 -2.182e-05
  1125  0.000e+00  0.000e+00 -2.330e-05
  1130  0.000e+00  0.000e+00 -2.456e-05
  1135  0.000e+00  0.000e+00 -2.587e-05
  1140  0.000e+00  0.000e+00 -2.758e-05
  1145  0.000e+00  0.000e+00 -3.008e-05
  1150  0.000e+00  0.000e+00 -3.383e-05
  1155  0.000e+00  0.000e+00 -3.933e-05
  1160  0.000e+00  0.000e+00 -4.706e-05
  1165  0.000e+00  0.000e+00 -5.751e-05
  1170  0.000e+00  0.000e+00 -7.114e-05
  1175  0.000e+00  0.000e+00 -8.836e-05
  1180  0.000e+00  0.000e+00 -1.095e-04
  1185  0.000e+00  0.000e+00 -1.348e-04
  1190  0.000e+00  0.000e+00 -1.644e-04
  1195  0.000e+00  0.000e+00 -1.983e-04
  1200  0.000e+00  0.000e+00 -2.365e-04
  1205  0.000e+00  0.000e+00 -2.787e-04
  1210  0.000e+00  0.000e+00 -3.246e-04
  1215  0.000e+00  0.000e+00 -3.737e-04
  1220  0.000e+00  0.000e+00 -4.253e-04
  1225  0.000e+00  0.000e+00 -4.789e-04
  1230  0.000e+00  0.000e+00 -5.335e-04
  1235  0.000e+00  0.000e+00 -5.884e-04
  1240  0.000e+00  0.000e+00 -6.426e-04
  1245  0.000e+00  0.000e+00 -6.951e-04
  1250  0.000e+00  0.000e+00 -7.450e-04
  1255  0.000e+00  0.000e+00 -7.913e-04
  1260  0.000e+00  0.000e+00 -8.332e-04
  1265  0.000e+00  0.000e+00 -8.698e-04
  1270  0.000e+00  0.000e+00 -9.004e-04
  1275  0.000e+00  0.000e+00 -9.243e-04
  1280  0.000e+00  0.000e+00 -9.410e-04
  1285  0.000e+00  0.000e+00 -9.503e-04
  1290  0.000e+00  0.000e+00 -9.518e-04
  1295  0.000e+00  0.000e+00 -9.456e-04
  1300  0.000e+00  0.000e+00 -9.317e-04
  1305  0.000e+00  0.000e+00 -9.104e-04
  1310  0.000e+00  0.000e+00 -8.821e-04
  1315  0.000e+00  0.000e+00 -8.475e-04
  1320  0.000e+00  0.000e+00 -8.072e-04
  1325  0.000e+00  0.000e+00 -7.619e-04
  1330  0.000e+00  0.000e+00 -7.127e-04
  1335  0.000e+00  0.000e+00 -6.603e-04
  1340  0.000e+00  0.000e+00 -6.058e-04
  1345  0.000e+00  0.000e+00 -5.503e-04
  1350  0.000e+00  0.000e+00 -4.946e-04
  1355  0.000e+00  0.000e+00 -4.396e-04
  1360  0.000e+00  0.000e+00 -3.864e-04
  1365  0.000e+00  0.000e+00 -3.356e-04
  1370  0.000e+00  0.000e+00 -2.880e-04
  1375  0.000e+00  0.000e+00 -2.442e-04
  1380  0.000e+00  0.000e+00 -2.045e-04
  1385  0.000e+00  0.000e+00 -1.693e-04
  1390  0.000e+00  0.000e+00 -1.388e-04
  1395  0.000e+00  0.000e+00 -1.130e-04
  1400  0.000e+00  0.000e+00 -9.191e-05
  1405  0.000e+00  0.000e+00 -7.521e-05
  1410  0.000e+00  0.000e+00 -6.264e-05
  1415  0.000e+00  0.000e+00 -5.379e-05
  1420  0.000e+00  0.000e+00 -4.820e-05
  1425  0.000e+00  0.000e+00 -4.536e-05
  1430  0.000e+00  0.000e+00 -4.471e-05
  1435  0.000e+00  0.000e+00 -4.572e-05
  1440  0.000e+00  0.000e+00 -4.785e-05
  1445  0.000e+00  0.000e+00 -5.060e-05
  1450  0.000e+00  0.000e+00 -5.356e-05
  1455  0.000e+00  0.000e+00 -5.636e-05
  1460  0.000e+00  0.000e+00 -5.873e-05
  1465  0.000e+00  0.000e+00 -6.051e-05
  1470  0.000e+00  0.000e+00 -6.164e-05
  1475  0.000e+00  0.000e+00 -6.215e-05
  1480  0.000e+00  0.000e+00 -6.219e-05
  1485  0.000e+00  0.000e+00 -6.202e-05
  1490  0.000e+00  0.000e+00 -6.198e-05
  1495  0.000e+00  0.000e+00 -6.247e-05
  1500  0.000e+00  0.000e+00 -6.396e-05
  1505  0.000e+00  0.000e+00 -6.698e-05
  1510  0.000e+00  0.000e+00 -7.203e-05
  1515  0.000e+00  0.000e+00 -7.965e-05
  1520  0.000e+00  0.000e+00 -9.033e-05
  1525  0.000e+00  0.000e+00 -1.045e-04
  1530  0.000e+00  0.000e+00 -1.225e-04
  1535  0.000e+00  0.000e+00 -1.447e-04
  1540  0.000e+00  0.000e+00 -1.711e-04
  1545  0.000e+00  0.000e+00 -2.019e-04
  1550  0.000e+00  0.000e+00 -2.369e-04
  1555  0.000e+00  0.000e+00 -2.759e-04
  1560  0.000e+00  0.000e+00 -3.185e-04
  1565  0.000e+00  0.000e+00 -3.642e-04
  1570  0.000e+00  0.000e+00 -4.123e-04
  1575  0.000e+00  0.000e+00 -4.621e-04
  1580  0.000e+00  0.000e+00 -5.127e-04
  1585  0.000e+00  0.000e+00 -5.631e-04
  1590  0.000e+00  0.000e+00 -6.125e-04
  1595  0.000e+00  0.000e+00 -6.597e-04
  1600  0.000e+00  0.000e+00 -7.037e-04
  1605  0.000e+00  0.000e+00 -7.436e-04
  1610  0.000e+00  0.000e+00 -7.784e-04
  1615  0.000e+00  0.000e+00 -8.073e-04
  1620  0.000e+00  0.000e+00 -8.296e-04
  1625  0.000e+00  0.000e+00 -8.448e-04
  1630  0.000e+00  0.000e+00 -8.524e-04
  1635  0.000e+00  0.000e+00 -8.522e-04
  1640  0.000e+00  0.000e+00 -8.443e-04
  1645  0.000e+00  0.000e+00 -8.287e-04
  1650  0.000e+00  0.000e+00 -8.059e-04
  1655  0.000e+00  0.000e+00 -7.764e-04
  1660  0.000e+00  0.000e+00 -7.411e-04
  1665  0.000e+00  0.000e+00 -7.007e-04
  1670  0.000e+00  0.000e+00 -6.564e-04
  1675  0.000e+00  0.000e+00 -6.094e-04
  1680  0.000e+00  0.000e+00 -5.610e-04
  1685  0.000e+00  0.000e+00 -5.125e-04
  1690  0.000e+00  0.000e+00 -4.653e-04
  1695  0.000e+00  0.000e+00 -4.206e-04
  1700  0.000e+00  0.000e+00 -3.798e-04
  1705  0.000e+00  0.000e+00 -3.441e-04
  1710  0.000e+00  0.000e+00 -3.145e-04
  1715  0.000e+00  0.000e+00 -2.920e-04
  1720  0.000e+00  0.000e+00 -2.772e-04
  1725  0.000e+00  0.000e+00 -2.706e-04
  1730  0.000e+00  0.000e+00 -2.726e-04
  1735  0.000e+00  0.000e+00 -2.832e-04
  1740  0.000e+00  0.000e+00 -3.022e-04
  1745  0.000e+00  0.000e+00 -3.292e-04
  1750  0.000e+00  0.000e+00 -3.634e-04
  1755  0.000e+00  0.000e+00 -4.041e-04
  1760  0.000e+00  0.000e+00 -4.501e-04
  1765  0.000e+00  0.000e+00 -5.002e-04
  1770  0.000e+00  0.000e+00 -5.531e-04
  1775  0.000e+00  0.000e+00 -6.073e-04
  1780  0.000e+00  0.000e+00 -6.614e-04
  1785  0.000e+00  0.000e+00 -7.137e-04
  1790  0.000e+00  0.000e+00 -7.628e-04
  1795  0.000e+00  0.000e+00 -8.073e-04
  1800  0.000e+00  0.000e+00 -8.459e-04
  1805  0.000e+00  0.000e+00 -8.775e-04
  1810  0.000e+00  0.000e+00 -9.012e-04
  1815  0.000e+00  0.000e+00 -9.162e-04
  1820  0.000e+00  0.000e+00 -9.221e-04
  1825  0.000e+00  0.000e+00 -9.187e-04
  1830  0.000e+00  0.000e+00 -9.060e-04
  1835  0.000e+00  0.000e+00 -8.844e-04
  1840  0.000e+00  0.000e+00 -8.545e-04
  1845  0.000e+00  0.000e+00 -8.171e-04
  1850  0.000e+00  0.000e+00 -7.733e-04
  1855  0.000e+00  0.000e+00 -7.245e-04
  1860  0.000e+00  0.000e+00 -6.722e-04
  1865  0.000e+00  0.000e+00 -6.179e-04
  1870  0.000e+00  0.000e+00 -5.634e-04
  1875  0.000e+00  0.000e+00 -5.103e-04
  1880  0.000e+00  0.000e+00 -4.605e-04
  1885  0.000e+00  0.000e+00 -4.157e-04
  1890  0.000e+00  0.000e+00 -3.774e-04
  1895  0.000e+00  0.000e+00 -3.471e-04
  1900  0.000e+00  0.000e+00 -3.261e-04
  1905  0.000e+00  0.000e+00 -3.153e-04
  1910  0.000e+00  0.000e+00 -3.156e-04
  1915  0.000e+00  0.000e+00 -3.274e-04
  1920  0.000e+00  0.000e+00 -3.510e-04
  1925  0.000e+00  0.000e+00 -3.861e-04
  1930  0.000e+00  0.000e+00 -4.325e-04
  1935  0.000e+00  0.000e+00 -4.892e-04
  1940  0.000e+00  0.000e+00 -5.553e-04
  1945  0.000e+00  0.000e+00 -6.294e-04
  1950  0.000e+00  0.000e+00 -7.101e-04
  1955  0.000e+00  0.000e+00 -7.956e-04
  1960  0.000e+00  0.000e+00 -8.838e-04
  1965  0.000e+00  0.000e+00 -9.730e-04
  1970  0.000e+00  0.000e+00 -1.061e-03
  1975  0.000e+00  0.000e+00 -1.145e-03
  1980  0.000e+00  0.000e+00 -1.225e-03
  1985  0.000e+00  0.000e+00 -1.297e-03
  1990  0.000e+00  0.000e+00 -1.359e-03
  1995  0.000e+00  0.000e+00 -1.411e-03
  2000  0.000e+00  0.000e+00 -1.451e-03
  2005  0.000e+00  0.000e+00 -1.478e-03
  2010  0.000e+00  0.000e+00 -1.491e-03
  2015  0.000e+00  0.000e+00 -1.489e-03
  2020  0.000e+00  0.000e+00 -1.473e-03
  2025  0.000e+00  0.000e+00 -1.443e-03
  2030  0.000e+00  0.000e+00 -1.398e-03
  2035  0.000e+00  0.000e+00 -1.341e-03
  2040  0.000e+00  0.000e+00 -1.271e-03
  2045  0.000e+00  0.000e+00 -1.191e-03
  2050  0.000e+00  0.000e+00 -1.102e-03
  2055  0.000e+00  0.000e+00 -1.007e-03
  2060  0.000e+00  0.000e+00 -9.061e-04
  2065  0.000e+00  0.000e+00 -8.025e-04
  2070  0.000e+00  0.000e+00 -6.982e-04
  2075  0.000e+00  0.000e+00 -5.952e-04
  2080  0.000e+00  0.000e+00 -4.957e-04
  2085  0.000e+00  0.000e+00 -4.016e-04
  2090  0.000e+00  0.000e+00 -3.147e-04
  2095  0.000e+00  0.000e+00 -2.367e-04
  2100  0.000e+00  0.000e+00 -1.689e-04
  2105  0.000e+00  0.000e+00 -1.126e-04
  2110  0.000e+00  0.000e+00 -6.841e-05
  2115  0.000e+00  0.000e+00 -3.705e-05
  2120  0.000e+00  0.000e+00 -1.872e-05
  2125  0.000e+00  0.000e+00 -1.336e-05
  2130  0.000e+00  0.000e+00 -2.061e-05
  2135  0.000e+00  0.000e+00 -3.983e-05
  2140  0.000e+00  0.000e+00 -7.013e-05
  2145  0.000e+00  0.000e+00 -1.104e-04
  2150  0.000e+00  0.000e+00 -1.593e-04
  2155  0.000e+00  0.000e+00 -2.154e-04
  2160  0.000e+00  0.000e+00 -2.771e-04
  2165  0.000e+00  0.000e+00 -3.427e-04
  2170  0.000e+00  0.000e+00 -4.106e-04
  2175  0.000e+00  0.000e+00 -4.791e-04
  2180  0.000e+00  0.000e+00 -5.466e-04
  2185  0.000e+00  0.000e+00 -6.117e-04
  2190  0.000e+00  0.000e+00 -6.729e-04
  2195  0.000e+00  0.000e+00 -7.291e-04
  2200  0.000e+00  0.000e+00 -7.794e-04
  2205  0.000e+00  0.000e+00 -8.228e-04
  2210  0.000e+00  0.000e+00 -8.590e-04
  2215  0.000e+00  0.000e+00 -8.874e-04
  2220  0.000e+00  0.000e+00 -9.081e-04
  2225  0.000e+00  0.000e+00 -9.212e-04
  2230  0.000e+00  0.000e+00 -9.270e-04
  2235  0.000e+00  0.000e+00 -9.260e-04
  2240  0.000e+00  0.000e+00 -9.190e-04
  2245  0.000e+00  0.000e+00 -9.067e-04
  2250  0.000e+00  0.000e+00 -8.900e-04
  2255  0.000e+00  0.000e+00 -8.701e-04
  2260  0.000e+00  0.000e+00 -8.479e-04
  2265  0.000e+00  0.000e+00 -8.244e-04
  2270  0.000e+00  0.000e+00 -8.007e-04
  2275  0.000e+00  0.000e+00 -7.778e-04
  2280  0.000e+00  0.000e+00 -7.564e-04
  2285  0.000e+00  0.000e+00 -7.374e-04
  2290  0.000e+00  0.000e+00 -7.214e-04
  2295  0.000e+00  0.000e+00 -7.087e-04
  2300  0.000e+00  0.000e+00 -6.998e-04
  2305  0.000e+00  0.000e+00 -6.947e-04
  2310  0.000e+00  0.000e+00 -6.934e-04
  2315  0.000e+00  0.000e+00 -6.957e-04
  2320  0.000e+00  0.000e+00 -7.013e-04
  2325  0.000e+00  0.000e+00 -7.097e-04
  2330  0.000e+00  0.000e+00 -7.202e-04
  2335  0.000e+00  0.000e+00 -7.322e-04
  2340  0.000e+00  0.000e+00 -7.450e-04
  2345  0.000e+00  0.000e+00 -7.576e-04
  2350  0.000e+00  0.000e+00 -7.694e-04
  2355  0.000e+00  0.000e+00 -7.795e-04
  2360  0.000e+00  0.000e+00 -7.871e-04
  2365  0.000e+00  0.000e+00 -7.916e-04
  2370  0.000e+00  0.000e+00 -7.923e-04
  2375  0.000e+00  0.000e+00 -7.887e-04
  2380  0.000e+00  0.000e+00 -7.805e-04
  2385  0.000e+00  0.000e+00 -7.675e-04
  2390  0.000e+00  0.000e+00 -7.494e-04
  2395  0.000e+00  0.000e+00 -7.264e-04
  2400  0.000e+00  0.000e+00 -6.986e-04
  2405  0.000e+00  0.000e+00 -6.664e-04
  2410  0.000e+00  0.000e+00 -6.301e-04
  2415  0.000e+00  0.000e+00 -5.904e-04
  2420  0.000e+00  0.000e+00 -5.477e-04
  2425  0.000e+00  0.000e+00 -5.029e-04
  2430  0.000e+00  0.000e+00 -4.567e-04
  2435  0.000e+00  0.000e+00 -4.099e-04
  2440  0.000e+00  0.000e+00 -3.632e-04
  2445  0.000e+00  0.000e+00 -3.173e-04
  2450  0.000e+00  0.000e+00 -2.730e-04
  2455  0.000e+00  0.000e+00 -2.310e-04
  2460  0.000e+00  0.000e+00 -1.917e-04
  2465  0.000e+00  0.000e+00 -1.557e-04
  2470  0.000e+00  0.000e+00 -1.233e-04
  2475  0.000e+00  0.000e+00 -9.478e-05
  2480  0.000e+00  0.000e+00 -7.025e-05
  2485  0.000e+00  0.000e+00 -4.975e-05
  2490  0.000e+00  0.000e+00 -3.319e-05
  2495  0.000e+00  0.000e+00 -2.037e-05
  2500  0.000e+00  0.000e+00 -1.102e-05
  2505  0.000e+00  0.000e+00 -4.791e-06
  2510  0.000e+00  0.000e+00 -1.266e-06
  2515  0.000e+00  0.000e+00 -7.145e-19
  2520  0.000e+00  0.000e+00 -5.252e-07
  2525  0.000e+00  0.000e+00 -2.375e-06
  2530  0.000e+00  0.000e+00 -5.105e-06
  2535  0.000e+00  0.000e+00 -8.307e-06
  2540  0.000e+00  0.000e+00 -1.163e-05
  2545  0.000e+00  0.000e+00 -1.480e-05
  2550  0.000e+00  0.000e+00 -1.761e-05
  2555  0.000e+00  0.000e+00 -1.995e-05
  2560  0.000e+00  0.000e+00 -2.182e-05
  2565  0.000e+00  0.000e+00 -2.330e-05
  2570  0.000e+00  0.000e+00 -2.456e-05
  2575  0.000e+00  0.000e+00 -2.587e-05
  2580  0.000e+00  0.000e+00 -2.758e-05
  2585  0.000e+00  0.000e+00 -3.008e-05
  2590  0.000e+00  0.000e+00 -3.383e-05
  2595  0.000e+00  0.000e+00 -3.933e-05
  2600  0.000e+00  0.000e+00 -4.706e-05
  2605  0.000e+00  0.000e+00 -5.751e-05
  2610  0.000e+00  0.000e+00 -7.114e-05
  2615  0.000e+00  0.000e+00 -8.836e-05
  2620  0.000e+00  0.000e+00 -1.095e-04
  2625  0.000e+00  0.000e+00 -1.348e-04
  2630  0.000e+00  0.000e+00 -1.644e-04
  2635  0.000e+00  0.000e+00 -1.983e-04
  2640  0.000e+00  0.000e+00 -2.365e-04
  2645  0.000e+00  0.000e+00 -2.787e-04
  2650  0.000e+00  0.000e+00 -3.246e-04
  2655  0.000e+00  0.000e+00 -3.737e-04
  2660  0.000e+00  0.000e+00 -4.253e-04
  2665  0.000e+00  0.000e+00 -4.789e-04
  2670  0.000e+00  0.000e+00 -5.335e-04
  2675  0.000e+00  0.000e+00 -5.884e-04
  2680  0.000e+00  0.000e+00 -6.426e-04
  2685  0.000e+00  0.000e+00 -6.951e-04
  2690  0.000e+00  0.000e+00 -7.450e-04
  2695  0.000e+00  0.000e+00 -7.913e-04
  2700  0.000e+00  0.000e+00 -8.332e-04
  2705  0.000e+00  0.000e+00 -8.698e-04
  2710  0.000e+00  0.000e+00 -9.004e-04
  2715  0.000e+00  0.000e+00 -9.243e-04
  2720  0.000e+00  0.000e+00 -9.410e-04
  2725  0.000e+00  0.000e+00 -9.503e-04
  2730  0.000e+00  0.000e+00 -9.518e-04
  2735  0.000e+00  0.000e+00 -9.456e-04
  2740  0.000e+00  0.000e+00 -9.317e-04
  2745  0.000e+00  0.000e+00 -9.104e-04
  2750  0.000e+00  0.000e+00 -8.821e-04
  2755  0.000e+00  0.000e+00 -8.475e-04
  2760  0.000e+00  0.000e+00 -8.072e-04
  2765  0.000e+00  0.000e+00 -7.619e-04
  2770  0.000e+00  0.000e+00 -7.127e-04
  2775  0.000e+00  0.000e+00 -6.603e-04
  2780  0.000e+00  0.000e+00 -6.058e-04
  2785  0.000e+00  0.000e+00 -5.503e-04
  2790  0.000e+00  0.000e+00 -4.946e-04
  2795  0.000e+00  0.000e+00 -4.396e-04
  2800  0.000e+00  0.000e+00 -3.864e-04
  2805  0.000e+00  0.000e+00 -3.356e-04
  2810  0.000e+00  0.000e+00 -2.880e-04
  2815  0.000e+00  0.000e+00 -2.442e-04
  2820  0.000e+00  0.000e+00 -2.045e-04
  2825  0.000e+00  0.000e+00 -1.693e-04
  2830  0.000e+00  0.000e+00 -1.388e-04
  2835  0.000e+00  0.000e+00 -1.130e-04
  2840  0.000e+00  0.000e+00 -9.191e-05
  2845  0.000e+00  0.000e+00 -7.521e-05
  2850  0.000e+00  0.000e+00 -6.264e-05
  2855  0.000e+00  0.000e+00 -5.379e-05
  2860  0.000e+00  0.000e+00 -4.820e-05
  2865  0.000e+00  0.000e+00 -4.536e-05
  2870  0.000e+00  0.000e+00 -4.471e-05
  2875  0.000e+00  0.000e+00 -4.572e-05
  2880  0.000e+00  0.000e+00 -4.785e-05
  2885  0.000e+00  0.000e+00 -5.060e-05
  2890  0.000e+00  0.000e+00 -5.356e-05
  2895  0.000e+00  0.000e+00 -5.636e-05
  2900  0.000e+00  0.000e+00 -5.873e-05
  2905  0.000e+00  0.000e+00 -6.051e-05
  2910  0.000e+00  0.000e+00 -6.164e-05
  2915  0.000e+00  0.000e+00 -6.215e-05
  2920  0.000e+00  0.000e+00 -6.219e-05
  2925  0.000e+00  0.000e+00 -6.202e-05
  2930  0.000e+00  0.000e+00 -6.198e-05
  2935  0.000e+00  0.000e+00 -6.247e-05
  2940  0.000e+00  0.000e+00 -6.396e-05
  2945  0.000e+00  0.000e+00 -6.698e-05
  2950  0.000e+00  0.000e+00 -7.203e-05
  2955  0.000e+00  0.000e+00 -7.965e-05
  2960  0.000e+00  0.000e+00 -9.033e-05
  2965  0.000e+00  0.000e+00 -1.045e-04
  2970  0.000e+00  0.000e+00 -1.225e-04
  2975  0.000e+00  0.000e+00 -1.447e-04
  2980  0.000e+00  0.000e+00 -1.711e-04
  2985  0.000e+00  0.000e+00 -2.019e-04
  2990  0.000e+00  0.000e+00 -2.369e-04
  2995  0.000e+00  0.000e+00 -2.759e-04
  3000  0.000e+00  0.000e+00 -3.185e-04
  3005  0.000e+00  0.000e+00 -3.642e-04
  3010  0.000e+00  0.000e+00 -4.123e-04
  3015  0.000e+00  0.000e+00 -4.621e-04
  3020  0.000e+00  0.000e+00 -5.127e-04
  3025  0.000e+00  0.000e+00 -5.631e-04
  3030  0.000e+00  0.000e+00 -6.125e-04
  3035  0.000e+00  0.000e+00 -6.597e-04
  3040  0.000e+00  0.000e+00 -7.037e-04
  3045  0.000e+00  0.000e+00 -7.436e-04
  3050  0.000e+00  0.000e+00 -7.784e-04
  3055  0.000e+00  0.000e+00 -8.073e-04
  3060  0.000e+00  0.000e+00 -8.296e-04
  3065  0.000e+00  0.000e+00 -8.448e-04
  3070  0.000e+00  0.000e+00 -8.524e-04
  3075  0.000e+00  0.000e+00 -8.522e-04
  3080  0.000e+00  0.000e+00 -8.443e-04
  3085  0.000e+00  0.000e+00 -8.287e-04
  3090  0.000e+00  0.000e+00 -8.059e-04
  3095  0.000e+00  0.000e+00 -7.764e-04
  3100  0.000e+00  0.000e+00 -7.411e-04
  3105  0.000e+00  0.000e+00 -7.007e-04
  3110  0.000e+00  0.000e+00 -6.564e-04
  3115  0.000e+00  0.000e+00 -6.094e-04
  3120  0.000e+00  0.000e+00 -5.610e-04
  3125  0.000e+00  0.000e+00 -5.125e-04
  3130  0.000e+00  0.000e+00 -4.653e-04
  3135  0.000e+00  0.000e+00 -4.206e-04
  3140  0.000e+00  0.000e+00 -3.798e-04
  3145  0.000e+00  0.000e+00 -3.441e-04
  3150  0.000e+00  0.000e+00 -3.145e-04
  3155  0.000e+00  0.000e+00 -2.920e-04
  3160  0.000e+00  0.000e+00 -2.772e-04
  3165  0.000e+00  0.000e+00 -2.706e-04
  3170  0.000e+00  0.000e+00 -2.726e-04
  3175  0.000e+00  0.000e+00 -2.832e-04
  3180  0.000e+00  0.000e+00 -3.022e-04
  3185  0.000e+00  0.000e+00 -3.292e-04
  3190  0.000e+00  0.000e+00 -3.634e-04
  3195  0.000e+00  0.000e+00 -4.041e-04
  3200  0.000e+00  0.000e+00 -4.501e-04
  3205  0.000e+00  0.000e+00 -5.002e-04
  3210  0.000e+00  0.000e+00 -5.531e-04
  3215  0.000e+00  0.000e+00 -6.073e-04
  3220  0.000e+00  0.000e+00 -6.614e-04
  3225  0.000e+00  0.000e+00 -7.137e-04
  3230  0.000e+00  0.000e+00 -7.628e-04
  3235  0.000e+00  0.000e+00 -8.073e-04
  3240  0.000e+00  0.000e+00 -8.459e-04
  3245  0.000e+00  0.000e+00 -8.775e-04
  3250  0.000e+00  0.000e+00 -9.012e-04
  3255  0.000e+00  0.000e+00 -9.162e-04
  3260  0.000e+00  0.000e+00 -9.221e-04
  3265  0.000e+00  0.000e+00 -9.187e-04
  3270  0.000e+00  0.000e+00 -9.060e-04
  3275  0.000e+00  0.000e+00 -8.844e-04
  3280  0.000e+00  0.000e+00 -8.545e-04
  3285  0.000e+00  0.000e+00 -8.171e-04
  3290  0.000e+00  0.000e+00 -7.733e-04
  3295  0.000e+00  0.000e+00 -7.245e-04
  3300  0.000e+00  0.000e+00 -6.722e-04
  3305  0.000e+00  0.000e+00 -6.179e-04
  3310  0.000e+00  0.000e+00 -5.634e-04
  3315  0.000e+00  0.000e+00 -5.103e-04
  3320  0.000e+00  0.000e+00 -4.605e-04
  3325  0.000e+00  0.000e+00 -4.157e-04
  3330  0.000e+00  0.000e+00 -3.774e-04
  3335  0.000e+00  0.000e+00 -3.471e-04
  3340  0.000e+00  0.000e+00 -3.261e-04
  3345  0.000e+00  0.000e+00 -3.153e-04
  3350  0.000e+00  0.000e+00 -3.156e-04
  3355  0.000e+00  0.000e+00 -3.274e-04
  3360  0.000e+00  0.000e+00 -3.510e-04
  3365  0.000e+00  0.000e+00 -3.861e-04
  3370  0.000e+00  0.000e+00 -4.325e-04
  3375  0.000e+00  0.000e+00 -4.892e-04
  3380  0.000e+00  0.000e+00 -5.553e-04
  3385  0.000e+00  0.000e+00 -6.294e-04
  3390  0.000e+00  0.000e+00 -7.101e-04
  3395  0.000e+00  0.000e+00 -7.956e-04
  3400  0.000e+00  0.000e+00 -8.838e-04
  3405  0.000e+00  0.000e+00 -9.730e-04
  3410  0.000e+00  0.000e+00 -1.061e-03
  3415  0.000e+00  0.000e+00 -1.145e-03
  3420  0.000e+00  0.000e+00 -1.225e-03
  3425  0.000e+00  0.000e+00 -1.297e-03
  3430  0.000e+00  0.000e+00 -1.359e-03
  3435  0.000e+00  0.000e+00 -1.411e-03
  3440  0.000e+00  0.000e+00 -1.451e-03
  3445  0.000e+00  0.000e+00 -1.478e-03
  3450  0.000e+00  0.000e+00 -1.491e-03
  3455  0.000e+00  0.000e+00 -1.489e-03
  3460  0.000e+00  0.000e+00 -1.473e-03
  3465  0.000e+00  0.000e+00 -1.443e-03
  3470  0.000e+00  0.000e+00 -1.398e-03
  3475  0.000e+00  0.000e+00 -1.341e-03
  3480  0.000e+00  0.000e+00 -1.271e-03
  3485  0.000e+00  0.000e+00 -1.191e-03
  3490  0.000e+00  0.000e+00 -1.102e-03
  3495  0.000e+00  0.000e+00 -1.007e-03
  3500  0.000e+00  0.000e+00 -9.061e-04
  3505  0.000e+00  0.000e+00 -8.025e-04
  3510  0.000e+00  0.000e+00 -6.982e-04
  3515  0.000e+00  0.000e+00 -5.952e-04
  3520  0.000e+00  0.000e+00 -4.957e-04
  3525  0.000e+00  0.000e+00 -4.016e-04
  3530  0.000e+00  0.000e+00 -3.147e-04
  3535  0.000e+00  0.000e+00 -2.367e-04
  3540  0.000e+00  0.000e+00 -1.689e-04
  3545  0.000e+00  0.000e+00 -1.126e-04
  3550  0.000e+00  0.000e+00 -6.841e-05
  3555  0.000e+00  0.000e+00 -3.705e-05
  3560  0.000e+00  0.000e+00 -1.872e-05
  3565  0.000e+00  0.000e+00 -1.336e-05
  3570  0.000e+00  0.000e+00 -2.061e-05
  3575  0.000e+00  0.000e+00 -3.983e-05
  3580  0.000e+00  0.000e+00 -7.013e-05
  3585  0.000e+00  0.000e+00 -1.104e-04
  3590  0.000e+00  0.000e+00 -1.593e-04
  3595  0.000e+00  0.000e+00 -2.154e-04
  3600  0.000e+00  0.000e+00 -2.771e-04
  3605  0.000e+00  0.000e+00 -3.427e-04
  3610  0.000e+00  0.000e+00 -4.106e-04
  3615  0.000e+00  0.000e+00 -4.791e-04
  3620  0.000e+00  0.000e+00 -5.466e-04
  3625  0.000e+00  0.000e+00 -6.117e-04
  3630  0.000e+00  0.000e+00 -6.729e-04
  3635  0.000e+00  0.000e+00 -7.291e-04
  3640  0.000e+00  0.000e+00 -7.794e-04
  3645  0.000e+00  0.000e+00 -8.228e-04
  3650  0.000e+00  0.000e+00 -8.590e-04
  3655  0.000e+00  0.000e+00 -8.874e-04
  3660  0.000e+00  0.000e+00 -9.081e-04
  3665  0.000e+00  0.000e+00 -9.212e-04
  3670  0.000e+00  0.000e+00 -9.270e-04
  3675  0.000e+00  0.000e+00 -9.260e-04
  3680  0.000e+00  0.000e+00 -9.190e-04
  3685  0.000e+00  0.000e+00 -9.067e-04
  3690  0.000e+00  0.000e+00 -8.900e-04
  3695  0.000e+00  0.000e+00 -8.701e-04
  3700  0.000e+00  0.000e+00 -8.479e-04
  3705  0.000e+00  0.000e+00 -8.244e-04
  3710  0.000e+00  0.000e+00 -8.007e-04
  3715  0.000e+00  0.000e+00 -7.778e-04
  3720  0.000e+00  0.000e+00 -7.564e-04
  3725  0.000e+00  0.000e+00 -7.374e-04
  3730  0.000e+00  0.000e+00 -7.214e-04
  3735  0.000e+00  0.000e+00 -7.087e-04
  3740  0.000e+00  0.000e+00 -6.998e-04
  3745  0.000e+00  0.000e+00 -6.947e-04
  3750  0.000e+00  0.000e+00 -6.934e-04
  3755  0.000e+00  0.000e+00 -6.957e-04
  3760  0.000e+00  0.000e+00 -7.013e-04
  3765  0.000e+00  0.000e+00 -7.097e-04
  3770  0.000e+00  0.000e+00 -7.202e-04
  3775  0.000e+00  0.000e+00 -7.322e-04
  3780  0.000e+00  0.000e+00 -7.450e-04
  3785  0.000e+00  0.000e+00 -7.576e-04
  3790  0.000e+00  0.000e+00 -7.694e-04
  3795  0.000e+00  0.000e+00 -7.795e-04
  3800  0.000e+00  0.000e+00 -7.871e-04
  3805  0.000e+00  0.000e+00 -7.916e-04
  3810  0.000e+00  0.000e+00 -7.923e-04
  3815  0.000e+00  0.000e+00 -7.887e-04
  3820  0.000e+00  0.000e+00 -7.805e-04
  3825  0.000e+00  0.000e+00 -7.675e-04
  3830  0.000e+00  0.000e+00 -7.494e-04
  3835  0.000e+00  0.000e+00 -7.264e-04
  3840  0.000e+00  0.000e+00 -6.986e-04
  3845  0.000e+00  0.000e+00 -6.664e-04
  3850  0.000e+00  0.000e+00 -6.301e-04
  3855  0.000e+00  0.000e+00 -5.904e-04
  3860  0.000e+00  0.000e+00 -5.477e-04
  3865  0.000e+00  0.000e+00 -5.029e-04
  3870  0.000e+00  0.000e+00 -4.567e-04
  3875  0.000e+00  0.000e+00 -4.099e-04
  3880  0.000e+00  0.000e+00 -3.632e-04
  3885  0.000e+00  0.000e+00 -3.173e-04
  3890  0.000e+00  0.000e+00 -2.730e-04
  3895  0.000e+00  0.000e+00 -2.310e-04
  3900  0.000e+00  0.000e+00 -1.917e-04
  3905  0.000e+00  0.000e+00 -1.557e-04
  3910  0.000e+00  0.000e+00 -1.233e-04
  3915  0.000e+00  0.000e+00 -9.478e-05
  3920  0.000e+00  0.000e+00 -7.025e-05
  3925  0.000e+00  0.000e+00 -4.975e-05
  3930  0.000e+00  0.000e+00 -3.319e-05
  3935  0.000e+00  0.000e+00 -2.037e-05
  3940  0.000e+00  0.000e+00 -1.102e-05
  3945  0.000e+00  0.000e+00 -4.791e-06
  3950  0.000e+00  0.000e+00 -1.266e-06
  3955  0.000e+00  0.000e+00 -2.450e-18
  3960  0.000e+00  0.000e+00 -5.252e-07
  3965  0.000e+00  0.000e+00 -2.375e-06
  3970  0.000e+00  0.000e+00 -5.105e-06
  3975  0.000e+00  0.000e+00 -8.307e-06
  3980  0.000e+00  0.000e+00 -1.163e-05
  3985  0.000e+00  0.000e+00 -1.480e-05
  3990  0.000e+00  0.000e+00 -1.761e-05
  3995  0.000e+00  0.000e+00 -1.995e-05
  4000  0.000e+00  0.000e+00 -2.182e-05
  4005  0.000e+00  0.000e+00 -2.330e-05
  4010  0.000e+00  0.000e+00 -2.456e-05
  4015  0.000e+00  0.000e+00 -2.587e-05
  4020  0.000e+00  0.000e+00 -2.758e-05
  4025  0.000e+00  0.000e+00 -3.008e-05
  4030  0.000e+00  0.000e+00 -3.383e-05
  4035  0.000e+00  0.000e+00 -3.933e-05
  4040  0.000e+00  0.000e+00 -4.706e-05
  4045  0.000e+00  0.000e+00 -5.751e-05
  4050  0.000e+00  0.000e+00 -7.114e-05
  4055  0.000e+00  0.000e+00 -8.836e-05
  4060  0.000e+00  0.000e+00 -1.095e-04
  4065  0.000e+00  0.000e+00 -1.348e-04
  4070  0.000e+00  0.000e+00 -1.644e-04
  4075  0.000e+00  0.000e+00 -1.983e-04
  4080  0.000e+00  0.000e+00 -2.365e-04
  4085  0.000e+00  0.000e+00 -2.787e-04
  4090  0.000e+00  0.000e+00 -3.246e-04
  4095  0.000e+00  0.000e+00 -3.737e-04
  4100  0.000e+00  0.000e+00 -4.253e-04
  4105  0.000e+00  0.000e+00 -4.789e-04
  4110  0.000e+00  0.000e+00 -5.335e-04
  4115  0.000e+00  0.000e+00 -5.884e-04
  4120  0.000e+00  0.000e+00 -6.426e-04
  4125  0.000e+00  0.000e+00 -6.951e-04
  4130  0.000e+00  0.000e+00 -7.450e-04
  4135  0.000e+00  0.000e+00 -7.913e-04
  4140  0.000e+00  0.000e+00 -8.332e-04
  4145  0.000e+00  0.000e+00 -8.698e-04
  4150  0.000e+00  0.000e+00 -9.004e-04
  4155  0.000e+00  0.000e+00 -9.243e-04
  4160  0.000e+00  0.000e+00 -9.410e-04
  4165  0.000e+00  0.000e+00 -9.503e-04
  4170  0.000e+00  0.000e+00 -9.518e-04
  4175  0.000e+00  0.000e+00 -9.456e-04
  4180  0.000e+00  0.000e+00 -9.317e-04
  4185  0.000e+00  0.000e+00 -9.104e-04
  4190  0.000e+00  0.000e+00 -8.821e-04
  4195  0.000e+00  0.000e+00 -8.475e-04
  4200  0.000e+00  0.000e+00 -8.072e-04
  4205  0.000e+00  0.000e+00 -7.619e-04
  4210  0.000e+00  0.000e+00 -7.127e-04
  4215  0.000e+00  0.000e+00 -6.603e-04
  4220  0.000e+00  0.000e+00 -6.058e-04
  4225  0.000e+00  0.000e+00 -5.503e-04
  4230  0.000e+00  0.000e+00 -4.946e-04
  4235  0.000e+00  0.000e+00 -4.396e-04
  4240  0.000e+00  0.000e+00 -3.864e-04
  4245  0.000e+00  0.000e+00 -3.356e-04
  4250  0.000e+00  0.000e+00 -2.880e-04
  4255  0.000e+00  0.000e+00 -2.442e-04
  4260  0.000e+00  0.000e+00 -2.045e-04
  4265  0.000e+00  0.000e+00 -1.693e-04
  4270  0.000e+00  0.000e+00 -1.388e-04
  4275  0.000e+00  0.000e+00 -1.130e-04
  4280  0.000e+00  0.000e+00 -9.191e-05
  4285  0.000e+00  0.000e+00 -7.521e-05
  4290  0.000e+00  0.000e+00 -6.264e-05
  4295  0.000e+00  0.000e+00 -5.379e-05
  4300  0.000e+00  0.000e+00 -4.820e-05
  4305  0.000e+00  0.000e+00 -4.536e-05
  4310  0.000e+00  0.000e+00 -4.471e-05
  4315  0.000e+00  0.000e+00 -4.572e-05
  4320  0.000e+00  0.000e+00 -4.785e-05
  4325  0.000e+00  0.000e+00 -5.060e-05
  4330  0.000e+00  0.000e+00 -5.356e-05
  4335  0.000e+00  0.000e+00 -5.636e-05
  4340  0.000e+00  0.000e+00 -5.873e-05
  4345  0.000e+00  0.000e+00 -6.051e-05
  4350  0.000e+00  0.000e+00 -6.164e-05
  4355  0.000e+00  0.000e+00 -6.215e-05
  4360  0.000e+00  0.000e+00 -6.219e-05
  4365  0.000e+00  0.000e+00 -6.202e-05
  4370  0.000e+00  0.000e+00 -6.198e-05
  4375  0.000e+00  0.000e+00 -6.247e-05
  4380  0.000e+00  0.000e+00 -6.396e-05
  4385  0.000e+00  0.000e+00 -6.698e-05
  4390  0.000e+00  0.000e+00 -7.203e-05
  4395  0.000e+00  0.000e+00 -7.965e-05
  4400  0.000e+00  0.000e+00 -9.033e-05
  4405  0.000e+00  0.000e+00 -1.045e-04
  4410  0.000e+00  0.000e+00 -1.225e-04
  4415  0.000e+00  0.000e+00 -1.447e-04
  4420  0.000e+00  0.000e+00 -1.711e-04
  4425  0.000e+00  0.000e+00 -2.019e-04
  4430  0.000e+00  0.000e+00 -2.369e-04
  4435  0.000e+00  0.000e+00 -2.759e-04
  4440  0.000e+00  0.000e+00 -3.185e-04
  4445  0.000e+00  0.000e+00 -3.642e-04
  4450  0.000e+00  0.000e+00 -4.123e-04
  4455  0.000e+00  0.000e+00 -4.621e-04
  4460  0.000e+00  0.000e+00 -5.127e-04
  4465  0.000e+00  0.000e+00 -5.631e-04
  4470  0.000e+00  0.000e+00 -6.125e-04
  4475  0.000e+00  0.000e+00 -6.597e-04
  4480  0.000e+00  0.000e+00 -7.037e-04
  4485  0.000e+00  0.000e+00 -7.436e-04
  4490  0.000e+00  0.000e+00 -7.784e-04
  4495  0.000e+00  0.000e+00 -8.073e-04
  4500  0.000e+00  0.000e+00 -8.296e-04
  4505  0.000e+00  0.000e+00 -8.448e-04
  4510  0.000e+00  0.000e+00 -8.524e-04
  4515  0.000e+00  0.000e+00 -8.522e-04
  4520  0.000e+00  0.000e+00 -8.443e-04
  4525  0.000e+00  0.000e+00 -8.287e-04
  4530  0.000e+00  0.000e+00 -8.059e-04
  4535  0.000e+00  0.000e+00 -7.764e-04
  4540  0.000e+00  0.000e+00 -7.411e-04
  4545  0.000e+00  0.000e+00 -7.007e-04
  4550  0.000e+00  0.000e+00 -6.564e-04
  4555  0.000e+00  0.000e+00 -6.094e-04
  4560  0.000e+00  0.000e+00 -5.610e-04
  4565  0.000e+00  0.000e+00 -5.125e-04
  4570  0.000e+00  0.000e+00 -4.653e-04
  4575  0.000e+00  0.000e+00 -4.206e-04
  4580  0.000e+00  0.000e+00 -3.798e-04
  4585  0.000e+00  0.000e+00 -3.441e-04
  4590  0.000e+00  0.000e+00 -3.145e-04
  4595  0.000e+00  0.000e+00 -2.920e-04
  4600  0.000e+00  0.000e+00 -2.772e-04
  4605  0.000e+00  0.000e+00 -2.706e-04
  4610  0.000e+00  0.000e+00 -2.726e-04
  4615  0.000e+00  0.000e+00 -2.832e-04
  4620  0.000e+00  0.000e+00 -3.022e-04
  4625  0.000e+00  0.000e+00 -3.292e-04
  4630  0.000e+00  0.000e+00 -3.634e-04
  4635  0.000e+00  0.000e+00 -4.041e-04
  4640  0.000e+00  0.000e+00 -4.501e-04
  4645  0.000e+00  0.000e+00 -5.002e-04
  4650  0.000e+00  0.000e+00 -5.531e-04
  4655  0.000e+00  0.000e+00 -6.073e-04
  4660  0.000e+00  0.000e+00 -6.614e-04
  4665  0.000e+00  0.000e+00 -7.137e-04
  4670  0.000e+00  0.000e+00 -7.628e-04
  4675  0.000e+00  0.000e+00 -8.073e-04
  4680  0.000e+00  0.000e+00 -8.459e-04
  4685  0.000e+00  0.000e+00 -8.775e-04
  4690  0.000e+00  0.000e+00 -9.012e-04
  4695  0.000e+00  0.000e+00 -9.162e-04
  4700  0.000e+00  0.000e+00 -9.221e-04
  4705  0.000e+00  0.000e+00 -9.187e-04
  4710  0.000e+00  0.000e+00 -9.060e-04
  4715  0.000e+00  0.000e+00 -8.844e-04
  4720  0.000e+00  0.000e+00 -8.545e-04
  4725  0.000e+00  0.000e+00 -8.171e-04
  4730  0.000e+00  0.000e+00 -7.733e-04
  4735  0.000e+00  0.000e+00 -7.245e-04
  4740  0.000e+00  0.000e+00 -6.722e-04
  4745  0.000e+00  0.000e+00 -6.179e-04
  4750  0.000e+00  0.000e+00 -5.634e-04
  4755  0.000e+00  0.000e+00 -5.103e-04
  4760  0.000e+00  0.000e+00 -4.605e-04
  4765  0.000e+00  0.000e+00 -4.157e-04
  4770  0.000e+00  0.000e+00 -3.774e-04
  4775  0.000e+00  0.000e+00 -3.471e-04
  4780  0.000e+00  0.000e+00 -3.261e-04
  4785  0.000e+00  0.000e+00 -3.153e-04
  4790  0.000e+00  0.000e+00 -3.156e-04
  4795  0.000e+00  0.000e+00 -3.274e-04
  4800  0.000e+00  0.000e+00 -3.510e-04
  4805  0.000e+00  0.000e+00 -3.861e-04
  4810  0.000e+00  0.000e+00 -4.325e-04
  4815  0.000e+00  0.000e+00 -4.892e-04
  4820  0.000e+00  0.000e+00 -5.553e-04
  4825  0.000e+00  0.000e+00 -6.294e-04
  4830  0.000e+00  0.000e+00 -7.101e-04
  4835  0.000e+00  0.000e+00 -7.956e-04
  4840  0.000e+00  0.000e+00 -8.838e-04
  4845  0.000e+00  0.000e+00 -9.730e-04
  4850  0.000e+00  0.000e+00 -1.061e-03
  4855  0.000e+00  0.000e+00 -1.145e-03
  4860  0.000e+00  0.000e+00 -1.225e-03
  4865  0.000e+00  0.000e+00 -1.297e-03
  4870  0.000e+00  0.000e+00 -1.359e-03
  4875  0.000e+00  0.000e+00 -1.411e-03
  4880  0.000e+00  0.000e+00 -1.451e-03
  4885  0.000e+00  0.000e+00 -1.478e-03
  4890  0.000e+00  0.000e+00 -1.491e-03
  4895  0.000e+00  0.000e+00 -1.489e-03
  4900  0.000e+00  0.000e+00 -1.473e-03
  4905  0.000e+00  0.000e+00 -1.443e-03
  4910  0.000e+00  0.000e+00 -1.398e-03
  4915  0.000e+00  0.000e+00 -1.341e-03
  4920  0.000e+00  0.000e+00 -1.271e-03
  4925  0.000e+00  0.000e+00 -1.191e-03
  4930  0.000e+00  0.000e+00 -1.102e-03
  4935  0.000e+00  0.000e+00 -1.007e-03
  4940  0.000e+00  0.000e+00 -9.061e-04
  4945  0.000e+00  0.000e+00 -8.025e-04
  4950  0.000e+00  0.000e+00 -6.982e-04
  4955  0.000e+00  0.000e+00 -5.952e-04
  4960  0.000e+00  0.000e+00 -4.957e-04
  4965  0.000e+00  0.000e+00 -4.016e-04
  4970  0.000e+00  0.000e+00 -3.147e-04
  4975  0.000e+00  0.000e+00 -2.367e-04
  4980  0.000e+00  0.000e+00 -1.689e-04
  4985  0.000e+00  0.000e+00 -1.126e-04
  4990  0.000e+00  0.000e+00 -6.841e-05
  4995  0.000e+00  0.000e+00 -3.705e-05
  5000  0.000e+00  0.000e+00 -1.872e-05
  5005  0.000e+00  0.000e+00 -1.336e-05
  5010  0.000e+00  0.000e+00 -2.061e-05
  5015  0.000e+00  0.000e+00 -3.983e-05
  5020  0.000e+00  0.000e+00 -7.013e-05
  5025  0.000e+00  0.000e+00 -1.104e-04
  5030  0.000e+00  0.000e+00 -1.593e-04
  5035  0.000e+00  0.000e+00 -2.154e-04
  5040  0.000e+00  0.000e+00 -2.771e-04
  5045  0.000e+00  0.000e+00 -3.427e-04
  5050  0.000e+00  0.000e+00 -4.106e-04
  5055  0.000e+00  0.000e+00 -4.791e-04
  5060  0.000e+00  0.000e+00 -5.466e-04
  5065  0.000e+00  0.000e+00 -6.117e-04
  5070  0.000e+00  0.000e+00 -6.729e-04
  5075  0.000e+00  0.000e+00 -7.291e-04
  5080  0.000e+00  0.000e+00 -7.794e-04
  5085  0.000e+00  0.000e+00 -8.228e-04
  5090  0.000e+00  0.000e+00 -8.590e-04
  5095  0.000e+00  0.000e+00 -8.874e-04
  5100  0.000e+00  0.000e+00 -9.081e-04
  5105  0.000e+00  0.000e+00 -9.212e-04
  5110  0.000e+00  0.000e+00 -9.270e-04
  5115  0.000e+00  0.000e+00 -9.260e-04
  5120  0.000e+00  0.000e+00 -9.190e-04
  5125  0.000e+00  0.000e+00 -9.067e-04
  5130  0.000e+00  0.000e+00 -8.900e-04
  5135  0.000e+00  0.000e+00 -8.701e-04
  5140  0.000e+00  0.000e+00 -8.479e-04
  5145  0.000e+00  0.000e+00 -8.244e-04
  5150  0.000e+00  0.000e+00 -8.007e-04
  5155  0.000e+00  0.000e+00 -7.778e-04
  5160  0.000e+00  0.000e+00 -7.564e-04
  5165  0.000e+00  0.000e+00 -7.374e-04
  5170  0.000e+00  0.000e+00 -7.214e-04
  5175  0.000e+00  0.000e+00 -7.087e-04
  5180  0.000e+00  0.000e+00 -6.998e-04
  5185  0.000e+00  0.000e+00 -6.947e-04
  5190  0.000e+00  0.000e+00 -6.934e-04
  5195  0.000e+00  0.000e+00 -6.957e-04
  5200  0.000e+00  0.000e+00 -7.013e-04
  5205  0.000e+00  0.000e+00 -7.097e-04
  5210  0.000e+00  0.000e+00 -7.202e-04
  5215  0.000e+00  0.000e+00 -7.322e-04
  5220  0.000e+00  0.000e+00 -7.450e-04
  5225  0.000e+00  0.000e+00 -7.576e-04
  5230  0.000e+00  0.000e+00 -7.694e-04
  5235  0.000e+00  0.000e+00 -7.795e-04
  5240  0.000e+00  0.000e+00 -7.871e-04
  5245  0.000e+00  0.000e+00 -7.916e-04
  5250  0.000e+00  0.000e+00 -7.923e-04
  5255  0.000e+00  0.000e+00 -7.887e-04
  5260  0.000e+00  0.000e+00 -7.805e-04
  5265  0.000e+00  0.000e+00 -7.675e-04
  5270  0.000e+00  0.000e+00 -7.494e-04
  5275  0.000e+00  0.000e+00 -7.264e-04
  5280  0.000e+00  0.000e+00 -6.986e-04
  5285  0.000e+00  0.000e+00 -6.664e-04
  5290  0.000e+00  0.000e+00 -6.301e-04
  5295  0.000e+00  0.000e+00 -5.904e-04
  5300  0.000e+00  0.000e+00 -5.477e-04
  5305  0.000e+00  0.000e+00 -5.029e-04
  5310  0.000e+00  0.000e+00 -4.567e-04
  5315  0.000e+00  0.000e+00 -4.099e-04
  5320  0.000e+00  0.000e+00 -3.632e-04
  5325  0.000e+00  0.000e+00 -3.173e-04
  5330  0.000e+00  0.000e+00 -2.730e-04
  5335  0.000e+00  0.000e+00 -2.310e-04
  5340  0.000e+00  0.000e+00 -1.917e-04
  5345  0.000e+00  0.000e+00 -1.557e-04
  5350  0.000e+00  0.000e+00 -1.233e-04
  5355  0.000e+00  0.000e+00 -9.478e-05
  5360  0.000e+00  0.000e+00 -7.025e-05
  5365  0.000e+00  0.000e+00 -4.975e-05
  5370  0.000e+00  0.000e+00 -3.319e-05
  5375  0.000e+00  0.000e+00 -2.037e-05
  5380  0.000e+00  0.000e+00 -1.102e-05
  5385  0.000e+00  0.000e+00 -4.791e-06
  5390  0.000e+00  0.000e+00 -1.266e-06
  5395  0.000e+00  0.000e+00 -0.000e+00
  5400  0.000e+00  0.000e+00 -5.252e-07
  5405  0.000e+00  0.000e+00 -2.375e-06
  5410  0.000e+00  0.000e+00 -5.105e-06
  5415  0.000e+00  0.000e+00 -8.307e-06
  5420  0.000e+00  0.000e+00 -1.163e-05
  5425  0.000e+00  0.000e+00 -1.480e-05
  5430  0.000e+00  0.000e+00 -1.761e-05
  5435  0.000e+00  0.000e+00 -1.995e-05
  5440  0.000e+00  0.000e+00 -2.182e-05
  5445  0.000e+00  0.000e+00 -2.330e-05
  5450  0.000e+00  0.000e+00 -2.456e-05
  5455  0.000e+00  0.000e+00 -2.587e-05
  5460  0.000e+00  0.000e+00 -2.758e-05
  5465  0.000e+00  0.000e+00 -3.008e-05
  5470  0.000e+00  0.000e+00 -3.383e-05
  5475  0.000e+00  0.000e+00 -3.933e-05
  5480  0.000e+00  0.000e+00 -4.706e-05
  5485  0.000e+00  0.000e+00 -5.751e-05
  5490  0.000e+00  0.000e+00 -7.114e-05
  5495  0.000e+00  0.000e+00 -8.836e-05
  5500  0.000e+00  0.000e+00 -1.095e-04
  5505  0.000e+00  0.000e+00 -1.348e-04
  5510  0.000e+00  0.000e+00 -1.644e-04
  5515  0.000e+00  0.000e+00 -1.983e-04
  5520  0.000e+00  0.000e+00 -2.365e-04
  5525  0.000e+00  0.000e+00 -2.787e-04
  5530  0.000e+00  0.000e+00 -3.246e-04
  5535  0.000e+00  0.000e+00 -3.737e-04
  5540  0.000e+00  0.000e+00 -4.253e-04
  5545  0.000e+00  0.000e+00 -4.789e-04
  5550  0.000e+00  0.000e+00 -5.335e-04
  5555  0.000e+00  0.000e+00 -5.884e-04
  5560  0.000e+00  0.000e+00 -6.426e-04
  5565  0.000e+00  0.000e+00 -6.951e-04
  5570  0.000e+00  0.000e+00 -7.450e-04
  5575  0.000e+00  0.000e+00 -7.913e-04
  5580  0.000e+00  0.000e+00 -8.332e-04
  5585  0.000e+00  0.000e+00 -8.698e-04
  5590  0.000e+00  0.000e+00 -9.004e-04
  5595  0.000e+00  0.000e+00 -9.243e-04
  5600  0.000e+00  0.000e+00 -9.410e-04
  5605  0.000e+00  0.000e+00 -9.503e-04
  5610  0.000e+00  0.000e+00 -9.518e-04
  5615  0.000e+00  0.000e+00 -9.456e-04
  5620  0.000e+00  0.000e+00 -9.317e-04
  5625  0.000e+00  0.000e+00 -9.104e-04
  5630  0.000e+00  0.000e+00 -8.821e-04
  5635  0.000e+00  0.000e+00 -8.475e-04
  5640  0.000e+00  0.000e+00 -8.072e-04
  5645  0.000e+00  0.000e+00 -7.619e-04
  5650  0.000e+00  0.000e+00 -7.127e-04
  5655  0.000e+00  0.000e+00 -6.603e-04
  5660  0.000e+00  0.000e+00 -6.058e-04
  5665  0.000e+00  0.000e+00 -5.503e-04
  5670  0.000e+00  0.000e+00 -4.946e-04
  5675  0.000e+00  0.000e+00 -4.396e-04
  5680  0.000e+00  0.000e+00 -3.864e-04
  5685  0.000e+00  0.000e+00 -3.356e-04
  5690  0.000e+00  0.000e+00 -2.880e-04
  5695  0.000e+00  0.000e+00 -2.442e-04
  5700  0.000e+00  0.000e+00 -2.045e-04
  5705  0.000e+00  0.000e+00 -1.693e-04
  5710  0.000e+00  0.000e+00 -1.388e-04
  5715  0.000e+00  0.000e+00 -1.130e-04
  5720  0.000e+00  0.000e+00 -9.191e-05
  5725  0.000e+00  0.000e+00 -7.521e-05
  5730  0.000e+00  0.000e+00 -6.264e-05
  5735  0.000e+00  0.000e+00 -5.379e-05
  5740  0.000e+00  0.000e+00 -4.820e-05
  5745  0.000e+00  0.000e+00 -4.536e-05
  5750  0.000e+00  0.000e+00 -4.471e-05
  5755  0.000e+00  0.000e+00 -4.572e-05
  5760  0.000e+00  0.000e+00 -4.785e-05
  5765  0.000e+00  0.000e+00 -5.060e-05
  5770  0.000e+00  0.000e+00 -5.356e-05
  5775  0.000e+00  0.000e+00 -5.636e-05
  5780  0.000e+00  0.000e+00 -5.873e-05
  5785  0.000e+00  0.000e+00 -6.051e-05
  5790  0.000e+00  0.000e+00 -6.164e-05
  5795  0.000e+00  0.000e+00 -6.215e-05
  5800  0.000e+00  0.000e+00 -6.219e-05
  5805  0.000e+00  0.000e+00 -6.202e-05
  5810  0.000e+00  0.000e+00 -6.198e-05
  5815  0.000e+00  0.000e+00 -6.247e-05
  5820  0.000e+00  0.000e+00 -6.396e-05
  5825  0.000e+00  0.000e+00 -6.698e-05
  5830  0.000e+00  0.000e+00 -7.203e-05
  5835  0.000e+00  0.000e+00 -7.965e-05
  5840  0.000e+00  0.000e+00 -9.033e-05
  5845  0.000e+00  0.000e+00 -1.045e-04
  5850  0.000e+00  0.000e+00 -1.225e-04
  5855  0.000e+00  0.000e+00 -1.447e-04
  5860  0.000e+00  0.000e+00 -1.711e-04
  5865  0.000e+00  0.000e+00 -2.019e-04
  5870  0.000e+00  0.000e+00 -2.369e-04
  5875  0.000e+00  0.000e+00 -2.759e-04
  5880  0.000e+00  0.000e+00 -3.185e-04
  5885  0.000e+00  0.000e+00 -3.642e-04
  5890  0.000e+00  0.000e+00 -4.123e-04
  5895  0.000e+00  0.000e+00 -4.621e-04
  5900  0.000e+00  0.000e+00 -5.127e-04
  5905  0.000e+00  0.000e+00 -5.631e-04
  5910  0.000e+00  0.000e+00 -6.125e-04
  5915  0.000e+00  0.000e+00 -6.597e-04
  5920  0.000e+00  0.000e+00 -7.037e-04
  5925  0.000e+00  0.000e+00 -7.436e-04
  5930  0.000e+00  0.000e+00 -7.784e-04
  5935  0.000e+00  0.000e+00 -8.073e-04
  5940  0.000e+00  0.000e+00 -8.296e-04
  5945  0.000e+00  0.000e+00 -8.448e-04
  5950  0.000e+00  0.000e+00 -8.524e-04
  5955  0.000e+00  0.000e+00 -8.522e-04
  5960  0.000e+00  0.000e+00 -8.443e-04
  5965  0.000e+00  0.000e+00 -8.287e-04
  5970  0.000e+00  0.000e+00 -8.059e-04
  5975  0.000e+00  0.000e+00 -7.764e-04
  5980  0.000e+00  0.000e+00 -7.411e-04
  5985  0.000e+00  0.000e+00 -7.007e-04
  5990  0.000e+00  0.000e+00 -6.564e-04
  5995  0.000e+00  0.000e+00 -6.094e-04
  6000  0.000e+00  0.000e+00 -5.610e-04
  6005  0.000e+00  0.000e+00 -5.125e-04
  6010  0.000e+00  0.000e+00 -4.653e-04
  6015  0.000e+00  0.000e+00 -4.206e-04
  6020  0.000e+00  0.000e+00 -3.798e-04
  6025  0.000e+00  0.000e+00 -3.441e-04
  6030  0.000e+00  0.000e+00 -3.145e-04
  6035  0.000e+00  0.000e+00 -2.920e-04
  6040  0.000e+00  0.000e+00 -2.772e-04
  6045  0.000e+00  0.000e+00 -2.706e-04
  6050  0.000e+00  0.000e+00 -2.726e-04
  6055  0.000e+00  0.000e+00 -2.832e-04
  6060  0.000e+00  0.000e+00 -3.022e-04
  6065  0.000e+00  0.000e+00 -3.292e-04
  6070  0.000e+00  0.000e+00 -3.634e-04
  6075  0.000e+00  0.000e+00 -4.041e-04
  6080  0.000e+00  0.000e+00 -4.501e-04
  6085  0.000e+00  0.000e+00 -5.002e-04
  6090  0.000e+00  0.000e+00 -5.531e-04
  6095  0.000e+00  0.000e+00 -6.073e-04
  6100  0.000e+00  0.000e+00 -6.614e-04
  6105  0.000e+00  0.000e+00 -7.137e-04
  6110  0.000e+00  0.000e+00 -7.628e-04
  6115  0.000e+00  0.000e+00 -8.073e-04
  6120  0.000e+00  0.000e+00 -8.459e-04
  6125  0.000e+00  0.000e+00 -8.775e-04
  6130  0.000e+00  0.000e+00 -9.012e-04
  6135  0.000e+00  0.000e+00 -9.162e-04
  6140  0.000e+00  0.000e+00 -9.221e-04
  6145  0.000e+00  0.000e+00 -9.187e-04
  6150  0.000e+00  0.000e+00 -9.060e-04
  6155  0.000e+00  0.000e+00 -8.844e-04
  6160  0.000e+00  0.000e+00 -8.545e-04
  6165  0.000e+00  0.000e+00 -8.171e-04
  6170  0.000e+00  0.000e+00 -7.733e-04
  6175  0.000e+00  0.000e+00 -7.245e-04
  6180  0.000e+00  0.000e+00 -6.722e-04
  6185  0.000e+00  0.000e+00 -6.179e-04
  6190  0.000e+00  0.000e+00 -5.634e-04
  6195  0.000e+00  0.000e+00 -5.103e-04
  6200  0.000e+00  0.000e+00 -4.605e-04
  6205  0.000e+00  0.000e+00 -4.157e-04
  6210  0.000e+00  0.000e+00 -3.774e-04
  6215  0.000e+00  0.000e+00 -3.471e-04
  6220  0.000e+00  0.000e+00 -3.261e-04
  6225  0.000e+00  0.000e+00 -3.153e-04
  6230  0.000e+00  0.000e+00 -3.156e-04
  6235  0.000e+00  0.000e+00 -3.274e-04
  6240  0.000e+00  0.000e+00 -3.510e-04
  6245  0.000e+00  0.000e+00 -3.861e-04
  6250  0.000e+00  0.000e+00 -4.325e-04
  6255  0.000e+00  0.000e+00 -4.892e-04
  6260  0.000e+00  0.000e+00 -5.553e-04
  6265  0.000e+00  0.000e+00 -6.294e-04
  6270  0.000e+00  0.000e+00 -7.101e-04
  6275  0.000e+00  0.000e+00 -7.956e-04
  6280  0.000e+00  0.000e+00 -8.838e-04
  6285  0.000e+00  0.000e+00 -9.730e-04
  6290  0.000e+00  0.000e+00 -1.061e-03
  6295  0.000e+00  0.000e+00 -1.145e-03
  6300  0.000e+00  0.000e+00 -1.225e-03
  6305  0.000e+00  0.000e+00 -1.297e-03
  6310  0.000e+00  0.000e+00 -1.359e-03
  6315  0.000e+00  0.000e+00 -1.411e-03
  6320  0.000e+00  0.000e+00 -1.451e-03
  6325  0.000e+00  0.000e+00 -1.478e-03
  6330  0.000e+00  0.000e+00 -1.491e-03
  6335  0.000e+00  0.000e+00 -1.489e-03
  6340  0.000e+00  0.000e+00 -1.473e-03
  6345  0.000e+00  0.000e+00 -1.443e-03
  6350  0.000e+00  0.000e+00 -1.398e-03
  6355  0.000e+00  0.000e+00 -1.341e-03
  6360  0.000e+00  0.000e+00 -1.271e-03
  6365  0.000e+00  0.000e+00 -1.191e-03
  6370  0.000e+00  0.000e+00 -1.102e-03
  6375  0.000e+00  0.000e+00 -1.007e-03
  6380  0.000e+00  0.000e+00 -9.061e-04
  6385  0.000e+00  0.000e+00 -8.025e-04
  6390  0.000e+00  0.000e+00 -6.982e-04
  6395  0.000e+00  0.000e+00 -5.952e-04
  6400  0.000e+00  0.000e+00 -4.957e-04
  6405  0.000e+00  0.000e+00 -4.016e-04
  6410  0.000e+00  0.000e+00 -3.147e-04
  6415  0.000e+00  0.000e+00 -2.367e-04
  6420  0.000e+00  0.000e+00 -1.689e-04
  6425  0.000e+00  0.000e+00 -1.126e-04
  6430  0.000e+00  0.000e+00 -6.841e-05
  6435  0.000e+00  0.000e+00 -3.705e-05
  6440  0.000e+00  0.000e+00 -1.872e-05
  6445  0.000e+00  0.000e+00 -1.336e-05
  6450  0.000e+00  0.000e+00 -2.061e-05
  6455  0.000e+00  0.000e+00 -3.983e-05
  6460  0.000e+00  0.000e+00 -7.013e-05
  6465  0.000e+00  0.000e+00 -1.104e-04
  6470  0.000e+00  0.000e+00 -1.593e-04
  6475  0.000e+00  0.000e+00 -2.154e-04
  6480  0.000e+00  0.000e+00 -2.771e-04
  6485  0.000e+00  0.000e+00 -3.427e-04
  6490  0.000e+00  0.000e+00 -4.106e-04
  6495  0.000e+00  0.000e+00 -4.791e-04
  6500  0.000e+00  0.000e+00 -5.466e-04
  6505  0.000e+00  0.000e+00 -6.117e-04
  6510  0.000e+00  0.000e+00 -6.729e-04
  6515  0.000e+00  0.000e+00 -7.291e-04
  6520  0.000e+00  0.000e+00 -7.794e-04
  6525  0.000e+00  0.000e+00 -8.228e-04
  6530  0.000e+00  0.000e+00 -8.590e-04
  6535  0.000e+00  0.000e+00 -8.874e-04
  6540  0.000e+00  0.000e+00 -9.081e-04
  6545  0.000e+00  0.000e+00 -9.212e-04
  6550  0.000e+00  0.000e+00 -9.270e-04
  6555  0.000e+00  0.000e+00 -9.260e-04
  6560  0.000e+00  0.000e+00 -9.190e-04
  6565  0.000e+00  0.000e+00 -9.067e-04
  6570  0.000e+00  0.000e+00 -8.900e-04
  6575  0.000e+00  0.000e+00 -8.701e-04
  6580  0.000e+00  0.000e+00 -8.479e-04
  6585  0.000e+00  0.000e+00 -8.244e-04
  6590  0.000e+00  0.000e+00 -8.007e-04
  6595  0.000e+00  0.000e+00 -7.778e-04
  6600  0.000e+00  0.000e+00 -7.564e-04
  6605  0.000e+00  0.000e+00 -7.374e-04
  6610  0.000e+00  0.000e+00 -7.214e-04
  6615  0.000e+00  0.000e+00 -7.087e-04
  6620  0.000e+00  0.000e+00 -6.998e-04
  6625  0.000e+00  0.000e+00 -6.947e-04
  6630  0.000e+00  0.000e+00 -6.934e-04
  6635  0.000e+00  0.000e+00 -6.957e-04
  6640  0.000e+00  0.000e+00 -7.013e-04
  6645  0.000e+00  0.000e+00 -7.097e-04
  6650  0.000e+00  0.000e+00 -7.202e-04
  6655  0.000e+00  0.000e+00 -7.322e-04
  6660  0.000e+00  0.000e+00 -7.450e-04
  6665  0.000e+00  0.000e+00 -7.576e-04
  6670  0.000e+00  0.000e+00 -7.694e-04
  6675  0.000e+00  0.000e+00 -7.795e-04
  6680  0.000e+00  0.000e+00 -7.871e-04
  6685  0.000e+00  0.000e+00 -7.916e-04
  6690  0.000e+00  0.000e+00 -7.923e-04
  6695  0.000e+00  0.000e+00 -7.887e-04
  6700  0.000e+00  0.000e+00 -7.805e-04
  6705  0.000e+00  0.000e+00 -7.675e-04
  6710  0.000e+00  0.000e+00 -7.494e-04
  6715  0.000e+00  0.000e+00 -7.264e-04
  6720  0.000e+00  0.000e+00 -6.986e-04
  6725  0.000e+00  0.000e+00 -6.664e-04
  6730  0.000e+00  0.000e+00 -6.301e-04
  6735  0.000e+00  0.000e+00 -5.904e-04
  6740  0.000e+00  0.000e+00 -5.477e-04
  6745  0.000e+00  0.000e+00 -5.029e-04
  6750  0.000e+00  0.000e+00 -4.567e-04
  6755  0.000e+00  0.000e+00 -4.099e-04
  6760  0.000e+00  0.000e+00 -3.632e-04
  6765  0.000e+00  0.000e+00 -3.173e-04
  6770  0.000e+00  0.000e+00 -2.730e-04
  6775  0.000e+00  0.000e+00 -2.310e-04
  6780  0.000e+00  0.000e+00 -1.917e-04
  6785  0.000e+00  0.000e+00 -1.557e-04
  6790  0.000e+00  0.000e+00 -1.233e-04
  6795  0.000e+00  0.000e+00 -9.478e-05
  6800  0.000e+00  0.000e+00 -7.025e-05
  6805  0.000e+00  0.000e+00 -4.975e-05
  6810  0.000e+00  0.000e+00 -3.319e-05
  6815  0.000e+00  0.000e+00 -2.037e-05
  6820  0.000e+00  0.000e+00 -1.102e-05
  6825  0.000e+00  0.000e+00 -4.791e-06
  6830  0.000e+00  0.000e+00 -1.266e-06
  6835  0.000e+00  0.000e+00 -2.348e-18
  6840  0.000e+00  0.000e+00 -5.252e-07
  6845  0.000e+00  0.000e+00 -2.375e-06
  6850  0.000e+00  0.000e+00 -5.105e-06
  6855  0.000e+00  0.000e+00 -8.307e-06
  6860  0.000e+00  0.000e+00 -1.163e-05
  6865  0.000e+00  0.000e+00 -1.480e-05
  6870  0.000e+00  0.000e+00 -1.761e-05
  6875  0.000e+00  0.000e+00 -1.995e-05
  6880  0.000e+00  0.000e+00 -2.182e-05
  6885  0.000e+00  0.000e+00 -2.330e-05
  6890  0.000e+00  0.000e+00 -2.456e-05
  6895  0.000e+00  0.000e+00 -2.587e-05
  6900  0.000e+00  0.000e+00 -2.758e-05
  6905  0.000e+00  0.000e+00 -3.008e-05
  6910  0.000e+00  0.000e+00 -3.383e-05
  6915  0.000e+00  0.000e+00 -3.933e-05
  6920  0.000e+00  0.000e+00 -4.706e-05
  6925  0.000e+00  0.000e+00 -5.751e-05
  6930  0.000e+00  0.000e+00 -7.114e-05
  6935  0.000e+00  0.000e+00 -8.836e-05
  6940  0.000e+00  0.000e+00 -1.095e-04
  6945  0.000e+00  0.000e+00 -1.348e-04
  6950  0.000e+00  0.000e+00 -1.644e-04
  6955  0.000e+00  0.000e+00 -1.983e-04
  6960  0.000e+00  0.000e+00 -2.365e-04
  6965  0.000e+00  0.000e+00 -2.787e-04
  6970  0.000e+00  0.000e+00 -3.246e-04
  6975  0.000e+00  0.000e+00 -3.737e-04
  6980  0.000e+00  0.000e+00 -4.253e-04
  6985  0.000e+00  0.000e+00 -4.789e-04
  6990  0.000e+00  0.000e+00 -5.335e-04
  6995  0.000e+00  0.000e+00 -5.884e-04
  7000  0.000e+00  0.000e+00 -6.426e-04
  7005  0.000e+00  0.000e+00 -6.951e-04
  7010  0.000e+00  0.000e+00 -7.450e-04
  7015  0.000e+00  0.000e+00 -7.913e-04
  7020  0.000e+00  0.000e+00 -8.332e-04
  7025  0.000e+00  0.000e+00 -8.698e-04
  7030  0.000e+00  0.000e+00 -9.004e-04
  7035  0.000e+00  0.000e+00 -9.243e-04
  7040  0.000e+00  0.000e+00 -9.410e-04
  7045  0.000e+00  0.000e+00 -9.503e-04
  7050  0.000e+00  0.000e+00 -9.518e-04
  7055  0.000e+00  0.000e+00 -9.456e-04
  7060  0.000e+00  0.000e+00 -9.317e-04
  7065  0.000e+00  0.000e+00 -9.104e-04
  7070  0.000e+00  0.000e+00 -8.821e-04
  7075  0.000e+00  0.000e+00 -8.475e-04
  7080  0.000e+00  0.000e+00 -8.072e-04
  7085  0.000e+00  0.000e+00 -7.619e-04
  7090  0.000e+00  0.000e+00 -7.127e-04
  7095  0.000e+00  0.000e+00 -6.603e-04
  7100  0.000e+00  0.000e+00 -6.058e-04
  7105  0.000e+00  0.000e+00 -5.503e-04
  7110  0.000e+00  0.000e+00 -4.946e-04
  7115  0.000e+00  0.000e+00 -4.396e-04
  7120  0.000e+00  0.000e+00 -3.864e-04
  7125  0.000e+00  0.000e+00 -3.356e-04
  7130  0.000e+00  0.000e+00 -2.880e-04
  7135  0.000e+00  0.000e+00 -2.442e-04
  7140  0.000e+00  0.000e+00 -2.045e-04
  7145  0.000e+00  0.000e+00 -1.693e-04
  7150  0.000e+00  0.000e+00 -1.388e-04
  7155  0.000e+00  0.000e+00 -1.130e-04
  7160  0.000e+00  0.000e+00 -9.191e-05
  7165  0.000e+00  0.000e+00 -7.521e-05
  7170  0.000e+00  0.000e+00 -6.264e-05
  7175  0.000e+00  0.000e+00 -5.379e-05
  7180  0.000e+00  0.000e+00 -4.820e-05
  7185  0.000e+00  0.000e+00 -4.536e-05
  7190  0.000e+00  0.000e+00 -4.471e-05
  7195  0.000e+00  0.000e+00 -4.572e-05
  7200  0.000e+00  0.000e+00 -4.785e-05
  7205  0.000e+00  0.000e+00 -5.060e-05
  7210  0.000e+00  0.000e+00 -5.356e-05
  7215  0.000e+00  0.000e+00 -5.636e-05
  7220  0.000e+00  0.000e+00 -5.873e-05
  7225  0.000e+00  0.000e+00 -6.051e-05
  7230  0.000e+00  0.000e+00 -6.164e-05
  7235  0.000e+00  0.000e+00 -6.215e-05
  7240  0.000e+00  0.000e+00 -6.219e-05
  7245  0.000e+00  0.000e+00 -6.202e-05
  7250  0.000e+00  0.000e+00 -6.198e-05
  7255  0.000e+00  0.000e+00 -6.247e-05
  7260  0.000e+00  0.000e+00 -6.396e-05
  7265  0.000e+00  0.000e+00 -6.698e-05
  7270  0.000e+00  0.000e+00 -7.203e-05
  7275  0.000e+00  0.000e+00 -7.965e-05
  7280  0.000e+00  0.000e+00 -9.033e-05
  7285  0.000e+00  0.000e+00 -1.045e-04
  7290  0.000e+00  0.000e+00 -1.225e-04
  7295  0.000e+00  0.000e+00 -1.447e-04
  7300  0.000e+00  0.000e+00 -1.711e-04
  7305  0.000e+00  0.000e+00 -2.019e-04
  7310  0.000e+00  0.000e+00 -2.369e-04
  7315  0.000e+00  0.000e+00 -2.759e-04
  7320  0.000e+00  0.000e+00 -3.185e-04
  7325  0.000e+00  0.000e+00 -3.642e-04
  7330  0.000e+00  0.000e+00 -4.123e-04
  7335  0.000e+00  0.000e+00 -4.621e-04
  7340  0.000e+00  0.000e+00 -5.127e-04
  7345  0.000e+00  0.000e+00 -5.631e-04
  7350  0.000e+00  0.000e+00 -6.125e-04
  7355  0.000e+00  0.000e+00 -6.597e-04
  7360  0.000e+00  0.000e+00 -7.037e-04
  7365  0.000e+00  0.000e+00 -7.436e-04
  7370  0.000e+00  0.000e+00 -7.784e-04
  7375  0.000e+00  0.000e+00 -8.073e-04
  7380  0.000e+00  0.000e+00 -8.296e-04
  7385  0.000e+00  0.000e+00 -8.448e-04
  7390  0.000e+00  0.000e+00 -8.524e-04
  7395  0.000e+00  0.000e+00 -8.522e-04
  7400  0.000e+00  0.000e+00 -8.443e-04
  7405  0.000e+00  0.000e+00 -8.287e-04
  7410  0.000e+00  0.000e+00 -8.059e-04
  7415  0.000e+00  0.000e+00 -7.764e-04
  7420  0.000e+00  0.000e+00 -7.411e-04
  7425  0.000e+00  0.000e+00 -7.007e-04
  7430  0.000e+00  0.000e+00 -6.564e-04
  7435  0.000e+00  0.000e+00 -6.094e-04
  7440  0.000e+00  0.000e+00 -5.610e-04
  7445  0.000e+00  0.000e+00 -5.125e-04
  7450  0.000e+00  0.000e+00 -4.653e-04
  7455  0.000e+00  0.000e+00 -4.206e-04
  7460  0.000e+00  0.000e+00 -3.798e-04
  7465  0.000e+00  0.000e+00 -3.441e-04
  7470  0.000e+00  0.000e+00 -3.145e-04
  7475  0.000e+00  0.000e+00 -2.920e-04
  7480  0.000e+00  0.000e+00 -2.772e-04
  7485  0.000e+00  0.000e+00 -2.706e-04
  7490  0.000e+00  0.000e+00 -2.726e-04
  7495  0.000e+00  0.000e+00 -2.832e-04
  7500  0.000e+00  0.000e+00 -3.022e-04
  7505  0.000e+00  0.000e+00 -3.292e-04
  7510  0.000e+00  0.000e+00 -3.634e-04
  7515  0.000e+00  0.000e+00 -4.041e-04
  7520  0.000e+00  0.000e+00 -4.501e-04
  7525  0.000e+00  0.000e+00 -5.002e-04
  7530  0.000e+00  0.000e+00 -5.531e-04
  7535  0.000e+00  0.000e+00 -6.073e-04
  7540  0.000e+00  0.000e+00 -6.614e-04
  7545  0.000e+00  0.000e+00 -7.137e-04
  7550  0.000e+00  0.000e+00 -7.628e-04
  7555  0.000e+00  0.000e+00 -8.073e-04
  7560  0.000e+00  0.000e+00 -8.459e-04
  7565  0.000e+00  0.000e+00 -8.775e-04
  7570  0.000e+00  0.000e+00 -9.012e-04
  7575  0.000e+00  0.000e+00 -9.162e-04
  7580  0.000e+00  0.000e+00 -9.221e-04
  7585  0.000e+00  0.000e+00 -9.187e-04
  7590  0.000e+00  0.000e+00 -9.060e-04
  7595  0.000e+00  0.000e+00 -8.844e-04
  7600  0.000e+00  0.000e+00 -8.545e-04
  7605  0.000e+00  0.000e+00 -8.171e-04
  7610  0.000e+00  0.000e+00 -7.733e-04
  7615  0.000e+00  0.000e+00 -7.245e-04
  7620  0.000e+00  0.000e+00 -6.722e-04
  7625  0.000e+00  0.000e+00 -6.179e-04
  7630  0.000e+00  0.000e+00 -5.634e-04
  7635  0.000e+00  0.000e+00 -5.103e-04
  7640  0.000e+00  0.000e+00 -4.605e-04
  7645  0.000e+00  0.000e+00 -4.157e-04
  7650  0.000e+00  0.000e+00 -3.774e-04
  7655  0.000e+00  0.000e+00 -3.471e-04
  7660  0.000e+00  0.000e+00 -3.261e-04
  7665  0.000e+00  0.000e+00 -3.153e-04
  7670  0.000e+00  0.000e+00 -3.156e-04
  7675  0.000e+00  0.000e+00 -3.274e-04
  7680  0.000e+00  0.000e+00 -3.510e-04
  7685  0.000e+00  0.000e+00 -3.861e-04
  7690  0.000e+00  0.000e+00 -4.325e-04
  7695  0.000e+00  0.000e+00 -4.892e-04
  7700  0.000e+00  0.000e+00 -5.553e-04
  7705  0.000e+00  0.000e+00 -6.294e-04
  7710  0.000e+00  0.000e+00 -7.101e-04
  7715  0.000e+00  0.000e+00 -7.956e-04
  7720  0.000e+00  0.000e+00 -8.838e-04
  7725  0.000e+00  0.000e+00 -9.730e-04
  7730  0.000e+00  0.000e+00 -1.061e-03
  7735  0.000e+00  0.000e+00 -1.145e-03
  7740  0.000e+00  0.000e+00 -1.225e-03
  7745  0.000e+00  0.000e+00 -1.297e-03
  7750  0.000e+00  0.000e+00 -1.359e-03
  7755  0.000e+00  0.000e+00 -1.411e-03
  7760  0.000e+00  0.000e+00 -1.451e-03
  7765  0.000e+00  0.000e+00 -1.478e-03
  7770  0.000e+00  0.000e+00 -1.491e-03
  7775  0.000e+00  0.000e+00 -1.489e-03
  7780  0.000e+00  0.000e+00 -1.473e-03
  7785  0.000e+00  0.000e+00 -1.443e-03
  7790  0.000e+00  0.000e+00 -1.398e-03
  7795  0.000e+00  0.000e+00 -1.341e-03
  7800  0.000e+00  0.000e+00 -1.271e-03
  7805  0.000e+00  0.000e+00 -1.191e-03
  7810  0.000e+00  0.000e+00 -1.102e-03
  7815  0.000e+00  0.000e+00 -1.007e-03
  7820  0.000e+00  0.000e+00 -9.061e-04
  7825  0.000e+00  0.000e+00 -8.025e-04
  7830  0.000e+00  0.000e+00 -6.982e-04
  7835  0.000e+00  0.000e+00 -5.952e-04
  7840  0.000e+00  0.000e+00 -4.957e-04
  7845  0.000e+00  0.000e+00 -4.016e-04
  7850  0.000e+00  0.000e+00 -3.147e-04
  7855  0.000e+00  0.000e+00 -2.367e-04
  7860  0.000e+00  0.000e+00 -1.689e-04
  7865  0.000e+00  0.000e+00 -1.126e-04
  7870  0.000e+00  0.000e+00 -6.841e-05
  7875  0.000e+00  0.000e+00 -3.705e-05
  7880  0.000e+00  0.000e+00 -1.872e-05
  7885  0.000e+00  0.000e+00 -1.336e-05
  7890  0.000e+00  0.000e+00 -2.061e-05
  7895  0.000e+00  0.000e+00 -3.983e-05
  7900  0.000e+00  0.000e+00 -7.013e-05
  7905  0.000e+00  0.000e+00 -1.104e-04
  7910  0.000e+00  0.000e+00 -1.593e-04
  7915  0.000e+00  0.000e+00 -2.154e-04
  7920  0.000e+00  0.000e+00 -2.771e-04
  7925  0.000e+00  0.000e+00 -3.427e-04
  7930  0.000e+00  0.000e+00 -4.106e-04
  7935  0.000e+00  0.000e+00 -4.791e-04
  7940  0.000e+00  0.000e+00 -5.466e-04
  7945  0.000e+00  0.000e+00 -6.117e-04
  7950  0.000e+00  0.000e+00 -6.729e-04
  7955  0.000e+00  0.000e+00 -7.291e-04
  7960  0.000e+00  0.000e+00 -7.794e-04
  7965  0.000e+00  0.000e+00 -8.228e-04
  7970  0.000e+00  0.000e+00 -8.590e-04
  7975  0.000e+00  0.000e+00 -8.874e-04
  7980  0.000e+00  0.000e+00 -9.081e-04
  7985  0.000e+00  0.000e+00 -9.212e-04
  7990  0.000e+00  0.000e+00 -9.270e-04
  7995  0.000e+00  0.000e+00 -9.260e-04
  8000  0.000e+00  0.000e+00 -9.190e-04
  8005  0.000e+00  0.000e+00 -9.067e-04
  8010  0.000e+00  0.000e+00 -8.900e-04
  8015  0.000e+00  0.000e+00 -8.701e-04
  8020  0.000e+00  0.000e+00 -8.479e-04
  8025  0.000e+00  0.000e+00 -8.244e-04
  8030  0.000e+00  0.000e+00 -8.007e-04
  8035  0.000e+00  0.000e+00 -7.778e-04
  8040  0.000e+00  0.000e+00 -7.564e-04
  8045  0.000e+00  0.000e+00 -7.374e-04
  8050  0.000e+00  0.000e+00 -7.214e-04
  8055  0.000e+00  0.000e+00 -7.087e-04
  8060  0.000e+00  0.000e+00 -6.998e-04
  8065  0.000e+00  0.000e+00 -6.947e-04
  8070  0.000e+00  0.000e+00 -6.934e-04
  8075  0.000e+00  0.000e+00 -6.957e-04
  8080  0.000e+00  0.000e+00 -7.013e-04
  8085  0.000e+00  0.000e+00 -7.097e-04
  8090  0.000e+00  0.000e+00 -7.202e-04
  8095  0.000e+00  0.000e+00 -7.322e-04
  8100  0.000e+00  0.000e+00 -7.450e-04
  8105  0.000e+00  0.000e+00 -7.576e-04
  8110  0.000e+00  0.000e+00 -7.694e-04
  8115  0.000e+00  0.000e+00 -7.795e-04
  8120  0.000e+00  0.000e+00 -7.871e-04
  8125  0.000e+00  0.000e+00 -7.916e-04
  8130  0.000e+00  0.000e+00 -7.923e-04
  8135  0.000e+00  0.000e+00 -7.887e-04
  8140  0.000e+00  0.000e+00 -7.805e-04
  8145  0.000e+00  0.000e+00 -7.675e-04
  8150  0.000e+00  0.000e+00 -7.494e-04
  8155  0.000e+00  0.000e+00 -7.264e-04
  8160  0.000e+00  0.000e+00 -6.986e-04
  8165  0.000e+00  0.000e+00 -6.664e-04
  8170  0.000e+00  0.000e+00 -6.301e-04
  8175  0.000e+00  0.000e+00 -5.904e-04
  8180  0.000e+00  0.000e+00 -5.477e-04
  8185  0.000e+00  0.000e+00 -5.029e-04
  8190  0.000e+00  0.000e+00 -4.567e-04
  8195  0.000e+00  0.000e+00 -4.099e-04
  8200  0.000e+00  0.000e+00 -3.632e-04
  8205  0.000e+00  0.000e+00 -3.173e-04
  8210  0.000e+00  0.000e+00 -2.730e-04
  8215  0.000e+00  0.000e+00 -2.310e-04
  8220  0.000e+00  0.000e+00 -1.917e-04
  8225  0.000e+00  0.000e+00 -1.557e-04
  8230  0.000e+00  0.000e+00 -1.233e-04
  8235  0.000e+00  0.000e+00 -9.478e-05
  8240  0.000e+00  0.000e+00 -7.025e-05
  8245  0.000e+00  0.000e+00 -4.975e-05
  8250  0.000e+00  0.000e+00 -3.319e-05
  8255  0.000e+00  0.000e+00 -2.037e-05
  8260  0.000e+00  0.000e+00 -1.102e-05
  8265  0.000e+00  0.000e+00 -4.791e-06
  8270  0.000e+00  0.000e+00 -1.266e-06
  8275  0.000e+00  0.000e+00 -1.082e-17
  8280  0.000e+00  0.000e+00 -5.252e-07
  8285  0.000e+00  0.000e+00 -2.375e-06
  8290  0.000e+00  0.000e+00 -5.105e-06
  8295  0.000e+00  0.000e+00 -8.307e-06
  8300  0.000e+00  0.000e+00 -1.163e-05
  8305  0.000e+00  0.000e+00 -1.480e-05
  8310  0.000e+00  0.000e+00 -1.761e-05
  8315  0.000e+00  0.000e+00 -1.995e-05
  8320  0.000e+00  0.000e+00 -2.182e-05
  8325  0.000e+00  0.000e+00 -2.330e-05
  8330  0.000e+00  0.000e+00 -2.456e-05
  8335  0.000e+00  0.000e+00 -2.587e-05
  8340  0.000e+00  0.000e+00 -2.758e-05
  8345  0.000e+00  0.000e+00 -3.008e-05
  8350  0.000e+00  0.000e+00 -3.383e-05
  8355  0.000e+00  0.000e+00 -3.933e-05
  8360  0.000e+00  0.000e+00 -4.706e-05
  8365  0.000e+00  0.000e+00 -5.751e-05
  8370  0.000e+00  0.000e+00 -7.114e-05
  8375  0.000e+00  0.000e+00 -8.836e-05
  8380  0.000e+00  0.000e+00 -1.095e-04
  8385  0.000e+00  0.000e+00 -1.348e-04
  8390  0.000e+00  0.000e+00 -1.644e-04
  8395  0.000e+00  0.000e+00 -1.983e-04
  8400  0.000e+00  0.000e+00 -2.365e-04
  8405  0.000e+00  0.000e+00 -2.787e-04
  8410  0.000e+00  0.000e+00 -3.246e-04
  8415  0.000e+00  0.000e+00 -3.737e-04
  8420  0.000e+00  0.000e+00 -4.253e-04
  8425  0.000e+00  0.000e+00 -4.789e-04
  8430  0.000e+00  0.000e+00 -5.335e-04
  8435  0.000e+00  0.000e+00 -5.884e-04
  8440  0.000e+00  0.000e+00 -6.426e-04
  8445  0.000e+00  0.000e+00 -6.951e-04
  8450  0.000e+00  0.000e+00 -7.450e-04
  8455  0.000e+00  0.000e+00 -7.913e-04
  8460  0.000e+00  0.000e+00 -8.332e-04
  8465  0.000e+00  0.000e+00 -8.698e-04
  8470  0.000e+00  0.000e+00 -9.004e-04
  8475  0.000e+00  0.000e+00 -9.243e-04
  8480  0.000e+00  0.000e+00 -9.410e-04
  8485  0.000e+00  0.000e+00 -9.503e-04
  8490  0.000e+00  0.000e+00 -9.518e-04
  8495  0.000e+00  0.000e+00 -9.456e-04
  8500  0.000e+00  0.000e+00 -9.317e-04
  8505  0.000e+00  0.000e+00 -9.104e-04
  8510  0.000e+00  0.000e+00 -8.821e-04
  8515  0.000e+00  0.000e+00 -8.475e-04
  8520  0.000e+00  0.000e+00 -8.072e-04
  8525  0.000e+00  0.000e+00 -7.619e-04
  8530  0.000e+00  0.000e+00 -7.127e-04
  8535  0.000e+00  0.000e+00 -6.603e-04
  8540  0.000e+00  0.000e+00 -6.058e-04
  8545  0.000e+00  0.000e+00 -5.503e-04
  8550  0.000e+00  0.000e+00 -4.946e-04
  8555  0.000e+00  0.000e+00 -4.396e-04
  8560  0.000e+00  0.000e+00 -3.864e-04
  8565  0.000e+00  0.000e+00 -3.356e-04
  8570  0.000e+00  0.000e+00 -2.880e-04
  8575  0.000e+00  0.000e+00 -2.442e-04
  8580  0.000e+00  0.000e+00 -2.045e-04
  8585  0.000e+00  0.000e+00 -1.693e-04
  8590  0.000e+00  0.000e+00 -1.388e-04
  8595  0.000e+00  0.000e+00 -1.130e-04
  8600  0.000e+00  0.000e+00 -9.191e-05
  8605  0.000e+00  0.000e+00 -7.521e-05
  8610  0.000e+00  0.000e+00 -6.264e-05
  8615  0.000e+00  0.000e+00 -5.379e-05
  8620  0.000e+00  0.000e+00 -4.820e-05
  8625  0.000e+00  0.000e+00 -4.536e-05
  8630  0.000e+00  0.000e+00 -4.471e-05
  8635  0.000e+00  0.000e+00 -4.572e-05
  8640  0.000e+00  0.000e+00 -4.785e-05
  8645  0.000e+00  0.000e+00 -5.060e-05
  8650  0.000e+00  0.000e+00 -5.356e-05
  8655  0.000e+00  0.000e+00 -5.636e-05
  8660  0.000e+00  0.000e+00 -5.873e-05
  8665  0.000e+00  0.000e+00 -6.051e-05
  8670  0.000e+00  0.000e+00 -6.164e-05
  8675  0.000e+00  0.000e+00 -6.215e-05
  8680  0.000e+00  0.000e+00 -6.219e-05
  8685  0.000e+00  0.000e+00 -6.202e-05
  8690  0.000e+00  0.000e+00 -6.198e-05
  8695  0.000e+00  0.000e+00 -6.247e-05
  8700  0.000e+00  0.000e+00 -6.396e-05
  8705  0.000e+00  0.000e+00 -6.698e-05
  8710  0.000e+00  0.000e+00 -7.203e-05
  8715  0.000e+00  0.000e+00 -7.965e-05
  8720  0.000e+00  0.000e+00 -9.033e-05
  8725  0.000e+00  0.000e+00 -1.045e-04
  8730  0.000e+00  0.000e+00 -1.225e-04
  8735  0.000e+00  0.000e+00 -1.447e-04
  8740  0.000e+00  0.000e+00 -1.711e-04
  8745  0.000e+00  0.000e+00 -2.019e-04
  8750  0.000e+00  0.000e+00 -2.369e-04
  8755  0.000e+00  0.000e+00 -2.759e-04
  8760  0.000e+00  0.000e+00 -3.185e-04
  8765  0.000e+00  0.000e+00 -3.642e-04
  8770  0.000e+00  0.000e+00 -4.123e-04
  8775  0.000e+00  0.000e+00 -4.621e-04
  8780  0.000e+00  0.000e+00 -5.127e-04
  8785  0.000e+00  0.000e+00 -5.631e-04
  8790  0.000e+00  0.000e+00 -6.125e-04
  8795  0.000e+00  0.000e+00 -6.597e-04
  8800  0.000e+00  0.000e+00 -7.037e-04
  8805  0.000e+00  0.000e+00 -7.436e-04
  8810  0.000e+00  0.000e+00 -7.784e-04
  8815  0.000e+00  0.000e+00 -8.073e-04
  8820  0.000e+00  0.000e+00 -8.296e-04
  8825  0.000e+00  0.000e+00 -8.448e-04
  8830  0.000e+00  0.000e+00 -8.524e-04
  8835  0.000e+00  0.000e+00 -8.522e-04
  8840  0.000e+00  0.000e+00 -8.443e-04
  8845  0.000e+00  0.000e+00 -8.287e-04
  8850  0.000e+00  0.000e+00 -8.059e-04
  8855  0.000e+00  0.000e+00 -7.764e-04
  8860  0.000e+00  0.000e+00 -7.411e-04
  8865  0.000e+00  0.000e+00 -7.007e-04
  8870  0.000e+00  0.000e+00 -6.564e-04
  8875  0.000e+00  0.000e+00 -6.094e-04
  8880  0.000e+00  0.000e+00 -5.610e-04
  8885  0.000e+00  0.000e+00 -5.125e-04
  8890  0.000e+00  0.000e+00 -4.653e-04
  8895  0.000e+00  0.000e+00 -4.206e-04
  8900  0.000e+00  0.000e+00 -3.798e-04
  8905  0.000e+00  0.000e+00 -3.441e-04
  8910  0.000e+00  0.000e+00 -3.145e-04
  8915  0.000e+00  0.000e+00 -2.920e-04
  8920  0.000e+00  0.000e+00 -2.772e-04
  8925  0.000e+00  0.000e+00 -2.706e-04
  8930  0.000e+00  0.000e+00 -2.726e-04
  8935  0.000e+00  0.000e+00 -2.832e-04
  8940  0.000e+00  0.000e+00 -3.022e-04
  8945  0.000e+00  0.000e+00 -3.292e-04
  8950  0.000e+00  0.000e+00 -3.634e-04
  8955  0.000e+00  0.000e+00 -4.041e-04
  8960  0.000e+00  0.000e+00 -4.501e-04
  8965  0.000e+00  0.000e+00 -5.002e-04
  8970  0.000e+00  0.000e+00 -5.531e-04
  8975  0.000e+00  0.000e+00 -6.073e-04
  8980  0.000e+00  0.000e+00 -6.614e-04
  8985  0.000e+00  0.000e+00 -7.137e-04
  8990  0.000e+00  0.000e+00 -7.628e-04
  8995  0.000e+00  0.000e+00 -8.073e-04
  9000  0.000e+00  0.000e+00 -8.459e-04
  9005  0.000e+00  0.000e+00 -8.775e-04
  9010  0.000e+00  0.000e+00 -9.012e-04
  9015  0.000e+00  0.000e+00 -9.162e-04
  9020  0.000e+00  0.000e+00 -9.221e-04
  9025  0.000e+00  0.000e+00 -9.187e-04
  9030  0.000e+00  0.000e+00 -9.060e-04
  9035  0.000e+00  0.000e+00 -8.844e-04
  9040  0.000e+00  0.000e+00 -8.545e-04
  9045  0.000e+00  0.000e+00 -8.171e-04
  9050  0.000e+00  0.000e+00 -7.733e-04
  9055  0.000e+00  0.000e+00 -7.245e-04
  9060  0.000e+00  0.000e+00 -6.722e-04
  9065  0.000e+00  0.000e+00 -6.179e-04
  9070  0.000e+00  0.000e+00 -5.634e-04
  9075  0.000e+00  0.000e+00 -5.103e-04
  9080  0.000e+00  0.000e+00 -4.605e-04
  9085  0.000e+00  0.000e+00 -4.157e-04
  9090  0.000e+00  0.000e+00 -3.774e-04
  9095  0.000e+00  0.000e+00 -3.471e-04
  9100  0.000e+00  0.000e+00 -3.261e-04
  9105  0.000e+00  0.000e+00 -3.153e-04
  9110  0.000e+00  0.000e+00 -3.156e-04
  9115  0.000e+00  0.000e+00 -3.274e-04
  9120  0.000e+00  0.000e+00 -3.510e-04
  9125  0.000e+00  0.000e+00 -3.861e-04
  9130  0.000e+00  0.000e+00 -4.325e-04
  9135  0.000e+00  0.000e+00 -4.892e-04
  9140  0.000e+00  0.000e+00 -5.553e-04
  9145  0.000e+00  0.000e+00 -6.294e-04
  9150  0.000e+00  0.000e+00 -7.101e-04
  9155  0.000e+00  0.000e+00 -7.956e-04
  9160  0.000e+00  0.000e+00 -8.838e-04
  9165  0.000e+00  0.000e+00 -9.730e-04
  9170  0.000e+00  0.000e+00 -1.061e-03
  9175  0.000e+00  0.000e+00 -1.145e-03
  9180  0.000e+00  0.000e+00 -1.225e-03
  9185  0.000e+00  0.000e+00 -1.297e-03
  9190  0.000e+00  0.000e+00 -1.359e-03
  9195  0.000e+00  0.000e+00 -1.411e-03
  9200  0.000e+00  0.000e+00 -1.451e-03
  9205  0.000e+00  0.000e+00 -1.478e-03
  9210  0.000e+00  0.000e+00 -1.491e-03
  9215  0.000e+00  0.000e+00 -1.489e-03
  9220  0.000e+00  0.000e+00 -1.473e-03
  9225  0.000e+00  0.000e+00 -1.443e-03
  9230  0.000e+00  0.000e+00 -1.398e-03
  9235  0.000e+00  0.000e+00 -1.341e-03
  9240  0.000e+00  0.000e+00 -1.271e-03
  9245  0.000e+00  0.000e+00 -1.191e-03
  9250  0.000e+00  0.000e+00 -1.102e-03
  9255  0.000e+00  0.000e+00 -1.007e-03
  9260  0.000e+00  0.000e+00 -9.061e-04
  9265  0.000e+00  0.000e+00 -8.025e-04
  9270  0.000e+00  0.000e+00 -6.982e-04
  9275  0.000e+00  0.000e+00 -5.952e-04
  9280  0.000e+00  0.000e+00 -4.957e-04
  9285  0.000e+00  0.000e+00 -4.016e-04
  9290  0.000e+00  0.000e+00 -3.147e-04
  9295  0.000e+00  0.000e+00 -2.367e-04
  9300  0.000e+00  0.000e+00 -1.689e-04
  9305  0.000e+00  0.000e+00 -1.126e-04
  9310  0.000e+00  0.000e+00 -6.841e-05
  9315  0.000e+00  0.000e+00 -3.705e-05
  9320  0.000e+00  0.000e+00 -1.872e-05
  9325  0.000e+00  0.000e+00 -1.336e-05
  9330  0.000e+00  0.000e+00 -2.061e-05
  9335  0.000e+00  0.000e+00 -3.983e-05
  9340  0.000e+00  0.000e+00 -7.013e-05
  9345  0.000e+00  0.000e+00 -1.104e-04
  9350  0.000e+00  0.000e+00 -1.593e-04
  9355  0.000e+00  0.000e+00 -2.154e-04
  9360  0.000e+00  0.000e+00 -2.771e-04
  9365  0.000e+00  0.000e+00 -3.427e-04
  9370  0.000e+00  0.000e+00 -4.106e-04
  9375  0.000e+00  0.000e+00 -4.791e-04
  9380  0.000e+00  0.000e+00 -5.466e-04
  9385  0.000e+00  0.000e+00 -6.117e-04
  9390  0.000e+00  0.000e+00 -6.729e-04
  9395  0.000e+00  0.000e+00 -7.291e-04
  9400  0.000e+00  0.000e+00 -7.794e-04
  9405  0.000e+00  0.000e+00 -8.228e-04
  9410  0.000e+00  0.000e+00 -8.590e-04
  9415  0.000e+00  0.000e+00 -8.874e-04
  9420  0.000e+00  0.000e+00 -9.081e-04
  9425  0.000e+00  0.000e+00 -9.212e-04
  9430  0.000e+00  0.000e+00 -9.270e-04
  9435  0.000e+00  0.000e+00 -9.260e-04
  9440  0.000e+00  0.000e+00 -9.190e-04
  9445  0.000e+00  0.000e+00 -9.067e-04
  9450  0.000e+00  0.000e+00 -8.900e-04
  9455  0.000e+00  0.000e+00 -8.701e-04
  9460  0.000e+00  0.000e+00 -8.479e-04
  9465  0.000e+00  0.000e+00 -8.244e-04
  9470  0.000e+00  0.000e+00 -8.007e-04
  9475  0.000e+00  0.000e+00 -7.778e-04
  9480  0.000e+00  0.000e+00 -7.564e-04
  9485  0.000e+00  0.000e+00 -7.374e-04
  9490  0.000e+00  0.000e+00 -7.214e-04
  9495  0.000e+00  0.000e+00 -7.087e-04
  9500  0.000e+00  0.000e+00 -6.998e-04
  9505  0.000e+00  0.000e+00 -6.947e-04
  9510  0.000e+00  0.000e+00 -6.934e-04
  9515  0.000e+00  0.000e+00 -6.957e-04
  9520  0.000e+00  0.000e+00 -7.013e-04
  9525  0.000e+00  0.000e+00 -7.097e-04
  9530  0.000e+00  0.000e+00 -7.202e-04
  9535  0.000e+00  0.000e+00 -7.322e-04
  9540  0.000e+00  0.000e+00 -7.450e-04
  9545  0.000e+00  0.000e+00 -7.576e-04
  9550  0.000e+00  0.000e+00 -7.694e-04
  9555  0.000e+00  0.000e+00 -7.795e-04
  9560  0.000e+00  0.000e+00 -7.871e-04
  9565  0.000e+00  0.000e+00 -7.916e-04
  9570  0.000e+00  0.000e+00 -7.923e-04
  9575  0.000e+00  0.000e+00 -7.887e-04
  9580  0.000e+00  0.000e+00 -7.805e-04
  9585  0.000e+00  0.000e+00 -7.675e-04
  9590  0.000e+00  0.000e+00 -7.494e-04
  9595  0.000e+00  0.000e+00 -7.264e-04
  9600  0.000e+00  0.000e+00 -6.986e-04
  9605  0.000e+00  0.000e+00 -6.664e-04
  9610  0.000e+00  0.000e+00 -6.301e-04
  9615  0.000e+00  0.000e+00 -5.904e-04
  9620  0.000e+00  0.000e+00 -5.477e-04
  9625  0.000e+00  0.000e+00 -5.029e-04
  9630  0.000e+00  0.000e+00 -4.567e-04
  9635  0.000e+00  0.000e+00 -4.099e-04
  9640  0.000e+00  0.000e+00 -3.632e-04
  9645  0.000e+00  0.000e+00 -3.173e-04
  9650  0.000e+00  0.000e+00 -2.730e-04
  9655  0.000e+00  0.000e+00 -2.310e-04
  9660  0.000e+00  0.000e+00 -1.917e-04
  9665  0.000e+00  0.000e+00 -1.557e-04
  9670  0.000e+00  0.000e+00 -1.233e-04
  9675  0.000e+00  0.000e+00 -9.478e-05
  9680  0.000e+00  0.000e+00 -7.025e-05
  9685  0.000e+00  0.000e+00 -4.975e-05
  9690  0.000e+00  0.000e+00 -3.319e-05
  9695  0.000e+00  0.000e+00 -2.037e-05
  9700  0.000e+00  0.000e+00 -1.102e-05
  9705  0.000e+00  0.000e+00 -4.791e-06
  9710  0.000e+00  0.000e+00 -1.266e-06
  9715  0.000e+00  0.000e+00 -1.113e-17
  9720  0.000e+00  0.000e+00 -5.252e-07
  9725  0.000e+00  0.000e+00 -2.375e-06
  9730  0.000e+00  0.000e+00 -5.105e-06
  9735  0.000e+00  0.000e+00 -8.307e-06
  9740  0.000e+00  0.000e+00 -1.163e-05
  9745  0.000e+00  0.000e+00 -1.480e-05
  9750  0.000e+00  0.000e+00 -1.761e-05
  9755  0.000e+00  0.000e+00 -1.995e-05
  9760  0.000e+00  0.000e+00 -2.182e-05
  9765  0.000e+00  0.000e+00 -2.330e-05
  9770  0.000e+00  0.000e+00 -2.456e-05
  9775  0.000e+00  0.000e+00 -2.587e-05
  9780  0.000e+00  0.000e+00 -2.758e-05
  9785  0.000e+00  0.000e+00 -3.008e-05
  9790  0.000e+00  0.000e+00 -3.383e-05
  9795  0.000e+00  0.000e+00 -3.933e-05
  9800  0.000e+00  0.000e+00 -4.706e-05
  9805  0.000e+00  0.000e+00 -5.751e-05
  9810  0.000e+00  0.000e+00 -7.114e-05
  9815  0.000e+00  0.000e+00 -8.836e-05
  9820  0.000e+00  0.000e+00 -1.095e-04
  9825  0.000e+00  0.000e+00 -1.348e-04
  9830  0.000e+00  0.000e+00 -1.644e-04
  9835  0.000e+00  0.000e+00 -1.983e-04
  9840  0.000e+00  0.000e+00 -2.365e-04
  9845  0.000e+00  0.000e+00 -2.787e-04
  9850  0.000e+00  0.000e+00 -3.246e-04
  9855  0.000e+00  0.000e+00 -3.737e-04
  9860  0.000e+00  0.000e+00 -4.253e-04
  9865  0.000e+00  0.000e+00 -4.789e-04
  9870  0.000e+00  0.000e+00 -5.335e-04
  9875  0.000e+00  0.000e+00 -5.884e-04
  9880  0.000e+00  0.000e+00 -6.426e-04
  9885  0.000e+00  0.000e+00 -6.951e-04
  9890  0.000e+00  0.000e+00 -7.450e-04
  9895  0.000e+00  0.000e+00 -7.913e-04
  9900  0.000e+00  0.000e+00 -8.332e-04
  9905  0.000e+00  0.000e+00 -8.698e-04
  9910  0.000e+00  0.000e+00 -9.004e-04
  9915  0.000e+00  0.000e+00 -9.243e-04
  9920  0.000e+00  0.000e+00 -9.410e-04
  9925  0.000e+00  0.000e+00 -9.503e-04
  9930  0.000e+00  0.000e+00 -9.518e-04
  9935  0.000e+00  0.000e+00 -9.456e-04
  9940  0.000e+00  0.000e+00 -9.317e-04
  9945  0.000e+00  0.000e+00 -9.104e-04
  9950  0.000e+00  0.000e+00 -8.821e-04
  9955  0.000e+00  0.000e+00 -8.475e-04
  9960  0.000e+00  0.000e+00 -8.072e-04
  9965  0.000e+00  0.000e+00 -7.619e-04
  9970  0.000e+00  0.000e+00 -7.127e-04
  9975  0.000e+00  0.000e+00 -6.603e-04
  9980  0.000e+00  0.000e+00 -6.058e-04
  9985  0.000e+00  0.000e+00 -5.503e-04
  9990  0.000e+00  0.000e+00 -4.946e-04
  9995  0.000e+00  0.000e+00 -4.396e-04
 10000  0.000e+00  0.000e+00 -3.864e-04
 10005  0.000e+00  0.000e+00 -3.356e-04
 10010  0.000e+00  0.000e+00 -2.880e-04
 10015  0.000e+00  0.000e+00 -2.442e-04
 10020  0.000e+00  0.000e+00 -2.045e-04
 10025  0.000e+00  0.000e+00 -1.693e-04
 10030  0.000e+00  0.000e+00 -1.388e-04
 10035  0.000e+00  0.000e+00 -1.130e-04
 10040  0.000e+00  0.000e+00 -9.191e-05
 10045  0.000e+00  0.000e+00 -7.521e-05
 10050  0.000e+00  0.000e+00 -6.264e-05
 10055  0.000e+00  0.000e+00 -5.379e-05
 10060  0.000e+00  0.000e+00 -4.820e-05
 10065  0.000e+00  0.000e+00 -4.536e-05
 10070  0.000e+00  0.000e+00 -4.471e-05
 10075  0.000e+00  0.000e+00 -4.572e-05
 10080  0.000e+00  0.000e+00 -4.785e-05
