     0  0.000e+00  0.000e+00 -8.506e-04
     5  0.000e+00  0.000e+00 -8.870e-04
    10  0.000e+00  0.000e+00 -9.235e-04
    15  0.000e+00  0.000e+00 -9.598e-04
    20  0.000e+00  0.000e+00 -9.955e-04
    25  0.000e+00  0.000e+00 -1.031e-03
    30  0.000e+00  0.000e+00 -1.065e-03
    35  0.000e+00  0.000e+00 -1.097e-03
    40  0.000e+00  0.000e+00 -1.129e-03
    45  0.000e+00  0.000e+00 -1.159e-03
    50  0.000e+00  0.000e+00 -1.186e-03
    55  0.000e+00  0.000e+00 -1.212e-03
    60  0.000e+00  0.000e+00 -1.234e-03
    65  0.000e+00  0.000e+00 -1.254e-03
    70  0.000e+00  0.000e+00 -1.271e-03
    75  0.000e+00  0.000e+00 -1.285e-03
    80  0.000e+00  0.000e+00 -1.295e-03
    85  0.000e+00  0.000e+00 -1.301e-03
    90  0.000e+00  0.000e+00 -1.302e-03
    95  0.000e+00  0.000e+00 -1.300e-03
   100  0.000e+00  0.000e+00 -1.292e-03
   105  0.000e+00  0.000e+00 -1.280e-03
   110  0.000e+00  0.000e+00 -1.264e-03
   115  0.000e+00  0.000e+00 -1.242e-03
   120  0.000e+00  0.000e+00 -1.215e-03
   125  0.000e+00  0.000e+00 -1.183e-03
   130  0.000e+00  0.000e+00 -1.147e-03
   135  0.000e+00  0.000e+00 -1.106e-03
   140  0.000e+00  0.000e+00 -1.061e-03
   145  0.000e+00  0.000e+00 -1.012e-03
   150  0.000e+00  0.000e+00 -9.595e-04
   155  0.000e+00  0.000e+00 -9.037e-04
   160  0.000e+00  0.000e+00 -8.455e-04
   165  0.000e+00  0.000e+00 -7.852e-04
   170  0.000e+00  0.000e+00 -7.237e-04
   175  0.000e+00  0.000e+00 -6.615e-04
   180  0.000e+00  0.000e+00 -5.993e-04
   185  0.000e+00  0.000e+00 -5.380e-04
   190  0.000e+00  0.000e+00 -4.782e-04
   195  0.000e+00  0.000e+00 -4.206e-04
   200  0.000e+00  0.000e+00 -3.659e-04
   205  0.000e+00  0.000e+00 -3.149e-04
   210  0.000e+00  0.000e+00 -2.681e-04
   215  0.000e+00  0.000e+00 -2.261e-04
   220  0.000e+00  0.000e+00 -1.894e-04
   225  0.000e+00  0.000e+00 -1.585e-04
   230  0.000e+00  0.000e+00 -1.336e-04
   235  0.000e+00  0.000e+00 -1.152e-04
   240  0.000e+00  0.000e+00 -1.032e-04
   245  0.000e+00  0.000e+00 -9.780e-05
   250  0.000e+00  0.000e+00 -9.897e-05
   255  0.000e+00  0.000e+00 -1.066e-04
   260  0.000e+00  0.000e+00 -1.204e-04
   265  0.000e+00  0.000e+00 -1.403e-04
   270  0.000e+00  0.000e+00 -1.657e-04
   275  0.000e+00  0.000e+00 -1.963e-04
   280  0.000e+00  0.000e+00 -2.316e-04
   285  0.000e+00  0.000e+00 -2.710e-04
   290  0.000e+00  0.000e+00 -3.141e-04
   295  0.000e+00  0.000e+00 -3.602e-04
   300  0.000e+00  0.000e+00 -4.088e-04
   305  0.000e+00  0.000e+00 -4.592e-04
   310  0.000e+00  0.000e+00 -5.109e-04
   315  0.000e+00  0.000e+00 -5.634e-04
   320  0.000e+00  0.000e+00 -6.161e-04
   325  0.000e+00  0.000e+00 -6.686e-04
   330  0.000e+00  0.000e+00 -7.205e-04
   335  0.000e+00  0.000e+00 -7.713e-04
   340  0.000e+00  0.000e+00 -8.207e-04
   345  0.000e+00  0.000e+00 -8.685e-04
   350  0.000e+00  0.000e+00 -9.144e-04
   355  0.000e+00  0.000e+00 -9.582e-04
   360  0.000e+00  0.000e+00 -9.998e-04
   365  0.000e+00  0.000e+00 -1.039e-03
   370  0.000e+00  0.000e+00 -1.076e-03
   375  0.000e+00  0.000e+00 -1.110e-03
   380  0.000e+00  0.000e+00 -1.142e-03
   385  0.000e+00  0.000e+00 -1.171e-03
   390  0.000e+00  0.000e+00 -1.198e-03
   395  0.000e+00  0.000e+00 -1.222e-03
   400  0.000e+00  0.000e+00 -1.243e-03
   405  0.000e+00  0.000e+00 -1.262e-03
   410  0.000e+00  0.000e+00 -1.277e-03
   415  0.000e+00  0.000e+00 -1.290e-03
   420  0.000e+00  0.000e+00 -1.299e-03
   425  0.000e+00  0.000e+00 -1.305e-03
   430  0.000e+00  0.000e+00 -1.307e-03
   435  0.000e+00  0.000e+00 -1.305e-03
   440  0.000e+00  0.000e+00 -1.300e-03
   445  0.000e+00  0.000e+00 -1.290e-03
   450  0.000e+00  0.000e+00 -1.276e-03
   455  0.000e+00  0.000e+00 -1.257e-03
   460  0.000e+00  0.000e+00 -1.233e-03
   465  0.000e+00  0.000e+00 -1.204e-03
   470  0.000e+00  0.000e+00 -1.171e-03
   475  0.000e+00  0.000e+00 -1.132e-03
   480  0.000e+00  0.000e+00 -1.089e-03
   485  0.000e+00  0.000e+00 -1.041e-03
   490  0.000e+00  0.000e+00 -9.880e-04
   495  0.000e+00  0.000e+00 -9.313e-04
   500  0.000e+00  0.000e+00 -8.709e-04
   505  0.000e+00  0.000e+00 -8.073e-04
   510  0.000e+00  0.000e+00 -7.411e-04
   515  0.000e+00  0.000e+00 -6.731e-04
   520  0.000e+00  0.000e+00 -6.039e-04
   525  0.000e+00  0.000e+00 -5.345e-04
   530  0.000e+00  0.000e+00 -4.657e-04
   535  0.000e+00  0.000e+00 -3.984e-04
   540  0.000e+00  0.000e+00 -3.335e-04
   545  0.000e+00  0.000e+00 -2.720e-04
   550  0.000e+00  0.000e+00 -2.149e-04
   555  0.000e+00  0.000e+00 -1.629e-04
   560  0.000e+00  0.000e+00 -1.169e-04
   565  0.000e+00  0.000e+00 -7.772e-05
   570  0.000e+00  0.000e+00 -4.594e-05
   575  0.000e+00  0.000e+00 -2.213e-05
   580  0.000e+00  0.000e+00 -6.722e-06
   585  0.000e+00  0.000e+00 -0.000e+00
   590  0.000e+00  0.000e+00 -2.115e-06
   595  0.000e+00  0.000e+00 -1.306e-05
   600  0.000e+00  0.000e+00 -3.270e-05
   605  0.000e+00  0.000e+00 -6.071e-05
   610  0.000e+00  0.000e+00 -9.665e-05
   615  0.000e+00  0.000e+00 -1.399e-04
   620  0.000e+00  0.000e+00 -1.898e-04
   625  0.000e+00  0.000e+00 -2.456e-04
   630  0.000e+00  0.000e+00 -3.062e-04
   635  0.000e+00  0.000e+00 -3.706e-04
   640  0.000e+00  0.000e+00 -4.379e-04
   645  0.000e+00  0.000e+00 -5.070e-04
   650  0.000e+00  0.000e+00 -5.766e-04
   655  0.000e+00  0.000e+00 -6.459e-04
   660  0.000e+00  0.000e+00 -7.136e-04
   665  0.000e+00  0.000e+00 -7.789e-04
   670  0.000e+00  0.000e+00 -8.408e-04
   675  0.000e+00  0.000e+00 -8.985e-04
   680  0.000e+00  0.000e+00 -9.513e-04
   685  0.000e+00  0.000e+00 -9.988e-04
   690  0.000e+00  0.000e+00 -1.040e-03
   695  0.000e+00  0.000e+00 -1.076e-03
   700  0.000e+00  0.000e+00 -1.105e-03
   705  0.000e+00  0.000e+00 -1.128e-03
   710  0.000e+00  0.000e+00 -1.145e-03
   715  0.000e+00  0.000e+00 -1.156e-03
   720  0.000e+00  0.000e+00 -1.162e-03
   725  0.000e+00  0.000e+00 -1.164e-03
   730  0.000e+00  0.000e+00 -1.161e-03
   735  0.000e+00  0.000e+00 -1.154e-03
   740  0.000e+00  0.000e+00 -1.145e-03
   745  0.000e+00  0.000e+00 -1.134e-03
   750  0.000e+00  0.000e+00 -1.122e-03
   755  0.000e+00  0.000e+00 -1.110e-03
   760  0.000e+00  0.000e+00 -1.098e-03
   765  0.000e+00  0.000e+00 -1.087e-03
   770  0.000e+00  0.000e+00 -1.078e-03
   775  0.000e+00  0.000e+00 -1.071e-03
   780  0.000e+00  0.000e+00 -1.066e-03
   785  0.000e+00  0.000e+00 -1.064e-03
   790  0.000e+00  0.000e+00 -1.066e-03
   795  0.000e+00  0.000e+00 -1.070e-03
   800  0.000e+00  0.000e+00 -1.077e-03
   805  0.000e+00  0.000e+00 -1.086e-03
   810  0.000e+00  0.000e+00 -1.098e-03
   815  0.000e+00  0.000e+00 -1.112e-03
   820  0.000e+00  0.000e+00 -1.127e-03
   825  0.000e+00  0.000e+00 -1.142e-03
   830  0.000e+00  0.000e+00 -1.158e-03
   835  0.000e+00  0.000e+00 -1.173e-03
   840  0.000e+00  0.000e+00 -1.186e-03
   845  0.000e+00  0.000e+00 -1.196e-03
   850  0.000e+00  0.000e+00 -1.204e-03
   855  0.000e+00  0.000e+00 -1.209e-03
   860  0.000e+00  0.000e+00 -1.208e-03
   865  0.000e+00  0.000e+00 -1.204e-03
   870  0.000e+00  0.000e+00 -1.194e-03
   875  0.000e+00  0.000e+00 -1.178e-03
   880  0.000e+00  0.000e+00 -1.157e-03
   885  0.000e+00  0.000e+00 -1.131e-03
   890  0.000e+00  0.000e+00 -1.099e-03
   895  0.000e+00  0.000e+00 -1.061e-03
   900  0.000e+00  0.000e+00 -1.019e-03
   905  0.000e+00  0.000e+00 -9.723e-04
   910  0.000e+00  0.000e+00 -9.217e-04
   915  0.000e+00  0.000e+00 -8.680e-04
   920  0.000e+00  0.000e+00 -8.119e-04
   925  0.000e+00  0.000e+00 -7.543e-04
   930  0.000e+00  0.000e+00 -6.960e-04
   935  0.000e+00  0.000e+00 -6.380e-04
   940  0.000e+00  0.000e+00 -5.811e-04
   945  0.000e+00  0.000e+00 -5.262e-04
   950  0.000e+00  0.000e+00 -4.743e-04
   955  0.000e+00  0.000e+00 -4.260e-04
   960  0.000e+00  0.000e+00 -3.821e-04
   965  0.000e+00  0.000e+00 -3.432e-04
   970  0.000e+00  0.000e+00 -3.097e-04
   975  0.000e+00  0.000e+00 -2.822e-04
   980  0.000e+00  0.000e+00 -2.608e-04
   985  0.000e+00  0.000e+00 -2.457e-04
   990  0.000e+00  0.000e+00 -2.370e-04
   995  0.000e+00  0.000e+00 -2.345e-04
  1000  0.000e+00  0.000e+00 -2.379e-04
  1005  0.000e+00  0.000e+00 -2.470e-04
  1010  0.000e+00  0.000e+00 -2.613e-04
  1015  0.000e+00  0.000e+00 -2.803e-04
  1020  0.000e+00  0.000e+00 -3.034e-04
  1025  0.000e+00  0.000e+00 -3.300e-04
  1030  0.000e+00  0.000e+00 -3.593e-04
  1035  0.000e+00  0.000e+00 -3.907e-04
  1040  0.000e+00  0.000e+00 -4.235e-04
  1045  0.000e+00  0.000e+00 -4.570e-04
  1050  0.000e+00  0.000e+00 -4.905e-04
  1055  0.000e+00  0.000e+00 -5.235e-04
  1060  0.000e+00  0.000e+00 -5.554e-04
  1065  0.000e+00  0.000e+00 -5.857e-04
  1070  0.000e+00  0.000e+00 -6.141e-04
  1075  0.000e+00  0.000e+00 -6.402e-04
  1080  0.000e+00  0.000e+00 -6.639e-04
  1085  0.000e+00  0.000e+00 -6.850e-04
  1090  0.000e+00  0.000e+00 -7.035e-04
  1095  0.000e+00  0.000e+00 -7.195e-04
  1100  0.000e+00  0.000e+00 -7.329e-04
  1105  0.000e+00  0.000e+00 -7.442e-04
  1110  0.000e+00  0.000e+00 -7.535e-04
  1115  0.000e+00  0.000e+00 -7.610e-04
  1120  0.000e+00  0.000e+00 -7.672e-04
  1125  0.000e+00  0.000e+00 -7.724e-04
  1130  0.000e+00  0.000e+00 -7.769e-04
  1135  0.000e+00  0.000e+00 -7.811e-04
  1140  0.000e+00  0.000e+00 -7.853e-04
  1145  0.000e+00  0.000e+00 -7.897e-04
  1150  0.000e+00  0.000e+00 -7.947e-04
  1155  0.000e+00  0.000e+00 -8.004e-04
  1160  0.000e+00  0.000e+00 -8.070e-04
  1165  0.000e+00  0.000e+00 -8.145e-04
  1170  0.000e+00  0.000e+00 -8.229e-04
  1175  0.000e+00  0.000e+00 -8.322e-04
  1180  0.000e+00  0.000e+00 -8.424e-04
  1185  0.000e+00  0.000e+00 -8.531e-04
  1190  0.000e+00  0.000e+00 -8.641e-04
  1195  0.000e+00  0.000e+00 -8.753e-04
  1200  0.000e+00  0.000e+00 -8.863e-04
  1205  0.000e+00  0.000e+00 -8.967e-04
  1210  0.000e+00  0.000e+00 -9.062e-04
  1215  0.000e+00  0.000e+00 -9.145e-04
  1220  0.000e+00  0.000e+00 -9.211e-04
  1225  0.000e+00  0.000e+00 -9.259e-04
  1230  0.000e+00  0.000e+00 -9.285e-04
  1235  0.000e+00  0.000e+00 -9.286e-04
  1240  0.000e+00  0.000e+00 -9.260e-04
  1245  0.000e+00  0.000e+00 -9.206e-04
  1250  0.000e+00  0.000e+00 -9.123e-04
  1255  0.000e+00  0.000e+00 -9.011e-04
  1260  0.000e+00  0.000e+00 -8.870e-04
  1265  0.000e+00  0.000e+00 -8.701e-04
  1270  0.000e+00  0.000e+00 -8.507e-04
  1275  0.000e+00  0.000e+00 -8.289e-04
  1280  0.000e+00  0.000e+00 -8.051e-04
  1285  0.000e+00  0.000e+00 -7.796e-04
  1290  0.000e+00  0.000e+00 -7.527e-04
  1295  0.000e+00  0.000e+00 -7.250e-04
  1300  0.000e+00  0.000e+00 -6.969e-04
  1305  0.000e+00  0.000e+00 -6.689e-04
  1310  0.000e+00  0.000e+00 -6.413e-04
  1315  0.000e+00  0.000e+00 -6.147e-04
  1320  0.000e+00  0.000e+00 -5.896e-04
  1325  0.000e+00  0.000e+00 -5.663e-04
  1330  0.000e+00  0.000e+00 -5.452e-04
  1335  0.000e+00  0.000e+00 -5.267e-04
  1340  0.000e+00  0.000e+00 -5.112e-04
  1345  0.000e+00  0.000e+00 -4.988e-04
  1350  0.000e+00  0.000e+00 -4.897e-04
  1355  0.000e+00  0.000e+00 -4.842e-04
  1360  0.000e+00  0.000e+00 -4.822e-04
  1365  0.000e+00  0.000e+00 -4.839e-04
  1370  0.000e+00  0.000e+00 -4.893e-04
  1375  0.000e+00  0.000e+00 -4.981e-04
  1380  0.000e+00  0.000e+00 -5.105e-04
  1385  0.000e+00  0.000e+00 -5.261e-04
  1390  0.000e+00  0.000e+00 -5.449e-04
  1395  0.000e+00  0.000e+00 -5.666e-04
  1400  0.000e+00  0.000e+00 -5.910e-04
  1405  0.000e+00  0.000e+00 -6.178e-04
  1410  0.000e+00  0.000e+00 -6.467e-04
  1415  0.000e+00  0.000e+00 -6.776e-04
  1420  0.000e+00  0.000e+00 -7.100e-04
  1425  0.000e+00  0.000e+00 -7.438e-04
  1430  0.000e+00  0.000e+00 -7.787e-04
  1435  0.000e+00  0.000e+00 -8.144e-04
  1440  0.000e+00  0.000e+00 -8.506e-04
  1445  0.000e+00  0.000e+00 -8.870e-04
  1450  0.000e+00  0.000e+00 -9.235e-04
  1455  0.000e+00  0.000e+00 -9.598e-04
  1460  0.000e+00  0.000e+00 -9.955e-04
  1465  0.000e+00  0.000e+00 -1.031e-03
  1470  0.000e+00  0.000e+00 -1.065e-03
  1475  0.000e+00  0.000e+00 -1.097e-03
  1480  0.000e+00  0.000e+00 -1.129e-03
  1485  0.000e+00  0.000e+00 -1.159e-03
  1490  0.000e+00  0.000e+00 -1.186e-03
  1495  0.000e+00  0.000e+00 -1.212e-03
  1500  0.000e+00  0.000e+00 -1.234e-03
  1505  0.000e+00  0.000e+00 -1.254e-03
  1510  0.000e+00  0.000e+00 -1.271e-03
  1515  0.000e+00  0.000e+00 -1.285e-03
  1520  0.000e+00  0.000e+00 -1.295e-03
  1525  0.000e+00  0.000e+00 -1.301e-03
  1530  0.000e+00  0.000e+00 -1.302e-03
  1535  0.000e+00  0.000e+00 -1.300e-03
  1540  0.000e+00  0.000e+00 -1.292e-03
  1545  0.000e+00  0.000e+00 -1.280e-03
  1550  0.000e+00  0.000e+00 -1.264e-03
  1555  0.000e+00  0.000e+00 -1.242e-03
  1560  0.000e+00  0.000e+00 -1.215e-03
  1565  0.000e+00  0.000e+00 -1.183e-03
  1570  0.000e+00  0.000e+00 -1.147e-03
  1575  0.000e+00  0.000e+00 -1.106e-03
  1580  0.000e+00  0.000e+00 -1.061e-03
  1585  0.000e+00  0.000e+00 -1.012e-03
  1590  0.000e+00  0.000e+00 -9.595e-04
  1595  0.000e+00  0.000e+00 -9.037e-04
  1600  0.000e+00  0.000e+00 -8.455e-04
  1605  0.000e+00  0.000e+00 -7.852e-04
  1610  0.000e+00  0.000e+00 -7.237e-04
  1615  0.000e+00  0.000e+00 -6.615e-04
  1620  0.000e+00  0.000e+00 -5.993e-04
  1625  0.000e+00  0.000e+00 -5.380e-04
  1630  0.000e+00  0.000e+00 -4.782e-04
  1635  0.000e+00  0.000e+00 -4.206e-04
  1640  0.000e+00  0.000e+00 -3.659e-04
  1645  0.000e+00  0.000e+00 -3.149e-04
  1650  0.000e+00  0.000e+00 -2.681e-04
  1655  0.000e+00  0.000e+00 -2.261e-04
  1660  0.000e+00  0.000e+00 -1.894e-04
  1665  0.000e+00  0.000e+00 -1.585e-04
  1670  0.000e+00  0.000e+00 -1.336e-04
  1675  0.000e+00  0.000e+00 -1.152e-04
  1680  0.000e+00  0.000e+00 -1.032e-04
  1685  0.000e+00  0.000e+00 -9.780e-05
  1690  0.000e+00  0.000e+00 -9.897e-05
  1695  0.000e+00  0.000e+00 -1.066e-04
  1700  0.000e+00  0.000e+00 -1.204e-04
  1705  0.000e+00  0.000e+00 -1.403e-04
  1710  0.000e+00  0.000e+00 -1.657e-04
  1715  0.000e+00  0.000e+00 -1.963e-04
  1720  0.000e+00  0.000e+00 -2.316e-04
  1725  0.000e+00  0.000e+00 -2.710e-04
  1730  0.000e+00  0.000e+00 -3.141e-04
  1735  0.000e+00  0.000e+00 -3.602e-04
  1740  0.000e+00  0.000e+00 -4.088e-04
  1745  0.000e+00  0.000e+00 -4.592e-04
  1750  0.000e+00  0.000e+00 -5.109e-04
  1755  0.000e+00  0.000e+00 -5.634e-04
  1760  0.000e+00  0.000e+00 -6.161e-04
  1765  0.000e+00  0.000e+00 -6.686e-04
  1770  0.000e+00  0.000e+00 -7.205e-04
  1775  0.000e+00  0.000e+00 -7.713e-04
  1780  0.000e+00  0.000e+00 -8.207e-04
  1785  0.000e+00  0.000e+00 -8.685e-04
  1790  0.000e+00  0.000e+00 -9.144e-04
  1795  0.000e+00  0.000e+00 -9.582e-04
  1800  0.000e+00  0.000e+00 -9.998e-04
  1805  0.000e+00  0.000e+00 -1.039e-03
  1810  0.000e+00  0.000e+00 -1.076e-03
  1815  0.000e+00  0.000e+00 -1.110e-03
  1820  0.000e+00  0.000e+00 -1.142e-03
  1825  0.000e+00  0.000e+00 -1.171e-03
  1830  0.000e+00  0.000e+00 -1.198e-03
  1835  0.000e+00  0.000e+00 -1.222e-03
  1840  0.000e+00  0.000e+00 -1.243e-03
  1845  0.000e+00  0.000e+00 -1.262e-03
  1850  0.000e+00  0.000e+00 -1.277e-03
  1855  0.000e+00  0.000e+00 -1.290e-03
  1860  0.000e+00  0.000e+00 -1.299e-03
  1865  0.000e+00  0.000e+00 -1.305e-03
  1870  0.000e+00  0.000e+00 -1.307e-03
  1875  0.000e+00  0.000e+00 -1.305e-03
  1880  0.000e+00  0.000e+00 -1.300e-03
  1885  0.000e+00  0.000e+00 -1.290e-03
  1890  0.000e+00  0.000e+00 -1.276e-03
  1895  0.000e+00  0.000e+00 -1.257e-03
  1900  0.000e+00  0.000e+00 -1.233e-03
  1905  0.000e+00  0.000e+00 -1.204e-03
  1910  0.000e+00  0.000e+00 -1.171e-03
  1915  0.000e+00  0.000e+00 -1.132e-03
  1920  0.000e+00  0.000e+00 -1.089e-03
  1925  0.000e+00  0.000e+00 -1.041e-03
  1930  0.000e+00  0.000e+00 -9.880e-04
  1935  0.000e+00  0.000e+00 -9.313e-04
  1940  0.000e+00  0.000e+00 -8.709e-04
  1945  0.000e+00  0.000e+00 -8.073e-04
  1950  0.000e+00  0.000e+00 -7.411e-04
  1955  0.000e+00  0.000e+00 -6.731e-04
  1960  0.000e+00  0.000e+00 -6.039e-04
  1965  0.000e+00  0.000e+00 -5.345e-04
  1970  0.000e+00  0.000e+00 -4.657e-04
  1975  0.000e+00  0.000e+00 -3.984e-04
  1980  0.000e+00  0.000e+00 -3.335e-04
  1985  0.000e+00  0.000e+00 -2.720e-04
  1990  0.000e+00  0.000e+00 -2.149e-04
  1995  0.000e+00  0.000e+00 -1.629e-04
  2000  0.000e+00  0.000e+00 -1.169e-04
  2005  0.000e+00  0.000e+00 -7.772e-05
  2010  0.000e+00  0.000e+00 -4.594e-05
  2015  0.000e+00  0.000e+00 -2.213e-05
  2020  0.000e+00  0.000e+00 -6.722e-06
  2025  0.000e+00  0.000e+00 -1.057e-19
  2030  0.000e+00  0.000e+00 -2.115e-06
  2035  0.000e+00  0.000e+00 -1.306e-05
  2040  0.000e+00  0.000e+00 -3.270e-05
  2045  0.000e+00  0.000e+00 -6.071e-05
  2050  0.000e+00  0.000e+00 -9.665e-05
  2055  0.000e+00  0.000e+00 -1.399e-04
  2060  0.000e+00  0.000e+00 -1.898e-04
  2065  0.000e+00  0.000e+00 -2.456e-04
  2070  0.000e+00  0.000e+00 -3.062e-04
  2075  0.000e+00  0.000e+00 -3.706e-04
  2080  0.000e+00  0.000e+00 -4.379e-04
  2085  0.000e+00  0.000e+00 -5.070e-04
  2090  0.000e+00  0.000e+00 -5.766e-04
  2095  0.000e+00  0.000e+00 -6.459e-04
  2100  0.000e+00  0.000e+00 -7.136e-04
  2105  0.000e+00  0.000e+00 -7.789e-04
  2110  0.000e+00  0.000e+00 -8.408e-04
  2115  0.000e+00  0.000e+00 -8.985e-04
  2120  0.000e+00  0.000e+00 -9.513e-04
  2125  0.000e+00  0.000e+00 -9.988e-04
  2130  0.000e+00  0.000e+00 -1.040e-03
  2135  0.000e+00  0.000e+00 -1.076e-03
  2140  0.000e+00  0.000e+00 -1.105e-03
  2145  0.000e+00  0.000e+00 -1.128e-03
  2150  0.000e+00  0.000e+00 -1.145e-03
  2155  0.000e+00  0.000e+00 -1.156e-03
  2160  0.000e+00  0.000e+00 -1.162e-03
  2165  0.000e+00  0.000e+00 -1.164e-03
  2170  0.000e+00  0.000e+00 -1.161e-03
  2175  0.000e+00  0.000e+00 -1.154e-03
  2180  0.000e+00  0.000e+00 -1.145e-03
  2185  0.000e+00  0.000e+00 -1.134e-03
  2190  0.000e+00  0.000e+00 -1.122e-03
  2195  0.000e+00  0.000e+00 -1.110e-03
  2200  0.000e+00  0.000e+00 -1.098e-03
  2205  0.000e+00  0.000e+00 -1.087e-03
  2210  0.000e+00  0.000e+00 -1.078e-03
  2215  0.000e+00  0.000e+00 -1.071e-03
  2220  0.000e+00  0.000e+00 -1.066e-03
  2225  0.000e+00  0.000e+00 -1.064e-03
  2230  0.000e+00  0.000e+00 -1.066e-03
  2235  0.000e+00  0.000e+00 -1.070e-03
  2240  0.000e+00  0.000e+00 -1.077e-03
  2245  0.000e+00  0.000e+00 -1.086e-03
  2250  0.000e+00  0.000e+00 -1.098e-03
  2255  0.000e+00  0.000e+00 -1.112e-03
  2260  0.000e+00  0.000e+00 -1.127e-03
  2265  0.000e+00  0.000e+00 -1.142e-03
  2270  0.000e+00  0.000e+00 -1.158e-03
  2275  0.000e+00  0.000e+00 -1.173e-03
  2280  0.000e+00  0.000e+00 -1.186e-03
  2285  0.000e+00  0.000e+00 -1.196e-03
  2290  0.000e+00  0.000e+00 -1.204e-03
  2295  0.000e+00  0.000e+00 -1.209e-03
  2300  0.000e+00  0.000e+00 -1.208e-03
  2305  0.000e+00  0.000e+00 -1.204e-03
  2310  0.000e+00  0.000e+00 -1.194e-03
  2315  0.000e+00  0.000e+00 -1.178e-03
  2320  0.000e+00  0.000e+00 -1.157e-03
  2325  0.000e+00  0.000e+00 -1.131e-03
  2330  0.000e+00  0.000e+00 -1.099e-03
  2335  0.000e+00  0.000e+00 -1.061e-03
  2340  0.000e+00  0.000e+00 -1.019e-03
  2345  0.000e+00  0.000e+00 -9.723e-04
  2350  0.000e+00  0.000e+00 -9.217e-04
  2355  0.000e+00  0.000e+00 -8.680e-04
  2360  0.000e+00  0.000e+00 -8.119e-04
  2365  0.000e+00  0.000e+00 -7.543e-04
  2370  0.000e+00  0.000e+00 -6.960e-04
  2375  0.000e+00  0.000e+00 -6.380e-04
  2380  0.000e+00  0.000e+00 -5.811e-04
  2385  0.000e+00  0.000e+00 -5.262e-04
  2390  0.000e+00  0.000e+00 -4.743e-04
  2395  0.000e+00  0.000e+00 -4.260e-04
  2400  0.000e+00  0.000e+00 -3.821e-04
  2405  0.000e+00  0.000e+00 -3.432e-04
  2410  0.000e+00  0.000e+00 -3.097e-04
  2415  0.000e+00  0.000e+00 -2.822e-04
  2420  0.000e+00  0.000e+00 -2.608e-04
  2425  0.000e+00  0.000e+00 -2.457e-04
  2430  0.000e+00  0.000e+00 -2.370e-04
  2435  0.000e+00  0.000e+00 -2.345e-04
  2440  0.000e+00  0.000e+00 -2.379e-04
  2445  0.000e+00  0.000e+00 -2.470e-04
  2450  0.000e+00  0.000e+00 -2.613e-04
  2455  0.000e+00  0.000e+00 -2.803e-04
  2460  0.000e+00  0.000e+00 -3.034e-04
  2465  0.000e+00  0.000e+00 -3.300e-04
  2470  0.000e+00  0.000e+00 -3.593e-04
  2475  0.000e+00  0.000e+00 -3.907e-04
  2480  0.000e+00  0.000e+00 -4.235e-04
  2485  0.000e+00  0.000e+00 -4.570e-04
  2490  0.000e+00  0.000e+00 -4.905e-04
  2495  0.000e+00  0.000e+00 -5.235e-04
  2500  0.000e+00  0.000e+00 -5.554e-04
  2505  0.000e+00  0.000e+00 -5.857e-04
  2510  0.000e+00  0.000e+00 -6.141e-04
  2515  0.000e+00  0.000e+00 -6.402e-04
  2520  0.000e+00  0.000e+00 -6.639e-04
  2525  0.000e+00  0.000e+00 -6.850e-04
  2530  0.000e+00  0.000e+00 -7.035e-04
  2535  0.000e+00  0.000e+00 -7.195e-04
  2540  0.000e+00  0.000e+00 -7.329e-04
  2545  0.000e+00  0.000e+00 -7.442e-04
  2550  0.000e+00  0.000e+00 -7.535e-04
  2555  0.000e+00  0.000e+00 -7.610e-04
  2560  0.000e+00  0.000e+00 -7.672e-04
  2565  0.000e+00  0.000e+00 -7.724e-04
  2570  0.000e+00  0.000e+00 -7.769e-04
  2575  0.000e+00  0.000e+00 -7.811e-04
  2580  0.000e+00  0.000e+00 -7.853e-04
  2585  0.000e+00  0.000e+00 -7.897e-04
  2590  0.000e+00  0.000e+00 -7.947e-04
  2595  0.000e+00  0.000e+00 -8.004e-04
  2600  0.000e+00  0.000e+00 -8.070e-04
  2605  0.000e+00  0.000e+00 -8.145e-04
  2610  0.000e+00  0.000e+00 -8.229e-04
  2615  0.000e+00  0.000e+00 -8.322e-04
  2620  0.000e+00  0.000e+00 -8.424e-04
  2625  0.000e+00  0.000e+00 -8.531e-04
  2630  0.000e+00  0.000e+00 -8.641e-04
  2635  0.000e+00  0.000e+00 -8.753e-04
  2640  0.000e+00  0.000e+00 -8.863e-04
  2645  0.000e+00  0.000e+00 -8.967e-04
  2650  0.000e+00  0.000e+00 -9.062e-04
  2655  0.000e+00  0.000e+00 -9.145e-04
  2660  0.000e+00  0.000e+00 -9.211e-04
  2665  0.000e+00  0.000e+00 -9.259e-04
  2670  0.000e+00  0.000e+00 -9.285e-04
  2675  0.000e+00  0.000e+00 -9.286e-04
  2680  0.000e+00  0.000e+00 -9.260e-04
  2685  0.000e+00  0.000e+00 -9.206e-04
  2690  0.000e+00  0.000e+00 -9.123e-04
  2695  0.000e+00  0.000e+00 -9.011e-04
  2700  0.000e+00  0.000e+00 -8.870e-04
  2705  0.000e+00  0.000e+00 -8.701e-04
  2710  0.000e+00  0.000e+00 -8.507e-04
  2715  0.000e+00  0.000e+00 -8.289e-04
  2720  0.000e+00  0.000e+00 -8.051e-04
  2725  0.000e+00  0.000e+00 -7.796e-04
  2730  0.000e+00  0.000e+00 -7.527e-04
  2735  0.000e+00  0.000e+00 -7.250e-04
  2740  0.000e+00  0.000e+00 -6.969e-04
  2745  0.000e+00  0.000e+00 -6.689e-04
  2750  0.000e+00  0.000e+00 -6.413e-04
  2755  0.000e+00  0.000e+00 -6.147e-04
  2760  0.000e+00  0.000e+00 -5.896e-04
  2765  0.000e+00  0.000e+00 -5.663e-04
  2770  0.000e+00  0.000e+00 -5.452e-04
  2775  0.000e+00  0.000e+00 -5.267e-04
  2780  0.000e+00  0.000e+00 -5.112e-04
  2785  0.000e+00  0.000e+00 -4.988e-04
  2790  0.000e+00  0.000e+00 -4.897e-04
  2795  0.000e+00  0.000e+00 -4.842e-04
  2800  0.000e+00  0.000e+00 -4.822e-04
  2805  0.000e+00  0.000e+00 -4.839e-04
  2810  0.000e+00  0.000e+00 -4.893e-04
  2815  0.000e+00  0.000e+00 -4.981e-04
  2820  0.000e+00  0.000e+00 -5.105e-04
  2825  0.000e+00  0.000e+00 -5.261e-04
  2830  0.000e+00  0.000e+00 -5.449e-04
  2835  0.000e+00  0.000e+00 -5.666e-04
  2840  0.000e+00  0.000e+00 -5.910e-04
  2845  0.000e+00  0.000e+00 -6.178e-04
  2850  0.000e+00  0.000e+00 -6.467e-04
  2855  0.000e+00  0.000e+00 -6.776e-04
  2860  0.000e+00  0.000e+00 -7.100e-04
  2865  0.000e+00  0.000e+00 -7.438e-04
  2870  0.000e+00  0.000e+00 -7.787e-04
  2875  0.000e+00  0.000e+00 -8.144e-04
  2880  0.000e+00  0.000e+00 -8.506e-04
  2885  0.000e+00  0.000e+00 -8.870e-04
  2890  0.000e+00  0.000e+00 -9.235e-04
  2895  0.000e+00  0.000e+00 -9.598e-04
  2900  0.000e+00  0.000e+00 -9.955e-04
  2905  0.000e+00  0.000e+00 -1.031e-03
  2910  0.000e+00  0.000e+00 -1.065e-03
  2915  0.000e+00  0.000e+00 -1.097e-03
  2920  0.000e+00  0.000e+00 -1.129e-03
  2925  0.000e+00  0.000e+00 -1.159e-03
  2930  0.000e+00  0.000e+00 -1.186e-03
  2935  0.000e+00  0.000e+00 -1.212e-03
  2940  0.000e+00  0.000e+00 -1.234e-03
  2945  0.000e+00  0.000e+00 -1.254e-03
  2950  0.000e+00  0.000e+00 -1.271e-03
  2955  0.000e+00  0.000e+00 -1.285e-03
  2960  0.000e+00  0.000e+00 -1.295e-03
  2965  0.000e+00  0.000e+00 -1.301e-03
  2970  0.000e+00  0.000e+00 -1.302e-03
  2975  0.000e+00  0.000e+00 -1.300e-03
  2980  0.000e+00  0.000e+00 -1.292e-03
  2985  0.000e+00  0.000e+00 -1.280e-03
  2990  0.000e+00  0.000e+00 -1.264e-03
  2995  0.000e+00  0.000e+00 -1.242e-03
  3000  0.000e+00  0.000e+00 -1.215e-03
  3005  0.000e+00  0.000e+00 -1.183e-03
  3010  0.000e+00  0.000e+00 -1.147e-03
  3015  0.000e+00  0.000e+00 -1.106e-03
  3020  0.000e+00  0.000e+00 -1.061e-03
  3025  0.000e+00  0.000e+00 -1.012e-03
  3030  0.000e+00  0.000e+00 -9.595e-04
  3035  0.000e+00  0.000e+00 -9.037e-04
  3040  0.000e+00  0.000e+00 -8.455e-04
  3045  0.000e+00  0.000e+00 -7.852e-04
  3050  0.000e+00  0.000e+00 -7.237e-04
  3055  0.000e+00  0.000e+00 -6.615e-04
  3060  0.000e+00  0.000e+00 -5.993e-04
  3065  0.000e+00  0.000e+00 -5.380e-04
  3070  0.000e+00  0.000e+00 -4.782e-04
  3075  0.000e+00  0.000e+00 -4.206e-04
  3080  0.000e+00  0.000e+00 -3.659e-04
  3085  0.000e+00  0.000e+00 -3.149e-04
  3090  0.000e+00  0.000e+00 -2.681e-04
  3095  0.000e+00  0.000e+00 -2.261e-04
  3100  0.000e+00  0.000e+00 -1.894e-04
  3105  0.000e+00  0.000e+00 -1.585e-04
  3110  0.000e+00  0.000e+00 -1.336e-04
  3115  0.000e+00  0.000e+00 -1.152e-04
  3120  0.000e+00  0.000e+00 -1.032e-04
  3125  0.000e+00  0.000e+00 -9.780e-05
  3130  0.000e+00  0.000e+00 -9.897e-05
  3135  0.000e+00  0.000e+00 -1.066e-04
  3140  0.000e+00  0.000e+00 -1.204e-04
  3145  0.000e+00  0.000e+00 -1.403e-04
  3150  0.000e+00  0.000e+00 -1.657e-04
  3155  0.000e+00  0.000e+00 -1.963e-04
  3160  0.000e+00  0.000e+00 -2.316e-04
  3165  0.000e+00  0.000e+00 -2.710e-04
  3170  0.000e+00  0.000e+00 -3.141e-04
  3175  0.000e+00  0.000e+00 -3.602e-04
  3180  0.000e+00  0.000e+00 -4.088e-04
  3185  0.000e+00  0.000e+00 -4.592e-04
  3190  0.000e+00  0.000e+00 -5.109e-04
  3195  0.000e+00  0.000e+00 -5.634e-04
  3200  0.000e+00  0.000e+00 -6.161e-04
  3205  0.000e+00  0.000e+00 -6.686e-04
  3210  0.000e+00  0.000e+00 -7.205e-04
  3215  0.000e+00  0.000e+00 -7.713e-04
  3220  0.000e+00  0.000e+00 -8.207e-04
  3225  0.000e+00  0.000e+00 -8.685e-04
  3230  0.000e+00  0.000e+00 -9.144e-04
  3235  0.000e+00  0.000e+00 -9.582e-04
  3240  0.000e+00  0.000e+00 -9.998e-04
  3245  0.000e+00  0.000e+00 -1.039e-03
  3250  0.000e+00  0.000e+00 -1.076e-03
  3255  0.000e+00  0.000e+00 -1.110e-03
  3260  0.000e+00  0.000e+00 -1.142e-03
  3265  0.000e+00  0.000e+00 -1.171e-03
  3270  0.000e+00  0.000e+00 -1.198e-03
  3275  0.000e+00  0.000e+00 -1.222e-03
  3280  0.000e+00  0.000e+00 -1.243e-03
  3285  0.000e+00  0.000e+00 -1.262e-03
  3290  0.000e+00  0.000e+00 -1.277e-03
  3295  0.000e+00  0.000e+00 -1.290e-03
  3300  0.000e+00  0.000e+00 -1.299e-03
  3305  0.000e+00  0.000e+00 -1.305e-03
  3310  0.000e+00  0.000e+00 -1.307e-03
  3315  0.000e+00  0.000e+00 -1.305e-03
  3320  0.000e+00  0.000e+00 -1.300e-03
  3325  0.000e+00  0.000e+00 -1.290e-03
  3330  0.000e+00  0.000e+00 -1.276e-03
  3335  0.000e+00  0.000e+00 -1.257e-03
  3340  0.000e+00  0.000e+00 -1.233e-03
  3345  0.000e+00  0.000e+00 -1.204e-03
  3350  0.000e+00  0.000e+00 -1.171e-03
  3355  0.000e+00  0.000e+00 -1.132e-03
  3360  0.000e+00  0.000e+00 -1.089e-03
  3365  0.000e+00  0.000e+00 -1.041e-03
  3370  0.000e+00  0.000e+00 -9.880e-04
  3375  0.000e+00  0.000e+00 -9.313e-04
  3380  0.000e+00  0.000e+00 -8.709e-04
  3385  0.000e+00  0.000e+00 -8.073e-04
  3390  0.000e+00  0.000e+00 -7.411e-04
  3395  0.000e+00  0.000e+00 -6.731e-04
  3400  0.000e+00  0.000e+00 -6.039e-04
  3405  0.000e+00  0.000e+00 -5.345e-04
  3410  0.000e+00  0.000e+00 -4.657e-04
  3415  0.000e+00  0.000e+00 -3.984e-04
  3420  0.000e+00  0.000e+00 -3.335e-04
  3425  0.000e+00  0.000e+00 -2.720e-04
  3430  0.000e+00  0.000e+00 -2.149e-04
  3435  0.000e+00  0.000e+00 -1.629e-04
  3440  0.000e+00  0.000e+00 -1.169e-04
  3445  0.000e+00  0.000e+00 -7.772e-05
  3450  0.000e+00  0.000e+00 -4.594e-05
  3455  0.000e+00  0.000e+00 -2.213e-05
  3460  0.000e+00  0.000e+00 -6.722e-06
  3465  0.000e+00  0.000e+00 -2.641e-18
  3470  0.000e+00  0.000e+00 -2.115e-06
  3475  0.000e+00  0.000e+00 -1.306e-05
  3480  0.000e+00  0.000e+00 -3.270e-05
  3485  0.000e+00  0.000e+00 -6.071e-05
  3490  0.000e+00  0.000e+00 -9.665e-05
  3495  0.000e+00  0.000e+00 -1.399e-04
  3500  0.000e+00  0.000e+00 -1.898e-04
  3505  0.000e+00  0.000e+00 -2.456e-04
  3510  0.000e+00  0.000e+00 -3.062e-04
  3515  0.000e+00  0.000e+00 -3.706e-04
  3520  0.000e+00  0.000e+00 -4.379e-04
  3525  0.000e+00  0.000e+00 -5.070e-04
  3530  0.000e+00  0.000e+00 -5.766e-04
  3535  0.000e+00  0.000e+00 -6.459e-04
  3540  0.000e+00  0.000e+00 -7.136e-04
  3545  0.000e+00  0.000e+00 -7.789e-04
  3550  0.000e+00  0.000e+00 -8.408e-04
  3555  0.000e+00  0.000e+00 -8.985e-04
  3560  0.000e+00  0.000e+00 -9.513e-04
  3565  0.000e+00  0.000e+00 -9.988e-04
  3570  0.000e+00  0.000e+00 -1.040e-03
  3575  0.000e+00  0.000e+00 -1.076e-03
  3580  0.000e+00  0.000e+00 -1.105e-03
  3585  0.000e+00  0.000e+00 -1.128e-03
  3590  0.000e+00  0.000e+00 -1.145e-03
  3595  0.000e+00  0.000e+00 -1.156e-03
  3600  0.000e+00  0.000e+00 -1.162e-03
  3605  0.000e+00  0.000e+00 -1.164e-03
  3610  0.000e+00  0.000e+00 -1.161e-03
  3615  0.000e+00  0.000e+00 -1.154e-03
  3620  0.000e+00  0.000e+00 -1.145e-03
  3625  0.000e+00  0.000e+00 -1.134e-03
  3630  0.000e+00  0.000e+00 -1.122e-03
  3635  0.000e+00  0.000e+00 -1.110e-03
  3640  0.000e+00  0.000e+00 -1.098e-03
  3645  0.000e+00  0.000e+00 -1.087e-03
  3650  0.000e+00  0.000e+00 -1.078e-03
  3655  0.000e+00  0.000e+00 -1.071e-03
  3660  0.000e+00  0.000e+00 -1.066e-03
  3665  0.000e+00  0.000e+00 -1.064e-03
  3670  0.000e+00  0.000e+00 -1.066e-03
  3675  0.000e+00  0.000e+00 -1.070e-03
  3680  0.000e+00  0.000e+00 -1.077e-03
  3685  0.000e+00  0.000e+00 -1.086e-03
  3690  0.000e+00  0.000e+00 -1.098e-03
  3695  0.000e+00  0.000e+00 -1.112e-03
  3700  0.000e+00  0.000e+00 -1.127e-03
  3705  0.000e+00  0.000e+00 -1.142e-03
  3710  0.000e+00  0.000e+00 -1.158e-03
  3715  0.000e+00  0.000e+00 -1.173e-03
  3720  0.000e+00  0.000e+00 -1.186e-03
  3725  0.000e+00  0.000e+00 -1.196e-03
  3730  0.000e+00  0.000e+00 -1.204e-03
  3735  0.000e+00  0.000e+00 -1.209e-03
  3740  0.000e+00  0.000e+00 -1.208e-03
  3745  0.000e+00  0.000e+00 -1.204e-03
  3750  0.000e+00  0.000e+00 -1.194e-03
  3755  0.000e+00  0.000e+00 -1.178e-03
  3760  0.000e+00  0.000e+00 -1.157e-03
  3765  0.000e+00  0.000e+00 -1.131e-03
  3770  0.000e+00  0.000e+00 -1.099e-03
  3775  0.000e+00  0.000e+00 -1.061e-03
  3780  0.000e+00  0.000e+00 -1.019e-03
  3785  0.000e+00  0.000e+00 -9.723e-04
  3790  0.000e+00  0.000e+00 -9.217e-04
  3795  0.000e+00  0.000e+00 -8.680e-04
  3800  0.000e+00  0.000e+00 -8.119e-04
  3805  0.000e+00  0.000e+00 -7.543e-04
  3810  0.000e+00  0.000e+00 -6.960e-04
  3815  0.000e+00  0.000e+00 -6.380e-04
  3820  0.000e+00  0.000e+00 -5.811e-04
  3825  0.000e+00  0.000e+00 -5.262e-04
  3830  0.000e+00  0.000e+00 -4.743e-04
  3835  0.000e+00  0.000e+00 -4.260e-04
  3840  0.000e+00  0.000e+00 -3.821e-04
  3845  0.000e+00  0.000e+00 -3.432e-04
  3850  0.000e+00  0.000e+00 -3.097e-04
  3855  0.000e+00  0.000e+00 -2.822e-04
  3860  0.000e+00  0.000e+00 -2.608e-04
  3865  0.000e+00  0.000e+00 -2.457e-04
  3870  0.000e+00  0.000e+00 -2.370e-04
  3875  0.000e+00  0.000e+00 -2.345e-04
  3880  0.000e+00  0.000e+00 -2.379e-04
  3885  0.000e+00  0.000e+00 -2.470e-04
  3890  0.000e+00  0.000e+00 -2.613e-04
  3895  0.000e+00  0.000e+00 -2.803e-04
  3900  0.000e+00  0.000e+00 -3.034e-04
  3905  0.000e+00  0.000e+00 -3.300e-04
  3910  0.000e+00  0.000e+00 -3.593e-04
  3915  0.000e+00  0.000e+00 -3.907e-04
  3920  0.000e+00  0.000e+00 -4.235e-04
  3925  0.000e+00  0.000e+00 -4.570e-04
  3930  0.000e+00  0.000e+00 -4.905e-04
  3935  0.000e+00  0.000e+00 -5.235e-04
  3940  0.000e+00  0.000e+00 -5.554e-04
  3945  0.000e+00  0.000e+00 -5.857e-04
  3950  0.000e+00  0.000e+00 -6.141e-04
  3955  0.000e+00  0.000e+00 -6.402e-04
  3960  0.000e+00  0.000e+00 -6.639e-04
  3965  0.000e+00  0.000e+00 -6.850e-04
  3970  0.000e+00  0.000e+00 -7.035e-04
  3975  0.000e+00  0.000e+00 -7.195e-04
  3980  0.000e+00  0.000e+00 -7.329e-04
  3985  0.000e+00  0.000e+00 -7.442e-04
  3990  0.000e+00  0.000e+00 -7.535e-04
  3995  0.000e+00  0.000e+00 -7.610e-04
  4000  0.000e+00  0.000e+00 -7.672e-04
  4005  0.000e+00  0.000e+00 -7.724e-04
  4010  0.000e+00  0.000e+00 -7.769e-04
  4015  0.000e+00  0.000e+00 -7.811e-04
  4020  0.000e+00  0.000e+00 -7.853e-04
  4025  0.000e+00  0.000e+00 -7.897e-04
  4030  0.000e+00  0.000e+00 -7.947e-04
  4035  0.000e+00  0.000e+00 -8.004e-04
  4040  0.000e+00  0.000e+00 -8.070e-04
  4045  0.000e+00  0.000e+00 -8.145e-04
  4050  0.000e+00  0.000e+00 -8.229e-04
  4055  0.000e+00  0.000e+00 -8.322e-04
  4060  0.000e+00  0.000e+00 -8.424e-04
  4065  0.000e+00  0.000e+00 -8.531e-04
  4070  0.000e+00  0.000e+00 -8.641e-04
  4075  0.000e+00  0.000e+00 -8.753e-04
  4080  0.000e+00  0.000e+00 -8.863e-04
  4085  0.000e+00  0.000e+00 -8.967e-04
  4090  0.000e+00  0.000e+00 -9.062e-04
  4095  0.000e+00  0.000e+00 -9.145e-04
  4100  0.000e+00  0.000e+00 -9.211e-04
  4105  0.000e+00  0.000e+00 -9.259e-04
  4110  0.000e+00  0.000e+00 -9.285e-04
  4115  0.000e+00  0.000e+00 -9.286e-04
  4120  0.000e+00  0.000e+00 -9.260e-04
  4125  0.000e+00  0.000e+00 -9.206e-04
  4130  0.000e+00  0.000e+00 -9.123e-04
  4135  0.000e+00  0.000e+00 -9.011e-04
  4140  0.000e+00  0.000e+00 -8.870e-04
  4145  0.000e+00  0.000e+00 -8.701e-04
  4150  0.000e+00  0.000e+00 -8.507e-04
  4155  0.000e+00  0.000e+00 -8.289e-04
  4160  0.000e+00  0.000e+00 -8.051e-04
  4165  0.000e+00  0.000e+00 -7.796e-04
  4170  0.000e+00  0.000e+00 -7.527e-04
  4175  0.000e+00  0.000e+00 -7.250e-04
  4180  0.000e+00  0.000e+00 -6.969e-04
  4185  0.000e+00  0.000e+00 -6.689e-04
  4190  0.000e+00  0.000e+00 -6.413e-04
  4195  0.000e+00  0.000e+00 -6.147e-04
  4200  0.000e+00  0.000e+00 -5.896e-04
  4205  0.000e+00  0.000e+00 -5.663e-04
  4210  0.000e+00  0.000e+00 -5.452e-04
  4215  0.000e+00  0.000e+00 -5.267e-04
  4220  0.000e+00  0.000e+00 -5.112e-04
  4225  0.000e+00  0.000e+00 -4.988e-04
  4230  0.000e+00  0.000e+00 -4.897e-04
  4235  0.000e+00  0.000e+00 -4.842e-04
  4240  0.000e+00  0.000e+00 -4.822e-04
  4245  0.000e+00  0.000e+00 -4.839e-04
  4250  0.000e+00  0.000e+00 -4.893e-04
  4255  0.000e+00  0.000e+00 -4.981e-04
  4260  0.000e+00  0.000e+00 -5.105e-04
  4265  0.000e+00  0.000e+00 -5.261e-04
  4270  0.000e+00  0.000e+00 -5.449e-04
  4275  0.000e+00  0.000e+00 -5.666e-04
  4280  0.000e+00  0.000e+00 -5.910e-04
  4285  0.000e+00  0.000e+00 -6.178e-04
  4290  0.000e+00  0.000e+00 -6.467e-04
  4295  0.000e+00  0.000e+00 -6.776e-04
  4300  0.000e+00  0.000e+00 -7.100e-04
  4305  0.000e+00  0.000e+00 -7.438e-04
  4310  0.000e+00  0.000e+00 -7.787e-04
  4315  0.000e+00  0.000e+00 -8.144e-04
  4320  0.000e+00  0.000e+00 -8.506e-04
  4325  0.000e+00  0.000e+00 -8.870e-04
  4330  0.000e+00  0.000e+00 -9.235e-04
  4335  0.000e+00  0.000e+00 -9.598e-04
  4340  0.000e+00  0.000e+00 -9.955e-04
  4345  0.000e+00  0.000e+00 -1.031e-03
  4350  0.000e+00  0.000e+00 -1.065e-03
  4355  0.000e+00  0.000e+00 -1.097e-03
  4360  0.000e+00  0.000e+00 -1.129e-03
  4365  0.000e+00  0.000e+00 -1.159e-03
  4370  0.000e+00  0.000e+00 -1.186e-03
  4375  0.000e+00  0.000e+00 -1.212e-03
  4380  0.000e+00  0.000e+00 -1.234e-03
  4385  0.000e+00  0.000e+00 -1.254e-03
  4390  0.000e+00  0.000e+00 -1.271e-03
  4395  0.000e+00  0.000e+00 -1.285e-03
  4400  0.000e+00  0.000e+00 -1.295e-03
  4405  0.000e+00  0.000e+00 -1.301e-03
  4410  0.000e+00  0.000e+00 -1.302e-03
  4415  0.000e+00  0.000e+00 -1.300e-03
  4420  0.000e+00  0.000e+00 -1.292e-03
  4425  0.000e+00  0.000e+00 -1.280e-03
  4430  0.000e+00  0.000e+00 -1.264e-03
  4435  0.000e+00  0.000e+00 -1.242e-03
  4440  0.000e+00  0.000e+00 -1.215e-03
  4445  0.000e+00  0.000e+00 -1.183e-03
  4450  0.000e+00  0.000e+00 -1.147e-03
  4455  0.000e+00  0.000e+00 -1.106e-03
  4460  0.000e+00  0.000e+00 -1.061e-03
  4465  0.000e+00  0.000e+00 -1.012e-03
  4470  0.000e+00  0.000e+00 -9.595e-04
  4475  0.000e+00  0.000e+00 -9.037e-04
  4480  0.000e+00  0.000e+00 -8.455e-04
  4485  0.000e+00  0.000e+00 -7.852e-04
  4490  0.000e+00  0.000e+00 -7.237e-04
  4495  0.000e+00  0.000e+00 -6.615e-04
  4500  0.000e+00  0.000e+00 -5.993e-04
  4505  0.000e+00  0.000e+00 -5.380e-04
  4510  0.000e+00  0.000e+00 -4.782e-04
  4515  0.000e+00  0.000e+00 -4.206e-04
  4520  0.000e+00  0.000e+00 -3.659e-04
  4525  0.000e+00  0.000e+00 -3.149e-04
  4530  0.000e+00  0.000e+00 -2.681e-04
  4535  0.000e+00  0.000e+00 -2.261e-04
  4540  0.000e+00  0.000e+00 -1.894e-04
  4545  0.000e+00  0.000e+00 -1.585e-04
  4550  0.000e+00  0.000e+00 -1.336e-04
  4555  0.000e+00  0.000e+00 -1.152e-04
  4560  0.000e+00  0.000e+00 -1.032e-04
  4565  0.000e+00  0.000e+00 -9.780e-05
  4570  0.000e+00  0.000e+00 -9.897e-05
  4575  0.000e+00  0.000e+00 -1.066e-04
  4580  0.000e+00  0.000e+00 -1.204e-04
  4585  0.000e+00  0.000e+00 -1.403e-04
  4590  0.000e+00  0.000e+00 -1.657e-04
  4595  0.000e+00  0.000e+00 -1.963e-04
  4600  0.000e+00  0.000e+00 -2.316e-04
  4605  0.000e+00  0.000e+00 -2.710e-04
  4610  0.000e+00  0.000e+00 -3.141e-04
  4615  0.000e+00  0.000e+00 -3.602e-04
  4620  0.000e+00  0.000e+00 -4.088e-04
  4625  0.000e+00  0.000e+00 -4.592e-04
  4630  0.000e+00  0.000e+00 -5.109e-04
  4635  0.000e+00  0.000e+00 -5.634e-04
  4640  0.000e+00  0.000e+00 -6.161e-04
  4645  0.000e+00  0.000e+00 -6.686e-04
  4650  0.000e+00  0.000e+00 -7.205e-04
  4655  0.000e+00  0.000e+00 -7.713e-04
  4660  0.000e+00  0.000e+00 -8.207e-04
  4665  0.000e+00  0.000e+00 -8.685e-04
  4670  0.000e+00  0.000e+00 -9.144e-04
  4675  0.000e+00  0.000e+00 -9.582e-04
  4680  0.000e+00  0.000e+00 -9.998e-04
  4685  0.000e+00  0.000e+00 -1.039e-03
  4690  0.000e+00  0.000e+00 -1.076e-03
  4695  0.000e+00  0.000e+00 -1.110e-03
  4700  0.000e+00  0.000e+00 -1.142e-03
  4705  0.000e+00  0.000e+00 -1.171e-03
  4710  0.000e+00  0.000e+00 -1.198e-03
  4715  0.000e+00  0.000e+00 -1.222e-03
  4720  0.000e+00  0.000e+00 -1.243e-03
  4725  0.000e+00  0.000e+00 -1.262e-03
  4730  0.000e+00  0.000e+00 -1.277e-03
  4735  0.000e+00  0.000e+00 -1.290e-03
  4740  0.000e+00  0.000e+00 -1.299e-03
  4745  0.000e+00  0.000e+00 -1.305e-03
  4750  0.000e+00  0.000e+00 -1.307e-03
  4755  0.000e+00  0.000e+00 -1.305e-03
  4760  0.000e+00  0.000e+00 -1.300e-03
  4765  0.000e+00  0.000e+00 -1.290e-03
  4770  0.000e+00  0.000e+00 -1.276e-03
  4775  0.000e+00  0.000e+00 -1.257e-03
  4780  0.000e+00  0.000e+00 -1.233e-03
  4785  0.000e+00  0.000e+00 -1.204e-03
  4790  0.000e+00  0.000e+00 -1.171e-03
  4795  0.000e+00  0.000e+00 -1.132e-03
  4800  0.000e+00  0.000e+00 -1.089e-03
  4805  0.000e+00  0.000e+00 -1.041e-03
  4810  0.000e+00  0.000e+00 -9.880e-04
  4815  0.000e+00  0.000e+00 -9.313e-04
  4820  0.000e+00  0.000e+00 -8.709e-04
  4825  0.000e+00  0.000e+00 -8.073e-04
  4830  0.000e+00  0.000e+00 -7.411e-04
  4835  0.000e+00  0.000e+00 -6.731e-04
  4840  0.000e+00  0.000e+00 -6.039e-04
  4845  0.000e+00  0.000e+00 -5.345e-04
  4850  0.000e+00  0.000e+00 -4.657e-04
  4855  0.000e+00  0.000e+00 -3.984e-04
  4860  0.000e+00  0.000e+00 -3.335e-04
  4865  0.000e+00  0.000e+00 -2.720e-04
  4870  0.000e+00  0.000e+00 -2.149e-04
  4875  0.000e+00  0.000e+00 -1.629e-04
  4880  0.000e+00  0.000e+00 -1.169e-04
  4885  0.000e+00  0.000e+00 -7.772e-05
  4890  0.000e+00  0.000e+00 -4.594e-05
  4895  0.000e+00  0.000e+00 -2.213e-05
  4900  0.000e+00  0.000e+00 -6.722e-06
  4905  0.000e+00  0.000e+00 -4.226e-19
  4910  0.000e+00  0.000e+00 -2.115e-06
  4915  0.000e+00  0.000e+00 -1.306e-05
  4920  0.000e+00  0.000e+00 -3.270e-05
  4925  0.000e+00  0.000e+00 -6.071e-05
  4930  0.000e+00  0.000e+00 -9.665e-05
  4935  0.000e+00  0.000e+00 -1.399e-04
  4940  0.000e+00  0.000e+00 -1.898e-04
  4945  0.000e+00  0.000e+00 -2.456e-04
  4950  0.000e+00  0.000e+00 -3.062e-04
  4955  0.000e+00  0.000e+00 -3.706e-04
  4960  0.000e+00  0.000e+00 -4.379e-04
  4965  0.000e+00  0.000e+00 -5.070e-04
  4970  0.000e+00  0.000e+00 -5.766e-04
  4975  0.000e+00  0.000e+00 -6.459e-04
  4980  0.000e+00  0.000e+00 -7.136e-04
  4985  0.000e+00  0.000e+00 -7.789e-04
  4990  0.000e+00  0.000e+00 -8.408e-04
  4995  0.000e+00  0.000e+00 -8.985e-04
  5000  0.000e+00  0.000e+00 -9.513e-04
  5005  0.000e+00  0.000e+00 -9.988e-04
  5010  0.000e+00  0.000e+00 -1.040e-03
  5015  0.000e+00  0.000e+00 -1.076e-03
  5020  0.000e+00  0.000e+00 -1.105e-03
  5025  0.000e+00  0.000e+00 -1.128e-03
  5030  0.000e+00  0.000e+00 -1.145e-03
  5035  0.000e+00  0.000e+00 -1.156e-03
  5040  0.000e+00  0.000e+00 -1.162e-03
  5045  0.000e+00  0.000e+00 -1.164e-03
  5050  0.000e+00  0.000e+00 -1.161e-03
  5055  0.000e+00  0.000e+00 -1.154e-03
  5060  0.000e+00  0.000e+00 -1.145e-03
  5065  0.000e+00  0.000e+00 -1.134e-03
  5070  0.000e+00  0.000e+00 -1.122e-03
  5075  0.000e+00  0.000e+00 -1.110e-03
  5080  0.000e+00  0.000e+00 -1.098e-03
  5085  0.000e+00  0.000e+00 -1.087e-03
  5090  0.000e+00  0.000e+00 -1.078e-03
  5095  0.000e+00  0.000e+00 -1.071e-03
  5100  0.000e+00  0.000e+00 -1.066e-03
  5105  0.000e+00  0.000e+00 -1.064e-03
  5110  0.000e+00  0.000e+00 -1.066e-03
  5115  0.000e+00  0.000e+00 -1.070e-03
  5120  0.000e+00  0.000e+00 -1.077e-03
  5125  0.000e+00  0.000e+00 -1.086e-03
  5130  0.000e+00  0.000e+00 -1.098e-03
  5135  0.000e+00  0.000e+00 -1.112e-03
  5140  0.000e+00  0.000e+00 -1.127e-03
  5145  0.000e+00  0.000e+00 -1.142e-03
  5150  0.000e+00  0.000e+00 -1.158e-03
  5155  0.000e+00  0.000e+00 -1.173e-03
  5160  0.000e+00  0.000e+00 -1.186e-03
  5165  0.000e+00  0.000e+00 -1.196e-03
  5170  0.000e+00  0.000e+00 -1.204e-03
  5175  0.000e+00  0.000e+00 -1.209e-03
  5180  0.000e+00  0.000e+00 -1.208e-03
  5185  0.000e+00  0.000e+00 -1.204e-03
  5190  0.000e+00  0.000e+00 -1.194e-03
  5195  0.000e+00  0.000e+00 -1.178e-03
  5200  0.000e+00  0.000e+00 -1.157e-03
  5205  0.000e+00  0.000e+00 -1.131e-03
  5210  0.000e+00  0.000e+00 -1.099e-03
  5215  0.000e+00  0.000e+00 -1.061e-03
  5220  0.000e+00  0.000e+00 -1.019e-03
  5225  0.000e+00  0.000e+00 -9.723e-04
  5230  0.000e+00  0.000e+00 -9.217e-04
  5235  0.000e+00  0.000e+00 -8.680e-04
  5240  0.000e+00  0.000e+00 -8.119e-04
  5245  0.000e+00  0.000e+00 -7.543e-04
  5250  0.000e+00  0.000e+00 -6.960e-04
  5255  0.000e+00  0.000e+00 -6.380e-04
  5260  0.000e+00  0.000e+00 -5.811e-04
  5265  0.000e+00  0.000e+00 -5.262e-04
  5270  0.000e+00  0.000e+00 -4.743e-04
  5275  0.000e+00  0.000e+00 -4.260e-04
  5280  0.000e+00  0.000e+00 -3.821e-04
  5285  0.000e+00  0.000e+00 -3.432e-04
  5290  0.000e+00  0.000e+00 -3.097e-04
  5295  0.000e+00  0.000e+00 -2.822e-04
  5300  0.000e+00  0.000e+00 -2.608e-04
  5305  0.000e+00  0.000e+00 -2.457e-04
  5310  0.000e+00  0.000e+00 -2.370e-04
  5315  0.000e+00  0.000e+00 -2.345e-04
  5320  0.000e+00  0.000e+00 -2.379e-04
  5325  0.000e+00  0.000e+00 -2.470e-04
  5330  0.000e+00  0.000e+00 -2.613e-04
  5335  0.000e+00  0.000e+00 -2.803e-04
  5340  0.000e+00  0.000e+00 -3.034e-04
  5345  0.000e+00  0.000e+00 -3.300e-04
  5350  0.000e+00  0.000e+00 -3.593e-04
  5355  0.000e+00  0.000e+00 -3.907e-04
  5360  0.000e+00  0.000e+00 -4.235e-04
  5365  0.000e+00  0.000e+00 -4.570e-04
  5370  0.000e+00  0.000e+00 -4.905e-04
  5375  0.000e+00  0.000e+00 -5.235e-04
  5380  0.000e+00  0.000e+00 -5.554e-04
  5385  0.000e+00  0.000e+00 -5.857e-04
  5390  0.000e+00  0.000e+00 -6.141e-04
  5395  0.000e+00  0.000e+00 -6.402e-04
  5400  0.000e+00  0.000e+00 -6.639e-04
  5405  0.000e+00  0.000e+00 -6.850e-04
  5410  0.000e+00  0.000e+00 -7.035e-04
  5415  0.000e+00  0.000e+00 -7.195e-04
  5420  0.000e+00  0.000e+00 -7.329e-04
  5425  0.000e+00  0.000e+00 -7.442e-04
  5430  0.000e+00  0.000e+00 -7.535e-04
  5435  0.000e+00  0.000e+00 -7.610e-04
  5440  0.000e+00  0.000e+00 -7.672e-04
  5445  0.000e+00  0.000e+00 -7.724e-04
  5450  0.000e+00  0.000e+00 -7.769e-04
  5455  0.000e+00  0.000e+00 -7.811e-04
  5460  0.000e+00  0.000e+00 -7.853e-04
  5465  0.000e+00  0.000e+00 -7.897e-04
  5470  0.000e+00  0.000e+00 -7.947e-04
  5475  0.000e+00  0.000e+00 -8.004e-04
  5480  0.000e+00  0.000e+00 -8.070e-04
  5485  0.000e+00  0.000e+00 -8.145e-04
  5490  0.000e+00  0.000e+00 -8.229e-04
  5495  0.000e+00  0.000e+00 -8.322e-04
  5500  0.000e+00  0.000e+00 -8.424e-04
  5505  0.000e+00  0.000e+00 -8.531e-04
  5510  0.000e+00  0.000e+00 -8.641e-04
  5515  0.000e+00  0.000e+00 -8.753e-04
  5520  0.000e+00  0.000e+00 -8.863e-04
  5525  0.000e+00  0.000e+00 -8.967e-04
  5530  0.000e+00  0.000e+00 -9.062e-04
  5535  0.000e+00  0.000e+00 -9.145e-04
  5540  0.000e+00  0.000e+00 -9.211e-04
  5545  0.000e+00  0.000e+00 -9.259e-04
  5550  0.000e+00  0.000e+00 -9.285e-04
  5555  0.000e+00  0.000e+00 -9.286e-04
  5560  0.000e+00  0.000e+00 -9.260e-04
  5565  0.000e+00  0.000e+00 -9.206e-04
  5570  0.000e+00  0.000e+00 -9.123e-04
  5575  0.000e+00  0.000e+00 -9.011e-04
  5580  0.000e+00  0.000e+00 -8.870e-04
  5585  0.000e+00  0.000e+00 -8.701e-04
  5590  0.000e+00  0.000e+00 -8.507e-04
  5595  0.000e+00  0.000e+00 -8.289e-04
  5600  0.000e+00  0.000e+00 -8.051e-04
  5605  0.000e+00  0.000e+00 -7.796e-04
  5610  0.000e+00  0.000e+00 -7.527e-04
  5615  0.000e+00  0.000e+00 -7.250e-04
  5620  0.000e+00  0.000e+00 -6.969e-04
  5625  0.000e+00  0.000e+00 -6.689e-04
  5630  0.000e+00  0.000e+00 -6.413e-04
  5635  0.000e+00  0.000e+00 -6.147e-04
  5640  0.000e+00  0.000e+00 -5.896e-04
  5645  0.000e+00  0.000e+00 -5.663e-04
  5650  0.000e+00  0.000e+00 -5.452e-04
  5655  0.000e+00  0.000e+00 -5.267e-04
  5660  0.000e+00  0.000e+00 -5.112e-04
  5665  0.000e+00  0.000e+00 -4.988e-04
  5670  0.000e+00  0.000e+00 -4.897e-04
  5675  0.000e+00  0.000e+00 -4.842e-04
  5680  0.000e+00  0.000e+00 -4.822e-04
  5685  0.000e+00  0.000e+00 -4.839e-04
  5690  0.000e+00  0.000e+00 -4.893e-04
  5695  0.000e+00  0.000e+00 -4.981e-04
  5700  0.000e+00  0.000e+00 -5.105e-04
  5705  0.000e+00  0.000e+00 -5.261e-04
  5710  0.000e+00  0.000e+00 -5.449e-04
  5715  0.000e+00  0.000e+00 -5.666e-04
  5720  0.000e+00  0.000e+00 -5.910e-04
  5725  0.000e+00  0.000e+00 -6.178e-04
  5730  0.000e+00  0.000e+00 -6.467e-04
  5735  0.000e+00  0.000e+00 -6.776e-04
  5740  0.000e+00  0.000e+00 -7.100e-04
  5745  0.000e+00  0.000e+00 -7.438e-04
  5750  0.000e+00  0.000e+00 -7.787e-04
  5755  0.000e+00  0.000e+00 -8.144e-04
  5760  0.000e+00  0.000e+00 -8.506e-04
  5765  0.000e+00  0.000e+00 -8.870e-04
  5770  0.000e+00  0.000e+00 -9.235e-04
  5775  0.000e+00  0.000e+00 -9.598e-04
  5780  0.000e+00  0.000e+00 -9.955e-04
  5785  0.000e+00  0.000e+00 -1.031e-03
  5790  0.000e+00  0.000e+00 -1.065e-03
  5795  0.000e+00  0.000e+00 -1.097e-03
  5800  0.000e+00  0.000e+00 -1.129e-03
  5805  0.000e+00  0.000e+00 -1.159e-03
  5810  0.000e+00  0.000e+00 -1.186e-03
  5815  0.000e+00  0.000e+00 -1.212e-03
  5820  0.000e+00  0.000e+00 -1.234e-03
  5825  0.000e+00  0.000e+00 -1.254e-03
  5830  0.000e+00  0.000e+00 -1.271e-03
  5835  0.000e+00  0.000e+00 -1.285e-03
  5840  0.000e+00  0.000e+00 -1.295e-03
  5845  0.000e+00  0.000e+00 -1.301e-03
  5850  0.000e+00  0.000e+00 -1.302e-03
  5855  0.000e+00  0.000e+00 -1.300e-03
  5860  0.000e+00  0.000e+00 -1.292e-03
  5865  0.000e+00  0.000e+00 -1.280e-03
  5870  0.000e+00  0.000e+00 -1.264e-03
  5875  0.000e+00  0.000e+00 -1.242e-03
  5880  0.000e+00  0.000e+00 -1.215e-03
  5885  0.000e+00  0.000e+00 -1.183e-03
  5890  0.000e+00  0.000e+00 -1.147e-03
  5895  0.000e+00  0.000e+00 -1.106e-03
  5900  0.000e+00  0.000e+00 -1.061e-03
  5905  0.000e+00  0.000e+00 -1.012e-03
  5910  0.000e+00  0.000e+00 -9.595e-04
  5915  0.000e+00  0.000e+00 -9.037e-04
  5920  0.000e+00  0.000e+00 -8.455e-04
  5925  0.000e+00  0.000e+00 -7.852e-04
  5930  0.000e+00  0.000e+00 -7.237e-04
  5935  0.000e+00  0.000e+00 -6.615e-04
  5940  0.000e+00  0.000e+00 -5.993e-04
  5945  0.000e+00  0.000e+00 -5.380e-04
  5950  0.000e+00  0.000e+00 -4.782e-04
  5955  0.000e+00  0.000e+00 -4.206e-04
  5960  0.000e+00  0.000e+00 -3.659e-04
  5965  0.000e+00  0.000e+00 -3.149e-04
  5970  0.000e+00  0.000e+00 -2.681e-04
  5975  0.000e+00  0.000e+00 -2.261e-04
  5980  0.000e+00  0.000e+00 -1.894e-04
  5985  0.000e+00  0.000e+00 -1.585e-04
  5990  0.000e+00  0.000e+00 -1.336e-04
  5995  0.000e+00  0.000e+00 -1.152e-04
  6000  0.000e+00  0.000e+00 -1.032e-04
  6005  0.000e+00  0.000e+00 -9.780e-05
  6010  0.000e+00  0.000e+00 -9.897e-05
  6015  0.000e+00  0.000e+00 -1.066e-04
  6020  0.000e+00  0.000e+00 -1.204e-04
  6025  0.000e+00  0.000e+00 -1.403e-04
  6030  0.000e+00  0.000e+00 -1.657e-04
  6035  0.000e+00  0.000e+00 -1.963e-04
  6040  0.000e+00  0.000e+00 -2.316e-04
  6045  0.000e+00  0.000e+00 -2.710e-04
  6050  0.000e+00  0.000e+00 -3.141e-04
  6055  0.000e+00  0.000e+00 -3.602e-04
  6060  0.000e+00  0.000e+00 -4.088e-04
  6065  0.000e+00  0.000e+00 -4.592e-04
  6070  0.000e+00  0.000e+00 -5.109e-04
  6075  0.000e+00  0.000e+00 -5.634e-04
  6080  0.000e+00  0.000e+00 -6.161e-04
  6085  0.000e+00  0.000e+00 -6.686e-04
  6090  0.000e+00  0.000e+00 -7.205e-04
  6095  0.000e+00  0.000e+00 -7.713e-04
  6100  0.000e+00  0.000e+00 -8.207e-04
  6105  0.000e+00  0.000e+00 -8.685e-04
  6110  0.000e+00  0.000e+00 -9.144e-04
  6115  0.000e+00  0.000e+00 -9.582e-04
  6120  0.000e+00  0.000e+00 -9.998e-04
  6125  0.000e+00  0.000e+00 -1.039e-03
  6130  0.000e+00  0.000e+00 -1.076e-03
  6135  0.000e+00  0.000e+00 -1.110e-03
  6140  0.000e+00  0.000e+00 -1.142e-03
  6145  0.000e+00  0.000e+00 -1.171e-03
  6150  0.000e+00  0.000e+00 -1.198e-03
  6155  0.000e+00  0.000e+00 -1.222e-03
  6160  0.000e+00  0.000e+00 -1.243e-03
  6165  0.000e+00  0.000e+00 -1.262e-03
  6170  0.000e+00  0.000e+00 -1.277e-03
  6175  0.000e+00  0.000e+00 -1.290e-03
  6180  0.000e+00  0.000e+00 -1.299e-03
  6185  0.000e+00  0.000e+00 -1.305e-03
  6190  0.000e+00  0.000e+00 -1.307e-03
  6195  0.000e+00  0.000e+00 -1.305e-03
  6200  0.000e+00  0.000e+00 -1.300e-03
  6205  0.000e+00  0.000e+00 -1.290e-03
  6210  0.000e+00  0.000e+00 -1.276e-03
  6215  0.000e+00  0.000e+00 -1.257e-03
  6220  0.000e+00  0.000e+00 -1.233e-03
  6225  0.000e+00  0.000e+00 -1.204e-03
  6230  0.000e+00  0.000e+00 -1.171e-03
  6235  0.000e+00  0.000e+00 -1.132e-03
  6240  0.000e+00  0.000e+00 -1.089e-03
  6245  0.000e+00  0.000e+00 -1.041e-03
  6250  0.000e+00  0.000e+00 -9.880e-04
  6255  0.000e+00  0.000e+00 -9.313e-04
  6260  0.000e+00  0.000e+00 -8.709e-04
  6265  0.000e+00  0.000e+00 -8.073e-04
  6270  0.000e+00  0.000e+00 -7.411e-04
  6275  0.000e+00  0.000e+00 -6.731e-04
  6280  0.000e+00  0.000e+00 -6.039e-04
  6285  0.000e+00  0.000e+00 -5.345e-04
  6290  0.000e+00  0.000e+00 -4.657e-04
  6295  0.000e+00  0.000e+00 -3.984e-04
  6300  0.000e+00  0.000e+00 -3.335e-04
  6305  0.000e+00  0.000e+00 -2.720e-04
  6310  0.000e+00  0.000e+00 -2.149e-04
  6315  0.000e+00  0.000e+00 -1.629e-04
  6320  0.000e+00  0.000e+00 -1.169e-04
  6325  0.000e+00  0.000e+00 -7.772e-05
  6330  0.000e+00  0.000e+00 -4.594e-05
  6335  0.000e+00  0.000e+00 -2.213e-05
  6340  0.000e+00  0.000e+00 -6.722e-06
  6345  0.000e+00  0.000e+00 -2.853e-18
  6350  0.000e+00  0.000e+00 -2.115e-06
  6355  0.000e+00  0.000e+00 -1.306e-05
  6360  0.000e+00  0.000e+00 -3.270e-05
  6365  0.000e+00  0.000e+00 -6.071e-05
  6370  0.000e+00  0.000e+00 -9.665e-05
  6375  0.000e+00  0.000e+00 -1.399e-04
  6380  0.000e+00  0.000e+00 -1.898e-04
  6385  0.000e+00  0.000e+00 -2.456e-04
  6390  0.000e+00  0.000e+00 -3.062e-04
  6395  0.000e+00  0.000e+00 -3.706e-04
  6400  0.000e+00  0.000e+00 -4.379e-04
  6405  0.000e+00  0.000e+00 -5.070e-04
  6410  0.000e+00  0.000e+00 -5.766e-04
  6415  0.000e+00  0.000e+00 -6.459e-04
  6420  0.000e+00  0.000e+00 -7.136e-04
  6425  0.000e+00  0.000e+00 -7.789e-04
  6430  0.000e+00  0.000e+00 -8.408e-04
  6435  0.000e+00  0.000e+00 -8.985e-04
  6440  0.000e+00  0.000e+00 -9.513e-04
  6445  0.000e+00  0.000e+00 -9.988e-04
  6450  0.000e+00  0.000e+00 -1.040e-03
  6455  0.000e+00  0.000e+00 -1.076e-03
  6460  0.000e+00  0.000e+00 -1.105e-03
  6465  0.000e+00  0.000e+00 -1.128e-03
  6470  0.000e+00  0.000e+00 -1.145e-03
  6475  0.000e+00  0.000e+00 -1.156e-03
  6480  0.000e+00  0.000e+00 -1.162e-03
  6485  0.000e+00  0.000e+00 -1.164e-03
  6490  0.000e+00  0.000e+00 -1.161e-03
  6495  0.000e+00  0.000e+00 -1.154e-03
  6500  0.000e+00  0.000e+00 -1.145e-03
  6505  0.000e+00  0.000e+00 -1.134e-03
  6510  0.000e+00  0.000e+00 -1.122e-03
  6515  0.000e+00  0.000e+00 -1.110e-03
  6520  0.000e+00  0.000e+00 -1.098e-03
  6525  0.000e+00  0.000e+00 -1.087e-03
  6530  0.000e+00  0.000e+00 -1.078e-03
  6535  0.000e+00  0.000e+00 -1.071e-03
  6540  0.000e+00  0.000e+00 -1.066e-03
  6545  0.000e+00  0.000e+00 -1.064e-03
  6550  0.000e+00  0.000e+00 -1.066e-03
  6555  0.000e+00  0.000e+00 -1.070e-03
  6560  0.000e+00  0.000e+00 -1.077e-03
  6565  0.000e+00  0.000e+00 -1.086e-03
  6570  0.000e+00  0.000e+00 -1.098e-03
  6575  0.000e+00  0.000e+00 -1.112e-03
  6580  0.000e+00  0.000e+00 -1.127e-03
  6585  0.000e+00  0.000e+00 -1.142e-03
  6590  0.000e+00  0.000e+00 -1.158e-03
  6595  0.000e+00  0.000e+00 -1.173e-03
  6600  0.000e+00  0.000e+00 -1.186e-03
  6605  0.000e+00  0.000e+00 -1.196e-03
  6610  0.000e+00  0.000e+00 -1.204e-03
  6615  0.000e+00  0.000e+00 -1.209e-03
  6620  0.000e+00  0.000e+00 -1.208e-03
  6625  0.000e+00  0.000e+00 -1.204e-03
  6630  0.000e+00  0.000e+00 -1.194e-03
  6635  0.000e+00  0.000e+00 -1.178e-03
  6640  0.000e+00  0.000e+00 -1.157e-03
  6645  0.000e+00  0.000e+00 -1.131e-03
  6650  0.000e+00  0.000e+00 -1.099e-03
  6655  0.000e+00  0.000e+00 -1.061e-03
  6660  0.000e+00  0.000e+00 -1.019e-03
  6665  0.000e+00  0.000e+00 -9.723e-04
  6670  0.000e+00  0.000e+00 -9.217e-04
  6675  0.000e+00  0.000e+00 -8.680e-04
  6680  0.000e+00  0.000e+00 -8.119e-04
  6685  0.000e+00  0.000e+00 -7.543e-04
  6690  0.000e+00  0.000e+00 -6.960e-04
  6695  0.000e+00  0.000e+00 -6.380e-04
  6700  0.000e+00  0.000e+00 -5.811e-04
  6705  0.000e+00  0.000e+00 -5.262e-04
  6710  0.000e+00  0.000e+00 -4.743e-04
  6715  0.000e+00  0.000e+00 -4.260e-04
  6720  0.000e+00  0.000e+00 -3.821e-04
  6725  0.000e+00  0.000e+00 -3.432e-04
  6730  0.000e+00  0.000e+00 -3.097e-04
  6735  0.000e+00  0.000e+00 -2.822e-04
  6740  0.000e+00  0.000e+00 -2.608e-04
  6745  0.000e+00  0.000e+00 -2.457e-04
  6750  0.000e+00  0.000e+00 -2.370e-04
  6755  0.000e+00  0.000e+00 -2.345e-04
  6760  0.000e+00  0.000e+00 -2.379e-04
  6765  0.000e+00  0.000e+00 -2.470e-04
  6770  0.000e+00  0.000e+00 -2.613e-04
  6775  0.000e+00  0.000e+00 -2.803e-04
  6780  0.000e+00  0.000e+00 -3.034e-04
  6785  0.000e+00  0.000e+00 -3.300e-04
  6790  0.000e+00  0.000e+00 -3.593e-04
  6795  0.000e+00  0.000e+00 -3.907e-04
  6800  0.000e+00  0.000e+00 -4.235e-04
  6805  0.000e+00  0.000e+00 -4.570e-04
  6810  0.000e+00  0.000e+00 -4.905e-04
  6815  0.000e+00  0.000e+00 -5.235e-04
  6820  0.000e+00  0.000e+00 -5.554e-04
  6825  0.000e+00  0.000e+00 -5.857e-04
  6830  0.000e+00  0.000e+00 -6.141e-04
  6835  0.000e+00  0.000e+00 -6.402e-04
  6840  0.000e+00  0.000e+00 -6.639e-04
  6845  0.000e+00  0.000e+00 -6.850e-04
  6850  0.000e+00  0.000e+00 -7.035e-04
  6855  0.000e+00  0.000e+00 -7.195e-04
  6860  0.000e+00  0.000e+00 -7.329e-04
  6865  0.000e+00  0.000e+00 -7.442e-04
  6870  0.000e+00  0.000e+00 -7.535e-04
  6875  0.000e+00  0.000e+00 -7.610e-04
  6880  0.000e+00  0.000e+00 -7.672e-04
  6885  0.000e+00  0.000e+00 -7.724e-04
  6890  0.000e+00  0.000e+00 -7.769e-04
  6895  0.000e+00  0.000e+00 -7.811e-04
  6900  0.000e+00  0.000e+00 -7.853e-04
  6905  0.000e+00  0.000e+00 -7.897e-04
  6910  0.000e+00  0.000e+00 -7.947e-04
  6915  0.000e+00  0.000e+00 -8.004e-04
  6920  0.000e+00  0.000e+00 -8.070e-04
  6925  0.000e+00  0.000e+00 -8.145e-04
  6930  0.000e+00  0.000e+00 -8.229e-04
  6935  0.000e+00  0.000e+00 -8.322e-04
  6940  0.000e+00  0.000e+00 -8.424e-04
  6945  0.000e+00  0.000e+00 -8.531e-04
  6950  0.000e+00  0.000e+00 -8.641e-04
  6955  0.000e+00  0.000e+00 -8.753e-04
  6960  0.000e+00  0.000e+00 -8.863e-04
  6965  0.000e+00  0.000e+00 -8.967e-04
  6970  0.000e+00  0.000e+00 -9.062e-04
  6975  0.000e+00  0.000e+00 -9.145e-04
  6980  0.000e+00  0.000e+00 -9.211e-04
  6985  0.000e+00  0.000e+00 -9.259e-04
  6990  0.000e+00  0.000e+00 -9.285e-04
  6995  0.000e+00  0.000e+00 -9.286e-04
  7000  0.000e+00  0.000e+00 -9.260e-04
  7005  0.000e+00  0.000e+00 -9.206e-04
  7010  0.000e+00  0.000e+00 -9.123e-04
  7015  0.000e+00  0.000e+00 -9.011e-04
  7020  0.000e+00  0.000e+00 -8.870e-04
  7025  0.000e+00  0.000e+00 -8.701e-04
  7030  0.000e+00  0.000e+00 -8.507e-04
  7035  0.000e+00  0.000e+00 -8.289e-04
  7040  0.000e+00  0.000e+00 -8.051e-04
  7045  0.000e+00  0.000e+00 -7.796e-04
  7050  0.000e+00  0.000e+00 -7.527e-04
  7055  0.000e+00  0.000e+00 -7.250e-04
  7060  0.000e+00  0.000e+00 -6.969e-04
  7065  0.000e+00  0.000e+00 -6.689e-04
  7070  0.000e+00  0.000e+00 -6.413e-04
  7075  0.000e+00  0.000e+00 -6.147e-04
  7080  0.000e+00  0.000e+00 -5.896e-04
  7085  0.000e+00  0.000e+00 -5.663e-04
  7090  0.000e+00  0.000e+00 -5.452e-04
  7095  0.000e+00  0.000e+00 -5.267e-04
  7100  0.000e+00  0.000e+00 -5.112e-04
  7105  0.000e+00  0.000e+00 -4.988e-04
  7110  0.000e+00  0.000e+00 -4.897e-04
  7115  0.000e+00  0.000e+00 -4.842e-04
  7120  0.000e+00  0.000e+00 -4.822e-04
  7125  0.000e+00  0.000e+00 -4.839e-04
  7130  0.000e+00  0.000e+00 -4.893e-04
  7135  0.000e+00  0.000e+00 -4.981e-04
  7140  0.000e+00  0.000e+00 -5.105e-04
  7145  0.000e+00  0.000e+00 -5.261e-04
  7150  0.000e+00  0.000e+00 -5.449e-04
  7155  0.000e+00  0.000e+00 -5.666e-04
  7160  0.000e+00  0.000e+00 -5.910e-04
  7165  0.000e+00  0.000e+00 -6.178e-04
  7170  0.000e+00  0.000e+00 -6.467e-04
  7175  0.000e+00  0.000e+00 -6.776e-04
  7180  0.000e+00  0.000e+00 -7.100e-04
  7185  0.000e+00  0.000e+00 -7.438e-04
  7190  0.000e+00  0.000e+00 -7.787e-04
  7195  0.000e+00  0.000e+00 -8.144e-04
  7200  0.000e+00  0.000e+00 -8.506e-04
  7205  0.000e+00  0.000e+00 -8.870e-04
  7210  0.000e+00  0.000e+00 -9.235e-04
  7215  0.000e+00  0.000e+00 -9.598e-04
  7220  0.000e+00  0.000e+00 -9.955e-04
  7225  0.000e+00  0.000e+00 -1.031e-03
  7230  0.000e+00  0.000e+00 -1.065e-03
  7235  0.000e+00  0.000e+00 -1.097e-03
  7240  0.000e+00  0.000e+00 -1.129e-03
  7245  0.000e+00  0.000e+00 -1.159e-03
  7250  0.000e+00  0.000e+00 -1.186e-03
  7255  0.000e+00  0.000e+00 -1.212e-03
  7260  0.000e+00  0.000e+00 -1.234e-03
  7265  0.000e+00  0.000e+00 -1.254e-03
  7270  0.000e+00  0.000e+00 -1.271e-03
  7275  0.000e+00  0.000e+00 -1.285e-03
  7280  0.000e+00  0.000e+00 -1.295e-03
  7285  0.000e+00  0.000e+00 -1.301e-03
  7290  0.000e+00  0.000e+00 -1.302e-03
  7295  0.000e+00  0.000e+00 -1.300e-03
  7300  0.000e+00  0.000e+00 -1.292e-03
  7305  0.000e+00  0.000e+00 -1.280e-03
  7310  0.000e+00  0.000e+00 -1.264e-03
  7315  0.000e+00  0.000e+00 -1.242e-03
  7320  0.000e+00  0.000e+00 -1.215e-03
  7325  0.000e+00  0.000e+00 -1.183e-03
  7330  0.000e+00  0.000e+00 -1.147e-03
  7335  0.000e+00  0.000e+00 -1.106e-03
  7340  0.000e+00  0.000e+00 -1.061e-03
  7345  0.000e+00  0.000e+00 -1.012e-03
  7350  0.000e+00  0.000e+00 -9.595e-04
  7355  0.000e+00  0.000e+00 -9.037e-04
  7360  0.000e+00  0.000e+00 -8.455e-04
  7365  0.000e+00  0.000e+00 -7.852e-04
  7370  0.000e+00  0.000e+00 -7.237e-04
  7375  0.000e+00  0.000e+00 -6.615e-04
  7380  0.000e+00  0.000e+00 -5.993e-04
  7385  0.000e+00  0.000e+00 -5.380e-04
  7390  0.000e+00  0.000e+00 -4.782e-04
  7395  0.000e+00  0.000e+00 -4.206e-04
  7400  0.000e+00  0.000e+00 -3.659e-04
  7405  0.000e+00  0.000e+00 -3.149e-04
  7410  0.000e+00  0.000e+00 -2.681e-04
  7415  0.000e+00  0.000e+00 -2.261e-04
  7420  0.000e+00  0.000e+00 -1.894e-04
  7425  0.000e+00  0.000e+00 -1.585e-04
  7430  0.000e+00  0.000e+00 -1.336e-04
  7435  0.000e+00  0.000e+00 -1.152e-04
  7440  0.000e+00  0.000e+00 -1.032e-04
  7445  0.000e+00  0.000e+00 -9.780e-05
  7450  0.000e+00  0.000e+00 -9.897e-05
  7455  0.000e+00  0.000e+00 -1.066e-04
  7460  0.000e+00  0.000e+00 -1.204e-04
  7465  0.000e+00  0.000e+00 -1.403e-04
  7470  0.000e+00  0.000e+00 -1.657e-04
  7475  0.000e+00  0.000e+00 -1.963e-04
  7480  0.000e+00  0.000e+00 -2.316e-04
  7485  0.000e+00  0.000e+00 -2.710e-04
  7490  0.000e+00  0.000e+00 -3.141e-04
  7495  0.000e+00  0.000e+00 -3.602e-04
  7500  0.000e+00  0.000e+00 -4.088e-04
  7505  0.000e+00  0.000e+00 -4.592e-04
  7510  0.000e+00  0.000e+00 -5.109e-04
  7515  0.000e+00  0.000e+00 -5.634e-04
  7520  0.000e+00  0.000e+00 -6.161e-04
  7525  0.000e+00  0.000e+00 -6.686e-04
  7530  0.000e+00  0.000e+00 -7.205e-04
  7535  0.000e+00  0.000e+00 -7.713e-04
  7540  0.000e+00  0.000e+00 -8.207e-04
  7545  0.000e+00  0.000e+00 -8.685e-04
  7550  0.000e+00  0.000e+00 -9.144e-04
  7555  0.000e+00  0.000e+00 -9.582e-04
  7560  0.000e+00  0.000e+00 -9.998e-04
  7565  0.000e+00  0.000e+00 -1.039e-03
  7570  0.000e+00  0.000e+00 -1.076e-03
  7575  0.000e+00  0.000e+00 -1.110e-03
  7580  0.000e+00  0.000e+00 -1.142e-03
  7585  0.000e+00  0.000e+00 -1.171e-03
  7590  0.000e+00  0.000e+00 -1.198e-03
  7595  0.000e+00  0.000e+00 -1.222e-03
  7600  0.000e+00  0.000e+00 -1.243e-03
  7605  0.000e+00  0.000e+00 -1.262e-03
  7610  0.000e+00  0.000e+00 -1.277e-03
  7615  0.000e+00  0.000e+00 -1.290e-03
  7620  0.000e+00  0.000e+00 -1.299e-03
  7625  0.000e+00  0.000e+00 -1.305e-03
  7630  0.000e+00  0.000e+00 -1.307e-03
  7635  0.000e+00  0.000e+00 -1.305e-03
  7640  0.000e+00  0.000e+00 -1.300e-03
  7645  0.000e+00  0.000e+00 -1.290e-03
  7650  0.000e+00  0.000e+00 -1.276e-03
  7655  0.000e+00  0.000e+00 -1.257e-03
  7660  0.000e+00  0.000e+00 -1.233e-03
  7665  0.000e+00  0.000e+00 -1.204e-03
  7670  0.000e+00  0.000e+00 -1.171e-03
  7675  0.000e+00  0.000e+00 -1.132e-03
  7680  0.000e+00  0.000e+00 -1.089e-03
  7685  0.000e+00  0.000e+00 -1.041e-03
  7690  0.000e+00  0.000e+00 -9.880e-04
  7695  0.000e+00  0.000e+00 -9.313e-04
  7700  0.000e+00  0.000e+00 -8.709e-04
  7705  0.000e+00  0.000e+00 -8.073e-04
  7710  0.000e+00  0.000e+00 -7.411e-04
  7715  0.000e+00  0.000e+00 -6.731e-04
  7720  0.000e+00  0.000e+00 -6.039e-04
  7725  0.000e+00  0.000e+00 -5.345e-04
  7730  0.000e+00  0.000e+00 -4.657e-04
  7735  0.000e+00  0.000e+00 -3.984e-04
  7740  0.000e+00  0.000e+00 -3.335e-04
  7745  0.000e+00  0.000e+00 -2.720e-04
  7750  0.000e+00  0.000e+00 -2.149e-04
  7755  0.000e+00  0.000e+00 -1.629e-04
  7760  0.000e+00  0.000e+00 -1.169e-04
  7765  0.000e+00  0.000e+00 -7.772e-05
  7770  0.000e+00  0.000e+00 -4.594e-05
  7775  0.000e+00  0.000e+00 -2.213e-05
  7780  0.000e+00  0.000e+00 -6.722e-06
  7785  0.000e+00  0.000e+00 -2.536e-18
  7790  0.000e+00  0.000e+00 -2.115e-06
  7795  0.000e+00  0.000e+00 -1.306e-05
  7800  0.000e+00  0.000e+00 -3.270e-05
  7805  0.000e+00  0.000e+00 -6.071e-05
  7810  0.000e+00  0.000e+00 -9.665e-05
  7815  0.000e+00  0.000e+00 -1.399e-04
  7820  0.000e+00  0.000e+00 -1.898e-04
  7825  0.000e+00  0.000e+00 -2.456e-04
  7830  0.000e+00  0.000e+00 -3.062e-04
  7835  0.000e+00  0.000e+00 -3.706e-04
  7840  0.000e+00  0.000e+00 -4.379e-04
  7845  0.000e+00  0.000e+00 -5.070e-04
  7850  0.000e+00  0.000e+00 -5.766e-04
  7855  0.000e+00  0.000e+00 -6.459e-04
  7860  0.000e+00  0.000e+00 -7.136e-04
  7865  0.000e+00  0.000e+00 -7.789e-04
  7870  0.000e+00  0.000e+00 -8.408e-04
  7875  0.000e+00  0.000e+00 -8.985e-04
  7880  0.000e+00  0.000e+00 -9.513e-04
  7885  0.000e+00  0.000e+00 -9.988e-04
  7890  0.000e+00  0.000e+00 -1.040e-03
  7895  0.000e+00  0.000e+00 -1.076e-03
  7900  0.000e+00  0.000e+00 -1.105e-03
  7905  0.000e+00  0.000e+00 -1.128e-03
  7910  0.000e+00  0.000e+00 -1.145e-03
  7915  0.000e+00  0.000e+00 -1.156e-03
  7920  0.000e+00  0.000e+00 -1.162e-03
  7925  0.000e+00  0.000e+00 -1.164e-03
  7930  0.000e+00  0.000e+00 -1.161e-03
  7935  0.000e+00  0.000e+00 -1.154e-03
  7940  0.000e+00  0.000e+00 -1.145e-03
  7945  0.000e+00  0.000e+00 -1.134e-03
  7950  0.000e+00  0.000e+00 -1.122e-03
  7955  0.000e+00  0.000e+00 -1.110e-03
  7960  0.000e+00  0.000e+00 -1.098e-03
  7965  0.000e+00  0.000e+00 -1.087e-03
  7970  0.000e+00  0.000e+00 -1.078e-03
  7975  0.000e+00  0.000e+00 -1.071e-03
  7980  0.000e+00  0.000e+00 -1.066e-03
  7985  0.000e+00  0.000e+00 -1.064e-03
  7990  0.000e+00  0.000e+00 -1.066e-03
  7995  0.000e+00  0.000e+00 -1.070e-03
  8000  0.000e+00  0.000e+00 -1.077e-03
  8005  0.000e+00  0.000e+00 -1.086e-03
  8010  0.000e+00  0.000e+00 -1.098e-03
  8015  0.000e+00  0.000e+00 -1.112e-03
  8020  0.000e+00  0.000e+00 -1.127e-03
  8025  0.000e+00  0.000e+00 -1.142e-03
  8030  0.000e+00  0.000e+00 -1.158e-03
  8035  0.000e+00  0.000e+00 -1.173e-03
  8040  0.000e+00  0.000e+00 -1.186e-03
  8045  0.000e+00  0.000e+00 -1.196e-03
  8050  0.000e+00  0.000e+00 -1.204e-03
  8055  0.000e+00  0.000e+00 -1.209e-03
  8060  0.000e+00  0.000e+00 -1.208e-03
  8065  0.000e+00  0.000e+00 -1.204e-03
  8070  0.000e+00  0.000e+00 -1.194e-03
  8075  0.000e+00  0.000e+00 -1.178e-03
  8080  0.000e+00  0.000e+00 -1.157e-03
  8085  0.000e+00  0.000e+00 -1.131e-03
  8090  0.000e+00  0.000e+00 -1.099e-03
  8095  0.000e+00  0.000e+00 -1.061e-03
  8100  0.000e+00  0.000e+00 -1.019e-03
  8105  0.000e+00  0.000e+00 -9.723e-04
  8110  0.000e+00  0.000e+00 -9.217e-04
  8115  0.000e+00  0.000e+00 -8.680e-04
  8120  0.000e+00  0.000e+00 -8.119e-04
  8125  0.000e+00  0.000e+00 -7.543e-04
  8130  0.000e+00  0.000e+00 -6.960e-04
  8135  0.000e+00  0.000e+00 -6.380e-04
  8140  0.000e+00  0.000e+00 -5.811e-04
  8145  0.000e+00  0.000e+00 -5.262e-04
  8150  0.000e+00  0.000e+00 -4.743e-04
  8155  0.000e+00  0.000e+00 -4.260e-04
  8160  0.000e+00  0.000e+00 -3.821e-04
  8165  0.000e+00  0.000e+00 -3.432e-04
  8170  0.000e+00  0.000e+00 -3.097e-04
  8175  0.000e+00  0.000e+00 -2.822e-04
  8180  0.000e+00  0.000e+00 -2.608e-04
  8185  0.000e+00  0.000e+00 -2.457e-04
  8190  0.000e+00  0.000e+00 -2.370e-04
  8195  0.000e+00  0.000e+00 -2.345e-04
  8200  0.000e+00  0.000e+00 -2.379e-04
  8205  0.000e+00  0.000e+00 -2.470e-04
  8210  0.000e+00  0.000e+00 -2.613e-04
  8215  0.000e+00  0.000e+00 -2.803e-04
  8220  0.000e+00  0.000e+00 -3.034e-04
  8225  0.000e+00  0.000e+00 -3.300e-04
  8230  0.000e+00  0.000e+00 -3.593e-04
  8235  0.000e+00  0.000e+00 -3.907e-04
  8240  0.000e+00  0.000e+00 -4.235e-04
  8245  0.000e+00  0.000e+00 -4.570e-04
  8250  0.000e+00  0.000e+00 -4.905e-04
  8255  0.000e+00  0.000e+00 -5.235e-04
  8260  0.000e+00  0.000e+00 -5.554e-04
  8265  0.000e+00  0.000e+00 -5.857e-04
  8270  0.000e+00  0.000e+00 -6.141e-04
  8275  0.000e+00  0.000e+00 -6.402e-04
  8280  0.000e+00  0.000e+00 -6.639e-04
  8285  0.000e+00  0.000e+00 -6.850e-04
  8290  0.000e+00  0.000e+00 -7.035e-04
  8295  0.000e+00  0.000e+00 -7.195e-04
  8300  0.000e+00  0.000e+00 -7.329e-04
  8305  0.000e+00  0.000e+00 -7.442e-04
  8310  0.000e+00  0.000e+00 -7.535e-04
  8315  0.000e+00  0.000e+00 -7.610e-04
  8320  0.000e+00  0.000e+00 -7.672e-04
  8325  0.000e+00  0.000e+00 -7.724e-04
  8330  0.000e+00  0.000e+00 -7.769e-04
  8335  0.000e+00  0.000e+00 -7.811e-04
  8340  0.000e+00  0.000e+00 -7.853e-04
  8345  0.000e+00  0.000e+00 -7.897e-04
  8350  0.000e+00  0.000e+00 -7.947e-04
  8355  0.000e+00  0.000e+00 -8.004e-04
  8360  0.000e+00  0.000e+00 -8.070e-04
  8365  0.000e+00  0.000e+00 -8.145e-04
  8370  0.000e+00  0.000e+00 -8.229e-04
  8375  0.000e+00  0.000e+00 -8.322e-04
  8380  0.000e+00  0.000e+00 -8.424e-04
  8385  0.000e+00  0.000e+00 -8.531e-04
  8390  0.000e+00  0.000e+00 -8.641e-04
  8395  0.000e+00  0.000e+00 -8.753e-04
  8400  0.000e+00  0.000e+00 -8.863e-04
  8405  0.000e+00  0.000e+00 -8.967e-04
  8410  0.000e+00  0.000e+00 -9.062e-04
  8415  0.000e+00  0.000e+00 -9.145e-04
  8420  0.000e+00  0.000e+00 -9.211e-04
  8425  0.000e+00  0.000e+00 -9.259e-04
  8430  0.000e+00  0.000e+00 -9.285e-04
  8435  0.000e+00  0.000e+00 -9.286e-04
  8440  0.000e+00  0.000e+00 -9.260e-04
  8445  0.000e+00  0.000e+00 -9.206e-04
  8450  0.000e+00  0.000e+00 -9.123e-04
  8455  0.000e+00  0.000e+00 -9.011e-04
  8460  0.000e+00  0.000e+00 -8.870e-04
  8465  0.000e+00  0.000e+00 -8.701e-04
  8470  0.000e+00  0.000e+00 -8.507e-04
  8475  0.000e+00  0.000e+00 -8.289e-04
  8480  0.000e+00  0.000e+00 -8.051e-04
  8485  0.000e+00  0.000e+00 -7.796e-04
  8490  0.000e+00  0.000e+00 -7.527e-04
  8495  0.000e+00  0.000e+00 -7.250e-04
  8500  0.000e+00  0.000e+00 -6.969e-04
  8505  0.000e+00  0.000e+00 -6.689e-04
  8510  0.000e+00  0.000e+00 -6.413e-04
  8515  0.000e+00  0.000e+00 -6.147e-04
  8520  0.000e+00  0.000e+00 -5.896e-04
  8525  0.000e+00  0.000e+00 -5.663e-04
  8530  0.000e+00  0.000e+00 -5.452e-04
  8535  0.000e+00  0.000e+00 -5.267e-04
  8540  0.000e+00  0.000e+00 -5.112e-04
  8545  0.000e+00  0.000e+00 -4.988e-04
  8550  0.000e+00  0.000e+00 -4.897e-04
  8555  0.000e+00  0.000e+00 -4.842e-04
  8560  0.000e+00  0.000e+00 -4.822e-04
  8565  0.000e+00  0.000e+00 -4.839e-04
  8570  0.000e+00  0.000e+00 -4.893e-04
  8575  0.000e+00  0.000e+00 -4.981e-04
  8580  0.000e+00  0.000e+00 -5.105e-04
  8585  0.000e+00  0.000e+00 -5.261e-04
  8590  0.000e+00  0.000e+00 -5.449e-04
  8595  0.000e+00  0.000e+00 -5.666e-04
  8600  0.000e+00  0.000e+00 -5.910e-04
  8605  0.000e+00  0.000e+00 -6.178e-04
  8610  0.000e+00  0.000e+00 -6.467e-04
  8615  0.000e+00  0.000e+00 -6.776e-04
  8620  0.000e+00  0.000e+00 -7.100e-04
  8625  0.000e+00  0.000e+00 -7.438e-04
  8630  0.000e+00  0.000e+00 -7.787e-04
  8635  0.000e+00  0.000e+00 -8.144e-04
  8640  0.000e+00  0.000e+00 -8.506e-04
  8645  0.000e+00  0.000e+00 -8.870e-04
  8650  0.000e+00  0.000e+00 -9.235e-04
  8655  0.000e+00  0.000e+00 -9.598e-04
  8660  0.000e+00  0.000e+00 -9.955e-04
  8665  0.000e+00  0.000e+00 -1.031e-03
  8670  0.000e+00  0.000e+00 -1.065e-03
  8675  0.000e+00  0.000e+00 -1.097e-03
  8680  0.000e+00  0.000e+00 -1.129e-03
  8685  0.000e+00  0.000e+00 -1.159e-03
  8690  0.000e+00  0.000e+00 -1.186e-03
  8695  0.000e+00  0.000e+00 -1.212e-03
  8700  0.000e+00  0.000e+00 -1.234e-03
  8705  0.000e+00  0.000e+00 -1.254e-03
  8710  0.000e+00  0.000e+00 -1.271e-03
  8715  0.000e+00  0.000e+00 -1.285e-03
  8720  0.000e+00  0.000e+00 -1.295e-03
  8725  0.000e+00  0.000e+00 -1.301e-03
  8730  0.000e+00  0.000e+00 -1.302e-03
  8735  0.000e+00  0.000e+00 -1.300e-03
  8740  0.000e+00  0.000e+00 -1.292e-03
  8745  0.000e+00  0.000e+00 -1.280e-03
  8750  0.000e+00  0.000e+00 -1.264e-03
  8755  0.000e+00  0.000e+00 -1.242e-03
  8760  0.000e+00  0.000e+00 -1.215e-03
  8765  0.000e+00  0.000e+00 -1.183e-03
  8770  0.000e+00  0.000e+00 -1.147e-03
  8775  0.000e+00  0.000e+00 -1.106e-03
  8780  0.000e+00  0.000e+00 -1.061e-03
  8785  0.000e+00  0.000e+00 -1.012e-03
  8790  0.000e+00  0.000e+00 -9.595e-04
  8795  0.000e+00  0.000e+00 -9.037e-04
  8800  0.000e+00  0.000e+00 -8.455e-04
  8805  0.000e+00  0.000e+00 -7.852e-04
  8810  0.000e+00  0.000e+00 -7.237e-04
  8815  0.000e+00  0.000e+00 -6.615e-04
  8820  0.000e+00  0.000e+00 -5.993e-04
  8825  0.000e+00  0.000e+00 -5.380e-04
  8830  0.000e+00  0.000e+00 -4.782e-04
  8835  0.000e+00  0.000e+00 -4.206e-04
  8840  0.000e+00  0.000e+00 -3.659e-04
  8845  0.000e+00  0.000e+00 -3.149e-04
  8850  0.000e+00  0.000e+00 -2.681e-04
  8855  0.000e+00  0.000e+00 -2.261e-04
  8860  0.000e+00  0.000e+00 -1.894e-04
  8865  0.000e+00  0.000e+00 -1.585e-04
  8870  0.000e+00  0.000e+00 -1.336e-04
  8875  0.000e+00  0.000e+00 -1.152e-04
  8880  0.000e+00  0.000e+00 -1.032e-04
  8885  0.000e+00  0.000e+00 -9.780e-05
  8890  0.000e+00  0.000e+00 -9.897e-05
  8895  0.000e+00  0.000e+00 -1.066e-04
  8900  0.000e+00  0.000e+00 -1.204e-04
  8905  0.000e+00  0.000e+00 -1.403e-04
  8910  0.000e+00  0.000e+00 -1.657e-04
  8915  0.000e+00  0.000e+00 -1.963e-04
  8920  0.000e+00  0.000e+00 -2.316e-04
  8925  0.000e+00  0.000e+00 -2.710e-04
  8930  0.000e+00  0.000e+00 -3.141e-04
  8935  0.000e+00  0.000e+00 -3.602e-04
  8940  0.000e+00  0.000e+00 -4.088e-04
  8945  0.000e+00  0.000e+00 -4.592e-04
  8950  0.000e+00  0.000e+00 -5.109e-04
  8955  0.000e+00  0.000e+00 -5.634e-04
  8960  0.000e+00  0.000e+00 -6.161e-04
  8965  0.000e+00  0.000e+00 -6.686e-04
  8970  0.000e+00  0.000e+00 -7.205e-04
  8975  0.000e+00  0.000e+00 -7.713e-04
  8980  0.000e+00  0.000e+00 -8.207e-04
  8985  0.000e+00  0.000e+00 -8.685e-04
  8990  0.000e+00  0.000e+00 -9.144e-04
  8995  0.000e+00  0.000e+00 -9.582e-04
  9000  0.000e+00  0.000e+00 -9.998e-04
  9005  0.000e+00  0.000e+00 -1.039e-03
  9010  0.000e+00  0.000e+00 -1.076e-03
  9015  0.000e+00  0.000e+00 -1.110e-03
  9020  0.000e+00  0.000e+00 -1.142e-03
  9025  0.000e+00  0.000e+00 -1.171e-03
  9030  0.000e+00  0.000e+00 -1.198e-03
  9035  0.000e+00  0.000e+00 -1.222e-03
  9040  0.000e+00  0.000e+00 -1.243e-03
  9045  0.000e+00  0.000e+00 -1.262e-03
  9050  0.000e+00  0.000e+00 -1.277e-03
  9055  0.000e+00  0.000e+00 -1.290e-03
  9060  0.000e+00  0.000e+00 -1.299e-03
  9065  0.000e+00  0.000e+00 -1.305e-03
  9070  0.000e+00  0.000e+00 -1.307e-03
  9075  0.000e+00  0.000e+00 -1.305e-03
  9080  0.000e+00  0.000e+00 -1.300e-03
  9085  0.000e+00  0.000e+00 -1.290e-03
  9090  0.000e+00  0.000e+00 -1.276e-03
  9095  0.000e+00  0.000e+00 -1.257e-03
  9100  0.000e+00  0.000e+00 -1.233e-03
  9105  0.000e+00  0.000e+00 -1.204e-03
  9110  0.000e+00  0.000e+00 -1.171e-03
  9115  0.000e+00  0.000e+00 -1.132e-03
  9120  0.000e+00  0.000e+00 -1.089e-03
  9125  0.000e+00  0.000e+00 -1.041e-03
  9130  0.000e+00  0.000e+00 -9.880e-04
  9135  0.000e+00  0.000e+00 -9.313e-04
  9140  0.000e+00  0.000e+00 -8.709e-04
  9145  0.000e+00  0.000e+00 -8.073e-04
  9150  0.000e+00  0.000e+00 -7.411e-04
  9155  0.000e+00  0.000e+00 -6.731e-04
  9160  0.000e+00  0.000e+00 -6.039e-04
  9165  0.000e+00  0.000e+00 -5.345e-04
  9170  0.000e+00  0.000e+00 -4.657e-04
  9175  0.000e+00  0.000e+00 -3.984e-04
  9180  0.000e+00  0.000e+00 -3.335e-04
  9185  0.000e+00  0.000e+00 -2.720e-04
  9190  0.000e+00  0.000e+00 -2.149e-04
  9195  0.000e+00  0.000e+00 -1.629e-04
  9200  0.000e+00  0.000e+00 -1.169e-04
  9205  0.000e+00  0.000e+00 -7.772e-05
  9210  0.000e+00  0.000e+00 -4.594e-05
  9215  0.000e+00  0.000e+00 -2.213e-05
  9220  0.000e+00  0.000e+00 -6.722e-06
  9225  0.000e+00  0.000e+00 -9.298e-18
  9230  0.000e+00  0.000e+00 -2.115e-06
  9235  0.000e+00  0.000e+00 -1.306e-05
  9240  0.000e+00  0.000e+00 -3.270e-05
  9245  0.000e+00  0.000e+00 -6.071e-05
  9250  0.000e+00  0.000e+00 -9.665e-05
  9255  0.000e+00  0.000e+00 -1.399e-04
  9260  0.000e+00  0.000e+00 -1.898e-04
  9265  0.000e+00  0.000e+00 -2.456e-04
  9270  0.000e+00  0.000e+00 -3.062e-04
  9275  0.000e+00  0.000e+00 -3.706e-04
  9280  0.000e+00  0.000e+00 -4.379e-04
  9285  0.000e+00  0.000e+00 -5.070e-04
  9290  0.000e+00  0.000e+00 -5.766e-04
  9295  0.000e+00  0.000e+00 -6.459e-04
  9300  0.000e+00  0.000e+00 -7.136e-04
  9305  0.000e+00  0.000e+00 -7.789e-04
  9310  0.000e+00  0.000e+00 -8.408e-04
  9315  0.000e+00  0.000e+00 -8.985e-04
  9320  0.000e+00  0.000e+00 -9.513e-04
  9325  0.000e+00  0.000e+00 -9.988e-04
  9330  0.000e+00  0.000e+00 -1.040e-03
  9335  0.000e+00  0.000e+00 -1.076e-03
  9340  0.000e+00  0.000e+00 -1.105e-03
  9345  0.000e+00  0.000e+00 -1.128e-03
  9350  0.000e+00  0.000e+00 -1.145e-03
  9355  0.000e+00  0.000e+00 -1.156e-03
  9360  0.000e+00  0.000e+00 -1.162e-03
  9365  0.000e+00  0.000e+00 -1.164e-03
  9370  0.000e+00  0.000e+00 -1.161e-03
  9375  0.000e+00  0.000e+00 -1.154e-03
  9380  0.000e+00  0.000e+00 -1.145e-03
  9385  0.000e+00  0.000e+00 -1.134e-03
  9390  0.000e+00  0.000e+00 -1.122e-03
  9395  0.000e+00  0.000e+00 -1.110e-03
  9400  0.000e+00  0.000e+00 -1.098e-03
  9405  0.000e+00  0.000e+00 -1.087e-03
  9410  0.000e+00  0.000e+00 -1.078e-03
  9415  0.000e+00  0.000e+00 -1.071e-03
  9420  0.000e+00  0.000e+00 -1.066e-03
  9425  0.000e+00  0.000e+00 -1.064e-03
  9430  0.000e+00  0.000e+00 -1.066e-03
  9435  0.000e+00  0.000e+00 -1.070e-03
  9440  0.000e+00  0.000e+00 -1.077e-03
  9445  0.000e+00  0.000e+00 -1.086e-03
  9450  0.000e+00  0.000e+00 -1.098e-03
  9455  0.000e+00  0.000e+00 -1.112e-03
  9460  0.000e+00  0.000e+00 -1.127e-03
  9465  0.000e+00  0.000e+00 -1.142e-03
  9470  0.000e+00  0.000e+00 -1.158e-03
  9475  0.000e+00  0.000e+00 -1.173e-03
  9480  0.000e+00  0.000e+00 -1.186e-03
  9485  0.000e+00  0.000e+00 -1.196e-03
  9490  0.000e+00  0.000e+00 -1.204e-03
  9495  0.000e+00  0.000e+00 -1.209e-03
  9500  0.000e+00  0.000e+00 -1.208e-03
  9505  0.000e+00  0.000e+00 -1.204e-03
  9510  0.000e+00  0.000e+00 -1.194e-03
  9515  0.000e+00  0.000e+00 -1.178e-03
  9520  0.000e+00  0.000e+00 -1.157e-03
  9525  0.000e+00  0.000e+00 -1.131e-03
  9530  0.000e+00  0.000e+00 -1.099e-03
  9535  0.000e+00  0.000e+00 -1.061e-03
  9540  0.000e+00  0.000e+00 -1.019e-03
  9545  0.000e+00  0.000e+00 -9.723e-04
  9550  0.000e+00  0.000e+00 -9.217e-04
  9555  0.000e+00  0.000e+00 -8.680e-04
  9560  0.000e+00  0.000e+00 -8.119e-04
  9565  0.000e+00  0.000e+00 -7.543e-04
  9570  0.000e+00  0.000e+00 -6.960e-04
  9575  0.000e+00  0.000e+00 -6.380e-04
  9580  0.000e+00  0.000e+00 -5.811e-04
  9585  0.000e+00  0.000e+00 -5.262e-04
  9590  0.000e+00  0.000e+00 -4.743e-04
  9595  0.000e+00  0.000e+00 -4.260e-04
  9600  0.000e+00  0.000e+00 -3.821e-04
  9605  0.000e+00  0.000e+00 -3.432e-04
  9610  0.000e+00  0.000e+00 -3.097e-04
  9615  0.000e+00  0.000e+00 -2.822e-04
  9620  0.000e+00  0.000e+00 -2.608e-04
  9625  0.000e+00  0.000e+00 -2.457e-04
  9630  0.000e+00  0.000e+00 -2.370e-04
  9635  0.000e+00  0.000e+00 -2.345e-04
  9640  0.000e+00  0.000e+00 -2.379e-04
  9645  0.000e+00  0.000e+00 -2.470e-04
  9650  0.000e+00  0.000e+00 -2.613e-04
  9655  0.000e+00  0.000e+00 -2.803e-04
  9660  0.000e+00  0.000e+00 -3.034e-04
  9665  0.000e+00  0.000e+00 -3.300e-04
  9670  0.000e+00  0.000e+00 -3.593e-04
  9675  0.000e+00  0.000e+00 -3.907e-04
  9680  0.000e+00  0.000e+00 -4.235e-04
  9685  0.000e+00  0.000e+00 -4.570e-04
  9690  0.000e+00  0.000e+00 -4.905e-04
  9695  0.000e+00  0.000e+00 -5.235e-04
  9700  0.000e+00  0.000e+00 -5.554e-04
  9705  0.000e+00  0.000e+00 -5.857e-04
  9710  0.000e+00  0.000e+00 -6.141e-04
  9715  0.000e+00  0.000e+00 -6.402e-04
  9720  0.000e+00  0.000e+00 -6.639e-04
  9725  0.000e+00  0.000e+00 -6.850e-04
  9730  0.000e+00  0.000e+00 -7.035e-04
  9735  0.000e+00  0.000e+00 -7.195e-04
  9740  0.000e+00  0.000e+00 -7.329e-04
  9745  0.000e+00  0.000e+00 -7.442e-04
  9750  0.000e+00  0.000e+00 -7.535e-04
  9755  0.000e+00  0.000e+00 -7.610e-04
  9760  0.000e+00  0.000e+00 -7.672e-04
  9765  0.000e+00  0.000e+00 -7.724e-04
  9770  0.000e+00  0.000e+00 -7.769e-04
  9775  0.000e+00  0.000e+00 -7.811e-04
  9780  0.000e+00  0.000e+00 -7.853e-04
  9785  0.000e+00  0.000e+00 -7.897e-04
  9790  0.000e+00  0.000e+00 -7.947e-04
  9795  0.000e+00  0.000e+00 -8.004e-04
  9800  0.000e+00  0.000e+00 -8.070e-04
  9805  0.000e+00  0.000e+00 -8.145e-04
  9810  0.000e+00  0.000e+00 -8.229e-04
  9815  0.000e+00  0.000e+00 -8.322e-04
  9820  0.000e+00  0.000e+00 -8.424e-04
  9825  0.000e+00  0.000e+00 -8.531e-04
  9830  0.000e+00  0.000e+00 -8.641e-04
  9835  0.000e+00  0.000e+00 -8.753e-04
  9840  0.000e+00  0.000e+00 -8.863e-04
  9845  0.000e+00  0.000e+00 -8.967e-04
  9850  0.000e+00  0.000e+00 -9.062e-04
  9855  0.000e+00  0.000e+00 -9.145e-04
  9860  0.000e+00  0.000e+00 -9.211e-04
  9865  0.000e+00  0.000e+00 -9.259e-04
  9870  0.000e+00  0.000e+00 -9.285e-04
  9875  0.000e+00  0.000e+00 -9.286e-04
  9880  0.000e+00  0.000e+00 -9.260e-04
  9885  0.000e+00  0.000e+00 -9.206e-04
  9890  0.000e+00  0.000e+00 -9.123e-04
  9895  0.000e+00  0.000e+00 -9.011e-04
  9900  0.000e+00  0.000e+00 -8.870e-04
  9905  0.000e+00  0.000e+00 -8.701e-04
  9910  0.000e+00  0.000e+00 -8.507e-04
  9915  0.000e+00  0.000e+00 -8.289e-04
  9920  0.000e+00  0.000e+00 -8.051e-04
  9925  0.000e+00  0.000e+00 -7.796e-04
  9930  0.000e+00  0.000e+00 -7.527e-04
  9935  0.000e+00  0.000e+00 -7.250e-04
  9940  0.000e+00  0.000e+00 -6.969e-04
  9945  0.000e+00  0.000e+00 -6.689e-04
  9950  0.000e+00  0.000e+00 -6.413e-04
  9955  0.000e+00  0.000e+00 -6.147e-04
  9960  0.000e+00  0.000e+00 -5.896e-04
  9965  0.000e+00  0.000e+00 -5.663e-04
  9970  0.000e+00  0.000e+00 -5.452e-04
  9975  0.000e+00  0.000e+00 -5.267e-04
  9980  0.000e+00  0.000e+00 -5.112e-04
  9985  0.000e+00  0.000e+00 -4.988e-04
  9990  0.000e+00  0.000e+00 -4.897e-04
  9995  0.000e+00  0.000e+00 -4.842e-04
 10000  0.000e+00  0.000e+00 -4.822e-04
 10005  0.000e+00  0.000e+00 -4.839e-04
 10010  0.000e+00  0.000e+00 -4.893e-04
 10015  0.000e+00  0.000e+00 -4.981e-04
 10020  0.000e+00  0.000e+00 -5.105e-04
 10025  0.000e+00  0.000e+00 -5.261e-04
 10030  0.000e+00  0.000e+00 -5.449e-04
 10035  0.000e+00  0.000e+00 -5.666e-04
 10040  0.000e+00  0.000e+00 -5.910e-04
 10045  0.000e+00  0.000e+00 -6.178e-04
 10050  0.000e+00  0.000e+00 -6.467e-04
 10055  0.000e+00  0.000e+00 -6.776e-04
 10060  0.000e+00  0.000e+00 -7.100e-04
 10065  0.000e+00  0.000e+00 -7.438e-04
 10070  0.000e+00  0.000e+00 -7.787e-04
 10075  0.000e+00  0.000e+00 -8.144e-04
 10080  0.000e+00  0.000e+00 -8.506e-04
