     0  0.000e+00  0.000e+00  7.307e-01
     5  0.000e+00  0.000e+00  7.791e-01
    10  0.000e+00  0.000e+00  8.245e-01
    15  0.000e+00  0.000e+00  8.661e-01
    20  0.000e+00  0.000e+00  9.031e-01
    25  0.000e+00  0.000e+00  9.349e-01
    30  0.000e+00  0.000e+00  9.609e-01
    35  0.000e+00  0.000e+00  9.807e-01
    40  0.000e+00  0.000e+00  9.938e-01
    45  0.000e+00  0.000e+00  1.000e+00
    50  0.000e+00  0.000e+00  9.991e-01
    55  0.000e+00  0.000e+00  9.911e-01
    60  0.000e+00  0.000e+00  9.760e-01
    65  0.000e+00  0.000e+00  9.541e-01
    70  0.000e+00  0.000e+00  9.255e-01
    75  0.000e+00  0.000e+00  8.908e-01
    80  0.000e+00  0.000e+00  8.504e-01
    85  0.000e+00  0.000e+00  8.050e-01
    90  0.000e+00  0.000e+00  7.551e-01
    95  0.000e+00  0.000e+00  7.016e-01
   100  0.000e+00  0.000e+00  6.453e-01
   105  0.000e+00  0.000e+00  5.869e-01
   110  0.000e+00  0.000e+00  5.273e-01
   115  0.000e+00  0.000e+00  4.675e-01
   120  0.000e+00  0.000e+00  4.083e-01
   125  0.000e+00  0.000e+00  3.506e-01
   130  0.000e+00  0.000e+00  2.951e-01
   135  0.000e+00  0.000e+00  2.427e-01
   140  0.000e+00  0.000e+00  1.941e-01
   145  0.000e+00  0.000e+00  1.499e-01
   150  0.000e+00  0.000e+00  1.107e-01
   155  0.000e+00  0.000e+00  7.692e-02
   160  0.000e+00  0.000e+00  4.902e-02
   165  0.000e+00  0.000e+00  2.724e-02
   170  0.000e+00  0.000e+00  1.178e-02
   175  0.000e+00  0.000e+00  2.707e-03
   180  0.000e+00  0.000e+00  4.820e-16
   185  0.000e+00  0.000e+00  3.536e-03
   190  0.000e+00  0.000e+00  1.309e-02
   195  0.000e+00  0.000e+00  2.837e-02
   200  0.000e+00  0.000e+00  4.897e-02
   205  0.000e+00  0.000e+00  7.443e-02
   210  0.000e+00  0.000e+00  1.042e-01
   215  0.000e+00  0.000e+00  1.378e-01
   220  0.000e+00  0.000e+00  1.745e-01
   225  0.000e+00  0.000e+00  2.137e-01
   230  0.000e+00  0.000e+00  2.546e-01
   235  0.000e+00  0.000e+00  2.968e-01
   240  0.000e+00  0.000e+00  3.393e-01
   245  0.000e+00  0.000e+00  3.817e-01
   250  0.000e+00  0.000e+00  4.233e-01
   255  0.000e+00  0.000e+00  4.634e-01
   260  0.000e+00  0.000e+00  5.016e-01
   265  0.000e+00  0.000e+00  5.373e-01
   270  0.000e+00  0.000e+00  5.700e-01
   275  0.000e+00  0.000e+00  5.994e-01
   280  0.000e+00  0.000e+00  6.253e-01
   285  0.000e+00  0.000e+00  6.472e-01
   290  0.000e+00  0.000e+00  6.652e-01
   295  0.000e+00  0.000e+00  6.790e-01
   300  0.000e+00  0.000e+00  6.886e-01
   305  0.000e+00  0.000e+00  6.941e-01
   310  0.000e+00  0.000e+00  6.957e-01
   315  0.000e+00  0.000e+00  6.934e-01
   320  0.000e+00  0.000e+00  6.875e-01
   325  0.000e+00  0.000e+00  6.783e-01
   330  0.000e+00  0.000e+00  6.661e-01
   335  0.000e+00  0.000e+00  6.513e-01
   340  0.000e+00  0.000e+00  6.344e-01
   345  0.000e+00  0.000e+00  6.157e-01
   350  0.000e+00  0.000e+00  5.956e-01
   355  0.000e+00  0.000e+00  5.748e-01
   360  0.000e+00  0.000e+00  5.535e-01
   365  0.000e+00  0.000e+00  5.324e-01
   370  0.000e+00  0.000e+00  5.118e-01
   375  0.000e+00  0.000e+00  4.922e-01
   380  0.000e+00  0.000e+00  4.739e-01
   385  0.000e+00  0.000e+00  4.575e-01
   390  0.000e+00  0.000e+00  4.431e-01
   395  0.000e+00  0.000e+00  4.312e-01
   400  0.000e+00  0.000e+00  4.219e-01
   405  0.000e+00  0.000e+00  4.155e-01
   410  0.000e+00  0.000e+00  4.121e-01
   415  0.000e+00  0.000e+00  4.118e-01
   420  0.000e+00  0.000e+00  4.147e-01
   425  0.000e+00  0.000e+00  4.207e-01
   430  0.000e+00  0.000e+00  4.298e-01
   435  0.000e+00  0.000e+00  4.418e-01
   440  0.000e+00  0.000e+00  4.565e-01
   445  0.000e+00  0.000e+00  4.737e-01
   450  0.000e+00  0.000e+00  4.931e-01
   455  0.000e+00  0.000e+00  5.144e-01
   460  0.000e+00  0.000e+00  5.371e-01
   465  0.000e+00  0.000e+00  5.609e-01
   470  0.000e+00  0.000e+00  5.853e-01
   475  0.000e+00  0.000e+00  6.099e-01
   480  0.000e+00  0.000e+00  6.341e-01
   485  0.000e+00  0.000e+00  6.576e-01
   490  0.000e+00  0.000e+00  6.798e-01
   495  0.000e+00  0.000e+00  7.002e-01
   500  0.000e+00  0.000e+00  7.185e-01
   505  0.000e+00  0.000e+00  7.341e-01
   510  0.000e+00  0.000e+00  7.468e-01
   515  0.000e+00  0.000e+00  7.560e-01
   520  0.000e+00  0.000e+00  7.617e-01
   525  0.000e+00  0.000e+00  7.635e-01
   530  0.000e+00  0.000e+00  7.612e-01
   535  0.000e+00  0.000e+00  7.547e-01
   540  0.000e+00  0.000e+00  7.440e-01
   545  0.000e+00  0.000e+00  7.291e-01
   550  0.000e+00  0.000e+00  7.102e-01
   555  0.000e+00  0.000e+00  6.873e-01
   560  0.000e+00  0.000e+00  6.608e-01
   565  0.000e+00  0.000e+00  6.310e-01
   570  0.000e+00  0.000e+00  5.982e-01
   575  0.000e+00  0.000e+00  5.629e-01
   580  0.000e+00  0.000e+00  5.255e-01
   585  0.000e+00  0.000e+00  4.867e-01
   590  0.000e+00  0.000e+00  4.471e-01
   595  0.000e+00  0.000e+00  4.071e-01
   600  0.000e+00  0.000e+00  3.674e-01
   605  0.000e+00  0.000e+00  3.287e-01
   610  0.000e+00  0.000e+00  2.915e-01
   615  0.000e+00  0.000e+00  2.565e-01
   620  0.000e+00  0.000e+00  2.243e-01
   625  0.000e+00  0.000e+00  1.953e-01
   630  0.000e+00  0.000e+00  1.700e-01
   635  0.000e+00  0.000e+00  1.489e-01
   640  0.000e+00  0.000e+00  1.324e-01
   645  0.000e+00  0.000e+00  1.206e-01
   650  0.000e+00  0.000e+00  1.138e-01
   655  0.000e+00  0.000e+00  1.121e-01
   660  0.000e+00  0.000e+00  1.155e-01
   665  0.000e+00  0.000e+00  1.239e-01
   670  0.000e+00  0.000e+00  1.372e-01
   675  0.000e+00  0.000e+00  1.552e-01
   680  0.000e+00  0.000e+00  1.775e-01
   685  0.000e+00  0.000e+00  2.037e-01
   690  0.000e+00  0.000e+00  2.334e-01
   695  0.000e+00  0.000e+00  2.660e-01
   700  0.000e+00  0.000e+00  3.009e-01
   705  0.000e+00  0.000e+00  3.375e-01
   710  0.000e+00  0.000e+00  3.753e-01
   715  0.000e+00  0.000e+00  4.135e-01
   720  0.000e+00  0.000e+00  4.514e-01
   725  0.000e+00  0.000e+00  4.885e-01
   730  0.000e+00  0.000e+00  5.241e-01
   735  0.000e+00  0.000e+00  5.576e-01
   740  0.000e+00  0.000e+00  5.886e-01
   745  0.000e+00  0.000e+00  6.165e-01
   750  0.000e+00  0.000e+00  6.409e-01
   755  0.000e+00  0.000e+00  6.615e-01
   760  0.000e+00  0.000e+00  6.781e-01
   765  0.000e+00  0.000e+00  6.905e-01
   770  0.000e+00  0.000e+00  6.987e-01
   775  0.000e+00  0.000e+00  7.026e-01
   780  0.000e+00  0.000e+00  7.024e-01
   785  0.000e+00  0.000e+00  6.982e-01
   790  0.000e+00  0.000e+00  6.904e-01
   795  0.000e+00  0.000e+00  6.793e-01
   800  0.000e+00  0.000e+00  6.653e-01
   805  0.000e+00  0.000e+00  6.489e-01
   810  0.000e+00  0.000e+00  6.306e-01
   815  0.000e+00  0.000e+00  6.109e-01
   820  0.000e+00  0.000e+00  5.904e-01
   825  0.000e+00  0.000e+00  5.698e-01
   830  0.000e+00  0.000e+00  5.495e-01
   835  0.000e+00  0.000e+00  5.302e-01
   840  0.000e+00  0.000e+00  5.123e-01
   845  0.000e+00  0.000e+00  4.965e-01
   850  0.000e+00  0.000e+00  4.830e-01
   855  0.000e+00  0.000e+00  4.724e-01
   860  0.000e+00  0.000e+00  4.649e-01
   865  0.000e+00  0.000e+00  4.608e-01
   870  0.000e+00  0.000e+00  4.602e-01
   875  0.000e+00  0.000e+00  4.633e-01
   880  0.000e+00  0.000e+00  4.700e-01
   885  0.000e+00  0.000e+00  4.804e-01
   890  0.000e+00  0.000e+00  4.941e-01
   895  0.000e+00  0.000e+00  5.111e-01
   900  0.000e+00  0.000e+00  5.309e-01
   905  0.000e+00  0.000e+00  5.533e-01
   910  0.000e+00  0.000e+00  5.778e-01
   915  0.000e+00  0.000e+00  6.039e-01
   920  0.000e+00  0.000e+00  6.312e-01
   925  0.000e+00  0.000e+00  6.590e-01
   930  0.000e+00  0.000e+00  6.869e-01
   935  0.000e+00  0.000e+00  7.143e-01
   940  0.000e+00  0.000e+00  7.406e-01
   945  0.000e+00  0.000e+00  7.653e-01
   950  0.000e+00  0.000e+00  7.879e-01
   955  0.000e+00  0.000e+00  8.079e-01
   960  0.000e+00  0.000e+00  8.249e-01
   965  0.000e+00  0.000e+00  8.385e-01
   970  0.000e+00  0.000e+00  8.483e-01
   975  0.000e+00  0.000e+00  8.542e-01
   980  0.000e+00  0.000e+00  8.559e-01
   985  0.000e+00  0.000e+00  8.533e-01
   990  0.000e+00  0.000e+00  8.463e-01
   995  0.000e+00  0.000e+00  8.350e-01
  1000  0.000e+00  0.000e+00  8.195e-01
  1005  0.000e+00  0.000e+00  7.999e-01
  1010  0.000e+00  0.000e+00  7.765e-01
  1015  0.000e+00  0.000e+00  7.495e-01
  1020  0.000e+00  0.000e+00  7.193e-01
  1025  0.000e+00  0.000e+00  6.863e-01
  1030  0.000e+00  0.000e+00  6.509e-01
  1035  0.000e+00  0.000e+00  6.135e-01
  1040  0.000e+00  0.000e+00  5.747e-01
  1045  0.000e+00  0.000e+00  5.350e-01
  1050  0.000e+00  0.000e+00  4.949e-01
  1055  0.000e+00  0.000e+00  4.548e-01
  1060  0.000e+00  0.000e+00  4.154e-01
  1065  0.000e+00  0.000e+00  3.772e-01
  1070  0.000e+00  0.000e+00  3.406e-01
  1075  0.000e+00  0.000e+00  3.061e-01
  1080  0.000e+00  0.000e+00  2.741e-01
  1085  0.000e+00  0.000e+00  2.450e-01
  1090  0.000e+00  0.000e+00  2.193e-01
  1095  0.000e+00  0.000e+00  1.971e-01
  1100  0.000e+00  0.000e+00  1.787e-01
  1105  0.000e+00  0.000e+00  1.644e-01
  1110  0.000e+00  0.000e+00  1.542e-01
  1115  0.000e+00  0.000e+00  1.484e-01
  1120  0.000e+00  0.000e+00  1.469e-01
  1125  0.000e+00  0.000e+00  1.496e-01
  1130  0.000e+00  0.000e+00  1.566e-01
  1135  0.000e+00  0.000e+00  1.677e-01
  1140  0.000e+00  0.000e+00  1.826e-01
  1145  0.000e+00  0.000e+00  2.012e-01
  1150  0.000e+00  0.000e+00  2.232e-01
  1155  0.000e+00  0.000e+00  2.483e-01
  1160  0.000e+00  0.000e+00  2.759e-01
  1165  0.000e+00  0.000e+00  3.059e-01
  1170  0.000e+00  0.000e+00  3.376e-01
  1175  0.000e+00  0.000e+00  3.707e-01
  1180  0.000e+00  0.000e+00  4.046e-01
  1185  0.000e+00  0.000e+00  4.389e-01
  1190  0.000e+00  0.000e+00  4.730e-01
  1195  0.000e+00  0.000e+00  5.065e-01
  1200  0.000e+00  0.000e+00  5.387e-01
  1205  0.000e+00  0.000e+00  5.693e-01
  1210  0.000e+00  0.000e+00  5.977e-01
  1215  0.000e+00  0.000e+00  6.235e-01
  1220  0.000e+00  0.000e+00  6.463e-01
  1225  0.000e+00  0.000e+00  6.657e-01
  1230  0.000e+00  0.000e+00  6.813e-01
  1235  0.000e+00  0.000e+00  6.930e-01
  1240  0.000e+00  0.000e+00  7.004e-01
  1245  0.000e+00  0.000e+00  7.034e-01
  1250  0.000e+00  0.000e+00  7.020e-01
  1255  0.000e+00  0.000e+00  6.961e-01
  1260  0.000e+00  0.000e+00  6.858e-01
  1265  0.000e+00  0.000e+00  6.712e-01
  1270  0.000e+00  0.000e+00  6.525e-01
  1275  0.000e+00  0.000e+00  6.300e-01
  1280  0.000e+00  0.000e+00  6.040e-01
  1285  0.000e+00  0.000e+00  5.750e-01
  1290  0.000e+00  0.000e+00  5.433e-01
  1295  0.000e+00  0.000e+00  5.096e-01
  1300  0.000e+00  0.000e+00  4.744e-01
  1305  0.000e+00  0.000e+00  4.384e-01
  1310  0.000e+00  0.000e+00  4.021e-01
  1315  0.000e+00  0.000e+00  3.662e-01
  1320  0.000e+00  0.000e+00  3.315e-01
  1325  0.000e+00  0.000e+00  2.985e-01
  1330  0.000e+00  0.000e+00  2.680e-01
  1335  0.000e+00  0.000e+00  2.405e-01
  1340  0.000e+00  0.000e+00  2.166e-01
  1345  0.000e+00  0.000e+00  1.969e-01
  1350  0.000e+00  0.000e+00  1.819e-01
  1355  0.000e+00  0.000e+00  1.719e-01
  1360  0.000e+00  0.000e+00  1.674e-01
  1365  0.000e+00  0.000e+00  1.685e-01
  1370  0.000e+00  0.000e+00  1.753e-01
  1375  0.000e+00  0.000e+00  1.880e-01
  1380  0.000e+00  0.000e+00  2.065e-01
  1385  0.000e+00  0.000e+00  2.306e-01
  1390  0.000e+00  0.000e+00  2.600e-01
  1395  0.000e+00  0.000e+00  2.945e-01
  1400  0.000e+00  0.000e+00  3.335e-01
  1405  0.000e+00  0.000e+00  3.765e-01
  1410  0.000e+00  0.000e+00  4.230e-01
  1415  0.000e+00  0.000e+00  4.721e-01
  1420  0.000e+00  0.000e+00  5.232e-01
  1425  0.000e+00  0.000e+00  5.754e-01
  1430  0.000e+00  0.000e+00  6.280e-01
  1435  0.000e+00  0.000e+00  6.801e-01
  1440  0.000e+00  0.000e+00  7.307e-01
  1445  0.000e+00  0.000e+00  7.791e-01
  1450  0.000e+00  0.000e+00  8.245e-01
  1455  0.000e+00  0.000e+00  8.661e-01
  1460  0.000e+00  0.000e+00  9.031e-01
  1465  0.000e+00  0.000e+00  9.349e-01
  1470  0.000e+00  0.000e+00  9.609e-01
  1475  0.000e+00  0.000e+00  9.807e-01
  1480  0.000e+00  0.000e+00  9.938e-01
  1485  0.000e+00  0.000e+00  1.000e+00
  1490  0.000e+00  0.000e+00  9.991e-01
  1495  0.000e+00  0.000e+00  9.911e-01
  1500  0.000e+00  0.000e+00  9.760e-01
  1505  0.000e+00  0.000e+00  9.541e-01
  1510  0.000e+00  0.000e+00  9.255e-01
  1515  0.000e+00  0.000e+00  8.908e-01
  1520  0.000e+00  0.000e+00  8.504e-01
  1525  0.000e+00  0.000e+00  8.050e-01
  1530  0.000e+00  0.000e+00  7.551e-01
  1535  0.000e+00  0.000e+00  7.016e-01
  1540  0.000e+00  0.000e+00  6.453e-01
  1545  0.000e+00  0.000e+00  5.869e-01
  1550  0.000e+00  0.000e+00  5.273e-01
  1555  0.000e+00  0.000e+00  4.675e-01
  1560  0.000e+00  0.000e+00  4.083e-01
  1565  0.000e+00  0.000e+00  3.506e-01
  1570  0.000e+00  0.000e+00  2.951e-01
  1575  0.000e+00  0.000e+00  2.427e-01
  1580  0.000e+00  0.000e+00  1.941e-01
  1585  0.000e+00  0.000e+00  1.499e-01
  1590  0.000e+00  0.000e+00  1.107e-01
  1595  0.000e+00  0.000e+00  7.692e-02
  1600  0.000e+00  0.000e+00  4.902e-02
  1605  0.000e+00  0.000e+00  2.724e-02
  1610  0.000e+00  0.000e+00  1.178e-02
  1615  0.000e+00  0.000e+00  2.707e-03
  1620  0.000e+00  0.000e+00  7.574e-16
  1625  0.000e+00  0.000e+00  3.536e-03
  1630  0.000e+00  0.000e+00  1.309e-02
  1635  0.000e+00  0.000e+00  2.837e-02
  1640  0.000e+00  0.000e+00  4.897e-02
  1645  0.000e+00  0.000e+00  7.443e-02
  1650  0.000e+00  0.000e+00  1.042e-01
  1655  0.000e+00  0.000e+00  1.378e-01
  1660  0.000e+00  0.000e+00  1.745e-01
  1665  0.000e+00  0.000e+00  2.137e-01
  1670  0.000e+00  0.000e+00  2.546e-01
  1675  0.000e+00  0.000e+00  2.968e-01
  1680  0.000e+00  0.000e+00  3.393e-01
  1685  0.000e+00  0.000e+00  3.817e-01
  1690  0.000e+00  0.000e+00  4.233e-01
  1695  0.000e+00  0.000e+00  4.634e-01
  1700  0.000e+00  0.000e+00  5.016e-01
  1705  0.000e+00  0.000e+00  5.373e-01
  1710  0.000e+00  0.000e+00  5.700e-01
  1715  0.000e+00  0.000e+00  5.994e-01
  1720  0.000e+00  0.000e+00  6.253e-01
  1725  0.000e+00  0.000e+00  6.472e-01
  1730  0.000e+00  0.000e+00  6.652e-01
  1735  0.000e+00  0.000e+00  6.790e-01
  1740  0.000e+00  0.000e+00  6.886e-01
  1745  0.000e+00  0.000e+00  6.941e-01
  1750  0.000e+00  0.000e+00  6.957e-01
  1755  0.000e+00  0.000e+00  6.934e-01
  1760  0.000e+00  0.000e+00  6.875e-01
  1765  0.000e+00  0.000e+00  6.783e-01
  1770  0.000e+00  0.000e+00  6.661e-01
  1775  0.000e+00  0.000e+00  6.513e-01
  1780  0.000e+00  0.000e+00  6.344e-01
  1785  0.000e+00  0.000e+00  6.157e-01
  1790  0.000e+00  0.000e+00  5.956e-01
  1795  0.000e+00  0.000e+00  5.748e-01
  1800  0.000e+00  0.000e+00  5.535e-01
  1805  0.000e+00  0.000e+00  5.324e-01
  1810  0.000e+00  0.000e+00  5.118e-01
  1815  0.000e+00  0.000e+00  4.922e-01
  1820  0.000e+00  0.000e+00  4.739e-01
  1825  0.000e+00  0.000e+00  4.575e-01
  1830  0.000e+00  0.000e+00  4.431e-01
  1835  0.000e+00  0.000e+00  4.312e-01
  1840  0.000e+00  0.000e+00  4.219e-01
  1845  0.000e+00  0.000e+00  4.155e-01
  1850  0.000e+00  0.000e+00  4.121e-01
  1855  0.000e+00  0.000e+00  4.118e-01
  1860  0.000e+00  0.000e+00  4.147e-01
  1865  0.000e+00  0.000e+00  4.207e-01
  1870  0.000e+00  0.000e+00  4.298e-01
  1875  0.000e+00  0.000e+00  4.418e-01
  1880  0.000e+00  0.000e+00  4.565e-01
  1885  0.000e+00  0.000e+00  4.737e-01
  1890  0.000e+00  0.000e+00  4.931e-01
  1895  0.000e+00  0.000e+00  5.144e-01
  1900  0.000e+00  0.000e+00  5.371e-01
  1905  0.000e+00  0.000e+00  5.609e-01
  1910  0.000e+00  0.000e+00  5.853e-01
  1915  0.000e+00  0.000e+00  6.099e-01
  1920  0.000e+00  0.000e+00  6.341e-01
  1925  0.000e+00  0.000e+00  6.576e-01
  1930  0.000e+00  0.000e+00  6.798e-01
  1935  0.000e+00  0.000e+00  7.002e-01
  1940  0.000e+00  0.000e+00  7.185e-01
  1945  0.000e+00  0.000e+00  7.341e-01
  1950  0.000e+00  0.000e+00  7.468e-01
  1955  0.000e+00  0.000e+00  7.560e-01
  1960  0.000e+00  0.000e+00  7.617e-01
  1965  0.000e+00  0.000e+00  7.635e-01
  1970  0.000e+00  0.000e+00  7.612e-01
  1975  0.000e+00  0.000e+00  7.547e-01
  1980  0.000e+00  0.000e+00  7.440e-01
  1985  0.000e+00  0.000e+00  7.291e-01
  1990  0.000e+00  0.000e+00  7.102e-01
  1995  0.000e+00  0.000e+00  6.873e-01
  2000  0.000e+00  0.000e+00  6.608e-01
  2005  0.000e+00  0.000e+00  6.310e-01
  2010  0.000e+00  0.000e+00  5.982e-01
  2015  0.000e+00  0.000e+00  5.629e-01
  2020  0.000e+00  0.000e+00  5.255e-01
  2025  0.000e+00  0.000e+00  4.867e-01
  2030  0.000e+00  0.000e+00  4.471e-01
  2035  0.000e+00  0.000e+00  4.071e-01
  2040  0.000e+00  0.000e+00  3.674e-01
  2045  0.000e+00  0.000e+00  3.287e-01
  2050  0.000e+00  0.000e+00  2.915e-01
  2055  0.000e+00  0.000e+00  2.565e-01
  2060  0.000e+00  0.000e+00  2.243e-01
  2065  0.000e+00  0.000e+00  1.953e-01
  2070  0.000e+00  0.000e+00  1.700e-01
  2075  0.000e+00  0.000e+00  1.489e-01
  2080  0.000e+00  0.000e+00  1.324e-01
  2085  0.000e+00  0.000e+00  1.206e-01
  2090  0.000e+00  0.000e+00  1.138e-01
  2095  0.000e+00  0.000e+00  1.121e-01
  2100  0.000e+00  0.000e+00  1.155e-01
  2105  0.000e+00  0.000e+00  1.239e-01
  2110  0.000e+00  0.000e+00  1.372e-01
  2115  0.000e+00  0.000e+00  1.552e-01
  2120  0.000e+00  0.000e+00  1.775e-01
  2125  0.000e+00  0.000e+00  2.037e-01
  2130  0.000e+00  0.000e+00  2.334e-01
  2135  0.000e+00  0.000e+00  2.660e-01
  2140  0.000e+00  0.000e+00  3.009e-01
  2145  0.000e+00  0.000e+00  3.375e-01
  2150  0.000e+00  0.000e+00  3.753e-01
  2155  0.000e+00  0.000e+00  4.135e-01
  2160  0.000e+00  0.000e+00  4.514e-01
  2165  0.000e+00  0.000e+00  4.885e-01
  2170  0.000e+00  0.000e+00  5.241e-01
  2175  0.000e+00  0.000e+00  5.576e-01
  2180  0.000e+00  0.000e+00  5.886e-01
  2185  0.000e+00  0.000e+00  6.165e-01
  2190  0.000e+00  0.000e+00  6.409e-01
  2195  0.000e+00  0.000e+00  6.615e-01
  2200  0.000e+00  0.000e+00  6.781e-01
  2205  0.000e+00  0.000e+00  6.905e-01
  2210  0.000e+00  0.000e+00  6.987e-01
  2215  0.000e+00  0.000e+00  7.026e-01
  2220  0.000e+00  0.000e+00  7.024e-01
  2225  0.000e+00  0.000e+00  6.982e-01
  2230  0.000e+00  0.000e+00  6.904e-01
  2235  0.000e+00  0.000e+00  6.793e-01
  2240  0.000e+00  0.000e+00  6.653e-01
  2245  0.000e+00  0.000e+00  6.489e-01
  2250  0.000e+00  0.000e+00  6.306e-01
  2255  0.000e+00  0.000e+00  6.109e-01
  2260  0.000e+00  0.000e+00  5.904e-01
  2265  0.000e+00  0.000e+00  5.698e-01
  2270  0.000e+00  0.000e+00  5.495e-01
  2275  0.000e+00  0.000e+00  5.302e-01
  2280  0.000e+00  0.000e+00  5.123e-01
  2285  0.000e+00  0.000e+00  4.965e-01
  2290  0.000e+00  0.000e+00  4.830e-01
  2295  0.000e+00  0.000e+00  4.724e-01
  2300  0.000e+00  0.000e+00  4.649e-01
  2305  0.000e+00  0.000e+00  4.608e-01
  2310  0.000e+00  0.000e+00  4.602e-01
  2315  0.000e+00  0.000e+00  4.633e-01
  2320  0.000e+00  0.000e+00  4.700e-01
  2325  0.000e+00  0.000e+00  4.804e-01
  2330  0.000e+00  0.000e+00  4.941e-01
  2335  0.000e+00  0.000e+00  5.111e-01
  2340  0.000e+00  0.000e+00  5.309e-01
  2345  0.000e+00  0.000e+00  5.533e-01
  2350  0.000e+00  0.000e+00  5.778e-01
  2355  0.000e+00  0.000e+00  6.039e-01
  2360  0.000e+00  0.000e+00  6.312e-01
  2365  0.000e+00  0.000e+00  6.590e-01
  2370  0.000e+00  0.000e+00  6.869e-01
  2375  0.000e+00  0.000e+00  7.143e-01
  2380  0.000e+00  0.000e+00  7.406e-01
  2385  0.000e+00  0.000e+00  7.653e-01
  2390  0.000e+00  0.000e+00  7.879e-01
  2395  0.000e+00  0.000e+00  8.079e-01
  2400  0.000e+00  0.000e+00  8.249e-01
  2405  0.000e+00  0.000e+00  8.385e-01
  2410  0.000e+00  0.000e+00  8.483e-01
  2415  0.000e+00  0.000e+00  8.542e-01
  2420  0.000e+00  0.000e+00  8.559e-01
  2425  0.000e+00  0.000e+00  8.533e-01
  2430  0.000e+00  0.000e+00  8.463e-01
  2435  0.000e+00  0.000e+00  8.350e-01
  2440  0.000e+00  0.000e+00  8.195e-01
  2445  0.000e+00  0.000e+00  7.999e-01
  2450  0.000e+00  0.000e+00  7.765e-01
  2455  0.000e+00  0.000e+00  7.495e-01
  2460  0.000e+00  0.000e+00  7.193e-01
  2465  0.000e+00  0.000e+00  6.863e-01
  2470  0.000e+00  0.000e+00  6.509e-01
  2475  0.000e+00  0.000e+00  6.135e-01
  2480  0.000e+00  0.000e+00  5.747e-01
  2485  0.000e+00  0.000e+00  5.350e-01
  2490  0.000e+00  0.000e+00  4.949e-01
  2495  0.000e+00  0.000e+00  4.548e-01
  2500  0.000e+00  0.000e+00  4.154e-01
  2505  0.000e+00  0.000e+00  3.772e-01
  2510  0.000e+00  0.000e+00  3.406e-01
  2515  0.000e+00  0.000e+00  3.061e-01
  2520  0.000e+00  0.000e+00  2.741e-01
  2525  0.000e+00  0.000e+00  2.450e-01
  2530  0.000e+00  0.000e+00  2.193e-01
  2535  0.000e+00  0.000e+00  1.971e-01
  2540  0.000e+00  0.000e+00  1.787e-01
  2545  0.000e+00  0.000e+00  1.644e-01
  2550  0.000e+00  0.000e+00  1.542e-01
  2555  0.000e+00  0.000e+00  1.484e-01
  2560  0.000e+00  0.000e+00  1.469e-01
  2565  0.000e+00  0.000e+00  1.496e-01
  2570  0.000e+00  0.000e+00  1.566e-01
  2575  0.000e+00  0.000e+00  1.677e-01
  2580  0.000e+00  0.000e+00  1.826e-01
  2585  0.000e+00  0.000e+00  2.012e-01
  2590  0.000e+00  0.000e+00  2.232e-01
  2595  0.000e+00  0.000e+00  2.483e-01
  2600  0.000e+00  0.000e+00  2.759e-01
  2605  0.000e+00  0.000e+00  3.059e-01
  2610  0.000e+00  0.000e+00  3.376e-01
  2615  0.000e+00  0.000e+00  3.707e-01
  2620  0.000e+00  0.000e+00  4.046e-01
  2625  0.000e+00  0.000e+00  4.389e-01
  2630  0.000e+00  0.000e+00  4.730e-01
  2635  0.000e+00  0.000e+00  5.065e-01
  2640  0.000e+00  0.000e+00  5.387e-01
  2645  0.000e+00  0.000e+00  5.693e-01
  2650  0.000e+00  0.000e+00  5.977e-01
  2655  0.000e+00  0.000e+00  6.235e-01
  2660  0.000e+00  0.000e+00  6.463e-01
  2665  0.000e+00  0.000e+00  6.657e-01
  2670  0.000e+00  0.000e+00  6.813e-01
  2675  0.000e+00  0.000e+00  6.930e-01
  2680  0.000e+00  0.000e+00  7.004e-01
  2685  0.000e+00  0.000e+00  7.034e-01
  2690  0.000e+00  0.000e+00  7.020e-01
  2695  0.000e+00  0.000e+00  6.961e-01
  2700  0.000e+00  0.000e+00  6.858e-01
  2705  0.000e+00  0.000e+00  6.712e-01
  2710  0.000e+00  0.000e+00  6.525e-01
  2715  0.000e+00  0.000e+00  6.300e-01
  2720  0.000e+00  0.000e+00  6.040e-01
  2725  0.000e+00  0.000e+00  5.750e-01
  2730  0.000e+00  0.000e+00  5.433e-01
  2735  0.000e+00  0.000e+00  5.096e-01
  2740  0.000e+00  0.000e+00  4.744e-01
  2745  0.000e+00  0.000e+00  4.384e-01
  2750  0.000e+00  0.000e+00  4.021e-01
  2755  0.000e+00  0.000e+00  3.662e-01
  2760  0.000e+00  0.000e+00  3.315e-01
  2765  0.000e+00  0.000e+00  2.985e-01
  2770  0.000e+00  0.000e+00  2.680e-01
  2775  0.000e+00  0.000e+00  2.405e-01
  2780  0.000e+00  0.000e+00  2.166e-01
  2785  0.000e+00  0.000e+00  1.969e-01
  2790  0.000e+00  0.000e+00  1.819e-01
  2795  0.000e+00  0.000e+00  1.719e-01
  2800  0.000e+00  0.000e+00  1.674e-01
  2805  0.000e+00  0.000e+00  1.685e-01
  2810  0.000e+00  0.000e+00  1.753e-01
  2815  0.000e+00  0.000e+00  1.880e-01
  2820  0.000e+00  0.000e+00  2.065e-01
  2825  0.000e+00  0.000e+00  2.306e-01
  2830  0.000e+00  0.000e+00  2.600e-01
  2835  0.000e+00  0.000e+00  2.945e-01
  2840  0.000e+00  0.000e+00  3.335e-01
  2845  0.000e+00  0.000e+00  3.765e-01
  2850  0.000e+00  0.000e+00  4.230e-01
  2855  0.000e+00  0.000e+00  4.721e-01
  2860  0.000e+00  0.000e+00  5.232e-01
  2865  0.000e+00  0.000e+00  5.754e-01
  2870  0.000e+00  0.000e+00  6.280e-01
  2875  0.000e+00  0.000e+00  6.801e-01
  2880  0.000e+00  0.000e+00  7.307e-01
  2885  0.000e+00  0.000e+00  7.791e-01
  2890  0.000e+00  0.000e+00  8.245e-01
  2895  0.000e+00  0.000e+00  8.661e-01
  2900  0.000e+00  0.000e+00  9.031e-01
  2905  0.000e+00  0.000e+00  9.349e-01
  2910  0.000e+00  0.000e+00  9.609e-01
  2915  0.000e+00  0.000e+00  9.807e-01
  2920  0.000e+00  0.000e+00  9.938e-01
  2925  0.000e+00  0.000e+00  1.000e+00
  2930  0.000e+00  0.000e+00  9.991e-01
  2935  0.000e+00  0.000e+00  9.911e-01
  2940  0.000e+00  0.000e+00  9.760e-01
  2945  0.000e+00  0.000e+00  9.541e-01
  2950  0.000e+00  0.000e+00  9.255e-01
  2955  0.000e+00  0.000e+00  8.908e-01
  2960  0.000e+00  0.000e+00  8.504e-01
  2965  0.000e+00  0.000e+00  8.050e-01
  2970  0.000e+00  0.000e+00  7.551e-01
  2975  0.000e+00  0.000e+00  7.016e-01
  2980  0.000e+00  0.000e+00  6.453e-01
  2985  0.000e+00  0.000e+00  5.869e-01
  2990  0.000e+00  0.000e+00  5.273e-01
  2995  0.000e+00  0.000e+00  4.675e-01
  3000  0.000e+00  0.000e+00  4.083e-01
  3005  0.000e+00  0.000e+00  3.506e-01
  3010  0.000e+00  0.000e+00  2.951e-01
  3015  0.000e+00  0.000e+00  2.427e-01
  3020  0.000e+00  0.000e+00  1.941e-01
  3025  0.000e+00  0.000e+00  1.499e-01
  3030  0.000e+00  0.000e+00  1.107e-01
  3035  0.000e+00  0.000e+00  7.692e-02
  3040  0.000e+00  0.000e+00  4.902e-02
  3045  0.000e+00  0.000e+00  2.724e-02
  3050  0.000e+00  0.000e+00  1.178e-02
  3055  0.000e+00  0.000e+00  2.707e-03
  3060  0.000e+00  0.000e+00  0.000e+00
  3065  0.000e+00  0.000e+00  3.536e-03
  3070  0.000e+00  0.000e+00  1.309e-02
  3075  0.000e+00  0.000e+00  2.837e-02
  3080  0.000e+00  0.000e+00  4.897e-02
  3085  0.000e+00  0.000e+00  7.443e-02
  3090  0.000e+00  0.000e+00  1.042e-01
  3095  0.000e+00  0.000e+00  1.378e-01
  3100  0.000e+00  0.000e+00  1.745e-01
  3105  0.000e+00  0.000e+00  2.137e-01
  3110  0.000e+00  0.000e+00  2.546e-01
  3115  0.000e+00  0.000e+00  2.968e-01
  3120  0.000e+00  0.000e+00  3.393e-01
  3125  0.000e+00  0.000e+00  3.817e-01
  3130  0.000e+00  0.000e+00  4.233e-01
  3135  0.000e+00  0.000e+00  4.634e-01
  3140  0.000e+00  0.000e+00  5.016e-01
  3145  0.000e+00  0.000e+00  5.373e-01
  3150  0.000e+00  0.000e+00  5.700e-01
  3155  0.000e+00  0.000e+00  5.994e-01
  3160  0.000e+00  0.000e+00  6.253e-01
  3165  0.000e+00  0.000e+00  6.472e-01
  3170  0.000e+00  0.000e+00  6.652e-01
  3175  0.000e+00  0.000e+00  6.790e-01
  3180  0.000e+00  0.000e+00  6.886e-01
  3185  0.000e+00  0.000e+00  6.941e-01
  3190  0.000e+00  0.000e+00  6.957e-01
  3195  0.000e+00  0.000e+00  6.934e-01
  3200  0.000e+00  0.000e+00  6.875e-01
  3205  0.000e+00  0.000e+00  6.783e-01
  3210  0.000e+00  0.000e+00  6.661e-01
  3215  0.000e+00  0.000e+00  6.513e-01
  3220  0.000e+00  0.000e+00  6.344e-01
  3225  0.000e+00  0.000e+00  6.157e-01
  3230  0.000e+00  0.000e+00  5.956e-01
  3235  0.000e+00  0.000e+00  5.748e-01
  3240  0.000e+00  0.000e+00  5.535e-01
  3245  0.000e+00  0.000e+00  5.324e-01
  3250  0.000e+00  0.000e+00  5.118e-01
  3255  0.000e+00  0.000e+00  4.922e-01
  3260  0.000e+00  0.000e+00  4.739e-01
  3265  0.000e+00  0.000e+00  4.575e-01
  3270  0.000e+00  0.000e+00  4.431e-01
  3275  0.000e+00  0.000e+00  4.312e-01
  3280  0.000e+00  0.000e+00  4.219e-01
  3285  0.000e+00  0.000e+00  4.155e-01
  3290  0.000e+00  0.000e+00  4.121e-01
  3295  0.000e+00  0.000e+00  4.118e-01
  3300  0.000e+00  0.000e+00  4.147e-01
  3305  0.000e+00  0.000e+00  4.207e-01
  3310  0.000e+00  0.000e+00  4.298e-01
  3315  0.000e+00  0.000e+00  4.418e-01
  3320  0.000e+00  0.000e+00  4.565e-01
  3325  0.000e+00  0.000e+00  4.737e-01
  3330  0.000e+00  0.000e+00  4.931e-01
  3335  0.000e+00  0.000e+00  5.144e-01
  3340  0.000e+00  0.000e+00  5.371e-01
  3345  0.000e+00  0.000e+00  5.609e-01
  3350  0.000e+00  0.000e+00  5.853e-01
  3355  0.000e+00  0.000e+00  6.099e-01
  3360  0.000e+00  0.000e+00  6.341e-01
  3365  0.000e+00  0.000e+00  6.576e-01
  3370  0.000e+00  0.000e+00  6.798e-01
  3375  0.000e+00  0.000e+00  7.002e-01
  3380  0.000e+00  0.000e+00  7.185e-01
  3385  0.000e+00  0.000e+00  7.341e-01
  3390  0.000e+00  0.000e+00  7.468e-01
  3395  0.000e+00  0.000e+00  7.560e-01
  3400  0.000e+00  0.000e+00  7.617e-01
  3405  0.000e+00  0.000e+00  7.635e-01
  3410  0.000e+00  0.000e+00  7.612e-01
  3415  0.000e+00  0.000e+00  7.547e-01
  3420  0.000e+00  0.000e+00  7.440e-01
  3425  0.000e+00  0.000e+00  7.291e-01
  3430  0.000e+00  0.000e+00  7.102e-01
  3435  0.000e+00  0.000e+00  6.873e-01
  3440  0.000e+00  0.000e+00  6.608e-01
  3445  0.000e+00  0.000e+00  6.310e-01
  3450  0.000e+00  0.000e+00  5.982e-01
  3455  0.000e+00  0.000e+00  5.629e-01
  3460  0.000e+00  0.000e+00  5.255e-01
  3465  0.000e+00  0.000e+00  4.867e-01
  3470  0.000e+00  0.000e+00  4.471e-01
  3475  0.000e+00  0.000e+00  4.071e-01
  3480  0.000e+00  0.000e+00  3.674e-01
  3485  0.000e+00  0.000e+00  3.287e-01
  3490  0.000e+00  0.000e+00  2.915e-01
  3495  0.000e+00  0.000e+00  2.565e-01
  3500  0.000e+00  0.000e+00  2.243e-01
  3505  0.000e+00  0.000e+00  1.953e-01
  3510  0.000e+00  0.000e+00  1.700e-01
  3515  0.000e+00  0.000e+00  1.489e-01
  3520  0.000e+00  0.000e+00  1.324e-01
  3525  0.000e+00  0.000e+00  1.206e-01
  3530  0.000e+00  0.000e+00  1.138e-01
  3535  0.000e+00  0.000e+00  1.121e-01
  3540  0.000e+00  0.000e+00  1.155e-01
  3545  0.000e+00  0.000e+00  1.239e-01
  3550  0.000e+00  0.000e+00  1.372e-01
  3555  0.000e+00  0.000e+00  1.552e-01
  3560  0.000e+00  0.000e+00  1.775e-01
  3565  0.000e+00  0.000e+00  2.037e-01
  3570  0.000e+00  0.000e+00  2.334e-01
  3575  0.000e+00  0.000e+00  2.660e-01
  3580  0.000e+00  0.000e+00  3.009e-01
  3585  0.000e+00  0.000e+00  3.375e-01
  3590  0.000e+00  0.000e+00  3.753e-01
  3595  0.000e+00  0.000e+00  4.135e-01
  3600  0.000e+00  0.000e+00  4.514e-01
  3605  0.000e+00  0.000e+00  4.885e-01
  3610  0.000e+00  0.000e+00  5.241e-01
  3615  0.000e+00  0.000e+00  5.576e-01
  3620  0.000e+00  0.000e+00  5.886e-01
  3625  0.000e+00  0.000e+00  6.165e-01
  3630  0.000e+00  0.000e+00  6.409e-01
  3635  0.000e+00  0.000e+00  6.615e-01
  3640  0.000e+00  0.000e+00  6.781e-01
  3645  0.000e+00  0.000e+00  6.905e-01
  3650  0.000e+00  0.000e+00  6.987e-01
  3655  0.000e+00  0.000e+00  7.026e-01
  3660  0.000e+00  0.000e+00  7.024e-01
  3665  0.000e+00  0.000e+00  6.982e-01
  3670  0.000e+00  0.000e+00  6.904e-01
  3675  0.000e+00  0.000e+00  6.793e-01
  3680  0.000e+00  0.000e+00  6.653e-01
  3685  0.000e+00  0.000e+00  6.489e-01
  3690  0.000e+00  0.000e+00  6.306e-01
  3695  0.000e+00  0.000e+00  6.109e-01
  3700  0.000e+00  0.000e+00  5.904e-01
  3705  0.000e+00  0.000e+00  5.698e-01
  3710  0.000e+00  0.000e+00  5.495e-01
  3715  0.000e+00  0.000e+00  5.302e-01
  3720  0.000e+00  0.000e+00  5.123e-01
  3725  0.000e+00  0.000e+00  4.965e-01
  3730  0.000e+00  0.000e+00  4.830e-01
  3735  0.000e+00  0.000e+00  4.724e-01
  3740  0.000e+00  0.000e+00  4.649e-01
  3745  0.000e+00  0.000e+00  4.608e-01
  3750  0.000e+00  0.000e+00  4.602e-01
  3755  0.000e+00  0.000e+00  4.633e-01
  3760  0.000e+00  0.000e+00  4.700e-01
  3765  0.000e+00  0.000e+00  4.804e-01
  3770  0.000e+00  0.000e+00  4.941e-01
  3775  0.000e+00  0.000e+00  5.111e-01
  3780  0.000e+00  0.000e+00  5.309e-01
  3785  0.000e+00  0.000e+00  5.533e-01
  3790  0.000e+00  0.000e+00  5.778e-01
  3795  0.000e+00  0.000e+00  6.039e-01
  3800  0.000e+00  0.000e+00  6.312e-01
  3805  0.000e+00  0.000e+00  6.590e-01
  3810  0.000e+00  0.000e+00  6.869e-01
  3815  0.000e+00  0.000e+00  7.143e-01
  3820  0.000e+00  0.000e+00  7.406e-01
  3825  0.000e+00  0.000e+00  7.653e-01
  3830  0.000e+00  0.000e+00  7.879e-01
  3835  0.000e+00  0.000e+00  8.079e-01
  3840  0.000e+00  0.000e+00  8.249e-01
  3845  0.000e+00  0.000e+00  8.385e-01
  3850  0.000e+00  0.000e+00  8.483e-01
  3855  0.000e+00  0.000e+00  8.542e-01
  3860  0.000e+00  0.000e+00  8.559e-01
  3865  0.000e+00  0.000e+00  8.533e-01
  3870  0.000e+00  0.000e+00  8.463e-01
  3875  0.000e+00  0.000e+00  8.350e-01
  3880  0.000e+00  0.000e+00  8.195e-01
  3885  0.000e+00  0.000e+00  7.999e-01
  3890  0.000e+00  0.000e+00  7.765e-01
  3895  0.000e+00  0.000e+00  7.495e-01
  3900  0.000e+00  0.000e+00  7.193e-01
  3905  0.000e+00  0.000e+00  6.863e-01
  3910  0.000e+00  0.000e+00  6.509e-01
  3915  0.000e+00  0.000e+00  6.135e-01
  3920  0.000e+00  0.000e+00  5.747e-01
  3925  0.000e+00  0.000e+00  5.350e-01
  3930  0.000e+00  0.000e+00  4.949e-01
  3935  0.000e+00  0.000e+00  4.548e-01
  3940  0.000e+00  0.000e+00  4.154e-01
  3945  0.000e+00  0.000e+00  3.772e-01
  3950  0.000e+00  0.000e+00  3.406e-01
  3955  0.000e+00  0.000e+00  3.061e-01
  3960  0.000e+00  0.000e+00  2.741e-01
  3965  0.000e+00  0.000e+00  2.450e-01
  3970  0.000e+00  0.000e+00  2.193e-01
  3975  0.000e+00  0.000e+00  1.971e-01
  3980  0.000e+00  0.000e+00  1.787e-01
  3985  0.000e+00  0.000e+00  1.644e-01
  3990  0.000e+00  0.000e+00  1.542e-01
  3995  0.000e+00  0.000e+00  1.484e-01
  4000  0.000e+00  0.000e+00  1.469e-01
  4005  0.000e+00  0.000e+00  1.496e-01
  4010  0.000e+00  0.000e+00  1.566e-01
  4015  0.000e+00  0.000e+00  1.677e-01
  4020  0.000e+00  0.000e+00  1.826e-01
  4025  0.000e+00  0.000e+00  2.012e-01
  4030  0.000e+00  0.000e+00  2.232e-01
  4035  0.000e+00  0.000e+00  2.483e-01
  4040  0.000e+00  0.000e+00  2.759e-01
  4045  0.000e+00  0.000e+00  3.059e-01
  4050  0.000e+00  0.000e+00  3.376e-01
  4055  0.000e+00  0.000e+00  3.707e-01
  4060  0.000e+00  0.000e+00  4.046e-01
  4065  0.000e+00  0.000e+00  4.389e-01
  4070  0.000e+00  0.000e+00  4.730e-01
  4075  0.000e+00  0.000e+00  5.065e-01
  4080  0.000e+00  0.000e+00  5.387e-01
  4085  0.000e+00  0.000e+00  5.693e-01
  4090  0.000e+00  0.000e+00  5.977e-01
  4095  0.000e+00  0.000e+00  6.235e-01
  4100  0.000e+00  0.000e+00  6.463e-01
  4105  0.000e+00  0.000e+00  6.657e-01
  4110  0.000e+00  0.000e+00  6.813e-01
  4115  0.000e+00  0.000e+00  6.930e-01
  4120  0.000e+00  0.000e+00  7.004e-01
  4125  0.000e+00  0.000e+00  7.034e-01
  4130  0.000e+00  0.000e+00  7.020e-01
  4135  0.000e+00  0.000e+00  6.961e-01
  4140  0.000e+00  0.000e+00  6.858e-01
  4145  0.000e+00  0.000e+00  6.712e-01
  4150  0.000e+00  0.000e+00  6.525e-01
  4155  0.000e+00  0.000e+00  6.300e-01
  4160  0.000e+00  0.000e+00  6.040e-01
  4165  0.000e+00  0.000e+00  5.750e-01
  4170  0.000e+00  0.000e+00  5.433e-01
  4175  0.000e+00  0.000e+00  5.096e-01
  4180  0.000e+00  0.000e+00  4.744e-01
  4185  0.000e+00  0.000e+00  4.384e-01
  4190  0.000e+00  0.000e+00  4.021e-01
  4195  0.000e+00  0.000e+00  3.662e-01
  4200  0.000e+00  0.000e+00  3.315e-01
  4205  0.000e+00  0.000e+00  2.985e-01
  4210  0.000e+00  0.000e+00  2.680e-01
  4215  0.000e+00  0.000e+00  2.405e-01
  4220  0.000e+00  0.000e+00  2.166e-01
  4225  0.000e+00  0.000e+00  1.969e-01
  4230  0.000e+00  0.000e+00  1.819e-01
  4235  0.000e+00  0.000e+00  1.719e-01
  4240  0.000e+00  0.000e+00  1.674e-01
  4245  0.000e+00  0.000e+00  1.685e-01
  4250  0.000e+00  0.000e+00  1.753e-01
  4255  0.000e+00  0.000e+00  1.880e-01
  4260  0.000e+00  0.000e+00  2.065e-01
  4265  0.000e+00  0.000e+00  2.306e-01
  4270  0.000e+00  0.000e+00  2.600e-01
  4275  0.000e+00  0.000e+00  2.945e-01
  4280  0.000e+00  0.000e+00  3.335e-01
  4285  0.000e+00  0.000e+00  3.765e-01
  4290  0.000e+00  0.000e+00  4.230e-01
  4295  0.000e+00  0.000e+00  4.721e-01
  4300  0.000e+00  0.000e+00  5.232e-01
  4305  0.000e+00  0.000e+00  5.754e-01
  4310  0.000e+00  0.000e+00  6.280e-01
  4315  0.000e+00  0.000e+00  6.801e-01
  4320  0.000e+00  0.000e+00  7.307e-01
  4325  0.000e+00  0.000e+00  7.791e-01
  4330  0.000e+00  0.000e+00  8.245e-01
  4335  0.000e+00  0.000e+00  8.661e-01
  4340  0.000e+00  0.000e+00  9.031e-01
  4345  0.000e+00  0.000e+00  9.349e-01
  4350  0.000e+00  0.000e+00  9.609e-01
  4355  0.000e+00  0.000e+00  9.807e-01
  4360  0.000e+00  0.000e+00  9.938e-01
  4365  0.000e+00  0.000e+00  1.000e+00
  4370  0.000e+00  0.000e+00  9.991e-01
  4375  0.000e+00  0.000e+00  9.911e-01
  4380  0.000e+00  0.000e+00  9.760e-01
  4385  0.000e+00  0.000e+00  9.541e-01
  4390  0.000e+00  0.000e+00  9.255e-01
  4395  0.000e+00  0.000e+00  8.908e-01
  4400  0.000e+00  0.000e+00  8.504e-01
  4405  0.000e+00  0.000e+00  8.050e-01
  4410  0.000e+00  0.000e+00  7.551e-01
  4415  0.000e+00  0.000e+00  7.016e-01
  4420  0.000e+00  0.000e+00  6.453e-01
  4425  0.000e+00  0.000e+00  5.869e-01
  4430  0.000e+00  0.000e+00  5.273e-01
  4435  0.000e+00  0.000e+00  4.675e-01
  4440  0.000e+00  0.000e+00  4.083e-01
  4445  0.000e+00  0.000e+00  3.506e-01
  4450  0.000e+00  0.000e+00  2.951e-01
  4455  0.000e+00  0.000e+00  2.427e-01
  4460  0.000e+00  0.000e+00  1.941e-01
  4465  0.000e+00  0.000e+00  1.499e-01
  4470  0.000e+00  0.000e+00  1.107e-01
  4475  0.000e+00  0.000e+00  7.692e-02
  4480  0.000e+00  0.000e+00  4.902e-02
  4485  0.000e+00  0.000e+00  2.724e-02
  4490  0.000e+00  0.000e+00  1.178e-02
  4495  0.000e+00  0.000e+00  2.707e-03
  4500  0.000e+00  0.000e+00  7.574e-16
  4505  0.000e+00  0.000e+00  3.536e-03
  4510  0.000e+00  0.000e+00  1.309e-02
  4515  0.000e+00  0.000e+00  2.837e-02
  4520  0.000e+00  0.000e+00  4.897e-02
  4525  0.000e+00  0.000e+00  7.443e-02
  4530  0.000e+00  0.000e+00  1.042e-01
  4535  0.000e+00  0.000e+00  1.378e-01
  4540  0.000e+00  0.000e+00  1.745e-01
  4545  0.000e+00  0.000e+00  2.137e-01
  4550  0.000e+00  0.000e+00  2.546e-01
  4555  0.000e+00  0.000e+00  2.968e-01
  4560  0.000e+00  0.000e+00  3.393e-01
  4565  0.000e+00  0.000e+00  3.817e-01
  4570  0.000e+00  0.000e+00  4.233e-01
  4575  0.000e+00  0.000e+00  4.634e-01
  4580  0.000e+00  0.000e+00  5.016e-01
  4585  0.000e+00  0.000e+00  5.373e-01
  4590  0.000e+00  0.000e+00  5.700e-01
  4595  0.000e+00  0.000e+00  5.994e-01
  4600  0.000e+00  0.000e+00  6.253e-01
  4605  0.000e+00  0.000e+00  6.472e-01
  4610  0.000e+00  0.000e+00  6.652e-01
  4615  0.000e+00  0.000e+00  6.790e-01
  4620  0.000e+00  0.000e+00  6.886e-01
  4625  0.000e+00  0.000e+00  6.941e-01
  4630  0.000e+00  0.000e+00  6.957e-01
  4635  0.000e+00  0.000e+00  6.934e-01
  4640  0.000e+00  0.000e+00  6.875e-01
  4645  0.000e+00  0.000e+00  6.783e-01
  4650  0.000e+00  0.000e+00  6.661e-01
  4655  0.000e+00  0.000e+00  6.513e-01
  4660  0.000e+00  0.000e+00  6.344e-01
  4665  0.000e+00  0.000e+00  6.157e-01
  4670  0.000e+00  0.000e+00  5.956e-01
  4675  0.000e+00  0.000e+00  5.748e-01
  4680  0.000e+00  0.000e+00  5.535e-01
  4685  0.000e+00  0.000e+00  5.324e-01
  4690  0.000e+00  0.000e+00  5.118e-01
  4695  0.000e+00  0.000e+00  4.922e-01
  4700  0.000e+00  0.000e+00  4.739e-01
  4705  0.000e+00  0.000e+00  4.575e-01
  4710  0.000e+00  0.000e+00  4.431e-01
  4715  0.000e+00  0.000e+00  4.312e-01
  4720  0.000e+00  0.000e+00  4.219e-01
  4725  0.000e+00  0.000e+00  4.155e-01
  4730  0.000e+00  0.000e+00  4.121e-01
  4735  0.000e+00  0.000e+00  4.118e-01
  4740  0.000e+00  0.000e+00  4.147e-01
  4745  0.000e+00  0.000e+00  4.207e-01
  4750  0.000e+00  0.000e+00  4.298e-01
  4755  0.000e+00  0.000e+00  4.418e-01
  4760  0.000e+00  0.000e+00  4.565e-01
  4765  0.000e+00  0.000e+00  4.737e-01
  4770  0.000e+00  0.000e+00  4.931e-01
  4775  0.000e+00  0.000e+00  5.144e-01
  4780  0.000e+00  0.000e+00  5.371e-01
  4785  0.000e+00  0.000e+00  5.609e-01
  4790  0.000e+00  0.000e+00  5.853e-01
  4795  0.000e+00  0.000e+00  6.099e-01
  4800  0.000e+00  0.000e+00  6.341e-01
  4805  0.000e+00  0.000e+00  6.576e-01
  4810  0.000e+00  0.000e+00  6.798e-01
  4815  0.000e+00  0.000e+00  7.002e-01
  4820  0.000e+00  0.000e+00  7.185e-01
  4825  0.000e+00  0.000e+00  7.341e-01
  4830  0.000e+00  0.000e+00  7.468e-01
  4835  0.000e+00  0.000e+00  7.560e-01
  4840  0.000e+00  0.000e+00  7.617e-01
  4845  0.000e+00  0.000e+00  7.635e-01
  4850  0.000e+00  0.000e+00  7.612e-01
  4855  0.000e+00  0.000e+00  7.547e-01
  4860  0.000e+00  0.000e+00  7.440e-01
  4865  0.000e+00  0.000e+00  7.291e-01
  4870  0.000e+00  0.000e+00  7.102e-01
  4875  0.000e+00  0.000e+00  6.873e-01
  4880  0.000e+00  0.000e+00  6.608e-01
  4885  0.000e+00  0.000e+00  6.310e-01
  4890  0.000e+00  0.000e+00  5.982e-01
  4895  0.000e+00  0.000e+00  5.629e-01
  4900  0.000e+00  0.000e+00  5.255e-01
  4905  0.000e+00  0.000e+00  4.867e-01
  4910  0.000e+00  0.000e+00  4.471e-01
  4915  0.000e+00  0.000e+00  4.071e-01
  4920  0.000e+00  0.000e+00  3.674e-01
  4925  0.000e+00  0.000e+00  3.287e-01
  4930  0.000e+00  0.000e+00  2.915e-01
  4935  0.000e+00  0.000e+00  2.565e-01
  4940  0.000e+00  0.000e+00  2.243e-01
  4945  0.000e+00  0.000e+00  1.953e-01
  4950  0.000e+00  0.000e+00  1.700e-01
  4955  0.000e+00  0.000e+00  1.489e-01
  4960  0.000e+00  0.000e+00  1.324e-01
  4965  0.000e+00  0.000e+00  1.206e-01
  4970  0.000e+00  0.000e+00  1.138e-01
  4975  0.000e+00  0.000e+00  1.121e-01
  4980  0.000e+00  0.000e+00  1.155e-01
  4985  0.000e+00  0.000e+00  1.239e-01
  4990  0.000e+00  0.000e+00  1.372e-01
  4995  0.000e+00  0.000e+00  1.552e-01
  5000  0.000e+00  0.000e+00  1.775e-01
  5005  0.000e+00  0.000e+00  2.037e-01
  5010  0.000e+00  0.000e+00  2.334e-01
  5015  0.000e+00  0.000e+00  2.660e-01
  5020  0.000e+00  0.000e+00  3.009e-01
  5025  0.000e+00  0.000e+00  3.375e-01
  5030  0.000e+00  0.000e+00  3.753e-01
  5035  0.000e+00  0.000e+00  4.135e-01
  5040  0.000e+00  0.000e+00  4.514e-01
  5045  0.000e+00  0.000e+00  4.885e-01
  5050  0.000e+00  0.000e+00  5.241e-01
  5055  0.000e+00  0.000e+00  5.576e-01
  5060  0.000e+00  0.000e+00  5.886e-01
  5065  0.000e+00  0.000e+00  6.165e-01
  5070  0.000e+00  0.000e+00  6.409e-01
  5075  0.000e+00  0.000e+00  6.615e-01
  5080  0.000e+00  0.000e+00  6.781e-01
  5085  0.000e+00  0.000e+00  6.905e-01
  5090  0.000e+00  0.000e+00  6.987e-01
  5095  0.000e+00  0.000e+00  7.026e-01
  5100  0.000e+00  0.000e+00  7.024e-01
  5105  0.000e+00  0.000e+00  6.982e-01
  5110  0.000e+00  0.000e+00  6.904e-01
  5115  0.000e+00  0.000e+00  6.793e-01
  5120  0.000e+00  0.000e+00  6.653e-01
  5125  0.000e+00  0.000e+00  6.489e-01
  5130  0.000e+00  0.000e+00  6.306e-01
  5135  0.000e+00  0.000e+00  6.109e-01
  5140  0.000e+00  0.000e+00  5.904e-01
  5145  0.000e+00  0.000e+00  5.698e-01
  5150  0.000e+00  0.000e+00  5.495e-01
  5155  0.000e+00  0.000e+00  5.302e-01
  5160  0.000e+00  0.000e+00  5.123e-01
  5165  0.000e+00  0.000e+00  4.965e-01
  5170  0.000e+00  0.000e+00  4.830e-01
  5175  0.000e+00  0.000e+00  4.724e-01
  5180  0.000e+00  0.000e+00  4.649e-01
  5185  0.000e+00  0.000e+00  4.608e-01
  5190  0.000e+00  0.000e+00  4.602e-01
  5195  0.000e+00  0.000e+00  4.633e-01
  5200  0.000e+00  0.000e+00  4.700e-01
  5205  0.000e+00  0.000e+00  4.804e-01
  5210  0.000e+00  0.000e+00  4.941e-01
  5215  0.000e+00  0.000e+00  5.111e-01
  5220  0.000e+00  0.000e+00  5.309e-01
  5225  0.000e+00  0.000e+00  5.533e-01
  5230  0.000e+00  0.000e+00  5.778e-01
  5235  0.000e+00  0.000e+00  6.039e-01
  5240  0.000e+00  0.000e+00  6.312e-01
  5245  0.000e+00  0.000e+00  6.590e-01
  5250  0.000e+00  0.000e+00  6.869e-01
  5255  0.000e+00  0.000e+00  7.143e-01
  5260  0.000e+00  0.000e+00  7.406e-01
  5265  0.000e+00  0.000e+00  7.653e-01
  5270  0.000e+00  0.000e+00  7.879e-01
  5275  0.000e+00  0.000e+00  8.079e-01
  5280  0.000e+00  0.000e+00  8.249e-01
  5285  0.000e+00  0.000e+00  8.385e-01
  5290  0.000e+00  0.000e+00  8.483e-01
  5295  0.000e+00  0.000e+00  8.542e-01
  5300  0.000e+00  0.000e+00  8.559e-01
  5305  0.000e+00  0.000e+00  8.533e-01
  5310  0.000e+00  0.000e+00  8.463e-01
  5315  0.000e+00  0.000e+00  8.350e-01
  5320  0.000e+00  0.000e+00  8.195e-01
  5325  0.000e+00  0.000e+00  7.999e-01
  5330  0.000e+00  0.000e+00  7.765e-01
  5335  0.000e+00  0.000e+00  7.495e-01
  5340  0.000e+00  0.000e+00  7.193e-01
  5345  0.000e+00  0.000e+00  6.863e-01
  5350  0.000e+00  0.000e+00  6.509e-01
  5355  0.000e+00  0.000e+00  6.135e-01
  5360  0.000e+00  0.000e+00  5.747e-01
  5365  0.000e+00  0.000e+00  5.350e-01
  5370  0.000e+00  0.000e+00  4.949e-01
  5375  0.000e+00  0.000e+00  4.548e-01
  5380  0.000e+00  0.000e+00  4.154e-01
  5385  0.000e+00  0.000e+00  3.772e-01
  5390  0.000e+00  0.000e+00  3.406e-01
  5395  0.000e+00  0.000e+00  3.061e-01
  5400  0.000e+00  0.000e+00  2.741e-01
  5405  0.000e+00  0.000e+00  2.450e-01
  5410  0.000e+00  0.000e+00  2.193e-01
  5415  0.000e+00  0.000e+00  1.971e-01
  5420  0.000e+00  0.000e+00  1.787e-01
  5425  0.000e+00  0.000e+00  1.644e-01
  5430  0.000e+00  0.000e+00  1.542e-01
  5435  0.000e+00  0.000e+00  1.484e-01
  5440  0.000e+00  0.000e+00  1.469e-01
  5445  0.000e+00  0.000e+00  1.496e-01
  5450  0.000e+00  0.000e+00  1.566e-01
  5455  0.000e+00  0.000e+00  1.677e-01
  5460  0.000e+00  0.000e+00  1.826e-01
  5465  0.000e+00  0.000e+00  2.012e-01
  5470  0.000e+00  0.000e+00  2.232e-01
  5475  0.000e+00  0.000e+00  2.483e-01
  5480  0.000e+00  0.000e+00  2.759e-01
  5485  0.000e+00  0.000e+00  3.059e-01
  5490  0.000e+00  0.000e+00  3.376e-01
  5495  0.000e+00  0.000e+00  3.707e-01
  5500  0.000e+00  0.000e+00  4.046e-01
  5505  0.000e+00  0.000e+00  4.389e-01
  5510  0.000e+00  0.000e+00  4.730e-01
  5515  0.000e+00  0.000e+00  5.065e-01
  5520  0.000e+00  0.000e+00  5.387e-01
  5525  0.000e+00  0.000e+00  5.693e-01
  5530  0.000e+00  0.000e+00  5.977e-01
  5535  0.000e+00  0.000e+00  6.235e-01
  5540  0.000e+00  0.000e+00  6.463e-01
  5545  0.000e+00  0.000e+00  6.657e-01
  5550  0.000e+00  0.000e+00  6.813e-01
  5555  0.000e+00  0.000e+00  6.930e-01
  5560  0.000e+00  0.000e+00  7.004e-01
  5565  0.000e+00  0.000e+00  7.034e-01
  5570  0.000e+00  0.000e+00  7.020e-01
  5575  0.000e+00  0.000e+00  6.961e-01
  5580  0.000e+00  0.000e+00  6.858e-01
  5585  0.000e+00  0.000e+00  6.712e-01
  5590  0.000e+00  0.000e+00  6.525e-01
  5595  0.000e+00  0.000e+00  6.300e-01
  5600  0.000e+00  0.000e+00  6.040e-01
  5605  0.000e+00  0.000e+00  5.750e-01
  5610  0.000e+00  0.000e+00  5.433e-01
  5615  0.000e+00  0.000e+00  5.096e-01
  5620  0.000e+00  0.000e+00  4.744e-01
  5625  0.000e+00  0.000e+00  4.384e-01
  5630  0.000e+00  0.000e+00  4.021e-01
  5635  0.000e+00  0.000e+00  3.662e-01
  5640  0.000e+00  0.000e+00  3.315e-01
  5645  0.000e+00  0.000e+00  2.985e-01
  5650  0.000e+00  0.000e+00  2.680e-01
  5655  0.000e+00  0.000e+00  2.405e-01
  5660  0.000e+00  0.000e+00  2.166e-01
  5665  0.000e+00  0.000e+00  1.969e-01
  5670  0.000e+00  0.000e+00  1.819e-01
  5675  0.000e+00  0.000e+00  1.719e-01
  5680  0.000e+00  0.000e+00  1.674e-01
  5685  0.000e+00  0.000e+00  1.685e-01
  5690  0.000e+00  0.000e+00  1.753e-01
  5695  0.000e+00  0.000e+00  1.880e-01
  5700  0.000e+00  0.000e+00  2.065e-01
  5705  0.000e+00  0.000e+00  2.306e-01
  5710  0.000e+00  0.000e+00  2.600e-01
  5715  0.000e+00  0.000e+00  2.945e-01
  5720  0.000e+00  0.000e+00  3.335e-01
  5725  0.000e+00  0.000e+00  3.765e-01
  5730  0.000e+00  0.000e+00  4.230e-01
  5735  0.000e+00  0.000e+00  4.721e-01
  5740  0.000e+00  0.000e+00  5.232e-01
  5745  0.000e+00  0.000e+00  5.754e-01
  5750  0.000e+00  0.000e+00  6.280e-01
  5755  0.000e+00  0.000e+00  6.801e-01
  5760  0.000e+00  0.000e+00  7.307e-01
  5765  0.000e+00  0.000e+00  7.791e-01
  5770  0.000e+00  0.000e+00  8.245e-01
  5775  0.000e+00  0.000e+00  8.661e-01
  5780  0.000e+00  0.000e+00  9.031e-01
  5785  0.000e+00  0.000e+00  9.349e-01
  5790  0.000e+00  0.000e+00  9.609e-01
  5795  0.000e+00  0.000e+00  9.807e-01
  5800  0.000e+00  0.000e+00  9.938e-01
  5805  0.000e+00  0.000e+00  1.000e+00
  5810  0.000e+00  0.000e+00  9.991e-01
  5815  0.000e+00  0.000e+00  9.911e-01
  5820  0.000e+00  0.000e+00  9.760e-01
  5825  0.000e+00  0.000e+00  9.541e-01
  5830  0.000e+00  0.000e+00  9.255e-01
  5835  0.000e+00  0.000e+00  8.908e-01
  5840  0.000e+00  0.000e+00  8.504e-01
  5845  0.000e+00  0.000e+00  8.050e-01
  5850  0.000e+00  0.000e+00  7.551e-01
  5855  0.000e+00  0.000e+00  7.016e-01
  5860  0.000e+00  0.000e+00  6.453e-01
  5865  0.000e+00  0.000e+00  5.869e-01
  5870  0.000e+00  0.000e+00  5.273e-01
  5875  0.000e+00  0.000e+00  4.675e-01
  5880  0.000e+00  0.000e+00  4.083e-01
  5885  0.000e+00  0.000e+00  3.506e-01
  5890  0.000e+00  0.000e+00  2.951e-01
  5895  0.000e+00  0.000e+00  2.427e-01
  5900  0.000e+00  0.000e+00  1.941e-01
  5905  0.000e+00  0.000e+00  1.499e-01
  5910  0.000e+00  0.000e+00  1.107e-01
  5915  0.000e+00  0.000e+00  7.692e-02
  5920  0.000e+00  0.000e+00  4.902e-02
  5925  0.000e+00  0.000e+00  2.724e-02
  5930  0.000e+00  0.000e+00  1.178e-02
  5935  0.000e+00  0.000e+00  2.707e-03
  5940  0.000e+00  0.000e+00  1.584e-15
  5945  0.000e+00  0.000e+00  3.536e-03
  5950  0.000e+00  0.000e+00  1.309e-02
  5955  0.000e+00  0.000e+00  2.837e-02
  5960  0.000e+00  0.000e+00  4.897e-02
  5965  0.000e+00  0.000e+00  7.443e-02
  5970  0.000e+00  0.000e+00  1.042e-01
  5975  0.000e+00  0.000e+00  1.378e-01
  5980  0.000e+00  0.000e+00  1.745e-01
  5985  0.000e+00  0.000e+00  2.137e-01
  5990  0.000e+00  0.000e+00  2.546e-01
  5995  0.000e+00  0.000e+00  2.968e-01
  6000  0.000e+00  0.000e+00  3.393e-01
  6005  0.000e+00  0.000e+00  3.817e-01
  6010  0.000e+00  0.000e+00  4.233e-01
  6015  0.000e+00  0.000e+00  4.634e-01
  6020  0.000e+00  0.000e+00  5.016e-01
  6025  0.000e+00  0.000e+00  5.373e-01
  6030  0.000e+00  0.000e+00  5.700e-01
  6035  0.000e+00  0.000e+00  5.994e-01
  6040  0.000e+00  0.000e+00  6.253e-01
  6045  0.000e+00  0.000e+00  6.472e-01
  6050  0.000e+00  0.000e+00  6.652e-01
  6055  0.000e+00  0.000e+00  6.790e-01
  6060  0.000e+00  0.000e+00  6.886e-01
  6065  0.000e+00  0.000e+00  6.941e-01
  6070  0.000e+00  0.000e+00  6.957e-01
  6075  0.000e+00  0.000e+00  6.934e-01
  6080  0.000e+00  0.000e+00  6.875e-01
  6085  0.000e+00  0.000e+00  6.783e-01
  6090  0.000e+00  0.000e+00  6.661e-01
  6095  0.000e+00  0.000e+00  6.513e-01
  6100  0.000e+00  0.000e+00  6.344e-01
  6105  0.000e+00  0.000e+00  6.157e-01
  6110  0.000e+00  0.000e+00  5.956e-01
  6115  0.000e+00  0.000e+00  5.748e-01
  6120  0.000e+00  0.000e+00  5.535e-01
  6125  0.000e+00  0.000e+00  5.324e-01
  6130  0.000e+00  0.000e+00  5.118e-01
  6135  0.000e+00  0.000e+00  4.922e-01
  6140  0.000e+00  0.000e+00  4.739e-01
  6145  0.000e+00  0.000e+00  4.575e-01
  6150  0.000e+00  0.000e+00  4.431e-01
  6155  0.000e+00  0.000e+00  4.312e-01
  6160  0.000e+00  0.000e+00  4.219e-01
  6165  0.000e+00  0.000e+00  4.155e-01
  6170  0.000e+00  0.000e+00  4.121e-01
  6175  0.000e+00  0.000e+00  4.118e-01
  6180  0.000e+00  0.000e+00  4.147e-01
  6185  0.000e+00  0.000e+00  4.207e-01
  6190  0.000e+00  0.000e+00  4.298e-01
  6195  0.000e+00  0.000e+00  4.418e-01
  6200  0.000e+00  0.000e+00  4.565e-01
  6205  0.000e+00  0.000e+00  4.737e-01
  6210  0.000e+00  0.000e+00  4.931e-01
  6215  0.000e+00  0.000e+00  5.144e-01
  6220  0.000e+00  0.000e+00  5.371e-01
  6225  0.000e+00  0.000e+00  5.609e-01
  6230  0.000e+00  0.000e+00  5.853e-01
  6235  0.000e+00  0.000e+00  6.099e-01
  6240  0.000e+00  0.000e+00  6.341e-01
  6245  0.000e+00  0.000e+00  6.576e-01
  6250  0.000e+00  0.000e+00  6.798e-01
  6255  0.000e+00  0.000e+00  7.002e-01
  6260  0.000e+00  0.000e+00  7.185e-01
  6265  0.000e+00  0.000e+00  7.341e-01
  6270  0.000e+00  0.000e+00  7.468e-01
  6275  0.000e+00  0.000e+00  7.560e-01
  6280  0.000e+00  0.000e+00  7.617e-01
  6285  0.000e+00  0.000e+00  7.635e-01
  6290  0.000e+00  0.000e+00  7.612e-01
  6295  0.000e+00  0.000e+00  7.547e-01
  6300  0.000e+00  0.000e+00  7.440e-01
  6305  0.000e+00  0.000e+00  7.291e-01
  6310  0.000e+00  0.000e+00  7.102e-01
  6315  0.000e+00  0.000e+00  6.873e-01
  6320  0.000e+00  0.000e+00  6.608e-01
  6325  0.000e+00  0.000e+00  6.310e-01
  6330  0.000e+00  0.000e+00  5.982e-01
  6335  0.000e+00  0.000e+00  5.629e-01
  6340  0.000e+00  0.000e+00  5.255e-01
  6345  0.000e+00  0.000e+00  4.867e-01
  6350  0.000e+00  0.000e+00  4.471e-01
  6355  0.000e+00  0.000e+00  4.071e-01
  6360  0.000e+00  0.000e+00  3.674e-01
  6365  0.000e+00  0.000e+00  3.287e-01
  6370  0.000e+00  0.000e+00  2.915e-01
  6375  0.000e+00  0.000e+00  2.565e-01
  6380  0.000e+00  0.000e+00  2.243e-01
  6385  0.000e+00  0.000e+00  1.953e-01
  6390  0.000e+00  0.000e+00  1.700e-01
  6395  0.000e+00  0.000e+00  1.489e-01
  6400  0.000e+00  0.000e+00  1.324e-01
  6405  0.000e+00  0.000e+00  1.206e-01
  6410  0.000e+00  0.000e+00  1.138e-01
  6415  0.000e+00  0.000e+00  1.121e-01
  6420  0.000e+00  0.000e+00  1.155e-01
  6425  0.000e+00  0.000e+00  1.239e-01
  6430  0.000e+00  0.000e+00  1.372e-01
  6435  0.000e+00  0.000e+00  1.552e-01
  6440  0.000e+00  0.000e+00  1.775e-01
  6445  0.000e+00  0.000e+00  2.037e-01
  6450  0.000e+00  0.000e+00  2.334e-01
  6455  0.000e+00  0.000e+00  2.660e-01
  6460  0.000e+00  0.000e+00  3.009e-01
  6465  0.000e+00  0.000e+00  3.375e-01
  6470  0.000e+00  0.000e+00  3.753e-01
  6475  0.000e+00  0.000e+00  4.135e-01
  6480  0.000e+00  0.000e+00  4.514e-01
  6485  0.000e+00  0.000e+00  4.885e-01
  6490  0.000e+00  0.000e+00  5.241e-01
  6495  0.000e+00  0.000e+00  5.576e-01
  6500  0.000e+00  0.000e+00  5.886e-01
  6505  0.000e+00  0.000e+00  6.165e-01
  6510  0.000e+00  0.000e+00  6.409e-01
  6515  0.000e+00  0.000e+00  6.615e-01
  6520  0.000e+00  0.000e+00  6.781e-01
  6525  0.000e+00  0.000e+00  6.905e-01
  6530  0.000e+00  0.000e+00  6.987e-01
  6535  0.000e+00  0.000e+00  7.026e-01
  6540  0.000e+00  0.000e+00  7.024e-01
  6545  0.000e+00  0.000e+00  6.982e-01
  6550  0.000e+00  0.000e+00  6.904e-01
  6555  0.000e+00  0.000e+00  6.793e-01
  6560  0.000e+00  0.000e+00  6.653e-01
  6565  0.000e+00  0.000e+00  6.489e-01
  6570  0.000e+00  0.000e+00  6.306e-01
  6575  0.000e+00  0.000e+00  6.109e-01
  6580  0.000e+00  0.000e+00  5.904e-01
  6585  0.000e+00  0.000e+00  5.698e-01
  6590  0.000e+00  0.000e+00  5.495e-01
  6595  0.000e+00  0.000e+00  5.302e-01
  6600  0.000e+00  0.000e+00  5.123e-01
  6605  0.000e+00  0.000e+00  4.965e-01
  6610  0.000e+00  0.000e+00  4.830e-01
  6615  0.000e+00  0.000e+00  4.724e-01
  6620  0.000e+00  0.000e+00  4.649e-01
  6625  0.000e+00  0.000e+00  4.608e-01
  6630  0.000e+00  0.000e+00  4.602e-01
  6635  0.000e+00  0.000e+00  4.633e-01
  6640  0.000e+00  0.000e+00  4.700e-01
  6645  0.000e+00  0.000e+00  4.804e-01
  6650  0.000e+00  0.000e+00  4.941e-01
  6655  0.000e+00  0.000e+00  5.111e-01
  6660  0.000e+00  0.000e+00  5.309e-01
  6665  0.000e+00  0.000e+00  5.533e-01
  6670  0.000e+00  0.000e+00  5.778e-01
  6675  0.000e+00  0.000e+00  6.039e-01
  6680  0.000e+00  0.000e+00  6.312e-01
  6685  0.000e+00  0.000e+00  6.590e-01
  6690  0.000e+00  0.000e+00  6.869e-01
  6695  0.000e+00  0.000e+00  7.143e-01
  6700  0.000e+00  0.000e+00  7.406e-01
  6705  0.000e+00  0.000e+00  7.653e-01
  6710  0.000e+00  0.000e+00  7.879e-01
  6715  0.000e+00  0.000e+00  8.079e-01
  6720  0.000e+00  0.000e+00  8.249e-01
  6725  0.000e+00  0.000e+00  8.385e-01
  6730  0.000e+00  0.000e+00  8.483e-01
  6735  0.000e+00  0.000e+00  8.542e-01
  6740  0.000e+00  0.000e+00  8.559e-01
  6745  0.000e+00  0.000e+00  8.533e-01
  6750  0.000e+00  0.000e+00  8.463e-01
  6755  0.000e+00  0.000e+00  8.350e-01
  6760  0.000e+00  0.000e+00  8.195e-01
  6765  0.000e+00  0.000e+00  7.999e-01
  6770  0.000e+00  0.000e+00  7.765e-01
  6775  0.000e+00  0.000e+00  7.495e-01
  6780  0.000e+00  0.000e+00  7.193e-01
  6785  0.000e+00  0.000e+00  6.863e-01
  6790  0.000e+00  0.000e+00  6.509e-01
  6795  0.000e+00  0.000e+00  6.135e-01
  6800  0.000e+00  0.000e+00  5.747e-01
  6805  0.000e+00  0.000e+00  5.350e-01
  6810  0.000e+00  0.000e+00  4.949e-01
  6815  0.000e+00  0.000e+00  4.548e-01
  6820  0.000e+00  0.000e+00  4.154e-01
  6825  0.000e+00  0.000e+00  3.772e-01
  6830  0.000e+00  0.000e+00  3.406e-01
  6835  0.000e+00  0.000e+00  3.061e-01
  6840  0.000e+00  0.000e+00  2.741e-01
  6845  0.000e+00  0.000e+00  2.450e-01
  6850  0.000e+00  0.000e+00  2.193e-01
  6855  0.000e+00  0.000e+00  1.971e-01
  6860  0.000e+00  0.000e+00  1.787e-01
  6865  0.000e+00  0.000e+00  1.644e-01
  6870  0.000e+00  0.000e+00  1.542e-01
  6875  0.000e+00  0.000e+00  1.484e-01
  6880  0.000e+00  0.000e+00  1.469e-01
  6885  0.000e+00  0.000e+00  1.496e-01
  6890  0.000e+00  0.000e+00  1.566e-01
  6895  0.000e+00  0.000e+00  1.677e-01
  6900  0.000e+00  0.000e+00  1.826e-01
  6905  0.000e+00  0.000e+00  2.012e-01
  6910  0.000e+00  0.000e+00  2.232e-01
  6915  0.000e+00  0.000e+00  2.483e-01
  6920  0.000e+00  0.000e+00  2.759e-01
  6925  0.000e+00  0.000e+00  3.059e-01
  6930  0.000e+00  0.000e+00  3.376e-01
  6935  0.000e+00  0.000e+00  3.707e-01
  6940  0.000e+00  0.000e+00  4.046e-01
  6945  0.000e+00  0.000e+00  4.389e-01
  6950  0.000e+00  0.000e+00  4.730e-01
  6955  0.000e+00  0.000e+00  5.065e-01
  6960  0.000e+00  0.000e+00  5.387e-01
  6965  0.000e+00  0.000e+00  5.693e-01
  6970  0.000e+00  0.000e+00  5.977e-01
  6975  0.000e+00  0.000e+00  6.235e-01
  6980  0.000e+00  0.000e+00  6.463e-01
  6985  0.000e+00  0.000e+00  6.657e-01
  6990  0.000e+00  0.000e+00  6.813e-01
  6995  0.000e+00  0.000e+00  6.930e-01
  7000  0.000e+00  0.000e+00  7.004e-01
  7005  0.000e+00  0.000e+00  7.034e-01
  7010  0.000e+00  0.000e+00  7.020e-01
  7015  0.000e+00  0.000e+00  6.961e-01
  7020  0.000e+00  0.000e+00  6.858e-01
  7025  0.000e+00  0.000e+00  6.712e-01
  7030  0.000e+00  0.000e+00  6.525e-01
  7035  0.000e+00  0.000e+00  6.300e-01
  7040  0.000e+00  0.000e+00  6.040e-01
  7045  0.000e+00  0.000e+00  5.750e-01
  7050  0.000e+00  0.000e+00  5.433e-01
  7055  0.000e+00  0.000e+00  5.096e-01
  7060  0.000e+00  0.000e+00  4.744e-01
  7065  0.000e+00  0.000e+00  4.384e-01
  7070  0.000e+00  0.000e+00  4.021e-01
  7075  0.000e+00  0.000e+00  3.662e-01
  7080  0.000e+00  0.000e+00  3.315e-01
  7085  0.000e+00  0.000e+00  2.985e-01
  7090  0.000e+00  0.000e+00  2.680e-01
  7095  0.000e+00  0.000e+00  2.405e-01
  7100  0.000e+00  0.000e+00  2.166e-01
  7105  0.000e+00  0.000e+00  1.969e-01
  7110  0.000e+00  0.000e+00  1.819e-01
  7115  0.000e+00  0.000e+00  1.719e-01
  7120  0.000e+00  0.000e+00  1.674e-01
  7125  0.000e+00  0.000e+00  1.685e-01
  7130  0.000e+00  0.000e+00  1.753e-01
  7135  0.000e+00  0.000e+00  1.880e-01
  7140  0.000e+00  0.000e+00  2.065e-01
  7145  0.000e+00  0.000e+00  2.306e-01
  7150  0.000e+00  0.000e+00  2.600e-01
  7155  0.000e+00  0.000e+00  2.945e-01
  7160  0.000e+00  0.000e+00  3.335e-01
  7165  0.000e+00  0.000e+00  3.765e-01
  7170  0.000e+00  0.000e+00  4.230e-01
  7175  0.000e+00  0.000e+00  4.721e-01
  7180  0.000e+00  0.000e+00  5.232e-01
  7185  0.000e+00  0.000e+00  5.754e-01
  7190  0.000e+00  0.000e+00  6.280e-01
  7195  0.000e+00  0.000e+00  6.801e-01
  7200  0.000e+00  0.000e+00  7.307e-01
  7205  0.000e+00  0.000e+00  7.791e-01
  7210  0.000e+00  0.000e+00  8.245e-01
  7215  0.000e+00  0.000e+00  8.661e-01
  7220  0.000e+00  0.000e+00  9.031e-01
  7225  0.000e+00  0.000e+00  9.349e-01
  7230  0.000e+00  0.000e+00  9.609e-01
  7235  0.000e+00  0.000e+00  9.807e-01
  7240  0.000e+00  0.000e+00  9.938e-01
  7245  0.000e+00  0.000e+00  1.000e+00
  7250  0.000e+00  0.000e+00  9.991e-01
  7255  0.000e+00  0.000e+00  9.911e-01
  7260  0.000e+00  0.000e+00  9.760e-01
  7265  0.000e+00  0.000e+00  9.541e-01
  7270  0.000e+00  0.000e+00  9.255e-01
  7275  0.000e+00  0.000e+00  8.908e-01
  7280  0.000e+00  0.000e+00  8.504e-01
  7285  0.000e+00  0.000e+00  8.050e-01
  7290  0.000e+00  0.000e+00  7.551e-01
  7295  0.000e+00  0.000e+00  7.016e-01
  7300  0.000e+00  0.000e+00  6.453e-01
  7305  0.000e+00  0.000e+00  5.869e-01
  7310  0.000e+00  0.000e+00  5.273e-01
  7315  0.000e+00  0.000e+00  4.675e-01
  7320  0.000e+00  0.000e+00  4.083e-01
  7325  0.000e+00  0.000e+00  3.506e-01
  7330  0.000e+00  0.000e+00  2.951e-01
  7335  0.000e+00  0.000e+00  2.427e-01
  7340  0.000e+00  0.000e+00  1.941e-01
  7345  0.000e+00  0.000e+00  1.499e-01
  7350  0.000e+00  0.000e+00  1.107e-01
  7355  0.000e+00  0.000e+00  7.692e-02
  7360  0.000e+00  0.000e+00  4.902e-02
  7365  0.000e+00  0.000e+00  2.724e-02
  7370  0.000e+00  0.000e+00  1.178e-02
  7375  0.000e+00  0.000e+00  2.707e-03
  7380  0.000e+00  0.000e+00  2.066e-16
  7385  0.000e+00  0.000e+00  3.536e-03
  7390  0.000e+00  0.000e+00  1.309e-02
  7395  0.000e+00  0.000e+00  2.837e-02
  7400  0.000e+00  0.000e+00  4.897e-02
  7405  0.000e+00  0.000e+00  7.443e-02
  7410  0.000e+00  0.000e+00  1.042e-01
  7415  0.000e+00  0.000e+00  1.378e-01
  7420  0.000e+00  0.000e+00  1.745e-01
  7425  0.000e+00  0.000e+00  2.137e-01
  7430  0.000e+00  0.000e+00  2.546e-01
  7435  0.000e+00  0.000e+00  2.968e-01
  7440  0.000e+00  0.000e+00  3.393e-01
  7445  0.000e+00  0.000e+00  3.817e-01
  7450  0.000e+00  0.000e+00  4.233e-01
  7455  0.000e+00  0.000e+00  4.634e-01
  7460  0.000e+00  0.000e+00  5.016e-01
  7465  0.000e+00  0.000e+00  5.373e-01
  7470  0.000e+00  0.000e+00  5.700e-01
  7475  0.000e+00  0.000e+00  5.994e-01
  7480  0.000e+00  0.000e+00  6.253e-01
  7485  0.000e+00  0.000e+00  6.472e-01
  7490  0.000e+00  0.000e+00  6.652e-01
  7495  0.000e+00  0.000e+00  6.790e-01
  7500  0.000e+00  0.000e+00  6.886e-01
  7505  0.000e+00  0.000e+00  6.941e-01
  7510  0.000e+00  0.000e+00  6.957e-01
  7515  0.000e+00  0.000e+00  6.934e-01
  7520  0.000e+00  0.000e+00  6.875e-01
  7525  0.000e+00  0.000e+00  6.783e-01
  7530  0.000e+00  0.000e+00  6.661e-01
  7535  0.000e+00  0.000e+00  6.513e-01
  7540  0.000e+00  0.000e+00  6.344e-01
  7545  0.000e+00  0.000e+00  6.157e-01
  7550  0.000e+00  0.000e+00  5.956e-01
  7555  0.000e+00  0.000e+00  5.748e-01
  7560  0.000e+00  0.000e+00  5.535e-01
  7565  0.000e+00  0.000e+00  5.324e-01
  7570  0.000e+00  0.000e+00  5.118e-01
  7575  0.000e+00  0.000e+00  4.922e-01
  7580  0.000e+00  0.000e+00  4.739e-01
  7585  0.000e+00  0.000e+00  4.575e-01
  7590  0.000e+00  0.000e+00  4.431e-01
  7595  0.000e+00  0.000e+00  4.312e-01
  7600  0.000e+00  0.000e+00  4.219e-01
  7605  0.000e+00  0.000e+00  4.155e-01
  7610  0.000e+00  0.000e+00  4.121e-01
  7615  0.000e+00  0.000e+00  4.118e-01
  7620  0.000e+00  0.000e+00  4.147e-01
  7625  0.000e+00  0.000e+00  4.207e-01
  7630  0.000e+00  0.000e+00  4.298e-01
  7635  0.000e+00  0.000e+00  4.418e-01
  7640  0.000e+00  0.000e+00  4.565e-01
  7645  0.000e+00  0.000e+00  4.737e-01
  7650  0.000e+00  0.000e+00  4.931e-01
  7655  0.000e+00  0.000e+00  5.144e-01
  7660  0.000e+00  0.000e+00  5.371e-01
  7665  0.000e+00  0.000e+00  5.609e-01
  7670  0.000e+00  0.000e+00  5.853e-01
  7675  0.000e+00  0.000e+00  6.099e-01
  7680  0.000e+00  0.000e+00  6.341e-01
  7685  0.000e+00  0.000e+00  6.576e-01
  7690  0.000e+00  0.000e+00  6.798e-01
  7695  0.000e+00  0.000e+00  7.002e-01
  7700  0.000e+00  0.000e+00  7.185e-01
  7705  0.000e+00  0.000e+00  7.341e-01
  7710  0.000e+00  0.000e+00  7.468e-01
  7715  0.000e+00  0.000e+00  7.560e-01
  7720  0.000e+00  0.000e+00  7.617e-01
  7725  0.000e+00  0.000e+00  7.635e-01
  7730  0.000e+00  0.000e+00  7.612e-01
  7735  0.000e+00  0.000e+00  7.547e-01
  7740  0.000e+00  0.000e+00  7.440e-01
  7745  0.000e+00  0.000e+00  7.291e-01
  7750  0.000e+00  0.000e+00  7.102e-01
  7755  0.000e+00  0.000e+00  6.873e-01
  7760  0.000e+00  0.000e+00  6.608e-01
  7765  0.000e+00  0.000e+00  6.310e-01
  7770  0.000e+00  0.000e+00  5.982e-01
  7775  0.000e+00  0.000e+00  5.629e-01
  7780  0.000e+00  0.000e+00  5.255e-01
  7785  0.000e+00  0.000e+00  4.867e-01
  7790  0.000e+00  0.000e+00  4.471e-01
  7795  0.000e+00  0.000e+00  4.071e-01
  7800  0.000e+00  0.000e+00  3.674e-01
  7805  0.000e+00  0.000e+00  3.287e-01
  7810  0.000e+00  0.000e+00  2.915e-01
  7815  0.000e+00  0.000e+00  2.565e-01
  7820  0.000e+00  0.000e+00  2.243e-01
  7825  0.000e+00  0.000e+00  1.953e-01
  7830  0.000e+00  0.000e+00  1.700e-01
  7835  0.000e+00  0.000e+00  1.489e-01
  7840  0.000e+00  0.000e+00  1.324e-01
  7845  0.000e+00  0.000e+00  1.206e-01
  7850  0.000e+00  0.000e+00  1.138e-01
  7855  0.000e+00  0.000e+00  1.121e-01
  7860  0.000e+00  0.000e+00  1.155e-01
  7865  0.000e+00  0.000e+00  1.239e-01
  7870  0.000e+00  0.000e+00  1.372e-01
  7875  0.000e+00  0.000e+00  1.552e-01
  7880  0.000e+00  0.000e+00  1.775e-01
  7885  0.000e+00  0.000e+00  2.037e-01
  7890  0.000e+00  0.000e+00  2.334e-01
  7895  0.000e+00  0.000e+00  2.660e-01
  7900  0.000e+00  0.000e+00  3.009e-01
  7905  0.000e+00  0.000e+00  3.375e-01
  7910  0.000e+00  0.000e+00  3.753e-01
  7915  0.000e+00  0.000e+00  4.135e-01
  7920  0.000e+00  0.000e+00  4.514e-01
  7925  0.000e+00  0.000e+00  4.885e-01
  7930  0.000e+00  0.000e+00  5.241e-01
  7935  0.000e+00  0.000e+00  5.576e-01
  7940  0.000e+00  0.000e+00  5.886e-01
  7945  0.000e+00  0.000e+00  6.165e-01
  7950  0.000e+00  0.000e+00  6.409e-01
  7955  0.000e+00  0.000e+00  6.615e-01
  7960  0.000e+00  0.000e+00  6.781e-01
  7965  0.000e+00  0.000e+00  6.905e-01
  7970  0.000e+00  0.000e+00  6.987e-01
  7975  0.000e+00  0.000e+00  7.026e-01
  7980  0.000e+00  0.000e+00  7.024e-01
  7985  0.000e+00  0.000e+00  6.982e-01
  7990  0.000e+00  0.000e+00  6.904e-01
  7995  0.000e+00  0.000e+00  6.793e-01
  8000  0.000e+00  0.000e+00  6.653e-01
  8005  0.000e+00  0.000e+00  6.489e-01
  8010  0.000e+00  0.000e+00  6.306e-01
  8015  0.000e+00  0.000e+00  6.109e-01
  8020  0.000e+00  0.000e+00  5.904e-01
  8025  0.000e+00  0.000e+00  5.698e-01
  8030  0.000e+00  0.000e+00  5.495e-01
  8035  0.000e+00  0.000e+00  5.302e-01
  8040  0.000e+00  0.000e+00  5.123e-01
  8045  0.000e+00  0.000e+00  4.965e-01
  8050  0.000e+00  0.000e+00  4.830e-01
  8055  0.000e+00  0.000e+00  4.724e-01
  8060  0.000e+00  0.000e+00  4.649e-01
  8065  0.000e+00  0.000e+00  4.608e-01
  8070  0.000e+00  0.000e+00  4.602e-01
  8075  0.000e+00  0.000e+00  4.633e-01
  8080  0.000e+00  0.000e+00  4.700e-01
  8085  0.000e+00  0.000e+00  4.804e-01
  8090  0.000e+00  0.000e+00  4.941e-01
  8095  0.000e+00  0.000e+00  5.111e-01
  8100  0.000e+00  0.000e+00  5.309e-01
  8105  0.000e+00  0.000e+00  5.533e-01
  8110  0.000e+00  0.000e+00  5.778e-01
  8115  0.000e+00  0.000e+00  6.039e-01
  8120  0.000e+00  0.000e+00  6.312e-01
  8125  0.000e+00  0.000e+00  6.590e-01
  8130  0.000e+00  0.000e+00  6.869e-01
  8135  0.000e+00  0.000e+00  7.143e-01
  8140  0.000e+00  0.000e+00  7.406e-01
  8145  0.000e+00  0.000e+00  7.653e-01
  8150  0.000e+00  0.000e+00  7.879e-01
  8155  0.000e+00  0.000e+00  8.079e-01
  8160  0.000e+00  0.000e+00  8.249e-01
  8165  0.000e+00  0.000e+00  8.385e-01
  8170  0.000e+00  0.000e+00  8.483e-01
  8175  0.000e+00  0.000e+00  8.542e-01
  8180  0.000e+00  0.000e+00  8.559e-01
  8185  0.000e+00  0.000e+00  8.533e-01
  8190  0.000e+00  0.000e+00  8.463e-01
  8195  0.000e+00  0.000e+00  8.350e-01
  8200  0.000e+00  0.000e+00  8.195e-01
  8205  0.000e+00  0.000e+00  7.999e-01
  8210  0.000e+00  0.000e+00  7.765e-01
  8215  0.000e+00  0.000e+00  7.495e-01
  8220  0.000e+00  0.000e+00  7.193e-01
  8225  0.000e+00  0.000e+00  6.863e-01
  8230  0.000e+00  0.000e+00  6.509e-01
  8235  0.000e+00  0.000e+00  6.135e-01
  8240  0.000e+00  0.000e+00  5.747e-01
  8245  0.000e+00  0.000e+00  5.350e-01
  8250  0.000e+00  0.000e+00  4.949e-01
  8255  0.000e+00  0.000e+00  4.548e-01
  8260  0.000e+00  0.000e+00  4.154e-01
  8265  0.000e+00  0.000e+00  3.772e-01
  8270  0.000e+00  0.000e+00  3.406e-01
  8275  0.000e+00  0.000e+00  3.061e-01
  8280  0.000e+00  0.000e+00  2.741e-01
  8285  0.000e+00  0.000e+00  2.450e-01
  8290  0.000e+00  0.000e+00  2.193e-01
  8295  0.000e+00  0.000e+00  1.971e-01
  8300  0.000e+00  0.000e+00  1.787e-01
  8305  0.000e+00  0.000e+00  1.644e-01
  8310  0.000e+00  0.000e+00  1.542e-01
  8315  0.000e+00  0.000e+00  1.484e-01
  8320  0.000e+00  0.000e+00  1.469e-01
  8325  0.000e+00  0.000e+00  1.496e-01
  8330  0.000e+00  0.000e+00  1.566e-01
  8335  0.000e+00  0.000e+00  1.677e-01
  8340  0.000e+00  0.000e+00  1.826e-01
  8345  0.000e+00  0.000e+00  2.012e-01
  8350  0.000e+00  0.000e+00  2.232e-01
  8355  0.000e+00  0.000e+00  2.483e-01
  8360  0.000e+00  0.000e+00  2.759e-01
  8365  0.000e+00  0.000e+00  3.059e-01
  8370  0.000e+00  0.000e+00  3.376e-01
  8375  0.000e+00  0.000e+00  3.707e-01
  8380  0.000e+00  0.000e+00  4.046e-01
  8385  0.000e+00  0.000e+00  4.389e-01
  8390  0.000e+00  0.000e+00  4.730e-01
  8395  0.000e+00  0.000e+00  5.065e-01
  8400  0.000e+00  0.000e+00  5.387e-01
  8405  0.000e+00  0.000e+00  5.693e-01
  8410  0.000e+00  0.000e+00  5.977e-01
  8415  0.000e+00  0.000e+00  6.235e-01
  8420  0.000e+00  0.000e+00  6.463e-01
  8425  0.000e+00  0.000e+00  6.657e-01
  8430  0.000e+00  0.000e+00  6.813e-01
  8435  0.000e+00  0.000e+00  6.930e-01
  8440  0.000e+00  0.000e+00  7.004e-01
  8445  0.000e+00  0.000e+00  7.034e-01
  8450  0.000e+00  0.000e+00  7.020e-01
  8455  0.000e+00  0.000e+00  6.961e-01
  8460  0.000e+00  0.000e+00  6.858e-01
  8465  0.000e+00  0.000e+00  6.712e-01
  8470  0.000e+00  0.000e+00  6.525e-01
  8475  0.000e+00  0.000e+00  6.300e-01
  8480  0.000e+00  0.000e+00  6.040e-01
  8485  0.000e+00  0.000e+00  5.750e-01
  8490  0.000e+00  0.000e+00  5.433e-01
  8495  0.000e+00  0.000e+00  5.096e-01
  8500  0.000e+00  0.000e+00  4.744e-01
  8505  0.000e+00  0.000e+00  4.384e-01
  8510  0.000e+00  0.000e+00  4.021e-01
  8515  0.000e+00  0.000e+00  3.662e-01
  8520  0.000e+00  0.000e+00  3.315e-01
  8525  0.000e+00  0.000e+00  2.985e-01
  8530  0.000e+00  0.000e+00  2.680e-01
  8535  0.000e+00  0.000e+00  2.405e-01
  8540  0.000e+00  0.000e+00  2.166e-01
  8545  0.000e+00  0.000e+00  1.969e-01
  8550  0.000e+00  0.000e+00  1.819e-01
  8555  0.000e+00  0.000e+00  1.719e-01
  8560  0.000e+00  0.000e+00  1.674e-01
  8565  0.000e+00  0.000e+00  1.685e-01
  8570  0.000e+00  0.000e+00  1.753e-01
  8575  0.000e+00  0.000e+00  1.880e-01
  8580  0.000e+00  0.000e+00  2.065e-01
  8585  0.000e+00  0.000e+00  2.306e-01
  8590  0.000e+00  0.000e+00  2.600e-01
  8595  0.000e+00  0.000e+00  2.945e-01
  8600  0.000e+00  0.000e+00  3.335e-01
  8605  0.000e+00  0.000e+00  3.765e-01
  8610  0.000e+00  0.000e+00  4.230e-01
  8615  0.000e+00  0.000e+00  4.721e-01
  8620  0.000e+00  0.000e+00  5.232e-01
  8625  0.000e+00  0.000e+00  5.754e-01
  8630  0.000e+00  0.000e+00  6.280e-01
  8635  0.000e+00  0.000e+00  6.801e-01
  8640  0.000e+00  0.000e+00  7.307e-01
  8645  0.000e+00  0.000e+00  7.791e-01
  8650  0.000e+00  0.000e+00  8.245e-01
  8655  0.000e+00  0.000e+00  8.661e-01
  8660  0.000e+00  0.000e+00  9.031e-01
  8665  0.000e+00  0.000e+00  9.349e-01
  8670  0.000e+00  0.000e+00  9.609e-01
  8675  0.000e+00  0.000e+00  9.807e-01
  8680  0.000e+00  0.000e+00  9.938e-01
  8685  0.000e+00  0.000e+00  1.000e+00
  8690  0.000e+00  0.000e+00  9.991e-01
  8695  0.000e+00  0.000e+00  9.911e-01
  8700  0.000e+00  0.000e+00  9.760e-01
  8705  0.000e+00  0.000e+00  9.541e-01
  8710  0.000e+00  0.000e+00  9.255e-01
  8715  0.000e+00  0.000e+00  8.908e-01
  8720  0.000e+00  0.000e+00  8.504e-01
  8725  0.000e+00  0.000e+00  8.050e-01
  8730  0.000e+00  0.000e+00  7.551e-01
  8735  0.000e+00  0.000e+00  7.016e-01
  8740  0.000e+00  0.000e+00  6.453e-01
  8745  0.000e+00  0.000e+00  5.869e-01
  8750  0.000e+00  0.000e+00  5.273e-01
  8755  0.000e+00  0.000e+00  4.675e-01
  8760  0.000e+00  0.000e+00  4.083e-01
  8765  0.000e+00  0.000e+00  3.506e-01
  8770  0.000e+00  0.000e+00  2.951e-01
  8775  0.000e+00  0.000e+00  2.427e-01
  8780  0.000e+00  0.000e+00  1.941e-01
  8785  0.000e+00  0.000e+00  1.499e-01
  8790  0.000e+00  0.000e+00  1.107e-01
  8795  0.000e+00  0.000e+00  7.692e-02
  8800  0.000e+00  0.000e+00  4.902e-02
  8805  0.000e+00  0.000e+00  2.724e-02
  8810  0.000e+00  0.000e+00  1.178e-02
  8815  0.000e+00  0.000e+00  2.707e-03
  8820  0.000e+00  0.000e+00  1.584e-15
  8825  0.000e+00  0.000e+00  3.536e-03
  8830  0.000e+00  0.000e+00  1.309e-02
  8835  0.000e+00  0.000e+00  2.837e-02
  8840  0.000e+00  0.000e+00  4.897e-02
  8845  0.000e+00  0.000e+00  7.443e-02
  8850  0.000e+00  0.000e+00  1.042e-01
  8855  0.000e+00  0.000e+00  1.378e-01
  8860  0.000e+00  0.000e+00  1.745e-01
  8865  0.000e+00  0.000e+00  2.137e-01
  8870  0.000e+00  0.000e+00  2.546e-01
  8875  0.000e+00  0.000e+00  2.968e-01
  8880  0.000e+00  0.000e+00  3.393e-01
  8885  0.000e+00  0.000e+00  3.817e-01
  8890  0.000e+00  0.000e+00  4.233e-01
  8895  0.000e+00  0.000e+00  4.634e-01
  8900  0.000e+00  0.000e+00  5.016e-01
  8905  0.000e+00  0.000e+00  5.373e-01
  8910  0.000e+00  0.000e+00  5.700e-01
  8915  0.000e+00  0.000e+00  5.994e-01
  8920  0.000e+00  0.000e+00  6.253e-01
  8925  0.000e+00  0.000e+00  6.472e-01
  8930  0.000e+00  0.000e+00  6.652e-01
  8935  0.000e+00  0.000e+00  6.790e-01
  8940  0.000e+00  0.000e+00  6.886e-01
  8945  0.000e+00  0.000e+00  6.941e-01
  8950  0.000e+00  0.000e+00  6.957e-01
  8955  0.000e+00  0.000e+00  6.934e-01
  8960  0.000e+00  0.000e+00  6.875e-01
  8965  0.000e+00  0.000e+00  6.783e-01
  8970  0.000e+00  0.000e+00  6.661e-01
  8975  0.000e+00  0.000e+00  6.513e-01
  8980  0.000e+00  0.000e+00  6.344e-01
  8985  0.000e+00  0.000e+00  6.157e-01
  8990  0.000e+00  0.000e+00  5.956e-01
  8995  0.000e+00  0.000e+00  5.748e-01
  9000  0.000e+00  0.000e+00  5.535e-01
  9005  0.000e+00  0.000e+00  5.324e-01
  9010  0.000e+00  0.000e+00  5.118e-01
  9015  0.000e+00  0.000e+00  4.922e-01
  9020  0.000e+00  0.000e+00  4.739e-01
  9025  0.000e+00  0.000e+00  4.575e-01
  9030  0.000e+00  0.000e+00  4.431e-01
  9035  0.000e+00  0.000e+00  4.312e-01
  9040  0.000e+00  0.000e+00  4.219e-01
  9045  0.000e+00  0.000e+00  4.155e-01
  9050  0.000e+00  0.000e+00  4.121e-01
  9055  0.000e+00  0.000e+00  4.118e-01
  9060  0.000e+00  0.000e+00  4.147e-01
  9065  0.000e+00  0.000e+00  4.207e-01
  9070  0.000e+00  0.000e+00  4.298e-01
  9075  0.000e+00  0.000e+00  4.418e-01
  9080  0.000e+00  0.000e+00  4.565e-01
  9085  0.000e+00  0.000e+00  4.737e-01
  9090  0.000e+00  0.000e+00  4.931e-01
  9095  0.000e+00  0.000e+00  5.144e-01
  9100  0.000e+00  0.000e+00  5.371e-01
  9105  0.000e+00  0.000e+00  5.609e-01
  9110  0.000e+00  0.000e+00  5.853e-01
  9115  0.000e+00  0.000e+00  6.099e-01
  9120  0.000e+00  0.000e+00  6.341e-01
  9125  0.000e+00  0.000e+00  6.576e-01
  9130  0.000e+00  0.000e+00  6.798e-01
  9135  0.000e+00  0.000e+00  7.002e-01
  9140  0.000e+00  0.000e+00  7.185e-01
  9145  0.000e+00  0.000e+00  7.341e-01
  9150  0.000e+00  0.000e+00  7.468e-01
  9155  0.000e+00  0.000e+00  7.560e-01
  9160  0.000e+00  0.000e+00  7.617e-01
  9165  0.000e+00  0.000e+00  7.635e-01
  9170  0.000e+00  0.000e+00  7.612e-01
  9175  0.000e+00  0.000e+00  7.547e-01
  9180  0.000e+00  0.000e+00  7.440e-01
  9185  0.000e+00  0.000e+00  7.291e-01
  9190  0.000e+00  0.000e+00  7.102e-01
  9195  0.000e+00  0.000e+00  6.873e-01
  9200  0.000e+00  0.000e+00  6.608e-01
  9205  0.000e+00  0.000e+00  6.310e-01
  9210  0.000e+00  0.000e+00  5.982e-01
  9215  0.000e+00  0.000e+00  5.629e-01
  9220  0.000e+00  0.000e+00  5.255e-01
  9225  0.000e+00  0.000e+00  4.867e-01
  9230  0.000e+00  0.000e+00  4.471e-01
  9235  0.000e+00  0.000e+00  4.071e-01
  9240  0.000e+00  0.000e+00  3.674e-01
  9245  0.000e+00  0.000e+00  3.287e-01
  9250  0.000e+00  0.000e+00  2.915e-01
  9255  0.000e+00  0.000e+00  2.565e-01
  9260  0.000e+00  0.000e+00  2.243e-01
  9265  0.000e+00  0.000e+00  1.953e-01
  9270  0.000e+00  0.000e+00  1.700e-01
  9275  0.000e+00  0.000e+00  1.489e-01
  9280  0.000e+00  0.000e+00  1.324e-01
  9285  0.000e+00  0.000e+00  1.206e-01
  9290  0.000e+00  0.000e+00  1.138e-01
  9295  0.000e+00  0.000e+00  1.121e-01
  9300  0.000e+00  0.000e+00  1.155e-01
  9305  0.000e+00  0.000e+00  1.239e-01
  9310  0.000e+00  0.000e+00  1.372e-01
  9315  0.000e+00  0.000e+00  1.552e-01
  9320  0.000e+00  0.000e+00  1.775e-01
  9325  0.000e+00  0.000e+00  2.037e-01
  9330  0.000e+00  0.000e+00  2.334e-01
  9335  0.000e+00  0.000e+00  2.660e-01
  9340  0.000e+00  0.000e+00  3.009e-01
  9345  0.000e+00  0.000e+00  3.375e-01
  9350  0.000e+00  0.000e+00  3.753e-01
  9355  0.000e+00  0.000e+00  4.135e-01
  9360  0.000e+00  0.000e+00  4.514e-01
  9365  0.000e+00  0.000e+00  4.885e-01
  9370  0.000e+00  0.000e+00  5.241e-01
  9375  0.000e+00  0.000e+00  5.576e-01
  9380  0.000e+00  0.000e+00  5.886e-01
  9385  0.000e+00  0.000e+00  6.165e-01
  9390  0.000e+00  0.000e+00  6.409e-01
  9395  0.000e+00  0.000e+00  6.615e-01
  9400  0.000e+00  0.000e+00  6.781e-01
  9405  0.000e+00  0.000e+00  6.905e-01
  9410  0.000e+00  0.000e+00  6.987e-01
  9415  0.000e+00  0.000e+00  7.026e-01
  9420  0.000e+00  0.000e+00  7.024e-01
  9425  0.000e+00  0.000e+00  6.982e-01
  9430  0.000e+00  0.000e+00  6.904e-01
  9435  0.000e+00  0.000e+00  6.793e-01
  9440  0.000e+00  0.000e+00  6.653e-01
  9445  0.000e+00  0.000e+00  6.489e-01
  9450  0.000e+00  0.000e+00  6.306e-01
  9455  0.000e+00  0.000e+00  6.109e-01
  9460  0.000e+00  0.000e+00  5.904e-01
  9465  0.000e+00  0.000e+00  5.698e-01
  9470  0.000e+00  0.000e+00  5.495e-01
  9475  0.000e+00  0.000e+00  5.302e-01
  9480  0.000e+00  0.000e+00  5.123e-01
  9485  0.000e+00  0.000e+00  4.965e-01
  9490  0.000e+00  0.000e+00  4.830e-01
  9495  0.000e+00  0.000e+00  4.724e-01
  9500  0.000e+00  0.000e+00  4.649e-01
  9505  0.000e+00  0.000e+00  4.608e-01
  9510  0.000e+00  0.000e+00  4.602e-01
  9515  0.000e+00  0.000e+00  4.633e-01
  9520  0.000e+00  0.000e+00  4.700e-01
  9525  0.000e+00  0.000e+00  4.804e-01
  9530  0.000e+00  0.000e+00  4.941e-01
  9535  0.000e+00  0.000e+00  5.111e-01
  9540  0.000e+00  0.000e+00  5.309e-01
  9545  0.000e+00  0.000e+00  5.533e-01
  9550  0.000e+00  0.000e+00  5.778e-01
  9555  0.000e+00  0.000e+00  6.039e-01
  9560  0.000e+00  0.000e+00  6.312e-01
  9565  0.000e+00  0.000e+00  6.590e-01
  9570  0.000e+00  0.000e+00  6.869e-01
  9575  0.000e+00  0.000e+00  7.143e-01
  9580  0.000e+00  0.000e+00  7.406e-01
  9585  0.000e+00  0.000e+00  7.653e-01
  9590  0.000e+00  0.000e+00  7.879e-01
  9595  0.000e+00  0.000e+00  8.079e-01
  9600  0.000e+00  0.000e+00  8.249e-01
  9605  0.000e+00  0.000e+00  8.385e-01
  9610  0.000e+00  0.000e+00  8.483e-01
  9615  0.000e+00  0.000e+00  8.542e-01
  9620  0.000e+00  0.000e+00  8.559e-01
  9625  0.000e+00  0.000e+00  8.533e-01
  9630  0.000e+00  0.000e+00  8.463e-01
  9635  0.000e+00  0.000e+00  8.350e-01
  9640  0.000e+00  0.000e+00  8.195e-01
  9645  0.000e+00  0.000e+00  7.999e-01
  9650  0.000e+00  0.000e+00  7.765e-01
  9655  0.000e+00  0.000e+00  7.495e-01
  9660  0.000e+00  0.000e+00  7.193e-01
  9665  0.000e+00  0.000e+00  6.863e-01
  9670  0.000e+00  0.000e+00  6.509e-01
  9675  0.000e+00  0.000e+00  6.135e-01
  9680  0.000e+00  0.000e+00  5.747e-01
  9685  0.000e+00  0.000e+00  5.350e-01
  9690  0.000e+00  0.000e+00  4.949e-01
  9695  0.000e+00  0.000e+00  4.548e-01
  9700  0.000e+00  0.000e+00  4.154e-01
  9705  0.000e+00  0.000e+00  3.772e-01
  9710  0.000e+00  0.000e+00  3.406e-01
  9715  0.000e+00  0.000e+00  3.061e-01
  9720  0.000e+00  0.000e+00  2.741e-01
  9725  0.000e+00  0.000e+00  2.450e-01
  9730  0.000e+00  0.000e+00  2.193e-01
  9735  0.000e+00  0.000e+00  1.971e-01
  9740  0.000e+00  0.000e+00  1.787e-01
  9745  0.000e+00  0.000e+00  1.644e-01
  9750  0.000e+00  0.000e+00  1.542e-01
  9755  0.000e+00  0.000e+00  1.484e-01
  9760  0.000e+00  0.000e+00  1.469e-01
  9765  0.000e+00  0.000e+00  1.496e-01
  9770  0.000e+00  0.000e+00  1.566e-01
  9775  0.000e+00  0.000e+00  1.677e-01
  9780  0.000e+00  0.000e+00  1.826e-01
  9785  0.000e+00  0.000e+00  2.012e-01
  9790  0.000e+00  0.000e+00  2.232e-01
  9795  0.000e+00  0.000e+00  2.483e-01
  9800  0.000e+00  0.000e+00  2.759e-01
  9805  0.000e+00  0.000e+00  3.059e-01
  9810  0.000e+00  0.000e+00  3.376e-01
  9815  0.000e+00  0.000e+00  3.707e-01
  9820  0.000e+00  0.000e+00  4.046e-01
  9825  0.000e+00  0.000e+00  4.389e-01
  9830  0.000e+00  0.000e+00  4.730e-01
  9835  0.000e+00  0.000e+00  5.065e-01
  9840  0.000e+00  0.000e+00  5.387e-01
  9845  0.000e+00  0.000e+00  5.693e-01
  9850  0.000e+00  0.000e+00  5.977e-01
  9855  0.000e+00  0.000e+00  6.235e-01
  9860  0.000e+00  0.000e+00  6.463e-01
  9865  0.000e+00  0.000e+00  6.657e-01
  9870  0.000e+00  0.000e+00  6.813e-01
  9875  0.000e+00  0.000e+00  6.930e-01
  9880  0.000e+00  0.000e+00  7.004e-01
  9885  0.000e+00  0.000e+00  7.034e-01
  9890  0.000e+00  0.000e+00  7.020e-01
  9895  0.000e+00  0.000e+00  6.961e-01
  9900  0.000e+00  0.000e+00  6.858e-01
  9905  0.000e+00  0.000e+00  6.712e-01
  9910  0.000e+00  0.000e+00  6.525e-01
  9915  0.000e+00  0.000e+00  6.300e-01
  9920  0.000e+00  0.000e+00  6.040e-01
  9925  0.000e+00  0.000e+00  5.750e-01
  9930  0.000e+00  0.000e+00  5.433e-01
  9935  0.000e+00  0.000e+00  5.096e-01
  9940  0.000e+00  0.000e+00  4.744e-01
  9945  0.000e+00  0.000e+00  4.384e-01
  9950  0.000e+00  0.000e+00  4.021e-01
  9955  0.000e+00  0.000e+00  3.662e-01
  9960  0.000e+00  0.000e+00  3.315e-01
  9965  0.000e+00  0.000e+00  2.985e-01
  9970  0.000e+00  0.000e+00  2.680e-01
  9975  0.000e+00  0.000e+00  2.405e-01
  9980  0.000e+00  0.000e+00  2.166e-01
  9985  0.000e+00  0.000e+00  1.969e-01
  9990  0.000e+00  0.000e+00  1.819e-01
  9995  0.000e+00  0.000e+00  1.719e-01
 10000  0.000e+00  0.000e+00  1.674e-01
 10005  0.000e+00  0.000e+00  1.685e-01
 10010  0.000e+00  0.000e+00  1.753e-01
 10015  0.000e+00  0.000e+00  1.880e-01
 10020  0.000e+00  0.000e+00  2.065e-01
 10025  0.000e+00  0.000e+00  2.306e-01
 10030  0.000e+00  0.000e+00  2.600e-01
 10035  0.000e+00  0.000e+00  2.945e-01
 10040  0.000e+00  0.000e+00  3.335e-01
 10045  0.000e+00  0.000e+00  3.765e-01
 10050  0.000e+00  0.000e+00  4.230e-01
 10055  0.000e+00  0.000e+00  4.721e-01
 10060  0.000e+00  0.000e+00  5.232e-01
 10065  0.000e+00  0.000e+00  5.754e-01
 10070  0.000e+00  0.000e+00  6.280e-01
 10075  0.000e+00  0.000e+00  6.801e-01
 10080  0.000e+00  0.000e+00  7.307e-01
