     0  0.000e+00  0.000e+00 -7.037e-04
     5  0.000e+00  0.000e+00 -7.458e-04
    10  0.000e+00  0.000e+00 -7.884e-04
    15  0.000e+00  0.000e+00 -8.307e-04
    20  0.000e+00  0.000e+00 -8.718e-04
    25  0.000e+00  0.000e+00 -9.107e-04
    30  0.000e+00  0.000e+00 -9.468e-04
    35  0.000e+00  0.000e+00 -9.793e-04
    40  0.000e+00  0.000e+00 -1.008e-03
    45  0.000e+00  0.000e+00 -1.032e-03
    50  0.000e+00  0.000e+00 -1.050e-03
    55  0.000e+00  0.000e+00 -1.064e-03
    60  0.000e+00  0.000e+00 -1.073e-03
    65  0.000e+00  0.000e+00 -1.076e-03
    70  0.000e+00  0.000e+00 -1.075e-03
    75  0.000e+00  0.000e+00 -1.069e-03
    80  0.000e+00  0.000e+00 -1.059e-03
    85  0.000e+00  0.000e+00 -1.045e-03
    90  0.000e+00  0.000e+00 -1.028e-03
    95  0.000e+00  0.000e+00 -1.009e-03
   100  0.000e+00  0.000e+00 -9.876e-04
   105  0.000e+00  0.000e+00 -9.656e-04
   110  0.000e+00  0.000e+00 -9.434e-04
   115  0.000e+00  0.000e+00 -9.217e-04
   120  0.000e+00  0.000e+00 -9.009e-04
   125  0.000e+00  0.000e+00 -8.819e-04
   130  0.000e+00  0.000e+00 -8.650e-04
   135  0.000e+00  0.000e+00 -8.507e-04
   140  0.000e+00  0.000e+00 -8.393e-04
   145  0.000e+00  0.000e+00 -8.310e-04
   150  0.000e+00  0.000e+00 -8.260e-04
   155  0.000e+00  0.000e+00 -8.241e-04
   160  0.000e+00  0.000e+00 -8.252e-04
   165  0.000e+00  0.000e+00 -8.292e-04
   170  0.000e+00  0.000e+00 -8.356e-04
   175  0.000e+00  0.000e+00 -8.440e-04
   180  0.000e+00  0.000e+00 -8.539e-04
   185  0.000e+00  0.000e+00 -8.647e-04
   190  0.000e+00  0.000e+00 -8.758e-04
   195  0.000e+00  0.000e+00 -8.866e-04
   200  0.000e+00  0.000e+00 -8.963e-04
   205  0.000e+00  0.000e+00 -9.044e-04
   210  0.000e+00  0.000e+00 -9.103e-04
   215  0.000e+00  0.000e+00 -9.134e-04
   220  0.000e+00  0.000e+00 -9.132e-04
   225  0.000e+00  0.000e+00 -9.094e-04
   230  0.000e+00  0.000e+00 -9.016e-04
   235  0.000e+00  0.000e+00 -8.897e-04
   240  0.000e+00  0.000e+00 -8.736e-04
   245  0.000e+00  0.000e+00 -8.534e-04
   250  0.000e+00  0.000e+00 -8.292e-04
   255  0.000e+00  0.000e+00 -8.015e-04
   260  0.000e+00  0.000e+00 -7.705e-04
   265  0.000e+00  0.000e+00 -7.369e-04
   270  0.000e+00  0.000e+00 -7.012e-04
   275  0.000e+00  0.000e+00 -6.642e-04
   280  0.000e+00  0.000e+00 -6.266e-04
   285  0.000e+00  0.000e+00 -5.893e-04
   290  0.000e+00  0.000e+00 -5.531e-04
   295  0.000e+00  0.000e+00 -5.189e-04
   300  0.000e+00  0.000e+00 -4.875e-04
   305  0.000e+00  0.000e+00 -4.597e-04
   310  0.000e+00  0.000e+00 -4.363e-04
   315  0.000e+00  0.000e+00 -4.179e-04
   320  0.000e+00  0.000e+00 -4.050e-04
   325  0.000e+00  0.000e+00 -3.982e-04
   330  0.000e+00  0.000e+00 -3.978e-04
   335  0.000e+00  0.000e+00 -4.039e-04
   340  0.000e+00  0.000e+00 -4.167e-04
   345  0.000e+00  0.000e+00 -4.359e-04
   350  0.000e+00  0.000e+00 -4.615e-04
   355  0.000e+00  0.000e+00 -4.929e-04
   360  0.000e+00  0.000e+00 -5.296e-04
   365  0.000e+00  0.000e+00 -5.711e-04
   370  0.000e+00  0.000e+00 -6.165e-04
   375  0.000e+00  0.000e+00 -6.650e-04
   380  0.000e+00  0.000e+00 -7.156e-04
   385  0.000e+00  0.000e+00 -7.673e-04
   390  0.000e+00  0.000e+00 -8.191e-04
   395  0.000e+00  0.000e+00 -8.698e-04
   400  0.000e+00  0.000e+00 -9.185e-04
   405  0.000e+00  0.000e+00 -9.641e-04
   410  0.000e+00  0.000e+00 -1.006e-03
   415  0.000e+00  0.000e+00 -1.042e-03
   420  0.000e+00  0.000e+00 -1.073e-03
   425  0.000e+00  0.000e+00 -1.097e-03
   430  0.000e+00  0.000e+00 -1.114e-03
   435  0.000e+00  0.000e+00 -1.123e-03
   440  0.000e+00  0.000e+00 -1.125e-03
   445  0.000e+00  0.000e+00 -1.119e-03
   450  0.000e+00  0.000e+00 -1.105e-03
   455  0.000e+00  0.000e+00 -1.083e-03
   460  0.000e+00  0.000e+00 -1.054e-03
   465  0.000e+00  0.000e+00 -1.018e-03
   470  0.000e+00  0.000e+00 -9.763e-04
   475  0.000e+00  0.000e+00 -9.289e-04
   480  0.000e+00  0.000e+00 -8.769e-04
   485  0.000e+00  0.000e+00 -8.214e-04
   490  0.000e+00  0.000e+00 -7.635e-04
   495  0.000e+00  0.000e+00 -7.042e-04
   500  0.000e+00  0.000e+00 -6.447e-04
   505  0.000e+00  0.000e+00 -5.861e-04
   510  0.000e+00  0.000e+00 -5.296e-04
   515  0.000e+00  0.000e+00 -4.763e-04
   520  0.000e+00  0.000e+00 -4.272e-04
   525  0.000e+00  0.000e+00 -3.832e-04
   530  0.000e+00  0.000e+00 -3.454e-04
   535  0.000e+00  0.000e+00 -3.143e-04
   540  0.000e+00  0.000e+00 -2.907e-04
   545  0.000e+00  0.000e+00 -2.750e-04
   550  0.000e+00  0.000e+00 -2.675e-04
   555  0.000e+00  0.000e+00 -2.684e-04
   560  0.000e+00  0.000e+00 -2.778e-04
   565  0.000e+00  0.000e+00 -2.956e-04
   570  0.000e+00  0.000e+00 -3.213e-04
   575  0.000e+00  0.000e+00 -3.547e-04
   580  0.000e+00  0.000e+00 -3.950e-04
   585  0.000e+00  0.000e+00 -4.417e-04
   590  0.000e+00  0.000e+00 -4.939e-04
   595  0.000e+00  0.000e+00 -5.507e-04
   600  0.000e+00  0.000e+00 -6.110e-04
   605  0.000e+00  0.000e+00 -6.739e-04
   610  0.000e+00  0.000e+00 -7.383e-04
   615  0.000e+00  0.000e+00 -8.030e-04
   620  0.000e+00  0.000e+00 -8.669e-04
   625  0.000e+00  0.000e+00 -9.289e-04
   630  0.000e+00  0.000e+00 -9.880e-04
   635  0.000e+00  0.000e+00 -1.043e-03
   640  0.000e+00  0.000e+00 -1.093e-03
   645  0.000e+00  0.000e+00 -1.138e-03
   650  0.000e+00  0.000e+00 -1.176e-03
   655  0.000e+00  0.000e+00 -1.207e-03
   660  0.000e+00  0.000e+00 -1.231e-03
   665  0.000e+00  0.000e+00 -1.247e-03
   670  0.000e+00  0.000e+00 -1.254e-03
   675  0.000e+00  0.000e+00 -1.254e-03
   680  0.000e+00  0.000e+00 -1.245e-03
   685  0.000e+00  0.000e+00 -1.229e-03
   690  0.000e+00  0.000e+00 -1.205e-03
   695  0.000e+00  0.000e+00 -1.174e-03
   700  0.000e+00  0.000e+00 -1.137e-03
   705  0.000e+00  0.000e+00 -1.095e-03
   710  0.000e+00  0.000e+00 -1.047e-03
   715  0.000e+00  0.000e+00 -9.952e-04
   720  0.000e+00  0.000e+00 -9.406e-04
   725  0.000e+00  0.000e+00 -8.838e-04
   730  0.000e+00  0.000e+00 -8.261e-04
   735  0.000e+00  0.000e+00 -7.683e-04
   740  0.000e+00  0.000e+00 -7.115e-04
   745  0.000e+00  0.000e+00 -6.568e-04
   750  0.000e+00  0.000e+00 -6.050e-04
   755  0.000e+00  0.000e+00 -5.570e-04
   760  0.000e+00  0.000e+00 -5.136e-04
   765  0.000e+00  0.000e+00 -4.757e-04
   770  0.000e+00  0.000e+00 -4.437e-04
   775  0.000e+00  0.000e+00 -4.183e-04
   780  0.000e+00  0.000e+00 -3.997e-04
   785  0.000e+00  0.000e+00 -3.883e-04
   790  0.000e+00  0.000e+00 -3.842e-04
   795  0.000e+00  0.000e+00 -3.874e-04
   800  0.000e+00  0.000e+00 -3.978e-04
   805  0.000e+00  0.000e+00 -4.151e-04
   810  0.000e+00  0.000e+00 -4.390e-04
   815  0.000e+00  0.000e+00 -4.690e-04
   820  0.000e+00  0.000e+00 -5.044e-04
   825  0.000e+00  0.000e+00 -5.447e-04
   830  0.000e+00  0.000e+00 -5.890e-04
   835  0.000e+00  0.000e+00 -6.366e-04
   840  0.000e+00  0.000e+00 -6.865e-04
   845  0.000e+00  0.000e+00 -7.379e-04
   850  0.000e+00  0.000e+00 -7.898e-04
   855  0.000e+00  0.000e+00 -8.414e-04
   860  0.000e+00  0.000e+00 -8.916e-04
   865  0.000e+00  0.000e+00 -9.397e-04
   870  0.000e+00  0.000e+00 -9.849e-04
   875  0.000e+00  0.000e+00 -1.026e-03
   880  0.000e+00  0.000e+00 -1.063e-03
   885  0.000e+00  0.000e+00 -1.095e-03
   890  0.000e+00  0.000e+00 -1.122e-03
   895  0.000e+00  0.000e+00 -1.142e-03
   900  0.000e+00  0.000e+00 -1.157e-03
   905  0.000e+00  0.000e+00 -1.165e-03
   910  0.000e+00  0.000e+00 -1.167e-03
   915  0.000e+00  0.000e+00 -1.162e-03
   920  0.000e+00  0.000e+00 -1.151e-03
   925  0.000e+00  0.000e+00 -1.135e-03
   930  0.000e+00  0.000e+00 -1.113e-03
   935  0.000e+00  0.000e+00 -1.085e-03
   940  0.000e+00  0.000e+00 -1.053e-03
   945  0.000e+00  0.000e+00 -1.018e-03
   950  0.000e+00  0.000e+00 -9.785e-04
   955  0.000e+00  0.000e+00 -9.365e-04
   960  0.000e+00  0.000e+00 -8.925e-04
   965  0.000e+00  0.000e+00 -8.471e-04
   970  0.000e+00  0.000e+00 -8.009e-04
   975  0.000e+00  0.000e+00 -7.546e-04
   980  0.000e+00  0.000e+00 -7.087e-04
   985  0.000e+00  0.000e+00 -6.638e-04
   990  0.000e+00  0.000e+00 -6.203e-04
   995  0.000e+00  0.000e+00 -5.786e-04
  1000  0.000e+00  0.000e+00 -5.391e-04
  1005  0.000e+00  0.000e+00 -5.019e-04
  1010  0.000e+00  0.000e+00 -4.673e-04
  1015  0.000e+00  0.000e+00 -4.352e-04
  1020  0.000e+00  0.000e+00 -4.057e-04
  1025  0.000e+00  0.000e+00 -3.787e-04
  1030  0.000e+00  0.000e+00 -3.541e-04
  1035  0.000e+00  0.000e+00 -3.316e-04
  1040  0.000e+00  0.000e+00 -3.111e-04
  1045  0.000e+00  0.000e+00 -2.922e-04
  1050  0.000e+00  0.000e+00 -2.745e-04
  1055  0.000e+00  0.000e+00 -2.579e-04
  1060  0.000e+00  0.000e+00 -2.420e-04
  1065  0.000e+00  0.000e+00 -2.265e-04
  1070  0.000e+00  0.000e+00 -2.111e-04
  1075  0.000e+00  0.000e+00 -1.956e-04
  1080  0.000e+00  0.000e+00 -1.799e-04
  1085  0.000e+00  0.000e+00 -1.638e-04
  1090  0.000e+00  0.000e+00 -1.473e-04
  1095  0.000e+00  0.000e+00 -1.304e-04
  1100  0.000e+00  0.000e+00 -1.133e-04
  1105  0.000e+00  0.000e+00 -9.617e-05
  1110  0.000e+00  0.000e+00 -7.920e-05
  1115  0.000e+00  0.000e+00 -6.275e-05
  1120  0.000e+00  0.000e+00 -4.722e-05
  1125  0.000e+00  0.000e+00 -3.305e-05
  1130  0.000e+00  0.000e+00 -2.073e-05
  1135  0.000e+00  0.000e+00 -1.076e-05
  1140  0.000e+00  0.000e+00 -3.676e-06
  1145  0.000e+00  0.000e+00 -0.000e+00
  1150  0.000e+00  0.000e+00 -2.377e-07
  1155  0.000e+00  0.000e+00 -4.861e-06
  1160  0.000e+00  0.000e+00 -1.429e-05
  1165  0.000e+00  0.000e+00 -2.889e-05
  1170  0.000e+00  0.000e+00 -4.893e-05
  1175  0.000e+00  0.000e+00 -7.459e-05
  1180  0.000e+00  0.000e+00 -1.060e-04
  1185  0.000e+00  0.000e+00 -1.430e-04
  1190  0.000e+00  0.000e+00 -1.856e-04
  1195  0.000e+00  0.000e+00 -2.335e-04
  1200  0.000e+00  0.000e+00 -2.862e-04
  1205  0.000e+00  0.000e+00 -3.433e-04
  1210  0.000e+00  0.000e+00 -4.042e-04
  1215  0.000e+00  0.000e+00 -4.681e-04
  1220  0.000e+00  0.000e+00 -5.343e-04
  1225  0.000e+00  0.000e+00 -6.018e-04
  1230  0.000e+00  0.000e+00 -6.698e-04
  1235  0.000e+00  0.000e+00 -7.372e-04
  1240  0.000e+00  0.000e+00 -8.031e-04
  1245  0.000e+00  0.000e+00 -8.664e-04
  1250  0.000e+00  0.000e+00 -9.262e-04
  1255  0.000e+00  0.000e+00 -9.815e-04
  1260  0.000e+00  0.000e+00 -1.032e-03
  1265  0.000e+00  0.000e+00 -1.075e-03
  1270  0.000e+00  0.000e+00 -1.113e-03
  1275  0.000e+00  0.000e+00 -1.142e-03
  1280  0.000e+00  0.000e+00 -1.164e-03
  1285  0.000e+00  0.000e+00 -1.178e-03
  1290  0.000e+00  0.000e+00 -1.184e-03
  1295  0.000e+00  0.000e+00 -1.182e-03
  1300  0.000e+00  0.000e+00 -1.172e-03
  1305  0.000e+00  0.000e+00 -1.154e-03
  1310  0.000e+00  0.000e+00 -1.129e-03
  1315  0.000e+00  0.000e+00 -1.097e-03
  1320  0.000e+00  0.000e+00 -1.060e-03
  1325  0.000e+00  0.000e+00 -1.018e-03
  1330  0.000e+00  0.000e+00 -9.723e-04
  1335  0.000e+00  0.000e+00 -9.237e-04
  1340  0.000e+00  0.000e+00 -8.733e-04
  1345  0.000e+00  0.000e+00 -8.223e-04
  1350  0.000e+00  0.000e+00 -7.718e-04
  1355  0.000e+00  0.000e+00 -7.229e-04
  1360  0.000e+00  0.000e+00 -6.767e-04
  1365  0.000e+00  0.000e+00 -6.340e-04
  1370  0.000e+00  0.000e+00 -5.958e-04
  1375  0.000e+00  0.000e+00 -5.629e-04
  1380  0.000e+00  0.000e+00 -5.358e-04
  1385  0.000e+00  0.000e+00 -5.152e-04
  1390  0.000e+00  0.000e+00 -5.013e-04
  1395  0.000e+00  0.000e+00 -4.944e-04
  1400  0.000e+00  0.000e+00 -4.944e-04
  1405  0.000e+00  0.000e+00 -5.014e-04
  1410  0.000e+00  0.000e+00 -5.150e-04
  1415  0.000e+00  0.000e+00 -5.347e-04
  1420  0.000e+00  0.000e+00 -5.601e-04
  1425  0.000e+00  0.000e+00 -5.906e-04
  1430  0.000e+00  0.000e+00 -6.252e-04
  1435  0.000e+00  0.000e+00 -6.632e-04
  1440  0.000e+00  0.000e+00 -7.037e-04
  1445  0.000e+00  0.000e+00 -7.458e-04
  1450  0.000e+00  0.000e+00 -7.884e-04
  1455  0.000e+00  0.000e+00 -8.307e-04
  1460  0.000e+00  0.000e+00 -8.718e-04
  1465  0.000e+00  0.000e+00 -9.107e-04
  1470  0.000e+00  0.000e+00 -9.468e-04
  1475  0.000e+00  0.000e+00 -9.793e-04
  1480  0.000e+00  0.000e+00 -1.008e-03
  1485  0.000e+00  0.000e+00 -1.032e-03
  1490  0.000e+00  0.000e+00 -1.050e-03
  1495  0.000e+00  0.000e+00 -1.064e-03
  1500  0.000e+00  0.000e+00 -1.073e-03
  1505  0.000e+00  0.000e+00 -1.076e-03
  1510  0.000e+00  0.000e+00 -1.075e-03
  1515  0.000e+00  0.000e+00 -1.069e-03
  1520  0.000e+00  0.000e+00 -1.059e-03
  1525  0.000e+00  0.000e+00 -1.045e-03
  1530  0.000e+00  0.000e+00 -1.028e-03
  1535  0.000e+00  0.000e+00 -1.009e-03
  1540  0.000e+00  0.000e+00 -9.876e-04
  1545  0.000e+00  0.000e+00 -9.656e-04
  1550  0.000e+00  0.000e+00 -9.434e-04
  1555  0.000e+00  0.000e+00 -9.217e-04
  1560  0.000e+00  0.000e+00 -9.009e-04
  1565  0.000e+00  0.000e+00 -8.819e-04
  1570  0.000e+00  0.000e+00 -8.650e-04
  1575  0.000e+00  0.000e+00 -8.507e-04
  1580  0.000e+00  0.000e+00 -8.393e-04
  1585  0.000e+00  0.000e+00 -8.310e-04
  1590  0.000e+00  0.000e+00 -8.260e-04
  1595  0.000e+00  0.000e+00 -8.241e-04
  1600  0.000e+00  0.000e+00 -8.252e-04
  1605  0.000e+00  0.000e+00 -8.292e-04
  1610  0.000e+00  0.000e+00 -8.356e-04
  1615  0.000e+00  0.000e+00 -8.440e-04
  1620  0.000e+00  0.000e+00 -8.539e-04
  1625  0.000e+00  0.000e+00 -8.647e-04
  1630  0.000e+00  0.000e+00 -8.758e-04
  1635  0.000e+00  0.000e+00 -8.866e-04
  1640  0.000e+00  0.000e+00 -8.963e-04
  1645  0.000e+00  0.000e+00 -9.044e-04
  1650  0.000e+00  0.000e+00 -9.103e-04
  1655  0.000e+00  0.000e+00 -9.134e-04
  1660  0.000e+00  0.000e+00 -9.132e-04
  1665  0.000e+00  0.000e+00 -9.094e-04
  1670  0.000e+00  0.000e+00 -9.016e-04
  1675  0.000e+00  0.000e+00 -8.897e-04
  1680  0.000e+00  0.000e+00 -8.736e-04
  1685  0.000e+00  0.000e+00 -8.534e-04
  1690  0.000e+00  0.000e+00 -8.292e-04
  1695  0.000e+00  0.000e+00 -8.015e-04
  1700  0.000e+00  0.000e+00 -7.705e-04
  1705  0.000e+00  0.000e+00 -7.369e-04
  1710  0.000e+00  0.000e+00 -7.012e-04
  1715  0.000e+00  0.000e+00 -6.642e-04
  1720  0.000e+00  0.000e+00 -6.266e-04
  1725  0.000e+00  0.000e+00 -5.893e-04
  1730  0.000e+00  0.000e+00 -5.531e-04
  1735  0.000e+00  0.000e+00 -5.189e-04
  1740  0.000e+00  0.000e+00 -4.875e-04
  1745  0.000e+00  0.000e+00 -4.597e-04
  1750  0.000e+00  0.000e+00 -4.363e-04
  1755  0.000e+00  0.000e+00 -4.179e-04
  1760  0.000e+00  0.000e+00 -4.050e-04
  1765  0.000e+00  0.000e+00 -3.982e-04
  1770  0.000e+00  0.000e+00 -3.978e-04
  1775  0.000e+00  0.000e+00 -4.039e-04
  1780  0.000e+00  0.000e+00 -4.167e-04
  1785  0.000e+00  0.000e+00 -4.359e-04
  1790  0.000e+00  0.000e+00 -4.615e-04
  1795  0.000e+00  0.000e+00 -4.929e-04
  1800  0.000e+00  0.000e+00 -5.296e-04
  1805  0.000e+00  0.000e+00 -5.711e-04
  1810  0.000e+00  0.000e+00 -6.165e-04
  1815  0.000e+00  0.000e+00 -6.650e-04
  1820  0.000e+00  0.000e+00 -7.156e-04
  1825  0.000e+00  0.000e+00 -7.673e-04
  1830  0.000e+00  0.000e+00 -8.191e-04
  1835  0.000e+00  0.000e+00 -8.698e-04
  1840  0.000e+00  0.000e+00 -9.185e-04
  1845  0.000e+00  0.000e+00 -9.641e-04
  1850  0.000e+00  0.000e+00 -1.006e-03
  1855  0.000e+00  0.000e+00 -1.042e-03
  1860  0.000e+00  0.000e+00 -1.073e-03
  1865  0.000e+00  0.000e+00 -1.097e-03
  1870  0.000e+00  0.000e+00 -1.114e-03
  1875  0.000e+00  0.000e+00 -1.123e-03
  1880  0.000e+00  0.000e+00 -1.125e-03
  1885  0.000e+00  0.000e+00 -1.119e-03
  1890  0.000e+00  0.000e+00 -1.105e-03
  1895  0.000e+00  0.000e+00 -1.083e-03
  1900  0.000e+00  0.000e+00 -1.054e-03
  1905  0.000e+00  0.000e+00 -1.018e-03
  1910  0.000e+00  0.000e+00 -9.763e-04
  1915  0.000e+00  0.000e+00 -9.289e-04
  1920  0.000e+00  0.000e+00 -8.769e-04
  1925  0.000e+00  0.000e+00 -8.214e-04
  1930  0.000e+00  0.000e+00 -7.635e-04
  1935  0.000e+00  0.000e+00 -7.042e-04
  1940  0.000e+00  0.000e+00 -6.447e-04
  1945  0.000e+00  0.000e+00 -5.861e-04
  1950  0.000e+00  0.000e+00 -5.296e-04
  1955  0.000e+00  0.000e+00 -4.763e-04
  1960  0.000e+00  0.000e+00 -4.272e-04
  1965  0.000e+00  0.000e+00 -3.832e-04
  1970  0.000e+00  0.000e+00 -3.454e-04
  1975  0.000e+00  0.000e+00 -3.143e-04
  1980  0.000e+00  0.000e+00 -2.907e-04
  1985  0.000e+00  0.000e+00 -2.750e-04
  1990  0.000e+00  0.000e+00 -2.675e-04
  1995  0.000e+00  0.000e+00 -2.684e-04
  2000  0.000e+00  0.000e+00 -2.778e-04
  2005  0.000e+00  0.000e+00 -2.956e-04
  2010  0.000e+00  0.000e+00 -3.213e-04
  2015  0.000e+00  0.000e+00 -3.547e-04
  2020  0.000e+00  0.000e+00 -3.950e-04
  2025  0.000e+00  0.000e+00 -4.417e-04
  2030  0.000e+00  0.000e+00 -4.939e-04
  2035  0.000e+00  0.000e+00 -5.507e-04
  2040  0.000e+00  0.000e+00 -6.110e-04
  2045  0.000e+00  0.000e+00 -6.739e-04
  2050  0.000e+00  0.000e+00 -7.383e-04
  2055  0.000e+00  0.000e+00 -8.030e-04
  2060  0.000e+00  0.000e+00 -8.669e-04
  2065  0.000e+00  0.000e+00 -9.289e-04
  2070  0.000e+00  0.000e+00 -9.880e-04
  2075  0.000e+00  0.000e+00 -1.043e-03
  2080  0.000e+00  0.000e+00 -1.093e-03
  2085  0.000e+00  0.000e+00 -1.138e-03
  2090  0.000e+00  0.000e+00 -1.176e-03
  2095  0.000e+00  0.000e+00 -1.207e-03
  2100  0.000e+00  0.000e+00 -1.231e-03
  2105  0.000e+00  0.000e+00 -1.247e-03
  2110  0.000e+00  0.000e+00 -1.254e-03
  2115  0.000e+00  0.000e+00 -1.254e-03
  2120  0.000e+00  0.000e+00 -1.245e-03
  2125  0.000e+00  0.000e+00 -1.229e-03
  2130  0.000e+00  0.000e+00 -1.205e-03
  2135  0.000e+00  0.000e+00 -1.174e-03
  2140  0.000e+00  0.000e+00 -1.137e-03
  2145  0.000e+00  0.000e+00 -1.095e-03
  2150  0.000e+00  0.000e+00 -1.047e-03
  2155  0.000e+00  0.000e+00 -9.952e-04
  2160  0.000e+00  0.000e+00 -9.406e-04
  2165  0.000e+00  0.000e+00 -8.838e-04
  2170  0.000e+00  0.000e+00 -8.261e-04
  2175  0.000e+00  0.000e+00 -7.683e-04
  2180  0.000e+00  0.000e+00 -7.115e-04
  2185  0.000e+00  0.000e+00 -6.568e-04
  2190  0.000e+00  0.000e+00 -6.050e-04
  2195  0.000e+00  0.000e+00 -5.570e-04
  2200  0.000e+00  0.000e+00 -5.136e-04
  2205  0.000e+00  0.000e+00 -4.757e-04
  2210  0.000e+00  0.000e+00 -4.437e-04
  2215  0.000e+00  0.000e+00 -4.183e-04
  2220  0.000e+00  0.000e+00 -3.997e-04
  2225  0.000e+00  0.000e+00 -3.883e-04
  2230  0.000e+00  0.000e+00 -3.842e-04
  2235  0.000e+00  0.000e+00 -3.874e-04
  2240  0.000e+00  0.000e+00 -3.978e-04
  2245  0.000e+00  0.000e+00 -4.151e-04
  2250  0.000e+00  0.000e+00 -4.390e-04
  2255  0.000e+00  0.000e+00 -4.690e-04
  2260  0.000e+00  0.000e+00 -5.044e-04
  2265  0.000e+00  0.000e+00 -5.447e-04
  2270  0.000e+00  0.000e+00 -5.890e-04
  2275  0.000e+00  0.000e+00 -6.366e-04
  2280  0.000e+00  0.000e+00 -6.865e-04
  2285  0.000e+00  0.000e+00 -7.379e-04
  2290  0.000e+00  0.000e+00 -7.898e-04
  2295  0.000e+00  0.000e+00 -8.414e-04
  2300  0.000e+00  0.000e+00 -8.916e-04
  2305  0.000e+00  0.000e+00 -9.397e-04
  2310  0.000e+00  0.000e+00 -9.849e-04
  2315  0.000e+00  0.000e+00 -1.026e-03
  2320  0.000e+00  0.000e+00 -1.063e-03
  2325  0.000e+00  0.000e+00 -1.095e-03
  2330  0.000e+00  0.000e+00 -1.122e-03
  2335  0.000e+00  0.000e+00 -1.142e-03
  2340  0.000e+00  0.000e+00 -1.157e-03
  2345  0.000e+00  0.000e+00 -1.165e-03
  2350  0.000e+00  0.000e+00 -1.167e-03
  2355  0.000e+00  0.000e+00 -1.162e-03
  2360  0.000e+00  0.000e+00 -1.151e-03
  2365  0.000e+00  0.000e+00 -1.135e-03
  2370  0.000e+00  0.000e+00 -1.113e-03
  2375  0.000e+00  0.000e+00 -1.085e-03
  2380  0.000e+00  0.000e+00 -1.053e-03
  2385  0.000e+00  0.000e+00 -1.018e-03
  2390  0.000e+00  0.000e+00 -9.785e-04
  2395  0.000e+00  0.000e+00 -9.365e-04
  2400  0.000e+00  0.000e+00 -8.925e-04
  2405  0.000e+00  0.000e+00 -8.471e-04
  2410  0.000e+00  0.000e+00 -8.009e-04
  2415  0.000e+00  0.000e+00 -7.546e-04
  2420  0.000e+00  0.000e+00 -7.087e-04
  2425  0.000e+00  0.000e+00 -6.638e-04
  2430  0.000e+00  0.000e+00 -6.203e-04
  2435  0.000e+00  0.000e+00 -5.786e-04
  2440  0.000e+00  0.000e+00 -5.391e-04
  2445  0.000e+00  0.000e+00 -5.019e-04
  2450  0.000e+00  0.000e+00 -4.673e-04
  2455  0.000e+00  0.000e+00 -4.352e-04
  2460  0.000e+00  0.000e+00 -4.057e-04
  2465  0.000e+00  0.000e+00 -3.787e-04
  2470  0.000e+00  0.000e+00 -3.541e-04
  2475  0.000e+00  0.000e+00 -3.316e-04
  2480  0.000e+00  0.000e+00 -3.111e-04
  2485  0.000e+00  0.000e+00 -2.922e-04
  2490  0.000e+00  0.000e+00 -2.745e-04
  2495  0.000e+00  0.000e+00 -2.579e-04
  2500  0.000e+00  0.000e+00 -2.420e-04
  2505  0.000e+00  0.000e+00 -2.265e-04
  2510  0.000e+00  0.000e+00 -2.111e-04
  2515  0.000e+00  0.000e+00 -1.956e-04
  2520  0.000e+00  0.000e+00 -1.799e-04
  2525  0.000e+00  0.000e+00 -1.638e-04
  2530  0.000e+00  0.000e+00 -1.473e-04
  2535  0.000e+00  0.000e+00 -1.304e-04
  2540  0.000e+00  0.000e+00 -1.133e-04
  2545  0.000e+00  0.000e+00 -9.617e-05
  2550  0.000e+00  0.000e+00 -7.920e-05
  2555  0.000e+00  0.000e+00 -6.275e-05
  2560  0.000e+00  0.000e+00 -4.722e-05
  2565  0.000e+00  0.000e+00 -3.305e-05
  2570  0.000e+00  0.000e+00 -2.073e-05
  2575  0.000e+00  0.000e+00 -1.076e-05
  2580  0.000e+00  0.000e+00 -3.676e-06
  2585  0.000e+00  0.000e+00 -8.184e-19
  2590  0.000e+00  0.000e+00 -2.377e-07
  2595  0.000e+00  0.000e+00 -4.861e-06
  2600  0.000e+00  0.000e+00 -1.429e-05
  2605  0.000e+00  0.000e+00 -2.889e-05
  2610  0.000e+00  0.000e+00 -4.893e-05
  2615  0.000e+00  0.000e+00 -7.459e-05
  2620  0.000e+00  0.000e+00 -1.060e-04
  2625  0.000e+00  0.000e+00 -1.430e-04
  2630  0.000e+00  0.000e+00 -1.856e-04
  2635  0.000e+00  0.000e+00 -2.335e-04
  2640  0.000e+00  0.000e+00 -2.862e-04
  2645  0.000e+00  0.000e+00 -3.433e-04
  2650  0.000e+00  0.000e+00 -4.042e-04
  2655  0.000e+00  0.000e+00 -4.681e-04
  2660  0.000e+00  0.000e+00 -5.343e-04
  2665  0.000e+00  0.000e+00 -6.018e-04
  2670  0.000e+00  0.000e+00 -6.698e-04
  2675  0.000e+00  0.000e+00 -7.372e-04
  2680  0.000e+00  0.000e+00 -8.031e-04
  2685  0.000e+00  0.000e+00 -8.664e-04
  2690  0.000e+00  0.000e+00 -9.262e-04
  2695  0.000e+00  0.000e+00 -9.815e-04
  2700  0.000e+00  0.000e+00 -1.032e-03
  2705  0.000e+00  0.000e+00 -1.075e-03
  2710  0.000e+00  0.000e+00 -1.113e-03
  2715  0.000e+00  0.000e+00 -1.142e-03
  2720  0.000e+00  0.000e+00 -1.164e-03
  2725  0.000e+00  0.000e+00 -1.178e-03
  2730  0.000e+00  0.000e+00 -1.184e-03
  2735  0.000e+00  0.000e+00 -1.182e-03
  2740  0.000e+00  0.000e+00 -1.172e-03
  2745  0.000e+00  0.000e+00 -1.154e-03
  2750  0.000e+00  0.000e+00 -1.129e-03
  2755  0.000e+00  0.000e+00 -1.097e-03
  2760  0.000e+00  0.000e+00 -1.060e-03
  2765  0.000e+00  0.000e+00 -1.018e-03
  2770  0.000e+00  0.000e+00 -9.723e-04
  2775  0.000e+00  0.000e+00 -9.237e-04
  2780  0.000e+00  0.000e+00 -8.733e-04
  2785  0.000e+00  0.000e+00 -8.223e-04
  2790  0.000e+00  0.000e+00 -7.718e-04
  2795  0.000e+00  0.000e+00 -7.229e-04
  2800  0.000e+00  0.000e+00 -6.767e-04
  2805  0.000e+00  0.000e+00 -6.340e-04
  2810  0.000e+00  0.000e+00 -5.958e-04
  2815  0.000e+00  0.000e+00 -5.629e-04
  2820  0.000e+00  0.000e+00 -5.358e-04
  2825  0.000e+00  0.000e+00 -5.152e-04
  2830  0.000e+00  0.000e+00 -5.013e-04
  2835  0.000e+00  0.000e+00 -4.944e-04
  2840  0.000e+00  0.000e+00 -4.944e-04
  2845  0.000e+00  0.000e+00 -5.014e-04
  2850  0.000e+00  0.000e+00 -5.150e-04
  2855  0.000e+00  0.000e+00 -5.347e-04
  2860  0.000e+00  0.000e+00 -5.601e-04
  2865  0.000e+00  0.000e+00 -5.906e-04
  2870  0.000e+00  0.000e+00 -6.252e-04
  2875  0.000e+00  0.000e+00 -6.632e-04
  2880  0.000e+00  0.000e+00 -7.037e-04
  2885  0.000e+00  0.000e+00 -7.458e-04
  2890  0.000e+00  0.000e+00 -7.884e-04
  2895  0.000e+00  0.000e+00 -8.307e-04
  2900  0.000e+00  0.000e+00 -8.718e-04
  2905  0.000e+00  0.000e+00 -9.107e-04
  2910  0.000e+00  0.000e+00 -9.468e-04
  2915  0.000e+00  0.000e+00 -9.793e-04
  2920  0.000e+00  0.000e+00 -1.008e-03
  2925  0.000e+00  0.000e+00 -1.032e-03
  2930  0.000e+00  0.000e+00 -1.050e-03
  2935  0.000e+00  0.000e+00 -1.064e-03
  2940  0.000e+00  0.000e+00 -1.073e-03
  2945  0.000e+00  0.000e+00 -1.076e-03
  2950  0.000e+00  0.000e+00 -1.075e-03
  2955  0.000e+00  0.000e+00 -1.069e-03
  2960  0.000e+00  0.000e+00 -1.059e-03
  2965  0.000e+00  0.000e+00 -1.045e-03
  2970  0.000e+00  0.000e+00 -1.028e-03
  2975  0.000e+00  0.000e+00 -1.009e-03
  2980  0.000e+00  0.000e+00 -9.876e-04
  2985  0.000e+00  0.000e+00 -9.656e-04
  2990  0.000e+00  0.000e+00 -9.434e-04
  2995  0.000e+00  0.000e+00 -9.217e-04
  3000  0.000e+00  0.000e+00 -9.009e-04
  3005  0.000e+00  0.000e+00 -8.819e-04
  3010  0.000e+00  0.000e+00 -8.650e-04
  3015  0.000e+00  0.000e+00 -8.507e-04
  3020  0.000e+00  0.000e+00 -8.393e-04
  3025  0.000e+00  0.000e+00 -8.310e-04
  3030  0.000e+00  0.000e+00 -8.260e-04
  3035  0.000e+00  0.000e+00 -8.241e-04
  3040  0.000e+00  0.000e+00 -8.252e-04
  3045  0.000e+00  0.000e+00 -8.292e-04
  3050  0.000e+00  0.000e+00 -8.356e-04
  3055  0.000e+00  0.000e+00 -8.440e-04
  3060  0.000e+00  0.000e+00 -8.539e-04
  3065  0.000e+00  0.000e+00 -8.647e-04
  3070  0.000e+00  0.000e+00 -8.758e-04
  3075  0.000e+00  0.000e+00 -8.866e-04
  3080  0.000e+00  0.000e+00 -8.963e-04
  3085  0.000e+00  0.000e+00 -9.044e-04
  3090  0.000e+00  0.000e+00 -9.103e-04
  3095  0.000e+00  0.000e+00 -9.134e-04
  3100  0.000e+00  0.000e+00 -9.132e-04
  3105  0.000e+00  0.000e+00 -9.094e-04
  3110  0.000e+00  0.000e+00 -9.016e-04
  3115  0.000e+00  0.000e+00 -8.897e-04
  3120  0.000e+00  0.000e+00 -8.736e-04
  3125  0.000e+00  0.000e+00 -8.534e-04
  3130  0.000e+00  0.000e+00 -8.292e-04
  3135  0.000e+00  0.000e+00 -8.015e-04
  3140  0.000e+00  0.000e+00 -7.705e-04
  3145  0.000e+00  0.000e+00 -7.369e-04
  3150  0.000e+00  0.000e+00 -7.012e-04
  3155  0.000e+00  0.000e+00 -6.642e-04
  3160  0.000e+00  0.000e+00 -6.266e-04
  3165  0.000e+00  0.000e+00 -5.893e-04
  3170  0.000e+00  0.000e+00 -5.531e-04
  3175  0.000e+00  0.000e+00 -5.189e-04
  3180  0.000e+00  0.000e+00 -4.875e-04
  3185  0.000e+00  0.000e+00 -4.597e-04
  3190  0.000e+00  0.000e+00 -4.363e-04
  3195  0.000e+00  0.000e+00 -4.179e-04
  3200  0.000e+00  0.000e+00 -4.050e-04
  3205  0.000e+00  0.000e+00 -3.982e-04
  3210  0.000e+00  0.000e+00 -3.978e-04
  3215  0.000e+00  0.000e+00 -4.039e-04
  3220  0.000e+00  0.000e+00 -4.167e-04
  3225  0.000e+00  0.000e+00 -4.359e-04
  3230  0.000e+00  0.000e+00 -4.615e-04
  3235  0.000e+00  0.000e+00 -4.929e-04
  3240  0.000e+00  0.000e+00 -5.296e-04
  3245  0.000e+00  0.000e+00 -5.711e-04
  3250  0.000e+00  0.000e+00 -6.165e-04
  3255  0.000e+00  0.000e+00 -6.650e-04
  3260  0.000e+00  0.000e+00 -7.156e-04
  3265  0.000e+00  0.000e+00 -7.673e-04
  3270  0.000e+00  0.000e+00 -8.191e-04
  3275  0.000e+00  0.000e+00 -8.698e-04
  3280  0.000e+00  0.000e+00 -9.185e-04
  3285  0.000e+00  0.000e+00 -9.641e-04
  3290  0.000e+00  0.000e+00 -1.006e-03
  3295  0.000e+00  0.000e+00 -1.042e-03
  3300  0.000e+00  0.000e+00 -1.073e-03
  3305  0.000e+00  0.000e+00 -1.097e-03
  3310  0.000e+00  0.000e+00 -1.114e-03
  3315  0.000e+00  0.000e+00 -1.123e-03
  3320  0.000e+00  0.000e+00 -1.125e-03
  3325  0.000e+00  0.000e+00 -1.119e-03
  3330  0.000e+00  0.000e+00 -1.105e-03
  3335  0.000e+00  0.000e+00 -1.083e-03
  3340  0.000e+00  0.000e+00 -1.054e-03
  3345  0.000e+00  0.000e+00 -1.018e-03
  3350  0.000e+00  0.000e+00 -9.763e-04
  3355  0.000e+00  0.000e+00 -9.289e-04
  3360  0.000e+00  0.000e+00 -8.769e-04
  3365  0.000e+00  0.000e+00 -8.214e-04
  3370  0.000e+00  0.000e+00 -7.635e-04
  3375  0.000e+00  0.000e+00 -7.042e-04
  3380  0.000e+00  0.000e+00 -6.447e-04
  3385  0.000e+00  0.000e+00 -5.861e-04
  3390  0.000e+00  0.000e+00 -5.296e-04
  3395  0.000e+00  0.000e+00 -4.763e-04
  3400  0.000e+00  0.000e+00 -4.272e-04
  3405  0.000e+00  0.000e+00 -3.832e-04
  3410  0.000e+00  0.000e+00 -3.454e-04
  3415  0.000e+00  0.000e+00 -3.143e-04
  3420  0.000e+00  0.000e+00 -2.907e-04
  3425  0.000e+00  0.000e+00 -2.750e-04
  3430  0.000e+00  0.000e+00 -2.675e-04
  3435  0.000e+00  0.000e+00 -2.684e-04
  3440  0.000e+00  0.000e+00 -2.778e-04
  3445  0.000e+00  0.000e+00 -2.956e-04
  3450  0.000e+00  0.000e+00 -3.213e-04
  3455  0.000e+00  0.000e+00 -3.547e-04
  3460  0.000e+00  0.000e+00 -3.950e-04
  3465  0.000e+00  0.000e+00 -4.417e-04
  3470  0.000e+00  0.000e+00 -4.939e-04
  3475  0.000e+00  0.000e+00 -5.507e-04
  3480  0.000e+00  0.000e+00 -6.110e-04
  3485  0.000e+00  0.000e+00 -6.739e-04
  3490  0.000e+00  0.000e+00 -7.383e-04
  3495  0.000e+00  0.000e+00 -8.030e-04
  3500  0.000e+00  0.000e+00 -8.669e-04
  3505  0.000e+00  0.000e+00 -9.289e-04
  3510  0.000e+00  0.000e+00 -9.880e-04
  3515  0.000e+00  0.000e+00 -1.043e-03
  3520  0.000e+00  0.000e+00 -1.093e-03
  3525  0.000e+00  0.000e+00 -1.138e-03
  3530  0.000e+00  0.000e+00 -1.176e-03
  3535  0.000e+00  0.000e+00 -1.207e-03
  3540  0.000e+00  0.000e+00 -1.231e-03
  3545  0.000e+00  0.000e+00 -1.247e-03
  3550  0.000e+00  0.000e+00 -1.254e-03
  3555  0.000e+00  0.000e+00 -1.254e-03
  3560  0.000e+00  0.000e+00 -1.245e-03
  3565  0.000e+00  0.000e+00 -1.229e-03
  3570  0.000e+00  0.000e+00 -1.205e-03
  3575  0.000e+00  0.000e+00 -1.174e-03
  3580  0.000e+00  0.000e+00 -1.137e-03
  3585  0.000e+00  0.000e+00 -1.095e-03
  3590  0.000e+00  0.000e+00 -1.047e-03
  3595  0.000e+00  0.000e+00 -9.952e-04
  3600  0.000e+00  0.000e+00 -9.406e-04
  3605  0.000e+00  0.000e+00 -8.838e-04
  3610  0.000e+00  0.000e+00 -8.261e-04
  3615  0.000e+00  0.000e+00 -7.683e-04
  3620  0.000e+00  0.000e+00 -7.115e-04
  3625  0.000e+00  0.000e+00 -6.568e-04
  3630  0.000e+00  0.000e+00 -6.050e-04
  3635  0.000e+00  0.000e+00 -5.570e-04
  3640  0.000e+00  0.000e+00 -5.136e-04
  3645  0.000e+00  0.000e+00 -4.757e-04
  3650  0.000e+00  0.000e+00 -4.437e-04
  3655  0.000e+00  0.000e+00 -4.183e-04
  3660  0.000e+00  0.000e+00 -3.997e-04
  3665  0.000e+00  0.000e+00 -3.883e-04
  3670  0.000e+00  0.000e+00 -3.842e-04
  3675  0.000e+00  0.000e+00 -3.874e-04
  3680  0.000e+00  0.000e+00 -3.978e-04
  3685  0.000e+00  0.000e+00 -4.151e-04
  3690  0.000e+00  0.000e+00 -4.390e-04
  3695  0.000e+00  0.000e+00 -4.690e-04
  3700  0.000e+00  0.000e+00 -5.044e-04
  3705  0.000e+00  0.000e+00 -5.447e-04
  3710  0.000e+00  0.000e+00 -5.890e-04
  3715  0.000e+00  0.000e+00 -6.366e-04
  3720  0.000e+00  0.000e+00 -6.865e-04
  3725  0.000e+00  0.000e+00 -7.379e-04
  3730  0.000e+00  0.000e+00 -7.898e-04
  3735  0.000e+00  0.000e+00 -8.414e-04
  3740  0.000e+00  0.000e+00 -8.916e-04
  3745  0.000e+00  0.000e+00 -9.397e-04
  3750  0.000e+00  0.000e+00 -9.849e-04
  3755  0.000e+00  0.000e+00 -1.026e-03
  3760  0.000e+00  0.000e+00 -1.063e-03
  3765  0.000e+00  0.000e+00 -1.095e-03
  3770  0.000e+00  0.000e+00 -1.122e-03
  3775  0.000e+00  0.000e+00 -1.142e-03
  3780  0.000e+00  0.000e+00 -1.157e-03
  3785  0.000e+00  0.000e+00 -1.165e-03
  3790  0.000e+00  0.000e+00 -1.167e-03
  3795  0.000e+00  0.000e+00 -1.162e-03
  3800  0.000e+00  0.000e+00 -1.151e-03
  3805  0.000e+00  0.000e+00 -1.135e-03
  3810  0.000e+00  0.000e+00 -1.113e-03
  3815  0.000e+00  0.000e+00 -1.085e-03
  3820  0.000e+00  0.000e+00 -1.053e-03
  3825  0.000e+00  0.000e+00 -1.018e-03
  3830  0.000e+00  0.000e+00 -9.785e-04
  3835  0.000e+00  0.000e+00 -9.365e-04
  3840  0.000e+00  0.000e+00 -8.925e-04
  3845  0.000e+00  0.000e+00 -8.471e-04
  3850  0.000e+00  0.000e+00 -8.009e-04
  3855  0.000e+00  0.000e+00 -7.546e-04
  3860  0.000e+00  0.000e+00 -7.087e-04
  3865  0.000e+00  0.000e+00 -6.638e-04
  3870  0.000e+00  0.000e+00 -6.203e-04
  3875  0.000e+00  0.000e+00 -5.786e-04
  3880  0.000e+00  0.000e+00 -5.391e-04
  3885  0.000e+00  0.000e+00 -5.019e-04
  3890  0.000e+00  0.000e+00 -4.673e-04
  3895  0.000e+00  0.000e+00 -4.352e-04
  3900  0.000e+00  0.000e+00 -4.057e-04
  3905  0.000e+00  0.000e+00 -3.787e-04
  3910  0.000e+00  0.000e+00 -3.541e-04
  3915  0.000e+00  0.000e+00 -3.316e-04
  3920  0.000e+00  0.000e+00 -3.111e-04
  3925  0.000e+00  0.000e+00 -2.922e-04
  3930  0.000e+00  0.000e+00 -2.745e-04
  3935  0.000e+00  0.000e+00 -2.579e-04
  3940  0.000e+00  0.000e+00 -2.420e-04
  3945  0.000e+00  0.000e+00 -2.265e-04
  3950  0.000e+00  0.000e+00 -2.111e-04
  3955  0.000e+00  0.000e+00 -1.956e-04
  3960  0.000e+00  0.000e+00 -1.799e-04
  3965  0.000e+00  0.000e+00 -1.638e-04
  3970  0.000e+00  0.000e+00 -1.473e-04
  3975  0.000e+00  0.000e+00 -1.304e-04
  3980  0.000e+00  0.000e+00 -1.133e-04
  3985  0.000e+00  0.000e+00 -9.617e-05
  3990  0.000e+00  0.000e+00 -7.920e-05
  3995  0.000e+00  0.000e+00 -6.275e-05
  4000  0.000e+00  0.000e+00 -4.722e-05
  4005  0.000e+00  0.000e+00 -3.305e-05
  4010  0.000e+00  0.000e+00 -2.073e-05
  4015  0.000e+00  0.000e+00 -1.076e-05
  4020  0.000e+00  0.000e+00 -3.676e-06
  4025  0.000e+00  0.000e+00 -1.273e-18
  4030  0.000e+00  0.000e+00 -2.377e-07
  4035  0.000e+00  0.000e+00 -4.861e-06
  4040  0.000e+00  0.000e+00 -1.429e-05
  4045  0.000e+00  0.000e+00 -2.889e-05
  4050  0.000e+00  0.000e+00 -4.893e-05
  4055  0.000e+00  0.000e+00 -7.459e-05
  4060  0.000e+00  0.000e+00 -1.060e-04
  4065  0.000e+00  0.000e+00 -1.430e-04
  4070  0.000e+00  0.000e+00 -1.856e-04
  4075  0.000e+00  0.000e+00 -2.335e-04
  4080  0.000e+00  0.000e+00 -2.862e-04
  4085  0.000e+00  0.000e+00 -3.433e-04
  4090  0.000e+00  0.000e+00 -4.042e-04
  4095  0.000e+00  0.000e+00 -4.681e-04
  4100  0.000e+00  0.000e+00 -5.343e-04
  4105  0.000e+00  0.000e+00 -6.018e-04
  4110  0.000e+00  0.000e+00 -6.698e-04
  4115  0.000e+00  0.000e+00 -7.372e-04
  4120  0.000e+00  0.000e+00 -8.031e-04
  4125  0.000e+00  0.000e+00 -8.664e-04
  4130  0.000e+00  0.000e+00 -9.262e-04
  4135  0.000e+00  0.000e+00 -9.815e-04
  4140  0.000e+00  0.000e+00 -1.032e-03
  4145  0.000e+00  0.000e+00 -1.075e-03
  4150  0.000e+00  0.000e+00 -1.113e-03
  4155  0.000e+00  0.000e+00 -1.142e-03
  4160  0.000e+00  0.000e+00 -1.164e-03
  4165  0.000e+00  0.000e+00 -1.178e-03
  4170  0.000e+00  0.000e+00 -1.184e-03
  4175  0.000e+00  0.000e+00 -1.182e-03
  4180  0.000e+00  0.000e+00 -1.172e-03
  4185  0.000e+00  0.000e+00 -1.154e-03
  4190  0.000e+00  0.000e+00 -1.129e-03
  4195  0.000e+00  0.000e+00 -1.097e-03
  4200  0.000e+00  0.000e+00 -1.060e-03
  4205  0.000e+00  0.000e+00 -1.018e-03
  4210  0.000e+00  0.000e+00 -9.723e-04
  4215  0.000e+00  0.000e+00 -9.237e-04
  4220  0.000e+00  0.000e+00 -8.733e-04
  4225  0.000e+00  0.000e+00 -8.223e-04
  4230  0.000e+00  0.000e+00 -7.718e-04
  4235  0.000e+00  0.000e+00 -7.229e-04
  4240  0.000e+00  0.000e+00 -6.767e-04
  4245  0.000e+00  0.000e+00 -6.340e-04
  4250  0.000e+00  0.000e+00 -5.958e-04
  4255  0.000e+00  0.000e+00 -5.629e-04
  4260  0.000e+00  0.000e+00 -5.358e-04
  4265  0.000e+00  0.000e+00 -5.152e-04
  4270  0.000e+00  0.000e+00 -5.013e-04
  4275  0.000e+00  0.000e+00 -4.944e-04
  4280  0.000e+00  0.000e+00 -4.944e-04
  4285  0.000e+00  0.000e+00 -5.014e-04
  4290  0.000e+00  0.000e+00 -5.150e-04
  4295  0.000e+00  0.000e+00 -5.347e-04
  4300  0.000e+00  0.000e+00 -5.601e-04
  4305  0.000e+00  0.000e+00 -5.906e-04
  4310  0.000e+00  0.000e+00 -6.252e-04
  4315  0.000e+00  0.000e+00 -6.632e-04
  4320  0.000e+00  0.000e+00 -7.037e-04
  4325  0.000e+00  0.000e+00 -7.458e-04
  4330  0.000e+00  0.000e+00 -7.884e-04
  4335  0.000e+00  0.000e+00 -8.307e-04
  4340  0.000e+00  0.000e+00 -8.718e-04
  4345  0.000e+00  0.000e+00 -9.107e-04
  4350  0.000e+00  0.000e+00 -9.468e-04
  4355  0.000e+00  0.000e+00 -9.793e-04
  4360  0.000e+00  0.000e+00 -1.008e-03
  4365  0.000e+00  0.000e+00 -1.032e-03
  4370  0.000e+00  0.000e+00 -1.050e-03
  4375  0.000e+00  0.000e+00 -1.064e-03
  4380  0.000e+00  0.000e+00 -1.073e-03
  4385  0.000e+00  0.000e+00 -1.076e-03
  4390  0.000e+00  0.000e+00 -1.075e-03
  4395  0.000e+00  0.000e+00 -1.069e-03
  4400  0.000e+00  0.000e+00 -1.059e-03
  4405  0.000e+00  0.000e+00 -1.045e-03
  4410  0.000e+00  0.000e+00 -1.028e-03
  4415  0.000e+00  0.000e+00 -1.009e-03
  4420  0.000e+00  0.000e+00 -9.876e-04
  4425  0.000e+00  0.000e+00 -9.656e-04
  4430  0.000e+00  0.000e+00 -9.434e-04
  4435  0.000e+00  0.000e+00 -9.217e-04
  4440  0.000e+00  0.000e+00 -9.009e-04
  4445  0.000e+00  0.000e+00 -8.819e-04
  4450  0.000e+00  0.000e+00 -8.650e-04
  4455  0.000e+00  0.000e+00 -8.507e-04
  4460  0.000e+00  0.000e+00 -8.393e-04
  4465  0.000e+00  0.000e+00 -8.310e-04
  4470  0.000e+00  0.000e+00 -8.260e-04
  4475  0.000e+00  0.000e+00 -8.241e-04
  4480  0.000e+00  0.000e+00 -8.252e-04
  4485  0.000e+00  0.000e+00 -8.292e-04
  4490  0.000e+00  0.000e+00 -8.356e-04
  4495  0.000e+00  0.000e+00 -8.440e-04
  4500  0.000e+00  0.000e+00 -8.539e-04
  4505  0.000e+00  0.000e+00 -8.647e-04
  4510  0.000e+00  0.000e+00 -8.758e-04
  4515  0.000e+00  0.000e+00 -8.866e-04
  4520  0.000e+00  0.000e+00 -8.963e-04
  4525  0.000e+00  0.000e+00 -9.044e-04
  4530  0.000e+00  0.000e+00 -9.103e-04
  4535  0.000e+00  0.000e+00 -9.134e-04
  4540  0.000e+00  0.000e+00 -9.132e-04
  4545  0.000e+00  0.000e+00 -9.094e-04
  4550  0.000e+00  0.000e+00 -9.016e-04
  4555  0.000e+00  0.000e+00 -8.897e-04
  4560  0.000e+00  0.000e+00 -8.736e-04
  4565  0.000e+00  0.000e+00 -8.534e-04
  4570  0.000e+00  0.000e+00 -8.292e-04
  4575  0.000e+00  0.000e+00 -8.015e-04
  4580  0.000e+00  0.000e+00 -7.705e-04
  4585  0.000e+00  0.000e+00 -7.369e-04
  4590  0.000e+00  0.000e+00 -7.012e-04
  4595  0.000e+00  0.000e+00 -6.642e-04
  4600  0.000e+00  0.000e+00 -6.266e-04
  4605  0.000e+00  0.000e+00 -5.893e-04
  4610  0.000e+00  0.000e+00 -5.531e-04
  4615  0.000e+00  0.000e+00 -5.189e-04
  4620  0.000e+00  0.000e+00 -4.875e-04
  4625  0.000e+00  0.000e+00 -4.597e-04
  4630  0.000e+00  0.000e+00 -4.363e-04
  4635  0.000e+00  0.000e+00 -4.179e-04
  4640  0.000e+00  0.000e+00 -4.050e-04
  4645  0.000e+00  0.000e+00 -3.982e-04
  4650  0.000e+00  0.000e+00 -3.978e-04
  4655  0.000e+00  0.000e+00 -4.039e-04
  4660  0.000e+00  0.000e+00 -4.167e-04
  4665  0.000e+00  0.000e+00 -4.359e-04
  4670  0.000e+00  0.000e+00 -4.615e-04
  4675  0.000e+00  0.000e+00 -4.929e-04
  4680  0.000e+00  0.000e+00 -5.296e-04
  4685  0.000e+00  0.000e+00 -5.711e-04
  4690  0.000e+00  0.000e+00 -6.165e-04
  4695  0.000e+00  0.000e+00 -6.650e-04
  4700  0.000e+00  0.000e+00 -7.156e-04
  4705  0.000e+00  0.000e+00 -7.673e-04
  4710  0.000e+00  0.000e+00 -8.191e-04
  4715  0.000e+00  0.000e+00 -8.698e-04
  4720  0.000e+00  0.000e+00 -9.185e-04
  4725  0.000e+00  0.000e+00 -9.641e-04
  4730  0.000e+00  0.000e+00 -1.006e-03
  4735  0.000e+00  0.000e+00 -1.042e-03
  4740  0.000e+00  0.000e+00 -1.073e-03
  4745  0.000e+00  0.000e+00 -1.097e-03
  4750  0.000e+00  0.000e+00 -1.114e-03
  4755  0.000e+00  0.000e+00 -1.123e-03
  4760  0.000e+00  0.000e+00 -1.125e-03
  4765  0.000e+00  0.000e+00 -1.119e-03
  4770  0.000e+00  0.000e+00 -1.105e-03
  4775  0.000e+00  0.000e+00 -1.083e-03
  4780  0.000e+00  0.000e+00 -1.054e-03
  4785  0.000e+00  0.000e+00 -1.018e-03
  4790  0.000e+00  0.000e+00 -9.763e-04
  4795  0.000e+00  0.000e+00 -9.289e-04
  4800  0.000e+00  0.000e+00 -8.769e-04
  4805  0.000e+00  0.000e+00 -8.214e-04
  4810  0.000e+00  0.000e+00 -7.635e-04
  4815  0.000e+00  0.000e+00 -7.042e-04
  4820  0.000e+00  0.000e+00 -6.447e-04
  4825  0.000e+00  0.000e+00 -5.861e-04
  4830  0.000e+00  0.000e+00 -5.296e-04
  4835  0.000e+00  0.000e+00 -4.763e-04
  4840  0.000e+00  0.000e+00 -4.272e-04
  4845  0.000e+00  0.000e+00 -3.832e-04
  4850  0.000e+00  0.000e+00 -3.454e-04
  4855  0.000e+00  0.000e+00 -3.143e-04
  4860  0.000e+00  0.000e+00 -2.907e-04
  4865  0.000e+00  0.000e+00 -2.750e-04
  4870  0.000e+00  0.000e+00 -2.675e-04
  4875  0.000e+00  0.000e+00 -2.684e-04
  4880  0.000e+00  0.000e+00 -2.778e-04
  4885  0.000e+00  0.000e+00 -2.956e-04
  4890  0.000e+00  0.000e+00 -3.213e-04
  4895  0.000e+00  0.000e+00 -3.547e-04
  4900  0.000e+00  0.000e+00 -3.950e-04
  4905  0.000e+00  0.000e+00 -4.417e-04
  4910  0.000e+00  0.000e+00 -4.939e-04
  4915  0.000e+00  0.000e+00 -5.507e-04
  4920  0.000e+00  0.000e+00 -6.110e-04
  4925  0.000e+00  0.000e+00 -6.739e-04
  4930  0.000e+00  0.000e+00 -7.383e-04
  4935  0.000e+00  0.000e+00 -8.030e-04
  4940  0.000e+00  0.000e+00 -8.669e-04
  4945  0.000e+00  0.000e+00 -9.289e-04
  4950  0.000e+00  0.000e+00 -9.880e-04
  4955  0.000e+00  0.000e+00 -1.043e-03
  4960  0.000e+00  0.000e+00 -1.093e-03
  4965  0.000e+00  0.000e+00 -1.138e-03
  4970  0.000e+00  0.000e+00 -1.176e-03
  4975  0.000e+00  0.000e+00 -1.207e-03
  4980  0.000e+00  0.000e+00 -1.231e-03
  4985  0.000e+00  0.000e+00 -1.247e-03
  4990  0.000e+00  0.000e+00 -1.254e-03
  4995  0.000e+00  0.000e+00 -1.254e-03
  5000  0.000e+00  0.000e+00 -1.245e-03
  5005  0.000e+00  0.000e+00 -1.229e-03
  5010  0.000e+00  0.000e+00 -1.205e-03
  5015  0.000e+00  0.000e+00 -1.174e-03
  5020  0.000e+00  0.000e+00 -1.137e-03
  5025  0.000e+00  0.000e+00 -1.095e-03
  5030  0.000e+00  0.000e+00 -1.047e-03
  5035  0.000e+00  0.000e+00 -9.952e-04
  5040  0.000e+00  0.000e+00 -9.406e-04
  5045  0.000e+00  0.000e+00 -8.838e-04
  5050  0.000e+00  0.000e+00 -8.261e-04
  5055  0.000e+00  0.000e+00 -7.683e-04
  5060  0.000e+00  0.000e+00 -7.115e-04
  5065  0.000e+00  0.000e+00 -6.568e-04
  5070  0.000e+00  0.000e+00 -6.050e-04
  5075  0.000e+00  0.000e+00 -5.570e-04
  5080  0.000e+00  0.000e+00 -5.136e-04
  5085  0.000e+00  0.000e+00 -4.757e-04
  5090  0.000e+00  0.000e+00 -4.437e-04
  5095  0.000e+00  0.000e+00 -4.183e-04
  5100  0.000e+00  0.000e+00 -3.997e-04
  5105  0.000e+00  0.000e+00 -3.883e-04
  5110  0.000e+00  0.000e+00 -3.842e-04
  5115  0.000e+00  0.000e+00 -3.874e-04
  5120  0.000e+00  0.000e+00 -3.978e-04
  5125  0.000e+00  0.000e+00 -4.151e-04
  5130  0.000e+00  0.000e+00 -4.390e-04
  5135  0.000e+00  0.000e+00 -4.690e-04
  5140  0.000e+00  0.000e+00 -5.044e-04
  5145  0.000e+00  0.000e+00 -5.447e-04
  5150  0.000e+00  0.000e+00 -5.890e-04
  5155  0.000e+00  0.000e+00 -6.366e-04
  5160  0.000e+00  0.000e+00 -6.865e-04
  5165  0.000e+00  0.000e+00 -7.379e-04
  5170  0.000e+00  0.000e+00 -7.898e-04
  5175  0.000e+00  0.000e+00 -8.414e-04
  5180  0.000e+00  0.000e+00 -8.916e-04
  5185  0.000e+00  0.000e+00 -9.397e-04
  5190  0.000e+00  0.000e+00 -9.849e-04
  5195  0.000e+00  0.000e+00 -1.026e-03
  5200  0.000e+00  0.000e+00 -1.063e-03
  5205  0.000e+00  0.000e+00 -1.095e-03
  5210  0.000e+00  0.000e+00 -1.122e-03
  5215  0.000e+00  0.000e+00 -1.142e-03
  5220  0.000e+00  0.000e+00 -1.157e-03
  5225  0.000e+00  0.000e+00 -1.165e-03
  5230  0.000e+00  0.000e+00 -1.167e-03
  5235  0.000e+00  0.000e+00 -1.162e-03
  5240  0.000e+00  0.000e+00 -1.151e-03
  5245  0.000e+00  0.000e+00 -1.135e-03
  5250  0.000e+00  0.000e+00 -1.113e-03
  5255  0.000e+00  0.000e+00 -1.085e-03
  5260  0.000e+00  0.000e+00 -1.053e-03
  5265  0.000e+00  0.000e+00 -1.018e-03
  5270  0.000e+00  0.000e+00 -9.785e-04
  5275  0.000e+00  0.000e+00 -9.365e-04
  5280  0.000e+00  0.000e+00 -8.925e-04
  5285  0.000e+00  0.000e+00 -8.471e-04
  5290  0.000e+00  0.000e+00 -8.009e-04
  5295  0.000e+00  0.000e+00 -7.546e-04
  5300  0.000e+00  0.000e+00 -7.087e-04
  5305  0.000e+00  0.000e+00 -6.638e-04
  5310  0.000e+00  0.000e+00 -6.203e-04
  5315  0.000e+00  0.000e+00 -5.786e-04
  5320  0.000e+00  0.000e+00 -5.391e-04
  5325  0.000e+00  0.000e+00 -5.019e-04
  5330  0.000e+00  0.000e+00 -4.673e-04
  5335  0.000e+00  0.000e+00 -4.352e-04
  5340  0.000e+00  0.000e+00 -4.057e-04
  5345  0.000e+00  0.000e+00 -3.787e-04
  5350  0.000e+00  0.000e+00 -3.541e-04
  5355  0.000e+00  0.000e+00 -3.316e-04
  5360  0.000e+00  0.000e+00 -3.111e-04
  5365  0.000e+00  0.000e+00 -2.922e-04
  5370  0.000e+00  0.000e+00 -2.745e-04
  5375  0.000e+00  0.000e+00 -2.579e-04
  5380  0.000e+00  0.000e+00 -2.420e-04
  5385  0.000e+00  0.000e+00 -2.265e-04
  5390  0.000e+00  0.000e+00 -2.111e-04
  5395  0.000e+00  0.000e+00 -1.956e-04
  5400  0.000e+00  0.000e+00 -1.799e-04
  5405  0.000e+00  0.000e+00 -1.638e-04
  5410  0.000e+00  0.000e+00 -1.473e-04
  5415  0.000e+00  0.000e+00 -1.304e-04
  5420  0.000e+00  0.000e+00 -1.133e-04
  5425  0.000e+00  0.000e+00 -9.617e-05
  5430  0.000e+00  0.000e+00 -7.920e-05
  5435  0.000e+00  0.000e+00 -6.275e-05
  5440  0.000e+00  0.000e+00 -4.722e-05
  5445  0.000e+00  0.000e+00 -3.305e-05
  5450  0.000e+00  0.000e+00 -2.073e-05
  5455  0.000e+00  0.000e+00 -1.076e-05
  5460  0.000e+00  0.000e+00 -3.676e-06
  5465  0.000e+00  0.000e+00 -1.637e-18
  5470  0.000e+00  0.000e+00 -2.377e-07
  5475  0.000e+00  0.000e+00 -4.861e-06
  5480  0.000e+00  0.000e+00 -1.429e-05
  5485  0.000e+00  0.000e+00 -2.889e-05
  5490  0.000e+00  0.000e+00 -4.893e-05
  5495  0.000e+00  0.000e+00 -7.459e-05
  5500  0.000e+00  0.000e+00 -1.060e-04
  5505  0.000e+00  0.000e+00 -1.430e-04
  5510  0.000e+00  0.000e+00 -1.856e-04
  5515  0.000e+00  0.000e+00 -2.335e-04
  5520  0.000e+00  0.000e+00 -2.862e-04
  5525  0.000e+00  0.000e+00 -3.433e-04
  5530  0.000e+00  0.000e+00 -4.042e-04
  5535  0.000e+00  0.000e+00 -4.681e-04
  5540  0.000e+00  0.000e+00 -5.343e-04
  5545  0.000e+00  0.000e+00 -6.018e-04
  5550  0.000e+00  0.000e+00 -6.698e-04
  5555  0.000e+00  0.000e+00 -7.372e-04
  5560  0.000e+00  0.000e+00 -8.031e-04
  5565  0.000e+00  0.000e+00 -8.664e-04
  5570  0.000e+00  0.000e+00 -9.262e-04
  5575  0.000e+00  0.000e+00 -9.815e-04
  5580  0.000e+00  0.000e+00 -1.032e-03
  5585  0.000e+00  0.000e+00 -1.075e-03
  5590  0.000e+00  0.000e+00 -1.113e-03
  5595  0.000e+00  0.000e+00 -1.142e-03
  5600  0.000e+00  0.000e+00 -1.164e-03
  5605  0.000e+00  0.000e+00 -1.178e-03
  5610  0.000e+00  0.000e+00 -1.184e-03
  5615  0.000e+00  0.000e+00 -1.182e-03
  5620  0.000e+00  0.000e+00 -1.172e-03
  5625  0.000e+00  0.000e+00 -1.154e-03
  5630  0.000e+00  0.000e+00 -1.129e-03
  5635  0.000e+00  0.000e+00 -1.097e-03
  5640  0.000e+00  0.000e+00 -1.060e-03
  5645  0.000e+00  0.000e+00 -1.018e-03
  5650  0.000e+00  0.000e+00 -9.723e-04
  5655  0.000e+00  0.000e+00 -9.237e-04
  5660  0.000e+00  0.000e+00 -8.733e-04
  5665  0.000e+00  0.000e+00 -8.223e-04
  5670  0.000e+00  0.000e+00 -7.718e-04
  5675  0.000e+00  0.000e+00 -7.229e-04
  5680  0.000e+00  0.000e+00 -6.767e-04
  5685  0.000e+00  0.000e+00 -6.340e-04
  5690  0.000e+00  0.000e+00 -5.958e-04
  5695  0.000e+00  0.000e+00 -5.629e-04
  5700  0.000e+00  0.000e+00 -5.358e-04
  5705  0.000e+00  0.000e+00 -5.152e-04
  5710  0.000e+00  0.000e+00 -5.013e-04
  5715  0.000e+00  0.000e+00 -4.944e-04
  5720  0.000e+00  0.000e+00 -4.944e-04
  5725  0.000e+00  0.000e+00 -5.014e-04
  5730  0.000e+00  0.000e+00 -5.150e-04
  5735  0.000e+00  0.000e+00 -5.347e-04
  5740  0.000e+00  0.000e+00 -5.601e-04
  5745  0.000e+00  0.000e+00 -5.906e-04
  5750  0.000e+00  0.000e+00 -6.252e-04
  5755  0.000e+00  0.000e+00 -6.632e-04
  5760  0.000e+00  0.000e+00 -7.037e-04
  5765  0.000e+00  0.000e+00 -7.458e-04
  5770  0.000e+00  0.000e+00 -7.884e-04
  5775  0.000e+00  0.000e+00 -8.307e-04
  5780  0.000e+00  0.000e+00 -8.718e-04
  5785  0.000e+00  0.000e+00 -9.107e-04
  5790  0.000e+00  0.000e+00 -9.468e-04
  5795  0.000e+00  0.000e+00 -9.793e-04
  5800  0.000e+00  0.000e+00 -1.008e-03
  5805  0.000e+00  0.000e+00 -1.032e-03
  5810  0.000e+00  0.000e+00 -1.050e-03
  5815  0.000e+00  0.000e+00 -1.064e-03
  5820  0.000e+00  0.000e+00 -1.073e-03
  5825  0.000e+00  0.000e+00 -1.076e-03
  5830  0.000e+00  0.000e+00 -1.075e-03
  5835  0.000e+00  0.000e+00 -1.069e-03
  5840  0.000e+00  0.000e+00 -1.059e-03
  5845  0.000e+00  0.000e+00 -1.045e-03
  5850  0.000e+00  0.000e+00 -1.028e-03
  5855  0.000e+00  0.000e+00 -1.009e-03
  5860  0.000e+00  0.000e+00 -9.876e-04
  5865  0.000e+00  0.000e+00 -9.656e-04
  5870  0.000e+00  0.000e+00 -9.434e-04
  5875  0.000e+00  0.000e+00 -9.217e-04
  5880  0.000e+00  0.000e+00 -9.009e-04
  5885  0.000e+00  0.000e+00 -8.819e-04
  5890  0.000e+00  0.000e+00 -8.650e-04
  5895  0.000e+00  0.000e+00 -8.507e-04
  5900  0.000e+00  0.000e+00 -8.393e-04
  5905  0.000e+00  0.000e+00 -8.310e-04
  5910  0.000e+00  0.000e+00 -8.260e-04
  5915  0.000e+00  0.000e+00 -8.241e-04
  5920  0.000e+00  0.000e+00 -8.252e-04
  5925  0.000e+00  0.000e+00 -8.292e-04
  5930  0.000e+00  0.000e+00 -8.356e-04
  5935  0.000e+00  0.000e+00 -8.440e-04
  5940  0.000e+00  0.000e+00 -8.539e-04
  5945  0.000e+00  0.000e+00 -8.647e-04
  5950  0.000e+00  0.000e+00 -8.758e-04
  5955  0.000e+00  0.000e+00 -8.866e-04
  5960  0.000e+00  0.000e+00 -8.963e-04
  5965  0.000e+00  0.000e+00 -9.044e-04
  5970  0.000e+00  0.000e+00 -9.103e-04
  5975  0.000e+00  0.000e+00 -9.134e-04
  5980  0.000e+00  0.000e+00 -9.132e-04
  5985  0.000e+00  0.000e+00 -9.094e-04
  5990  0.000e+00  0.000e+00 -9.016e-04
  5995  0.000e+00  0.000e+00 -8.897e-04
  6000  0.000e+00  0.000e+00 -8.736e-04
  6005  0.000e+00  0.000e+00 -8.534e-04
  6010  0.000e+00  0.000e+00 -8.292e-04
  6015  0.000e+00  0.000e+00 -8.015e-04
  6020  0.000e+00  0.000e+00 -7.705e-04
  6025  0.000e+00  0.000e+00 -7.369e-04
  6030  0.000e+00  0.000e+00 -7.012e-04
  6035  0.000e+00  0.000e+00 -6.642e-04
  6040  0.000e+00  0.000e+00 -6.266e-04
  6045  0.000e+00  0.000e+00 -5.893e-04
  6050  0.000e+00  0.000e+00 -5.531e-04
  6055  0.000e+00  0.000e+00 -5.189e-04
  6060  0.000e+00  0.000e+00 -4.875e-04
  6065  0.000e+00  0.000e+00 -4.597e-04
  6070  0.000e+00  0.000e+00 -4.363e-04
  6075  0.000e+00  0.000e+00 -4.179e-04
  6080  0.000e+00  0.000e+00 -4.050e-04
  6085  0.000e+00  0.000e+00 -3.982e-04
  6090  0.000e+00  0.000e+00 -3.978e-04
  6095  0.000e+00  0.000e+00 -4.039e-04
  6100  0.000e+00  0.000e+00 -4.167e-04
  6105  0.000e+00  0.000e+00 -4.359e-04
  6110  0.000e+00  0.000e+00 -4.615e-04
  6115  0.000e+00  0.000e+00 -4.929e-04
  6120  0.000e+00  0.000e+00 -5.296e-04
  6125  0.000e+00  0.000e+00 -5.711e-04
  6130  0.000e+00  0.000e+00 -6.165e-04
  6135  0.000e+00  0.000e+00 -6.650e-04
  6140  0.000e+00  0.000e+00 -7.156e-04
  6145  0.000e+00  0.000e+00 -7.673e-04
  6150  0.000e+00  0.000e+00 -8.191e-04
  6155  0.000e+00  0.000e+00 -8.698e-04
  6160  0.000e+00  0.000e+00 -9.185e-04
  6165  0.000e+00  0.000e+00 -9.641e-04
  6170  0.000e+00  0.000e+00 -1.006e-03
  6175  0.000e+00  0.000e+00 -1.042e-03
  6180  0.000e+00  0.000e+00 -1.073e-03
  6185  0.000e+00  0.000e+00 -1.097e-03
  6190  0.000e+00  0.000e+00 -1.114e-03
  6195  0.000e+00  0.000e+00 -1.123e-03
  6200  0.000e+00  0.000e+00 -1.125e-03
  6205  0.000e+00  0.000e+00 -1.119e-03
  6210  0.000e+00  0.000e+00 -1.105e-03
  6215  0.000e+00  0.000e+00 -1.083e-03
  6220  0.000e+00  0.000e+00 -1.054e-03
  6225  0.000e+00  0.000e+00 -1.018e-03
  6230  0.000e+00  0.000e+00 -9.763e-04
  6235  0.000e+00  0.000e+00 -9.289e-04
  6240  0.000e+00  0.000e+00 -8.769e-04
  6245  0.000e+00  0.000e+00 -8.214e-04
  6250  0.000e+00  0.000e+00 -7.635e-04
  6255  0.000e+00  0.000e+00 -7.042e-04
  6260  0.000e+00  0.000e+00 -6.447e-04
  6265  0.000e+00  0.000e+00 -5.861e-04
  6270  0.000e+00  0.000e+00 -5.296e-04
  6275  0.000e+00  0.000e+00 -4.763e-04
  6280  0.000e+00  0.000e+00 -4.272e-04
  6285  0.000e+00  0.000e+00 -3.832e-04
  6290  0.000e+00  0.000e+00 -3.454e-04
  6295  0.000e+00  0.000e+00 -3.143e-04
  6300  0.000e+00  0.000e+00 -2.907e-04
  6305  0.000e+00  0.000e+00 -2.750e-04
  6310  0.000e+00  0.000e+00 -2.675e-04
  6315  0.000e+00  0.000e+00 -2.684e-04
  6320  0.000e+00  0.000e+00 -2.778e-04
  6325  0.000e+00  0.000e+00 -2.956e-04
  6330  0.000e+00  0.000e+00 -3.213e-04
  6335  0.000e+00  0.000e+00 -3.547e-04
  6340  0.000e+00  0.000e+00 -3.950e-04
  6345  0.000e+00  0.000e+00 -4.417e-04
  6350  0.000e+00  0.000e+00 -4.939e-04
  6355  0.000e+00  0.000e+00 -5.507e-04
  6360  0.000e+00  0.000e+00 -6.110e-04
  6365  0.000e+00  0.000e+00 -6.739e-04
  6370  0.000e+00  0.000e+00 -7.383e-04
  6375  0.000e+00  0.000e+00 -8.030e-04
  6380  0.000e+00  0.000e+00 -8.669e-04
  6385  0.000e+00  0.000e+00 -9.289e-04
  6390  0.000e+00  0.000e+00 -9.880e-04
  6395  0.000e+00  0.000e+00 -1.043e-03
  6400  0.000e+00  0.000e+00 -1.093e-03
  6405  0.000e+00  0.000e+00 -1.138e-03
  6410  0.000e+00  0.000e+00 -1.176e-03
  6415  0.000e+00  0.000e+00 -1.207e-03
  6420  0.000e+00  0.000e+00 -1.231e-03
  6425  0.000e+00  0.000e+00 -1.247e-03
  6430  0.000e+00  0.000e+00 -1.254e-03
  6435  0.000e+00  0.000e+00 -1.254e-03
  6440  0.000e+00  0.000e+00 -1.245e-03
  6445  0.000e+00  0.000e+00 -1.229e-03
  6450  0.000e+00  0.000e+00 -1.205e-03
  6455  0.000e+00  0.000e+00 -1.174e-03
  6460  0.000e+00  0.000e+00 -1.137e-03
  6465  0.000e+00  0.000e+00 -1.095e-03
  6470  0.000e+00  0.000e+00 -1.047e-03
  6475  0.000e+00  0.000e+00 -9.952e-04
  6480  0.000e+00  0.000e+00 -9.406e-04
  6485  0.000e+00  0.000e+00 -8.838e-04
  6490  0.000e+00  0.000e+00 -8.261e-04
  6495  0.000e+00  0.000e+00 -7.683e-04
  6500  0.000e+00  0.000e+00 -7.115e-04
  6505  0.000e+00  0.000e+00 -6.568e-04
  6510  0.000e+00  0.000e+00 -6.050e-04
  6515  0.000e+00  0.000e+00 -5.570e-04
  6520  0.000e+00  0.000e+00 -5.136e-04
  6525  0.000e+00  0.000e+00 -4.757e-04
  6530  0.000e+00  0.000e+00 -4.437e-04
  6535  0.000e+00  0.000e+00 -4.183e-04
  6540  0.000e+00  0.000e+00 -3.997e-04
  6545  0.000e+00  0.000e+00 -3.883e-04
  6550  0.000e+00  0.000e+00 -3.842e-04
  6555  0.000e+00  0.000e+00 -3.874e-04
  6560  0.000e+00  0.000e+00 -3.978e-04
  6565  0.000e+00  0.000e+00 -4.151e-04
  6570  0.000e+00  0.000e+00 -4.390e-04
  6575  0.000e+00  0.000e+00 -4.690e-04
  6580  0.000e+00  0.000e+00 -5.044e-04
  6585  0.000e+00  0.000e+00 -5.447e-04
  6590  0.000e+00  0.000e+00 -5.890e-04
  6595  0.000e+00  0.000e+00 -6.366e-04
  6600  0.000e+00  0.000e+00 -6.865e-04
  6605  0.000e+00  0.000e+00 -7.379e-04
  6610  0.000e+00  0.000e+00 -7.898e-04
  6615  0.000e+00  0.000e+00 -8.414e-04
  6620  0.000e+00  0.000e+00 -8.916e-04
  6625  0.000e+00  0.000e+00 -9.397e-04
  6630  0.000e+00  0.000e+00 -9.849e-04
  6635  0.000e+00  0.000e+00 -1.026e-03
  6640  0.000e+00  0.000e+00 -1.063e-03
  6645  0.000e+00  0.000e+00 -1.095e-03
  6650  0.000e+00  0.000e+00 -1.122e-03
  6655  0.000e+00  0.000e+00 -1.142e-03
  6660  0.000e+00  0.000e+00 -1.157e-03
  6665  0.000e+00  0.000e+00 -1.165e-03
  6670  0.000e+00  0.000e+00 -1.167e-03
  6675  0.000e+00  0.000e+00 -1.162e-03
  6680  0.000e+00  0.000e+00 -1.151e-03
  6685  0.000e+00  0.000e+00 -1.135e-03
  6690  0.000e+00  0.000e+00 -1.113e-03
  6695  0.000e+00  0.000e+00 -1.085e-03
  6700  0.000e+00  0.000e+00 -1.053e-03
  6705  0.000e+00  0.000e+00 -1.018e-03
  6710  0.000e+00  0.000e+00 -9.785e-04
  6715  0.000e+00  0.000e+00 -9.365e-04
  6720  0.000e+00  0.000e+00 -8.925e-04
  6725  0.000e+00  0.000e+00 -8.471e-04
  6730  0.000e+00  0.000e+00 -8.009e-04
  6735  0.000e+00  0.000e+00 -7.546e-04
  6740  0.000e+00  0.000e+00 -7.087e-04
  6745  0.000e+00  0.000e+00 -6.638e-04
  6750  0.000e+00  0.000e+00 -6.203e-04
  6755  0.000e+00  0.000e+00 -5.786e-04
  6760  0.000e+00  0.000e+00 -5.391e-04
  6765  0.000e+00  0.000e+00 -5.019e-04
  6770  0.000e+00  0.000e+00 -4.673e-04
  6775  0.000e+00  0.000e+00 -4.352e-04
  6780  0.000e+00  0.000e+00 -4.057e-04
  6785  0.000e+00  0.000e+00 -3.787e-04
  6790  0.000e+00  0.000e+00 -3.541e-04
  6795  0.000e+00  0.000e+00 -3.316e-04
  6800  0.000e+00  0.000e+00 -3.111e-04
  6805  0.000e+00  0.000e+00 -2.922e-04
  6810  0.000e+00  0.000e+00 -2.745e-04
  6815  0.000e+00  0.000e+00 -2.579e-04
  6820  0.000e+00  0.000e+00 -2.420e-04
  6825  0.000e+00  0.000e+00 -2.265e-04
  6830  0.000e+00  0.000e+00 -2.111e-04
  6835  0.000e+00  0.000e+00 -1.956e-04
  6840  0.000e+00  0.000e+00 -1.799e-04
  6845  0.000e+00  0.000e+00 -1.638e-04
  6850  0.000e+00  0.000e+00 -1.473e-04
  6855  0.000e+00  0.000e+00 -1.304e-04
  6860  0.000e+00  0.000e+00 -1.133e-04
  6865  0.000e+00  0.000e+00 -9.617e-05
  6870  0.000e+00  0.000e+00 -7.920e-05
  6875  0.000e+00  0.000e+00 -6.275e-05
  6880  0.000e+00  0.000e+00 -4.722e-05
  6885  0.000e+00  0.000e+00 -3.305e-05
  6890  0.000e+00  0.000e+00 -2.073e-05
  6895  0.000e+00  0.000e+00 -1.076e-05
  6900  0.000e+00  0.000e+00 -3.676e-06
  6905  0.000e+00  0.000e+00 -5.274e-18
  6910  0.000e+00  0.000e+00 -2.377e-07
  6915  0.000e+00  0.000e+00 -4.861e-06
  6920  0.000e+00  0.000e+00 -1.429e-05
  6925  0.000e+00  0.000e+00 -2.889e-05
  6930  0.000e+00  0.000e+00 -4.893e-05
  6935  0.000e+00  0.000e+00 -7.459e-05
  6940  0.000e+00  0.000e+00 -1.060e-04
  6945  0.000e+00  0.000e+00 -1.430e-04
  6950  0.000e+00  0.000e+00 -1.856e-04
  6955  0.000e+00  0.000e+00 -2.335e-04
  6960  0.000e+00  0.000e+00 -2.862e-04
  6965  0.000e+00  0.000e+00 -3.433e-04
  6970  0.000e+00  0.000e+00 -4.042e-04
  6975  0.000e+00  0.000e+00 -4.681e-04
  6980  0.000e+00  0.000e+00 -5.343e-04
  6985  0.000e+00  0.000e+00 -6.018e-04
  6990  0.000e+00  0.000e+00 -6.698e-04
  6995  0.000e+00  0.000e+00 -7.372e-04
  7000  0.000e+00  0.000e+00 -8.031e-04
  7005  0.000e+00  0.000e+00 -8.664e-04
  7010  0.000e+00  0.000e+00 -9.262e-04
  7015  0.000e+00  0.000e+00 -9.815e-04
  7020  0.000e+00  0.000e+00 -1.032e-03
  7025  0.000e+00  0.000e+00 -1.075e-03
  7030  0.000e+00  0.000e+00 -1.113e-03
  7035  0.000e+00  0.000e+00 -1.142e-03
  7040  0.000e+00  0.000e+00 -1.164e-03
  7045  0.000e+00  0.000e+00 -1.178e-03
  7050  0.000e+00  0.000e+00 -1.184e-03
  7055  0.000e+00  0.000e+00 -1.182e-03
  7060  0.000e+00  0.000e+00 -1.172e-03
  7065  0.000e+00  0.000e+00 -1.154e-03
  7070  0.000e+00  0.000e+00 -1.129e-03
  7075  0.000e+00  0.000e+00 -1.097e-03
  7080  0.000e+00  0.000e+00 -1.060e-03
  7085  0.000e+00  0.000e+00 -1.018e-03
  7090  0.000e+00  0.000e+00 -9.723e-04
  7095  0.000e+00  0.000e+00 -9.237e-04
  7100  0.000e+00  0.000e+00 -8.733e-04
  7105  0.000e+00  0.000e+00 -8.223e-04
  7110  0.000e+00  0.000e+00 -7.718e-04
  7115  0.000e+00  0.000e+00 -7.229e-04
  7120  0.000e+00  0.000e+00 -6.767e-04
  7125  0.000e+00  0.000e+00 -6.340e-04
  7130  0.000e+00  0.000e+00 -5.958e-04
  7135  0.000e+00  0.000e+00 -5.629e-04
  7140  0.000e+00  0.000e+00 -5.358e-04
  7145  0.000e+00  0.000e+00 -5.152e-04
  7150  0.000e+00  0.000e+00 -5.013e-04
  7155  0.000e+00  0.000e+00 -4.944e-04
  7160  0.000e+00  0.000e+00 -4.944e-04
  7165  0.000e+00  0.000e+00 -5.014e-04
  7170  0.000e+00  0.000e+00 -5.150e-04
  7175  0.000e+00  0.000e+00 -5.347e-04
  7180  0.000e+00  0.000e+00 -5.601e-04
  7185  0.000e+00  0.000e+00 -5.906e-04
  7190  0.000e+00  0.000e+00 -6.252e-04
  7195  0.000e+00  0.000e+00 -6.632e-04
  7200  0.000e+00  0.000e+00 -7.037e-04
  7205  0.000e+00  0.000e+00 -7.458e-04
  7210  0.000e+00  0.000e+00 -7.884e-04
  7215  0.000e+00  0.000e+00 -8.307e-04
  7220  0.000e+00  0.000e+00 -8.718e-04
  7225  0.000e+00  0.000e+00 -9.107e-04
  7230  0.000e+00  0.000e+00 -9.468e-04
  7235  0.000e+00  0.000e+00 -9.793e-04
  7240  0.000e+00  0.000e+00 -1.008e-03
  7245  0.000e+00  0.000e+00 -1.032e-03
  7250  0.000e+00  0.000e+00 -1.050e-03
  7255  0.000e+00  0.000e+00 -1.064e-03
  7260  0.000e+00  0.000e+00 -1.073e-03
  7265  0.000e+00  0.000e+00 -1.076e-03
  7270  0.000e+00  0.000e+00 -1.075e-03
  7275  0.000e+00  0.000e+00 -1.069e-03
  7280  0.000e+00  0.000e+00 -1.059e-03
  7285  0.000e+00  0.000e+00 -1.045e-03
  7290  0.000e+00  0.000e+00 -1.028e-03
  7295  0.000e+00  0.000e+00 -1.009e-03
  7300  0.000e+00  0.000e+00 -9.876e-04
  7305  0.000e+00  0.000e+00 -9.656e-04
  7310  0.000e+00  0.000e+00 -9.434e-04
  7315  0.000e+00  0.000e+00 -9.217e-04
  7320  0.000e+00  0.000e+00 -9.009e-04
  7325  0.000e+00  0.000e+00 -8.819e-04
  7330  0.000e+00  0.000e+00 -8.650e-04
  7335  0.000e+00  0.000e+00 -8.507e-04
  7340  0.000e+00  0.000e+00 -8.393e-04
  7345  0.000e+00  0.000e+00 -8.310e-04
  7350  0.000e+00  0.000e+00 -8.260e-04
  7355  0.000e+00  0.000e+00 -8.241e-04
  7360  0.000e+00  0.000e+00 -8.252e-04
  7365  0.000e+00  0.000e+00 -8.292e-04
  7370  0.000e+00  0.000e+00 -8.356e-04
  7375  0.000e+00  0.000e+00 -8.440e-04
  7380  0.000e+00  0.000e+00 -8.539e-04
  7385  0.000e+00  0.000e+00 -8.647e-04
  7390  0.000e+00  0.000e+00 -8.758e-04
  7395  0.000e+00  0.000e+00 -8.866e-04
  7400  0.000e+00  0.000e+00 -8.963e-04
  7405  0.000e+00  0.000e+00 -9.044e-04
  7410  0.000e+00  0.000e+00 -9.103e-04
  7415  0.000e+00  0.000e+00 -9.134e-04
  7420  0.000e+00  0.000e+00 -9.132e-04
  7425  0.000e+00  0.000e+00 -9.094e-04
  7430  0.000e+00  0.000e+00 -9.016e-04
  7435  0.000e+00  0.000e+00 -8.897e-04
  7440  0.000e+00  0.000e+00 -8.736e-04
  7445  0.000e+00  0.000e+00 -8.534e-04
  7450  0.000e+00  0.000e+00 -8.292e-04
  7455  0.000e+00  0.000e+00 -8.015e-04
  7460  0.000e+00  0.000e+00 -7.705e-04
  7465  0.000e+00  0.000e+00 -7.369e-04
  7470  0.000e+00  0.000e+00 -7.012e-04
  7475  0.000e+00  0.000e+00 -6.642e-04
  7480  0.000e+00  0.000e+00 -6.266e-04
  7485  0.000e+00  0.000e+00 -5.893e-04
  7490  0.000e+00  0.000e+00 -5.531e-04
  7495  0.000e+00  0.000e+00 -5.189e-04
  7500  0.000e+00  0.000e+00 -4.875e-04
  7505  0.000e+00  0.000e+00 -4.597e-04
  7510  0.000e+00  0.000e+00 -4.363e-04
  7515  0.000e+00  0.000e+00 -4.179e-04
  7520  0.000e+00  0.000e+00 -4.050e-04
  7525  0.000e+00  0.000e+00 -3.982e-04
  7530  0.000e+00  0.000e+00 -3.978e-04
  7535  0.000e+00  0.000e+00 -4.039e-04
  7540  0.000e+00  0.000e+00 -4.167e-04
  7545  0.000e+00  0.000e+00 -4.359e-04
  7550  0.000e+00  0.000e+00 -4.615e-04
  7555  0.000e+00  0.000e+00 -4.929e-04
  7560  0.000e+00  0.000e+00 -5.296e-04
  7565  0.000e+00  0.000e+00 -5.711e-04
  7570  0.000e+00  0.000e+00 -6.165e-04
  7575  0.000e+00  0.000e+00 -6.650e-04
  7580  0.000e+00  0.000e+00 -7.156e-04
  7585  0.000e+00  0.000e+00 -7.673e-04
  7590  0.000e+00  0.000e+00 -8.191e-04
  7595  0.000e+00  0.000e+00 -8.698e-04
  7600  0.000e+00  0.000e+00 -9.185e-04
  7605  0.000e+00  0.000e+00 -9.641e-04
  7610  0.000e+00  0.000e+00 -1.006e-03
  7615  0.000e+00  0.000e+00 -1.042e-03
  7620  0.000e+00  0.000e+00 -1.073e-03
  7625  0.000e+00  0.000e+00 -1.097e-03
  7630  0.000e+00  0.000e+00 -1.114e-03
  7635  0.000e+00  0.000e+00 -1.123e-03
  7640  0.000e+00  0.000e+00 -1.125e-03
  7645  0.000e+00  0.000e+00 -1.119e-03
  7650  0.000e+00  0.000e+00 -1.105e-03
  7655  0.000e+00  0.000e+00 -1.083e-03
  7660  0.000e+00  0.000e+00 -1.054e-03
  7665  0.000e+00  0.000e+00 -1.018e-03
  7670  0.000e+00  0.000e+00 -9.763e-04
  7675  0.000e+00  0.000e+00 -9.289e-04
  7680  0.000e+00  0.000e+00 -8.769e-04
  7685  0.000e+00  0.000e+00 -8.214e-04
  7690  0.000e+00  0.000e+00 -7.635e-04
  7695  0.000e+00  0.000e+00 -7.042e-04
  7700  0.000e+00  0.000e+00 -6.447e-04
  7705  0.000e+00  0.000e+00 -5.861e-04
  7710  0.000e+00  0.000e+00 -5.296e-04
  7715  0.000e+00  0.000e+00 -4.763e-04
  7720  0.000e+00  0.000e+00 -4.272e-04
  7725  0.000e+00  0.000e+00 -3.832e-04
  7730  0.000e+00  0.000e+00 -3.454e-04
  7735  0.000e+00  0.000e+00 -3.143e-04
  7740  0.000e+00  0.000e+00 -2.907e-04
  7745  0.000e+00  0.000e+00 -2.750e-04
  7750  0.000e+00  0.000e+00 -2.675e-04
  7755  0.000e+00  0.000e+00 -2.684e-04
  7760  0.000e+00  0.000e+00 -2.778e-04
  7765  0.000e+00  0.000e+00 -2.956e-04
  7770  0.000e+00  0.000e+00 -3.213e-04
  7775  0.000e+00  0.000e+00 -3.547e-04
  7780  0.000e+00  0.000e+00 -3.950e-04
  7785  0.000e+00  0.000e+00 -4.417e-04
  7790  0.000e+00  0.000e+00 -4.939e-04
  7795  0.000e+00  0.000e+00 -5.507e-04
  7800  0.000e+00  0.000e+00 -6.110e-04
  7805  0.000e+00  0.000e+00 -6.739e-04
  7810  0.000e+00  0.000e+00 -7.383e-04
  7815  0.000e+00  0.000e+00 -8.030e-04
  7820  0.000e+00  0.000e+00 -8.669e-04
  7825  0.000e+00  0.000e+00 -9.289e-04
  7830  0.000e+00  0.000e+00 -9.880e-04
  7835  0.000e+00  0.000e+00 -1.043e-03
  7840  0.000e+00  0.000e+00 -1.093e-03
  7845  0.000e+00  0.000e+00 -1.138e-03
  7850  0.000e+00  0.000e+00 -1.176e-03
  7855  0.000e+00  0.000e+00 -1.207e-03
  7860  0.000e+00  0.000e+00 -1.231e-03
  7865  0.000e+00  0.000e+00 -1.247e-03
  7870  0.000e+00  0.000e+00 -1.254e-03
  7875  0.000e+00  0.000e+00 -1.254e-03
  7880  0.000e+00  0.000e+00 -1.245e-03
  7885  0.000e+00  0.000e+00 -1.229e-03
  7890  0.000e+00  0.000e+00 -1.205e-03
  7895  0.000e+00  0.000e+00 -1.174e-03
  7900  0.000e+00  0.000e+00 -1.137e-03
  7905  0.000e+00  0.000e+00 -1.095e-03
  7910  0.000e+00  0.000e+00 -1.047e-03
  7915  0.000e+00  0.000e+00 -9.952e-04
  7920  0.000e+00  0.000e+00 -9.406e-04
  7925  0.000e+00  0.000e+00 -8.838e-04
  7930  0.000e+00  0.000e+00 -8.261e-04
  7935  0.000e+00  0.000e+00 -7.683e-04
  7940  0.000e+00  0.000e+00 -7.115e-04
  7945  0.000e+00  0.000e+00 -6.568e-04
  7950  0.000e+00  0.000e+00 -6.050e-04
  7955  0.000e+00  0.000e+00 -5.570e-04
  7960  0.000e+00  0.000e+00 -5.136e-04
  7965  0.000e+00  0.000e+00 -4.757e-04
  7970  0.000e+00  0.000e+00 -4.437e-04
  7975  0.000e+00  0.000e+00 -4.183e-04
  7980  0.000e+00  0.000e+00 -3.997e-04
  7985  0.000e+00  0.000e+00 -3.883e-04
  7990  0.000e+00  0.000e+00 -3.842e-04
  7995  0.000e+00  0.000e+00 -3.874e-04
  8000  0.000e+00  0.000e+00 -3.978e-04
  8005  0.000e+00  0.000e+00 -4.151e-04
  8010  0.000e+00  0.000e+00 -4.390e-04
  8015  0.000e+00  0.000e+00 -4.690e-04
  8020  0.000e+00  0.000e+00 -5.044e-04
  8025  0.000e+00  0.000e+00 -5.447e-04
  8030  0.000e+00  0.000e+00 -5.890e-04
  8035  0.000e+00  0.000e+00 -6.366e-04
  8040  0.000e+00  0.000e+00 -6.865e-04
  8045  0.000e+00  0.000e+00 -7.379e-04
  8050  0.000e+00  0.000e+00 -7.898e-04
  8055  0.000e+00  0.000e+00 -8.414e-04
  8060  0.000e+00  0.000e+00 -8.916e-04
  8065  0.000e+00  0.000e+00 -9.397e-04
  8070  0.000e+00  0.000e+00 -9.849e-04
  8075  0.000e+00  0.000e+00 -1.026e-03
  8080  0.000e+00  0.000e+00 -1.063e-03
  8085  0.000e+00  0.000e+00 -1.095e-03
  8090  0.000e+00  0.000e+00 -1.122e-03
  8095  0.000e+00  0.000e+00 -1.142e-03
  8100  0.000e+00  0.000e+00 -1.157e-03
  8105  0.000e+00  0.000e+00 -1.165e-03
  8110  0.000e+00  0.000e+00 -1.167e-03
  8115  0.000e+00  0.000e+00 -1.162e-03
  8120  0.000e+00  0.000e+00 -1.151e-03
  8125  0.000e+00  0.000e+00 -1.135e-03
  8130  0.000e+00  0.000e+00 -1.113e-03
  8135  0.000e+00  0.000e+00 -1.085e-03
  8140  0.000e+00  0.000e+00 -1.053e-03
  8145  0.000e+00  0.000e+00 -1.018e-03
  8150  0.000e+00  0.000e+00 -9.785e-04
  8155  0.000e+00  0.000e+00 -9.365e-04
  8160  0.000e+00  0.000e+00 -8.925e-04
  8165  0.000e+00  0.000e+00 -8.471e-04
  8170  0.000e+00  0.000e+00 -8.009e-04
  8175  0.000e+00  0.000e+00 -7.546e-04
  8180  0.000e+00  0.000e+00 -7.087e-04
  8185  0.000e+00  0.000e+00 -6.638e-04
  8190  0.000e+00  0.000e+00 -6.203e-04
  8195  0.000e+00  0.000e+00 -5.786e-04
  8200  0.000e+00  0.000e+00 -5.391e-04
  8205  0.000e+00  0.000e+00 -5.019e-04
  8210  0.000e+00  0.000e+00 -4.673e-04
  8215  0.000e+00  0.000e+00 -4.352e-04
  8220  0.000e+00  0.000e+00 -4.057e-04
  8225  0.000e+00  0.000e+00 -3.787e-04
  8230  0.000e+00  0.000e+00 -3.541e-04
  8235  0.000e+00  0.000e+00 -3.316e-04
  8240  0.000e+00  0.000e+00 -3.111e-04
  8245  0.000e+00  0.000e+00 -2.922e-04
  8250  0.000e+00  0.000e+00 -2.745e-04
  8255  0.000e+00  0.000e+00 -2.579e-04
  8260  0.000e+00  0.000e+00 -2.420e-04
  8265  0.000e+00  0.000e+00 -2.265e-04
  8270  0.000e+00  0.000e+00 -2.111e-04
  8275  0.000e+00  0.000e+00 -1.956e-04
  8280  0.000e+00  0.000e+00 -1.799e-04
  8285  0.000e+00  0.000e+00 -1.638e-04
  8290  0.000e+00  0.000e+00 -1.473e-04
  8295  0.000e+00  0.000e+00 -1.304e-04
  8300  0.000e+00  0.000e+00 -1.133e-04
  8305  0.000e+00  0.000e+00 -9.617e-05
  8310  0.000e+00  0.000e+00 -7.920e-05
  8315  0.000e+00  0.000e+00 -6.275e-05
  8320  0.000e+00  0.000e+00 -4.722e-05
  8325  0.000e+00  0.000e+00 -3.305e-05
  8330  0.000e+00  0.000e+00 -2.073e-05
  8335  0.000e+00  0.000e+00 -1.076e-05
  8340  0.000e+00  0.000e+00 -3.676e-06
  8345  0.000e+00  0.000e+00 -5.092e-18
  8350  0.000e+00  0.000e+00 -2.377e-07
  8355  0.000e+00  0.000e+00 -4.861e-06
  8360  0.000e+00  0.000e+00 -1.429e-05
  8365  0.000e+00  0.000e+00 -2.889e-05
  8370  0.000e+00  0.000e+00 -4.893e-05
  8375  0.000e+00  0.000e+00 -7.459e-05
  8380  0.000e+00  0.000e+00 -1.060e-04
  8385  0.000e+00  0.000e+00 -1.430e-04
  8390  0.000e+00  0.000e+00 -1.856e-04
  8395  0.000e+00  0.000e+00 -2.335e-04
  8400  0.000e+00  0.000e+00 -2.862e-04
  8405  0.000e+00  0.000e+00 -3.433e-04
  8410  0.000e+00  0.000e+00 -4.042e-04
  8415  0.000e+00  0.000e+00 -4.681e-04
  8420  0.000e+00  0.000e+00 -5.343e-04
  8425  0.000e+00  0.000e+00 -6.018e-04
  8430  0.000e+00  0.000e+00 -6.698e-04
  8435  0.000e+00  0.000e+00 -7.372e-04
  8440  0.000e+00  0.000e+00 -8.031e-04
  8445  0.000e+00  0.000e+00 -8.664e-04
  8450  0.000e+00  0.000e+00 -9.262e-04
  8455  0.000e+00  0.000e+00 -9.815e-04
  8460  0.000e+00  0.000e+00 -1.032e-03
  8465  0.000e+00  0.000e+00 -1.075e-03
  8470  0.000e+00  0.000e+00 -1.113e-03
  8475  0.000e+00  0.000e+00 -1.142e-03
  8480  0.000e+00  0.000e+00 -1.164e-03
  8485  0.000e+00  0.000e+00 -1.178e-03
  8490  0.000e+00  0.000e+00 -1.184e-03
  8495  0.000e+00  0.000e+00 -1.182e-03
  8500  0.000e+00  0.000e+00 -1.172e-03
  8505  0.000e+00  0.000e+00 -1.154e-03
  8510  0.000e+00  0.000e+00 -1.129e-03
  8515  0.000e+00  0.000e+00 -1.097e-03
  8520  0.000e+00  0.000e+00 -1.060e-03
  8525  0.000e+00  0.000e+00 -1.018e-03
  8530  0.000e+00  0.000e+00 -9.723e-04
  8535  0.000e+00  0.000e+00 -9.237e-04
  8540  0.000e+00  0.000e+00 -8.733e-04
  8545  0.000e+00  0.000e+00 -8.223e-04
  8550  0.000e+00  0.000e+00 -7.718e-04
  8555  0.000e+00  0.000e+00 -7.229e-04
  8560  0.000e+00  0.000e+00 -6.767e-04
  8565  0.000e+00  0.000e+00 -6.340e-04
  8570  0.000e+00  0.000e+00 -5.958e-04
  8575  0.000e+00  0.000e+00 -5.629e-04
  8580  0.000e+00  0.000e+00 -5.358e-04
  8585  0.000e+00  0.000e+00 -5.152e-04
  8590  0.000e+00  0.000e+00 -5.013e-04
  8595  0.000e+00  0.000e+00 -4.944e-04
  8600  0.000e+00  0.000e+00 -4.944e-04
  8605  0.000e+00  0.000e+00 -5.014e-04
  8610  0.000e+00  0.000e+00 -5.150e-04
  8615  0.000e+00  0.000e+00 -5.347e-04
  8620  0.000e+00  0.000e+00 -5.601e-04
  8625  0.000e+00  0.000e+00 -5.906e-04
  8630  0.000e+00  0.000e+00 -6.252e-04
  8635  0.000e+00  0.000e+00 -6.632e-04
  8640  0.000e+00  0.000e+00 -7.037e-04
  8645  0.000e+00  0.000e+00 -7.458e-04
  8650  0.000e+00  0.000e+00 -7.884e-04
  8655  0.000e+00  0.000e+00 -8.307e-04
  8660  0.000e+00  0.000e+00 -8.718e-04
  8665  0.000e+00  0.000e+00 -9.107e-04
  8670  0.000e+00  0.000e+00 -9.468e-04
  8675  0.000e+00  0.000e+00 -9.793e-04
  8680  0.000e+00  0.000e+00 -1.008e-03
  8685  0.000e+00  0.000e+00 -1.032e-03
  8690  0.000e+00  0.000e+00 -1.050e-03
  8695  0.000e+00  0.000e+00 -1.064e-03
  8700  0.000e+00  0.000e+00 -1.073e-03
  8705  0.000e+00  0.000e+00 -1.076e-03
  8710  0.000e+00  0.000e+00 -1.075e-03
  8715  0.000e+00  0.000e+00 -1.069e-03
  8720  0.000e+00  0.000e+00 -1.059e-03
  8725  0.000e+00  0.000e+00 -1.045e-03
  8730  0.000e+00  0.000e+00 -1.028e-03
  8735  0.000e+00  0.000e+00 -1.009e-03
  8740  0.000e+00  0.000e+00 -9.876e-04
  8745  0.000e+00  0.000e+00 -9.656e-04
  8750  0.000e+00  0.000e+00 -9.434e-04
  8755  0.000e+00  0.000e+00 -9.217e-04
  8760  0.000e+00  0.000e+00 -9.009e-04
  8765  0.000e+00  0.000e+00 -8.819e-04
  8770  0.000e+00  0.000e+00 -8.650e-04
  8775  0.000e+00  0.000e+00 -8.507e-04
  8780  0.000e+00  0.000e+00 -8.393e-04
  8785  0.000e+00  0.000e+00 -8.310e-04
  8790  0.000e+00  0.000e+00 -8.260e-04
  8795  0.000e+00  0.000e+00 -8.241e-04
  8800  0.000e+00  0.000e+00 -8.252e-04
  8805  0.000e+00  0.000e+00 -8.292e-04
  8810  0.000e+00  0.000e+00 -8.356e-04
  8815  0.000e+00  0.000e+00 -8.440e-04
  8820  0.000e+00  0.000e+00 -8.539e-04
  8825  0.000e+00  0.000e+00 -8.647e-04
  8830  0.000e+00  0.000e+00 -8.758e-04
  8835  0.000e+00  0.000e+00 -8.866e-04
  8840  0.000e+00  0.000e+00 -8.963e-04
  8845  0.000e+00  0.000e+00 -9.044e-04
  8850  0.000e+00  0.000e+00 -9.103e-04
  8855  0.000e+00  0.000e+00 -9.134e-04
  8860  0.000e+00  0.000e+00 -9.132e-04
  8865  0.000e+00  0.000e+00 -9.094e-04
  8870  0.000e+00  0.000e+00 -9.016e-04
  8875  0.000e+00  0.000e+00 -8.897e-04
  8880  0.000e+00  0.000e+00 -8.736e-04
  8885  0.000e+00  0.000e+00 -8.534e-04
  8890  0.000e+00  0.000e+00 -8.292e-04
  8895  0.000e+00  0.000e+00 -8.015e-04
  8900  0.000e+00  0.000e+00 -7.705e-04
  8905  0.000e+00  0.000e+00 -7.369e-04
  8910  0.000e+00  0.000e+00 -7.012e-04
  8915  0.000e+00  0.000e+00 -6.642e-04
  8920  0.000e+00  0.000e+00 -6.266e-04
  8925  0.000e+00  0.000e+00 -5.893e-04
  8930  0.000e+00  0.000e+00 -5.531e-04
  8935  0.000e+00  0.000e+00 -5.189e-04
  8940  0.000e+00  0.000e+00 -4.875e-04
  8945  0.000e+00  0.000e+00 -4.597e-04
  8950  0.000e+00  0.000e+00 -4.363e-04
  8955  0.000e+00  0.000e+00 -4.179e-04
  8960  0.000e+00  0.000e+00 -4.050e-04
  8965  0.000e+00  0.000e+00 -3.982e-04
  8970  0.000e+00  0.000e+00 -3.978e-04
  8975  0.000e+00  0.000e+00 -4.039e-04
  8980  0.000e+00  0.000e+00 -4.167e-04
  8985  0.000e+00  0.000e+00 -4.359e-04
  8990  0.000e+00  0.000e+00 -4.615e-04
  8995  0.000e+00  0.000e+00 -4.929e-04
  9000  0.000e+00  0.000e+00 -5.296e-04
  9005  0.000e+00  0.000e+00 -5.711e-04
  9010  0.000e+00  0.000e+00 -6.165e-04
  9015  0.000e+00  0.000e+00 -6.650e-04
  9020  0.000e+00  0.000e+00 -7.156e-04
  9025  0.000e+00  0.000e+00 -7.673e-04
  9030  0.000e+00  0.000e+00 -8.191e-04
  9035  0.000e+00  0.000e+00 -8.698e-04
  9040  0.000e+00  0.000e+00 -9.185e-04
  9045  0.000e+00  0.000e+00 -9.641e-04
  9050  0.000e+00  0.000e+00 -1.006e-03
  9055  0.000e+00  0.000e+00 -1.042e-03
  9060  0.000e+00  0.000e+00 -1.073e-03
  9065  0.000e+00  0.000e+00 -1.097e-03
  9070  0.000e+00  0.000e+00 -1.114e-03
  9075  0.000e+00  0.000e+00 -1.123e-03
  9080  0.000e+00  0.000e+00 -1.125e-03
  9085  0.000e+00  0.000e+00 -1.119e-03
  9090  0.000e+00  0.000e+00 -1.105e-03
  9095  0.000e+00  0.000e+00 -1.083e-03
  9100  0.000e+00  0.000e+00 -1.054e-03
  9105  0.000e+00  0.000e+00 -1.018e-03
  9110  0.000e+00  0.000e+00 -9.763e-04
  9115  0.000e+00  0.000e+00 -9.289e-04
  9120  0.000e+00  0.000e+00 -8.769e-04
  9125  0.000e+00  0.000e+00 -8.214e-04
  9130  0.000e+00  0.000e+00 -7.635e-04
  9135  0.000e+00  0.000e+00 -7.042e-04
  9140  0.000e+00  0.000e+00 -6.447e-04
  9145  0.000e+00  0.000e+00 -5.861e-04
  9150  0.000e+00  0.000e+00 -5.296e-04
  9155  0.000e+00  0.000e+00 -4.763e-04
  9160  0.000e+00  0.000e+00 -4.272e-04
  9165  0.000e+00  0.000e+00 -3.832e-04
  9170  0.000e+00  0.000e+00 -3.454e-04
  9175  0.000e+00  0.000e+00 -3.143e-04
  9180  0.000e+00  0.000e+00 -2.907e-04
  9185  0.000e+00  0.000e+00 -2.750e-04
  9190  0.000e+00  0.000e+00 -2.675e-04
  9195  0.000e+00  0.000e+00 -2.684e-04
  9200  0.000e+00  0.000e+00 -2.778e-04
  9205  0.000e+00  0.000e+00 -2.956e-04
  9210  0.000e+00  0.000e+00 -3.213e-04
  9215  0.000e+00  0.000e+00 -3.547e-04
  9220  0.000e+00  0.000e+00 -3.950e-04
  9225  0.000e+00  0.000e+00 -4.417e-04
  9230  0.000e+00  0.000e+00 -4.939e-04
  9235  0.000e+00  0.000e+00 -5.507e-04
  9240  0.000e+00  0.000e+00 -6.110e-04
  9245  0.000e+00  0.000e+00 -6.739e-04
  9250  0.000e+00  0.000e+00 -7.383e-04
  9255  0.000e+00  0.000e+00 -8.030e-04
  9260  0.000e+00  0.000e+00 -8.669e-04
  9265  0.000e+00  0.000e+00 -9.289e-04
  9270  0.000e+00  0.000e+00 -9.880e-04
  9275  0.000e+00  0.000e+00 -1.043e-03
  9280  0.000e+00  0.000e+00 -1.093e-03
  9285  0.000e+00  0.000e+00 -1.138e-03
  9290  0.000e+00  0.000e+00 -1.176e-03
  9295  0.000e+00  0.000e+00 -1.207e-03
  9300  0.000e+00  0.000e+00 -1.231e-03
  9305  0.000e+00  0.000e+00 -1.247e-03
  9310  0.000e+00  0.000e+00 -1.254e-03
  9315  0.000e+00  0.000e+00 -1.254e-03
  9320  0.000e+00  0.000e+00 -1.245e-03
  9325  0.000e+00  0.000e+00 -1.229e-03
  9330  0.000e+00  0.000e+00 -1.205e-03
  9335  0.000e+00  0.000e+00 -1.174e-03
  9340  0.000e+00  0.000e+00 -1.137e-03
  9345  0.000e+00  0.000e+00 -1.095e-03
  9350  0.000e+00  0.000e+00 -1.047e-03
  9355  0.000e+00  0.000e+00 -9.952e-04
  9360  0.000e+00  0.000e+00 -9.406e-04
  9365  0.000e+00  0.000e+00 -8.838e-04
  9370  0.000e+00  0.000e+00 -8.261e-04
  9375  0.000e+00  0.000e+00 -7.683e-04
  9380  0.000e+00  0.000e+00 -7.115e-04
  9385  0.000e+00  0.000e+00 -6.568e-04
  9390  0.000e+00  0.000e+00 -6.050e-04
  9395  0.000e+00  0.000e+00 -5.570e-04
  9400  0.000e+00  0.000e+00 -5.136e-04
  9405  0.000e+00  0.000e+00 -4.757e-04
  9410  0.000e+00  0.000e+00 -4.437e-04
  9415  0.000e+00  0.000e+00 -4.183e-04
  9420  0.000e+00  0.000e+00 -3.997e-04
  9425  0.000e+00  0.000e+00 -3.883e-04
  9430  0.000e+00  0.000e+00 -3.842e-04
  9435  0.000e+00  0.000e+00 -3.874e-04
  9440  0.000e+00  0.000e+00 -3.978e-04
  9445  0.000e+00  0.000e+00 -4.151e-04
  9450  0.000e+00  0.000e+00 -4.390e-04
  9455  0.000e+00  0.000e+00 -4.690e-04
  9460  0.000e+00  0.000e+00 -5.044e-04
  9465  0.000e+00  0.000e+00 -5.447e-04
  9470  0.000e+00  0.000e+00 -5.890e-04
  9475  0.000e+00  0.000e+00 -6.366e-04
  9480  0.000e+00  0.000e+00 -6.865e-04
  9485  0.000e+00  0.000e+00 -7.379e-04
  9490  0.000e+00  0.000e+00 -7.898e-04
  9495  0.000e+00  0.000e+00 -8.414e-04
  9500  0.000e+00  0.000e+00 -8.916e-04
  9505  0.000e+00  0.000e+00 -9.397e-04
  9510  0.000e+00  0.000e+00 -9.849e-04
  9515  0.000e+00  0.000e+00 -1.026e-03
  9520  0.000e+00  0.000e+00 -1.063e-03
  9525  0.000e+00  0.000e+00 -1.095e-03
  9530  0.000e+00  0.000e+00 -1.122e-03
  9535  0.000e+00  0.000e+00 -1.142e-03
  9540  0.000e+00  0.000e+00 -1.157e-03
  9545  0.000e+00  0.000e+00 -1.165e-03
  9550  0.000e+00  0.000e+00 -1.167e-03
  9555  0.000e+00  0.000e+00 -1.162e-03
  9560  0.000e+00  0.000e+00 -1.151e-03
  9565  0.000e+00  0.000e+00 -1.135e-03
  9570  0.000e+00  0.000e+00 -1.113e-03
  9575  0.000e+00  0.000e+00 -1.085e-03
  9580  0.000e+00  0.000e+00 -1.053e-03
  9585  0.000e+00  0.000e+00 -1.018e-03
  9590  0.000e+00  0.000e+00 -9.785e-04
  9595  0.000e+00  0.000e+00 -9.365e-04
  9600  0.000e+00  0.000e+00 -8.925e-04
  9605  0.000e+00  0.000e+00 -8.471e-04
  9610  0.000e+00  0.000e+00 -8.009e-04
  9615  0.000e+00  0.000e+00 -7.546e-04
  9620  0.000e+00  0.000e+00 -7.087e-04
  9625  0.000e+00  0.000e+00 -6.638e-04
  9630  0.000e+00  0.000e+00 -6.203e-04
  9635  0.000e+00  0.000e+00 -5.786e-04
  9640  0.000e+00  0.000e+00 -5.391e-04
  9645  0.000e+00  0.000e+00 -5.019e-04
  9650  0.000e+00  0.000e+00 -4.673e-04
  9655  0.000e+00  0.000e+00 -4.352e-04
  9660  0.000e+00  0.000e+00 -4.057e-04
  9665  0.000e+00  0.000e+00 -3.787e-04
  9670  0.000e+00  0.000e+00 -3.541e-04
  9675  0.000e+00  0.000e+00 -3.316e-04
  9680  0.000e+00  0.000e+00 -3.111e-04
  9685  0.000e+00  0.000e+00 -2.922e-04
  9690  0.000e+00  0.000e+00 -2.745e-04
  9695  0.000e+00  0.000e+00 -2.579e-04
  9700  0.000e+00  0.000e+00 -2.420e-04
  9705  0.000e+00  0.000e+00 -2.265e-04
  9710  0.000e+00  0.000e+00 -2.111e-04
  9715  0.000e+00  0.000e+00 -1.956e-04
  9720  0.000e+00  0.000e+00 -1.799e-04
  9725  0.000e+00  0.000e+00 -1.638e-04
  9730  0.000e+00  0.000e+00 -1.473e-04
  9735  0.000e+00  0.000e+00 -1.304e-04
  9740  0.000e+00  0.000e+00 -1.133e-04
  9745  0.000e+00  0.000e+00 -9.617e-05
  9750  0.000e+00  0.000e+00 -7.920e-05
  9755  0.000e+00  0.000e+00 -6.275e-05
  9760  0.000e+00  0.000e+00 -4.722e-05
  9765  0.000e+00  0.000e+00 -3.305e-05
  9770  0.000e+00  0.000e+00 -2.073e-05
  9775  0.000e+00  0.000e+00 -1.076e-05
  9780  0.000e+00  0.000e+00 -3.676e-06
  9785  0.000e+00  0.000e+00 -4.092e-18
  9790  0.000e+00  0.000e+00 -2.377e-07
  9795  0.000e+00  0.000e+00 -4.861e-06
  9800  0.000e+00  0.000e+00 -1.429e-05
  9805  0.000e+00  0.000e+00 -2.889e-05
  9810  0.000e+00  0.000e+00 -4.893e-05
  9815  0.000e+00  0.000e+00 -7.459e-05
  9820  0.000e+00  0.000e+00 -1.060e-04
  9825  0.000e+00  0.000e+00 -1.430e-04
  9830  0.000e+00  0.000e+00 -1.856e-04
  9835  0.000e+00  0.000e+00 -2.335e-04
  9840  0.000e+00  0.000e+00 -2.862e-04
  9845  0.000e+00  0.000e+00 -3.433e-04
  9850  0.000e+00  0.000e+00 -4.042e-04
  9855  0.000e+00  0.000e+00 -4.681e-04
  9860  0.000e+00  0.000e+00 -5.343e-04
  9865  0.000e+00  0.000e+00 -6.018e-04
  9870  0.000e+00  0.000e+00 -6.698e-04
  9875  0.000e+00  0.000e+00 -7.372e-04
  9880  0.000e+00  0.000e+00 -8.031e-04
  9885  0.000e+00  0.000e+00 -8.664e-04
  9890  0.000e+00  0.000e+00 -9.262e-04
  9895  0.000e+00  0.000e+00 -9.815e-04
  9900  0.000e+00  0.000e+00 -1.032e-03
  9905  0.000e+00  0.000e+00 -1.075e-03
  9910  0.000e+00  0.000e+00 -1.113e-03
  9915  0.000e+00  0.000e+00 -1.142e-03
  9920  0.000e+00  0.000e+00 -1.164e-03
  9925  0.000e+00  0.000e+00 -1.178e-03
  9930  0.000e+00  0.000e+00 -1.184e-03
  9935  0.000e+00  0.000e+00 -1.182e-03
  9940  0.000e+00  0.000e+00 -1.172e-03
  9945  0.000e+00  0.000e+00 -1.154e-03
  9950  0.000e+00  0.000e+00 -1.129e-03
  9955  0.000e+00  0.000e+00 -1.097e-03
  9960  0.000e+00  0.000e+00 -1.060e-03
  9965  0.000e+00  0.000e+00 -1.018e-03
  9970  0.000e+00  0.000e+00 -9.723e-04
  9975  0.000e+00  0.000e+00 -9.237e-04
  9980  0.000e+00  0.000e+00 -8.733e-04
  9985  0.000e+00  0.000e+00 -8.223e-04
  9990  0.000e+00  0.000e+00 -7.718e-04
  9995  0.000e+00  0.000e+00 -7.229e-04
 10000  0.000e+00  0.000e+00 -6.767e-04
 10005  0.000e+00  0.000e+00 -6.340e-04
 10010  0.000e+00  0.000e+00 -5.958e-04
 10015  0.000e+00  0.000e+00 -5.629e-04
 10020  0.000e+00  0.000e+00 -5.358e-04
 10025  0.000e+00  0.000e+00 -5.152e-04
 10030  0.000e+00  0.000e+00 -5.013e-04
 10035  0.000e+00  0.000e+00 -4.944e-04
 10040  0.000e+00  0.000e+00 -4.944e-04
 10045  0.000e+00  0.000e+00 -5.014e-04
 10050  0.000e+00  0.000e+00 -5.150e-04
 10055  0.000e+00  0.000e+00 -5.347e-04
 10060  0.000e+00  0.000e+00 -5.601e-04
 10065  0.000e+00  0.000e+00 -5.906e-04
 10070  0.000e+00  0.000e+00 -6.252e-04
 10075  0.000e+00  0.000e+00 -6.632e-04
 10080  0.000e+00  0.000e+00 -7.037e-04
