     0  0.000e+00  0.000e+00 -1.306e-03
     5  0.000e+00  0.000e+00 -1.289e-03
    10  0.000e+00  0.000e+00 -1.269e-03
    15  0.000e+00  0.000e+00 -1.246e-03
    20  0.000e+00  0.000e+00 -1.222e-03
    25  0.000e+00  0.000e+00 -1.195e-03
    30  0.000e+00  0.000e+00 -1.168e-03
    35  0.000e+00  0.000e+00 -1.139e-03
    40  0.000e+00  0.000e+00 -1.110e-03
    45  0.000e+00  0.000e+00 -1.080e-03
    50  0.000e+00  0.000e+00 -1.051e-03
    55  0.000e+00  0.000e+00 -1.021e-03
    60  0.000e+00  0.000e+00 -9.922e-04
    65  0.000e+00  0.000e+00 -9.644e-04
    70  0.000e+00  0.000e+00 -9.381e-04
    75  0.000e+00  0.000e+00 -9.136e-04
    80  0.000e+00  0.000e+00 -8.914e-04
    85  0.000e+00  0.000e+00 -8.721e-04
    90  0.000e+00  0.000e+00 -8.561e-04
    95  0.000e+00  0.000e+00 -8.440e-04
   100  0.000e+00  0.000e+00 -8.361e-04
   105  0.000e+00  0.000e+00 -8.331e-04
   110  0.000e+00  0.000e+00 -8.355e-04
   115  0.000e+00  0.000e+00 -8.436e-04
   120  0.000e+00  0.000e+00 -8.578e-04
   125  0.000e+00  0.000e+00 -8.786e-04
   130  0.000e+00  0.000e+00 -9.062e-04
   135  0.000e+00  0.000e+00 -9.408e-04
   140  0.000e+00  0.000e+00 -9.824e-04
   145  0.000e+00  0.000e+00 -1.031e-03
   150  0.000e+00  0.000e+00 -1.086e-03
   155  0.000e+00  0.000e+00 -1.149e-03
   160  0.000e+00  0.000e+00 -1.217e-03
   165  0.000e+00  0.000e+00 -1.290e-03
   170  0.000e+00  0.000e+00 -1.369e-03
   175  0.000e+00  0.000e+00 -1.452e-03
   180  0.000e+00  0.000e+00 -1.537e-03
   185  0.000e+00  0.000e+00 -1.625e-03
   190  0.000e+00  0.000e+00 -1.714e-03
   195  0.000e+00  0.000e+00 -1.802e-03
   200  0.000e+00  0.000e+00 -1.888e-03
   205  0.000e+00  0.000e+00 -1.971e-03
   210  0.000e+00  0.000e+00 -2.050e-03
   215  0.000e+00  0.000e+00 -2.123e-03
   220  0.000e+00  0.000e+00 -2.189e-03
   225  0.000e+00  0.000e+00 -2.247e-03
   230  0.000e+00  0.000e+00 -2.296e-03
   235  0.000e+00  0.000e+00 -2.334e-03
   240  0.000e+00  0.000e+00 -2.361e-03
   245  0.000e+00  0.000e+00 -2.376e-03
   250  0.000e+00  0.000e+00 -2.379e-03
   255  0.000e+00  0.000e+00 -2.369e-03
   260  0.000e+00  0.000e+00 -2.347e-03
   265  0.000e+00  0.000e+00 -2.313e-03
   270  0.000e+00  0.000e+00 -2.267e-03
   275  0.000e+00  0.000e+00 -2.210e-03
   280  0.000e+00  0.000e+00 -2.143e-03
   285  0.000e+00  0.000e+00 -2.066e-03
   290  0.000e+00  0.000e+00 -1.982e-03
   295  0.000e+00  0.000e+00 -1.891e-03
   300  0.000e+00  0.000e+00 -1.795e-03
   305  0.000e+00  0.000e+00 -1.696e-03
   310  0.000e+00  0.000e+00 -1.595e-03
   315  0.000e+00  0.000e+00 -1.494e-03
   320  0.000e+00  0.000e+00 -1.395e-03
   325  0.000e+00  0.000e+00 -1.300e-03
   330  0.000e+00  0.000e+00 -1.209e-03
   335  0.000e+00  0.000e+00 -1.125e-03
   340  0.000e+00  0.000e+00 -1.049e-03
   345  0.000e+00  0.000e+00 -9.814e-04
   350  0.000e+00  0.000e+00 -9.236e-04
   355  0.000e+00  0.000e+00 -8.762e-04
   360  0.000e+00  0.000e+00 -8.397e-04
   365  0.000e+00  0.000e+00 -8.141e-04
   370  0.000e+00  0.000e+00 -7.994e-04
   375  0.000e+00  0.000e+00 -7.952e-04
   380  0.000e+00  0.000e+00 -8.010e-04
   385  0.000e+00  0.000e+00 -8.160e-04
   390  0.000e+00  0.000e+00 -8.390e-04
   395  0.000e+00  0.000e+00 -8.689e-04
   400  0.000e+00  0.000e+00 -9.044e-04
   405  0.000e+00  0.000e+00 -9.438e-04
   410  0.000e+00  0.000e+00 -9.856e-04
   415  0.000e+00  0.000e+00 -1.028e-03
   420  0.000e+00  0.000e+00 -1.070e-03
   425  0.000e+00  0.000e+00 -1.109e-03
   430  0.000e+00  0.000e+00 -1.144e-03
   435  0.000e+00  0.000e+00 -1.174e-03
   440  0.000e+00  0.000e+00 -1.196e-03
   445  0.000e+00  0.000e+00 -1.211e-03
   450  0.000e+00  0.000e+00 -1.217e-03
   455  0.000e+00  0.000e+00 -1.213e-03
   460  0.000e+00  0.000e+00 -1.199e-03
   465  0.000e+00  0.000e+00 -1.175e-03
   470  0.000e+00  0.000e+00 -1.141e-03
   475  0.000e+00  0.000e+00 -1.096e-03
   480  0.000e+00  0.000e+00 -1.043e-03
   485  0.000e+00  0.000e+00 -9.804e-04
   490  0.000e+00  0.000e+00 -9.106e-04
   495  0.000e+00  0.000e+00 -8.346e-04
   500  0.000e+00  0.000e+00 -7.537e-04
   505  0.000e+00  0.000e+00 -6.694e-04
   510  0.000e+00  0.000e+00 -5.835e-04
   515  0.000e+00  0.000e+00 -4.976e-04
   520  0.000e+00  0.000e+00 -4.136e-04
   525  0.000e+00  0.000e+00 -3.332e-04
   530  0.000e+00  0.000e+00 -2.581e-04
   535  0.000e+00  0.000e+00 -1.899e-04
   540  0.000e+00  0.000e+00 -1.302e-04
   545  0.000e+00  0.000e+00 -8.032e-05
   550  0.000e+00  0.000e+00 -4.149e-05
   555  0.000e+00  0.000e+00 -1.469e-05
   560  0.000e+00  0.000e+00 -6.795e-07
   565  0.000e+00  0.000e+00 -5.541e-18
   570  0.000e+00  0.000e+00 -1.294e-05
   575  0.000e+00  0.000e+00 -3.952e-05
   580  0.000e+00  0.000e+00 -7.954e-05
   585  0.000e+00  0.000e+00 -1.325e-04
   590  0.000e+00  0.000e+00 -1.978e-04
   595  0.000e+00  0.000e+00 -2.745e-04
   600  0.000e+00  0.000e+00 -3.614e-04
   605  0.000e+00  0.000e+00 -4.574e-04
   610  0.000e+00  0.000e+00 -5.609e-04
   615  0.000e+00  0.000e+00 -6.705e-04
   620  0.000e+00  0.000e+00 -7.845e-04
   625  0.000e+00  0.000e+00 -9.013e-04
   630  0.000e+00  0.000e+00 -1.019e-03
   635  0.000e+00  0.000e+00 -1.136e-03
   640  0.000e+00  0.000e+00 -1.251e-03
   645  0.000e+00  0.000e+00 -1.362e-03
   650  0.000e+00  0.000e+00 -1.468e-03
   655  0.000e+00  0.000e+00 -1.567e-03
   660  0.000e+00  0.000e+00 -1.658e-03
   665  0.000e+00  0.000e+00 -1.740e-03
   670  0.000e+00  0.000e+00 -1.812e-03
   675  0.000e+00  0.000e+00 -1.874e-03
   680  0.000e+00  0.000e+00 -1.924e-03
   685  0.000e+00  0.000e+00 -1.963e-03
   690  0.000e+00  0.000e+00 -1.991e-03
   695  0.000e+00  0.000e+00 -2.007e-03
   700  0.000e+00  0.000e+00 -2.011e-03
   705  0.000e+00  0.000e+00 -2.004e-03
   710  0.000e+00  0.000e+00 -1.987e-03
   715  0.000e+00  0.000e+00 -1.960e-03
   720  0.000e+00  0.000e+00 -1.923e-03
   725  0.000e+00  0.000e+00 -1.879e-03
   730  0.000e+00  0.000e+00 -1.827e-03
   735  0.000e+00  0.000e+00 -1.768e-03
   740  0.000e+00  0.000e+00 -1.704e-03
   745  0.000e+00  0.000e+00 -1.636e-03
   750  0.000e+00  0.000e+00 -1.565e-03
   755  0.000e+00  0.000e+00 -1.491e-03
   760  0.000e+00  0.000e+00 -1.417e-03
   765  0.000e+00  0.000e+00 -1.342e-03
   770  0.000e+00  0.000e+00 -1.267e-03
   775  0.000e+00  0.000e+00 -1.195e-03
   780  0.000e+00  0.000e+00 -1.124e-03
   785  0.000e+00  0.000e+00 -1.057e-03
   790  0.000e+00  0.000e+00 -9.939e-04
   795  0.000e+00  0.000e+00 -9.349e-04
   800  0.000e+00  0.000e+00 -8.807e-04
   805  0.000e+00  0.000e+00 -8.316e-04
   810  0.000e+00  0.000e+00 -7.881e-04
   815  0.000e+00  0.000e+00 -7.501e-04
   820  0.000e+00  0.000e+00 -7.180e-04
   825  0.000e+00  0.000e+00 -6.916e-04
   830  0.000e+00  0.000e+00 -6.709e-04
   835  0.000e+00  0.000e+00 -6.558e-04
   840  0.000e+00  0.000e+00 -6.461e-04
   845  0.000e+00  0.000e+00 -6.415e-04
   850  0.000e+00  0.000e+00 -6.417e-04
   855  0.000e+00  0.000e+00 -6.462e-04
   860  0.000e+00  0.000e+00 -6.547e-04
   865  0.000e+00  0.000e+00 -6.666e-04
   870  0.000e+00  0.000e+00 -6.815e-04
   875  0.000e+00  0.000e+00 -6.987e-04
   880  0.000e+00  0.000e+00 -7.177e-04
   885  0.000e+00  0.000e+00 -7.380e-04
   890  0.000e+00  0.000e+00 -7.590e-04
   895  0.000e+00  0.000e+00 -7.801e-04
   900  0.000e+00  0.000e+00 -8.008e-04
   905  0.000e+00  0.000e+00 -8.205e-04
   910  0.000e+00  0.000e+00 -8.387e-04
   915  0.000e+00  0.000e+00 -8.551e-04
   920  0.000e+00  0.000e+00 -8.693e-04
   925  0.000e+00  0.000e+00 -8.809e-04
   930  0.000e+00  0.000e+00 -8.896e-04
   935  0.000e+00  0.000e+00 -8.954e-04
   940  0.000e+00  0.000e+00 -8.981e-04
   945  0.000e+00  0.000e+00 -8.978e-04
   950  0.000e+00  0.000e+00 -8.945e-04
   955  0.000e+00  0.000e+00 -8.885e-04
   960  0.000e+00  0.000e+00 -8.800e-04
   965  0.000e+00  0.000e+00 -8.694e-04
   970  0.000e+00  0.000e+00 -8.573e-04
   975  0.000e+00  0.000e+00 -8.440e-04
   980  0.000e+00  0.000e+00 -8.303e-04
   985  0.000e+00  0.000e+00 -8.168e-04
   990  0.000e+00  0.000e+00 -8.043e-04
   995  0.000e+00  0.000e+00 -7.935e-04
  1000  0.000e+00  0.000e+00 -7.852e-04
  1005  0.000e+00  0.000e+00 -7.802e-04
  1010  0.000e+00  0.000e+00 -7.791e-04
  1015  0.000e+00  0.000e+00 -7.829e-04
  1020  0.000e+00  0.000e+00 -7.920e-04
  1025  0.000e+00  0.000e+00 -8.071e-04
  1030  0.000e+00  0.000e+00 -8.287e-04
  1035  0.000e+00  0.000e+00 -8.571e-04
  1040  0.000e+00  0.000e+00 -8.927e-04
  1045  0.000e+00  0.000e+00 -9.356e-04
  1050  0.000e+00  0.000e+00 -9.856e-04
  1055  0.000e+00  0.000e+00 -1.043e-03
  1060  0.000e+00  0.000e+00 -1.107e-03
  1065  0.000e+00  0.000e+00 -1.177e-03
  1070  0.000e+00  0.000e+00 -1.252e-03
  1075  0.000e+00  0.000e+00 -1.333e-03
  1080  0.000e+00  0.000e+00 -1.417e-03
  1085  0.000e+00  0.000e+00 -1.504e-03
  1090  0.000e+00  0.000e+00 -1.593e-03
  1095  0.000e+00  0.000e+00 -1.682e-03
  1100  0.000e+00  0.000e+00 -1.770e-03
  1105  0.000e+00  0.000e+00 -1.856e-03
  1110  0.000e+00  0.000e+00 -1.938e-03
  1115  0.000e+00  0.000e+00 -2.015e-03
  1120  0.000e+00  0.000e+00 -2.085e-03
  1125  0.000e+00  0.000e+00 -2.148e-03
  1130  0.000e+00  0.000e+00 -2.202e-03
  1135  0.000e+00  0.000e+00 -2.245e-03
  1140  0.000e+00  0.000e+00 -2.278e-03
  1145  0.000e+00  0.000e+00 -2.299e-03
  1150  0.000e+00  0.000e+00 -2.307e-03
  1155  0.000e+00  0.000e+00 -2.303e-03
  1160  0.000e+00  0.000e+00 -2.286e-03
  1165  0.000e+00  0.000e+00 -2.256e-03
  1170  0.000e+00  0.000e+00 -2.214e-03
  1175  0.000e+00  0.000e+00 -2.160e-03
  1180  0.000e+00  0.000e+00 -2.094e-03
  1185  0.000e+00  0.000e+00 -2.017e-03
  1190  0.000e+00  0.000e+00 -1.931e-03
  1195  0.000e+00  0.000e+00 -1.837e-03
  1200  0.000e+00  0.000e+00 -1.736e-03
  1205  0.000e+00  0.000e+00 -1.629e-03
  1210  0.000e+00  0.000e+00 -1.518e-03
  1215  0.000e+00  0.000e+00 -1.405e-03
  1220  0.000e+00  0.000e+00 -1.292e-03
  1225  0.000e+00  0.000e+00 -1.179e-03
  1230  0.000e+00  0.000e+00 -1.069e-03
  1235  0.000e+00  0.000e+00 -9.622e-04
  1240  0.000e+00  0.000e+00 -8.614e-04
  1245  0.000e+00  0.000e+00 -7.674e-04
  1250  0.000e+00  0.000e+00 -6.813e-04
  1255  0.000e+00  0.000e+00 -6.041e-04
  1260  0.000e+00  0.000e+00 -5.368e-04
  1265  0.000e+00  0.000e+00 -4.799e-04
  1270  0.000e+00  0.000e+00 -4.340e-04
  1275  0.000e+00  0.000e+00 -3.992e-04
  1280  0.000e+00  0.000e+00 -3.756e-04
  1285  0.000e+00  0.000e+00 -3.631e-04
  1290  0.000e+00  0.000e+00 -3.614e-04
  1295  0.000e+00  0.000e+00 -3.700e-04
  1300  0.000e+00  0.000e+00 -3.882e-04
  1305  0.000e+00  0.000e+00 -4.154e-04
  1310  0.000e+00  0.000e+00 -4.504e-04
  1315  0.000e+00  0.000e+00 -4.925e-04
  1320  0.000e+00  0.000e+00 -5.405e-04
  1325  0.000e+00  0.000e+00 -5.934e-04
  1330  0.000e+00  0.000e+00 -6.500e-04
  1335  0.000e+00  0.000e+00 -7.091e-04
  1340  0.000e+00  0.000e+00 -7.698e-04
  1345  0.000e+00  0.000e+00 -8.308e-04
  1350  0.000e+00  0.000e+00 -8.913e-04
  1355  0.000e+00  0.000e+00 -9.504e-04
  1360  0.000e+00  0.000e+00 -1.007e-03
  1365  0.000e+00  0.000e+00 -1.061e-03
  1370  0.000e+00  0.000e+00 -1.111e-03
  1375  0.000e+00  0.000e+00 -1.156e-03
  1380  0.000e+00  0.000e+00 -1.197e-03
  1385  0.000e+00  0.000e+00 -1.234e-03
  1390  0.000e+00  0.000e+00 -1.265e-03
  1395  0.000e+00  0.000e+00 -1.290e-03
  1400  0.000e+00  0.000e+00 -1.311e-03
  1405  0.000e+00  0.000e+00 -1.326e-03
  1410  0.000e+00  0.000e+00 -1.337e-03
  1415  0.000e+00  0.000e+00 -1.342e-03
  1420  0.000e+00  0.000e+00 -1.343e-03
  1425  0.000e+00  0.000e+00 -1.339e-03
  1430  0.000e+00  0.000e+00 -1.332e-03
  1435  0.000e+00  0.000e+00 -1.321e-03
  1440  0.000e+00  0.000e+00 -1.306e-03
  1445  0.000e+00  0.000e+00 -1.289e-03
  1450  0.000e+00  0.000e+00 -1.269e-03
  1455  0.000e+00  0.000e+00 -1.246e-03
  1460  0.000e+00  0.000e+00 -1.222e-03
  1465  0.000e+00  0.000e+00 -1.195e-03
  1470  0.000e+00  0.000e+00 -1.168e-03
  1475  0.000e+00  0.000e+00 -1.139e-03
  1480  0.000e+00  0.000e+00 -1.110e-03
  1485  0.000e+00  0.000e+00 -1.080e-03
  1490  0.000e+00  0.000e+00 -1.051e-03
  1495  0.000e+00  0.000e+00 -1.021e-03
  1500  0.000e+00  0.000e+00 -9.922e-04
  1505  0.000e+00  0.000e+00 -9.644e-04
  1510  0.000e+00  0.000e+00 -9.381e-04
  1515  0.000e+00  0.000e+00 -9.136e-04
  1520  0.000e+00  0.000e+00 -8.914e-04
  1525  0.000e+00  0.000e+00 -8.721e-04
  1530  0.000e+00  0.000e+00 -8.561e-04
  1535  0.000e+00  0.000e+00 -8.440e-04
  1540  0.000e+00  0.000e+00 -8.361e-04
  1545  0.000e+00  0.000e+00 -8.331e-04
  1550  0.000e+00  0.000e+00 -8.355e-04
  1555  0.000e+00  0.000e+00 -8.436e-04
  1560  0.000e+00  0.000e+00 -8.578e-04
  1565  0.000e+00  0.000e+00 -8.786e-04
  1570  0.000e+00  0.000e+00 -9.062e-04
  1575  0.000e+00  0.000e+00 -9.408e-04
  1580  0.000e+00  0.000e+00 -9.824e-04
  1585  0.000e+00  0.000e+00 -1.031e-03
  1590  0.000e+00  0.000e+00 -1.086e-03
  1595  0.000e+00  0.000e+00 -1.149e-03
  1600  0.000e+00  0.000e+00 -1.217e-03
  1605  0.000e+00  0.000e+00 -1.290e-03
  1610  0.000e+00  0.000e+00 -1.369e-03
  1615  0.000e+00  0.000e+00 -1.452e-03
  1620  0.000e+00  0.000e+00 -1.537e-03
  1625  0.000e+00  0.000e+00 -1.625e-03
  1630  0.000e+00  0.000e+00 -1.714e-03
  1635  0.000e+00  0.000e+00 -1.802e-03
  1640  0.000e+00  0.000e+00 -1.888e-03
  1645  0.000e+00  0.000e+00 -1.971e-03
  1650  0.000e+00  0.000e+00 -2.050e-03
  1655  0.000e+00  0.000e+00 -2.123e-03
  1660  0.000e+00  0.000e+00 -2.189e-03
  1665  0.000e+00  0.000e+00 -2.247e-03
  1670  0.000e+00  0.000e+00 -2.296e-03
  1675  0.000e+00  0.000e+00 -2.334e-03
  1680  0.000e+00  0.000e+00 -2.361e-03
  1685  0.000e+00  0.000e+00 -2.376e-03
  1690  0.000e+00  0.000e+00 -2.379e-03
  1695  0.000e+00  0.000e+00 -2.369e-03
  1700  0.000e+00  0.000e+00 -2.347e-03
  1705  0.000e+00  0.000e+00 -2.313e-03
  1710  0.000e+00  0.000e+00 -2.267e-03
  1715  0.000e+00  0.000e+00 -2.210e-03
  1720  0.000e+00  0.000e+00 -2.143e-03
  1725  0.000e+00  0.000e+00 -2.066e-03
  1730  0.000e+00  0.000e+00 -1.982e-03
  1735  0.000e+00  0.000e+00 -1.891e-03
  1740  0.000e+00  0.000e+00 -1.795e-03
  1745  0.000e+00  0.000e+00 -1.696e-03
  1750  0.000e+00  0.000e+00 -1.595e-03
  1755  0.000e+00  0.000e+00 -1.494e-03
  1760  0.000e+00  0.000e+00 -1.395e-03
  1765  0.000e+00  0.000e+00 -1.300e-03
  1770  0.000e+00  0.000e+00 -1.209e-03
  1775  0.000e+00  0.000e+00 -1.125e-03
  1780  0.000e+00  0.000e+00 -1.049e-03
  1785  0.000e+00  0.000e+00 -9.814e-04
  1790  0.000e+00  0.000e+00 -9.236e-04
  1795  0.000e+00  0.000e+00 -8.762e-04
  1800  0.000e+00  0.000e+00 -8.397e-04
  1805  0.000e+00  0.000e+00 -8.141e-04
  1810  0.000e+00  0.000e+00 -7.994e-04
  1815  0.000e+00  0.000e+00 -7.952e-04
  1820  0.000e+00  0.000e+00 -8.010e-04
  1825  0.000e+00  0.000e+00 -8.160e-04
  1830  0.000e+00  0.000e+00 -8.390e-04
  1835  0.000e+00  0.000e+00 -8.689e-04
  1840  0.000e+00  0.000e+00 -9.044e-04
  1845  0.000e+00  0.000e+00 -9.438e-04
  1850  0.000e+00  0.000e+00 -9.856e-04
  1855  0.000e+00  0.000e+00 -1.028e-03
  1860  0.000e+00  0.000e+00 -1.070e-03
  1865  0.000e+00  0.000e+00 -1.109e-03
  1870  0.000e+00  0.000e+00 -1.144e-03
  1875  0.000e+00  0.000e+00 -1.174e-03
  1880  0.000e+00  0.000e+00 -1.196e-03
  1885  0.000e+00  0.000e+00 -1.211e-03
  1890  0.000e+00  0.000e+00 -1.217e-03
  1895  0.000e+00  0.000e+00 -1.213e-03
  1900  0.000e+00  0.000e+00 -1.199e-03
  1905  0.000e+00  0.000e+00 -1.175e-03
  1910  0.000e+00  0.000e+00 -1.141e-03
  1915  0.000e+00  0.000e+00 -1.096e-03
  1920  0.000e+00  0.000e+00 -1.043e-03
  1925  0.000e+00  0.000e+00 -9.804e-04
  1930  0.000e+00  0.000e+00 -9.106e-04
  1935  0.000e+00  0.000e+00 -8.346e-04
  1940  0.000e+00  0.000e+00 -7.537e-04
  1945  0.000e+00  0.000e+00 -6.694e-04
  1950  0.000e+00  0.000e+00 -5.835e-04
  1955  0.000e+00  0.000e+00 -4.976e-04
  1960  0.000e+00  0.000e+00 -4.136e-04
  1965  0.000e+00  0.000e+00 -3.332e-04
  1970  0.000e+00  0.000e+00 -2.581e-04
  1975  0.000e+00  0.000e+00 -1.899e-04
  1980  0.000e+00  0.000e+00 -1.302e-04
  1985  0.000e+00  0.000e+00 -8.032e-05
  1990  0.000e+00  0.000e+00 -4.149e-05
  1995  0.000e+00  0.000e+00 -1.469e-05
  2000  0.000e+00  0.000e+00 -6.795e-07
  2005  0.000e+00  0.000e+00 -6.428e-18
  2010  0.000e+00  0.000e+00 -1.294e-05
  2015  0.000e+00  0.000e+00 -3.952e-05
  2020  0.000e+00  0.000e+00 -7.954e-05
  2025  0.000e+00  0.000e+00 -1.325e-04
  2030  0.000e+00  0.000e+00 -1.978e-04
  2035  0.000e+00  0.000e+00 -2.745e-04
  2040  0.000e+00  0.000e+00 -3.614e-04
  2045  0.000e+00  0.000e+00 -4.574e-04
  2050  0.000e+00  0.000e+00 -5.609e-04
  2055  0.000e+00  0.000e+00 -6.705e-04
  2060  0.000e+00  0.000e+00 -7.845e-04
  2065  0.000e+00  0.000e+00 -9.013e-04
  2070  0.000e+00  0.000e+00 -1.019e-03
  2075  0.000e+00  0.000e+00 -1.136e-03
  2080  0.000e+00  0.000e+00 -1.251e-03
  2085  0.000e+00  0.000e+00 -1.362e-03
  2090  0.000e+00  0.000e+00 -1.468e-03
  2095  0.000e+00  0.000e+00 -1.567e-03
  2100  0.000e+00  0.000e+00 -1.658e-03
  2105  0.000e+00  0.000e+00 -1.740e-03
  2110  0.000e+00  0.000e+00 -1.812e-03
  2115  0.000e+00  0.000e+00 -1.874e-03
  2120  0.000e+00  0.000e+00 -1.924e-03
  2125  0.000e+00  0.000e+00 -1.963e-03
  2130  0.000e+00  0.000e+00 -1.991e-03
  2135  0.000e+00  0.000e+00 -2.007e-03
  2140  0.000e+00  0.000e+00 -2.011e-03
  2145  0.000e+00  0.000e+00 -2.004e-03
  2150  0.000e+00  0.000e+00 -1.987e-03
  2155  0.000e+00  0.000e+00 -1.960e-03
  2160  0.000e+00  0.000e+00 -1.923e-03
  2165  0.000e+00  0.000e+00 -1.879e-03
  2170  0.000e+00  0.000e+00 -1.827e-03
  2175  0.000e+00  0.000e+00 -1.768e-03
  2180  0.000e+00  0.000e+00 -1.704e-03
  2185  0.000e+00  0.000e+00 -1.636e-03
  2190  0.000e+00  0.000e+00 -1.565e-03
  2195  0.000e+00  0.000e+00 -1.491e-03
  2200  0.000e+00  0.000e+00 -1.417e-03
  2205  0.000e+00  0.000e+00 -1.342e-03
  2210  0.000e+00  0.000e+00 -1.267e-03
  2215  0.000e+00  0.000e+00 -1.195e-03
  2220  0.000e+00  0.000e+00 -1.124e-03
  2225  0.000e+00  0.000e+00 -1.057e-03
  2230  0.000e+00  0.000e+00 -9.939e-04
  2235  0.000e+00  0.000e+00 -9.349e-04
  2240  0.000e+00  0.000e+00 -8.807e-04
  2245  0.000e+00  0.000e+00 -8.316e-04
  2250  0.000e+00  0.000e+00 -7.881e-04
  2255  0.000e+00  0.000e+00 -7.501e-04
  2260  0.000e+00  0.000e+00 -7.180e-04
  2265  0.000e+00  0.000e+00 -6.916e-04
  2270  0.000e+00  0.000e+00 -6.709e-04
  2275  0.000e+00  0.000e+00 -6.558e-04
  2280  0.000e+00  0.000e+00 -6.461e-04
  2285  0.000e+00  0.000e+00 -6.415e-04
  2290  0.000e+00  0.000e+00 -6.417e-04
  2295  0.000e+00  0.000e+00 -6.462e-04
  2300  0.000e+00  0.000e+00 -6.547e-04
  2305  0.000e+00  0.000e+00 -6.666e-04
  2310  0.000e+00  0.000e+00 -6.815e-04
  2315  0.000e+00  0.000e+00 -6.987e-04
  2320  0.000e+00  0.000e+00 -7.177e-04
  2325  0.000e+00  0.000e+00 -7.380e-04
  2330  0.000e+00  0.000e+00 -7.590e-04
  2335  0.000e+00  0.000e+00 -7.801e-04
  2340  0.000e+00  0.000e+00 -8.008e-04
  2345  0.000e+00  0.000e+00 -8.205e-04
  2350  0.000e+00  0.000e+00 -8.387e-04
  2355  0.000e+00  0.000e+00 -8.551e-04
  2360  0.000e+00  0.000e+00 -8.693e-04
  2365  0.000e+00  0.000e+00 -8.809e-04
  2370  0.000e+00  0.000e+00 -8.896e-04
  2375  0.000e+00  0.000e+00 -8.954e-04
  2380  0.000e+00  0.000e+00 -8.981e-04
  2385  0.000e+00  0.000e+00 -8.978e-04
  2390  0.000e+00  0.000e+00 -8.945e-04
  2395  0.000e+00  0.000e+00 -8.885e-04
  2400  0.000e+00  0.000e+00 -8.800e-04
  2405  0.000e+00  0.000e+00 -8.694e-04
  2410  0.000e+00  0.000e+00 -8.573e-04
  2415  0.000e+00  0.000e+00 -8.440e-04
  2420  0.000e+00  0.000e+00 -8.303e-04
  2425  0.000e+00  0.000e+00 -8.168e-04
  2430  0.000e+00  0.000e+00 -8.043e-04
  2435  0.000e+00  0.000e+00 -7.935e-04
  2440  0.000e+00  0.000e+00 -7.852e-04
  2445  0.000e+00  0.000e+00 -7.802e-04
  2450  0.000e+00  0.000e+00 -7.791e-04
  2455  0.000e+00  0.000e+00 -7.829e-04
  2460  0.000e+00  0.000e+00 -7.920e-04
  2465  0.000e+00  0.000e+00 -8.071e-04
  2470  0.000e+00  0.000e+00 -8.287e-04
  2475  0.000e+00  0.000e+00 -8.571e-04
  2480  0.000e+00  0.000e+00 -8.927e-04
  2485  0.000e+00  0.000e+00 -9.356e-04
  2490  0.000e+00  0.000e+00 -9.856e-04
  2495  0.000e+00  0.000e+00 -1.043e-03
  2500  0.000e+00  0.000e+00 -1.107e-03
  2505  0.000e+00  0.000e+00 -1.177e-03
  2510  0.000e+00  0.000e+00 -1.252e-03
  2515  0.000e+00  0.000e+00 -1.333e-03
  2520  0.000e+00  0.000e+00 -1.417e-03
  2525  0.000e+00  0.000e+00 -1.504e-03
  2530  0.000e+00  0.000e+00 -1.593e-03
  2535  0.000e+00  0.000e+00 -1.682e-03
  2540  0.000e+00  0.000e+00 -1.770e-03
  2545  0.000e+00  0.000e+00 -1.856e-03
  2550  0.000e+00  0.000e+00 -1.938e-03
  2555  0.000e+00  0.000e+00 -2.015e-03
  2560  0.000e+00  0.000e+00 -2.085e-03
  2565  0.000e+00  0.000e+00 -2.148e-03
  2570  0.000e+00  0.000e+00 -2.202e-03
  2575  0.000e+00  0.000e+00 -2.245e-03
  2580  0.000e+00  0.000e+00 -2.278e-03
  2585  0.000e+00  0.000e+00 -2.299e-03
  2590  0.000e+00  0.000e+00 -2.307e-03
  2595  0.000e+00  0.000e+00 -2.303e-03
  2600  0.000e+00  0.000e+00 -2.286e-03
  2605  0.000e+00  0.000e+00 -2.256e-03
  2610  0.000e+00  0.000e+00 -2.214e-03
  2615  0.000e+00  0.000e+00 -2.160e-03
  2620  0.000e+00  0.000e+00 -2.094e-03
  2625  0.000e+00  0.000e+00 -2.017e-03
  2630  0.000e+00  0.000e+00 -1.931e-03
  2635  0.000e+00  0.000e+00 -1.837e-03
  2640  0.000e+00  0.000e+00 -1.736e-03
  2645  0.000e+00  0.000e+00 -1.629e-03
  2650  0.000e+00  0.000e+00 -1.518e-03
  2655  0.000e+00  0.000e+00 -1.405e-03
  2660  0.000e+00  0.000e+00 -1.292e-03
  2665  0.000e+00  0.000e+00 -1.179e-03
  2670  0.000e+00  0.000e+00 -1.069e-03
  2675  0.000e+00  0.000e+00 -9.622e-04
  2680  0.000e+00  0.000e+00 -8.614e-04
  2685  0.000e+00  0.000e+00 -7.674e-04
  2690  0.000e+00  0.000e+00 -6.813e-04
  2695  0.000e+00  0.000e+00 -6.041e-04
  2700  0.000e+00  0.000e+00 -5.368e-04
  2705  0.000e+00  0.000e+00 -4.799e-04
  2710  0.000e+00  0.000e+00 -4.340e-04
  2715  0.000e+00  0.000e+00 -3.992e-04
  2720  0.000e+00  0.000e+00 -3.756e-04
  2725  0.000e+00  0.000e+00 -3.631e-04
  2730  0.000e+00  0.000e+00 -3.614e-04
  2735  0.000e+00  0.000e+00 -3.700e-04
  2740  0.000e+00  0.000e+00 -3.882e-04
  2745  0.000e+00  0.000e+00 -4.154e-04
  2750  0.000e+00  0.000e+00 -4.504e-04
  2755  0.000e+00  0.000e+00 -4.925e-04
  2760  0.000e+00  0.000e+00 -5.405e-04
  2765  0.000e+00  0.000e+00 -5.934e-04
  2770  0.000e+00  0.000e+00 -6.500e-04
  2775  0.000e+00  0.000e+00 -7.091e-04
  2780  0.000e+00  0.000e+00 -7.698e-04
  2785  0.000e+00  0.000e+00 -8.308e-04
  2790  0.000e+00  0.000e+00 -8.913e-04
  2795  0.000e+00  0.000e+00 -9.504e-04
  2800  0.000e+00  0.000e+00 -1.007e-03
  2805  0.000e+00  0.000e+00 -1.061e-03
  2810  0.000e+00  0.000e+00 -1.111e-03
  2815  0.000e+00  0.000e+00 -1.156e-03
  2820  0.000e+00  0.000e+00 -1.197e-03
  2825  0.000e+00  0.000e+00 -1.234e-03
  2830  0.000e+00  0.000e+00 -1.265e-03
  2835  0.000e+00  0.000e+00 -1.290e-03
  2840  0.000e+00  0.000e+00 -1.311e-03
  2845  0.000e+00  0.000e+00 -1.326e-03
  2850  0.000e+00  0.000e+00 -1.337e-03
  2855  0.000e+00  0.000e+00 -1.342e-03
  2860  0.000e+00  0.000e+00 -1.343e-03
  2865  0.000e+00  0.000e+00 -1.339e-03
  2870  0.000e+00  0.000e+00 -1.332e-03
  2875  0.000e+00  0.000e+00 -1.321e-03
  2880  0.000e+00  0.000e+00 -1.306e-03
  2885  0.000e+00  0.000e+00 -1.289e-03
  2890  0.000e+00  0.000e+00 -1.269e-03
  2895  0.000e+00  0.000e+00 -1.246e-03
  2900  0.000e+00  0.000e+00 -1.222e-03
  2905  0.000e+00  0.000e+00 -1.195e-03
  2910  0.000e+00  0.000e+00 -1.168e-03
  2915  0.000e+00  0.000e+00 -1.139e-03
  2920  0.000e+00  0.000e+00 -1.110e-03
  2925  0.000e+00  0.000e+00 -1.080e-03
  2930  0.000e+00  0.000e+00 -1.051e-03
  2935  0.000e+00  0.000e+00 -1.021e-03
  2940  0.000e+00  0.000e+00 -9.922e-04
  2945  0.000e+00  0.000e+00 -9.644e-04
  2950  0.000e+00  0.000e+00 -9.381e-04
  2955  0.000e+00  0.000e+00 -9.136e-04
  2960  0.000e+00  0.000e+00 -8.914e-04
  2965  0.000e+00  0.000e+00 -8.721e-04
  2970  0.000e+00  0.000e+00 -8.561e-04
  2975  0.000e+00  0.000e+00 -8.440e-04
  2980  0.000e+00  0.000e+00 -8.361e-04
  2985  0.000e+00  0.000e+00 -8.331e-04
  2990  0.000e+00  0.000e+00 -8.355e-04
  2995  0.000e+00  0.000e+00 -8.436e-04
  3000  0.000e+00  0.000e+00 -8.578e-04
  3005  0.000e+00  0.000e+00 -8.786e-04
  3010  0.000e+00  0.000e+00 -9.062e-04
  3015  0.000e+00  0.000e+00 -9.408e-04
  3020  0.000e+00  0.000e+00 -9.824e-04
  3025  0.000e+00  0.000e+00 -1.031e-03
  3030  0.000e+00  0.000e+00 -1.086e-03
  3035  0.000e+00  0.000e+00 -1.149e-03
  3040  0.000e+00  0.000e+00 -1.217e-03
  3045  0.000e+00  0.000e+00 -1.290e-03
  3050  0.000e+00  0.000e+00 -1.369e-03
  3055  0.000e+00  0.000e+00 -1.452e-03
  3060  0.000e+00  0.000e+00 -1.537e-03
  3065  0.000e+00  0.000e+00 -1.625e-03
  3070  0.000e+00  0.000e+00 -1.714e-03
  3075  0.000e+00  0.000e+00 -1.802e-03
  3080  0.000e+00  0.000e+00 -1.888e-03
  3085  0.000e+00  0.000e+00 -1.971e-03
  3090  0.000e+00  0.000e+00 -2.050e-03
  3095  0.000e+00  0.000e+00 -2.123e-03
  3100  0.000e+00  0.000e+00 -2.189e-03
  3105  0.000e+00  0.000e+00 -2.247e-03
  3110  0.000e+00  0.000e+00 -2.296e-03
  3115  0.000e+00  0.000e+00 -2.334e-03
  3120  0.000e+00  0.000e+00 -2.361e-03
  3125  0.000e+00  0.000e+00 -2.376e-03
  3130  0.000e+00  0.000e+00 -2.379e-03
  3135  0.000e+00  0.000e+00 -2.369e-03
  3140  0.000e+00  0.000e+00 -2.347e-03
  3145  0.000e+00  0.000e+00 -2.313e-03
  3150  0.000e+00  0.000e+00 -2.267e-03
  3155  0.000e+00  0.000e+00 -2.210e-03
  3160  0.000e+00  0.000e+00 -2.143e-03
  3165  0.000e+00  0.000e+00 -2.066e-03
  3170  0.000e+00  0.000e+00 -1.982e-03
  3175  0.000e+00  0.000e+00 -1.891e-03
  3180  0.000e+00  0.000e+00 -1.795e-03
  3185  0.000e+00  0.000e+00 -1.696e-03
  3190  0.000e+00  0.000e+00 -1.595e-03
  3195  0.000e+00  0.000e+00 -1.494e-03
  3200  0.000e+00  0.000e+00 -1.395e-03
  3205  0.000e+00  0.000e+00 -1.300e-03
  3210  0.000e+00  0.000e+00 -1.209e-03
  3215  0.000e+00  0.000e+00 -1.125e-03
  3220  0.000e+00  0.000e+00 -1.049e-03
  3225  0.000e+00  0.000e+00 -9.814e-04
  3230  0.000e+00  0.000e+00 -9.236e-04
  3235  0.000e+00  0.000e+00 -8.762e-04
  3240  0.000e+00  0.000e+00 -8.397e-04
  3245  0.000e+00  0.000e+00 -8.141e-04
  3250  0.000e+00  0.000e+00 -7.994e-04
  3255  0.000e+00  0.000e+00 -7.952e-04
  3260  0.000e+00  0.000e+00 -8.010e-04
  3265  0.000e+00  0.000e+00 -8.160e-04
  3270  0.000e+00  0.000e+00 -8.390e-04
  3275  0.000e+00  0.000e+00 -8.689e-04
  3280  0.000e+00  0.000e+00 -9.044e-04
  3285  0.000e+00  0.000e+00 -9.438e-04
  3290  0.000e+00  0.000e+00 -9.856e-04
  3295  0.000e+00  0.000e+00 -1.028e-03
  3300  0.000e+00  0.000e+00 -1.070e-03
  3305  0.000e+00  0.000e+00 -1.109e-03
  3310  0.000e+00  0.000e+00 -1.144e-03
  3315  0.000e+00  0.000e+00 -1.174e-03
  3320  0.000e+00  0.000e+00 -1.196e-03
  3325  0.000e+00  0.000e+00 -1.211e-03
  3330  0.000e+00  0.000e+00 -1.217e-03
  3335  0.000e+00  0.000e+00 -1.213e-03
  3340  0.000e+00  0.000e+00 -1.199e-03
  3345  0.000e+00  0.000e+00 -1.175e-03
  3350  0.000e+00  0.000e+00 -1.141e-03
  3355  0.000e+00  0.000e+00 -1.096e-03
  3360  0.000e+00  0.000e+00 -1.043e-03
  3365  0.000e+00  0.000e+00 -9.804e-04
  3370  0.000e+00  0.000e+00 -9.106e-04
  3375  0.000e+00  0.000e+00 -8.346e-04
  3380  0.000e+00  0.000e+00 -7.537e-04
  3385  0.000e+00  0.000e+00 -6.694e-04
  3390  0.000e+00  0.000e+00 -5.835e-04
  3395  0.000e+00  0.000e+00 -4.976e-04
  3400  0.000e+00  0.000e+00 -4.136e-04
  3405  0.000e+00  0.000e+00 -3.332e-04
  3410  0.000e+00  0.000e+00 -2.581e-04
  3415  0.000e+00  0.000e+00 -1.899e-04
  3420  0.000e+00  0.000e+00 -1.302e-04
  3425  0.000e+00  0.000e+00 -8.032e-05
  3430  0.000e+00  0.000e+00 -4.149e-05
  3435  0.000e+00  0.000e+00 -1.469e-05
  3440  0.000e+00  0.000e+00 -6.795e-07
  3445  0.000e+00  0.000e+00 -5.541e-18
  3450  0.000e+00  0.000e+00 -1.294e-05
  3455  0.000e+00  0.000e+00 -3.952e-05
  3460  0.000e+00  0.000e+00 -7.954e-05
  3465  0.000e+00  0.000e+00 -1.325e-04
  3470  0.000e+00  0.000e+00 -1.978e-04
  3475  0.000e+00  0.000e+00 -2.745e-04
  3480  0.000e+00  0.000e+00 -3.614e-04
  3485  0.000e+00  0.000e+00 -4.574e-04
  3490  0.000e+00  0.000e+00 -5.609e-04
  3495  0.000e+00  0.000e+00 -6.705e-04
  3500  0.000e+00  0.000e+00 -7.845e-04
  3505  0.000e+00  0.000e+00 -9.013e-04
  3510  0.000e+00  0.000e+00 -1.019e-03
  3515  0.000e+00  0.000e+00 -1.136e-03
  3520  0.000e+00  0.000e+00 -1.251e-03
  3525  0.000e+00  0.000e+00 -1.362e-03
  3530  0.000e+00  0.000e+00 -1.468e-03
  3535  0.000e+00  0.000e+00 -1.567e-03
  3540  0.000e+00  0.000e+00 -1.658e-03
  3545  0.000e+00  0.000e+00 -1.740e-03
  3550  0.000e+00  0.000e+00 -1.812e-03
  3555  0.000e+00  0.000e+00 -1.874e-03
  3560  0.000e+00  0.000e+00 -1.924e-03
  3565  0.000e+00  0.000e+00 -1.963e-03
  3570  0.000e+00  0.000e+00 -1.991e-03
  3575  0.000e+00  0.000e+00 -2.007e-03
  3580  0.000e+00  0.000e+00 -2.011e-03
  3585  0.000e+00  0.000e+00 -2.004e-03
  3590  0.000e+00  0.000e+00 -1.987e-03
  3595  0.000e+00  0.000e+00 -1.960e-03
  3600  0.000e+00  0.000e+00 -1.923e-03
  3605  0.000e+00  0.000e+00 -1.879e-03
  3610  0.000e+00  0.000e+00 -1.827e-03
  3615  0.000e+00  0.000e+00 -1.768e-03
  3620  0.000e+00  0.000e+00 -1.704e-03
  3625  0.000e+00  0.000e+00 -1.636e-03
  3630  0.000e+00  0.000e+00 -1.565e-03
  3635  0.000e+00  0.000e+00 -1.491e-03
  3640  0.000e+00  0.000e+00 -1.417e-03
  3645  0.000e+00  0.000e+00 -1.342e-03
  3650  0.000e+00  0.000e+00 -1.267e-03
  3655  0.000e+00  0.000e+00 -1.195e-03
  3660  0.000e+00  0.000e+00 -1.124e-03
  3665  0.000e+00  0.000e+00 -1.057e-03
  3670  0.000e+00  0.000e+00 -9.939e-04
  3675  0.000e+00  0.000e+00 -9.349e-04
  3680  0.000e+00  0.000e+00 -8.807e-04
  3685  0.000e+00  0.000e+00 -8.316e-04
  3690  0.000e+00  0.000e+00 -7.881e-04
  3695  0.000e+00  0.000e+00 -7.501e-04
  3700  0.000e+00  0.000e+00 -7.180e-04
  3705  0.000e+00  0.000e+00 -6.916e-04
  3710  0.000e+00  0.000e+00 -6.709e-04
  3715  0.000e+00  0.000e+00 -6.558e-04
  3720  0.000e+00  0.000e+00 -6.461e-04
  3725  0.000e+00  0.000e+00 -6.415e-04
  3730  0.000e+00  0.000e+00 -6.417e-04
  3735  0.000e+00  0.000e+00 -6.462e-04
  3740  0.000e+00  0.000e+00 -6.547e-04
  3745  0.000e+00  0.000e+00 -6.666e-04
  3750  0.000e+00  0.000e+00 -6.815e-04
  3755  0.000e+00  0.000e+00 -6.987e-04
  3760  0.000e+00  0.000e+00 -7.177e-04
  3765  0.000e+00  0.000e+00 -7.380e-04
  3770  0.000e+00  0.000e+00 -7.590e-04
  3775  0.000e+00  0.000e+00 -7.801e-04
  3780  0.000e+00  0.000e+00 -8.008e-04
  3785  0.000e+00  0.000e+00 -8.205e-04
  3790  0.000e+00  0.000e+00 -8.387e-04
  3795  0.000e+00  0.000e+00 -8.551e-04
  3800  0.000e+00  0.000e+00 -8.693e-04
  3805  0.000e+00  0.000e+00 -8.809e-04
  3810  0.000e+00  0.000e+00 -8.896e-04
  3815  0.000e+00  0.000e+00 -8.954e-04
  3820  0.000e+00  0.000e+00 -8.981e-04
  3825  0.000e+00  0.000e+00 -8.978e-04
  3830  0.000e+00  0.000e+00 -8.945e-04
  3835  0.000e+00  0.000e+00 -8.885e-04
  3840  0.000e+00  0.000e+00 -8.800e-04
  3845  0.000e+00  0.000e+00 -8.694e-04
  3850  0.000e+00  0.000e+00 -8.573e-04
  3855  0.000e+00  0.000e+00 -8.440e-04
  3860  0.000e+00  0.000e+00 -8.303e-04
  3865  0.000e+00  0.000e+00 -8.168e-04
  3870  0.000e+00  0.000e+00 -8.043e-04
  3875  0.000e+00  0.000e+00 -7.935e-04
  3880  0.000e+00  0.000e+00 -7.852e-04
  3885  0.000e+00  0.000e+00 -7.802e-04
  3890  0.000e+00  0.000e+00 -7.791e-04
  3895  0.000e+00  0.000e+00 -7.829e-04
  3900  0.000e+00  0.000e+00 -7.920e-04
  3905  0.000e+00  0.000e+00 -8.071e-04
  3910  0.000e+00  0.000e+00 -8.287e-04
  3915  0.000e+00  0.000e+00 -8.571e-04
  3920  0.000e+00  0.000e+00 -8.927e-04
  3925  0.000e+00  0.000e+00 -9.356e-04
  3930  0.000e+00  0.000e+00 -9.856e-04
  3935  0.000e+00  0.000e+00 -1.043e-03
  3940  0.000e+00  0.000e+00 -1.107e-03
  3945  0.000e+00  0.000e+00 -1.177e-03
  3950  0.000e+00  0.000e+00 -1.252e-03
  3955  0.000e+00  0.000e+00 -1.333e-03
  3960  0.000e+00  0.000e+00 -1.417e-03
  3965  0.000e+00  0.000e+00 -1.504e-03
  3970  0.000e+00  0.000e+00 -1.593e-03
  3975  0.000e+00  0.000e+00 -1.682e-03
  3980  0.000e+00  0.000e+00 -1.770e-03
  3985  0.000e+00  0.000e+00 -1.856e-03
  3990  0.000e+00  0.000e+00 -1.938e-03
  3995  0.000e+00  0.000e+00 -2.015e-03
  4000  0.000e+00  0.000e+00 -2.085e-03
  4005  0.000e+00  0.000e+00 -2.148e-03
  4010  0.000e+00  0.000e+00 -2.202e-03
  4015  0.000e+00  0.000e+00 -2.245e-03
  4020  0.000e+00  0.000e+00 -2.278e-03
  4025  0.000e+00  0.000e+00 -2.299e-03
  4030  0.000e+00  0.000e+00 -2.307e-03
  4035  0.000e+00  0.000e+00 -2.303e-03
  4040  0.000e+00  0.000e+00 -2.286e-03
  4045  0.000e+00  0.000e+00 -2.256e-03
  4050  0.000e+00  0.000e+00 -2.214e-03
  4055  0.000e+00  0.000e+00 -2.160e-03
  4060  0.000e+00  0.000e+00 -2.094e-03
  4065  0.000e+00  0.000e+00 -2.017e-03
  4070  0.000e+00  0.000e+00 -1.931e-03
  4075  0.000e+00  0.000e+00 -1.837e-03
  4080  0.000e+00  0.000e+00 -1.736e-03
  4085  0.000e+00  0.000e+00 -1.629e-03
  4090  0.000e+00  0.000e+00 -1.518e-03
  4095  0.000e+00  0.000e+00 -1.405e-03
  4100  0.000e+00  0.000e+00 -1.292e-03
  4105  0.000e+00  0.000e+00 -1.179e-03
  4110  0.000e+00  0.000e+00 -1.069e-03
  4115  0.000e+00  0.000e+00 -9.622e-04
  4120  0.000e+00  0.000e+00 -8.614e-04
  4125  0.000e+00  0.000e+00 -7.674e-04
  4130  0.000e+00  0.000e+00 -6.813e-04
  4135  0.000e+00  0.000e+00 -6.041e-04
  4140  0.000e+00  0.000e+00 -5.368e-04
  4145  0.000e+00  0.000e+00 -4.799e-04
  4150  0.000e+00  0.000e+00 -4.340e-04
  4155  0.000e+00  0.000e+00 -3.992e-04
  4160  0.000e+00  0.000e+00 -3.756e-04
  4165  0.000e+00  0.000e+00 -3.631e-04
  4170  0.000e+00  0.000e+00 -3.614e-04
  4175  0.000e+00  0.000e+00 -3.700e-04
  4180  0.000e+00  0.000e+00 -3.882e-04
  4185  0.000e+00  0.000e+00 -4.154e-04
  4190  0.000e+00  0.000e+00 -4.504e-04
  4195  0.000e+00  0.000e+00 -4.925e-04
  4200  0.000e+00  0.000e+00 -5.405e-04
  4205  0.000e+00  0.000e+00 -5.934e-04
  4210  0.000e+00  0.000e+00 -6.500e-04
  4215  0.000e+00  0.000e+00 -7.091e-04
  4220  0.000e+00  0.000e+00 -7.698e-04
  4225  0.000e+00  0.000e+00 -8.308e-04
  4230  0.000e+00  0.000e+00 -8.913e-04
  4235  0.000e+00  0.000e+00 -9.504e-04
  4240  0.000e+00  0.000e+00 -1.007e-03
  4245  0.000e+00  0.000e+00 -1.061e-03
  4250  0.000e+00  0.000e+00 -1.111e-03
  4255  0.000e+00  0.000e+00 -1.156e-03
  4260  0.000e+00  0.000e+00 -1.197e-03
  4265  0.000e+00  0.000e+00 -1.234e-03
  4270  0.000e+00  0.000e+00 -1.265e-03
  4275  0.000e+00  0.000e+00 -1.290e-03
  4280  0.000e+00  0.000e+00 -1.311e-03
  4285  0.000e+00  0.000e+00 -1.326e-03
  4290  0.000e+00  0.000e+00 -1.337e-03
  4295  0.000e+00  0.000e+00 -1.342e-03
  4300  0.000e+00  0.000e+00 -1.343e-03
  4305  0.000e+00  0.000e+00 -1.339e-03
  4310  0.000e+00  0.000e+00 -1.332e-03
  4315  0.000e+00  0.000e+00 -1.321e-03
  4320  0.000e+00  0.000e+00 -1.306e-03
  4325  0.000e+00  0.000e+00 -1.289e-03
  4330  0.000e+00  0.000e+00 -1.269e-03
  4335  0.000e+00  0.000e+00 -1.246e-03
  4340  0.000e+00  0.000e+00 -1.222e-03
  4345  0.000e+00  0.000e+00 -1.195e-03
  4350  0.000e+00  0.000e+00 -1.168e-03
  4355  0.000e+00  0.000e+00 -1.139e-03
  4360  0.000e+00  0.000e+00 -1.110e-03
  4365  0.000e+00  0.000e+00 -1.080e-03
  4370  0.000e+00  0.000e+00 -1.051e-03
  4375  0.000e+00  0.000e+00 -1.021e-03
  4380  0.000e+00  0.000e+00 -9.922e-04
  4385  0.000e+00  0.000e+00 -9.644e-04
  4390  0.000e+00  0.000e+00 -9.381e-04
  4395  0.000e+00  0.000e+00 -9.136e-04
  4400  0.000e+00  0.000e+00 -8.914e-04
  4405  0.000e+00  0.000e+00 -8.721e-04
  4410  0.000e+00  0.000e+00 -8.561e-04
  4415  0.000e+00  0.000e+00 -8.440e-04
  4420  0.000e+00  0.000e+00 -8.361e-04
  4425  0.000e+00  0.000e+00 -8.331e-04
  4430  0.000e+00  0.000e+00 -8.355e-04
  4435  0.000e+00  0.000e+00 -8.436e-04
  4440  0.000e+00  0.000e+00 -8.578e-04
  4445  0.000e+00  0.000e+00 -8.786e-04
  4450  0.000e+00  0.000e+00 -9.062e-04
  4455  0.000e+00  0.000e+00 -9.408e-04
  4460  0.000e+00  0.000e+00 -9.824e-04
  4465  0.000e+00  0.000e+00 -1.031e-03
  4470  0.000e+00  0.000e+00 -1.086e-03
  4475  0.000e+00  0.000e+00 -1.149e-03
  4480  0.000e+00  0.000e+00 -1.217e-03
  4485  0.000e+00  0.000e+00 -1.290e-03
  4490  0.000e+00  0.000e+00 -1.369e-03
  4495  0.000e+00  0.000e+00 -1.452e-03
  4500  0.000e+00  0.000e+00 -1.537e-03
  4505  0.000e+00  0.000e+00 -1.625e-03
  4510  0.000e+00  0.000e+00 -1.714e-03
  4515  0.000e+00  0.000e+00 -1.802e-03
  4520  0.000e+00  0.000e+00 -1.888e-03
  4525  0.000e+00  0.000e+00 -1.971e-03
  4530  0.000e+00  0.000e+00 -2.050e-03
  4535  0.000e+00  0.000e+00 -2.123e-03
  4540  0.000e+00  0.000e+00 -2.189e-03
  4545  0.000e+00  0.000e+00 -2.247e-03
  4550  0.000e+00  0.000e+00 -2.296e-03
  4555  0.000e+00  0.000e+00 -2.334e-03
  4560  0.000e+00  0.000e+00 -2.361e-03
  4565  0.000e+00  0.000e+00 -2.376e-03
  4570  0.000e+00  0.000e+00 -2.379e-03
  4575  0.000e+00  0.000e+00 -2.369e-03
  4580  0.000e+00  0.000e+00 -2.347e-03
  4585  0.000e+00  0.000e+00 -2.313e-03
  4590  0.000e+00  0.000e+00 -2.267e-03
  4595  0.000e+00  0.000e+00 -2.210e-03
  4600  0.000e+00  0.000e+00 -2.143e-03
  4605  0.000e+00  0.000e+00 -2.066e-03
  4610  0.000e+00  0.000e+00 -1.982e-03
  4615  0.000e+00  0.000e+00 -1.891e-03
  4620  0.000e+00  0.000e+00 -1.795e-03
  4625  0.000e+00  0.000e+00 -1.696e-03
  4630  0.000e+00  0.000e+00 -1.595e-03
  4635  0.000e+00  0.000e+00 -1.494e-03
  4640  0.000e+00  0.000e+00 -1.395e-03
  4645  0.000e+00  0.000e+00 -1.300e-03
  4650  0.000e+00  0.000e+00 -1.209e-03
  4655  0.000e+00  0.000e+00 -1.125e-03
  4660  0.000e+00  0.000e+00 -1.049e-03
  4665  0.000e+00  0.000e+00 -9.814e-04
  4670  0.000e+00  0.000e+00 -9.236e-04
  4675  0.000e+00  0.000e+00 -8.762e-04
  4680  0.000e+00  0.000e+00 -8.397e-04
  4685  0.000e+00  0.000e+00 -8.141e-04
  4690  0.000e+00  0.000e+00 -7.994e-04
  4695  0.000e+00  0.000e+00 -7.952e-04
  4700  0.000e+00  0.000e+00 -8.010e-04
  4705  0.000e+00  0.000e+00 -8.160e-04
  4710  0.000e+00  0.000e+00 -8.390e-04
  4715  0.000e+00  0.000e+00 -8.689e-04
  4720  0.000e+00  0.000e+00 -9.044e-04
  4725  0.000e+00  0.000e+00 -9.438e-04
  4730  0.000e+00  0.000e+00 -9.856e-04
  4735  0.000e+00  0.000e+00 -1.028e-03
  4740  0.000e+00  0.000e+00 -1.070e-03
  4745  0.000e+00  0.000e+00 -1.109e-03
  4750  0.000e+00  0.000e+00 -1.144e-03
  4755  0.000e+00  0.000e+00 -1.174e-03
  4760  0.000e+00  0.000e+00 -1.196e-03
  4765  0.000e+00  0.000e+00 -1.211e-03
  4770  0.000e+00  0.000e+00 -1.217e-03
  4775  0.000e+00  0.000e+00 -1.213e-03
  4780  0.000e+00  0.000e+00 -1.199e-03
  4785  0.000e+00  0.000e+00 -1.175e-03
  4790  0.000e+00  0.000e+00 -1.141e-03
  4795  0.000e+00  0.000e+00 -1.096e-03
  4800  0.000e+00  0.000e+00 -1.043e-03
  4805  0.000e+00  0.000e+00 -9.804e-04
  4810  0.000e+00  0.000e+00 -9.106e-04
  4815  0.000e+00  0.000e+00 -8.346e-04
  4820  0.000e+00  0.000e+00 -7.537e-04
  4825  0.000e+00  0.000e+00 -6.694e-04
  4830  0.000e+00  0.000e+00 -5.835e-04
  4835  0.000e+00  0.000e+00 -4.976e-04
  4840  0.000e+00  0.000e+00 -4.136e-04
  4845  0.000e+00  0.000e+00 -3.332e-04
  4850  0.000e+00  0.000e+00 -2.581e-04
  4855  0.000e+00  0.000e+00 -1.899e-04
  4860  0.000e+00  0.000e+00 -1.302e-04
  4865  0.000e+00  0.000e+00 -8.032e-05
  4870  0.000e+00  0.000e+00 -4.149e-05
  4875  0.000e+00  0.000e+00 -1.469e-05
  4880  0.000e+00  0.000e+00 -6.795e-07
  4885  0.000e+00  0.000e+00 -7.314e-18
  4890  0.000e+00  0.000e+00 -1.294e-05
  4895  0.000e+00  0.000e+00 -3.952e-05
  4900  0.000e+00  0.000e+00 -7.954e-05
  4905  0.000e+00  0.000e+00 -1.325e-04
  4910  0.000e+00  0.000e+00 -1.978e-04
  4915  0.000e+00  0.000e+00 -2.745e-04
  4920  0.000e+00  0.000e+00 -3.614e-04
  4925  0.000e+00  0.000e+00 -4.574e-04
  4930  0.000e+00  0.000e+00 -5.609e-04
  4935  0.000e+00  0.000e+00 -6.705e-04
  4940  0.000e+00  0.000e+00 -7.845e-04
  4945  0.000e+00  0.000e+00 -9.013e-04
  4950  0.000e+00  0.000e+00 -1.019e-03
  4955  0.000e+00  0.000e+00 -1.136e-03
  4960  0.000e+00  0.000e+00 -1.251e-03
  4965  0.000e+00  0.000e+00 -1.362e-03
  4970  0.000e+00  0.000e+00 -1.468e-03
  4975  0.000e+00  0.000e+00 -1.567e-03
  4980  0.000e+00  0.000e+00 -1.658e-03
  4985  0.000e+00  0.000e+00 -1.740e-03
  4990  0.000e+00  0.000e+00 -1.812e-03
  4995  0.000e+00  0.000e+00 -1.874e-03
  5000  0.000e+00  0.000e+00 -1.924e-03
  5005  0.000e+00  0.000e+00 -1.963e-03
  5010  0.000e+00  0.000e+00 -1.991e-03
  5015  0.000e+00  0.000e+00 -2.007e-03
  5020  0.000e+00  0.000e+00 -2.011e-03
  5025  0.000e+00  0.000e+00 -2.004e-03
  5030  0.000e+00  0.000e+00 -1.987e-03
  5035  0.000e+00  0.000e+00 -1.960e-03
  5040  0.000e+00  0.000e+00 -1.923e-03
  5045  0.000e+00  0.000e+00 -1.879e-03
  5050  0.000e+00  0.000e+00 -1.827e-03
  5055  0.000e+00  0.000e+00 -1.768e-03
  5060  0.000e+00  0.000e+00 -1.704e-03
  5065  0.000e+00  0.000e+00 -1.636e-03
  5070  0.000e+00  0.000e+00 -1.565e-03
  5075  0.000e+00  0.000e+00 -1.491e-03
  5080  0.000e+00  0.000e+00 -1.417e-03
  5085  0.000e+00  0.000e+00 -1.342e-03
  5090  0.000e+00  0.000e+00 -1.267e-03
  5095  0.000e+00  0.000e+00 -1.195e-03
  5100  0.000e+00  0.000e+00 -1.124e-03
  5105  0.000e+00  0.000e+00 -1.057e-03
  5110  0.000e+00  0.000e+00 -9.939e-04
  5115  0.000e+00  0.000e+00 -9.349e-04
  5120  0.000e+00  0.000e+00 -8.807e-04
  5125  0.000e+00  0.000e+00 -8.316e-04
  5130  0.000e+00  0.000e+00 -7.881e-04
  5135  0.000e+00  0.000e+00 -7.501e-04
  5140  0.000e+00  0.000e+00 -7.180e-04
  5145  0.000e+00  0.000e+00 -6.916e-04
  5150  0.000e+00  0.000e+00 -6.709e-04
  5155  0.000e+00  0.000e+00 -6.558e-04
  5160  0.000e+00  0.000e+00 -6.461e-04
  5165  0.000e+00  0.000e+00 -6.415e-04
  5170  0.000e+00  0.000e+00 -6.417e-04
  5175  0.000e+00  0.000e+00 -6.462e-04
  5180  0.000e+00  0.000e+00 -6.547e-04
  5185  0.000e+00  0.000e+00 -6.666e-04
  5190  0.000e+00  0.000e+00 -6.815e-04
  5195  0.000e+00  0.000e+00 -6.987e-04
  5200  0.000e+00  0.000e+00 -7.177e-04
  5205  0.000e+00  0.000e+00 -7.380e-04
  5210  0.000e+00  0.000e+00 -7.590e-04
  5215  0.000e+00  0.000e+00 -7.801e-04
  5220  0.000e+00  0.000e+00 -8.008e-04
  5225  0.000e+00  0.000e+00 -8.205e-04
  5230  0.000e+00  0.000e+00 -8.387e-04
  5235  0.000e+00  0.000e+00 -8.551e-04
  5240  0.000e+00  0.000e+00 -8.693e-04
  5245  0.000e+00  0.000e+00 -8.809e-04
  5250  0.000e+00  0.000e+00 -8.896e-04
  5255  0.000e+00  0.000e+00 -8.954e-04
  5260  0.000e+00  0.000e+00 -8.981e-04
  5265  0.000e+00  0.000e+00 -8.978e-04
  5270  0.000e+00  0.000e+00 -8.945e-04
  5275  0.000e+00  0.000e+00 -8.885e-04
  5280  0.000e+00  0.000e+00 -8.800e-04
  5285  0.000e+00  0.000e+00 -8.694e-04
  5290  0.000e+00  0.000e+00 -8.573e-04
  5295  0.000e+00  0.000e+00 -8.440e-04
  5300  0.000e+00  0.000e+00 -8.303e-04
  5305  0.000e+00  0.000e+00 -8.168e-04
  5310  0.000e+00  0.000e+00 -8.043e-04
  5315  0.000e+00  0.000e+00 -7.935e-04
  5320  0.000e+00  0.000e+00 -7.852e-04
  5325  0.000e+00  0.000e+00 -7.802e-04
  5330  0.000e+00  0.000e+00 -7.791e-04
  5335  0.000e+00  0.000e+00 -7.829e-04
  5340  0.000e+00  0.000e+00 -7.920e-04
  5345  0.000e+00  0.000e+00 -8.071e-04
  5350  0.000e+00  0.000e+00 -8.287e-04
  5355  0.000e+00  0.000e+00 -8.571e-04
  5360  0.000e+00  0.000e+00 -8.927e-04
  5365  0.000e+00  0.000e+00 -9.356e-04
  5370  0.000e+00  0.000e+00 -9.856e-04
  5375  0.000e+00  0.000e+00 -1.043e-03
  5380  0.000e+00  0.000e+00 -1.107e-03
  5385  0.000e+00  0.000e+00 -1.177e-03
  5390  0.000e+00  0.000e+00 -1.252e-03
  5395  0.000e+00  0.000e+00 -1.333e-03
  5400  0.000e+00  0.000e+00 -1.417e-03
  5405  0.000e+00  0.000e+00 -1.504e-03
  5410  0.000e+00  0.000e+00 -1.593e-03
  5415  0.000e+00  0.000e+00 -1.682e-03
  5420  0.000e+00  0.000e+00 -1.770e-03
  5425  0.000e+00  0.000e+00 -1.856e-03
  5430  0.000e+00  0.000e+00 -1.938e-03
  5435  0.000e+00  0.000e+00 -2.015e-03
  5440  0.000e+00  0.000e+00 -2.085e-03
  5445  0.000e+00  0.000e+00 -2.148e-03
  5450  0.000e+00  0.000e+00 -2.202e-03
  5455  0.000e+00  0.000e+00 -2.245e-03
  5460  0.000e+00  0.000e+00 -2.278e-03
  5465  0.000e+00  0.000e+00 -2.299e-03
  5470  0.000e+00  0.000e+00 -2.307e-03
  5475  0.000e+00  0.000e+00 -2.303e-03
  5480  0.000e+00  0.000e+00 -2.286e-03
  5485  0.000e+00  0.000e+00 -2.256e-03
  5490  0.000e+00  0.000e+00 -2.214e-03
  5495  0.000e+00  0.000e+00 -2.160e-03
  5500  0.000e+00  0.000e+00 -2.094e-03
  5505  0.000e+00  0.000e+00 -2.017e-03
  5510  0.000e+00  0.000e+00 -1.931e-03
  5515  0.000e+00  0.000e+00 -1.837e-03
  5520  0.000e+00  0.000e+00 -1.736e-03
  5525  0.000e+00  0.000e+00 -1.629e-03
  5530  0.000e+00  0.000e+00 -1.518e-03
  5535  0.000e+00  0.000e+00 -1.405e-03
  5540  0.000e+00  0.000e+00 -1.292e-03
  5545  0.000e+00  0.000e+00 -1.179e-03
  5550  0.000e+00  0.000e+00 -1.069e-03
  5555  0.000e+00  0.000e+00 -9.622e-04
  5560  0.000e+00  0.000e+00 -8.614e-04
  5565  0.000e+00  0.000e+00 -7.674e-04
  5570  0.000e+00  0.000e+00 -6.813e-04
  5575  0.000e+00  0.000e+00 -6.041e-04
  5580  0.000e+00  0.000e+00 -5.368e-04
  5585  0.000e+00  0.000e+00 -4.799e-04
  5590  0.000e+00  0.000e+00 -4.340e-04
  5595  0.000e+00  0.000e+00 -3.992e-04
  5600  0.000e+00  0.000e+00 -3.756e-04
  5605  0.000e+00  0.000e+00 -3.631e-04
  5610  0.000e+00  0.000e+00 -3.614e-04
  5615  0.000e+00  0.000e+00 -3.700e-04
  5620  0.000e+00  0.000e+00 -3.882e-04
  5625  0.000e+00  0.000e+00 -4.154e-04
  5630  0.000e+00  0.000e+00 -4.504e-04
  5635  0.000e+00  0.000e+00 -4.925e-04
  5640  0.000e+00  0.000e+00 -5.405e-04
  5645  0.000e+00  0.000e+00 -5.934e-04
  5650  0.000e+00  0.000e+00 -6.500e-04
  5655  0.000e+00  0.000e+00 -7.091e-04
  5660  0.000e+00  0.000e+00 -7.698e-04
  5665  0.000e+00  0.000e+00 -8.308e-04
  5670  0.000e+00  0.000e+00 -8.913e-04
  5675  0.000e+00  0.000e+00 -9.504e-04
  5680  0.000e+00  0.000e+00 -1.007e-03
  5685  0.000e+00  0.000e+00 -1.061e-03
  5690  0.000e+00  0.000e+00 -1.111e-03
  5695  0.000e+00  0.000e+00 -1.156e-03
  5700  0.000e+00  0.000e+00 -1.197e-03
  5705  0.000e+00  0.000e+00 -1.234e-03
  5710  0.000e+00  0.000e+00 -1.265e-03
  5715  0.000e+00  0.000e+00 -1.290e-03
  5720  0.000e+00  0.000e+00 -1.311e-03
  5725  0.000e+00  0.000e+00 -1.326e-03
  5730  0.000e+00  0.000e+00 -1.337e-03
  5735  0.000e+00  0.000e+00 -1.342e-03
  5740  0.000e+00  0.000e+00 -1.343e-03
  5745  0.000e+00  0.000e+00 -1.339e-03
  5750  0.000e+00  0.000e+00 -1.332e-03
  5755  0.000e+00  0.000e+00 -1.321e-03
  5760  0.000e+00  0.000e+00 -1.306e-03
  5765  0.000e+00  0.000e+00 -1.289e-03
  5770  0.000e+00  0.000e+00 -1.269e-03
  5775  0.000e+00  0.000e+00 -1.246e-03
  5780  0.000e+00  0.000e+00 -1.222e-03
  5785  0.000e+00  0.000e+00 -1.195e-03
  5790  0.000e+00  0.000e+00 -1.168e-03
  5795  0.000e+00  0.000e+00 -1.139e-03
  5800  0.000e+00  0.000e+00 -1.110e-03
  5805  0.000e+00  0.000e+00 -1.080e-03
  5810  0.000e+00  0.000e+00 -1.051e-03
  5815  0.000e+00  0.000e+00 -1.021e-03
  5820  0.000e+00  0.000e+00 -9.922e-04
  5825  0.000e+00  0.000e+00 -9.644e-04
  5830  0.000e+00  0.000e+00 -9.381e-04
  5835  0.000e+00  0.000e+00 -9.136e-04
  5840  0.000e+00  0.000e+00 -8.914e-04
  5845  0.000e+00  0.000e+00 -8.721e-04
  5850  0.000e+00  0.000e+00 -8.561e-04
  5855  0.000e+00  0.000e+00 -8.440e-04
  5860  0.000e+00  0.000e+00 -8.361e-04
  5865  0.000e+00  0.000e+00 -8.331e-04
  5870  0.000e+00  0.000e+00 -8.355e-04
  5875  0.000e+00  0.000e+00 -8.436e-04
  5880  0.000e+00  0.000e+00 -8.578e-04
  5885  0.000e+00  0.000e+00 -8.786e-04
  5890  0.000e+00  0.000e+00 -9.062e-04
  5895  0.000e+00  0.000e+00 -9.408e-04
  5900  0.000e+00  0.000e+00 -9.824e-04
  5905  0.000e+00  0.000e+00 -1.031e-03
  5910  0.000e+00  0.000e+00 -1.086e-03
  5915  0.000e+00  0.000e+00 -1.149e-03
  5920  0.000e+00  0.000e+00 -1.217e-03
  5925  0.000e+00  0.000e+00 -1.290e-03
  5930  0.000e+00  0.000e+00 -1.369e-03
  5935  0.000e+00  0.000e+00 -1.452e-03
  5940  0.000e+00  0.000e+00 -1.537e-03
  5945  0.000e+00  0.000e+00 -1.625e-03
  5950  0.000e+00  0.000e+00 -1.714e-03
  5955  0.000e+00  0.000e+00 -1.802e-03
  5960  0.000e+00  0.000e+00 -1.888e-03
  5965  0.000e+00  0.000e+00 -1.971e-03
  5970  0.000e+00  0.000e+00 -2.050e-03
  5975  0.000e+00  0.000e+00 -2.123e-03
  5980  0.000e+00  0.000e+00 -2.189e-03
  5985  0.000e+00  0.000e+00 -2.247e-03
  5990  0.000e+00  0.000e+00 -2.296e-03
  5995  0.000e+00  0.000e+00 -2.334e-03
  6000  0.000e+00  0.000e+00 -2.361e-03
  6005  0.000e+00  0.000e+00 -2.376e-03
  6010  0.000e+00  0.000e+00 -2.379e-03
  6015  0.000e+00  0.000e+00 -2.369e-03
  6020  0.000e+00  0.000e+00 -2.347e-03
  6025  0.000e+00  0.000e+00 -2.313e-03
  6030  0.000e+00  0.000e+00 -2.267e-03
  6035  0.000e+00  0.000e+00 -2.210e-03
  6040  0.000e+00  0.000e+00 -2.143e-03
  6045  0.000e+00  0.000e+00 -2.066e-03
  6050  0.000e+00  0.000e+00 -1.982e-03
  6055  0.000e+00  0.000e+00 -1.891e-03
  6060  0.000e+00  0.000e+00 -1.795e-03
  6065  0.000e+00  0.000e+00 -1.696e-03
  6070  0.000e+00  0.000e+00 -1.595e-03
  6075  0.000e+00  0.000e+00 -1.494e-03
  6080  0.000e+00  0.000e+00 -1.395e-03
  6085  0.000e+00  0.000e+00 -1.300e-03
  6090  0.000e+00  0.000e+00 -1.209e-03
  6095  0.000e+00  0.000e+00 -1.125e-03
  6100  0.000e+00  0.000e+00 -1.049e-03
  6105  0.000e+00  0.000e+00 -9.814e-04
  6110  0.000e+00  0.000e+00 -9.236e-04
  6115  0.000e+00  0.000e+00 -8.762e-04
  6120  0.000e+00  0.000e+00 -8.397e-04
  6125  0.000e+00  0.000e+00 -8.141e-04
  6130  0.000e+00  0.000e+00 -7.994e-04
  6135  0.000e+00  0.000e+00 -7.952e-04
  6140  0.000e+00  0.000e+00 -8.010e-04
  6145  0.000e+00  0.000e+00 -8.160e-04
  6150  0.000e+00  0.000e+00 -8.390e-04
  6155  0.000e+00  0.000e+00 -8.689e-04
  6160  0.000e+00  0.000e+00 -9.044e-04
  6165  0.000e+00  0.000e+00 -9.438e-04
  6170  0.000e+00  0.000e+00 -9.856e-04
  6175  0.000e+00  0.000e+00 -1.028e-03
  6180  0.000e+00  0.000e+00 -1.070e-03
  6185  0.000e+00  0.000e+00 -1.109e-03
  6190  0.000e+00  0.000e+00 -1.144e-03
  6195  0.000e+00  0.000e+00 -1.174e-03
  6200  0.000e+00  0.000e+00 -1.196e-03
  6205  0.000e+00  0.000e+00 -1.211e-03
  6210  0.000e+00  0.000e+00 -1.217e-03
  6215  0.000e+00  0.000e+00 -1.213e-03
  6220  0.000e+00  0.000e+00 -1.199e-03
  6225  0.000e+00  0.000e+00 -1.175e-03
  6230  0.000e+00  0.000e+00 -1.141e-03
  6235  0.000e+00  0.000e+00 -1.096e-03
  6240  0.000e+00  0.000e+00 -1.043e-03
  6245  0.000e+00  0.000e+00 -9.804e-04
  6250  0.000e+00  0.000e+00 -9.106e-04
  6255  0.000e+00  0.000e+00 -8.346e-04
  6260  0.000e+00  0.000e+00 -7.537e-04
  6265  0.000e+00  0.000e+00 -6.694e-04
  6270  0.000e+00  0.000e+00 -5.835e-04
  6275  0.000e+00  0.000e+00 -4.976e-04
  6280  0.000e+00  0.000e+00 -4.136e-04
  6285  0.000e+00  0.000e+00 -3.332e-04
  6290  0.000e+00  0.000e+00 -2.581e-04
  6295  0.000e+00  0.000e+00 -1.899e-04
  6300  0.000e+00  0.000e+00 -1.302e-04
  6305  0.000e+00  0.000e+00 -8.032e-05
  6310  0.000e+00  0.000e+00 -4.149e-05
  6315  0.000e+00  0.000e+00 -1.469e-05
  6320  0.000e+00  0.000e+00 -6.795e-07
  6325  0.000e+00  0.000e+00 -0.000e+00
  6330  0.000e+00  0.000e+00 -1.294e-05
  6335  0.000e+00  0.000e+00 -3.952e-05
  6340  0.000e+00  0.000e+00 -7.954e-05
  6345  0.000e+00  0.000e+00 -1.325e-04
  6350  0.000e+00  0.000e+00 -1.978e-04
  6355  0.000e+00  0.000e+00 -2.745e-04
  6360  0.000e+00  0.000e+00 -3.614e-04
  6365  0.000e+00  0.000e+00 -4.574e-04
  6370  0.000e+00  0.000e+00 -5.609e-04
  6375  0.000e+00  0.000e+00 -6.705e-04
  6380  0.000e+00  0.000e+00 -7.845e-04
  6385  0.000e+00  0.000e+00 -9.013e-04
  6390  0.000e+00  0.000e+00 -1.019e-03
  6395  0.000e+00  0.000e+00 -1.136e-03
  6400  0.000e+00  0.000e+00 -1.251e-03
  6405  0.000e+00  0.000e+00 -1.362e-03
  6410  0.000e+00  0.000e+00 -1.468e-03
  6415  0.000e+00  0.000e+00 -1.567e-03
  6420  0.000e+00  0.000e+00 -1.658e-03
  6425  0.000e+00  0.000e+00 -1.740e-03
  6430  0.000e+00  0.000e+00 -1.812e-03
  6435  0.000e+00  0.000e+00 -1.874e-03
  6440  0.000e+00  0.000e+00 -1.924e-03
  6445  0.000e+00  0.000e+00 -1.963e-03
  6450  0.000e+00  0.000e+00 -1.991e-03
  6455  0.000e+00  0.000e+00 -2.007e-03
  6460  0.000e+00  0.000e+00 -2.011e-03
  6465  0.000e+00  0.000e+00 -2.004e-03
  6470  0.000e+00  0.000e+00 -1.987e-03
  6475  0.000e+00  0.000e+00 -1.960e-03
  6480  0.000e+00  0.000e+00 -1.923e-03
  6485  0.000e+00  0.000e+00 -1.879e-03
  6490  0.000e+00  0.000e+00 -1.827e-03
  6495  0.000e+00  0.000e+00 -1.768e-03
  6500  0.000e+00  0.000e+00 -1.704e-03
  6505  0.000e+00  0.000e+00 -1.636e-03
  6510  0.000e+00  0.000e+00 -1.565e-03
  6515  0.000e+00  0.000e+00 -1.491e-03
  6520  0.000e+00  0.000e+00 -1.417e-03
  6525  0.000e+00  0.000e+00 -1.342e-03
  6530  0.000e+00  0.000e+00 -1.267e-03
  6535  0.000e+00  0.000e+00 -1.195e-03
  6540  0.000e+00  0.000e+00 -1.124e-03
  6545  0.000e+00  0.000e+00 -1.057e-03
  6550  0.000e+00  0.000e+00 -9.939e-04
  6555  0.000e+00  0.000e+00 -9.349e-04
  6560  0.000e+00  0.000e+00 -8.807e-04
  6565  0.000e+00  0.000e+00 -8.316e-04
  6570  0.000e+00  0.000e+00 -7.881e-04
  6575  0.000e+00  0.000e+00 -7.501e-04
  6580  0.000e+00  0.000e+00 -7.180e-04
  6585  0.000e+00  0.000e+00 -6.916e-04
  6590  0.000e+00  0.000e+00 -6.709e-04
  6595  0.000e+00  0.000e+00 -6.558e-04
  6600  0.000e+00  0.000e+00 -6.461e-04
  6605  0.000e+00  0.000e+00 -6.415e-04
  6610  0.000e+00  0.000e+00 -6.417e-04
  6615  0.000e+00  0.000e+00 -6.462e-04
  6620  0.000e+00  0.000e+00 -6.547e-04
  6625  0.000e+00  0.000e+00 -6.666e-04
  6630  0.000e+00  0.000e+00 -6.815e-04
  6635  0.000e+00  0.000e+00 -6.987e-04
  6640  0.000e+00  0.000e+00 -7.177e-04
  6645  0.000e+00  0.000e+00 -7.380e-04
  6650  0.000e+00  0.000e+00 -7.590e-04
  6655  0.000e+00  0.000e+00 -7.801e-04
  6660  0.000e+00  0.000e+00 -8.008e-04
  6665  0.000e+00  0.000e+00 -8.205e-04
  6670  0.000e+00  0.000e+00 -8.387e-04
  6675  0.000e+00  0.000e+00 -8.551e-04
  6680  0.000e+00  0.000e+00 -8.693e-04
  6685  0.000e+00  0.000e+00 -8.809e-04
  6690  0.000e+00  0.000e+00 -8.896e-04
  6695  0.000e+00  0.000e+00 -8.954e-04
  6700  0.000e+00  0.000e+00 -8.981e-04
  6705  0.000e+00  0.000e+00 -8.978e-04
  6710  0.000e+00  0.000e+00 -8.945e-04
  6715  0.000e+00  0.000e+00 -8.885e-04
  6720  0.000e+00  0.000e+00 -8.800e-04
  6725  0.000e+00  0.000e+00 -8.694e-04
  6730  0.000e+00  0.000e+00 -8.573e-04
  6735  0.000e+00  0.000e+00 -8.440e-04
  6740  0.000e+00  0.000e+00 -8.303e-04
  6745  0.000e+00  0.000e+00 -8.168e-04
  6750  0.000e+00  0.000e+00 -8.043e-04
  6755  0.000e+00  0.000e+00 -7.935e-04
  6760  0.000e+00  0.000e+00 -7.852e-04
  6765  0.000e+00  0.000e+00 -7.802e-04
  6770  0.000e+00  0.000e+00 -7.791e-04
  6775  0.000e+00  0.000e+00 -7.829e-04
  6780  0.000e+00  0.000e+00 -7.920e-04
  6785  0.000e+00  0.000e+00 -8.071e-04
  6790  0.000e+00  0.000e+00 -8.287e-04
  6795  0.000e+00  0.000e+00 -8.571e-04
  6800  0.000e+00  0.000e+00 -8.927e-04
  6805  0.000e+00  0.000e+00 -9.356e-04
  6810  0.000e+00  0.000e+00 -9.856e-04
  6815  0.000e+00  0.000e+00 -1.043e-03
  6820  0.000e+00  0.000e+00 -1.107e-03
  6825  0.000e+00  0.000e+00 -1.177e-03
  6830  0.000e+00  0.000e+00 -1.252e-03
  6835  0.000e+00  0.000e+00 -1.333e-03
  6840  0.000e+00  0.000e+00 -1.417e-03
  6845  0.000e+00  0.000e+00 -1.504e-03
  6850  0.000e+00  0.000e+00 -1.593e-03
  6855  0.000e+00  0.000e+00 -1.682e-03
  6860  0.000e+00  0.000e+00 -1.770e-03
  6865  0.000e+00  0.000e+00 -1.856e-03
  6870  0.000e+00  0.000e+00 -1.938e-03
  6875  0.000e+00  0.000e+00 -2.015e-03
  6880  0.000e+00  0.000e+00 -2.085e-03
  6885  0.000e+00  0.000e+00 -2.148e-03
  6890  0.000e+00  0.000e+00 -2.202e-03
  6895  0.000e+00  0.000e+00 -2.245e-03
  6900  0.000e+00  0.000e+00 -2.278e-03
  6905  0.000e+00  0.000e+00 -2.299e-03
  6910  0.000e+00  0.000e+00 -2.307e-03
  6915  0.000e+00  0.000e+00 -2.303e-03
  6920  0.000e+00  0.000e+00 -2.286e-03
  6925  0.000e+00  0.000e+00 -2.256e-03
  6930  0.000e+00  0.000e+00 -2.214e-03
  6935  0.000e+00  0.000e+00 -2.160e-03
  6940  0.000e+00  0.000e+00 -2.094e-03
  6945  0.000e+00  0.000e+00 -2.017e-03
  6950  0.000e+00  0.000e+00 -1.931e-03
  6955  0.000e+00  0.000e+00 -1.837e-03
  6960  0.000e+00  0.000e+00 -1.736e-03
  6965  0.000e+00  0.000e+00 -1.629e-03
  6970  0.000e+00  0.000e+00 -1.518e-03
  6975  0.000e+00  0.000e+00 -1.405e-03
  6980  0.000e+00  0.000e+00 -1.292e-03
  6985  0.000e+00  0.000e+00 -1.179e-03
  6990  0.000e+00  0.000e+00 -1.069e-03
  6995  0.000e+00  0.000e+00 -9.622e-04
  7000  0.000e+00  0.000e+00 -8.614e-04
  7005  0.000e+00  0.000e+00 -7.674e-04
  7010  0.000e+00  0.000e+00 -6.813e-04
  7015  0.000e+00  0.000e+00 -6.041e-04
  7020  0.000e+00  0.000e+00 -5.368e-04
  7025  0.000e+00  0.000e+00 -4.799e-04
  7030  0.000e+00  0.000e+00 -4.340e-04
  7035  0.000e+00  0.000e+00 -3.992e-04
  7040  0.000e+00  0.000e+00 -3.756e-04
  7045  0.000e+00  0.000e+00 -3.631e-04
  7050  0.000e+00  0.000e+00 -3.614e-04
  7055  0.000e+00  0.000e+00 -3.700e-04
  7060  0.000e+00  0.000e+00 -3.882e-04
  7065  0.000e+00  0.000e+00 -4.154e-04
  7070  0.000e+00  0.000e+00 -4.504e-04
  7075  0.000e+00  0.000e+00 -4.925e-04
  7080  0.000e+00  0.000e+00 -5.405e-04
  7085  0.000e+00  0.000e+00 -5.934e-04
  7090  0.000e+00  0.000e+00 -6.500e-04
  7095  0.000e+00  0.000e+00 -7.091e-04
  7100  0.000e+00  0.000e+00 -7.698e-04
  7105  0.000e+00  0.000e+00 -8.308e-04
  7110  0.000e+00  0.000e+00 -8.913e-04
  7115  0.000e+00  0.000e+00 -9.504e-04
  7120  0.000e+00  0.000e+00 -1.007e-03
  7125  0.000e+00  0.000e+00 -1.061e-03
  7130  0.000e+00  0.000e+00 -1.111e-03
  7135  0.000e+00  0.000e+00 -1.156e-03
  7140  0.000e+00  0.000e+00 -1.197e-03
  7145  0.000e+00  0.000e+00 -1.234e-03
  7150  0.000e+00  0.000e+00 -1.265e-03
  7155  0.000e+00  0.000e+00 -1.290e-03
  7160  0.000e+00  0.000e+00 -1.311e-03
  7165  0.000e+00  0.000e+00 -1.326e-03
  7170  0.000e+00  0.000e+00 -1.337e-03
  7175  0.000e+00  0.000e+00 -1.342e-03
  7180  0.000e+00  0.000e+00 -1.343e-03
  7185  0.000e+00  0.000e+00 -1.339e-03
  7190  0.000e+00  0.000e+00 -1.332e-03
  7195  0.000e+00  0.000e+00 -1.321e-03
  7200  0.000e+00  0.000e+00 -1.306e-03
  7205  0.000e+00  0.000e+00 -1.289e-03
  7210  0.000e+00  0.000e+00 -1.269e-03
  7215  0.000e+00  0.000e+00 -1.246e-03
  7220  0.000e+00  0.000e+00 -1.222e-03
  7225  0.000e+00  0.000e+00 -1.195e-03
  7230  0.000e+00  0.000e+00 -1.168e-03
  7235  0.000e+00  0.000e+00 -1.139e-03
  7240  0.000e+00  0.000e+00 -1.110e-03
  7245  0.000e+00  0.000e+00 -1.080e-03
  7250  0.000e+00  0.000e+00 -1.051e-03
  7255  0.000e+00  0.000e+00 -1.021e-03
  7260  0.000e+00  0.000e+00 -9.922e-04
  7265  0.000e+00  0.000e+00 -9.644e-04
  7270  0.000e+00  0.000e+00 -9.381e-04
  7275  0.000e+00  0.000e+00 -9.136e-04
  7280  0.000e+00  0.000e+00 -8.914e-04
  7285  0.000e+00  0.000e+00 -8.721e-04
  7290  0.000e+00  0.000e+00 -8.561e-04
  7295  0.000e+00  0.000e+00 -8.440e-04
  7300  0.000e+00  0.000e+00 -8.361e-04
  7305  0.000e+00  0.000e+00 -8.331e-04
  7310  0.000e+00  0.000e+00 -8.355e-04
  7315  0.000e+00  0.000e+00 -8.436e-04
  7320  0.000e+00  0.000e+00 -8.578e-04
  7325  0.000e+00  0.000e+00 -8.786e-04
  7330  0.000e+00  0.000e+00 -9.062e-04
  7335  0.000e+00  0.000e+00 -9.408e-04
  7340  0.000e+00  0.000e+00 -9.824e-04
  7345  0.000e+00  0.000e+00 -1.031e-03
  7350  0.000e+00  0.000e+00 -1.086e-03
  7355  0.000e+00  0.000e+00 -1.149e-03
  7360  0.000e+00  0.000e+00 -1.217e-03
  7365  0.000e+00  0.000e+00 -1.290e-03
  7370  0.000e+00  0.000e+00 -1.369e-03
  7375  0.000e+00  0.000e+00 -1.452e-03
  7380  0.000e+00  0.000e+00 -1.537e-03
  7385  0.000e+00  0.000e+00 -1.625e-03
  7390  0.000e+00  0.000e+00 -1.714e-03
  7395  0.000e+00  0.000e+00 -1.802e-03
  7400  0.000e+00  0.000e+00 -1.888e-03
  7405  0.000e+00  0.000e+00 -1.971e-03
  7410  0.000e+00  0.000e+00 -2.050e-03
  7415  0.000e+00  0.000e+00 -2.123e-03
  7420  0.000e+00  0.000e+00 -2.189e-03
  7425  0.000e+00  0.000e+00 -2.247e-03
  7430  0.000e+00  0.000e+00 -2.296e-03
  7435  0.000e+00  0.000e+00 -2.334e-03
  7440  0.000e+00  0.000e+00 -2.361e-03
  7445  0.000e+00  0.000e+00 -2.376e-03
  7450  0.000e+00  0.000e+00 -2.379e-03
  7455  0.000e+00  0.000e+00 -2.369e-03
  7460  0.000e+00  0.000e+00 -2.347e-03
  7465  0.000e+00  0.000e+00 -2.313e-03
  7470  0.000e+00  0.000e+00 -2.267e-03
  7475  0.000e+00  0.000e+00 -2.210e-03
  7480  0.000e+00  0.000e+00 -2.143e-03
  7485  0.000e+00  0.000e+00 -2.066e-03
  7490  0.000e+00  0.000e+00 -1.982e-03
  7495  0.000e+00  0.000e+00 -1.891e-03
  7500  0.000e+00  0.000e+00 -1.795e-03
  7505  0.000e+00  0.000e+00 -1.696e-03
  7510  0.000e+00  0.000e+00 -1.595e-03
  7515  0.000e+00  0.000e+00 -1.494e-03
  7520  0.000e+00  0.000e+00 -1.395e-03
  7525  0.000e+00  0.000e+00 -1.300e-03
  7530  0.000e+00  0.000e+00 -1.209e-03
  7535  0.000e+00  0.000e+00 -1.125e-03
  7540  0.000e+00  0.000e+00 -1.049e-03
  7545  0.000e+00  0.000e+00 -9.814e-04
  7550  0.000e+00  0.000e+00 -9.236e-04
  7555  0.000e+00  0.000e+00 -8.762e-04
  7560  0.000e+00  0.000e+00 -8.397e-04
  7565  0.000e+00  0.000e+00 -8.141e-04
  7570  0.000e+00  0.000e+00 -7.994e-04
  7575  0.000e+00  0.000e+00 -7.952e-04
  7580  0.000e+00  0.000e+00 -8.010e-04
  7585  0.000e+00  0.000e+00 -8.160e-04
  7590  0.000e+00  0.000e+00 -8.390e-04
  7595  0.000e+00  0.000e+00 -8.689e-04
  7600  0.000e+00  0.000e+00 -9.044e-04
  7605  0.000e+00  0.000e+00 -9.438e-04
  7610  0.000e+00  0.000e+00 -9.856e-04
  7615  0.000e+00  0.000e+00 -1.028e-03
  7620  0.000e+00  0.000e+00 -1.070e-03
  7625  0.000e+00  0.000e+00 -1.109e-03
  7630  0.000e+00  0.000e+00 -1.144e-03
  7635  0.000e+00  0.000e+00 -1.174e-03
  7640  0.000e+00  0.000e+00 -1.196e-03
  7645  0.000e+00  0.000e+00 -1.211e-03
  7650  0.000e+00  0.000e+00 -1.217e-03
  7655  0.000e+00  0.000e+00 -1.213e-03
  7660  0.000e+00  0.000e+00 -1.199e-03
  7665  0.000e+00  0.000e+00 -1.175e-03
  7670  0.000e+00  0.000e+00 -1.141e-03
  7675  0.000e+00  0.000e+00 -1.096e-03
  7680  0.000e+00  0.000e+00 -1.043e-03
  7685  0.000e+00  0.000e+00 -9.804e-04
  7690  0.000e+00  0.000e+00 -9.106e-04
  7695  0.000e+00  0.000e+00 -8.346e-04
  7700  0.000e+00  0.000e+00 -7.537e-04
  7705  0.000e+00  0.000e+00 -6.694e-04
  7710  0.000e+00  0.000e+00 -5.835e-04
  7715  0.000e+00  0.000e+00 -4.976e-04
  7720  0.000e+00  0.000e+00 -4.136e-04
  7725  0.000e+00  0.000e+00 -3.332e-04
  7730  0.000e+00  0.000e+00 -2.581e-04
  7735  0.000e+00  0.000e+00 -1.899e-04
  7740  0.000e+00  0.000e+00 -1.302e-04
  7745  0.000e+00  0.000e+00 -8.032e-05
  7750  0.000e+00  0.000e+00 -4.149e-05
  7755  0.000e+00  0.000e+00 -1.469e-05
  7760  0.000e+00  0.000e+00 -6.795e-07
  7765  0.000e+00  0.000e+00 -2.660e-18
  7770  0.000e+00  0.000e+00 -1.294e-05
  7775  0.000e+00  0.000e+00 -3.952e-05
  7780  0.000e+00  0.000e+00 -7.954e-05
  7785  0.000e+00  0.000e+00 -1.325e-04
  7790  0.000e+00  0.000e+00 -1.978e-04
  7795  0.000e+00  0.000e+00 -2.745e-04
  7800  0.000e+00  0.000e+00 -3.614e-04
  7805  0.000e+00  0.000e+00 -4.574e-04
  7810  0.000e+00  0.000e+00 -5.609e-04
  7815  0.000e+00  0.000e+00 -6.705e-04
  7820  0.000e+00  0.000e+00 -7.845e-04
  7825  0.000e+00  0.000e+00 -9.013e-04
  7830  0.000e+00  0.000e+00 -1.019e-03
  7835  0.000e+00  0.000e+00 -1.136e-03
  7840  0.000e+00  0.000e+00 -1.251e-03
  7845  0.000e+00  0.000e+00 -1.362e-03
  7850  0.000e+00  0.000e+00 -1.468e-03
  7855  0.000e+00  0.000e+00 -1.567e-03
  7860  0.000e+00  0.000e+00 -1.658e-03
  7865  0.000e+00  0.000e+00 -1.740e-03
  7870  0.000e+00  0.000e+00 -1.812e-03
  7875  0.000e+00  0.000e+00 -1.874e-03
  7880  0.000e+00  0.000e+00 -1.924e-03
  7885  0.000e+00  0.000e+00 -1.963e-03
  7890  0.000e+00  0.000e+00 -1.991e-03
  7895  0.000e+00  0.000e+00 -2.007e-03
  7900  0.000e+00  0.000e+00 -2.011e-03
  7905  0.000e+00  0.000e+00 -2.004e-03
  7910  0.000e+00  0.000e+00 -1.987e-03
  7915  0.000e+00  0.000e+00 -1.960e-03
  7920  0.000e+00  0.000e+00 -1.923e-03
  7925  0.000e+00  0.000e+00 -1.879e-03
  7930  0.000e+00  0.000e+00 -1.827e-03
  7935  0.000e+00  0.000e+00 -1.768e-03
  7940  0.000e+00  0.000e+00 -1.704e-03
  7945  0.000e+00  0.000e+00 -1.636e-03
  7950  0.000e+00  0.000e+00 -1.565e-03
  7955  0.000e+00  0.000e+00 -1.491e-03
  7960  0.000e+00  0.000e+00 -1.417e-03
  7965  0.000e+00  0.000e+00 -1.342e-03
  7970  0.000e+00  0.000e+00 -1.267e-03
  7975  0.000e+00  0.000e+00 -1.195e-03
  7980  0.000e+00  0.000e+00 -1.124e-03
  7985  0.000e+00  0.000e+00 -1.057e-03
  7990  0.000e+00  0.000e+00 -9.939e-04
  7995  0.000e+00  0.000e+00 -9.349e-04
  8000  0.000e+00  0.000e+00 -8.807e-04
  8005  0.000e+00  0.000e+00 -8.316e-04
  8010  0.000e+00  0.000e+00 -7.881e-04
  8015  0.000e+00  0.000e+00 -7.501e-04
  8020  0.000e+00  0.000e+00 -7.180e-04
  8025  0.000e+00  0.000e+00 -6.916e-04
  8030  0.000e+00  0.000e+00 -6.709e-04
  8035  0.000e+00  0.000e+00 -6.558e-04
  8040  0.000e+00  0.000e+00 -6.461e-04
  8045  0.000e+00  0.000e+00 -6.415e-04
  8050  0.000e+00  0.000e+00 -6.417e-04
  8055  0.000e+00  0.000e+00 -6.462e-04
  8060  0.000e+00  0.000e+00 -6.547e-04
  8065  0.000e+00  0.000e+00 -6.666e-04
  8070  0.000e+00  0.000e+00 -6.815e-04
  8075  0.000e+00  0.000e+00 -6.987e-04
  8080  0.000e+00  0.000e+00 -7.177e-04
  8085  0.000e+00  0.000e+00 -7.380e-04
  8090  0.000e+00  0.000e+00 -7.590e-04
  8095  0.000e+00  0.000e+00 -7.801e-04
  8100  0.000e+00  0.000e+00 -8.008e-04
  8105  0.000e+00  0.000e+00 -8.205e-04
  8110  0.000e+00  0.000e+00 -8.387e-04
  8115  0.000e+00  0.000e+00 -8.551e-04
  8120  0.000e+00  0.000e+00 -8.693e-04
  8125  0.000e+00  0.000e+00 -8.809e-04
  8130  0.000e+00  0.000e+00 -8.896e-04
  8135  0.000e+00  0.000e+00 -8.954e-04
  8140  0.000e+00  0.000e+00 -8.981e-04
  8145  0.000e+00  0.000e+00 -8.978e-04
  8150  0.000e+00  0.000e+00 -8.945e-04
  8155  0.000e+00  0.000e+00 -8.885e-04
  8160  0.000e+00  0.000e+00 -8.800e-04
  8165  0.000e+00  0.000e+00 -8.694e-04
  8170  0.000e+00  0.000e+00 -8.573e-04
  8175  0.000e+00  0.000e+00 -8.440e-04
  8180  0.000e+00  0.000e+00 -8.303e-04
  8185  0.000e+00  0.000e+00 -8.168e-04
  8190  0.000e+00  0.000e+00 -8.043e-04
  8195  0.000e+00  0.000e+00 -7.935e-04
  8200  0.000e+00  0.000e+00 -7.852e-04
  8205  0.000e+00  0.000e+00 -7.802e-04
  8210  0.000e+00  0.000e+00 -7.791e-04
  8215  0.000e+00  0.000e+00 -7.829e-04
  8220  0.000e+00  0.000e+00 -7.920e-04
  8225  0.000e+00  0.000e+00 -8.071e-04
  8230  0.000e+00  0.000e+00 -8.287e-04
  8235  0.000e+00  0.000e+00 -8.571e-04
  8240  0.000e+00  0.000e+00 -8.927e-04
  8245  0.000e+00  0.000e+00 -9.356e-04
  8250  0.000e+00  0.000e+00 -9.856e-04
  8255  0.000e+00  0.000e+00 -1.043e-03
  8260  0.000e+00  0.000e+00 -1.107e-03
  8265  0.000e+00  0.000e+00 -1.177e-03
  8270  0.000e+00  0.000e+00 -1.252e-03
  8275  0.000e+00  0.000e+00 -1.333e-03
  8280  0.000e+00  0.000e+00 -1.417e-03
  8285  0.000e+00  0.000e+00 -1.504e-03
  8290  0.000e+00  0.000e+00 -1.593e-03
  8295  0.000e+00  0.000e+00 -1.682e-03
  8300  0.000e+00  0.000e+00 -1.770e-03
  8305  0.000e+00  0.000e+00 -1.856e-03
  8310  0.000e+00  0.000e+00 -1.938e-03
  8315  0.000e+00  0.000e+00 -2.015e-03
  8320  0.000e+00  0.000e+00 -2.085e-03
  8325  0.000e+00  0.000e+00 -2.148e-03
  8330  0.000e+00  0.000e+00 -2.202e-03
  8335  0.000e+00  0.000e+00 -2.245e-03
  8340  0.000e+00  0.000e+00 -2.278e-03
  8345  0.000e+00  0.000e+00 -2.299e-03
  8350  0.000e+00  0.000e+00 -2.307e-03
  8355  0.000e+00  0.000e+00 -2.303e-03
  8360  0.000e+00  0.000e+00 -2.286e-03
  8365  0.000e+00  0.000e+00 -2.256e-03
  8370  0.000e+00  0.000e+00 -2.214e-03
  8375  0.000e+00  0.000e+00 -2.160e-03
  8380  0.000e+00  0.000e+00 -2.094e-03
  8385  0.000e+00  0.000e+00 -2.017e-03
  8390  0.000e+00  0.000e+00 -1.931e-03
  8395  0.000e+00  0.000e+00 -1.837e-03
  8400  0.000e+00  0.000e+00 -1.736e-03
  8405  0.000e+00  0.000e+00 -1.629e-03
  8410  0.000e+00  0.000e+00 -1.518e-03
  8415  0.000e+00  0.000e+00 -1.405e-03
  8420  0.000e+00  0.000e+00 -1.292e-03
  8425  0.000e+00  0.000e+00 -1.179e-03
  8430  0.000e+00  0.000e+00 -1.069e-03
  8435  0.000e+00  0.000e+00 -9.622e-04
  8440  0.000e+00  0.000e+00 -8.614e-04
  8445  0.000e+00  0.000e+00 -7.674e-04
  8450  0.000e+00  0.000e+00 -6.813e-04
  8455  0.000e+00  0.000e+00 -6.041e-04
  8460  0.000e+00  0.000e+00 -5.368e-04
  8465  0.000e+00  0.000e+00 -4.799e-04
  8470  0.000e+00  0.000e+00 -4.340e-04
  8475  0.000e+00  0.000e+00 -3.992e-04
  8480  0.000e+00  0.000e+00 -3.756e-04
  8485  0.000e+00  0.000e+00 -3.631e-04
  8490  0.000e+00  0.000e+00 -3.614e-04
  8495  0.000e+00  0.000e+00 -3.700e-04
  8500  0.000e+00  0.000e+00 -3.882e-04
  8505  0.000e+00  0.000e+00 -4.154e-04
  8510  0.000e+00  0.000e+00 -4.504e-04
  8515  0.000e+00  0.000e+00 -4.925e-04
  8520  0.000e+00  0.000e+00 -5.405e-04
  8525  0.000e+00  0.000e+00 -5.934e-04
  8530  0.000e+00  0.000e+00 -6.500e-04
  8535  0.000e+00  0.000e+00 -7.091e-04
  8540  0.000e+00  0.000e+00 -7.698e-04
  8545  0.000e+00  0.000e+00 -8.308e-04
  8550  0.000e+00  0.000e+00 -8.913e-04
  8555  0.000e+00  0.000e+00 -9.504e-04
  8560  0.000e+00  0.000e+00 -1.007e-03
  8565  0.000e+00  0.000e+00 -1.061e-03
  8570  0.000e+00  0.000e+00 -1.111e-03
  8575  0.000e+00  0.000e+00 -1.156e-03
  8580  0.000e+00  0.000e+00 -1.197e-03
  8585  0.000e+00  0.000e+00 -1.234e-03
  8590  0.000e+00  0.000e+00 -1.265e-03
  8595  0.000e+00  0.000e+00 -1.290e-03
  8600  0.000e+00  0.000e+00 -1.311e-03
  8605  0.000e+00  0.000e+00 -1.326e-03
  8610  0.000e+00  0.000e+00 -1.337e-03
  8615  0.000e+00  0.000e+00 -1.342e-03
  8620  0.000e+00  0.000e+00 -1.343e-03
  8625  0.000e+00  0.000e+00 -1.339e-03
  8630  0.000e+00  0.000e+00 -1.332e-03
  8635  0.000e+00  0.000e+00 -1.321e-03
  8640  0.000e+00  0.000e+00 -1.306e-03
  8645  0.000e+00  0.000e+00 -1.289e-03
  8650  0.000e+00  0.000e+00 -1.269e-03
  8655  0.000e+00  0.000e+00 -1.246e-03
  8660  0.000e+00  0.000e+00 -1.222e-03
  8665  0.000e+00  0.000e+00 -1.195e-03
  8670  0.000e+00  0.000e+00 -1.168e-03
  8675  0.000e+00  0.000e+00 -1.139e-03
  8680  0.000e+00  0.000e+00 -1.110e-03
  8685  0.000e+00  0.000e+00 -1.080e-03
  8690  0.000e+00  0.000e+00 -1.051e-03
  8695  0.000e+00  0.000e+00 -1.021e-03
  8700  0.000e+00  0.000e+00 -9.922e-04
  8705  0.000e+00  0.000e+00 -9.644e-04
  8710  0.000e+00  0.000e+00 -9.381e-04
  8715  0.000e+00  0.000e+00 -9.136e-04
  8720  0.000e+00  0.000e+00 -8.914e-04
  8725  0.000e+00  0.000e+00 -8.721e-04
  8730  0.000e+00  0.000e+00 -8.561e-04
  8735  0.000e+00  0.000e+00 -8.440e-04
  8740  0.000e+00  0.000e+00 -8.361e-04
  8745  0.000e+00  0.000e+00 -8.331e-04
  8750  0.000e+00  0.000e+00 -8.355e-04
  8755  0.000e+00  0.000e+00 -8.436e-04
  8760  0.000e+00  0.000e+00 -8.578e-04
  8765  0.000e+00  0.000e+00 -8.786e-04
  8770  0.000e+00  0.000e+00 -9.062e-04
  8775  0.000e+00  0.000e+00 -9.408e-04
  8780  0.000e+00  0.000e+00 -9.824e-04
  8785  0.000e+00  0.000e+00 -1.031e-03
  8790  0.000e+00  0.000e+00 -1.086e-03
  8795  0.000e+00  0.000e+00 -1.149e-03
  8800  0.000e+00  0.000e+00 -1.217e-03
  8805  0.000e+00  0.000e+00 -1.290e-03
  8810  0.000e+00  0.000e+00 -1.369e-03
  8815  0.000e+00  0.000e+00 -1.452e-03
  8820  0.000e+00  0.000e+00 -1.537e-03
  8825  0.000e+00  0.000e+00 -1.625e-03
  8830  0.000e+00  0.000e+00 -1.714e-03
  8835  0.000e+00  0.000e+00 -1.802e-03
  8840  0.000e+00  0.000e+00 -1.888e-03
  8845  0.000e+00  0.000e+00 -1.971e-03
  8850  0.000e+00  0.000e+00 -2.050e-03
  8855  0.000e+00  0.000e+00 -2.123e-03
  8860  0.000e+00  0.000e+00 -2.189e-03
  8865  0.000e+00  0.000e+00 -2.247e-03
  8870  0.000e+00  0.000e+00 -2.296e-03
  8875  0.000e+00  0.000e+00 -2.334e-03
  8880  0.000e+00  0.000e+00 -2.361e-03
  8885  0.000e+00  0.000e+00 -2.376e-03
  8890  0.000e+00  0.000e+00 -2.379e-03
  8895  0.000e+00  0.000e+00 -2.369e-03
  8900  0.000e+00  0.000e+00 -2.347e-03
  8905  0.000e+00  0.000e+00 -2.313e-03
  8910  0.000e+00  0.000e+00 -2.267e-03
  8915  0.000e+00  0.000e+00 -2.210e-03
  8920  0.000e+00  0.000e+00 -2.143e-03
  8925  0.000e+00  0.000e+00 -2.066e-03
  8930  0.000e+00  0.000e+00 -1.982e-03
  8935  0.000e+00  0.000e+00 -1.891e-03
  8940  0.000e+00  0.000e+00 -1.795e-03
  8945  0.000e+00  0.000e+00 -1.696e-03
  8950  0.000e+00  0.000e+00 -1.595e-03
  8955  0.000e+00  0.000e+00 -1.494e-03
  8960  0.000e+00  0.000e+00 -1.395e-03
  8965  0.000e+00  0.000e+00 -1.300e-03
  8970  0.000e+00  0.000e+00 -1.209e-03
  8975  0.000e+00  0.000e+00 -1.125e-03
  8980  0.000e+00  0.000e+00 -1.049e-03
  8985  0.000e+00  0.000e+00 -9.814e-04
  8990  0.000e+00  0.000e+00 -9.236e-04
  8995  0.000e+00  0.000e+00 -8.762e-04
  9000  0.000e+00  0.000e+00 -8.397e-04
  9005  0.000e+00  0.000e+00 -8.141e-04
  9010  0.000e+00  0.000e+00 -7.994e-04
  9015  0.000e+00  0.000e+00 -7.952e-04
  9020  0.000e+00  0.000e+00 -8.010e-04
  9025  0.000e+00  0.000e+00 -8.160e-04
  9030  0.000e+00  0.000e+00 -8.390e-04
  9035  0.000e+00  0.000e+00 -8.689e-04
  9040  0.000e+00  0.000e+00 -9.044e-04
  9045  0.000e+00  0.000e+00 -9.438e-04
  9050  0.000e+00  0.000e+00 -9.856e-04
  9055  0.000e+00  0.000e+00 -1.028e-03
  9060  0.000e+00  0.000e+00 -1.070e-03
  9065  0.000e+00  0.000e+00 -1.109e-03
  9070  0.000e+00  0.000e+00 -1.144e-03
  9075  0.000e+00  0.000e+00 -1.174e-03
  9080  0.000e+00  0.000e+00 -1.196e-03
  9085  0.000e+00  0.000e+00 -1.211e-03
  9090  0.000e+00  0.000e+00 -1.217e-03
  9095  0.000e+00  0.000e+00 -1.213e-03
  9100  0.000e+00  0.000e+00 -1.199e-03
  9105  0.000e+00  0.000e+00 -1.175e-03
  9110  0.000e+00  0.000e+00 -1.141e-03
  9115  0.000e+00  0.000e+00 -1.096e-03
  9120  0.000e+00  0.000e+00 -1.043e-03
  9125  0.000e+00  0.000e+00 -9.804e-04
  9130  0.000e+00  0.000e+00 -9.106e-04
  9135  0.000e+00  0.000e+00 -8.346e-04
  9140  0.000e+00  0.000e+00 -7.537e-04
  9145  0.000e+00  0.000e+00 -6.694e-04
  9150  0.000e+00  0.000e+00 -5.835e-04
  9155  0.000e+00  0.000e+00 -4.976e-04
  9160  0.000e+00  0.000e+00 -4.136e-04
  9165  0.000e+00  0.000e+00 -3.332e-04
  9170  0.000e+00  0.000e+00 -2.581e-04
  9175  0.000e+00  0.000e+00 -1.899e-04
  9180  0.000e+00  0.000e+00 -1.302e-04
  9185  0.000e+00  0.000e+00 -8.032e-05
  9190  0.000e+00  0.000e+00 -4.149e-05
  9195  0.000e+00  0.000e+00 -1.469e-05
  9200  0.000e+00  0.000e+00 -6.795e-07
  9205  0.000e+00  0.000e+00 -4.433e-18
  9210  0.000e+00  0.000e+00 -1.294e-05
  9215  0.000e+00  0.000e+00 -3.952e-05
  9220  0.000e+00  0.000e+00 -7.954e-05
  9225  0.000e+00  0.000e+00 -1.325e-04
  9230  0.000e+00  0.000e+00 -1.978e-04
  9235  0.000e+00  0.000e+00 -2.745e-04
  9240  0.000e+00  0.000e+00 -3.614e-04
  9245  0.000e+00  0.000e+00 -4.574e-04
  9250  0.000e+00  0.000e+00 -5.609e-04
  9255  0.000e+00  0.000e+00 -6.705e-04
  9260  0.000e+00  0.000e+00 -7.845e-04
  9265  0.000e+00  0.000e+00 -9.013e-04
  9270  0.000e+00  0.000e+00 -1.019e-03
  9275  0.000e+00  0.000e+00 -1.136e-03
  9280  0.000e+00  0.000e+00 -1.251e-03
  9285  0.000e+00  0.000e+00 -1.362e-03
  9290  0.000e+00  0.000e+00 -1.468e-03
  9295  0.000e+00  0.000e+00 -1.567e-03
  9300  0.000e+00  0.000e+00 -1.658e-03
  9305  0.000e+00  0.000e+00 -1.740e-03
  9310  0.000e+00  0.000e+00 -1.812e-03
  9315  0.000e+00  0.000e+00 -1.874e-03
  9320  0.000e+00  0.000e+00 -1.924e-03
  9325  0.000e+00  0.000e+00 -1.963e-03
  9330  0.000e+00  0.000e+00 -1.991e-03
  9335  0.000e+00  0.000e+00 -2.007e-03
  9340  0.000e+00  0.000e+00 -2.011e-03
  9345  0.000e+00  0.000e+00 -2.004e-03
  9350  0.000e+00  0.000e+00 -1.987e-03
  9355  0.000e+00  0.000e+00 -1.960e-03
  9360  0.000e+00  0.000e+00 -1.923e-03
  9365  0.000e+00  0.000e+00 -1.879e-03
  9370  0.000e+00  0.000e+00 -1.827e-03
  9375  0.000e+00  0.000e+00 -1.768e-03
  9380  0.000e+00  0.000e+00 -1.704e-03
  9385  0.000e+00  0.000e+00 -1.636e-03
  9390  0.000e+00  0.000e+00 -1.565e-03
  9395  0.000e+00  0.000e+00 -1.491e-03
  9400  0.000e+00  0.000e+00 -1.417e-03
  9405  0.000e+00  0.000e+00 -1.342e-03
  9410  0.000e+00  0.000e+00 -1.267e-03
  9415  0.000e+00  0.000e+00 -1.195e-03
  9420  0.000e+00  0.000e+00 -1.124e-03
  9425  0.000e+00  0.000e+00 -1.057e-03
  9430  0.000e+00  0.000e+00 -9.939e-04
  9435  0.000e+00  0.000e+00 -9.349e-04
  9440  0.000e+00  0.000e+00 -8.807e-04
  9445  0.000e+00  0.000e+00 -8.316e-04
  9450  0.000e+00  0.000e+00 -7.881e-04
  9455  0.000e+00  0.000e+00 -7.501e-04
  9460  0.000e+00  0.000e+00 -7.180e-04
  9465  0.000e+00  0.000e+00 -6.916e-04
  9470  0.000e+00  0.000e+00 -6.709e-04
  9475  0.000e+00  0.000e+00 -6.558e-04
  9480  0.000e+00  0.000e+00 -6.461e-04
  9485  0.000e+00  0.000e+00 -6.415e-04
  9490  0.000e+00  0.000e+00 -6.417e-04
  9495  0.000e+00  0.000e+00 -6.462e-04
  9500  0.000e+00  0.000e+00 -6.547e-04
  9505  0.000e+00  0.000e+00 -6.666e-04
  9510  0.000e+00  0.000e+00 -6.815e-04
  9515  0.000e+00  0.000e+00 -6.987e-04
  9520  0.000e+00  0.000e+00 -7.177e-04
  9525  0.000e+00  0.000e+00 -7.380e-04
  9530  0.000e+00  0.000e+00 -7.590e-04
  9535  0.000e+00  0.000e+00 -7.801e-04
  9540  0.000e+00  0.000e+00 -8.008e-04
  9545  0.000e+00  0.000e+00 -8.205e-04
  9550  0.000e+00  0.000e+00 -8.387e-04
  9555  0.000e+00  0.000e+00 -8.551e-04
  9560  0.000e+00  0.000e+00 -8.693e-04
  9565  0.000e+00  0.000e+00 -8.809e-04
  9570  0.000e+00  0.000e+00 -8.896e-04
  9575  0.000e+00  0.000e+00 -8.954e-04
  9580  0.000e+00  0.000e+00 -8.981e-04
  9585  0.000e+00  0.000e+00 -8.978e-04
  9590  0.000e+00  0.000e+00 -8.945e-04
  9595  0.000e+00  0.000e+00 -8.885e-04
  9600  0.000e+00  0.000e+00 -8.800e-04
  9605  0.000e+00  0.000e+00 -8.694e-04
  9610  0.000e+00  0.000e+00 -8.573e-04
  9615  0.000e+00  0.000e+00 -8.440e-04
  9620  0.000e+00  0.000e+00 -8.303e-04
  9625  0.000e+00  0.000e+00 -8.168e-04
  9630  0.000e+00  0.000e+00 -8.043e-04
  9635  0.000e+00  0.000e+00 -7.935e-04
  9640  0.000e+00  0.000e+00 -7.852e-04
  9645  0.000e+00  0.000e+00 -7.802e-04
  9650  0.000e+00  0.000e+00 -7.791e-04
  9655  0.000e+00  0.000e+00 -7.829e-04
  9660  0.000e+00  0.000e+00 -7.920e-04
  9665  0.000e+00  0.000e+00 -8.071e-04
  9670  0.000e+00  0.000e+00 -8.287e-04
  9675  0.000e+00  0.000e+00 -8.571e-04
  9680  0.000e+00  0.000e+00 -8.927e-04
  9685  0.000e+00  0.000e+00 -9.356e-04
  9690  0.000e+00  0.000e+00 -9.856e-04
  9695  0.000e+00  0.000e+00 -1.043e-03
  9700  0.000e+00  0.000e+00 -1.107e-03
  9705  0.000e+00  0.000e+00 -1.177e-03
  9710  0.000e+00  0.000e+00 -1.252e-03
  9715  0.000e+00  0.000e+00 -1.333e-03
  9720  0.000e+00  0.000e+00 -1.417e-03
  9725  0.000e+00  0.000e+00 -1.504e-03
  9730  0.000e+00  0.000e+00 -1.593e-03
  9735  0.000e+00  0.000e+00 -1.682e-03
  9740  0.000e+00  0.000e+00 -1.770e-03
  9745  0.000e+00  0.000e+00 -1.856e-03
  9750  0.000e+00  0.000e+00 -1.938e-03
  9755  0.000e+00  0.000e+00 -2.015e-03
  9760  0.000e+00  0.000e+00 -2.085e-03
  9765  0.000e+00  0.000e+00 -2.148e-03
  9770  0.000e+00  0.000e+00 -2.202e-03
  9775  0.000e+00  0.000e+00 -2.245e-03
  9780  0.000e+00  0.000e+00 -2.278e-03
  9785  0.000e+00  0.000e+00 -2.299e-03
  9790  0.000e+00  0.000e+00 -2.307e-03
  9795  0.000e+00  0.000e+00 -2.303e-03
  9800  0.000e+00  0.000e+00 -2.286e-03
  9805  0.000e+00  0.000e+00 -2.256e-03
  9810  0.000e+00  0.000e+00 -2.214e-03
  9815  0.000e+00  0.000e+00 -2.160e-03
  9820  0.000e+00  0.000e+00 -2.094e-03
  9825  0.000e+00  0.000e+00 -2.017e-03
  9830  0.000e+00  0.000e+00 -1.931e-03
  9835  0.000e+00  0.000e+00 -1.837e-03
  9840  0.000e+00  0.000e+00 -1.736e-03
  9845  0.000e+00  0.000e+00 -1.629e-03
  9850  0.000e+00  0.000e+00 -1.518e-03
  9855  0.000e+00  0.000e+00 -1.405e-03
  9860  0.000e+00  0.000e+00 -1.292e-03
  9865  0.000e+00  0.000e+00 -1.179e-03
  9870  0.000e+00  0.000e+00 -1.069e-03
  9875  0.000e+00  0.000e+00 -9.622e-04
  9880  0.000e+00  0.000e+00 -8.614e-04
  9885  0.000e+00  0.000e+00 -7.674e-04
  9890  0.000e+00  0.000e+00 -6.813e-04
  9895  0.000e+00  0.000e+00 -6.041e-04
  9900  0.000e+00  0.000e+00 -5.368e-04
  9905  0.000e+00  0.000e+00 -4.799e-04
  9910  0.000e+00  0.000e+00 -4.340e-04
  9915  0.000e+00  0.000e+00 -3.992e-04
  9920  0.000e+00  0.000e+00 -3.756e-04
  9925  0.000e+00  0.000e+00 -3.631e-04
  9930  0.000e+00  0.000e+00 -3.614e-04
  9935  0.000e+00  0.000e+00 -3.700e-04
  9940  0.000e+00  0.000e+00 -3.882e-04
  9945  0.000e+00  0.000e+00 -4.154e-04
  9950  0.000e+00  0.000e+00 -4.504e-04
  9955  0.000e+00  0.000e+00 -4.925e-04
  9960  0.000e+00  0.000e+00 -5.405e-04
  9965  0.000e+00  0.000e+00 -5.934e-04
  9970  0.000e+00  0.000e+00 -6.500e-04
  9975  0.000e+00  0.000e+00 -7.091e-04
  9980  0.000e+00  0.000e+00 -7.698e-04
  9985  0.000e+00  0.000e+00 -8.308e-04
  9990  0.000e+00  0.000e+00 -8.913e-04
  9995  0.000e+00  0.000e+00 -9.504e-04
 10000  0.000e+00  0.000e+00 -1.007e-03
 10005  0.000e+00  0.000e+00 -1.061e-03
 10010  0.000e+00  0.000e+00 -1.111e-03
 10015  0.000e+00  0.000e+00 -1.156e-03
 10020  0.000e+00  0.000e+00 -1.197e-03
 10025  0.000e+00  0.000e+00 -1.234e-03
 10030  0.000e+00  0.000e+00 -1.265e-03
 10035  0.000e+00  0.000e+00 -1.290e-03
 10040  0.000e+00  0.000e+00 -1.311e-03
 10045  0.000e+00  0.000e+00 -1.326e-03
 10050  0.000e+00  0.000e+00 -1.337e-03
 10055  0.000e+00  0.000e+00 -1.342e-03
 10060  0.000e+00  0.000e+00 -1.343e-03
 10065  0.000e+00  0.000e+00 -1.339e-03
 10070  0.000e+00  0.000e+00 -1.332e-03
 10075  0.000e+00  0.000e+00 -1.321e-03
 10080  0.000e+00  0.000e+00 -1.306e-03
