     0  0.000e+00  0.000e+00 -7.982e-04
     5  0.000e+00  0.000e+00 -8.633e-04
    10  0.000e+00  0.000e+00 -9.311e-04
    15  0.000e+00  0.000e+00 -1.001e-03
    20  0.000e+00  0.000e+00 -1.071e-03
    25  0.000e+00  0.000e+00 -1.140e-03
    30  0.000e+00  0.000e+00 -1.208e-03
    35  0.000e+00  0.000e+00 -1.274e-03
    40  0.000e+00  0.000e+00 -1.336e-03
    45  0.000e+00  0.000e+00 -1.393e-03
    50  0.000e+00  0.000e+00 -1.445e-03
    55  0.000e+00  0.000e+00 -1.492e-03
    60  0.000e+00  0.000e+00 -1.532e-03
    65  0.000e+00  0.000e+00 -1.565e-03
    70  0.000e+00  0.000e+00 -1.591e-03
    75  0.000e+00  0.000e+00 -1.610e-03
    80  0.000e+00  0.000e+00 -1.621e-03
    85  0.000e+00  0.000e+00 -1.625e-03
    90  0.000e+00  0.000e+00 -1.622e-03
    95  0.000e+00  0.000e+00 -1.612e-03
   100  0.000e+00  0.000e+00 -1.595e-03
   105  0.000e+00  0.000e+00 -1.572e-03
   110  0.000e+00  0.000e+00 -1.544e-03
   115  0.000e+00  0.000e+00 -1.510e-03
   120  0.000e+00  0.000e+00 -1.472e-03
   125  0.000e+00  0.000e+00 -1.430e-03
   130  0.000e+00  0.000e+00 -1.384e-03
   135  0.000e+00  0.000e+00 -1.336e-03
   140  0.000e+00  0.000e+00 -1.285e-03
   145  0.000e+00  0.000e+00 -1.233e-03
   150  0.000e+00  0.000e+00 -1.180e-03
   155  0.000e+00  0.000e+00 -1.125e-03
   160  0.000e+00  0.000e+00 -1.071e-03
   165  0.000e+00  0.000e+00 -1.016e-03
   170  0.000e+00  0.000e+00 -9.622e-04
   175  0.000e+00  0.000e+00 -9.086e-04
   180  0.000e+00  0.000e+00 -8.558e-04
   185  0.000e+00  0.000e+00 -8.039e-04
   190  0.000e+00  0.000e+00 -7.529e-04
   195  0.000e+00  0.000e+00 -7.031e-04
   200  0.000e+00  0.000e+00 -6.543e-04
   205  0.000e+00  0.000e+00 -6.066e-04
   210  0.000e+00  0.000e+00 -5.601e-04
   215  0.000e+00  0.000e+00 -5.147e-04
   220  0.000e+00  0.000e+00 -4.704e-04
   225  0.000e+00  0.000e+00 -4.272e-04
   230  0.000e+00  0.000e+00 -3.852e-04
   235  0.000e+00  0.000e+00 -3.444e-04
   240  0.000e+00  0.000e+00 -3.049e-04
   245  0.000e+00  0.000e+00 -2.668e-04
   250  0.000e+00  0.000e+00 -2.303e-04
   255  0.000e+00  0.000e+00 -1.955e-04
   260  0.000e+00  0.000e+00 -1.627e-04
   265  0.000e+00  0.000e+00 -1.320e-04
   270  0.000e+00  0.000e+00 -1.038e-04
   275  0.000e+00  0.000e+00 -7.835e-05
   280  0.000e+00  0.000e+00 -5.592e-05
   285  0.000e+00  0.000e+00 -3.685e-05
   290  0.000e+00  0.000e+00 -2.143e-05
   295  0.000e+00  0.000e+00 -9.962e-06
   300  0.000e+00  0.000e+00 -2.734e-06
   305  0.000e+00  0.000e+00 -1.011e-18
   310  0.000e+00  0.000e+00 -1.984e-06
   315  0.000e+00  0.000e+00 -8.869e-06
   320  0.000e+00  0.000e+00 -2.079e-05
   325  0.000e+00  0.000e+00 -3.782e-05
   330  0.000e+00  0.000e+00 -6.000e-05
   335  0.000e+00  0.000e+00 -8.727e-05
   340  0.000e+00  0.000e+00 -1.195e-04
   345  0.000e+00  0.000e+00 -1.566e-04
   350  0.000e+00  0.000e+00 -1.982e-04
   355  0.000e+00  0.000e+00 -2.441e-04
   360  0.000e+00  0.000e+00 -2.939e-04
   365  0.000e+00  0.000e+00 -3.472e-04
   370  0.000e+00  0.000e+00 -4.034e-04
   375  0.000e+00  0.000e+00 -4.621e-04
   380  0.000e+00  0.000e+00 -5.227e-04
   385  0.000e+00  0.000e+00 -5.846e-04
   390  0.000e+00  0.000e+00 -6.471e-04
   395  0.000e+00  0.000e+00 -7.096e-04
   400  0.000e+00  0.000e+00 -7.716e-04
   405  0.000e+00  0.000e+00 -8.323e-04
   410  0.000e+00  0.000e+00 -8.911e-04
   415  0.000e+00  0.000e+00 -9.475e-04
   420  0.000e+00  0.000e+00 -1.001e-03
   425  0.000e+00  0.000e+00 -1.051e-03
   430  0.000e+00  0.000e+00 -1.097e-03
   435  0.000e+00  0.000e+00 -1.138e-03
   440  0.000e+00  0.000e+00 -1.175e-03
   445  0.000e+00  0.000e+00 -1.206e-03
   450  0.000e+00  0.000e+00 -1.233e-03
   455  0.000e+00  0.000e+00 -1.253e-03
   460  0.000e+00  0.000e+00 -1.269e-03
   465  0.000e+00  0.000e+00 -1.279e-03
   470  0.000e+00  0.000e+00 -1.283e-03
   475  0.000e+00  0.000e+00 -1.283e-03
   480  0.000e+00  0.000e+00 -1.277e-03
   485  0.000e+00  0.000e+00 -1.267e-03
   490  0.000e+00  0.000e+00 -1.252e-03
   495  0.000e+00  0.000e+00 -1.233e-03
   500  0.000e+00  0.000e+00 -1.211e-03
   505  0.000e+00  0.000e+00 -1.186e-03
   510  0.000e+00  0.000e+00 -1.158e-03
   515  0.000e+00  0.000e+00 -1.128e-03
   520  0.000e+00  0.000e+00 -1.097e-03
   525  0.000e+00  0.000e+00 -1.066e-03
   530  0.000e+00  0.000e+00 -1.034e-03
   535  0.000e+00  0.000e+00 -1.003e-03
   540  0.000e+00  0.000e+00 -9.729e-04
   545  0.000e+00  0.000e+00 -9.446e-04
   550  0.000e+00  0.000e+00 -9.186e-04
   555  0.000e+00  0.000e+00 -8.953e-04
   560  0.000e+00  0.000e+00 -8.752e-04
   565  0.000e+00  0.000e+00 -8.588e-04
   570  0.000e+00  0.000e+00 -8.463e-04
   575  0.000e+00  0.000e+00 -8.381e-04
   580  0.000e+00  0.000e+00 -8.345e-04
   585  0.000e+00  0.000e+00 -8.354e-04
   590  0.000e+00  0.000e+00 -8.411e-04
   595  0.000e+00  0.000e+00 -8.515e-04
   600  0.000e+00  0.000e+00 -8.665e-04
   605  0.000e+00  0.000e+00 -8.859e-04
   610  0.000e+00  0.000e+00 -9.095e-04
   615  0.000e+00  0.000e+00 -9.369e-04
   620  0.000e+00  0.000e+00 -9.677e-04
   625  0.000e+00  0.000e+00 -1.001e-03
   630  0.000e+00  0.000e+00 -1.038e-03
   635  0.000e+00  0.000e+00 -1.076e-03
   640  0.000e+00  0.000e+00 -1.115e-03
   645  0.000e+00  0.000e+00 -1.154e-03
   650  0.000e+00  0.000e+00 -1.194e-03
   655  0.000e+00  0.000e+00 -1.232e-03
   660  0.000e+00  0.000e+00 -1.269e-03
   665  0.000e+00  0.000e+00 -1.303e-03
   670  0.000e+00  0.000e+00 -1.334e-03
   675  0.000e+00  0.000e+00 -1.361e-03
   680  0.000e+00  0.000e+00 -1.384e-03
   685  0.000e+00  0.000e+00 -1.401e-03
   690  0.000e+00  0.000e+00 -1.413e-03
   695  0.000e+00  0.000e+00 -1.420e-03
   700  0.000e+00  0.000e+00 -1.420e-03
   705  0.000e+00  0.000e+00 -1.413e-03
   710  0.000e+00  0.000e+00 -1.400e-03
   715  0.000e+00  0.000e+00 -1.380e-03
   720  0.000e+00  0.000e+00 -1.353e-03
   725  0.000e+00  0.000e+00 -1.320e-03
   730  0.000e+00  0.000e+00 -1.281e-03
   735  0.000e+00  0.000e+00 -1.236e-03
   740  0.000e+00  0.000e+00 -1.185e-03
   745  0.000e+00  0.000e+00 -1.130e-03
   750  0.000e+00  0.000e+00 -1.071e-03
   755  0.000e+00  0.000e+00 -1.008e-03
   760  0.000e+00  0.000e+00 -9.432e-04
   765  0.000e+00  0.000e+00 -8.762e-04
   770  0.000e+00  0.000e+00 -8.081e-04
   775  0.000e+00  0.000e+00 -7.399e-04
   780  0.000e+00  0.000e+00 -6.724e-04
   785  0.000e+00  0.000e+00 -6.064e-04
   790  0.000e+00  0.000e+00 -5.427e-04
   795  0.000e+00  0.000e+00 -4.820e-04
   800  0.000e+00  0.000e+00 -4.250e-04
   805  0.000e+00  0.000e+00 -3.723e-04
   810  0.000e+00  0.000e+00 -3.244e-04
   815  0.000e+00  0.000e+00 -2.817e-04
   820  0.000e+00  0.000e+00 -2.445e-04
   825  0.000e+00  0.000e+00 -2.131e-04
   830  0.000e+00  0.000e+00 -1.875e-04
   835  0.000e+00  0.000e+00 -1.678e-04
   840  0.000e+00  0.000e+00 -1.538e-04
   845  0.000e+00  0.000e+00 -1.454e-04
   850  0.000e+00  0.000e+00 -1.422e-04
   855  0.000e+00  0.000e+00 -1.440e-04
   860  0.000e+00  0.000e+00 -1.504e-04
   865  0.000e+00  0.000e+00 -1.607e-04
   870  0.000e+00  0.000e+00 -1.745e-04
   875  0.000e+00  0.000e+00 -1.913e-04
   880  0.000e+00  0.000e+00 -2.105e-04
   885  0.000e+00  0.000e+00 -2.315e-04
   890  0.000e+00  0.000e+00 -2.538e-04
   895  0.000e+00  0.000e+00 -2.768e-04
   900  0.000e+00  0.000e+00 -3.002e-04
   905  0.000e+00  0.000e+00 -3.234e-04
   910  0.000e+00  0.000e+00 -3.461e-04
   915  0.000e+00  0.000e+00 -3.681e-04
   920  0.000e+00  0.000e+00 -3.890e-04
   925  0.000e+00  0.000e+00 -4.088e-04
   930  0.000e+00  0.000e+00 -4.274e-04
   935  0.000e+00  0.000e+00 -4.448e-04
   940  0.000e+00  0.000e+00 -4.610e-04
   945  0.000e+00  0.000e+00 -4.762e-04
   950  0.000e+00  0.000e+00 -4.907e-04
   955  0.000e+00  0.000e+00 -5.045e-04
   960  0.000e+00  0.000e+00 -5.181e-04
   965  0.000e+00  0.000e+00 -5.317e-04
   970  0.000e+00  0.000e+00 -5.456e-04
   975  0.000e+00  0.000e+00 -5.601e-04
   980  0.000e+00  0.000e+00 -5.756e-04
   985  0.000e+00  0.000e+00 -5.922e-04
   990  0.000e+00  0.000e+00 -6.102e-04
   995  0.000e+00  0.000e+00 -6.298e-04
  1000  0.000e+00  0.000e+00 -6.511e-04
  1005  0.000e+00  0.000e+00 -6.740e-04
  1010  0.000e+00  0.000e+00 -6.987e-04
  1015  0.000e+00  0.000e+00 -7.249e-04
  1020  0.000e+00  0.000e+00 -7.525e-04
  1025  0.000e+00  0.000e+00 -7.813e-04
  1030  0.000e+00  0.000e+00 -8.110e-04
  1035  0.000e+00  0.000e+00 -8.411e-04
  1040  0.000e+00  0.000e+00 -8.713e-04
  1045  0.000e+00  0.000e+00 -9.011e-04
  1050  0.000e+00  0.000e+00 -9.300e-04
  1055  0.000e+00  0.000e+00 -9.574e-04
  1060  0.000e+00  0.000e+00 -9.830e-04
  1065  0.000e+00  0.000e+00 -1.006e-03
  1070  0.000e+00  0.000e+00 -1.026e-03
  1075  0.000e+00  0.000e+00 -1.044e-03
  1080  0.000e+00  0.000e+00 -1.057e-03
  1085  0.000e+00  0.000e+00 -1.067e-03
  1090  0.000e+00  0.000e+00 -1.072e-03
  1095  0.000e+00  0.000e+00 -1.073e-03
  1100  0.000e+00  0.000e+00 -1.070e-03
  1105  0.000e+00  0.000e+00 -1.063e-03
  1110  0.000e+00  0.000e+00 -1.052e-03
  1115  0.000e+00  0.000e+00 -1.037e-03
  1120  0.000e+00  0.000e+00 -1.019e-03
  1125  0.000e+00  0.000e+00 -9.987e-04
  1130  0.000e+00  0.000e+00 -9.757e-04
  1135  0.000e+00  0.000e+00 -9.511e-04
  1140  0.000e+00  0.000e+00 -9.255e-04
  1145  0.000e+00  0.000e+00 -8.996e-04
  1150  0.000e+00  0.000e+00 -8.743e-04
  1155  0.000e+00  0.000e+00 -8.501e-04
  1160  0.000e+00  0.000e+00 -8.279e-04
  1165  0.000e+00  0.000e+00 -8.082e-04
  1170  0.000e+00  0.000e+00 -7.918e-04
  1175  0.000e+00  0.000e+00 -7.791e-04
  1180  0.000e+00  0.000e+00 -7.705e-04
  1185  0.000e+00  0.000e+00 -7.665e-04
  1190  0.000e+00  0.000e+00 -7.673e-04
  1195  0.000e+00  0.000e+00 -7.730e-04
  1200  0.000e+00  0.000e+00 -7.835e-04
  1205  0.000e+00  0.000e+00 -7.988e-04
  1210  0.000e+00  0.000e+00 -8.186e-04
  1215  0.000e+00  0.000e+00 -8.425e-04
  1220  0.000e+00  0.000e+00 -8.699e-04
  1225  0.000e+00  0.000e+00 -9.003e-04
  1230  0.000e+00  0.000e+00 -9.329e-04
  1235  0.000e+00  0.000e+00 -9.670e-04
  1240  0.000e+00  0.000e+00 -1.002e-03
  1245  0.000e+00  0.000e+00 -1.036e-03
  1250  0.000e+00  0.000e+00 -1.069e-03
  1255  0.000e+00  0.000e+00 -1.101e-03
  1260  0.000e+00  0.000e+00 -1.129e-03
  1265  0.000e+00  0.000e+00 -1.154e-03
  1270  0.000e+00  0.000e+00 -1.174e-03
  1275  0.000e+00  0.000e+00 -1.188e-03
  1280  0.000e+00  0.000e+00 -1.198e-03
  1285  0.000e+00  0.000e+00 -1.201e-03
  1290  0.000e+00  0.000e+00 -1.197e-03
  1295  0.000e+00  0.000e+00 -1.187e-03
  1300  0.000e+00  0.000e+00 -1.171e-03
  1305  0.000e+00  0.000e+00 -1.148e-03
  1310  0.000e+00  0.000e+00 -1.119e-03
  1315  0.000e+00  0.000e+00 -1.084e-03
  1320  0.000e+00  0.000e+00 -1.044e-03
  1325  0.000e+00  0.000e+00 -1.000e-03
  1330  0.000e+00  0.000e+00 -9.527e-04
  1335  0.000e+00  0.000e+00 -9.026e-04
  1340  0.000e+00  0.000e+00 -8.509e-04
  1345  0.000e+00  0.000e+00 -7.988e-04
  1350  0.000e+00  0.000e+00 -7.473e-04
  1355  0.000e+00  0.000e+00 -6.975e-04
  1360  0.000e+00  0.000e+00 -6.504e-04
  1365  0.000e+00  0.000e+00 -6.073e-04
  1370  0.000e+00  0.000e+00 -5.689e-04
  1375  0.000e+00  0.000e+00 -5.363e-04
  1380  0.000e+00  0.000e+00 -5.101e-04
  1385  0.000e+00  0.000e+00 -4.912e-04
  1390  0.000e+00  0.000e+00 -4.799e-04
  1395  0.000e+00  0.000e+00 -4.767e-04
  1400  0.000e+00  0.000e+00 -4.819e-04
  1405  0.000e+00  0.000e+00 -4.954e-04
  1410  0.000e+00  0.000e+00 -5.172e-04
  1415  0.000e+00  0.000e+00 -5.471e-04
  1420  0.000e+00  0.000e+00 -5.846e-04
  1425  0.000e+00  0.000e+00 -6.292e-04
  1430  0.000e+00  0.000e+00 -6.802e-04
  1435  0.000e+00  0.000e+00 -7.368e-04
  1440  0.000e+00  0.000e+00 -7.982e-04
  1445  0.000e+00  0.000e+00 -8.633e-04
  1450  0.000e+00  0.000e+00 -9.311e-04
  1455  0.000e+00  0.000e+00 -1.001e-03
  1460  0.000e+00  0.000e+00 -1.071e-03
  1465  0.000e+00  0.000e+00 -1.140e-03
  1470  0.000e+00  0.000e+00 -1.208e-03
  1475  0.000e+00  0.000e+00 -1.274e-03
  1480  0.000e+00  0.000e+00 -1.336e-03
  1485  0.000e+00  0.000e+00 -1.393e-03
  1490  0.000e+00  0.000e+00 -1.445e-03
  1495  0.000e+00  0.000e+00 -1.492e-03
  1500  0.000e+00  0.000e+00 -1.532e-03
  1505  0.000e+00  0.000e+00 -1.565e-03
  1510  0.000e+00  0.000e+00 -1.591e-03
  1515  0.000e+00  0.000e+00 -1.610e-03
  1520  0.000e+00  0.000e+00 -1.621e-03
  1525  0.000e+00  0.000e+00 -1.625e-03
  1530  0.000e+00  0.000e+00 -1.622e-03
  1535  0.000e+00  0.000e+00 -1.612e-03
  1540  0.000e+00  0.000e+00 -1.595e-03
  1545  0.000e+00  0.000e+00 -1.572e-03
  1550  0.000e+00  0.000e+00 -1.544e-03
  1555  0.000e+00  0.000e+00 -1.510e-03
  1560  0.000e+00  0.000e+00 -1.472e-03
  1565  0.000e+00  0.000e+00 -1.430e-03
  1570  0.000e+00  0.000e+00 -1.384e-03
  1575  0.000e+00  0.000e+00 -1.336e-03
  1580  0.000e+00  0.000e+00 -1.285e-03
  1585  0.000e+00  0.000e+00 -1.233e-03
  1590  0.000e+00  0.000e+00 -1.180e-03
  1595  0.000e+00  0.000e+00 -1.125e-03
  1600  0.000e+00  0.000e+00 -1.071e-03
  1605  0.000e+00  0.000e+00 -1.016e-03
  1610  0.000e+00  0.000e+00 -9.622e-04
  1615  0.000e+00  0.000e+00 -9.086e-04
  1620  0.000e+00  0.000e+00 -8.558e-04
  1625  0.000e+00  0.000e+00 -8.039e-04
  1630  0.000e+00  0.000e+00 -7.529e-04
  1635  0.000e+00  0.000e+00 -7.031e-04
  1640  0.000e+00  0.000e+00 -6.543e-04
  1645  0.000e+00  0.000e+00 -6.066e-04
  1650  0.000e+00  0.000e+00 -5.601e-04
  1655  0.000e+00  0.000e+00 -5.147e-04
  1660  0.000e+00  0.000e+00 -4.704e-04
  1665  0.000e+00  0.000e+00 -4.272e-04
  1670  0.000e+00  0.000e+00 -3.852e-04
  1675  0.000e+00  0.000e+00 -3.444e-04
  1680  0.000e+00  0.000e+00 -3.049e-04
  1685  0.000e+00  0.000e+00 -2.668e-04
  1690  0.000e+00  0.000e+00 -2.303e-04
  1695  0.000e+00  0.000e+00 -1.955e-04
  1700  0.000e+00  0.000e+00 -1.627e-04
  1705  0.000e+00  0.000e+00 -1.320e-04
  1710  0.000e+00  0.000e+00 -1.038e-04
  1715  0.000e+00  0.000e+00 -7.835e-05
  1720  0.000e+00  0.000e+00 -5.592e-05
  1725  0.000e+00  0.000e+00 -3.685e-05
  1730  0.000e+00  0.000e+00 -2.143e-05
  1735  0.000e+00  0.000e+00 -9.962e-06
  1740  0.000e+00  0.000e+00 -2.734e-06
  1745  0.000e+00  0.000e+00 -1.517e-18
  1750  0.000e+00  0.000e+00 -1.984e-06
  1755  0.000e+00  0.000e+00 -8.869e-06
  1760  0.000e+00  0.000e+00 -2.079e-05
  1765  0.000e+00  0.000e+00 -3.782e-05
  1770  0.000e+00  0.000e+00 -6.000e-05
  1775  0.000e+00  0.000e+00 -8.727e-05
  1780  0.000e+00  0.000e+00 -1.195e-04
  1785  0.000e+00  0.000e+00 -1.566e-04
  1790  0.000e+00  0.000e+00 -1.982e-04
  1795  0.000e+00  0.000e+00 -2.441e-04
  1800  0.000e+00  0.000e+00 -2.939e-04
  1805  0.000e+00  0.000e+00 -3.472e-04
  1810  0.000e+00  0.000e+00 -4.034e-04
  1815  0.000e+00  0.000e+00 -4.621e-04
  1820  0.000e+00  0.000e+00 -5.227e-04
  1825  0.000e+00  0.000e+00 -5.846e-04
  1830  0.000e+00  0.000e+00 -6.471e-04
  1835  0.000e+00  0.000e+00 -7.096e-04
  1840  0.000e+00  0.000e+00 -7.716e-04
  1845  0.000e+00  0.000e+00 -8.323e-04
  1850  0.000e+00  0.000e+00 -8.911e-04
  1855  0.000e+00  0.000e+00 -9.475e-04
  1860  0.000e+00  0.000e+00 -1.001e-03
  1865  0.000e+00  0.000e+00 -1.051e-03
  1870  0.000e+00  0.000e+00 -1.097e-03
  1875  0.000e+00  0.000e+00 -1.138e-03
  1880  0.000e+00  0.000e+00 -1.175e-03
  1885  0.000e+00  0.000e+00 -1.206e-03
  1890  0.000e+00  0.000e+00 -1.233e-03
  1895  0.000e+00  0.000e+00 -1.253e-03
  1900  0.000e+00  0.000e+00 -1.269e-03
  1905  0.000e+00  0.000e+00 -1.279e-03
  1910  0.000e+00  0.000e+00 -1.283e-03
  1915  0.000e+00  0.000e+00 -1.283e-03
  1920  0.000e+00  0.000e+00 -1.277e-03
  1925  0.000e+00  0.000e+00 -1.267e-03
  1930  0.000e+00  0.000e+00 -1.252e-03
  1935  0.000e+00  0.000e+00 -1.233e-03
  1940  0.000e+00  0.000e+00 -1.211e-03
  1945  0.000e+00  0.000e+00 -1.186e-03
  1950  0.000e+00  0.000e+00 -1.158e-03
  1955  0.000e+00  0.000e+00 -1.128e-03
  1960  0.000e+00  0.000e+00 -1.097e-03
  1965  0.000e+00  0.000e+00 -1.066e-03
  1970  0.000e+00  0.000e+00 -1.034e-03
  1975  0.000e+00  0.000e+00 -1.003e-03
  1980  0.000e+00  0.000e+00 -9.729e-04
  1985  0.000e+00  0.000e+00 -9.446e-04
  1990  0.000e+00  0.000e+00 -9.186e-04
  1995  0.000e+00  0.000e+00 -8.953e-04
  2000  0.000e+00  0.000e+00 -8.752e-04
  2005  0.000e+00  0.000e+00 -8.588e-04
  2010  0.000e+00  0.000e+00 -8.463e-04
  2015  0.000e+00  0.000e+00 -8.381e-04
  2020  0.000e+00  0.000e+00 -8.345e-04
  2025  0.000e+00  0.000e+00 -8.354e-04
  2030  0.000e+00  0.000e+00 -8.411e-04
  2035  0.000e+00  0.000e+00 -8.515e-04
  2040  0.000e+00  0.000e+00 -8.665e-04
  2045  0.000e+00  0.000e+00 -8.859e-04
  2050  0.000e+00  0.000e+00 -9.095e-04
  2055  0.000e+00  0.000e+00 -9.369e-04
  2060  0.000e+00  0.000e+00 -9.677e-04
  2065  0.000e+00  0.000e+00 -1.001e-03
  2070  0.000e+00  0.000e+00 -1.038e-03
  2075  0.000e+00  0.000e+00 -1.076e-03
  2080  0.000e+00  0.000e+00 -1.115e-03
  2085  0.000e+00  0.000e+00 -1.154e-03
  2090  0.000e+00  0.000e+00 -1.194e-03
  2095  0.000e+00  0.000e+00 -1.232e-03
  2100  0.000e+00  0.000e+00 -1.269e-03
  2105  0.000e+00  0.000e+00 -1.303e-03
  2110  0.000e+00  0.000e+00 -1.334e-03
  2115  0.000e+00  0.000e+00 -1.361e-03
  2120  0.000e+00  0.000e+00 -1.384e-03
  2125  0.000e+00  0.000e+00 -1.401e-03
  2130  0.000e+00  0.000e+00 -1.413e-03
  2135  0.000e+00  0.000e+00 -1.420e-03
  2140  0.000e+00  0.000e+00 -1.420e-03
  2145  0.000e+00  0.000e+00 -1.413e-03
  2150  0.000e+00  0.000e+00 -1.400e-03
  2155  0.000e+00  0.000e+00 -1.380e-03
  2160  0.000e+00  0.000e+00 -1.353e-03
  2165  0.000e+00  0.000e+00 -1.320e-03
  2170  0.000e+00  0.000e+00 -1.281e-03
  2175  0.000e+00  0.000e+00 -1.236e-03
  2180  0.000e+00  0.000e+00 -1.185e-03
  2185  0.000e+00  0.000e+00 -1.130e-03
  2190  0.000e+00  0.000e+00 -1.071e-03
  2195  0.000e+00  0.000e+00 -1.008e-03
  2200  0.000e+00  0.000e+00 -9.432e-04
  2205  0.000e+00  0.000e+00 -8.762e-04
  2210  0.000e+00  0.000e+00 -8.081e-04
  2215  0.000e+00  0.000e+00 -7.399e-04
  2220  0.000e+00  0.000e+00 -6.724e-04
  2225  0.000e+00  0.000e+00 -6.064e-04
  2230  0.000e+00  0.000e+00 -5.427e-04
  2235  0.000e+00  0.000e+00 -4.820e-04
  2240  0.000e+00  0.000e+00 -4.250e-04
  2245  0.000e+00  0.000e+00 -3.723e-04
  2250  0.000e+00  0.000e+00 -3.244e-04
  2255  0.000e+00  0.000e+00 -2.817e-04
  2260  0.000e+00  0.000e+00 -2.445e-04
  2265  0.000e+00  0.000e+00 -2.131e-04
  2270  0.000e+00  0.000e+00 -1.875e-04
  2275  0.000e+00  0.000e+00 -1.678e-04
  2280  0.000e+00  0.000e+00 -1.538e-04
  2285  0.000e+00  0.000e+00 -1.454e-04
  2290  0.000e+00  0.000e+00 -1.422e-04
  2295  0.000e+00  0.000e+00 -1.440e-04
  2300  0.000e+00  0.000e+00 -1.504e-04
  2305  0.000e+00  0.000e+00 -1.607e-04
  2310  0.000e+00  0.000e+00 -1.745e-04
  2315  0.000e+00  0.000e+00 -1.913e-04
  2320  0.000e+00  0.000e+00 -2.105e-04
  2325  0.000e+00  0.000e+00 -2.315e-04
  2330  0.000e+00  0.000e+00 -2.538e-04
  2335  0.000e+00  0.000e+00 -2.768e-04
  2340  0.000e+00  0.000e+00 -3.002e-04
  2345  0.000e+00  0.000e+00 -3.234e-04
  2350  0.000e+00  0.000e+00 -3.461e-04
  2355  0.000e+00  0.000e+00 -3.681e-04
  2360  0.000e+00  0.000e+00 -3.890e-04
  2365  0.000e+00  0.000e+00 -4.088e-04
  2370  0.000e+00  0.000e+00 -4.274e-04
  2375  0.000e+00  0.000e+00 -4.448e-04
  2380  0.000e+00  0.000e+00 -4.610e-04
  2385  0.000e+00  0.000e+00 -4.762e-04
  2390  0.000e+00  0.000e+00 -4.907e-04
  2395  0.000e+00  0.000e+00 -5.045e-04
  2400  0.000e+00  0.000e+00 -5.181e-04
  2405  0.000e+00  0.000e+00 -5.317e-04
  2410  0.000e+00  0.000e+00 -5.456e-04
  2415  0.000e+00  0.000e+00 -5.601e-04
  2420  0.000e+00  0.000e+00 -5.756e-04
  2425  0.000e+00  0.000e+00 -5.922e-04
  2430  0.000e+00  0.000e+00 -6.102e-04
  2435  0.000e+00  0.000e+00 -6.298e-04
  2440  0.000e+00  0.000e+00 -6.511e-04
  2445  0.000e+00  0.000e+00 -6.740e-04
  2450  0.000e+00  0.000e+00 -6.987e-04
  2455  0.000e+00  0.000e+00 -7.249e-04
  2460  0.000e+00  0.000e+00 -7.525e-04
  2465  0.000e+00  0.000e+00 -7.813e-04
  2470  0.000e+00  0.000e+00 -8.110e-04
  2475  0.000e+00  0.000e+00 -8.411e-04
  2480  0.000e+00  0.000e+00 -8.713e-04
  2485  0.000e+00  0.000e+00 -9.011e-04
  2490  0.000e+00  0.000e+00 -9.300e-04
  2495  0.000e+00  0.000e+00 -9.574e-04
  2500  0.000e+00  0.000e+00 -9.830e-04
  2505  0.000e+00  0.000e+00 -1.006e-03
  2510  0.000e+00  0.000e+00 -1.026e-03
  2515  0.000e+00  0.000e+00 -1.044e-03
  2520  0.000e+00  0.000e+00 -1.057e-03
  2525  0.000e+00  0.000e+00 -1.067e-03
  2530  0.000e+00  0.000e+00 -1.072e-03
  2535  0.000e+00  0.000e+00 -1.073e-03
  2540  0.000e+00  0.000e+00 -1.070e-03
  2545  0.000e+00  0.000e+00 -1.063e-03
  2550  0.000e+00  0.000e+00 -1.052e-03
  2555  0.000e+00  0.000e+00 -1.037e-03
  2560  0.000e+00  0.000e+00 -1.019e-03
  2565  0.000e+00  0.000e+00 -9.987e-04
  2570  0.000e+00  0.000e+00 -9.757e-04
  2575  0.000e+00  0.000e+00 -9.511e-04
  2580  0.000e+00  0.000e+00 -9.255e-04
  2585  0.000e+00  0.000e+00 -8.996e-04
  2590  0.000e+00  0.000e+00 -8.743e-04
  2595  0.000e+00  0.000e+00 -8.501e-04
  2600  0.000e+00  0.000e+00 -8.279e-04
  2605  0.000e+00  0.000e+00 -8.082e-04
  2610  0.000e+00  0.000e+00 -7.918e-04
  2615  0.000e+00  0.000e+00 -7.791e-04
  2620  0.000e+00  0.000e+00 -7.705e-04
  2625  0.000e+00  0.000e+00 -7.665e-04
  2630  0.000e+00  0.000e+00 -7.673e-04
  2635  0.000e+00  0.000e+00 -7.730e-04
  2640  0.000e+00  0.000e+00 -7.835e-04
  2645  0.000e+00  0.000e+00 -7.988e-04
  2650  0.000e+00  0.000e+00 -8.186e-04
  2655  0.000e+00  0.000e+00 -8.425e-04
  2660  0.000e+00  0.000e+00 -8.699e-04
  2665  0.000e+00  0.000e+00 -9.003e-04
  2670  0.000e+00  0.000e+00 -9.329e-04
  2675  0.000e+00  0.000e+00 -9.670e-04
  2680  0.000e+00  0.000e+00 -1.002e-03
  2685  0.000e+00  0.000e+00 -1.036e-03
  2690  0.000e+00  0.000e+00 -1.069e-03
  2695  0.000e+00  0.000e+00 -1.101e-03
  2700  0.000e+00  0.000e+00 -1.129e-03
  2705  0.000e+00  0.000e+00 -1.154e-03
  2710  0.000e+00  0.000e+00 -1.174e-03
  2715  0.000e+00  0.000e+00 -1.188e-03
  2720  0.000e+00  0.000e+00 -1.198e-03
  2725  0.000e+00  0.000e+00 -1.201e-03
  2730  0.000e+00  0.000e+00 -1.197e-03
  2735  0.000e+00  0.000e+00 -1.187e-03
  2740  0.000e+00  0.000e+00 -1.171e-03
  2745  0.000e+00  0.000e+00 -1.148e-03
  2750  0.000e+00  0.000e+00 -1.119e-03
  2755  0.000e+00  0.000e+00 -1.084e-03
  2760  0.000e+00  0.000e+00 -1.044e-03
  2765  0.000e+00  0.000e+00 -1.000e-03
  2770  0.000e+00  0.000e+00 -9.527e-04
  2775  0.000e+00  0.000e+00 -9.026e-04
  2780  0.000e+00  0.000e+00 -8.509e-04
  2785  0.000e+00  0.000e+00 -7.988e-04
  2790  0.000e+00  0.000e+00 -7.473e-04
  2795  0.000e+00  0.000e+00 -6.975e-04
  2800  0.000e+00  0.000e+00 -6.504e-04
  2805  0.000e+00  0.000e+00 -6.073e-04
  2810  0.000e+00  0.000e+00 -5.689e-04
  2815  0.000e+00  0.000e+00 -5.363e-04
  2820  0.000e+00  0.000e+00 -5.101e-04
  2825  0.000e+00  0.000e+00 -4.912e-04
  2830  0.000e+00  0.000e+00 -4.799e-04
  2835  0.000e+00  0.000e+00 -4.767e-04
  2840  0.000e+00  0.000e+00 -4.819e-04
  2845  0.000e+00  0.000e+00 -4.954e-04
  2850  0.000e+00  0.000e+00 -5.172e-04
  2855  0.000e+00  0.000e+00 -5.471e-04
  2860  0.000e+00  0.000e+00 -5.846e-04
  2865  0.000e+00  0.000e+00 -6.292e-04
  2870  0.000e+00  0.000e+00 -6.802e-04
  2875  0.000e+00  0.000e+00 -7.368e-04
  2880  0.000e+00  0.000e+00 -7.982e-04
  2885  0.000e+00  0.000e+00 -8.633e-04
  2890  0.000e+00  0.000e+00 -9.311e-04
  2895  0.000e+00  0.000e+00 -1.001e-03
  2900  0.000e+00  0.000e+00 -1.071e-03
  2905  0.000e+00  0.000e+00 -1.140e-03
  2910  0.000e+00  0.000e+00 -1.208e-03
  2915  0.000e+00  0.000e+00 -1.274e-03
  2920  0.000e+00  0.000e+00 -1.336e-03
  2925  0.000e+00  0.000e+00 -1.393e-03
  2930  0.000e+00  0.000e+00 -1.445e-03
  2935  0.000e+00  0.000e+00 -1.492e-03
  2940  0.000e+00  0.000e+00 -1.532e-03
  2945  0.000e+00  0.000e+00 -1.565e-03
  2950  0.000e+00  0.000e+00 -1.591e-03
  2955  0.000e+00  0.000e+00 -1.610e-03
  2960  0.000e+00  0.000e+00 -1.621e-03
  2965  0.000e+00  0.000e+00 -1.625e-03
  2970  0.000e+00  0.000e+00 -1.622e-03
  2975  0.000e+00  0.000e+00 -1.612e-03
  2980  0.000e+00  0.000e+00 -1.595e-03
  2985  0.000e+00  0.000e+00 -1.572e-03
  2990  0.000e+00  0.000e+00 -1.544e-03
  2995  0.000e+00  0.000e+00 -1.510e-03
  3000  0.000e+00  0.000e+00 -1.472e-03
  3005  0.000e+00  0.000e+00 -1.430e-03
  3010  0.000e+00  0.000e+00 -1.384e-03
  3015  0.000e+00  0.000e+00 -1.336e-03
  3020  0.000e+00  0.000e+00 -1.285e-03
  3025  0.000e+00  0.000e+00 -1.233e-03
  3030  0.000e+00  0.000e+00 -1.180e-03
  3035  0.000e+00  0.000e+00 -1.125e-03
  3040  0.000e+00  0.000e+00 -1.071e-03
  3045  0.000e+00  0.000e+00 -1.016e-03
  3050  0.000e+00  0.000e+00 -9.622e-04
  3055  0.000e+00  0.000e+00 -9.086e-04
  3060  0.000e+00  0.000e+00 -8.558e-04
  3065  0.000e+00  0.000e+00 -8.039e-04
  3070  0.000e+00  0.000e+00 -7.529e-04
  3075  0.000e+00  0.000e+00 -7.031e-04
  3080  0.000e+00  0.000e+00 -6.543e-04
  3085  0.000e+00  0.000e+00 -6.066e-04
  3090  0.000e+00  0.000e+00 -5.601e-04
  3095  0.000e+00  0.000e+00 -5.147e-04
  3100  0.000e+00  0.000e+00 -4.704e-04
  3105  0.000e+00  0.000e+00 -4.272e-04
  3110  0.000e+00  0.000e+00 -3.852e-04
  3115  0.000e+00  0.000e+00 -3.444e-04
  3120  0.000e+00  0.000e+00 -3.049e-04
  3125  0.000e+00  0.000e+00 -2.668e-04
  3130  0.000e+00  0.000e+00 -2.303e-04
  3135  0.000e+00  0.000e+00 -1.955e-04
  3140  0.000e+00  0.000e+00 -1.627e-04
  3145  0.000e+00  0.000e+00 -1.320e-04
  3150  0.000e+00  0.000e+00 -1.038e-04
  3155  0.000e+00  0.000e+00 -7.835e-05
  3160  0.000e+00  0.000e+00 -5.592e-05
  3165  0.000e+00  0.000e+00 -3.685e-05
  3170  0.000e+00  0.000e+00 -2.143e-05
  3175  0.000e+00  0.000e+00 -9.962e-06
  3180  0.000e+00  0.000e+00 -2.734e-06
  3185  0.000e+00  0.000e+00 -2.360e-18
  3190  0.000e+00  0.000e+00 -1.984e-06
  3195  0.000e+00  0.000e+00 -8.869e-06
  3200  0.000e+00  0.000e+00 -2.079e-05
  3205  0.000e+00  0.000e+00 -3.782e-05
  3210  0.000e+00  0.000e+00 -6.000e-05
  3215  0.000e+00  0.000e+00 -8.727e-05
  3220  0.000e+00  0.000e+00 -1.195e-04
  3225  0.000e+00  0.000e+00 -1.566e-04
  3230  0.000e+00  0.000e+00 -1.982e-04
  3235  0.000e+00  0.000e+00 -2.441e-04
  3240  0.000e+00  0.000e+00 -2.939e-04
  3245  0.000e+00  0.000e+00 -3.472e-04
  3250  0.000e+00  0.000e+00 -4.034e-04
  3255  0.000e+00  0.000e+00 -4.621e-04
  3260  0.000e+00  0.000e+00 -5.227e-04
  3265  0.000e+00  0.000e+00 -5.846e-04
  3270  0.000e+00  0.000e+00 -6.471e-04
  3275  0.000e+00  0.000e+00 -7.096e-04
  3280  0.000e+00  0.000e+00 -7.716e-04
  3285  0.000e+00  0.000e+00 -8.323e-04
  3290  0.000e+00  0.000e+00 -8.911e-04
  3295  0.000e+00  0.000e+00 -9.475e-04
  3300  0.000e+00  0.000e+00 -1.001e-03
  3305  0.000e+00  0.000e+00 -1.051e-03
  3310  0.000e+00  0.000e+00 -1.097e-03
  3315  0.000e+00  0.000e+00 -1.138e-03
  3320  0.000e+00  0.000e+00 -1.175e-03
  3325  0.000e+00  0.000e+00 -1.206e-03
  3330  0.000e+00  0.000e+00 -1.233e-03
  3335  0.000e+00  0.000e+00 -1.253e-03
  3340  0.000e+00  0.000e+00 -1.269e-03
  3345  0.000e+00  0.000e+00 -1.279e-03
  3350  0.000e+00  0.000e+00 -1.283e-03
  3355  0.000e+00  0.000e+00 -1.283e-03
  3360  0.000e+00  0.000e+00 -1.277e-03
  3365  0.000e+00  0.000e+00 -1.267e-03
  3370  0.000e+00  0.000e+00 -1.252e-03
  3375  0.000e+00  0.000e+00 -1.233e-03
  3380  0.000e+00  0.000e+00 -1.211e-03
  3385  0.000e+00  0.000e+00 -1.186e-03
  3390  0.000e+00  0.000e+00 -1.158e-03
  3395  0.000e+00  0.000e+00 -1.128e-03
  3400  0.000e+00  0.000e+00 -1.097e-03
  3405  0.000e+00  0.000e+00 -1.066e-03
  3410  0.000e+00  0.000e+00 -1.034e-03
  3415  0.000e+00  0.000e+00 -1.003e-03
  3420  0.000e+00  0.000e+00 -9.729e-04
  3425  0.000e+00  0.000e+00 -9.446e-04
  3430  0.000e+00  0.000e+00 -9.186e-04
  3435  0.000e+00  0.000e+00 -8.953e-04
  3440  0.000e+00  0.000e+00 -8.752e-04
  3445  0.000e+00  0.000e+00 -8.588e-04
  3450  0.000e+00  0.000e+00 -8.463e-04
  3455  0.000e+00  0.000e+00 -8.381e-04
  3460  0.000e+00  0.000e+00 -8.345e-04
  3465  0.000e+00  0.000e+00 -8.354e-04
  3470  0.000e+00  0.000e+00 -8.411e-04
  3475  0.000e+00  0.000e+00 -8.515e-04
  3480  0.000e+00  0.000e+00 -8.665e-04
  3485  0.000e+00  0.000e+00 -8.859e-04
  3490  0.000e+00  0.000e+00 -9.095e-04
  3495  0.000e+00  0.000e+00 -9.369e-04
  3500  0.000e+00  0.000e+00 -9.677e-04
  3505  0.000e+00  0.000e+00 -1.001e-03
  3510  0.000e+00  0.000e+00 -1.038e-03
  3515  0.000e+00  0.000e+00 -1.076e-03
  3520  0.000e+00  0.000e+00 -1.115e-03
  3525  0.000e+00  0.000e+00 -1.154e-03
  3530  0.000e+00  0.000e+00 -1.194e-03
  3535  0.000e+00  0.000e+00 -1.232e-03
  3540  0.000e+00  0.000e+00 -1.269e-03
  3545  0.000e+00  0.000e+00 -1.303e-03
  3550  0.000e+00  0.000e+00 -1.334e-03
  3555  0.000e+00  0.000e+00 -1.361e-03
  3560  0.000e+00  0.000e+00 -1.384e-03
  3565  0.000e+00  0.000e+00 -1.401e-03
  3570  0.000e+00  0.000e+00 -1.413e-03
  3575  0.000e+00  0.000e+00 -1.420e-03
  3580  0.000e+00  0.000e+00 -1.420e-03
  3585  0.000e+00  0.000e+00 -1.413e-03
  3590  0.000e+00  0.000e+00 -1.400e-03
  3595  0.000e+00  0.000e+00 -1.380e-03
  3600  0.000e+00  0.000e+00 -1.353e-03
  3605  0.000e+00  0.000e+00 -1.320e-03
  3610  0.000e+00  0.000e+00 -1.281e-03
  3615  0.000e+00  0.000e+00 -1.236e-03
  3620  0.000e+00  0.000e+00 -1.185e-03
  3625  0.000e+00  0.000e+00 -1.130e-03
  3630  0.000e+00  0.000e+00 -1.071e-03
  3635  0.000e+00  0.000e+00 -1.008e-03
  3640  0.000e+00  0.000e+00 -9.432e-04
  3645  0.000e+00  0.000e+00 -8.762e-04
  3650  0.000e+00  0.000e+00 -8.081e-04
  3655  0.000e+00  0.000e+00 -7.399e-04
  3660  0.000e+00  0.000e+00 -6.724e-04
  3665  0.000e+00  0.000e+00 -6.064e-04
  3670  0.000e+00  0.000e+00 -5.427e-04
  3675  0.000e+00  0.000e+00 -4.820e-04
  3680  0.000e+00  0.000e+00 -4.250e-04
  3685  0.000e+00  0.000e+00 -3.723e-04
  3690  0.000e+00  0.000e+00 -3.244e-04
  3695  0.000e+00  0.000e+00 -2.817e-04
  3700  0.000e+00  0.000e+00 -2.445e-04
  3705  0.000e+00  0.000e+00 -2.131e-04
  3710  0.000e+00  0.000e+00 -1.875e-04
  3715  0.000e+00  0.000e+00 -1.678e-04
  3720  0.000e+00  0.000e+00 -1.538e-04
  3725  0.000e+00  0.000e+00 -1.454e-04
  3730  0.000e+00  0.000e+00 -1.422e-04
  3735  0.000e+00  0.000e+00 -1.440e-04
  3740  0.000e+00  0.000e+00 -1.504e-04
  3745  0.000e+00  0.000e+00 -1.607e-04
  3750  0.000e+00  0.000e+00 -1.745e-04
  3755  0.000e+00  0.000e+00 -1.913e-04
  3760  0.000e+00  0.000e+00 -2.105e-04
  3765  0.000e+00  0.000e+00 -2.315e-04
  3770  0.000e+00  0.000e+00 -2.538e-04
  3775  0.000e+00  0.000e+00 -2.768e-04
  3780  0.000e+00  0.000e+00 -3.002e-04
  3785  0.000e+00  0.000e+00 -3.234e-04
  3790  0.000e+00  0.000e+00 -3.461e-04
  3795  0.000e+00  0.000e+00 -3.681e-04
  3800  0.000e+00  0.000e+00 -3.890e-04
  3805  0.000e+00  0.000e+00 -4.088e-04
  3810  0.000e+00  0.000e+00 -4.274e-04
  3815  0.000e+00  0.000e+00 -4.448e-04
  3820  0.000e+00  0.000e+00 -4.610e-04
  3825  0.000e+00  0.000e+00 -4.762e-04
  3830  0.000e+00  0.000e+00 -4.907e-04
  3835  0.000e+00  0.000e+00 -5.045e-04
  3840  0.000e+00  0.000e+00 -5.181e-04
  3845  0.000e+00  0.000e+00 -5.317e-04
  3850  0.000e+00  0.000e+00 -5.456e-04
  3855  0.000e+00  0.000e+00 -5.601e-04
  3860  0.000e+00  0.000e+00 -5.756e-04
  3865  0.000e+00  0.000e+00 -5.922e-04
  3870  0.000e+00  0.000e+00 -6.102e-04
  3875  0.000e+00  0.000e+00 -6.298e-04
  3880  0.000e+00  0.000e+00 -6.511e-04
  3885  0.000e+00  0.000e+00 -6.740e-04
  3890  0.000e+00  0.000e+00 -6.987e-04
  3895  0.000e+00  0.000e+00 -7.249e-04
  3900  0.000e+00  0.000e+00 -7.525e-04
  3905  0.000e+00  0.000e+00 -7.813e-04
  3910  0.000e+00  0.000e+00 -8.110e-04
  3915  0.000e+00  0.000e+00 -8.411e-04
  3920  0.000e+00  0.000e+00 -8.713e-04
  3925  0.000e+00  0.000e+00 -9.011e-04
  3930  0.000e+00  0.000e+00 -9.300e-04
  3935  0.000e+00  0.000e+00 -9.574e-04
  3940  0.000e+00  0.000e+00 -9.830e-04
  3945  0.000e+00  0.000e+00 -1.006e-03
  3950  0.000e+00  0.000e+00 -1.026e-03
  3955  0.000e+00  0.000e+00 -1.044e-03
  3960  0.000e+00  0.000e+00 -1.057e-03
  3965  0.000e+00  0.000e+00 -1.067e-03
  3970  0.000e+00  0.000e+00 -1.072e-03
  3975  0.000e+00  0.000e+00 -1.073e-03
  3980  0.000e+00  0.000e+00 -1.070e-03
  3985  0.000e+00  0.000e+00 -1.063e-03
  3990  0.000e+00  0.000e+00 -1.052e-03
  3995  0.000e+00  0.000e+00 -1.037e-03
  4000  0.000e+00  0.000e+00 -1.019e-03
  4005  0.000e+00  0.000e+00 -9.987e-04
  4010  0.000e+00  0.000e+00 -9.757e-04
  4015  0.000e+00  0.000e+00 -9.511e-04
  4020  0.000e+00  0.000e+00 -9.255e-04
  4025  0.000e+00  0.000e+00 -8.996e-04
  4030  0.000e+00  0.000e+00 -8.743e-04
  4035  0.000e+00  0.000e+00 -8.501e-04
  4040  0.000e+00  0.000e+00 -8.279e-04
  4045  0.000e+00  0.000e+00 -8.082e-04
  4050  0.000e+00  0.000e+00 -7.918e-04
  4055  0.000e+00  0.000e+00 -7.791e-04
  4060  0.000e+00  0.000e+00 -7.705e-04
  4065  0.000e+00  0.000e+00 -7.665e-04
  4070  0.000e+00  0.000e+00 -7.673e-04
  4075  0.000e+00  0.000e+00 -7.730e-04
  4080  0.000e+00  0.000e+00 -7.835e-04
  4085  0.000e+00  0.000e+00 -7.988e-04
  4090  0.000e+00  0.000e+00 -8.186e-04
  4095  0.000e+00  0.000e+00 -8.425e-04
  4100  0.000e+00  0.000e+00 -8.699e-04
  4105  0.000e+00  0.000e+00 -9.003e-04
  4110  0.000e+00  0.000e+00 -9.329e-04
  4115  0.000e+00  0.000e+00 -9.670e-04
  4120  0.000e+00  0.000e+00 -1.002e-03
  4125  0.000e+00  0.000e+00 -1.036e-03
  4130  0.000e+00  0.000e+00 -1.069e-03
  4135  0.000e+00  0.000e+00 -1.101e-03
  4140  0.000e+00  0.000e+00 -1.129e-03
  4145  0.000e+00  0.000e+00 -1.154e-03
  4150  0.000e+00  0.000e+00 -1.174e-03
  4155  0.000e+00  0.000e+00 -1.188e-03
  4160  0.000e+00  0.000e+00 -1.198e-03
  4165  0.000e+00  0.000e+00 -1.201e-03
  4170  0.000e+00  0.000e+00 -1.197e-03
  4175  0.000e+00  0.000e+00 -1.187e-03
  4180  0.000e+00  0.000e+00 -1.171e-03
  4185  0.000e+00  0.000e+00 -1.148e-03
  4190  0.000e+00  0.000e+00 -1.119e-03
  4195  0.000e+00  0.000e+00 -1.084e-03
  4200  0.000e+00  0.000e+00 -1.044e-03
  4205  0.000e+00  0.000e+00 -1.000e-03
  4210  0.000e+00  0.000e+00 -9.527e-04
  4215  0.000e+00  0.000e+00 -9.026e-04
  4220  0.000e+00  0.000e+00 -8.509e-04
  4225  0.000e+00  0.000e+00 -7.988e-04
  4230  0.000e+00  0.000e+00 -7.473e-04
  4235  0.000e+00  0.000e+00 -6.975e-04
  4240  0.000e+00  0.000e+00 -6.504e-04
  4245  0.000e+00  0.000e+00 -6.073e-04
  4250  0.000e+00  0.000e+00 -5.689e-04
  4255  0.000e+00  0.000e+00 -5.363e-04
  4260  0.000e+00  0.000e+00 -5.101e-04
  4265  0.000e+00  0.000e+00 -4.912e-04
  4270  0.000e+00  0.000e+00 -4.799e-04
  4275  0.000e+00  0.000e+00 -4.767e-04
  4280  0.000e+00  0.000e+00 -4.819e-04
  4285  0.000e+00  0.000e+00 -4.954e-04
  4290  0.000e+00  0.000e+00 -5.172e-04
  4295  0.000e+00  0.000e+00 -5.471e-04
  4300  0.000e+00  0.000e+00 -5.846e-04
  4305  0.000e+00  0.000e+00 -6.292e-04
  4310  0.000e+00  0.000e+00 -6.802e-04
  4315  0.000e+00  0.000e+00 -7.368e-04
  4320  0.000e+00  0.000e+00 -7.982e-04
  4325  0.000e+00  0.000e+00 -8.633e-04
  4330  0.000e+00  0.000e+00 -9.311e-04
  4335  0.000e+00  0.000e+00 -1.001e-03
  4340  0.000e+00  0.000e+00 -1.071e-03
  4345  0.000e+00  0.000e+00 -1.140e-03
  4350  0.000e+00  0.000e+00 -1.208e-03
  4355  0.000e+00  0.000e+00 -1.274e-03
  4360  0.000e+00  0.000e+00 -1.336e-03
  4365  0.000e+00  0.000e+00 -1.393e-03
  4370  0.000e+00  0.000e+00 -1.445e-03
  4375  0.000e+00  0.000e+00 -1.492e-03
  4380  0.000e+00  0.000e+00 -1.532e-03
  4385  0.000e+00  0.000e+00 -1.565e-03
  4390  0.000e+00  0.000e+00 -1.591e-03
  4395  0.000e+00  0.000e+00 -1.610e-03
  4400  0.000e+00  0.000e+00 -1.621e-03
  4405  0.000e+00  0.000e+00 -1.625e-03
  4410  0.000e+00  0.000e+00 -1.622e-03
  4415  0.000e+00  0.000e+00 -1.612e-03
  4420  0.000e+00  0.000e+00 -1.595e-03
  4425  0.000e+00  0.000e+00 -1.572e-03
  4430  0.000e+00  0.000e+00 -1.544e-03
  4435  0.000e+00  0.000e+00 -1.510e-03
  4440  0.000e+00  0.000e+00 -1.472e-03
  4445  0.000e+00  0.000e+00 -1.430e-03
  4450  0.000e+00  0.000e+00 -1.384e-03
  4455  0.000e+00  0.000e+00 -1.336e-03
  4460  0.000e+00  0.000e+00 -1.285e-03
  4465  0.000e+00  0.000e+00 -1.233e-03
  4470  0.000e+00  0.000e+00 -1.180e-03
  4475  0.000e+00  0.000e+00 -1.125e-03
  4480  0.000e+00  0.000e+00 -1.071e-03
  4485  0.000e+00  0.000e+00 -1.016e-03
  4490  0.000e+00  0.000e+00 -9.622e-04
  4495  0.000e+00  0.000e+00 -9.086e-04
  4500  0.000e+00  0.000e+00 -8.558e-04
  4505  0.000e+00  0.000e+00 -8.039e-04
  4510  0.000e+00  0.000e+00 -7.529e-04
  4515  0.000e+00  0.000e+00 -7.031e-04
  4520  0.000e+00  0.000e+00 -6.543e-04
  4525  0.000e+00  0.000e+00 -6.066e-04
  4530  0.000e+00  0.000e+00 -5.601e-04
  4535  0.000e+00  0.000e+00 -5.147e-04
  4540  0.000e+00  0.000e+00 -4.704e-04
  4545  0.000e+00  0.000e+00 -4.272e-04
  4550  0.000e+00  0.000e+00 -3.852e-04
  4555  0.000e+00  0.000e+00 -3.444e-04
  4560  0.000e+00  0.000e+00 -3.049e-04
  4565  0.000e+00  0.000e+00 -2.668e-04
  4570  0.000e+00  0.000e+00 -2.303e-04
  4575  0.000e+00  0.000e+00 -1.955e-04
  4580  0.000e+00  0.000e+00 -1.627e-04
  4585  0.000e+00  0.000e+00 -1.320e-04
  4590  0.000e+00  0.000e+00 -1.038e-04
  4595  0.000e+00  0.000e+00 -7.835e-05
  4600  0.000e+00  0.000e+00 -5.592e-05
  4605  0.000e+00  0.000e+00 -3.685e-05
  4610  0.000e+00  0.000e+00 -2.143e-05
  4615  0.000e+00  0.000e+00 -9.962e-06
  4620  0.000e+00  0.000e+00 -2.734e-06
  4625  0.000e+00  0.000e+00 -5.057e-19
  4630  0.000e+00  0.000e+00 -1.984e-06
  4635  0.000e+00  0.000e+00 -8.869e-06
  4640  0.000e+00  0.000e+00 -2.079e-05
  4645  0.000e+00  0.000e+00 -3.782e-05
  4650  0.000e+00  0.000e+00 -6.000e-05
  4655  0.000e+00  0.000e+00 -8.727e-05
  4660  0.000e+00  0.000e+00 -1.195e-04
  4665  0.000e+00  0.000e+00 -1.566e-04
  4670  0.000e+00  0.000e+00 -1.982e-04
  4675  0.000e+00  0.000e+00 -2.441e-04
  4680  0.000e+00  0.000e+00 -2.939e-04
  4685  0.000e+00  0.000e+00 -3.472e-04
  4690  0.000e+00  0.000e+00 -4.034e-04
  4695  0.000e+00  0.000e+00 -4.621e-04
  4700  0.000e+00  0.000e+00 -5.227e-04
  4705  0.000e+00  0.000e+00 -5.846e-04
  4710  0.000e+00  0.000e+00 -6.471e-04
  4715  0.000e+00  0.000e+00 -7.096e-04
  4720  0.000e+00  0.000e+00 -7.716e-04
  4725  0.000e+00  0.000e+00 -8.323e-04
  4730  0.000e+00  0.000e+00 -8.911e-04
  4735  0.000e+00  0.000e+00 -9.475e-04
  4740  0.000e+00  0.000e+00 -1.001e-03
  4745  0.000e+00  0.000e+00 -1.051e-03
  4750  0.000e+00  0.000e+00 -1.097e-03
  4755  0.000e+00  0.000e+00 -1.138e-03
  4760  0.000e+00  0.000e+00 -1.175e-03
  4765  0.000e+00  0.000e+00 -1.206e-03
  4770  0.000e+00  0.000e+00 -1.233e-03
  4775  0.000e+00  0.000e+00 -1.253e-03
  4780  0.000e+00  0.000e+00 -1.269e-03
  4785  0.000e+00  0.000e+00 -1.279e-03
  4790  0.000e+00  0.000e+00 -1.283e-03
  4795  0.000e+00  0.000e+00 -1.283e-03
  4800  0.000e+00  0.000e+00 -1.277e-03
  4805  0.000e+00  0.000e+00 -1.267e-03
  4810  0.000e+00  0.000e+00 -1.252e-03
  4815  0.000e+00  0.000e+00 -1.233e-03
  4820  0.000e+00  0.000e+00 -1.211e-03
  4825  0.000e+00  0.000e+00 -1.186e-03
  4830  0.000e+00  0.000e+00 -1.158e-03
  4835  0.000e+00  0.000e+00 -1.128e-03
  4840  0.000e+00  0.000e+00 -1.097e-03
  4845  0.000e+00  0.000e+00 -1.066e-03
  4850  0.000e+00  0.000e+00 -1.034e-03
  4855  0.000e+00  0.000e+00 -1.003e-03
  4860  0.000e+00  0.000e+00 -9.729e-04
  4865  0.000e+00  0.000e+00 -9.446e-04
  4870  0.000e+00  0.000e+00 -9.186e-04
  4875  0.000e+00  0.000e+00 -8.953e-04
  4880  0.000e+00  0.000e+00 -8.752e-04
  4885  0.000e+00  0.000e+00 -8.588e-04
  4890  0.000e+00  0.000e+00 -8.463e-04
  4895  0.000e+00  0.000e+00 -8.381e-04
  4900  0.000e+00  0.000e+00 -8.345e-04
  4905  0.000e+00  0.000e+00 -8.354e-04
  4910  0.000e+00  0.000e+00 -8.411e-04
  4915  0.000e+00  0.000e+00 -8.515e-04
  4920  0.000e+00  0.000e+00 -8.665e-04
  4925  0.000e+00  0.000e+00 -8.859e-04
  4930  0.000e+00  0.000e+00 -9.095e-04
  4935  0.000e+00  0.000e+00 -9.369e-04
  4940  0.000e+00  0.000e+00 -9.677e-04
  4945  0.000e+00  0.000e+00 -1.001e-03
  4950  0.000e+00  0.000e+00 -1.038e-03
  4955  0.000e+00  0.000e+00 -1.076e-03
  4960  0.000e+00  0.000e+00 -1.115e-03
  4965  0.000e+00  0.000e+00 -1.154e-03
  4970  0.000e+00  0.000e+00 -1.194e-03
  4975  0.000e+00  0.000e+00 -1.232e-03
  4980  0.000e+00  0.000e+00 -1.269e-03
  4985  0.000e+00  0.000e+00 -1.303e-03
  4990  0.000e+00  0.000e+00 -1.334e-03
  4995  0.000e+00  0.000e+00 -1.361e-03
  5000  0.000e+00  0.000e+00 -1.384e-03
  5005  0.000e+00  0.000e+00 -1.401e-03
  5010  0.000e+00  0.000e+00 -1.413e-03
  5015  0.000e+00  0.000e+00 -1.420e-03
  5020  0.000e+00  0.000e+00 -1.420e-03
  5025  0.000e+00  0.000e+00 -1.413e-03
  5030  0.000e+00  0.000e+00 -1.400e-03
  5035  0.000e+00  0.000e+00 -1.380e-03
  5040  0.000e+00  0.000e+00 -1.353e-03
  5045  0.000e+00  0.000e+00 -1.320e-03
  5050  0.000e+00  0.000e+00 -1.281e-03
  5055  0.000e+00  0.000e+00 -1.236e-03
  5060  0.000e+00  0.000e+00 -1.185e-03
  5065  0.000e+00  0.000e+00 -1.130e-03
  5070  0.000e+00  0.000e+00 -1.071e-03
  5075  0.000e+00  0.000e+00 -1.008e-03
  5080  0.000e+00  0.000e+00 -9.432e-04
  5085  0.000e+00  0.000e+00 -8.762e-04
  5090  0.000e+00  0.000e+00 -8.081e-04
  5095  0.000e+00  0.000e+00 -7.399e-04
  5100  0.000e+00  0.000e+00 -6.724e-04
  5105  0.000e+00  0.000e+00 -6.064e-04
  5110  0.000e+00  0.000e+00 -5.427e-04
  5115  0.000e+00  0.000e+00 -4.820e-04
  5120  0.000e+00  0.000e+00 -4.250e-04
  5125  0.000e+00  0.000e+00 -3.723e-04
  5130  0.000e+00  0.000e+00 -3.244e-04
  5135  0.000e+00  0.000e+00 -2.817e-04
  5140  0.000e+00  0.000e+00 -2.445e-04
  5145  0.000e+00  0.000e+00 -2.131e-04
  5150  0.000e+00  0.000e+00 -1.875e-04
  5155  0.000e+00  0.000e+00 -1.678e-04
  5160  0.000e+00  0.000e+00 -1.538e-04
  5165  0.000e+00  0.000e+00 -1.454e-04
  5170  0.000e+00  0.000e+00 -1.422e-04
  5175  0.000e+00  0.000e+00 -1.440e-04
  5180  0.000e+00  0.000e+00 -1.504e-04
  5185  0.000e+00  0.000e+00 -1.607e-04
  5190  0.000e+00  0.000e+00 -1.745e-04
  5195  0.000e+00  0.000e+00 -1.913e-04
  5200  0.000e+00  0.000e+00 -2.105e-04
  5205  0.000e+00  0.000e+00 -2.315e-04
  5210  0.000e+00  0.000e+00 -2.538e-04
  5215  0.000e+00  0.000e+00 -2.768e-04
  5220  0.000e+00  0.000e+00 -3.002e-04
  5225  0.000e+00  0.000e+00 -3.234e-04
  5230  0.000e+00  0.000e+00 -3.461e-04
  5235  0.000e+00  0.000e+00 -3.681e-04
  5240  0.000e+00  0.000e+00 -3.890e-04
  5245  0.000e+00  0.000e+00 -4.088e-04
  5250  0.000e+00  0.000e+00 -4.274e-04
  5255  0.000e+00  0.000e+00 -4.448e-04
  5260  0.000e+00  0.000e+00 -4.610e-04
  5265  0.000e+00  0.000e+00 -4.762e-04
  5270  0.000e+00  0.000e+00 -4.907e-04
  5275  0.000e+00  0.000e+00 -5.045e-04
  5280  0.000e+00  0.000e+00 -5.181e-04
  5285  0.000e+00  0.000e+00 -5.317e-04
  5290  0.000e+00  0.000e+00 -5.456e-04
  5295  0.000e+00  0.000e+00 -5.601e-04
  5300  0.000e+00  0.000e+00 -5.756e-04
  5305  0.000e+00  0.000e+00 -5.922e-04
  5310  0.000e+00  0.000e+00 -6.102e-04
  5315  0.000e+00  0.000e+00 -6.298e-04
  5320  0.000e+00  0.000e+00 -6.511e-04
  5325  0.000e+00  0.000e+00 -6.740e-04
  5330  0.000e+00  0.000e+00 -6.987e-04
  5335  0.000e+00  0.000e+00 -7.249e-04
  5340  0.000e+00  0.000e+00 -7.525e-04
  5345  0.000e+00  0.000e+00 -7.813e-04
  5350  0.000e+00  0.000e+00 -8.110e-04
  5355  0.000e+00  0.000e+00 -8.411e-04
  5360  0.000e+00  0.000e+00 -8.713e-04
  5365  0.000e+00  0.000e+00 -9.011e-04
  5370  0.000e+00  0.000e+00 -9.300e-04
  5375  0.000e+00  0.000e+00 -9.574e-04
  5380  0.000e+00  0.000e+00 -9.830e-04
  5385  0.000e+00  0.000e+00 -1.006e-03
  5390  0.000e+00  0.000e+00 -1.026e-03
  5395  0.000e+00  0.000e+00 -1.044e-03
  5400  0.000e+00  0.000e+00 -1.057e-03
  5405  0.000e+00  0.000e+00 -1.067e-03
  5410  0.000e+00  0.000e+00 -1.072e-03
  5415  0.000e+00  0.000e+00 -1.073e-03
  5420  0.000e+00  0.000e+00 -1.070e-03
  5425  0.000e+00  0.000e+00 -1.063e-03
  5430  0.000e+00  0.000e+00 -1.052e-03
  5435  0.000e+00  0.000e+00 -1.037e-03
  5440  0.000e+00  0.000e+00 -1.019e-03
  5445  0.000e+00  0.000e+00 -9.987e-04
  5450  0.000e+00  0.000e+00 -9.757e-04
  5455  0.000e+00  0.000e+00 -9.511e-04
  5460  0.000e+00  0.000e+00 -9.255e-04
  5465  0.000e+00  0.000e+00 -8.996e-04
  5470  0.000e+00  0.000e+00 -8.743e-04
  5475  0.000e+00  0.000e+00 -8.501e-04
  5480  0.000e+00  0.000e+00 -8.279e-04
  5485  0.000e+00  0.000e+00 -8.082e-04
  5490  0.000e+00  0.000e+00 -7.918e-04
  5495  0.000e+00  0.000e+00 -7.791e-04
  5500  0.000e+00  0.000e+00 -7.705e-04
  5505  0.000e+00  0.000e+00 -7.665e-04
  5510  0.000e+00  0.000e+00 -7.673e-04
  5515  0.000e+00  0.000e+00 -7.730e-04
  5520  0.000e+00  0.000e+00 -7.835e-04
  5525  0.000e+00  0.000e+00 -7.988e-04
  5530  0.000e+00  0.000e+00 -8.186e-04
  5535  0.000e+00  0.000e+00 -8.425e-04
  5540  0.000e+00  0.000e+00 -8.699e-04
  5545  0.000e+00  0.000e+00 -9.003e-04
  5550  0.000e+00  0.000e+00 -9.329e-04
  5555  0.000e+00  0.000e+00 -9.670e-04
  5560  0.000e+00  0.000e+00 -1.002e-03
  5565  0.000e+00  0.000e+00 -1.036e-03
  5570  0.000e+00  0.000e+00 -1.069e-03
  5575  0.000e+00  0.000e+00 -1.101e-03
  5580  0.000e+00  0.000e+00 -1.129e-03
  5585  0.000e+00  0.000e+00 -1.154e-03
  5590  0.000e+00  0.000e+00 -1.174e-03
  5595  0.000e+00  0.000e+00 -1.188e-03
  5600  0.000e+00  0.000e+00 -1.198e-03
  5605  0.000e+00  0.000e+00 -1.201e-03
  5610  0.000e+00  0.000e+00 -1.197e-03
  5615  0.000e+00  0.000e+00 -1.187e-03
  5620  0.000e+00  0.000e+00 -1.171e-03
  5625  0.000e+00  0.000e+00 -1.148e-03
  5630  0.000e+00  0.000e+00 -1.119e-03
  5635  0.000e+00  0.000e+00 -1.084e-03
  5640  0.000e+00  0.000e+00 -1.044e-03
  5645  0.000e+00  0.000e+00 -1.000e-03
  5650  0.000e+00  0.000e+00 -9.527e-04
  5655  0.000e+00  0.000e+00 -9.026e-04
  5660  0.000e+00  0.000e+00 -8.509e-04
  5665  0.000e+00  0.000e+00 -7.988e-04
  5670  0.000e+00  0.000e+00 -7.473e-04
  5675  0.000e+00  0.000e+00 -6.975e-04
  5680  0.000e+00  0.000e+00 -6.504e-04
  5685  0.000e+00  0.000e+00 -6.073e-04
  5690  0.000e+00  0.000e+00 -5.689e-04
  5695  0.000e+00  0.000e+00 -5.363e-04
  5700  0.000e+00  0.000e+00 -5.101e-04
  5705  0.000e+00  0.000e+00 -4.912e-04
  5710  0.000e+00  0.000e+00 -4.799e-04
  5715  0.000e+00  0.000e+00 -4.767e-04
  5720  0.000e+00  0.000e+00 -4.819e-04
  5725  0.000e+00  0.000e+00 -4.954e-04
  5730  0.000e+00  0.000e+00 -5.172e-04
  5735  0.000e+00  0.000e+00 -5.471e-04
  5740  0.000e+00  0.000e+00 -5.846e-04
  5745  0.000e+00  0.000e+00 -6.292e-04
  5750  0.000e+00  0.000e+00 -6.802e-04
  5755  0.000e+00  0.000e+00 -7.368e-04
  5760  0.000e+00  0.000e+00 -7.982e-04
  5765  0.000e+00  0.000e+00 -8.633e-04
  5770  0.000e+00  0.000e+00 -9.311e-04
  5775  0.000e+00  0.000e+00 -1.001e-03
  5780  0.000e+00  0.000e+00 -1.071e-03
  5785  0.000e+00  0.000e+00 -1.140e-03
  5790  0.000e+00  0.000e+00 -1.208e-03
  5795  0.000e+00  0.000e+00 -1.274e-03
  5800  0.000e+00  0.000e+00 -1.336e-03
  5805  0.000e+00  0.000e+00 -1.393e-03
  5810  0.000e+00  0.000e+00 -1.445e-03
  5815  0.000e+00  0.000e+00 -1.492e-03
  5820  0.000e+00  0.000e+00 -1.532e-03
  5825  0.000e+00  0.000e+00 -1.565e-03
  5830  0.000e+00  0.000e+00 -1.591e-03
  5835  0.000e+00  0.000e+00 -1.610e-03
  5840  0.000e+00  0.000e+00 -1.621e-03
  5845  0.000e+00  0.000e+00 -1.625e-03
  5850  0.000e+00  0.000e+00 -1.622e-03
  5855  0.000e+00  0.000e+00 -1.612e-03
  5860  0.000e+00  0.000e+00 -1.595e-03
  5865  0.000e+00  0.000e+00 -1.572e-03
  5870  0.000e+00  0.000e+00 -1.544e-03
  5875  0.000e+00  0.000e+00 -1.510e-03
  5880  0.000e+00  0.000e+00 -1.472e-03
  5885  0.000e+00  0.000e+00 -1.430e-03
  5890  0.000e+00  0.000e+00 -1.384e-03
  5895  0.000e+00  0.000e+00 -1.336e-03
  5900  0.000e+00  0.000e+00 -1.285e-03
  5905  0.000e+00  0.000e+00 -1.233e-03
  5910  0.000e+00  0.000e+00 -1.180e-03
  5915  0.000e+00  0.000e+00 -1.125e-03
  5920  0.000e+00  0.000e+00 -1.071e-03
  5925  0.000e+00  0.000e+00 -1.016e-03
  5930  0.000e+00  0.000e+00 -9.622e-04
  5935  0.000e+00  0.000e+00 -9.086e-04
  5940  0.000e+00  0.000e+00 -8.558e-04
  5945  0.000e+00  0.000e+00 -8.039e-04
  5950  0.000e+00  0.000e+00 -7.529e-04
  5955  0.000e+00  0.000e+00 -7.031e-04
  5960  0.000e+00  0.000e+00 -6.543e-04
  5965  0.000e+00  0.000e+00 -6.066e-04
  5970  0.000e+00  0.000e+00 -5.601e-04
  5975  0.000e+00  0.000e+00 -5.147e-04
  5980  0.000e+00  0.000e+00 -4.704e-04
  5985  0.000e+00  0.000e+00 -4.272e-04
  5990  0.000e+00  0.000e+00 -3.852e-04
  5995  0.000e+00  0.000e+00 -3.444e-04
  6000  0.000e+00  0.000e+00 -3.049e-04
  6005  0.000e+00  0.000e+00 -2.668e-04
  6010  0.000e+00  0.000e+00 -2.303e-04
  6015  0.000e+00  0.000e+00 -1.955e-04
  6020  0.000e+00  0.000e+00 -1.627e-04
  6025  0.000e+00  0.000e+00 -1.320e-04
  6030  0.000e+00  0.000e+00 -1.038e-04
  6035  0.000e+00  0.000e+00 -7.835e-05
  6040  0.000e+00  0.000e+00 -5.592e-05
  6045  0.000e+00  0.000e+00 -3.685e-05
  6050  0.000e+00  0.000e+00 -2.143e-05
  6055  0.000e+00  0.000e+00 -9.962e-06
  6060  0.000e+00  0.000e+00 -2.734e-06
  6065  0.000e+00  0.000e+00 -0.000e+00
  6070  0.000e+00  0.000e+00 -1.984e-06
  6075  0.000e+00  0.000e+00 -8.869e-06
  6080  0.000e+00  0.000e+00 -2.079e-05
  6085  0.000e+00  0.000e+00 -3.782e-05
  6090  0.000e+00  0.000e+00 -6.000e-05
  6095  0.000e+00  0.000e+00 -8.727e-05
  6100  0.000e+00  0.000e+00 -1.195e-04
  6105  0.000e+00  0.000e+00 -1.566e-04
  6110  0.000e+00  0.000e+00 -1.982e-04
  6115  0.000e+00  0.000e+00 -2.441e-04
  6120  0.000e+00  0.000e+00 -2.939e-04
  6125  0.000e+00  0.000e+00 -3.472e-04
  6130  0.000e+00  0.000e+00 -4.034e-04
  6135  0.000e+00  0.000e+00 -4.621e-04
  6140  0.000e+00  0.000e+00 -5.227e-04
  6145  0.000e+00  0.000e+00 -5.846e-04
  6150  0.000e+00  0.000e+00 -6.471e-04
  6155  0.000e+00  0.000e+00 -7.096e-04
  6160  0.000e+00  0.000e+00 -7.716e-04
  6165  0.000e+00  0.000e+00 -8.323e-04
  6170  0.000e+00  0.000e+00 -8.911e-04
  6175  0.000e+00  0.000e+00 -9.475e-04
  6180  0.000e+00  0.000e+00 -1.001e-03
  6185  0.000e+00  0.000e+00 -1.051e-03
  6190  0.000e+00  0.000e+00 -1.097e-03
  6195  0.000e+00  0.000e+00 -1.138e-03
  6200  0.000e+00  0.000e+00 -1.175e-03
  6205  0.000e+00  0.000e+00 -1.206e-03
  6210  0.000e+00  0.000e+00 -1.233e-03
  6215  0.000e+00  0.000e+00 -1.253e-03
  6220  0.000e+00  0.000e+00 -1.269e-03
  6225  0.000e+00  0.000e+00 -1.279e-03
  6230  0.000e+00  0.000e+00 -1.283e-03
  6235  0.000e+00  0.000e+00 -1.283e-03
  6240  0.000e+00  0.000e+00 -1.277e-03
  6245  0.000e+00  0.000e+00 -1.267e-03
  6250  0.000e+00  0.000e+00 -1.252e-03
  6255  0.000e+00  0.000e+00 -1.233e-03
  6260  0.000e+00  0.000e+00 -1.211e-03
  6265  0.000e+00  0.000e+00 -1.186e-03
  6270  0.000e+00  0.000e+00 -1.158e-03
  6275  0.000e+00  0.000e+00 -1.128e-03
  6280  0.000e+00  0.000e+00 -1.097e-03
  6285  0.000e+00  0.000e+00 -1.066e-03
  6290  0.000e+00  0.000e+00 -1.034e-03
  6295  0.000e+00  0.000e+00 -1.003e-03
  6300  0.000e+00  0.000e+00 -9.729e-04
  6305  0.000e+00  0.000e+00 -9.446e-04
  6310  0.000e+00  0.000e+00 -9.186e-04
  6315  0.000e+00  0.000e+00 -8.953e-04
  6320  0.000e+00  0.000e+00 -8.752e-04
  6325  0.000e+00  0.000e+00 -8.588e-04
  6330  0.000e+00  0.000e+00 -8.463e-04
  6335  0.000e+00  0.000e+00 -8.381e-04
  6340  0.000e+00  0.000e+00 -8.345e-04
  6345  0.000e+00  0.000e+00 -8.354e-04
  6350  0.000e+00  0.000e+00 -8.411e-04
  6355  0.000e+00  0.000e+00 -8.515e-04
  6360  0.000e+00  0.000e+00 -8.665e-04
  6365  0.000e+00  0.000e+00 -8.859e-04
  6370  0.000e+00  0.000e+00 -9.095e-04
  6375  0.000e+00  0.000e+00 -9.369e-04
  6380  0.000e+00  0.000e+00 -9.677e-04
  6385  0.000e+00  0.000e+00 -1.001e-03
  6390  0.000e+00  0.000e+00 -1.038e-03
  6395  0.000e+00  0.000e+00 -1.076e-03
  6400  0.000e+00  0.000e+00 -1.115e-03
  6405  0.000e+00  0.000e+00 -1.154e-03
  6410  0.000e+00  0.000e+00 -1.194e-03
  6415  0.000e+00  0.000e+00 -1.232e-03
  6420  0.000e+00  0.000e+00 -1.269e-03
  6425  0.000e+00  0.000e+00 -1.303e-03
  6430  0.000e+00  0.000e+00 -1.334e-03
  6435  0.000e+00  0.000e+00 -1.361e-03
  6440  0.000e+00  0.000e+00 -1.384e-03
  6445  0.000e+00  0.000e+00 -1.401e-03
  6450  0.000e+00  0.000e+00 -1.413e-03
  6455  0.000e+00  0.000e+00 -1.420e-03
  6460  0.000e+00  0.000e+00 -1.420e-03
  6465  0.000e+00  0.000e+00 -1.413e-03
  6470  0.000e+00  0.000e+00 -1.400e-03
  6475  0.000e+00  0.000e+00 -1.380e-03
  6480  0.000e+00  0.000e+00 -1.353e-03
  6485  0.000e+00  0.000e+00 -1.320e-03
  6490  0.000e+00  0.000e+00 -1.281e-03
  6495  0.000e+00  0.000e+00 -1.236e-03
  6500  0.000e+00  0.000e+00 -1.185e-03
  6505  0.000e+00  0.000e+00 -1.130e-03
  6510  0.000e+00  0.000e+00 -1.071e-03
  6515  0.000e+00  0.000e+00 -1.008e-03
  6520  0.000e+00  0.000e+00 -9.432e-04
  6525  0.000e+00  0.000e+00 -8.762e-04
  6530  0.000e+00  0.000e+00 -8.081e-04
  6535  0.000e+00  0.000e+00 -7.399e-04
  6540  0.000e+00  0.000e+00 -6.724e-04
  6545  0.000e+00  0.000e+00 -6.064e-04
  6550  0.000e+00  0.000e+00 -5.427e-04
  6555  0.000e+00  0.000e+00 -4.820e-04
  6560  0.000e+00  0.000e+00 -4.250e-04
  6565  0.000e+00  0.000e+00 -3.723e-04
  6570  0.000e+00  0.000e+00 -3.244e-04
  6575  0.000e+00  0.000e+00 -2.817e-04
  6580  0.000e+00  0.000e+00 -2.445e-04
  6585  0.000e+00  0.000e+00 -2.131e-04
  6590  0.000e+00  0.000e+00 -1.875e-04
  6595  0.000e+00  0.000e+00 -1.678e-04
  6600  0.000e+00  0.000e+00 -1.538e-04
  6605  0.000e+00  0.000e+00 -1.454e-04
  6610  0.000e+00  0.000e+00 -1.422e-04
  6615  0.000e+00  0.000e+00 -1.440e-04
  6620  0.000e+00  0.000e+00 -1.504e-04
  6625  0.000e+00  0.000e+00 -1.607e-04
  6630  0.000e+00  0.000e+00 -1.745e-04
  6635  0.000e+00  0.000e+00 -1.913e-04
  6640  0.000e+00  0.000e+00 -2.105e-04
  6645  0.000e+00  0.000e+00 -2.315e-04
  6650  0.000e+00  0.000e+00 -2.538e-04
  6655  0.000e+00  0.000e+00 -2.768e-04
  6660  0.000e+00  0.000e+00 -3.002e-04
  6665  0.000e+00  0.000e+00 -3.234e-04
  6670  0.000e+00  0.000e+00 -3.461e-04
  6675  0.000e+00  0.000e+00 -3.681e-04
  6680  0.000e+00  0.000e+00 -3.890e-04
  6685  0.000e+00  0.000e+00 -4.088e-04
  6690  0.000e+00  0.000e+00 -4.274e-04
  6695  0.000e+00  0.000e+00 -4.448e-04
  6700  0.000e+00  0.000e+00 -4.610e-04
  6705  0.000e+00  0.000e+00 -4.762e-04
  6710  0.000e+00  0.000e+00 -4.907e-04
  6715  0.000e+00  0.000e+00 -5.045e-04
  6720  0.000e+00  0.000e+00 -5.181e-04
  6725  0.000e+00  0.000e+00 -5.317e-04
  6730  0.000e+00  0.000e+00 -5.456e-04
  6735  0.000e+00  0.000e+00 -5.601e-04
  6740  0.000e+00  0.000e+00 -5.756e-04
  6745  0.000e+00  0.000e+00 -5.922e-04
  6750  0.000e+00  0.000e+00 -6.102e-04
  6755  0.000e+00  0.000e+00 -6.298e-04
  6760  0.000e+00  0.000e+00 -6.511e-04
  6765  0.000e+00  0.000e+00 -6.740e-04
  6770  0.000e+00  0.000e+00 -6.987e-04
  6775  0.000e+00  0.000e+00 -7.249e-04
  6780  0.000e+00  0.000e+00 -7.525e-04
  6785  0.000e+00  0.000e+00 -7.813e-04
  6790  0.000e+00  0.000e+00 -8.110e-04
  6795  0.000e+00  0.000e+00 -8.411e-04
  6800  0.000e+00  0.000e+00 -8.713e-04
  6805  0.000e+00  0.000e+00 -9.011e-04
  6810  0.000e+00  0.000e+00 -9.300e-04
  6815  0.000e+00  0.000e+00 -9.574e-04
  6820  0.000e+00  0.000e+00 -9.830e-04
  6825  0.000e+00  0.000e+00 -1.006e-03
  6830  0.000e+00  0.000e+00 -1.026e-03
  6835  0.000e+00  0.000e+00 -1.044e-03
  6840  0.000e+00  0.000e+00 -1.057e-03
  6845  0.000e+00  0.000e+00 -1.067e-03
  6850  0.000e+00  0.000e+00 -1.072e-03
  6855  0.000e+00  0.000e+00 -1.073e-03
  6860  0.000e+00  0.000e+00 -1.070e-03
  6865  0.000e+00  0.000e+00 -1.063e-03
  6870  0.000e+00  0.000e+00 -1.052e-03
  6875  0.000e+00  0.000e+00 -1.037e-03
  6880  0.000e+00  0.000e+00 -1.019e-03
  6885  0.000e+00  0.000e+00 -9.987e-04
  6890  0.000e+00  0.000e+00 -9.757e-04
  6895  0.000e+00  0.000e+00 -9.511e-04
  6900  0.000e+00  0.000e+00 -9.255e-04
  6905  0.000e+00  0.000e+00 -8.996e-04
  6910  0.000e+00  0.000e+00 -8.743e-04
  6915  0.000e+00  0.000e+00 -8.501e-04
  6920  0.000e+00  0.000e+00 -8.279e-04
  6925  0.000e+00  0.000e+00 -8.082e-04
  6930  0.000e+00  0.000e+00 -7.918e-04
  6935  0.000e+00  0.000e+00 -7.791e-04
  6940  0.000e+00  0.000e+00 -7.705e-04
  6945  0.000e+00  0.000e+00 -7.665e-04
  6950  0.000e+00  0.000e+00 -7.673e-04
  6955  0.000e+00  0.000e+00 -7.730e-04
  6960  0.000e+00  0.000e+00 -7.835e-04
  6965  0.000e+00  0.000e+00 -7.988e-04
  6970  0.000e+00  0.000e+00 -8.186e-04
  6975  0.000e+00  0.000e+00 -8.425e-04
  6980  0.000e+00  0.000e+00 -8.699e-04
  6985  0.000e+00  0.000e+00 -9.003e-04
  6990  0.000e+00  0.000e+00 -9.329e-04
  6995  0.000e+00  0.000e+00 -9.670e-04
  7000  0.000e+00  0.000e+00 -1.002e-03
  7005  0.000e+00  0.000e+00 -1.036e-03
  7010  0.000e+00  0.000e+00 -1.069e-03
  7015  0.000e+00  0.000e+00 -1.101e-03
  7020  0.000e+00  0.000e+00 -1.129e-03
  7025  0.000e+00  0.000e+00 -1.154e-03
  7030  0.000e+00  0.000e+00 -1.174e-03
  7035  0.000e+00  0.000e+00 -1.188e-03
  7040  0.000e+00  0.000e+00 -1.198e-03
  7045  0.000e+00  0.000e+00 -1.201e-03
  7050  0.000e+00  0.000e+00 -1.197e-03
  7055  0.000e+00  0.000e+00 -1.187e-03
  7060  0.000e+00  0.000e+00 -1.171e-03
  7065  0.000e+00  0.000e+00 -1.148e-03
  7070  0.000e+00  0.000e+00 -1.119e-03
  7075  0.000e+00  0.000e+00 -1.084e-03
  7080  0.000e+00  0.000e+00 -1.044e-03
  7085  0.000e+00  0.000e+00 -1.000e-03
  7090  0.000e+00  0.000e+00 -9.527e-04
  7095  0.000e+00  0.000e+00 -9.026e-04
  7100  0.000e+00  0.000e+00 -8.509e-04
  7105  0.000e+00  0.000e+00 -7.988e-04
  7110  0.000e+00  0.000e+00 -7.473e-04
  7115  0.000e+00  0.000e+00 -6.975e-04
  7120  0.000e+00  0.000e+00 -6.504e-04
  7125  0.000e+00  0.000e+00 -6.073e-04
  7130  0.000e+00  0.000e+00 -5.689e-04
  7135  0.000e+00  0.000e+00 -5.363e-04
  7140  0.000e+00  0.000e+00 -5.101e-04
  7145  0.000e+00  0.000e+00 -4.912e-04
  7150  0.000e+00  0.000e+00 -4.799e-04
  7155  0.000e+00  0.000e+00 -4.767e-04
  7160  0.000e+00  0.000e+00 -4.819e-04
  7165  0.000e+00  0.000e+00 -4.954e-04
  7170  0.000e+00  0.000e+00 -5.172e-04
  7175  0.000e+00  0.000e+00 -5.471e-04
  7180  0.000e+00  0.000e+00 -5.846e-04
  7185  0.000e+00  0.000e+00 -6.292e-04
  7190  0.000e+00  0.000e+00 -6.802e-04
  7195  0.000e+00  0.000e+00 -7.368e-04
  7200  0.000e+00  0.000e+00 -7.982e-04
  7205  0.000e+00  0.000e+00 -8.633e-04
  7210  0.000e+00  0.000e+00 -9.311e-04
  7215  0.000e+00  0.000e+00 -1.001e-03
  7220  0.000e+00  0.000e+00 -1.071e-03
  7225  0.000e+00  0.000e+00 -1.140e-03
  7230  0.000e+00  0.000e+00 -1.208e-03
  7235  0.000e+00  0.000e+00 -1.274e-03
  7240  0.000e+00  0.000e+00 -1.336e-03
  7245  0.000e+00  0.000e+00 -1.393e-03
  7250  0.000e+00  0.000e+00 -1.445e-03
  7255  0.000e+00  0.000e+00 -1.492e-03
  7260  0.000e+00  0.000e+00 -1.532e-03
  7265  0.000e+00  0.000e+00 -1.565e-03
  7270  0.000e+00  0.000e+00 -1.591e-03
  7275  0.000e+00  0.000e+00 -1.610e-03
  7280  0.000e+00  0.000e+00 -1.621e-03
  7285  0.000e+00  0.000e+00 -1.625e-03
  7290  0.000e+00  0.000e+00 -1.622e-03
  7295  0.000e+00  0.000e+00 -1.612e-03
  7300  0.000e+00  0.000e+00 -1.595e-03
  7305  0.000e+00  0.000e+00 -1.572e-03
  7310  0.000e+00  0.000e+00 -1.544e-03
  7315  0.000e+00  0.000e+00 -1.510e-03
  7320  0.000e+00  0.000e+00 -1.472e-03
  7325  0.000e+00  0.000e+00 -1.430e-03
  7330  0.000e+00  0.000e+00 -1.384e-03
  7335  0.000e+00  0.000e+00 -1.336e-03
  7340  0.000e+00  0.000e+00 -1.285e-03
  7345  0.000e+00  0.000e+00 -1.233e-03
  7350  0.000e+00  0.000e+00 -1.180e-03
  7355  0.000e+00  0.000e+00 -1.125e-03
  7360  0.000e+00  0.000e+00 -1.071e-03
  7365  0.000e+00  0.000e+00 -1.016e-03
  7370  0.000e+00  0.000e+00 -9.622e-04
  7375  0.000e+00  0.000e+00 -9.086e-04
  7380  0.000e+00  0.000e+00 -8.558e-04
  7385  0.000e+00  0.000e+00 -8.039e-04
  7390  0.000e+00  0.000e+00 -7.529e-04
  7395  0.000e+00  0.000e+00 -7.031e-04
  7400  0.000e+00  0.000e+00 -6.543e-04
  7405  0.000e+00  0.000e+00 -6.066e-04
  7410  0.000e+00  0.000e+00 -5.601e-04
  7415  0.000e+00  0.000e+00 -5.147e-04
  7420  0.000e+00  0.000e+00 -4.704e-04
  7425  0.000e+00  0.000e+00 -4.272e-04
  7430  0.000e+00  0.000e+00 -3.852e-04
  7435  0.000e+00  0.000e+00 -3.444e-04
  7440  0.000e+00  0.000e+00 -3.049e-04
  7445  0.000e+00  0.000e+00 -2.668e-04
  7450  0.000e+00  0.000e+00 -2.303e-04
  7455  0.000e+00  0.000e+00 -1.955e-04
  7460  0.000e+00  0.000e+00 -1.627e-04
  7465  0.000e+00  0.000e+00 -1.320e-04
  7470  0.000e+00  0.000e+00 -1.038e-04
  7475  0.000e+00  0.000e+00 -7.835e-05
  7480  0.000e+00  0.000e+00 -5.592e-05
  7485  0.000e+00  0.000e+00 -3.685e-05
  7490  0.000e+00  0.000e+00 -2.143e-05
  7495  0.000e+00  0.000e+00 -9.962e-06
  7500  0.000e+00  0.000e+00 -2.734e-06
  7505  0.000e+00  0.000e+00 -7.755e-18
  7510  0.000e+00  0.000e+00 -1.984e-06
  7515  0.000e+00  0.000e+00 -8.869e-06
  7520  0.000e+00  0.000e+00 -2.079e-05
  7525  0.000e+00  0.000e+00 -3.782e-05
  7530  0.000e+00  0.000e+00 -6.000e-05
  7535  0.000e+00  0.000e+00 -8.727e-05
  7540  0.000e+00  0.000e+00 -1.195e-04
  7545  0.000e+00  0.000e+00 -1.566e-04
  7550  0.000e+00  0.000e+00 -1.982e-04
  7555  0.000e+00  0.000e+00 -2.441e-04
  7560  0.000e+00  0.000e+00 -2.939e-04
  7565  0.000e+00  0.000e+00 -3.472e-04
  7570  0.000e+00  0.000e+00 -4.034e-04
  7575  0.000e+00  0.000e+00 -4.621e-04
  7580  0.000e+00  0.000e+00 -5.227e-04
  7585  0.000e+00  0.000e+00 -5.846e-04
  7590  0.000e+00  0.000e+00 -6.471e-04
  7595  0.000e+00  0.000e+00 -7.096e-04
  7600  0.000e+00  0.000e+00 -7.716e-04
  7605  0.000e+00  0.000e+00 -8.323e-04
  7610  0.000e+00  0.000e+00 -8.911e-04
  7615  0.000e+00  0.000e+00 -9.475e-04
  7620  0.000e+00  0.000e+00 -1.001e-03
  7625  0.000e+00  0.000e+00 -1.051e-03
  7630  0.000e+00  0.000e+00 -1.097e-03
  7635  0.000e+00  0.000e+00 -1.138e-03
  7640  0.000e+00  0.000e+00 -1.175e-03
  7645  0.000e+00  0.000e+00 -1.206e-03
  7650  0.000e+00  0.000e+00 -1.233e-03
  7655  0.000e+00  0.000e+00 -1.253e-03
  7660  0.000e+00  0.000e+00 -1.269e-03
  7665  0.000e+00  0.000e+00 -1.279e-03
  7670  0.000e+00  0.000e+00 -1.283e-03
  7675  0.000e+00  0.000e+00 -1.283e-03
  7680  0.000e+00  0.000e+00 -1.277e-03
  7685  0.000e+00  0.000e+00 -1.267e-03
  7690  0.000e+00  0.000e+00 -1.252e-03
  7695  0.000e+00  0.000e+00 -1.233e-03
  7700  0.000e+00  0.000e+00 -1.211e-03
  7705  0.000e+00  0.000e+00 -1.186e-03
  7710  0.000e+00  0.000e+00 -1.158e-03
  7715  0.000e+00  0.000e+00 -1.128e-03
  7720  0.000e+00  0.000e+00 -1.097e-03
  7725  0.000e+00  0.000e+00 -1.066e-03
  7730  0.000e+00  0.000e+00 -1.034e-03
  7735  0.000e+00  0.000e+00 -1.003e-03
  7740  0.000e+00  0.000e+00 -9.729e-04
  7745  0.000e+00  0.000e+00 -9.446e-04
  7750  0.000e+00  0.000e+00 -9.186e-04
  7755  0.000e+00  0.000e+00 -8.953e-04
  7760  0.000e+00  0.000e+00 -8.752e-04
  7765  0.000e+00  0.000e+00 -8.588e-04
  7770  0.000e+00  0.000e+00 -8.463e-04
  7775  0.000e+00  0.000e+00 -8.381e-04
  7780  0.000e+00  0.000e+00 -8.345e-04
  7785  0.000e+00  0.000e+00 -8.354e-04
  7790  0.000e+00  0.000e+00 -8.411e-04
  7795  0.000e+00  0.000e+00 -8.515e-04
  7800  0.000e+00  0.000e+00 -8.665e-04
  7805  0.000e+00  0.000e+00 -8.859e-04
  7810  0.000e+00  0.000e+00 -9.095e-04
  7815  0.000e+00  0.000e+00 -9.369e-04
  7820  0.000e+00  0.000e+00 -9.677e-04
  7825  0.000e+00  0.000e+00 -1.001e-03
  7830  0.000e+00  0.000e+00 -1.038e-03
  7835  0.000e+00  0.000e+00 -1.076e-03
  7840  0.000e+00  0.000e+00 -1.115e-03
  7845  0.000e+00  0.000e+00 -1.154e-03
  7850  0.000e+00  0.000e+00 -1.194e-03
  7855  0.000e+00  0.000e+00 -1.232e-03
  7860  0.000e+00  0.000e+00 -1.269e-03
  7865  0.000e+00  0.000e+00 -1.303e-03
  7870  0.000e+00  0.000e+00 -1.334e-03
  7875  0.000e+00  0.000e+00 -1.361e-03
  7880  0.000e+00  0.000e+00 -1.384e-03
  7885  0.000e+00  0.000e+00 -1.401e-03
  7890  0.000e+00  0.000e+00 -1.413e-03
  7895  0.000e+00  0.000e+00 -1.420e-03
  7900  0.000e+00  0.000e+00 -1.420e-03
  7905  0.000e+00  0.000e+00 -1.413e-03
  7910  0.000e+00  0.000e+00 -1.400e-03
  7915  0.000e+00  0.000e+00 -1.380e-03
  7920  0.000e+00  0.000e+00 -1.353e-03
  7925  0.000e+00  0.000e+00 -1.320e-03
  7930  0.000e+00  0.000e+00 -1.281e-03
  7935  0.000e+00  0.000e+00 -1.236e-03
  7940  0.000e+00  0.000e+00 -1.185e-03
  7945  0.000e+00  0.000e+00 -1.130e-03
  7950  0.000e+00  0.000e+00 -1.071e-03
  7955  0.000e+00  0.000e+00 -1.008e-03
  7960  0.000e+00  0.000e+00 -9.432e-04
  7965  0.000e+00  0.000e+00 -8.762e-04
  7970  0.000e+00  0.000e+00 -8.081e-04
  7975  0.000e+00  0.000e+00 -7.399e-04
  7980  0.000e+00  0.000e+00 -6.724e-04
  7985  0.000e+00  0.000e+00 -6.064e-04
  7990  0.000e+00  0.000e+00 -5.427e-04
  7995  0.000e+00  0.000e+00 -4.820e-04
  8000  0.000e+00  0.000e+00 -4.250e-04
  8005  0.000e+00  0.000e+00 -3.723e-04
  8010  0.000e+00  0.000e+00 -3.244e-04
  8015  0.000e+00  0.000e+00 -2.817e-04
  8020  0.000e+00  0.000e+00 -2.445e-04
  8025  0.000e+00  0.000e+00 -2.131e-04
  8030  0.000e+00  0.000e+00 -1.875e-04
  8035  0.000e+00  0.000e+00 -1.678e-04
  8040  0.000e+00  0.000e+00 -1.538e-04
  8045  0.000e+00  0.000e+00 -1.454e-04
  8050  0.000e+00  0.000e+00 -1.422e-04
  8055  0.000e+00  0.000e+00 -1.440e-04
  8060  0.000e+00  0.000e+00 -1.504e-04
  8065  0.000e+00  0.000e+00 -1.607e-04
  8070  0.000e+00  0.000e+00 -1.745e-04
  8075  0.000e+00  0.000e+00 -1.913e-04
  8080  0.000e+00  0.000e+00 -2.105e-04
  8085  0.000e+00  0.000e+00 -2.315e-04
  8090  0.000e+00  0.000e+00 -2.538e-04
  8095  0.000e+00  0.000e+00 -2.768e-04
  8100  0.000e+00  0.000e+00 -3.002e-04
  8105  0.000e+00  0.000e+00 -3.234e-04
  8110  0.000e+00  0.000e+00 -3.461e-04
  8115  0.000e+00  0.000e+00 -3.681e-04
  8120  0.000e+00  0.000e+00 -3.890e-04
  8125  0.000e+00  0.000e+00 -4.088e-04
  8130  0.000e+00  0.000e+00 -4.274e-04
  8135  0.000e+00  0.000e+00 -4.448e-04
  8140  0.000e+00  0.000e+00 -4.610e-04
  8145  0.000e+00  0.000e+00 -4.762e-04
  8150  0.000e+00  0.000e+00 -4.907e-04
  8155  0.000e+00  0.000e+00 -5.045e-04
  8160  0.000e+00  0.000e+00 -5.181e-04
  8165  0.000e+00  0.000e+00 -5.317e-04
  8170  0.000e+00  0.000e+00 -5.456e-04
  8175  0.000e+00  0.000e+00 -5.601e-04
  8180  0.000e+00  0.000e+00 -5.756e-04
  8185  0.000e+00  0.000e+00 -5.922e-04
  8190  0.000e+00  0.000e+00 -6.102e-04
  8195  0.000e+00  0.000e+00 -6.298e-04
  8200  0.000e+00  0.000e+00 -6.511e-04
  8205  0.000e+00  0.000e+00 -6.740e-04
  8210  0.000e+00  0.000e+00 -6.987e-04
  8215  0.000e+00  0.000e+00 -7.249e-04
  8220  0.000e+00  0.000e+00 -7.525e-04
  8225  0.000e+00  0.000e+00 -7.813e-04
  8230  0.000e+00  0.000e+00 -8.110e-04
  8235  0.000e+00  0.000e+00 -8.411e-04
  8240  0.000e+00  0.000e+00 -8.713e-04
  8245  0.000e+00  0.000e+00 -9.011e-04
  8250  0.000e+00  0.000e+00 -9.300e-04
  8255  0.000e+00  0.000e+00 -9.574e-04
  8260  0.000e+00  0.000e+00 -9.830e-04
  8265  0.000e+00  0.000e+00 -1.006e-03
  8270  0.000e+00  0.000e+00 -1.026e-03
  8275  0.000e+00  0.000e+00 -1.044e-03
  8280  0.000e+00  0.000e+00 -1.057e-03
  8285  0.000e+00  0.000e+00 -1.067e-03
  8290  0.000e+00  0.000e+00 -1.072e-03
  8295  0.000e+00  0.000e+00 -1.073e-03
  8300  0.000e+00  0.000e+00 -1.070e-03
  8305  0.000e+00  0.000e+00 -1.063e-03
  8310  0.000e+00  0.000e+00 -1.052e-03
  8315  0.000e+00  0.000e+00 -1.037e-03
  8320  0.000e+00  0.000e+00 -1.019e-03
  8325  0.000e+00  0.000e+00 -9.987e-04
  8330  0.000e+00  0.000e+00 -9.757e-04
  8335  0.000e+00  0.000e+00 -9.511e-04
  8340  0.000e+00  0.000e+00 -9.255e-04
  8345  0.000e+00  0.000e+00 -8.996e-04
  8350  0.000e+00  0.000e+00 -8.743e-04
  8355  0.000e+00  0.000e+00 -8.501e-04
  8360  0.000e+00  0.000e+00 -8.279e-04
  8365  0.000e+00  0.000e+00 -8.082e-04
  8370  0.000e+00  0.000e+00 -7.918e-04
  8375  0.000e+00  0.000e+00 -7.791e-04
  8380  0.000e+00  0.000e+00 -7.705e-04
  8385  0.000e+00  0.000e+00 -7.665e-04
  8390  0.000e+00  0.000e+00 -7.673e-04
  8395  0.000e+00  0.000e+00 -7.730e-04
  8400  0.000e+00  0.000e+00 -7.835e-04
  8405  0.000e+00  0.000e+00 -7.988e-04
  8410  0.000e+00  0.000e+00 -8.186e-04
  8415  0.000e+00  0.000e+00 -8.425e-04
  8420  0.000e+00  0.000e+00 -8.699e-04
  8425  0.000e+00  0.000e+00 -9.003e-04
  8430  0.000e+00  0.000e+00 -9.329e-04
  8435  0.000e+00  0.000e+00 -9.670e-04
  8440  0.000e+00  0.000e+00 -1.002e-03
  8445  0.000e+00  0.000e+00 -1.036e-03
  8450  0.000e+00  0.000e+00 -1.069e-03
  8455  0.000e+00  0.000e+00 -1.101e-03
  8460  0.000e+00  0.000e+00 -1.129e-03
  8465  0.000e+00  0.000e+00 -1.154e-03
  8470  0.000e+00  0.000e+00 -1.174e-03
  8475  0.000e+00  0.000e+00 -1.188e-03
  8480  0.000e+00  0.000e+00 -1.198e-03
  8485  0.000e+00  0.000e+00 -1.201e-03
  8490  0.000e+00  0.000e+00 -1.197e-03
  8495  0.000e+00  0.000e+00 -1.187e-03
  8500  0.000e+00  0.000e+00 -1.171e-03
  8505  0.000e+00  0.000e+00 -1.148e-03
  8510  0.000e+00  0.000e+00 -1.119e-03
  8515  0.000e+00  0.000e+00 -1.084e-03
  8520  0.000e+00  0.000e+00 -1.044e-03
  8525  0.000e+00  0.000e+00 -1.000e-03
  8530  0.000e+00  0.000e+00 -9.527e-04
  8535  0.000e+00  0.000e+00 -9.026e-04
  8540  0.000e+00  0.000e+00 -8.509e-04
  8545  0.000e+00  0.000e+00 -7.988e-04
  8550  0.000e+00  0.000e+00 -7.473e-04
  8555  0.000e+00  0.000e+00 -6.975e-04
  8560  0.000e+00  0.000e+00 -6.504e-04
  8565  0.000e+00  0.000e+00 -6.073e-04
  8570  0.000e+00  0.000e+00 -5.689e-04
  8575  0.000e+00  0.000e+00 -5.363e-04
  8580  0.000e+00  0.000e+00 -5.101e-04
  8585  0.000e+00  0.000e+00 -4.912e-04
  8590  0.000e+00  0.000e+00 -4.799e-04
  8595  0.000e+00  0.000e+00 -4.767e-04
  8600  0.000e+00  0.000e+00 -4.819e-04
  8605  0.000e+00  0.000e+00 -4.954e-04
  8610  0.000e+00  0.000e+00 -5.172e-04
  8615  0.000e+00  0.000e+00 -5.471e-04
  8620  0.000e+00  0.000e+00 -5.846e-04
  8625  0.000e+00  0.000e+00 -6.292e-04
  8630  0.000e+00  0.000e+00 -6.802e-04
  8635  0.000e+00  0.000e+00 -7.368e-04
  8640  0.000e+00  0.000e+00 -7.982e-04
  8645  0.000e+00  0.000e+00 -8.633e-04
  8650  0.000e+00  0.000e+00 -9.311e-04
  8655  0.000e+00  0.000e+00 -1.001e-03
  8660  0.000e+00  0.000e+00 -1.071e-03
  8665  0.000e+00  0.000e+00 -1.140e-03
  8670  0.000e+00  0.000e+00 -1.208e-03
  8675  0.000e+00  0.000e+00 -1.274e-03
  8680  0.000e+00  0.000e+00 -1.336e-03
  8685  0.000e+00  0.000e+00 -1.393e-03
  8690  0.000e+00  0.000e+00 -1.445e-03
  8695  0.000e+00  0.000e+00 -1.492e-03
  8700  0.000e+00  0.000e+00 -1.532e-03
  8705  0.000e+00  0.000e+00 -1.565e-03
  8710  0.000e+00  0.000e+00 -1.591e-03
  8715  0.000e+00  0.000e+00 -1.610e-03
  8720  0.000e+00  0.000e+00 -1.621e-03
  8725  0.000e+00  0.000e+00 -1.625e-03
  8730  0.000e+00  0.000e+00 -1.622e-03
  8735  0.000e+00  0.000e+00 -1.612e-03
  8740  0.000e+00  0.000e+00 -1.595e-03
  8745  0.000e+00  0.000e+00 -1.572e-03
  8750  0.000e+00  0.000e+00 -1.544e-03
  8755  0.000e+00  0.000e+00 -1.510e-03
  8760  0.000e+00  0.000e+00 -1.472e-03
  8765  0.000e+00  0.000e+00 -1.430e-03
  8770  0.000e+00  0.000e+00 -1.384e-03
  8775  0.000e+00  0.000e+00 -1.336e-03
  8780  0.000e+00  0.000e+00 -1.285e-03
  8785  0.000e+00  0.000e+00 -1.233e-03
  8790  0.000e+00  0.000e+00 -1.180e-03
  8795  0.000e+00  0.000e+00 -1.125e-03
  8800  0.000e+00  0.000e+00 -1.071e-03
  8805  0.000e+00  0.000e+00 -1.016e-03
  8810  0.000e+00  0.000e+00 -9.622e-04
  8815  0.000e+00  0.000e+00 -9.086e-04
  8820  0.000e+00  0.000e+00 -8.558e-04
  8825  0.000e+00  0.000e+00 -8.039e-04
  8830  0.000e+00  0.000e+00 -7.529e-04
  8835  0.000e+00  0.000e+00 -7.031e-04
  8840  0.000e+00  0.000e+00 -6.543e-04
  8845  0.000e+00  0.000e+00 -6.066e-04
  8850  0.000e+00  0.000e+00 -5.601e-04
  8855  0.000e+00  0.000e+00 -5.147e-04
  8860  0.000e+00  0.000e+00 -4.704e-04
  8865  0.000e+00  0.000e+00 -4.272e-04
  8870  0.000e+00  0.000e+00 -3.852e-04
  8875  0.000e+00  0.000e+00 -3.444e-04
  8880  0.000e+00  0.000e+00 -3.049e-04
  8885  0.000e+00  0.000e+00 -2.668e-04
  8890  0.000e+00  0.000e+00 -2.303e-04
  8895  0.000e+00  0.000e+00 -1.955e-04
  8900  0.000e+00  0.000e+00 -1.627e-04
  8905  0.000e+00  0.000e+00 -1.320e-04
  8910  0.000e+00  0.000e+00 -1.038e-04
  8915  0.000e+00  0.000e+00 -7.835e-05
  8920  0.000e+00  0.000e+00 -5.592e-05
  8925  0.000e+00  0.000e+00 -3.685e-05
  8930  0.000e+00  0.000e+00 -2.143e-05
  8935  0.000e+00  0.000e+00 -9.962e-06
  8940  0.000e+00  0.000e+00 -2.734e-06
  8945  0.000e+00  0.000e+00 -3.203e-18
  8950  0.000e+00  0.000e+00 -1.984e-06
  8955  0.000e+00  0.000e+00 -8.869e-06
  8960  0.000e+00  0.000e+00 -2.079e-05
  8965  0.000e+00  0.000e+00 -3.782e-05
  8970  0.000e+00  0.000e+00 -6.000e-05
  8975  0.000e+00  0.000e+00 -8.727e-05
  8980  0.000e+00  0.000e+00 -1.195e-04
  8985  0.000e+00  0.000e+00 -1.566e-04
  8990  0.000e+00  0.000e+00 -1.982e-04
  8995  0.000e+00  0.000e+00 -2.441e-04
  9000  0.000e+00  0.000e+00 -2.939e-04
  9005  0.000e+00  0.000e+00 -3.472e-04
  9010  0.000e+00  0.000e+00 -4.034e-04
  9015  0.000e+00  0.000e+00 -4.621e-04
  9020  0.000e+00  0.000e+00 -5.227e-04
  9025  0.000e+00  0.000e+00 -5.846e-04
  9030  0.000e+00  0.000e+00 -6.471e-04
  9035  0.000e+00  0.000e+00 -7.096e-04
  9040  0.000e+00  0.000e+00 -7.716e-04
  9045  0.000e+00  0.000e+00 -8.323e-04
  9050  0.000e+00  0.000e+00 -8.911e-04
  9055  0.000e+00  0.000e+00 -9.475e-04
  9060  0.000e+00  0.000e+00 -1.001e-03
  9065  0.000e+00  0.000e+00 -1.051e-03
  9070  0.000e+00  0.000e+00 -1.097e-03
  9075  0.000e+00  0.000e+00 -1.138e-03
  9080  0.000e+00  0.000e+00 -1.175e-03
  9085  0.000e+00  0.000e+00 -1.206e-03
  9090  0.000e+00  0.000e+00 -1.233e-03
  9095  0.000e+00  0.000e+00 -1.253e-03
  9100  0.000e+00  0.000e+00 -1.269e-03
  9105  0.000e+00  0.000e+00 -1.279e-03
  9110  0.000e+00  0.000e+00 -1.283e-03
  9115  0.000e+00  0.000e+00 -1.283e-03
  9120  0.000e+00  0.000e+00 -1.277e-03
  9125  0.000e+00  0.000e+00 -1.267e-03
  9130  0.000e+00  0.000e+00 -1.252e-03
  9135  0.000e+00  0.000e+00 -1.233e-03
  9140  0.000e+00  0.000e+00 -1.211e-03
  9145  0.000e+00  0.000e+00 -1.186e-03
  9150  0.000e+00  0.000e+00 -1.158e-03
  9155  0.000e+00  0.000e+00 -1.128e-03
  9160  0.000e+00  0.000e+00 -1.097e-03
  9165  0.000e+00  0.000e+00 -1.066e-03
  9170  0.000e+00  0.000e+00 -1.034e-03
  9175  0.000e+00  0.000e+00 -1.003e-03
  9180  0.000e+00  0.000e+00 -9.729e-04
  9185  0.000e+00  0.000e+00 -9.446e-04
  9190  0.000e+00  0.000e+00 -9.186e-04
  9195  0.000e+00  0.000e+00 -8.953e-04
  9200  0.000e+00  0.000e+00 -8.752e-04
  9205  0.000e+00  0.000e+00 -8.588e-04
  9210  0.000e+00  0.000e+00 -8.463e-04
  9215  0.000e+00  0.000e+00 -8.381e-04
  9220  0.000e+00  0.000e+00 -8.345e-04
  9225  0.000e+00  0.000e+00 -8.354e-04
  9230  0.000e+00  0.000e+00 -8.411e-04
  9235  0.000e+00  0.000e+00 -8.515e-04
  9240  0.000e+00  0.000e+00 -8.665e-04
  9245  0.000e+00  0.000e+00 -8.859e-04
  9250  0.000e+00  0.000e+00 -9.095e-04
  9255  0.000e+00  0.000e+00 -9.369e-04
  9260  0.000e+00  0.000e+00 -9.677e-04
  9265  0.000e+00  0.000e+00 -1.001e-03
  9270  0.000e+00  0.000e+00 -1.038e-03
  9275  0.000e+00  0.000e+00 -1.076e-03
  9280  0.000e+00  0.000e+00 -1.115e-03
  9285  0.000e+00  0.000e+00 -1.154e-03
  9290  0.000e+00  0.000e+00 -1.194e-03
  9295  0.000e+00  0.000e+00 -1.232e-03
  9300  0.000e+00  0.000e+00 -1.269e-03
  9305  0.000e+00  0.000e+00 -1.303e-03
  9310  0.000e+00  0.000e+00 -1.334e-03
  9315  0.000e+00  0.000e+00 -1.361e-03
  9320  0.000e+00  0.000e+00 -1.384e-03
  9325  0.000e+00  0.000e+00 -1.401e-03
  9330  0.000e+00  0.000e+00 -1.413e-03
  9335  0.000e+00  0.000e+00 -1.420e-03
  9340  0.000e+00  0.000e+00 -1.420e-03
  9345  0.000e+00  0.000e+00 -1.413e-03
  9350  0.000e+00  0.000e+00 -1.400e-03
  9355  0.000e+00  0.000e+00 -1.380e-03
  9360  0.000e+00  0.000e+00 -1.353e-03
  9365  0.000e+00  0.000e+00 -1.320e-03
  9370  0.000e+00  0.000e+00 -1.281e-03
  9375  0.000e+00  0.000e+00 -1.236e-03
  9380  0.000e+00  0.000e+00 -1.185e-03
  9385  0.000e+00  0.000e+00 -1.130e-03
  9390  0.000e+00  0.000e+00 -1.071e-03
  9395  0.000e+00  0.000e+00 -1.008e-03
  9400  0.000e+00  0.000e+00 -9.432e-04
  9405  0.000e+00  0.000e+00 -8.762e-04
  9410  0.000e+00  0.000e+00 -8.081e-04
  9415  0.000e+00  0.000e+00 -7.399e-04
  9420  0.000e+00  0.000e+00 -6.724e-04
  9425  0.000e+00  0.000e+00 -6.064e-04
  9430  0.000e+00  0.000e+00 -5.427e-04
  9435  0.000e+00  0.000e+00 -4.820e-04
  9440  0.000e+00  0.000e+00 -4.250e-04
  9445  0.000e+00  0.000e+00 -3.723e-04
  9450  0.000e+00  0.000e+00 -3.244e-04
  9455  0.000e+00  0.000e+00 -2.817e-04
  9460  0.000e+00  0.000e+00 -2.445e-04
  9465  0.000e+00  0.000e+00 -2.131e-04
  9470  0.000e+00  0.000e+00 -1.875e-04
  9475  0.000e+00  0.000e+00 -1.678e-04
  9480  0.000e+00  0.000e+00 -1.538e-04
  9485  0.000e+00  0.000e+00 -1.454e-04
  9490  0.000e+00  0.000e+00 -1.422e-04
  9495  0.000e+00  0.000e+00 -1.440e-04
  9500  0.000e+00  0.000e+00 -1.504e-04
  9505  0.000e+00  0.000e+00 -1.607e-04
  9510  0.000e+00  0.000e+00 -1.745e-04
  9515  0.000e+00  0.000e+00 -1.913e-04
  9520  0.000e+00  0.000e+00 -2.105e-04
  9525  0.000e+00  0.000e+00 -2.315e-04
  9530  0.000e+00  0.000e+00 -2.538e-04
  9535  0.000e+00  0.000e+00 -2.768e-04
  9540  0.000e+00  0.000e+00 -3.002e-04
  9545  0.000e+00  0.000e+00 -3.234e-04
  9550  0.000e+00  0.000e+00 -3.461e-04
  9555  0.000e+00  0.000e+00 -3.681e-04
  9560  0.000e+00  0.000e+00 -3.890e-04
  9565  0.000e+00  0.000e+00 -4.088e-04
  9570  0.000e+00  0.000e+00 -4.274e-04
  9575  0.000e+00  0.000e+00 -4.448e-04
  9580  0.000e+00  0.000e+00 -4.610e-04
  9585  0.000e+00  0.000e+00 -4.762e-04
  9590  0.000e+00  0.000e+00 -4.907e-04
  9595  0.000e+00  0.000e+00 -5.045e-04
  9600  0.000e+00  0.000e+00 -5.181e-04
  9605  0.000e+00  0.000e+00 -5.317e-04
  9610  0.000e+00  0.000e+00 -5.456e-04
  9615  0.000e+00  0.000e+00 -5.601e-04
  9620  0.000e+00  0.000e+00 -5.756e-04
  9625  0.000e+00  0.000e+00 -5.922e-04
  9630  0.000e+00  0.000e+00 -6.102e-04
  9635  0.000e+00  0.000e+00 -6.298e-04
  9640  0.000e+00  0.000e+00 -6.511e-04
  9645  0.000e+00  0.000e+00 -6.740e-04
  9650  0.000e+00  0.000e+00 -6.987e-04
  9655  0.000e+00  0.000e+00 -7.249e-04
  9660  0.000e+00  0.000e+00 -7.525e-04
  9665  0.000e+00  0.000e+00 -7.813e-04
  9670  0.000e+00  0.000e+00 -8.110e-04
  9675  0.000e+00  0.000e+00 -8.411e-04
  9680  0.000e+00  0.000e+00 -8.713e-04
  9685  0.000e+00  0.000e+00 -9.011e-04
  9690  0.000e+00  0.000e+00 -9.300e-04
  9695  0.000e+00  0.000e+00 -9.574e-04
  9700  0.000e+00  0.000e+00 -9.830e-04
  9705  0.000e+00  0.000e+00 -1.006e-03
  9710  0.000e+00  0.000e+00 -1.026e-03
  9715  0.000e+00  0.000e+00 -1.044e-03
  9720  0.000e+00  0.000e+00 -1.057e-03
  9725  0.000e+00  0.000e+00 -1.067e-03
  9730  0.000e+00  0.000e+00 -1.072e-03
  9735  0.000e+00  0.000e+00 -1.073e-03
  9740  0.000e+00  0.000e+00 -1.070e-03
  9745  0.000e+00  0.000e+00 -1.063e-03
  9750  0.000e+00  0.000e+00 -1.052e-03
  9755  0.000e+00  0.000e+00 -1.037e-03
  9760  0.000e+00  0.000e+00 -1.019e-03
  9765  0.000e+00  0.000e+00 -9.987e-04
  9770  0.000e+00  0.000e+00 -9.757e-04
  9775  0.000e+00  0.000e+00 -9.511e-04
  9780  0.000e+00  0.000e+00 -9.255e-04
  9785  0.000e+00  0.000e+00 -8.996e-04
  9790  0.000e+00  0.000e+00 -8.743e-04
  9795  0.000e+00  0.000e+00 -8.501e-04
  9800  0.000e+00  0.000e+00 -8.279e-04
  9805  0.000e+00  0.000e+00 -8.082e-04
  9810  0.000e+00  0.000e+00 -7.918e-04
  9815  0.000e+00  0.000e+00 -7.791e-04
  9820  0.000e+00  0.000e+00 -7.705e-04
  9825  0.000e+00  0.000e+00 -7.665e-04
  9830  0.000e+00  0.000e+00 -7.673e-04
  9835  0.000e+00  0.000e+00 -7.730e-04
  9840  0.000e+00  0.000e+00 -7.835e-04
  9845  0.000e+00  0.000e+00 -7.988e-04
  9850  0.000e+00  0.000e+00 -8.186e-04
  9855  0.000e+00  0.000e+00 -8.425e-04
  9860  0.000e+00  0.000e+00 -8.699e-04
  9865  0.000e+00  0.000e+00 -9.003e-04
  9870  0.000e+00  0.000e+00 -9.329e-04
  9875  0.000e+00  0.000e+00 -9.670e-04
  9880  0.000e+00  0.000e+00 -1.002e-03
  9885  0.000e+00  0.000e+00 -1.036e-03
  9890  0.000e+00  0.000e+00 -1.069e-03
  9895  0.000e+00  0.000e+00 -1.101e-03
  9900  0.000e+00  0.000e+00 -1.129e-03
  9905  0.000e+00  0.000e+00 -1.154e-03
  9910  0.000e+00  0.000e+00 -1.174e-03
  9915  0.000e+00  0.000e+00 -1.188e-03
  9920  0.000e+00  0.000e+00 -1.198e-03
  9925  0.000e+00  0.000e+00 -1.201e-03
  9930  0.000e+00  0.000e+00 -1.197e-03
  9935  0.000e+00  0.000e+00 -1.187e-03
  9940  0.000e+00  0.000e+00 -1.171e-03
  9945  0.000e+00  0.000e+00 -1.148e-03
  9950  0.000e+00  0.000e+00 -1.119e-03
  9955  0.000e+00  0.000e+00 -1.084e-03
  9960  0.000e+00  0.000e+00 -1.044e-03
  9965  0.000e+00  0.000e+00 -1.000e-03
  9970  0.000e+00  0.000e+00 -9.527e-04
  9975  0.000e+00  0.000e+00 -9.026e-04
  9980  0.000e+00  0.000e+00 -8.509e-04
  9985  0.000e+00  0.000e+00 -7.988e-04
  9990  0.000e+00  0.000e+00 -7.473e-04
  9995  0.000e+00  0.000e+00 -6.975e-04
 10000  0.000e+00  0.000e+00 -6.504e-04
 10005  0.000e+00  0.000e+00 -6.073e-04
 10010  0.000e+00  0.000e+00 -5.689e-04
 10015  0.000e+00  0.000e+00 -5.363e-04
 10020  0.000e+00  0.000e+00 -5.101e-04
 10025  0.000e+00  0.000e+00 -4.912e-04
 10030  0.000e+00  0.000e+00 -4.799e-04
 10035  0.000e+00  0.000e+00 -4.767e-04
 10040  0.000e+00  0.000e+00 -4.819e-04
 10045  0.000e+00  0.000e+00 -4.954e-04
 10050  0.000e+00  0.000e+00 -5.172e-04
 10055  0.000e+00  0.000e+00 -5.471e-04
 10060  0.000e+00  0.000e+00 -5.846e-04
 10065  0.000e+00  0.000e+00 -6.292e-04
 10070  0.000e+00  0.000e+00 -6.802e-04
 10075  0.000e+00  0.000e+00 -7.368e-04
 10080  0.000e+00  0.000e+00 -7.982e-04
