0 0.811930 0.243579 0.243579
5 0.805656 0.241697 0.241697
10 0.800034 0.240010 0.240010
15 0.795102 0.238530 0.238530
20 0.790879 0.237264 0.237264
25 0.787364 0.236209 0.236209
30 0.784538 0.235361 0.235361
35 0.782359 0.234708 0.234708
40 0.780768 0.234230 0.234230
45 0.779688 0.233906 0.233906
50 0.779027 0.233708 0.233708
55 0.778677 0.233603 0.233603
60 0.778520 0.233556 0.233556
65 0.778428 0.233529 0.233529
70 0.778269 0.233481 0.233481
75 0.777903 0.233371 0.233371
80 0.777193 0.233158 0.233158
85 0.776004 0.232801 0.232801
90 0.774207 0.232262 0.232262
95 0.771679 0.231504 0.231504
100 0.768311 0.230493 0.230493
105 0.764005 0.229202 0.229202
110 0.758682 0.227605 0.227605
115 0.752278 0.225683 0.225683
120 0.744749 0.223425 0.223425
125 0.736072 0.220822 0.220822
130 0.726244 0.217873 0.217873
135 0.715285 0.214585 0.214585
140 0.703233 0.210970 0.210970
145 0.690152 0.207045 0.207045
150 0.676119 0.202836 0.202836
155 0.661234 0.198370 0.198370
160 0.645612 0.193684 0.193684
165 0.629380 0.188814 0.188814
170 0.612681 0.183804 0.183804
175 0.595663 0.178699 0.178699
180 0.578481 0.173544 0.173544
185 0.561295 0.168388 0.168388
190 0.544263 0.163279 0.163279
195 0.527541 0.158262 0.158262
200 0.511280 0.153384 0.153384
205 0.495618 0.148686 0.148686
210 0.480687 0.144206 0.144206
215 0.466601 0.139980 0.139980
220 0.453460 0.136038 0.136038
225 0.441343 0.132403 0.132403
230 0.430314 0.129094 0.129094
235 0.420413 0.126124 0.126124
240 0.411659 0.123498 0.123498
245 0.404053 0.121216 0.121216
250 0.397571 0.119271 0.119271
255 0.392171 0.117651 0.117651
260 0.387792 0.116338 0.116338
265 0.384354 0.115306 0.115306
270 0.381761 0.114528 0.114528
275 0.379906 0.113972 0.113972
280 0.378669 0.113601 0.113601
285 0.377921 0.113376 0.113376
290 0.377529 0.113259 0.113259
295 0.377357 0.113207 0.113207
300 0.377269 0.113181 0.113181
305 0.377132 0.113140 0.113140
310 0.376822 0.113047 0.113047
315 0.376221 0.112866 0.112866
320 0.375225 0.112567 0.112567
325 0.373742 0.112123 0.112123
330 0.371697 0.111509 0.111509
335 0.369033 0.110710 0.110710
340 0.365710 0.109713 0.109713
345 0.361710 0.108513 0.108513
350 0.357034 0.107110 0.107110
355 0.351703 0.105511 0.105511
360 0.345756 0.103727 0.103727
365 0.339253 0.101776 0.101776
370 0.332271 0.099681 0.099681
375 0.324901 0.097470 0.097470
380 0.317249 0.095175 0.095175
385 0.309432 0.092830 0.092830
390 0.301575 0.090473 0.090473
395 0.293811 0.088143 0.088143
400 0.286274 0.085882 0.085882
405 0.279098 0.083729 0.083729
410 0.272415 0.081724 0.081724
415 0.266351 0.079905 0.079905
420 0.261022 0.078307 0.078307
425 0.256536 0.076961 0.076961
430 0.252983 0.075895 0.075895
435 0.250439 0.075132 0.075132
440 0.248963 0.074689 0.074689
445 0.248593 0.074578 0.074578
450 0.249349 0.074805 0.074805
455 0.251228 0.075369 0.075369
460 0.254208 0.076263 0.076263
465 0.258245 0.077474 0.077474
470 0.263275 0.078982 0.078982
475 0.269215 0.080764 0.080764
480 0.275965 0.082789 0.082789
485 0.283410 0.085023 0.085023
490 0.291420 0.087426 0.087426
495 0.299857 0.089957 0.089957
500 0.308572 0.092572 0.092572
505 0.317412 0.095224 0.095224
510 0.326223 0.097867 0.097867
515 0.334851 0.100455 0.100455
520 0.343144 0.102943 0.102943
525 0.350961 0.105288 0.105288
530 0.358167 0.107450 0.107450
535 0.364642 0.109393 0.109393
540 0.370280 0.111084 0.111084
545 0.374991 0.112497 0.112497
550 0.378705 0.113612 0.113612
555 0.381371 0.114411 0.114411
560 0.382959 0.114888 0.114888
565 0.383462 0.115038 0.115038
570 0.382891 0.114867 0.114867
575 0.381281 0.114384 0.114384
580 0.378687 0.113606 0.113606
585 0.375182 0.112555 0.112555
590 0.370857 0.111257 0.111257
595 0.365819 0.109746 0.109746
600 0.360187 0.108056 0.108056
605 0.354090 0.106227 0.106227
610 0.347668 0.104301 0.104301
615 0.341064 0.102319 0.102319
620 0.334421 0.100326 0.100326
625 0.327883 0.098365 0.098365
630 0.321591 0.096477 0.096477
635 0.315678 0.094703 0.094703
640 0.310265 0.093079 0.093079
645 0.305463 0.091639 0.091639
650 0.301369 0.090411 0.090411
655 0.298062 0.089418 0.089418
660 0.295603 0.088681 0.088681
665 0.294035 0.088210 0.088210
670 0.293380 0.088014 0.088014
675 0.293640 0.088092 0.088092
680 0.294796 0.088439 0.088439
685 0.296811 0.089043 0.089043
690 0.299628 0.089888 0.089888
695 0.303173 0.090952 0.090952
700 0.307355 0.092207 0.092207
705 0.312072 0.093622 0.093622
710 0.317209 0.095163 0.095163
715 0.322643 0.096793 0.096793
720 0.328244 0.098473 0.098473
725 0.333882 0.100164 0.100164
730 0.339423 0.101827 0.101827
735 0.344740 0.103422 0.103422
740 0.349711 0.104913 0.104913
745 0.354220 0.106266 0.106266
750 0.358165 0.107450 0.107450
755 0.361459 0.108438 0.108438
760 0.364027 0.109208 0.109208
765 0.365814 0.109744 0.109744
770 0.366784 0.110035 0.110035
775 0.366921 0.110076 0.110076
780 0.366227 0.109868 0.109868
785 0.364728 0.109418 0.109418
790 0.362467 0.108740 0.108740
795 0.359509 0.107853 0.107853
800 0.355935 0.106781 0.106781
805 0.351844 0.105553 0.105553
810 0.347349 0.104205 0.104205
815 0.342575 0.102772 0.102772
820 0.337658 0.101297 0.101297
825 0.332740 0.099822 0.099822
830 0.327968 0.098390 0.098390
835 0.323489 0.097047 0.097047
840 0.319450 0.095835 0.095835
845 0.315991 0.094797 0.094797
850 0.313245 0.093973 0.093973
855 0.311335 0.093400 0.093400
860 0.310369 0.093111 0.093111
865 0.310443 0.093133 0.093133
870 0.311631 0.093489 0.093489
875 0.313991 0.094197 0.094197
880 0.317561 0.095268 0.095268
885 0.322354 0.096706 0.096706
890 0.328366 0.098510 0.098510
895 0.335568 0.100670 0.100670
900 0.343912 0.103174 0.103174
905 0.353330 0.105999 0.105999
910 0.363734 0.109120 0.109120
915 0.375020 0.112506 0.112506
920 0.387067 0.116120 0.116120
925 0.399744 0.119923 0.119923
930 0.412909 0.123873 0.123873
935 0.426412 0.127924 0.127924
940 0.440100 0.132030 0.132030
945 0.453819 0.136146 0.136146
950 0.467414 0.140224 0.140224
955 0.480739 0.144222 0.144222
960 0.493653 0.148096 0.148096
965 0.506028 0.151808 0.151808
970 0.517745 0.155324 0.155324
975 0.528705 0.158611 0.158611
980 0.538823 0.161647 0.161647
985 0.548033 0.164410 0.164410
990 0.556290 0.166887 0.166887
995 0.563568 0.169070 0.169070
1000 0.569863 0.170959 0.170959
1005 0.575191 0.172557 0.172557
1010 0.579588 0.173876 0.173876
1015 0.583108 0.174933 0.174933
1020 0.585825 0.175747 0.175747
1025 0.587825 0.176347 0.176347
1030 0.589210 0.176763 0.176763
1035 0.590094 0.177028 0.177028
1040 0.590597 0.177179 0.177179
1045 0.590845 0.177254 0.177254
1050 0.590970 0.177291 0.177291
1055 0.591098 0.177329 0.177329
1060 0.591358 0.177407 0.177407
1065 0.591868 0.177560 0.177560
1070 0.592739 0.177822 0.177822
1075 0.594072 0.178221 0.178221
1080 0.595951 0.178785 0.178785
1085 0.598447 0.179534 0.179534
1090 0.601612 0.180484 0.180484
1095 0.605480 0.181644 0.181644
1100 0.610065 0.183020 0.183020
1105 0.615361 0.184608 0.184608
1110 0.621342 0.186403 0.186403
1115 0.627962 0.188389 0.188389
1120 0.635156 0.190547 0.190547
1125 0.642842 0.192853 0.192853
1130 0.650922 0.195276 0.195276
1135 0.659283 0.197785 0.197785
1140 0.667802 0.200340 0.200340
1145 0.676345 0.202904 0.202904
1150 0.684774 0.205432 0.205432
1155 0.692945 0.207884 0.207884
1160 0.700716 0.210215 0.210215
1165 0.707946 0.212384 0.212384
1170 0.714499 0.214350 0.214350
1175 0.720251 0.216075 0.216075
1180 0.725085 0.217525 0.217525
1185 0.728899 0.218670 0.218670
1190 0.731609 0.219483 0.219483
1195 0.733147 0.219944 0.219944
1200 0.733463 0.220039 0.220039
1205 0.732531 0.219759 0.219759
1210 0.730343 0.219103 0.219103
1215 0.726914 0.218074 0.218074
1220 0.722281 0.216684 0.216684
1225 0.716499 0.214950 0.214950
1230 0.709645 0.212894 0.212894
1235 0.701815 0.210545 0.210545
1240 0.693119 0.207936 0.207936
1245 0.683683 0.205105 0.205105
1250 0.673644 0.202093 0.202093
1255 0.663148 0.198944 0.198944
1260 0.652349 0.195705 0.195705
1265 0.641402 0.192421 0.192421
1270 0.630464 0.189139 0.189139
1275 0.619689 0.185907 0.185907
1280 0.609224 0.182767 0.182767
1285 0.599207 0.179762 0.179762
1290 0.589767 0.176930 0.176930
1295 0.581018 0.174305 0.174305
1300 0.573056 0.171917 0.171917
1305 0.565962 0.169789 0.169789
1310 0.559797 0.167939 0.167939
1315 0.554601 0.166380 0.166380
1320 0.550393 0.165118 0.165118
1325 0.547171 0.164151 0.164151
1330 0.544913 0.163474 0.163474
1335 0.543577 0.163073 0.163073
1340 0.543100 0.162930 0.162930
1345 0.543404 0.163021 0.163021
1350 0.544394 0.163318 0.163318
1355 0.545961 0.163788 0.163788
1360 0.547987 0.164396 0.164396
1365 0.550345 0.165103 0.165103
1370 0.552901 0.165870 0.165870
1375 0.555522 0.166656 0.166656
1380 0.558071 0.167421 0.167421
1385 0.560419 0.168126 0.168126
1390 0.562441 0.168732 0.168732
1395 0.564022 0.169207 0.169207
1400 0.565058 0.169518 0.169518
1405 0.565461 0.169638 0.169638
1410 0.565157 0.169547 0.169547
1415 0.564090 0.169227 0.169227
1420 0.562223 0.168667 0.168667
1425 0.559540 0.167862 0.167862
1430 0.556043 0.166813 0.166813
1435 0.551756 0.165527 0.165527
1440 0.546720 0.164016 0.164016
1445 0.540998 0.162299 0.162299
1450 0.534668 0.160400 0.160400
1455 0.527824 0.158347 0.158347
1460 0.520574 0.156172 0.156172
1465 0.513038 0.153911 0.153911
1470 0.505343 0.151603 0.151603
1475 0.497623 0.149287 0.149287
1480 0.490016 0.147005 0.147005
1485 0.482657 0.144797 0.144797
1490 0.475681 0.142704 0.142704
1495 0.469216 0.140765 0.140765
1500 0.463381 0.139014 0.139014
1505 0.458284 0.137485 0.137485
1510 0.454018 0.136205 0.136205
1515 0.450663 0.135199 0.135199
1520 0.448277 0.134483 0.134483
1525 0.446903 0.134071 0.134071
1530 0.446560 0.133968 0.133968
1535 0.447249 0.134175 0.134175
1540 0.448949 0.134685 0.134685
1545 0.451616 0.135485 0.135485
1550 0.455190 0.136557 0.136557
1555 0.459588 0.137877 0.137877
1560 0.464714 0.139414 0.139414
1565 0.470451 0.141135 0.141135
1570 0.476673 0.143002 0.143002
1575 0.483241 0.144972 0.144972
1580 0.490010 0.147003 0.147003
1585 0.496826 0.149048 0.149048
1590 0.503537 0.151061 0.151061
1595 0.509988 0.152997 0.152997
1600 0.516032 0.154810 0.154810
1605 0.521525 0.156458 0.156458
1610 0.526336 0.157901 0.157901
1615 0.530343 0.159103 0.159103
1620 0.533442 0.160033 0.160033
1625 0.535544 0.160663 0.160663
1630 0.536579 0.160974 0.160974
1635 0.536497 0.160949 0.160949
1640 0.535269 0.160581 0.160581
1645 0.532886 0.159866 0.159866
1650 0.529363 0.158809 0.158809
1655 0.524735 0.157420 0.157420
1660 0.519055 0.155717 0.155717
1665 0.512399 0.153720 0.153720
1670 0.504857 0.151457 0.151457
1675 0.496537 0.148961 0.148961
1680 0.487558 0.146268 0.146268
1685 0.478052 0.143416 0.143416
1690 0.468156 0.140447 0.140447
1695 0.458014 0.137404 0.137404
1700 0.447772 0.134332 0.134332
1705 0.437574 0.131272 0.131272
1710 0.427560 0.128268 0.128268
1715 0.417864 0.125359 0.125359
1720 0.408609 0.122583 0.122583
1725 0.399907 0.119972 0.119972
1730 0.391854 0.117556 0.117556
1735 0.384532 0.115360 0.115360
1740 0.378003 0.113401 0.113401
1745 0.372309 0.111693 0.111693
1750 0.367475 0.110243 0.110243
1755 0.363504 0.109051 0.109051
1760 0.360379 0.108114 0.108114
1765 0.358063 0.107419 0.107419
1770 0.356502 0.106950 0.106950
1775 0.355622 0.106686 0.106686
1780 0.355335 0.106601 0.106601
1785 0.355542 0.106662 0.106662
1790 0.356127 0.106838 0.106838
1795 0.356972 0.107092 0.107092
1800 0.357949 0.107385 0.107385
1805 0.358928 0.107678 0.107678
1810 0.359781 0.107934 0.107934
1815 0.360381 0.108114 0.108114
1820 0.360608 0.108182 0.108182
1825 0.360351 0.108105 0.108105
1830 0.359511 0.107853 0.107853
1835 0.358002 0.107401 0.107401
1840 0.355754 0.106726 0.106726
1845 0.352715 0.105815 0.105815
1850 0.348852 0.104656 0.104656
1855 0.344152 0.103246 0.103246
1860 0.338622 0.101586 0.101586
1865 0.332289 0.099687 0.099687
1870 0.325203 0.097561 0.097561
1875 0.317431 0.095229 0.095229
1880 0.309058 0.092717 0.092717
1885 0.300187 0.090056 0.090056
1890 0.290936 0.087281 0.087281
1895 0.281433 0.084430 0.084430
1900 0.271819 0.081546 0.081546
1905 0.262240 0.078672 0.078672
1910 0.252846 0.075854 0.075854
1915 0.243791 0.073137 0.073137
1920 0.235224 0.070567 0.070567
1925 0.227291 0.068187 0.068187
1930 0.220128 0.066039 0.066039
1935 0.213864 0.064159 0.064159
1940 0.208610 0.062583 0.062583
1945 0.204466 0.061340 0.061340
1950 0.201512 0.060454 0.060454
1955 0.199810 0.059943 0.059943
1960 0.199400 0.059820 0.059820
1965 0.200303 0.060091 0.060091
1970 0.202516 0.060755 0.060755
1975 0.206017 0.061805 0.061805
1980 0.210760 0.063228 0.063228
1985 0.216682 0.065004 0.065004
1990 0.223697 0.067109 0.067109
1995 0.231707 0.069512 0.069512
2000 0.240595 0.072179 0.072179
2005 0.250233 0.075070 0.075070
2010 0.260481 0.078144 0.078144
2015 0.271195 0.081359 0.081359
2020 0.282224 0.084667 0.084667
2025 0.293416 0.088025 0.088025
2030 0.304621 0.091386 0.091386
2035 0.315695 0.094709 0.094709
2040 0.326501 0.097950 0.097950
2045 0.336910 0.101073 0.101073
2050 0.346810 0.104043 0.104043
2055 0.356101 0.106830 0.106830
2060 0.364701 0.109410 0.109410
2065 0.372547 0.111764 0.111764
2070 0.379594 0.113878 0.113878
2075 0.385818 0.115745 0.115745
2080 0.391217 0.117365 0.117365
2085 0.395808 0.118742 0.118742
2090 0.399627 0.119888 0.119888
2095 0.402731 0.120819 0.120819
2100 0.405191 0.121557 0.121557
2105 0.407097 0.122129 0.122129
2110 0.408550 0.122565 0.122565
2115 0.409663 0.122899 0.122899
2120 0.410556 0.123167 0.123167
2125 0.411357 0.123407 0.123407
2130 0.412194 0.123658 0.123658
2135 0.413196 0.123959 0.123959
2140 0.414488 0.124346 0.124346
2145 0.416188 0.124856 0.124856
2150 0.418406 0.125522 0.125522
2155 0.421241 0.126372 0.126372
2160 0.424777 0.127433 0.127433
2165 0.429081 0.128724 0.128724
2170 0.434205 0.130262 0.130262
2175 0.440180 0.132054 0.132054
2180 0.447017 0.134105 0.134105
2185 0.454710 0.136413 0.136413
2190 0.463228 0.138968 0.138968
2195 0.472523 0.141757 0.141757
2200 0.482529 0.144759 0.144759
2205 0.493160 0.147948 0.147948
2210 0.504314 0.151294 0.151294
2215 0.515876 0.154763 0.154763
2220 0.527721 0.158316 0.158316
2225 0.539710 0.161913 0.161913
2230 0.551702 0.165510 0.165510
2235 0.563550 0.169065 0.169065
2240 0.575108 0.172532 0.172532
2245 0.586233 0.175870 0.175870
2250 0.596784 0.179035 0.179035
2255 0.606634 0.181990 0.181990
2260 0.615661 0.184698 0.184698
2265 0.623763 0.187129 0.187129
2270 0.630849 0.189255 0.189255
2275 0.636847 0.191054 0.191054
2280 0.641707 0.192512 0.192512
2285 0.645396 0.193619 0.193619
2290 0.647903 0.194371 0.194371
2295 0.649241 0.194772 0.194772
2300 0.649441 0.194832 0.194832
2305 0.648557 0.194567 0.194567
2310 0.646661 0.193998 0.193998
2315 0.643845 0.193154 0.193154
2320 0.640217 0.192065 0.192065
2325 0.635899 0.190770 0.190770
2330 0.631025 0.189307 0.189307
2335 0.625738 0.187721 0.187721
2340 0.620187 0.186056 0.186056
2345 0.614527 0.184358 0.184358
2350 0.608910 0.182673 0.182673
2355 0.603487 0.181046 0.181046
2360 0.598403 0.179521 0.179521
2365 0.593793 0.178138 0.178138
2370 0.589784 0.176935 0.176935
2375 0.586486 0.175946 0.175946
2380 0.583994 0.175198 0.175198
2385 0.582386 0.174716 0.174716
2390 0.581720 0.174516 0.174516
2395 0.582035 0.174611 0.174611
2400 0.583348 0.175004 0.175004
2405 0.585654 0.175696 0.175696
2410 0.588930 0.176679 0.176679
2415 0.593132 0.177940 0.177940
2420 0.598196 0.179459 0.179459
2425 0.604040 0.181212 0.181212
2430 0.610570 0.183171 0.183171
2435 0.617676 0.185303 0.185303
2440 0.625236 0.187571 0.187571
2445 0.633123 0.189937 0.189937
2450 0.641202 0.192361 0.192361
2455 0.649338 0.194802 0.194802
2460 0.657395 0.197219 0.197219
2465 0.665242 0.199572 0.199572
2470 0.672751 0.201825 0.201825
2475 0.679809 0.203943 0.203943
2480 0.686310 0.205893 0.205893
2485 0.692165 0.207649 0.207649
2490 0.697298 0.209190 0.209190
2495 0.701655 0.210497 0.210497
2500 0.705197 0.211559 0.211559
2505 0.707906 0.212372 0.212372
2510 0.709786 0.212936 0.212936
2515 0.710857 0.213257 0.213257
2520 0.711163 0.213349 0.213349
2525 0.710763 0.213229 0.213229
2530 0.709735 0.212921 0.212921
2535 0.708174 0.212452 0.212452
2540 0.706187 0.211856 0.211856
2545 0.703891 0.211167 0.211167
2550 0.701414 0.210424 0.210424
2555 0.698888 0.209667 0.209667
2560 0.696451 0.208935 0.208935
2565 0.694238 0.208271 0.208271
2570 0.692381 0.207714 0.207714
2575 0.691008 0.207302 0.207302
2580 0.690236 0.207071 0.207071
2585 0.690174 0.207052 0.207052
2590 0.690912 0.207274 0.207274
2595 0.692528 0.207758 0.207758
2600 0.695081 0.208524 0.208524
2605 0.698610 0.209583 0.209583
2610 0.703134 0.210940 0.210940
2615 0.708651 0.212595 0.212595
2620 0.715139 0.214542 0.214542
2625 0.722554 0.216766 0.216766
2630 0.730832 0.219249 0.219249
2635 0.739889 0.221967 0.221967
2640 0.749624 0.224887 0.224887
2645 0.759923 0.227977 0.227977
2650 0.770654 0.231196 0.231196
2655 0.781677 0.234503 0.234503
2660 0.792844 0.237853 0.237853
2665 0.803999 0.241200 0.241200
2670 0.814987 0.244496 0.244496
2675 0.825652 0.247696 0.247696
2680 0.835842 0.250753 0.250753
2685 0.845412 0.253623 0.253623
2690 0.854226 0.256268 0.256268
2695 0.862161 0.258648 0.258648
2700 0.869110 0.260733 0.260733
2705 0.874980 0.262494 0.262494
2710 0.879698 0.263909 0.263909
2715 0.883212 0.264964 0.264964
2720 0.885489 0.265647 0.265647
2725 0.886518 0.265955 0.265955
2730 0.886309 0.265893 0.265893
2735 0.884894 0.265468 0.265468
2740 0.882324 0.264697 0.264697
2745 0.878671 0.263601 0.263601
2750 0.874022 0.262207 0.262207
2755 0.868482 0.260545 0.260545
2760 0.862166 0.258650 0.258650
2765 0.855203 0.256561 0.256561
2770 0.847729 0.254319 0.254319
2775 0.839882 0.251965 0.251965
2780 0.831806 0.249542 0.249542
2785 0.823643 0.247093 0.247093
2790 0.815529 0.244659 0.244659
2795 0.807595 0.242278 0.242278
2800 0.799962 0.239988 0.239988
2805 0.792738 0.237821 0.237821
2810 0.786019 0.235806 0.235806
2815 0.779881 0.233964 0.233964
2820 0.774386 0.232316 0.232316
2825 0.769574 0.230872 0.230872
2830 0.765466 0.229640 0.229640
2835 0.762065 0.228619 0.228619
2840 0.759350 0.227805 0.227805
2845 0.757284 0.227185 0.227185
2850 0.755810 0.226743 0.226743
2855 0.754854 0.226456 0.226456
2860 0.754327 0.226298 0.226298
2865 0.754126 0.226238 0.226238
2870 0.754137 0.226241 0.226241
2875 0.754240 0.226272 0.226272
2880 0.754306 0.226292 0.226292
2885 0.754206 0.226262 0.226262
2890 0.753809 0.226143 0.226143
2895 0.752991 0.225897 0.225897
2900 0.751631 0.225489 0.225489
2905 0.749617 0.224885 0.224885
2910 0.746852 0.224056 0.224056
2915 0.743250 0.222975 0.222975
2920 0.738743 0.221623 0.221623
2925 0.733278 0.219983 0.219983
2930 0.726824 0.218047 0.218047
2935 0.719370 0.215811 0.215811
2940 0.710924 0.213277 0.213277
2945 0.701515 0.210455 0.210455
2950 0.691195 0.207359 0.207359
2955 0.680033 0.204010 0.204010
2960 0.668116 0.200435 0.200435
2965 0.655551 0.196665 0.196665
2970 0.642456 0.192737 0.192737
2975 0.628964 0.188689 0.188689
2980 0.615217 0.184565 0.184565
2985 0.601366 0.180410 0.180410
2990 0.587565 0.176269 0.176269
2995 0.573968 0.172191 0.172191
3000 0.560730 0.168219 0.168219
3005 0.548000 0.164400 0.164400
3010 0.535919 0.160776 0.160776
3015 0.524616 0.157385 0.157385
3020 0.514211 0.154263 0.154263
3025 0.504806 0.151442 0.151442
3030 0.496484 0.148945 0.148945
3035 0.489312 0.146794 0.146794
3040 0.483336 0.145001 0.145001
3045 0.478578 0.143574 0.143574
3050 0.475043 0.142513 0.142513
3055 0.472712 0.141814 0.141814
3060 0.471544 0.141463 0.141463
3065 0.471479 0.141444 0.141444
3070 0.472438 0.141731 0.141731
3075 0.474326 0.142298 0.142298
3080 0.477031 0.143109 0.143109
3085 0.480430 0.144129 0.144129
3090 0.484388 0.145316 0.145316
3095 0.488764 0.146629 0.146629
3100 0.493413 0.148024 0.148024
3105 0.498188 0.149456 0.149456
3110 0.502943 0.150883 0.150883
3115 0.507538 0.152261 0.152261
3120 0.511840 0.153552 0.153552
3125 0.515727 0.154718 0.154718
3130 0.519089 0.155727 0.155727
3135 0.521830 0.156549 0.156549
3140 0.523874 0.157162 0.157162
3145 0.525160 0.157548 0.157548
3150 0.525649 0.157695 0.157695
3155 0.525320 0.157596 0.157596
3160 0.524175 0.157252 0.157252
3165 0.522234 0.156670 0.156670
3170 0.519537 0.155861 0.155861
3175 0.516145 0.154843 0.154843
3180 0.512132 0.153640 0.153640
3185 0.507591 0.152277 0.152277
3190 0.502627 0.150788 0.150788
3195 0.497354 0.149206 0.149206
3200 0.491898 0.147569 0.147569
3205 0.486387 0.145916 0.145916
3210 0.480953 0.144286 0.144286
3215 0.475727 0.142718 0.142718
3220 0.470837 0.141251 0.141251
3225 0.466402 0.139921 0.139921
3230 0.462537 0.138761 0.138761
3235 0.459339 0.137802 0.137802
3240 0.456896 0.137069 0.137069
3245 0.455278 0.136583 0.136583
3250 0.454536 0.136361 0.136361
3255 0.454704 0.136411 0.136411
3260 0.455795 0.136739 0.136739
3265 0.457802 0.137341 0.137341
3270 0.460698 0.138210 0.138210
3275 0.464436 0.139331 0.139331
3280 0.468948 0.140684 0.140684
3285 0.474151 0.142245 0.142245
3290 0.479945 0.143983 0.143983
3295 0.486214 0.145864 0.145864
3300 0.492833 0.147850 0.147850
3305 0.499666 0.149900 0.149900
3310 0.506571 0.151971 0.151971
3315 0.513402 0.154021 0.154021
3320 0.520013 0.156004 0.156004
3325 0.526261 0.157878 0.157878
3330 0.532007 0.159602 0.159602
3335 0.537121 0.161136 0.161136
3340 0.541486 0.162446 0.162446
3345 0.544996 0.163499 0.163499
3350 0.547562 0.164269 0.164269
3355 0.549114 0.164734 0.164734
3360 0.549598 0.164879 0.164879
3365 0.548984 0.164695 0.164695
3370 0.547262 0.164179 0.164179
3375 0.544442 0.163333 0.163333
3380 0.540559 0.162168 0.162168
3385 0.535664 0.160699 0.160699
3390 0.529831 0.158949 0.158949
3395 0.523153 0.156946 0.156946
3400 0.515736 0.154721 0.154721
3405 0.507704 0.152311 0.152311
3410 0.499191 0.149757 0.149757
3415 0.490341 0.147102 0.147102
3420 0.481304 0.144391 0.144391
3425 0.472233 0.141670 0.141670
3430 0.463283 0.138985 0.138985
3435 0.454605 0.136382 0.136382
3440 0.446344 0.133903 0.133903
3445 0.438638 0.131591 0.131591
3450 0.431612 0.129484 0.129484
3455 0.425379 0.127614 0.127614
3460 0.420034 0.126010 0.126010
3465 0.415657 0.124697 0.124697
3470 0.412306 0.123692 0.123692
3475 0.410022 0.123006 0.123006
3480 0.408822 0.122647 0.122647
3485 0.408704 0.122611 0.122611
3490 0.409647 0.122894 0.122894
3495 0.411605 0.123481 0.123481
3500 0.414518 0.124355 0.124355
3505 0.418306 0.125492 0.125492
3510 0.422876 0.126863 0.126863
3515 0.428118 0.128435 0.128435
3520 0.433914 0.130174 0.130174
3525 0.440137 0.132041 0.132041
3530 0.446656 0.133997 0.133997
3535 0.453336 0.136001 0.136001
3540 0.460043 0.138013 0.138013
3545 0.466647 0.139994 0.139994
3550 0.473025 0.141907 0.141907
3555 0.479062 0.143719 0.143719
3560 0.484656 0.145397 0.145397
3565 0.489719 0.146916 0.146916
3570 0.494179 0.148254 0.148254
3575 0.497981 0.149394 0.149394
3580 0.501089 0.150327 0.150327
3585 0.503487 0.151046 0.151046
3590 0.505180 0.151554 0.151554
3595 0.506191 0.151857 0.151857
3600 0.506564 0.151969 0.151969
3605 0.506361 0.151908 0.151908
3610 0.505661 0.151698 0.151698
3615 0.504560 0.151368 0.151368
3620 0.503166 0.150950 0.150950
3625 0.501599 0.150480 0.150480
3630 0.499987 0.149996 0.149996
3635 0.498464 0.149539 0.149539
3640 0.497168 0.149150 0.149150
3645 0.496234 0.148870 0.148870
3650 0.495797 0.148739 0.148739
3655 0.495984 0.148795 0.148795
3660 0.496914 0.149074 0.149074
3665 0.498694 0.149608 0.149608
3670 0.501417 0.150425 0.150425
3675 0.505159 0.151548 0.151548
3680 0.509979 0.152994 0.152994
3685 0.515917 0.154775 0.154775
3690 0.522992 0.156898 0.156898
3695 0.531200 0.159360 0.159360
3700 0.540519 0.162156 0.162156
3705 0.550903 0.165271 0.165271
3710 0.562288 0.168686 0.168686
3715 0.574589 0.172377 0.172377
3720 0.587705 0.176311 0.176311
3725 0.601517 0.180455 0.180455
3730 0.615893 0.184768 0.184768
3735 0.630692 0.189208 0.189208
3740 0.645763 0.193729 0.193729
3745 0.660948 0.198284 0.198284
3750 0.676089 0.202827 0.202827
3755 0.691028 0.207308 0.207308
3760 0.705610 0.211683 0.211683
3765 0.719687 0.215906 0.215906
3770 0.733120 0.219936 0.219936
3775 0.745784 0.223735 0.223735
3780 0.757566 0.227270 0.227270
3785 0.768372 0.230512 0.230512
3790 0.778124 0.233437 0.233437
3795 0.786767 0.236030 0.236030
3800 0.794262 0.238279 0.238279
3805 0.800596 0.240179 0.240179
3810 0.805774 0.241732 0.241732
3815 0.809824 0.242947 0.242947
3820 0.812792 0.243838 0.243838
3825 0.814746 0.244424 0.244424
3830 0.815768 0.244730 0.244730
3835 0.815957 0.244787 0.244787
3840 0.815426 0.244628 0.244628
3845 0.814297 0.244289 0.244289
3850 0.812700 0.243810 0.243810
3855 0.810771 0.243231 0.243231
3860 0.808647 0.242594 0.242594
3865 0.806464 0.241939 0.241939
3870 0.804355 0.241306 0.241306
3875 0.802445 0.240733 0.240733
3880 0.800849 0.240255 0.240255
3885 0.799671 0.239901 0.239901
3890 0.798999 0.239700 0.239700
3895 0.798908 0.239672 0.239672
3900 0.799451 0.239835 0.239835
3905 0.800665 0.240200 0.240200
3910 0.802566 0.240770 0.240770
3915 0.805150 0.241545 0.241545
3920 0.808393 0.242518 0.242518
3925 0.812251 0.243675 0.243675
3930 0.816664 0.244999 0.244999
3935 0.821552 0.246465 0.246465
3940 0.826821 0.248046 0.248046
3945 0.832364 0.249709 0.249709
3950 0.838062 0.251419 0.251419
3955 0.843791 0.253137 0.253137
3960 0.849417 0.254825 0.254825
3965 0.854806 0.256442 0.256442
3970 0.859826 0.257948 0.257948
3975 0.864345 0.259304 0.259304
3980 0.868240 0.260472 0.260472
3985 0.871397 0.261419 0.261419
3990 0.873712 0.262113 0.262113
3995 0.875097 0.262529 0.262529
4000 0.875479 0.262644 0.262644
4005 0.874806 0.262442 0.262442
4010 0.873040 0.261912 0.261912
4015 0.870169 0.261051 0.261051
4020 0.866197 0.259859 0.259859
4025 0.861153 0.258346 0.258346
4030 0.855083 0.256525 0.256525
4035 0.848056 0.254417 0.254417
4040 0.840157 0.252047 0.252047
4045 0.831489 0.249447 0.249447
4050 0.822170 0.246651 0.246651
4055 0.812331 0.243699 0.243699
4060 0.802114 0.240634 0.240634
4065 0.791665 0.237500 0.237500
4070 0.781139 0.234342 0.234342
4075 0.770690 0.231207 0.231207
4080 0.760470 0.228141 0.228141
4085 0.750628 0.225188 0.225188
4090 0.741304 0.222391 0.222391
4095 0.732628 0.219789 0.219789
4100 0.724719 0.217416 0.217416
4105 0.717676 0.215303 0.215303
4110 0.711586 0.213476 0.213476
4115 0.706514 0.211954 0.211954
4120 0.702505 0.210751 0.210751
4125 0.699583 0.209875 0.209875
4130 0.697753 0.209326 0.209326
4135 0.696994 0.209098 0.209098
4140 0.697268 0.209180 0.209180
4145 0.698515 0.209555 0.209555
4150 0.700657 0.210197 0.210197
4155 0.703598 0.211080 0.211080
4160 0.707228 0.212169 0.212169
4165 0.711424 0.213427 0.213427
4170 0.716053 0.214816 0.214816
4175 0.720973 0.216292 0.216292
4180 0.726041 0.217812 0.217812
4185 0.731110 0.219333 0.219333
4190 0.736036 0.220811 0.220811
4195 0.740680 0.222204 0.222204
4200 0.744909 0.223473 0.223473
4205 0.748601 0.224580 0.224580
4210 0.751648 0.225494 0.225494
4215 0.753956 0.226187 0.226187
4220 0.755448 0.226634 0.226634
4225 0.756065 0.226820 0.226820
4230 0.755768 0.226730 0.226730
4235 0.754538 0.226361 0.226361
4240 0.752376 0.225713 0.225713
4245 0.749304 0.224791 0.224791
4250 0.745363 0.223609 0.223609
4255 0.740612 0.222184 0.222184
4260 0.735129 0.220539 0.220539
4265 0.729006 0.218702 0.218702
4270 0.722348 0.216704 0.216704
4275 0.715271 0.214581 0.214581
4280 0.707899 0.212370 0.212370
4285 0.700363 0.210109 0.210109
4290 0.692793 0.207838 0.207838
4295 0.685321 0.205596 0.205596
4300 0.678075 0.203422 0.203422
4305 0.671175 0.201353 0.201353
4310 0.664735 0.199420 0.199420
4315 0.658853 0.197656 0.197656
4320 0.653616 0.196085 0.196085
4325 0.649094 0.194728 0.194728
4330 0.645338 0.193601 0.193601
4335 0.642382 0.192715 0.192715
4340 0.640239 0.192072 0.192072
4345 0.638901 0.191670 0.191670
4350 0.638342 0.191502 0.191502
4355 0.638512 0.191554 0.191554
4360 0.639345 0.191804 0.191804
4365 0.640758 0.192227 0.192227
4370 0.642648 0.192794 0.192794
4375 0.644901 0.193470 0.193470
4380 0.647391 0.194217 0.194217
4385 0.649980 0.194994 0.194994
4390 0.652528 0.195758 0.195758
4395 0.654887 0.196466 0.196466
4400 0.656912 0.197074 0.197074
4405 0.658458 0.197537 0.197537
4410 0.659387 0.197816 0.197816
4415 0.659568 0.197870 0.197870
4420 0.658884 0.197665 0.197665
4425 0.657229 0.197169 0.197169
4430 0.654514 0.196354 0.196354
4435 0.650667 0.195200 0.195200
4440 0.645637 0.193691 0.193691
4445 0.639392 0.191818 0.191818
4450 0.631923 0.189577 0.189577
4455 0.623241 0.186972 0.186972
4460 0.613379 0.184014 0.184014
4465 0.602390 0.180717 0.180717
4470 0.590350 0.177105 0.177105
4475 0.577349 0.173205 0.173205
4480 0.563497 0.169049 0.169049
4485 0.548918 0.164675 0.164675
4490 0.533746 0.160124 0.160124
4495 0.518127 0.155438 0.155438
4500 0.502212 0.150664 0.150664
4505 0.486156 0.145847 0.145847
4510 0.470115 0.141034 0.141034
4515 0.454241 0.136272 0.136272
4520 0.438682 0.131605 0.131605
4525 0.423578 0.127073 0.127073
4530 0.409056 0.122717 0.122717
4535 0.395230 0.118569 0.118569
4540 0.382199 0.114660 0.114660
4545 0.370044 0.111013 0.111013
4550 0.358829 0.107649 0.107649
4555 0.348594 0.104578 0.104578
4560 0.339361 0.101808 0.101808
4565 0.331132 0.099340 0.099340
4570 0.323886 0.097166 0.097166
4575 0.317585 0.095275 0.095275
4580 0.312169 0.093651 0.093651
4585 0.307565 0.092269 0.092269
4590 0.303680 0.091104 0.091104
4595 0.300411 0.090123 0.090123
4600 0.297644 0.089293 0.089293
4605 0.295256 0.088577 0.088577
4610 0.293120 0.087936 0.087936
4615 0.291105 0.087331 0.087331
4620 0.289082 0.086725 0.086725
4625 0.286927 0.086078 0.086078
4630 0.284521 0.085356 0.085356
4635 0.281755 0.084526 0.084526
4640 0.278531 0.083559 0.083559
4645 0.274766 0.082430 0.082430
4650 0.270393 0.081118 0.081118
4655 0.265363 0.079609 0.079609
4660 0.259646 0.077894 0.077894
4665 0.253230 0.075969 0.075969
4670 0.246126 0.073838 0.073838
4675 0.238363 0.071509 0.071509
4680 0.229989 0.068997 0.068997
4685 0.221074 0.066322 0.066322
4690 0.211701 0.063510 0.063510
4695 0.201971 0.060591 0.060591
4700 0.191999 0.057600 0.057600
4705 0.181909 0.054573 0.054573
4710 0.171835 0.051551 0.051551
4715 0.161918 0.048575 0.048575
4720 0.152298 0.045689 0.045689
4725 0.143119 0.042936 0.042936
4730 0.134519 0.040356 0.040356
4735 0.126632 0.037990 0.037990
4740 0.119580 0.035874 0.035874
4745 0.113477 0.034043 0.034043
4750 0.108419 0.032526 0.032526
4755 0.104489 0.031347 0.031347
4760 0.101750 0.030525 0.030525
4765 0.100246 0.030074 0.030074
4770 0.100000 0.030000 0.030000
4775 0.101015 0.030304 0.030304
4780 0.103270 0.030981 0.030981
4785 0.106726 0.032018 0.032018
4790 0.111322 0.033397 0.033397
4795 0.116976 0.035093 0.035093
4800 0.123591 0.037077 0.037077
4805 0.131052 0.039316 0.039316
4810 0.139231 0.041769 0.041769
4815 0.147989 0.044397 0.044397
4820 0.157178 0.047153 0.047153
4825 0.166644 0.049993 0.049993
4830 0.176230 0.052869 0.052869
4835 0.185782 0.055735 0.055735
4840 0.195147 0.058544 0.058544
4845 0.204178 0.061253 0.061253
4850 0.212740 0.063822 0.063822
4855 0.220708 0.066212 0.066212
4860 0.227972 0.068392 0.068392
4865 0.234438 0.070332 0.070332
4870 0.240031 0.072009 0.072009
4875 0.244695 0.073408 0.073408
4880 0.248394 0.074518 0.074518
4885 0.251113 0.075334 0.075334
4890 0.252861 0.075858 0.075858
4895 0.253664 0.076099 0.076099
4900 0.253569 0.076071 0.076071
4905 0.252644 0.075793 0.075793
4910 0.250971 0.075291 0.075291
4915 0.248650 0.074595 0.074595
4920 0.245791 0.073737 0.073737
4925 0.242517 0.072755 0.072755
4930 0.238957 0.071687 0.071687
4935 0.235247 0.070574 0.070574
4940 0.231523 0.069457 0.069457
4945 0.227920 0.068376 0.068376
4950 0.224569 0.067371 0.067371
4955 0.221594 0.066478 0.066478
4960 0.219110 0.065733 0.065733
4965 0.217218 0.065165 0.065165
4970 0.216006 0.064802 0.064802
4975 0.215546 0.064664 0.064664
4980 0.215891 0.064767 0.064767
4985 0.217074 0.065122 0.065122
4990 0.219112 0.065733 0.065733
4995 0.221997 0.066599 0.066599
5000 0.225704 0.067711 0.067711
5005 0.230189 0.069057 0.069057
5010 0.235387 0.070616 0.070616
5015 0.241217 0.072365 0.072365
5020 0.247585 0.074275 0.074275
5025 0.254380 0.076314 0.076314
5030 0.261483 0.078445 0.078445
5035 0.268765 0.080630 0.080630
5040 0.276093 0.082828 0.082828
5045 0.283331 0.084999 0.084999
5050 0.290343 0.087103 0.087103
5055 0.296997 0.089099 0.089099
5060 0.303168 0.090950 0.090950
5065 0.308739 0.092622 0.092622
5070 0.313606 0.094082 0.094082
5075 0.317678 0.095303 0.095303
5080 0.320882 0.096265 0.096265
5085 0.323162 0.096948 0.096948
5090 0.324480 0.097344 0.097344
5095 0.324822 0.097447 0.097447
5100 0.324192 0.097258 0.097258
5105 0.322616 0.096785 0.096785
5110 0.320139 0.096042 0.096042
5115 0.316829 0.095049 0.095049
5120 0.312769 0.093831 0.093831
5125 0.308062 0.092419 0.092419
5130 0.302826 0.090848 0.090848
5135 0.297188 0.089157 0.089157
5140 0.291291 0.087387 0.087387
5145 0.285280 0.085584 0.085584
5150 0.279309 0.083793 0.083793
5155 0.273531 0.082059 0.082059
5160 0.268097 0.080429 0.080429
5165 0.263156 0.078947 0.078947
5170 0.258847 0.077654 0.077654
5175 0.255300 0.076590 0.076590
5180 0.252631 0.075789 0.075789
5185 0.250943 0.075283 0.075283
5190 0.250318 0.075095 0.075095
5195 0.250823 0.075247 0.075247
5200 0.252502 0.075751 0.075751
5205 0.255379 0.076614 0.076614
5210 0.259457 0.077837 0.077837
5215 0.264716 0.079415 0.079415
5220 0.271117 0.081335 0.081335
5225 0.278601 0.083580 0.083580
5230 0.287087 0.086126 0.086126
5235 0.296480 0.088944 0.088944
5240 0.306669 0.092001 0.092001
5245 0.317531 0.095259 0.095259
5250 0.328931 0.098679 0.098679
5255 0.340730 0.102219 0.102219
5260 0.352780 0.105834 0.105834
5265 0.364936 0.109481 0.109481
5270 0.377052 0.113116 0.113116
5275 0.388988 0.116696 0.116696
5280 0.400611 0.120183 0.120183
5285 0.411798 0.123539 0.123539
5290 0.422440 0.126732 0.126732
5295 0.432440 0.129732 0.129732
5300 0.441722 0.132517 0.132517
5305 0.450224 0.135067 0.135067
5310 0.457907 0.137372 0.137372
5315 0.464749 0.139425 0.139425
5320 0.470750 0.141225 0.141225
5325 0.475931 0.142779 0.142779
5330 0.480329 0.144099 0.144099
5335 0.484004 0.145201 0.145201
5340 0.487029 0.146109 0.146109
5345 0.489495 0.146848 0.146848
5350 0.491504 0.147451 0.147451
5355 0.493170 0.147951 0.147951
5360 0.494615 0.148385 0.148385
5365 0.495966 0.148790 0.148790
5370 0.497350 0.149205 0.149205
5375 0.498897 0.149669 0.149669
5380 0.500731 0.150219 0.150219
5385 0.502970 0.150891 0.150891
5390 0.505723 0.151717 0.151717
5395 0.509085 0.152726 0.152726
5400 0.513139 0.153942 0.153942
5405 0.517952 0.155386 0.155386
5410 0.523571 0.157071 0.157071
5415 0.530026 0.159008 0.159008
5420 0.537324 0.161197 0.161197
5425 0.545456 0.163637 0.163637
5430 0.554388 0.166316 0.166316
5435 0.564069 0.169221 0.169221
5440 0.574427 0.172328 0.172328
5445 0.585374 0.175612 0.175612
5450 0.596803 0.179041 0.179041
5455 0.608595 0.182578 0.182578
5460 0.620618 0.186185 0.186185
5465 0.632732 0.189820 0.189820
5470 0.644789 0.193437 0.193437
5475 0.656639 0.196992 0.196992
5480 0.668129 0.200439 0.200439
5485 0.679110 0.203733 0.203733
5490 0.689440 0.206832 0.206832
5495 0.698983 0.209695 0.209695
5500 0.707615 0.212285 0.212285
5505 0.715226 0.214568 0.214568
5510 0.721722 0.216517 0.216517
5515 0.727027 0.218108 0.218108
5520 0.731083 0.219325 0.219325
5525 0.733855 0.220157 0.220157
5530 0.735327 0.220598 0.220598
5535 0.735506 0.220652 0.220652
5540 0.734421 0.220326 0.220326
5545 0.732120 0.219636 0.219636
5550 0.728673 0.218602 0.218602
5555 0.724167 0.217250 0.217250
5560 0.718707 0.215612 0.215612
5565 0.712411 0.213723 0.213723
5570 0.705412 0.211624 0.211624
5575 0.697849 0.209355 0.209355
5580 0.689870 0.206961 0.206961
5585 0.681627 0.204488 0.204488
5590 0.673270 0.201981 0.201981
5595 0.664950 0.199485 0.199485
5600 0.656811 0.197043 0.197043
5605 0.648987 0.194696 0.194696
5610 0.641604 0.192481 0.192481
5615 0.634773 0.190432 0.190432
5620 0.628591 0.188577 0.188577
5625 0.623135 0.186941 0.186941
5630 0.618465 0.185540 0.185540
5635 0.614622 0.184387 0.184387
5640 0.611625 0.183487 0.183487
5645 0.609472 0.182842 0.182842
5650 0.608143 0.182443 0.182443
5655 0.607596 0.182279 0.182279
5660 0.607771 0.182331 0.182331
5665 0.608593 0.182578 0.182578
5670 0.609969 0.182991 0.182991
5675 0.611795 0.183538 0.183538
5680 0.613955 0.184187 0.184187
5685 0.616328 0.184898 0.184898
5690 0.618784 0.185635 0.185635
5695 0.621193 0.186358 0.186358
5700 0.623428 0.187028 0.187028
5705 0.625363 0.187609 0.187609
5710 0.626879 0.188064 0.188064
5715 0.627869 0.188361 0.188361
5720 0.628235 0.188471 0.188471
5725 0.627896 0.188369 0.188369
5730 0.626786 0.188036 0.188036
5735 0.624856 0.187457 0.187457
5740 0.622077 0.186623 0.186623
5745 0.618441 0.185532 0.185532
5750 0.613959 0.184188 0.184188
5755 0.608662 0.182598 0.182598
5760 0.602600 0.180780 0.180780
5765 0.595844 0.178753 0.178753
5770 0.588481 0.176544 0.176544
5775 0.580613 0.174184 0.174184
5780 0.572357 0.171707 0.171707
5785 0.563840 0.169152 0.169152
5790 0.555200 0.166560 0.166560
5795 0.546577 0.163973 0.163973
5800 0.538116 0.161435 0.161435
5805 0.529964 0.158989 0.158989
5810 0.522260 0.156678 0.156678
5815 0.515142 0.154543 0.154543
5820 0.508735 0.152621 0.152621
5825 0.503154 0.150946 0.150946
5830 0.498501 0.149550 0.149550
5835 0.494858 0.148458 0.148458
5840 0.492294 0.147688 0.147688
5845 0.490854 0.147256 0.147256
5850 0.490565 0.147169 0.147169
5855 0.491431 0.147429 0.147429
5860 0.493437 0.148031 0.148031
5865 0.496543 0.148963 0.148963
5870 0.500693 0.150208 0.150208
5875 0.505807 0.151742 0.151742
5880 0.511790 0.153537 0.153537
5885 0.518531 0.155559 0.155559
5890 0.525904 0.157771 0.157771
5895 0.533772 0.160132 0.160132
5900 0.541989 0.162597 0.162597
5905 0.550405 0.165121 0.165121
5910 0.558864 0.167659 0.167659
5915 0.567214 0.170164 0.170164
5920 0.575305 0.172591 0.172591
5925 0.582991 0.174897 0.174897
5930 0.590140 0.177042 0.177042
5935 0.596628 0.178989 0.178989
5940 0.602348 0.180704 0.180704
5945 0.607206 0.182162 0.182162
5950 0.611129 0.183339 0.183339
5955 0.614063 0.184219 0.184219
5960 0.615973 0.184792 0.184792
5965 0.616848 0.185054 0.185054
5970 0.616694 0.185008 0.185008
5975 0.615541 0.184662 0.184662
5980 0.613436 0.184031 0.184031
5985 0.610449 0.183135 0.183135
5990 0.606662 0.181999 0.181999
5995 0.602176 0.180653 0.180653
6000 0.597103 0.179131 0.179131
6005 0.591566 0.177470 0.177470
6010 0.585695 0.175708 0.175708
6015 0.579626 0.173888 0.173888
6020 0.573496 0.172049 0.172049
6025 0.567441 0.170232 0.170232
6030 0.561592 0.168477 0.168477
6035 0.556073 0.166822 0.166822
6040 0.551001 0.165300 0.165300
6045 0.546477 0.163943 0.163943
6050 0.542590 0.162777 0.162777
6055 0.539411 0.161823 0.161823
6060 0.536993 0.161098 0.161098
6065 0.535373 0.160612 0.160612
6070 0.534564 0.160369 0.160369
6075 0.534561 0.160368 0.160368
6080 0.535339 0.160602 0.160602
6085 0.536855 0.161056 0.161056
6090 0.539043 0.161713 0.161713
6095 0.541825 0.162548 0.162548
6100 0.545105 0.163532 0.163532
6105 0.548775 0.164633 0.164633
6110 0.552715 0.165815 0.165815
6115 0.556798 0.167039 0.167039
6120 0.560891 0.168267 0.168267
6125 0.564859 0.169458 0.169458
6130 0.568567 0.170570 0.170570
6135 0.571884 0.171565 0.171565
6140 0.574686 0.172406 0.172406
6145 0.576858 0.173057 0.173057
6150 0.578296 0.173489 0.173489
6155 0.578912 0.173674 0.173674
6160 0.578633 0.173590 0.173590
6165 0.577406 0.173222 0.173222
6170 0.575194 0.172558 0.172558
6175 0.571984 0.171595 0.171595
6180 0.567782 0.170335 0.170335
6185 0.562616 0.168785 0.168785
6190 0.556535 0.166960 0.166960
6195 0.549606 0.164882 0.164882
6200 0.541917 0.162575 0.162575
6205 0.533573 0.160072 0.160072
6210 0.524691 0.157407 0.157407
6215 0.515406 0.154622 0.154622
6220 0.505859 0.151758 0.151758
6225 0.496201 0.148860 0.148860
6230 0.486586 0.145976 0.145976
6235 0.477172 0.143152 0.143152
6240 0.468112 0.140434 0.140434
6245 0.459559 0.137868 0.137868
6250 0.451654 0.135496 0.135496
6255 0.444531 0.133359 0.133359
6260 0.438310 0.131493 0.131493
6265 0.433095 0.129928 0.129928
6270 0.428973 0.128692 0.128692
6275 0.426014 0.127804 0.127804
6280 0.424266 0.127280 0.127280
6285 0.423757 0.127127 0.127127
6290 0.424492 0.127348 0.127348
6295 0.426456 0.127937 0.127937
6300 0.429613 0.128884 0.128884
6305 0.433906 0.130172 0.130172
6310 0.439261 0.131778 0.131778
6315 0.445584 0.133675 0.133675
6320 0.452769 0.135831 0.135831
6325 0.460695 0.138209 0.138209
6330 0.469233 0.140770 0.140770
6335 0.478244 0.143473 0.143473
6340 0.487587 0.146276 0.146276
6345 0.497118 0.149135 0.149135
6350 0.506696 0.152009 0.152009
6355 0.516183 0.154855 0.154855
6360 0.525449 0.157635 0.157635
6365 0.534376 0.160313 0.160313
6370 0.542856 0.162857 0.162857
6375 0.550796 0.165239 0.165239
6380 0.558122 0.167437 0.167437
6385 0.564777 0.169433 0.169433
6390 0.570721 0.171216 0.171216
6395 0.575937 0.172781 0.172781
6400 0.580427 0.174128 0.174128
6405 0.584213 0.175264 0.175264
6410 0.587335 0.176201 0.176201
6415 0.589855 0.176957 0.176957
6420 0.591848 0.177554 0.177554
6425 0.593405 0.178022 0.178022
6430 0.594632 0.178389 0.178389
6435 0.595642 0.178693 0.178693
6440 0.596559 0.178968 0.178968
6445 0.597509 0.179253 0.179253
6450 0.598624 0.179587 0.179587
6455 0.600031 0.180009 0.180009
6460 0.601856 0.180557 0.180557
6465 0.604216 0.181265 0.181265
6470 0.607219 0.182166 0.182166
6475 0.610963 0.183289 0.183289
6480 0.615529 0.184659 0.184659
6485 0.620983 0.186295 0.186295
6490 0.627372 0.188212 0.188212
6495 0.634724 0.190417 0.190417
6500 0.643047 0.192914 0.192914
6505 0.652328 0.195698 0.195698
6510 0.662533 0.198760 0.198760
6515 0.673609 0.202083 0.202083
6520 0.685483 0.205645 0.205645
6525 0.698063 0.209419 0.209419
6530 0.711242 0.213373 0.213373
6535 0.724898 0.217470 0.217470
6540 0.738897 0.221669 0.221669
6545 0.753095 0.225929 0.225929
6550 0.767342 0.230203 0.230203
6555 0.781485 0.234445 0.234445
6560 0.795368 0.238610 0.238610
6565 0.808839 0.242652 0.242652
6570 0.821752 0.246526 0.246526
6575 0.833968 0.250190 0.250190
6580 0.845360 0.253608 0.253608
6585 0.855814 0.256744 0.256744
6590 0.865233 0.259570 0.259570
6595 0.873535 0.262061 0.262061
6600 0.880661 0.264198 0.264198
6605 0.886569 0.265971 0.265971
6610 0.891242 0.267373 0.267373
6615 0.894682 0.268404 0.268404
6620 0.896912 0.269074 0.269074
6625 0.897978 0.269394 0.269394
6630 0.897946 0.269384 0.269384
6635 0.896898 0.269069 0.269069
6640 0.894934 0.268480 0.268480
6645 0.892170 0.267651 0.267651
6650 0.888732 0.266620 0.266620
6655 0.884758 0.265427 0.265427
6660 0.880389 0.264117 0.264117
6665 0.875774 0.262732 0.262732
6670 0.871061 0.261318 0.261318
6675 0.866393 0.259918 0.259918
6680 0.861912 0.258574 0.258574
6685 0.857749 0.257325 0.257325
6690 0.854025 0.256208 0.256208
6695 0.850848 0.255254 0.255254
6700 0.848310 0.254493 0.254493
6705 0.846485 0.253945 0.253945
6710 0.845430 0.253629 0.253629
6715 0.845181 0.253554 0.253554
6720 0.845754 0.253726 0.253726
6725 0.847146 0.254144 0.254144
6730 0.849331 0.254799 0.254799
6735 0.852265 0.255680 0.255680
6740 0.855886 0.256766 0.256766
6745 0.860115 0.258034 0.258034
6750 0.864856 0.259457 0.259457
6755 0.870003 0.261001 0.261001
6760 0.875437 0.262631 0.262631
6765 0.881034 0.264310 0.264310
6770 0.886664 0.265999 0.265999
6775 0.892194 0.267658 0.267658
6780 0.897493 0.269248 0.269248
6785 0.902435 0.270730 0.270730
6790 0.906899 0.272070 0.272070
6795 0.910775 0.273233 0.273233
6800 0.913965 0.274190 0.274190
6805 0.916386 0.274916 0.274916
6810 0.917970 0.275391 0.275391
6815 0.918667 0.275600 0.275600
6820 0.918448 0.275534 0.275534
6825 0.917302 0.275191 0.275191
6830 0.915240 0.274572 0.274572
6835 0.912291 0.273687 0.273687
6840 0.908507 0.272552 0.272552
6845 0.903956 0.271187 0.271187
6850 0.898724 0.269617 0.269617
6855 0.892914 0.267874 0.267874
6860 0.886641 0.265992 0.265992
6865 0.880033 0.264010 0.264010
6870 0.873226 0.261968 0.261968
6875 0.866361 0.259908 0.259908
6880 0.859583 0.257875 0.257875
6885 0.853036 0.255911 0.255911
6890 0.846862 0.254059 0.254059
6895 0.841197 0.252359 0.252359
6900 0.836166 0.250850 0.250850
6905 0.831884 0.249565 0.249565
6910 0.828452 0.248536 0.248536
6915 0.825954 0.247786 0.247786
6920 0.824456 0.247337 0.247337
6925 0.824005 0.247201 0.247201
6930 0.824627 0.247388 0.247388
6935 0.826325 0.247898 0.247898
6940 0.829085 0.248725 0.248725
6945 0.832866 0.249860 0.249860
6950 0.837611 0.251283 0.251283
6955 0.843242 0.252973 0.252973
6960 0.849662 0.254898 0.254898
6965 0.856758 0.257028 0.257028
6970 0.864406 0.259322 0.259322
6975 0.872467 0.261740 0.261740
6980 0.880796 0.264239 0.264239
6985 0.889240 0.266772 0.266772
6990 0.897644 0.269293 0.269293
6995 0.905854 0.271756 0.271756
7000 0.913719 0.274116 0.274116
7005 0.921095 0.276328 0.276328
7010 0.927845 0.278354 0.278354
7015 0.933847 0.280154 0.280154
7020 0.938989 0.281697 0.281697
7025 0.943180 0.282954 0.282954
7030 0.946344 0.283903 0.283903
7035 0.948425 0.284528 0.284528
7040 0.949388 0.284817 0.284817
7045 0.949219 0.284766 0.284766
7050 0.947923 0.284377 0.284377
7055 0.945529 0.283659 0.283659
7060 0.942082 0.282625 0.282625
7065 0.937648 0.281295 0.281295
7070 0.932311 0.279693 0.279693
7075 0.926168 0.277850 0.277850
7080 0.919330 0.275799 0.275799
7085 0.911917 0.273575 0.273575
7090 0.904058 0.271217 0.271217
7095 0.895886 0.268766 0.268766
7100 0.887537 0.266261 0.266261
7105 0.879145 0.263743 0.263743
7110 0.870839 0.261252 0.261252
7115 0.862741 0.258822 0.258822
7120 0.854964 0.256489 0.256489
7125 0.847610 0.254283 0.254283
7130 0.840763 0.252229 0.252229
7135 0.834494 0.250348 0.250348
7140 0.828855 0.248657 0.248657
7145 0.823879 0.247164 0.247164
7150 0.819577 0.245873 0.245873
7155 0.815945 0.244783 0.244783
7160 0.812953 0.243886 0.243886
7165 0.810557 0.243167 0.243167
7170 0.808691 0.242607 0.242607
7175 0.807275 0.242182 0.242182
7180 0.806210 0.241863 0.241863
7185 0.805387 0.241616 0.241616
7190 0.804686 0.241406 0.241406
7195 0.803978 0.241193 0.241193
7200 0.803129 0.240939 0.240939
7205 0.802003 0.240601 0.240601
7210 0.800464 0.240139 0.240139
7215 0.798382 0.239515 0.239515
7220 0.795630 0.238689 0.238689
7225 0.792094 0.237628 0.237628
7230 0.787670 0.236301 0.236301
7235 0.782270 0.234681 0.234681
7240 0.775819 0.232746 0.232746
7245 0.768266 0.230480 0.230480
7250 0.759574 0.227872 0.227872
7255 0.749731 0.224919 0.224919
7260 0.738744 0.221623 0.221623
7265 0.726641 0.217992 0.217992
7270 0.713472 0.214042 0.214042
7275 0.699306 0.209792 0.209792
7280 0.684232 0.205270 0.205270
7285 0.668356 0.200507 0.200507
7290 0.651799 0.195540 0.195540
7295 0.634695 0.190409 0.190409
7300 0.617189 0.185157 0.185157
7305 0.599435 0.179830 0.179830
7310 0.581588 0.174476 0.174476
7315 0.563809 0.169143 0.169143
7320 0.546255 0.163876 0.163876
7325 0.529079 0.158724 0.158724
7330 0.512430 0.153729 0.153729
7335 0.496441 0.148932 0.148932
7340 0.481238 0.144371 0.144371
7345 0.466927 0.140078 0.140078
7350 0.453602 0.136081 0.136081
7355 0.441334 0.132400 0.132400
7360 0.430176 0.129053 0.129053
7365 0.420159 0.126048 0.126048
7370 0.411295 0.123389 0.123389
7375 0.403573 0.121072 0.121072
7380 0.396960 0.119088 0.119088
7385 0.391405 0.117422 0.117422
7390 0.386839 0.116052 0.116052
7395 0.383173 0.114952 0.114952
7400 0.380305 0.114091 0.114091
7405 0.378120 0.113436 0.113436
7410 0.376494 0.112948 0.112948
7415 0.375294 0.112588 0.112588
7420 0.374384 0.112315 0.112315
7425 0.373625 0.112087 0.112087
7430 0.372881 0.111864 0.111864
7435 0.372020 0.111606 0.111606
7440 0.370919 0.111276 0.111276
7445 0.369463 0.110839 0.110839
7450 0.367550 0.110265 0.110265
7455 0.365095 0.109529 0.109529
7460 0.362027 0.108608 0.108608
7465 0.358294 0.107488 0.107488
7470 0.353864 0.106159 0.106159
7475 0.348724 0.104617 0.104617
7480 0.342881 0.102864 0.102864
7485 0.336362 0.100909 0.100909
7490 0.329215 0.098764 0.098764
7495 0.321504 0.096451 0.096451
7500 0.313310 0.093993 0.093993
7505 0.304730 0.091419 0.091419
7510 0.295874 0.088762 0.088762
7515 0.286860 0.086058 0.086058
7520 0.277817 0.083345 0.083345
7525 0.268877 0.080663 0.080663
7530 0.260174 0.078052 0.078052
7535 0.251841 0.075552 0.075552
7540 0.244007 0.073202 0.073202
7545 0.236795 0.071039 0.071039
7550 0.230317 0.069095 0.069095
7555 0.224673 0.067402 0.067402
7560 0.219949 0.065985 0.065985
7565 0.216214 0.064864 0.064864
7570 0.213519 0.064056 0.064056
7575 0.211896 0.063569 0.063569
7580 0.211355 0.063407 0.063407
7585 0.211887 0.063566 0.063566
7590 0.213461 0.064038 0.064038
7595 0.216026 0.064808 0.064808
7600 0.219511 0.065853 0.065853
7605 0.223829 0.067149 0.067149
7610 0.228873 0.068662 0.068662
7615 0.234523 0.070357 0.070357
7620 0.240649 0.072195 0.072195
7625 0.247107 0.074132 0.074132
7630 0.253751 0.076125 0.076125
7635 0.260427 0.078128 0.078128
7640 0.266982 0.080095 0.080095
7645 0.273266 0.081980 0.081980
7650 0.279134 0.083740 0.083740
7655 0.284447 0.085334 0.085334
7660 0.289079 0.086724 0.086724
7665 0.292918 0.087875 0.087875
7670 0.295867 0.088760 0.088760
7675 0.297845 0.089354 0.089354
7680 0.298794 0.089638 0.089638
7685 0.298673 0.089602 0.089602
7690 0.297463 0.089239 0.089239
7695 0.295169 0.088551 0.088551
7700 0.291813 0.087544 0.087544
7705 0.287442 0.086233 0.086233
7710 0.282121 0.084636 0.084636
7715 0.275933 0.082780 0.082780
7720 0.268979 0.080694 0.080694
7725 0.261373 0.078412 0.078412
7730 0.253242 0.075973 0.075973
7735 0.244724 0.073417 0.073417
7740 0.235960 0.070788 0.070788
7745 0.227099 0.068130 0.068130
7750 0.218287 0.065486 0.065486
7755 0.209671 0.062901 0.062901
7760 0.201389 0.060417 0.060417
7765 0.193574 0.058072 0.058072
7770 0.186346 0.055904 0.055904
7775 0.179813 0.053944 0.053944
7780 0.174068 0.052220 0.052220
7785 0.169184 0.050755 0.050755
7790 0.165218 0.049565 0.049565
7795 0.162207 0.048662 0.048662
7800 0.160166 0.048050 0.048050
7805 0.159093 0.047728 0.047728
7810 0.158961 0.047688 0.047688
7815 0.159728 0.047918 0.047918
7820 0.161330 0.048399 0.048399
7825 0.163690 0.049107 0.049107
7830 0.166712 0.050014 0.050014
7835 0.170291 0.051087 0.051087
7840 0.174307 0.052292 0.052292
7845 0.178638 0.053591 0.053591
7850 0.183153 0.054946 0.054946
7855 0.187721 0.056316 0.056316
7860 0.192211 0.057663 0.057663
7865 0.196498 0.058949 0.058949
7870 0.200462 0.060139 0.060139
7875 0.203993 0.061198 0.061198
7880 0.206995 0.062099 0.062099
7885 0.209385 0.062815 0.062815
7890 0.211096 0.063329 0.063329
7895 0.212080 0.063624 0.063624
7900 0.212307 0.063692 0.063692
7905 0.211770 0.063531 0.063531
7910 0.210478 0.063143 0.063143
7915 0.208464 0.062539 0.062539
7920 0.205778 0.061733 0.061733
7925 0.202491 0.060747 0.060747
7930 0.198691 0.059607 0.059607
7935 0.194480 0.058344 0.058344
7940 0.189975 0.056993 0.056993
7945 0.185306 0.055592 0.055592
7950 0.180608 0.054183 0.054183
7955 0.176025 0.052808 0.052808
7960 0.171702 0.051511 0.051511
7965 0.167785 0.050336 0.050336
7970 0.164417 0.049325 0.049325
7975 0.161732 0.048520 0.048520
7980 0.159859 0.047958 0.047958
7985 0.158913 0.047674 0.047674
7990 0.158995 0.047699 0.047699
7995 0.160190 0.048057 0.048057
8000 0.162565 0.048770 0.048770
8005 0.166167 0.049850 0.049850
8010 0.171022 0.051307 0.051307
8015 0.177135 0.053140 0.053140
8020 0.184488 0.055347 0.055347
8025 0.193045 0.057914 0.057914
8030 0.202746 0.060824 0.060824
8035 0.213513 0.064054 0.064054
8040 0.225250 0.067575 0.067575
8045 0.237843 0.071353 0.071353
8050 0.251165 0.075350 0.075350
8055 0.265080 0.079524 0.079524
8060 0.279439 0.083832 0.083832
8065 0.294089 0.088227 0.088227
8070 0.308874 0.092662 0.092662
8075 0.323640 0.097092 0.097092
8080 0.338232 0.101470 0.101470
8085 0.352504 0.105751 0.105751
8090 0.366320 0.109896 0.109896
8095 0.379553 0.113866 0.113866
8100 0.392091 0.117627 0.117627
8105 0.403839 0.121152 0.121152
8110 0.414720 0.124416 0.124416
8115 0.424674 0.127402 0.127402
8120 0.433663 0.130099 0.130099
8125 0.441670 0.132501 0.132501
8130 0.448698 0.134609 0.134609
8135 0.454770 0.136431 0.136431
8140 0.459931 0.137979 0.137979
8145 0.464242 0.139273 0.139273
8150 0.467781 0.140334 0.140334
8155 0.470643 0.141193 0.141193
8160 0.472934 0.141880 0.141880
8165 0.474771 0.142431 0.142431
8170 0.476277 0.142883 0.142883
8175 0.477582 0.143275 0.143275
8180 0.478816 0.143645 0.143645
8185 0.480108 0.144032 0.144032
8190 0.481582 0.144475 0.144475
8195 0.483357 0.145007 0.145007
8200 0.485539 0.145662 0.145662
8205 0.488225 0.146467 0.146467
8210 0.491494 0.147448 0.147448
8215 0.495411 0.148623 0.148623
8220 0.500023 0.150007 0.150007
8225 0.505357 0.151607 0.151607
8230 0.511420 0.153426 0.153426
8235 0.518200 0.155460 0.155460
8240 0.525663 0.157699 0.157699
8245 0.533759 0.160128 0.160128
8250 0.542415 0.162725 0.162725
8255 0.551546 0.165464 0.165464
8260 0.561048 0.168315 0.168315
8265 0.570807 0.171242 0.171242
8270 0.580695 0.174208 0.174208
8275 0.590578 0.177173 0.177173
8280 0.600317 0.180095 0.180095
8285 0.609769 0.182931 0.182931
8290 0.618795 0.185639 0.185639
8295 0.627257 0.188177 0.188177
8300 0.635024 0.190507 0.190507
8305 0.641976 0.192593 0.192593
8310 0.648003 0.194401 0.194401
8315 0.653012 0.195904 0.195904
8320 0.656925 0.197077 0.197077
8325 0.659682 0.197905 0.197905
8330 0.661246 0.198374 0.198374
8335 0.661596 0.198479 0.198479
8340 0.660736 0.198221 0.198221
8345 0.658690 0.197607 0.197607
8350 0.655502 0.196651 0.196651
8355 0.651238 0.195371 0.195371
8360 0.645983 0.193795 0.193795
8365 0.639838 0.191951 0.191951
8370 0.632921 0.189876 0.189876
8375 0.625362 0.187609 0.187609
8380 0.617302 0.185191 0.185191
8385 0.608892 0.182668 0.182668
8390 0.600284 0.180085 0.180085
8395 0.591636 0.177491 0.177491
8400 0.583102 0.174931 0.174931
8405 0.574833 0.172450 0.172450
8410 0.566972 0.170092 0.170092
8415 0.559655 0.167896 0.167896
8420 0.553001 0.165900 0.165900
8425 0.547118 0.164135 0.164135
8430 0.542094 0.162628 0.162628
8435 0.538002 0.161400 0.161400
8440 0.534891 0.160467 0.160467
8445 0.532792 0.159838 0.159838
8450 0.531714 0.159514 0.159514
8455 0.531646 0.159494 0.159494
8460 0.532555 0.159767 0.159767
8465 0.534389 0.160317 0.160317
8470 0.537075 0.161123 0.161123
8475 0.540527 0.162158 0.162158
8480 0.544642 0.163393 0.163393
8485 0.549305 0.164791 0.164791
8490 0.554390 0.166317 0.166317
8495 0.559765 0.167930 0.167930
8500 0.565294 0.169588 0.169588
8505 0.570839 0.171252 0.171252
8510 0.576263 0.172879 0.172879
8515 0.581436 0.174431 0.174431
8520 0.586233 0.175870 0.175870
8525 0.590541 0.177162 0.177162
8530 0.594259 0.178278 0.178278
8535 0.597301 0.179190 0.179190
8540 0.599598 0.179879 0.179879
8545 0.601099 0.180330 0.180330
8550 0.601771 0.180531 0.180531
8555 0.601604 0.180481 0.180481
8560 0.600605 0.180181 0.180181
8565 0.598802 0.179641 0.179641
8570 0.596243 0.178873 0.178873
8575 0.592994 0.177898 0.177898
8580 0.589137 0.176741 0.176741
8585 0.584769 0.175431 0.175431
8590 0.580001 0.174000 0.174000
8595 0.574954 0.172486 0.172486
8600 0.569755 0.170926 0.170926
8605 0.564538 0.169361 0.169361
8610 0.559437 0.167831 0.167831
8615 0.554588 0.166376 0.166376
8620 0.550119 0.165036 0.165036
8625 0.546154 0.163846 0.163846
8630 0.542806 0.162842 0.162842
8635 0.540175 0.162053 0.162053
8640 0.538349 0.161505 0.161505
8645 0.537397 0.161219 0.161219
8650 0.537369 0.161211 0.161211
8655 0.538299 0.161490 0.161490
8660 0.540197 0.162059 0.162059
8665 0.543055 0.162916 0.162916
8670 0.546840 0.164052 0.164052
8675 0.551504 0.165451 0.165451
8680 0.556975 0.167093 0.167093
8685 0.563166 0.168950 0.168950
8690 0.569969 0.170991 0.170991
8695 0.577267 0.173180 0.173180
8700 0.584926 0.175478 0.175478
8705 0.592806 0.177842 0.177842
8710 0.600757 0.180227 0.180227
8715 0.608627 0.182588 0.182588
8720 0.616263 0.184879 0.184879
8725 0.623513 0.187054 0.187054
8730 0.630232 0.189070 0.189070
8735 0.636282 0.190885 0.190885
8740 0.641536 0.192461 0.192461
8745 0.645882 0.193765 0.193765
8750 0.649221 0.194766 0.194766
8755 0.651473 0.195442 0.195442
8760 0.652579 0.195774 0.195774
8765 0.652497 0.195749 0.195749
8770 0.651210 0.195363 0.195363
8775 0.648719 0.194616 0.194616
8780 0.645048 0.193514 0.193514
8785 0.640243 0.192073 0.192073
8790 0.634368 0.190310 0.190310
8795 0.627506 0.188252 0.188252
8800 0.619758 0.185927 0.185927
8805 0.611238 0.183371 0.183371
8810 0.602072 0.180622 0.180622
8815 0.592398 0.177719 0.177719
8820 0.582358 0.174707 0.174707
8825 0.572099 0.171630 0.171630
8830 0.561769 0.168531 0.168531
8835 0.551513 0.165454 0.165454
8840 0.541471 0.162441 0.162441
8845 0.531776 0.159533 0.159533
8850 0.522548 0.156764 0.156764
8855 0.513896 0.154169 0.154169
8860 0.505912 0.151774 0.151774
8865 0.498672 0.149602 0.149602
8870 0.492233 0.147670 0.147670
8875 0.486632 0.145990 0.145990
8880 0.481887 0.144566 0.144566
8885 0.477994 0.143398 0.143398
8890 0.474931 0.142479 0.142479
8895 0.472655 0.141797 0.141797
8900 0.471106 0.141332 0.141332
8905 0.470206 0.141062 0.141062
8910 0.469862 0.140959 0.140959
8915 0.469971 0.140991 0.140991
8920 0.470417 0.141125 0.141125
8925 0.471077 0.141323 0.141323
8930 0.471825 0.141547 0.141547
8935 0.472531 0.141759 0.141759
8940 0.473068 0.141920 0.141920
8945 0.473313 0.141994 0.141994
8950 0.473149 0.141945 0.141945
8955 0.472470 0.141741 0.141741
8960 0.471183 0.141355 0.141355
8965 0.469207 0.140762 0.140762
8970 0.466480 0.139944 0.139944
8975 0.462958 0.138887 0.138887
8980 0.458615 0.137584 0.137584
8985 0.453445 0.136034 0.136034
8990 0.447465 0.134240 0.134240
8995 0.440709 0.132213 0.132213
9000 0.433234 0.129970 0.129970
9005 0.425113 0.127534 0.127534
9010 0.416438 0.124931 0.124931
9015 0.407318 0.122195 0.122195
9020 0.397873 0.119362 0.119362
9025 0.388237 0.116471 0.116471
9030 0.378552 0.113566 0.113566
9035 0.368964 0.110689 0.110689
9040 0.359625 0.107887 0.107887
9045 0.350684 0.105205 0.105205
9050 0.342289 0.102687 0.102687
9055 0.334581 0.100374 0.100374
9060 0.327692 0.098308 0.098308
9065 0.321743 0.096523 0.096523
9070 0.316838 0.095052 0.095052
9075 0.313069 0.093921 0.093921
9080 0.310507 0.093152 0.093152
9085 0.309203 0.092761 0.092761
9090 0.309189 0.092757 0.092757
9095 0.310474 0.093142 0.093142
9100 0.313046 0.093914 0.093914
9105 0.316872 0.095062 0.095062
9110 0.321897 0.096569 0.096569
9115 0.328048 0.098414 0.098414
9120 0.335232 0.100570 0.100570
9125 0.343341 0.103002 0.103002
9130 0.352252 0.105676 0.105676
9135 0.361831 0.108549 0.108549
9140 0.371935 0.111581 0.111581
9145 0.382415 0.114724 0.114724
9150 0.393118 0.117935 0.117935
9155 0.403893 0.121168 0.121168
9160 0.414589 0.124377 0.124377
9165 0.425064 0.127519 0.127519
9170 0.435183 0.130555 0.130555
9175 0.444824 0.133447 0.133447
9180 0.453878 0.136163 0.136163
9185 0.462252 0.138675 0.138675
9190 0.469869 0.140961 0.140961
9195 0.476675 0.143003 0.143003
9200 0.482634 0.144790 0.144790
9205 0.487728 0.146318 0.146318
9210 0.491964 0.147589 0.147589
9215 0.495367 0.148610 0.148610
9220 0.497981 0.149394 0.149394
9225 0.499870 0.149961 0.149961
9230 0.501114 0.150334 0.150334
9235 0.501807 0.150542 0.150542
9240 0.502056 0.150617 0.150617
9245 0.501979 0.150594 0.150594
9250 0.501700 0.150510 0.150510
9255 0.501348 0.150405 0.150405
9260 0.501054 0.150316 0.150316
9265 0.500946 0.150284 0.150284
9270 0.501148 0.150344 0.150344
9275 0.501778 0.150533 0.150533
9280 0.502942 0.150883 0.150883
9285 0.504736 0.151421 0.151421
9290 0.507239 0.152172 0.152172
9295 0.510514 0.153154 0.153154
9300 0.514607 0.154382 0.154382
9305 0.519542 0.155863 0.155863
9310 0.525327 0.157598 0.157598
9315 0.531948 0.159584 0.159584
9320 0.539368 0.161811 0.161811
9325 0.547536 0.164261 0.164261
9330 0.556378 0.166913 0.166913
9335 0.565805 0.169742 0.169742
9340 0.575713 0.172714 0.172714
9345 0.585983 0.175795 0.175795
9350 0.596488 0.178946 0.178946
9355 0.607090 0.182127 0.182127
9360 0.617648 0.185294 0.185294
9365 0.628017 0.188405 0.188405
9370 0.638055 0.191416 0.191416
9375 0.647621 0.194286 0.194286
9380 0.656582 0.196975 0.196975
9385 0.664816 0.199445 0.199445
9390 0.672210 0.201663 0.201663
9395 0.678668 0.203601 0.203601
9400 0.684111 0.205233 0.205233
9405 0.688476 0.206543 0.206543
9410 0.691721 0.207516 0.207516
9415 0.693826 0.208148 0.208148
9420 0.694791 0.208437 0.208437
9425 0.694636 0.208391 0.208391
9430 0.693406 0.208022 0.208022
9435 0.691162 0.207349 0.207349
9440 0.687988 0.206396 0.206396
9445 0.683981 0.205194 0.205194
9450 0.679259 0.203778 0.203778
9455 0.673949 0.202185 0.202185
9460 0.668190 0.200457 0.200457
9465 0.662130 0.198639 0.198639
9470 0.655921 0.196776 0.196776
9475 0.649717 0.194915 0.194915
9480 0.643671 0.193101 0.193101
9485 0.637933 0.191380 0.191380
9490 0.632645 0.189794 0.189794
9495 0.627939 0.188382 0.188382
9500 0.623934 0.187180 0.187180
9505 0.620736 0.186221 0.186221
9510 0.618433 0.185530 0.185530
9515 0.617095 0.185128 0.185128
9520 0.616771 0.185031 0.185031
9525 0.617491 0.185247 0.185247
9530 0.619262 0.185779 0.185779
9535 0.622073 0.186622 0.186622
9540 0.625889 0.187767 0.187767
9545 0.630657 0.189197 0.189197
9550 0.636306 0.190892 0.190892
9555 0.642747 0.192824 0.192824
9560 0.649876 0.194963 0.194963
9565 0.657578 0.197273 0.197273
9570 0.665727 0.199718 0.199718
9575 0.674191 0.202257 0.202257
9580 0.682831 0.204849 0.204849
9585 0.691511 0.207453 0.207453
9590 0.700093 0.210028 0.210028
9595 0.708445 0.212534 0.212534
9600 0.716444 0.214933 0.214933
9605 0.723976 0.217193 0.217193
9610 0.730939 0.219282 0.219282
9615 0.737247 0.221174 0.221174
9620 0.742831 0.222849 0.222849
9625 0.747638 0.224291 0.224291
9630 0.751637 0.225491 0.225491
9635 0.754816 0.226445 0.226445
9640 0.757182 0.227154 0.227154
9645 0.758762 0.227629 0.227629
9650 0.759605 0.227881 0.227881
9655 0.759774 0.227932 0.227932
9660 0.759352 0.227806 0.227806
9665 0.758436 0.227531 0.227531
9670 0.757135 0.227141 0.227141
9675 0.755569 0.226671 0.226671
9680 0.753865 0.226160 0.226160
9685 0.752156 0.225647 0.225647
9690 0.750575 0.225172 0.225172
9695 0.749255 0.224777 0.224777
9700 0.748326 0.224498 0.224498
9705 0.747908 0.224372 0.224372
9710 0.748114 0.224434 0.224434
9715 0.749042 0.224713 0.224713
9720 0.750779 0.225234 0.225234
9725 0.753390 0.226017 0.226017
9730 0.756928 0.227078 0.227078
9735 0.761420 0.228426 0.228426
9740 0.766877 0.230063 0.230063
9745 0.773286 0.231986 0.231986
9750 0.780616 0.234185 0.234185
9755 0.788814 0.236644 0.236644
9760 0.797805 0.239342 0.239342
9765 0.807501 0.242250 0.242250
9770 0.817791 0.245337 0.245337
9775 0.828554 0.248566 0.248566
9780 0.839655 0.251897 0.251897
9785 0.850950 0.255285 0.255285
9790 0.862286 0.258686 0.258686
9795 0.873508 0.262052 0.262052
9800 0.884459 0.265338 0.265338
9805 0.894986 0.268496 0.268496
9810 0.904938 0.271481 0.271481
9815 0.914175 0.274252 0.274252
9820 0.922566 0.276770 0.276770
9825 0.929995 0.278998 0.278998
9830 0.936360 0.280908 0.280908
9835 0.941578 0.282473 0.282473
9840 0.945584 0.283675 0.283675
9845 0.948335 0.284500 0.284500
9850 0.949807 0.284942 0.284942
9855 0.950000 0.285000 0.285000
9860 0.948934 0.284680 0.284680
9865 0.946649 0.283995 0.283995
9870 0.943207 0.282962 0.282962
9875 0.938686 0.281606 0.281606
9880 0.933184 0.279955 0.279955
9885 0.926811 0.278043 0.278043
9890 0.919689 0.275907 0.275907
9895 0.911952 0.273586 0.273586
9900 0.903739 0.271122 0.271122
9905 0.895193 0.268558 0.268558
9910 0.886458 0.265937 0.265937
9915 0.877677 0.263303 0.263303
9920 0.868985 0.260695 0.260695
9925 0.860512 0.258154 0.258154
9930 0.852375 0.255712 0.255712
9935 0.844679 0.253404 0.253404
9940 0.837515 0.251254 0.251254
9945 0.830954 0.249286 0.249286
9950 0.825051 0.247515 0.247515
9955 0.819840 0.245952 0.245952
9960 0.815338 0.244601 0.244601
9965 0.811537 0.243461 0.243461
9970 0.808413 0.242524 0.242524
9975 0.805921 0.241776 0.241776
9980 0.803999 0.241200 0.241200
9985 0.802567 0.240770 0.240770
9990 0.801532 0.240460 0.240460
9995 0.800787 0.240236 0.240236
10000 0.800217 0.240065 0.240065
10005 0.799696 0.239909 0.239909
10010 0.799099 0.239730 0.239730
10015 0.798294 0.239488 0.239488
10020 0.797154 0.239146 0.239146
10025 0.795556 0.238667 0.238667
10030 0.793382 0.238015 0.238015
10035 0.790527 0.237158 0.237158
10040 0.786897 0.236069 0.236069
10045 0.782413 0.234724 0.234724
10050 0.777012 0.233104 0.233104
10055 0.770652 0.231196 0.231196
10060 0.763307 0.228992 0.228992
10065 0.754973 0.226492 0.226492
10070 0.745668 0.223700 0.223700
10075 0.735428 0.220628 0.220628
